NOT ORIGINAL IUE PROJECT DATA PRODUCT
LWP2123LOWLARGE
HD  197481
20:42:05
-31:31:18
48
NO-TRAIL
NO
1199.595
24/10/83
04:02:49
297
9.80
11/06/96
GSFC
2445631.66862
81
44
1851.18  2.68e-13  2.45e-13   285    40     0
1853.84  1.08e-13  2.23e-13   285    17     0
1856.51 -8.81e-14  1.38e-13   286   -22     0
1859.17 -8.10e-14  1.28e-13   286   -22     0
1861.83  1.47e-13  1.98e-13   286    26     0
1864.49  2.16e-13  1.81e-13   286    42     0
1867.16  2.99e-14  2.27e-13   287     4     0
1869.82  2.63e-14  2.12e-13   287     4     0
1872.48  1.23e-14  1.87e-13   287     2     0
1875.15 -1.05e-13  1.63e-13   287   -21     0
1877.81 -8.74e-14  1.53e-13   288   -19     0
1880.47 -5.30e-14  1.66e-13   288   -10     0
1883.13  6.11e-14  1.60e-13   288    12     0
1885.80  1.04e-13  1.19e-13   288    30     0
1888.46  1.02e-13  1.13e-13   288    30     0
1891.12 -1.72e-13  1.78e-13   289   -40     0
1893.78 -2.21e-13  1.34e-13   289   -54     0
1896.45 -1.54e-14  1.20e-13   289    -4     0
1899.11  1.14e-13  1.48e-13   289    31     0
1901.77  6.25e-14  9.28e-14   289    22     0
1904.43  5.98e-14  8.86e-14   290    21     0
1907.10 -9.93e-14  8.34e-14   290   -37     0
1909.76 -7.73e-14  8.07e-14   290   -29     0
1912.42 -2.67e-14  8.38e-14   290    -9     0
1915.09  9.13e-14  8.38e-14   290    35     0
1917.75  1.87e-15  7.57e-14   290     0     0
1920.41  3.28e-14  6.97e-14   290    14     0
1923.07 -7.25e-14  6.60e-14   291   -32     0
1925.74  7.10e-14  6.38e-14   291    35     0
1928.40 -8.77e-14  5.78e-14   291   -44     0
1931.06 -1.64e-14  6.99e-14   291    -6     0
1933.72  1.87e-14  6.85e-14   291     8     0
1936.39  1.66e-14  6.15e-14   291     7     0
1939.05 -6.56e-14  5.85e-14   291   -32     0
1941.71 -5.65e-14  5.92e-14   292   -27     0
1944.37 -2.08e-15  5.73e-14   292    -1     0
1947.04  5.65e-14  5.28e-14   292    31     0
1949.70 -6.42e-14  4.81e-14   292   -37     0
1952.36 -1.35e-14  5.36e-14   292    -6     0
1955.03 -7.35e-15  4.35e-14   292    -4     0
1957.69  1.40e-13  4.98e-14   292    91     0
1960.35  1.21e-14  3.92e-14   292     8     0
1963.01 -3.19e-14  3.93e-14   292   -22     0
1965.68 -3.22e-14  3.96e-14   292   -21     0
1968.34  1.52e-14  3.89e-14   293    10     0
1971.00 -4.59e-14  3.71e-14   293   -32     0
1973.66 -3.02e-15  3.60e-14   293    -2     0
1976.33  4.87e-14  3.98e-14   293    34     0
1978.99  5.97e-14  3.94e-14   293    42     0
1981.65 -5.04e-14  3.17e-14   293   -40     0
1984.31 -2.31e-14  3.08e-14   293   -19     0
1986.98 -1.85e-14  2.90e-14   293   -16     0
1989.64  3.24e-14  3.03e-14   293    28     0
1992.30 -3.00e-14  2.91e-14   293   -25     0
1994.97  4.90e-14  3.15e-14   294    42     0
1997.63 -2.61e-14  2.73e-14   294   -23     0
2000.29  4.10e-14  3.27e-14   294    33     0
2002.95  9.01e-15  2.98e-14   294     7     0
2005.62 -1.14e-14  2.67e-14   294   -10     0
2008.28  2.65e-14  2.76e-14   294    24     0
2010.94 -7.93e-15  2.56e-14   294    -7     0
2013.60  3.39e-14  2.75e-14   294    31     0
2016.27 -4.43e-15  2.86e-14   294    -3     0
2018.93  1.52e-15  2.81e-14   294     1     0
2021.59 -9.70e-15  2.48e-14   294    -9     0
2024.25  3.48e-14  4.48e-14   295    32     0
2026.92  4.27e-15  2.41e-14   295     4     0
2029.58 -5.94e-15  2.39e-14   295    -5     0
2032.24  2.69e-15  2.30e-14   295     2     0
2034.91 -1.18e-14  2.27e-14   295   -11     0
2037.57 -2.81e-14  2.37e-14   295   -26     0
2040.23 -3.61e-15  2.24e-14   295    -3     0
2042.89 -2.49e-14  2.22e-14   295   -24     0
2045.56 -1.81e-15  2.38e-14   295    -1     0
2048.22  2.77e-14  3.67e-14   295    25     0
2050.88 -7.73e-15  2.17e-14   295    -7     0
2053.54  1.91e-14  2.41e-14   296    18     0
2056.21  7.73e-15  2.26e-14   296     7     0
2058.87  9.75e-15  2.47e-14   296     9     0
2061.53  1.68e-14  2.24e-14   296    16     0
2064.19  1.92e-14  2.23e-14   296    18     0
2066.86  4.99e-15  2.07e-14   296     4     0
2069.52 -2.98e-14  2.04e-14   296   -30     0
2072.18  3.24e-15  1.93e-14   296     3     0
2074.85 -7.91e-15  1.90e-14   296    -8     0
2077.51 -2.72e-14  1.96e-14   296   -27     0
2080.17 -2.36e-14  2.02e-14   297   -23     0
2082.83  1.48e-14  2.05e-14   297    14     0
2085.50  3.27e-14  2.14e-14   297    32     0
2088.16  3.49e-14  3.13e-14   297    35     0
2090.82 -1.75e-14  1.90e-14   297   -17     0
2093.48 -7.80e-15  1.95e-14   297    -7     0
2096.15 -5.67e-16  2.03e-14   297     0     0
2098.81  3.20e-14  3.09e-14   297    30     0
2101.47  1.84e-14  1.79e-14   298    21     0
2104.13 -2.58e-14  1.64e-14   298   -29     0
2106.80 -1.87e-15  1.94e-14   298    -1     0
2109.46  7.47e-15  1.97e-14   298     7     0
2112.12 -1.93e-14  1.86e-14   298   -19     0
2114.79 -1.06e-14  3.47e-14   298   -10     0
2117.45 -1.37e-14  1.73e-14   298   -14     0
2120.11  1.31e-14  1.91e-14   298    12     0
2122.77  3.99e-14  2.13e-14   298    38     0
2125.44 -3.56e-14  1.81e-14   299   -35     0
2128.10  2.00e-14  1.89e-14   299    19     0
2130.76  1.56e-14  1.99e-14   299    14     0
2133.42 -1.41e-14  1.90e-14   299   -13     0
2136.09 -1.57e-14  1.67e-14   299   -16     0
2138.75  6.99e-15  1.69e-14   299     7     0
2141.41 -5.71e-15  1.81e-14   299    -5     0
2144.07  8.81e-17  1.78e-14   300     0     0
2146.74 -1.50e-14  1.61e-14   300   -15     0
2149.40 -8.19e-15  1.85e-14   300    -8     0
2152.06 -1.77e-14  2.08e-14   300   -17     0
2154.73  4.56e-15  1.80e-14   300     4     0
2157.39  3.06e-14  2.07e-14   300    34     0
2160.05  6.45e-14  2.26e-14   300    68     0
2162.71  2.30e-15  1.60e-14   301     2     0
2165.38 -2.14e-15  1.51e-14   301    -2     0
2168.04 -1.13e-14  1.50e-14   301   -12     0
2170.70 -5.44e-14  1.59e-14   301   -55     0
2173.36  1.01e-14  1.61e-14   301    10     0
2176.03 -4.60e-15  1.51e-14   301    -4     0
2178.69 -2.65e-15  1.55e-14   301    -2     0
2181.35  5.07e-14  1.61e-14   302    60     0
2184.01 -1.34e-14  1.29e-14   302   -16     0
2186.68 -1.34e-14  1.48e-14   302   -14     0
2189.34  4.06e-14  1.74e-14   302    42     0
2192.00  3.13e-14  1.71e-14   302    36     0
2194.67  2.09e-15  1.30e-14   302     2     0
2197.33 -1.33e-14  1.40e-14   302   -14     0
2199.99 -3.74e-15  1.54e-14   303    -4     0
2202.65 -2.09e-14  1.53e-14   303   -20     0
2205.32 -6.93e-15  1.41e-14   303    -7     0
2207.98 -1.66e-14  1.40e-14   303   -17     0
2210.64  1.33e-14  1.37e-14   303    14     0
2213.30  3.34e-14  1.49e-14   303    37     0
2215.97 -5.64e-15  2.34e-14   304    -6     0
2218.63  1.10e-14  1.70e-14   304    12     0
2221.29 -1.54e-14  1.59e-14   304   -18     0
2223.95  1.78e-14  1.68e-14   304    20     0
2226.62 -4.18e-15  2.48e-14   304    -4     0
2229.28 -9.38e-15  2.20e-14   304    -9     0
2231.94 -5.97e-15  1.47e-14   305    -6     0
2234.61  1.84e-14  1.48e-14   305    20     0
2237.27 -1.38e-14  2.73e-14   305   -15     0
2239.93  8.61e-15  1.34e-14   305     9     0
2242.59  3.85e-15  1.21e-14   305     4     0
2245.26  2.43e-15  1.26e-14   305     2     0
2247.92 -2.24e-14  1.20e-14   306   -25     0
2250.58  6.09e-15  1.20e-14   306     7     0
2253.24  2.90e-15  1.13e-14   306     3     0
2255.91 -9.93e-15  1.32e-14   306   -11     0
2258.57  4.87e-15  1.89e-14   306     5     0
2261.23  5.97e-15  1.14e-14   306     6     0
2263.90 -3.28e-15  1.09e-14   307    -3     0
2266.56  2.80e-14  1.97e-14   307    34     0
2269.22  4.75e-15  1.39e-14   307     5     0
2271.88  1.51e-14  1.71e-14   307    18     0
2274.55  8.56e-15  1.21e-14   307    10     0
2277.21  4.65e-15  1.89e-14   307     5     0
2279.87  9.13e-15  1.13e-14   308    11     0
2282.53 -2.50e-15  9.20e-15   308    -3     0
2285.20 -3.29e-16  9.27e-15   308     0     0
2287.86  2.36e-14  1.10e-14   308    31     0
2290.52  6.92e-15  1.08e-14   308     9     0
2293.18  4.48e-15  1.51e-14   308     6     0
2295.85 -1.33e-15  9.37e-15   309    -1     0
2298.51  5.32e-14  1.92e-14   309    68     0
2301.17 -1.17e-14  1.01e-14   309   -16     0
2303.83 -1.45e-14  8.47e-15   309   -20     0
2306.50  3.19e-14  2.31e-14   309    45     0
2309.16  7.58e-15  1.39e-14   309    10     0
2311.82  5.31e-15  9.23e-15   310     6     0
2314.49 -5.55e-15  8.86e-15   310    -7     0
2317.15  2.52e-14  1.14e-14   310    37     0
2319.81  7.40e-15  8.51e-15   310    11     0
2322.47 -6.76e-15  7.97e-15   310   -10     0
2325.14  2.76e-14  1.40e-14   310    42     0
2327.80 -1.68e-15  9.31e-15   310    -2     0
2330.46  1.24e-14  9.15e-15   311    21     0
2333.12  2.97e-14  1.57e-14   311    51     0
2335.79  1.68e-14  7.60e-15   311    29     0
2338.45 -7.76e-16  6.41e-15   311    -1     0
2341.11  1.06e-14  6.76e-15   311    19     0
2343.77  1.08e-14  6.74e-15   311    19     0
2346.44  2.94e-14  8.53e-15   312    51     0
2349.10  5.42e-15  9.80e-15   312     9     0
2351.76 -6.90e-16  5.38e-15   312    -1     0
2354.43 -1.95e-16  6.88e-15   312     0     0
2357.09  8.95e-15  9.36e-15   312    17     0
2359.75  1.03e-14  1.03e-14   312    20     0
2362.41  2.27e-14  1.52e-14   312    45     0
2365.08  2.01e-14  9.47e-15   313    39     0
2367.74  2.82e-14  1.60e-14   313    55     0
2370.40  1.10e-14  8.02e-15   313    21     0
2373.06  2.34e-14  7.87e-15   313    47     0
2375.73  2.32e-14  6.92e-15   313    44     0
2378.39  2.32e-14  7.11e-15   313    45     0
2381.05  1.29e-14  6.50e-15   313    26     0
2383.71  3.06e-14  1.33e-14   314    64     0
2386.38  1.40e-14  5.63e-15   314    30     0
2389.04  1.51e-14  5.73e-15   314    32     0
2391.70  1.57e-14  6.35e-15   314    29     0
2394.37  1.77e-14  1.22e-14   314    33     0
2397.03  1.38e-14  5.86e-15   314    30     0
2399.69  6.69e-15  6.01e-15   314    14     0
2402.35  1.48e-14  7.41e-15   315    32     0
2405.02  3.26e-14  7.55e-15   315    72     0
2407.68  1.03e-14  1.12e-14   315    23     0
2410.34  1.62e-14  5.39e-15   315    37     0
2413.00  1.29e-14  8.33e-15   315    29     0
2415.67 -1.55e-15  4.13e-15   315    -3     0
2418.33  6.17e-15  9.10e-15   315    14     0
2420.99  7.02e-15  4.65e-15   315    17     0
2423.66  1.26e-15  4.81e-15   315     3     0
2426.32  1.52e-14  6.02e-15   316    42     0
2428.98  9.21e-15  6.19e-15   316    25     0
2431.64  1.85e-15  3.96e-15   316     4     0
2434.31  2.32e-15  5.49e-15   316     5     0
2436.97  3.27e-15  5.60e-15   316     8     0
2439.63  4.40e-15  5.95e-15   316    11     0
2442.29  9.50e-15  7.98e-15   316    23     0
2444.96  1.92e-14  4.91e-15   316    48     0
2447.62  5.94e-15  3.99e-15   316    15     0
2450.28  2.51e-14  7.28e-15   317    61     0
2452.94  1.15e-14  4.58e-15   317    28     0
2455.61  1.39e-14  4.67e-15   317    34     0
2458.27  1.05e-14  4.74e-15   317    26     0
2460.93  1.16e-14  5.38e-15   317    32     0
2463.59  3.01e-15  6.51e-15   317     8     0
2466.26  5.38e-15  4.72e-15   317    14     0
2468.92  5.33e-15  5.04e-15   317    14     0
2471.58  7.80e-16  5.44e-15   317     2     0
2474.25  9.38e-15  7.20e-15   317    26     0
2476.91  3.31e-14  8.42e-15   317   100     0
2479.57  6.81e-15  4.15e-15   318    20     0
2482.23  1.41e-14  4.05e-15   318    43     0
2484.90  1.51e-14  4.20e-15   318    46     0
2487.56  1.02e-14  5.64e-15   318    30     0
2490.22  2.29e-14  7.70e-15   318    69     0
2492.88  1.21e-14  5.03e-15   318    36     0
2495.55  3.32e-15  6.56e-15   318    10     0
2498.21  1.86e-15  5.13e-15   318     5     0
2500.87  8.04e-15  3.38e-15   318    24     0
2503.54  6.15e-15  3.73e-15   318    18     0
2506.20  1.27e-14  3.69e-15   318    40     0
2508.86  1.92e-14  5.29e-15   318    60     0
2511.52  1.21e-14  3.40e-15   318    39     0
2514.19  1.69e-14  6.42e-15   318    56     0
2516.85  6.65e-15  4.72e-15   319    20     0
2519.51  1.55e-14  6.61e-15   319    48     0
2522.17  1.03e-14  5.89e-15   319    33     0
2524.84  1.11e-14  3.30e-15   319    36     0
2527.50  1.20e-14  3.33e-15   319    39     0
2530.16  8.40e-15  3.68e-15   319    27     0
2532.82  5.98e-15  3.23e-15   319    20     0
2535.49  1.65e-14  4.34e-15   319    56     0
2538.15  1.12e-14  6.26e-15   319    38     0
2540.81  1.38e-14  3.21e-15   319    47     0
2543.48  8.94e-15  5.84e-15   319    31     0
2546.14  1.03e-14  4.01e-15   319    36     0
2548.80  6.80e-15  3.25e-15   319    24     0
2551.46  1.78e-15  2.72e-15   319     6     0
2554.13  3.80e-15  4.39e-15   319    13     0
2556.79  7.87e-15  3.30e-15   319    29     0
2559.45  1.45e-14  3.13e-15   319    54     0
2562.11  1.33e-14  3.97e-15   319    49     0
2564.78  1.28e-14  4.82e-15   319    47     0
2567.44  7.55e-15  2.86e-15   319    27     0
2570.10  7.09e-15  2.47e-15   319    28     0
2572.76  9.27e-15  2.61e-15   319    37     0
2575.43  6.32e-15  2.60e-15   319    23     0
2578.09  7.54e-15  4.79e-15   319    28     0
2580.75  9.49e-15  4.45e-15   319    36     0
2583.42  2.06e-14  5.87e-15   319    79     0
2586.08  2.63e-14  6.03e-15   319   107     0
2588.74  4.38e-15  2.35e-15   319    18     0
2591.40  1.06e-14  2.84e-15   319    40     0
2594.07  1.95e-14  5.00e-15   319    74     0
2596.73  4.88e-14  5.12e-15   319   193     0
2599.39  3.58e-14  4.01e-15   319   143     0
2602.05  1.48e-14  2.84e-15   319    59     0
2604.72  2.08e-14  3.22e-15   319    83     0
2607.38  3.20e-14  5.38e-15   319   129     0
2610.04  4.20e-14  4.40e-15   319   167     0
2612.70  4.23e-14  4.22e-15   319   169     0
2615.37  3.27e-14  3.91e-15   319   133     0
2618.03  2.45e-14  4.23e-15   319   100     0
2620.69  2.89e-14  6.98e-15   319   118     0
2623.35  4.83e-14  6.28e-15   319   198     0
2626.02  4.62e-14  4.52e-15   319   195     0
2628.68  3.73e-14  5.99e-15   319   158     0
2631.34  2.57e-14  3.41e-15   319   106     0
2634.01  1.02e-14  2.64e-15   319    42     0
2636.67  6.36e-15  2.31e-15   319    26     0
2639.33  1.24e-14  3.11e-15   319    52     0
2641.99  1.22e-14  4.26e-15   319    51     0
2644.66  6.57e-15  2.24e-15   319    27     0
2647.32  5.74e-15  2.17e-15   319    24     0
2649.98  6.39e-15  2.39e-15   319    27     0
2652.64  2.41e-15  1.98e-15   319    10     0
2655.31  6.98e-15  2.37e-15   319    30     0
2657.97  3.50e-15  2.71e-15   319    15     0
2660.63  7.70e-15  2.99e-15   319    32     0
2663.30  9.40e-15  3.42e-15   319    39     0
2665.96  9.78e-15  2.34e-15   319    42     0
2668.62  7.39e-15  2.18e-15   319    32     0
2671.28  8.14e-15  2.24e-15   319    35     0
2673.95  9.63e-15  2.32e-15   319    42     0
2676.61  8.44e-15  2.24e-15   319    37     0
2679.27  1.32e-14  2.47e-15   319    58     0
2681.93  7.68e-15  2.40e-15   319    35     0
2684.60  7.06e-15  2.19e-15   319    32     0
2687.26  7.94e-15  2.26e-15   319    35     0
2689.92  1.13e-14  2.36e-15   319    50     0
2692.58  1.46e-14  2.52e-15   319    65     0
2695.25  8.80e-15  2.20e-15   319    39     0
2697.91  3.61e-15  1.93e-15   319    16     0
2700.57  6.47e-15  2.10e-15   319    29     0
2703.24  1.09e-14  2.31e-15   319    49     0
2705.90  7.48e-15  2.11e-15   319    34     0
2708.56  1.41e-14  2.43e-15   319    64     0
2711.22  1.48e-14  2.76e-15   319    63     0
2713.89  2.01e-14  2.83e-15   319    85     0
2716.55  1.18e-14  2.39e-15   319    52     0
2719.21  1.15e-14  2.32e-15   318    51     0
2721.87  1.40e-14  2.49e-15   318    61     0
2724.54  1.69e-14  2.62e-15   318    74     0
2727.20  1.96e-14  2.68e-15   318    87     0
2729.86  2.10e-14  4.45e-15   318    94     0
2732.52  1.88e-14  2.61e-15   318    86     0
2735.19  1.77e-14  2.57e-15   318    80     0
2737.85  2.35e-14  2.86e-15   318   106     0
2740.51  2.27e-14  2.86e-15   318   103     0
2743.18  2.88e-14  3.01e-15   318   131     0
2745.84  3.92e-14  3.43e-15   318   177     0
2748.50  3.22e-14  3.18e-15   318   145     0
2751.16  1.71e-14  2.52e-15   318    76     0
2753.83  2.57e-14  3.02e-15   318   116     0
2756.49  2.35e-14  2.79e-15   318   107     0
2759.15  1.85e-14  2.54e-15   318    84     0
2761.81  1.70e-14  2.45e-15   318    79     0
2764.48  1.26e-14  3.03e-15   318    58     0
2767.14  1.29e-14  2.37e-15   318    58     0
2769.80  1.47e-14  2.39e-15   318    66     0
2772.46  1.19e-14  2.38e-15   318    54     0
2775.13  9.54e-15  2.23e-15   318    43     0
2777.79  1.21e-14  3.14e-15   318    54     0
2780.45  1.40e-14  2.35e-15   318    64     0
2783.12  2.25e-14  2.72e-15   318   102     0
2785.78  2.46e-14  2.84e-15   318   108     0
2788.44  4.06e-14  3.96e-15   318   178     0
2791.10  1.42e-13  9.00e-15   318   652     0
2793.77  2.26e-13  3.38e-14   318  1027 -1024
2796.43  1.39e-13  8.87e-15   318   610     0
2799.09  1.96e-13  1.62e-14   318   864     0
2801.75  1.08e-13  1.12e-14   317   471 -1024
2804.42  5.68e-14  4.93e-15   317   248     0
2807.08  1.53e-14  2.88e-15   317    66     0
2809.74  8.14e-15  2.15e-15   317    35     0
2812.40  9.75e-15  2.27e-15   317    42     0
2815.07  1.06e-14  2.23e-15   317    46     0
2817.73  1.51e-14  2.43e-15   317    66     0
2820.39  1.43e-14  2.39e-15   317    62     0
2823.06  1.52e-14  2.45e-15   317    66     0
2825.72  1.08e-14  2.24e-15   317    48     0
2828.38  1.49e-14  2.41e-15   317    66     0
2831.04  1.70e-14  2.50e-15   317    74     0
2833.71  1.10e-14  2.27e-15   317    48     0
2836.37  1.43e-14  2.36e-15   317    63     0
2839.03  1.91e-14  2.55e-15   317    84     0
2841.69  1.46e-14  2.83e-15   317    63     0
2844.36  1.21e-14  2.30e-15   317    52     0
2847.02  1.49e-14  2.42e-15   317    64     0
2849.68  2.44e-14  2.76e-15   317   105     0
2852.34  2.22e-14  2.66e-15   317    98     0
2855.01  1.85e-14  2.58e-15   317    78     0
2857.67  1.94e-14  2.60e-15   317    82     0
2860.33  1.79e-14  2.59e-15   317    76     0
2863.00  1.87e-14  2.68e-15   317    78     0
2865.66  2.03e-14  2.64e-15   317    86     0
2868.32  1.60e-14  2.49e-15   317    67     0
2870.98  1.54e-14  2.51e-15   317    65     0
2873.65  1.73e-14  2.55e-15   317    72     0
2876.31  2.18e-14  2.68e-15   317    92     0
2878.97  2.06e-14  2.63e-15   317    87     0
2881.63  1.96e-14  3.60e-15   317    81     0
2884.30  1.75e-14  2.57e-15   317    72     0
2886.96  1.61e-14  2.53e-15   317    66     0
2889.62  1.75e-14  2.58e-15   317    71     0
2892.28  1.89e-14  2.61e-15   317    77     0
2894.95  1.27e-14  2.40e-15   317    52     0
2897.61  1.31e-14  2.40e-15   317    54     0
2900.27  1.57e-14  2.54e-15   317    63     0
2902.94  1.73e-14  2.61e-15   317    69     0
2905.60  1.55e-14  2.50e-15   317    63     0
2908.26  1.49e-14  2.49e-15   317    60     0
2910.92  1.62e-14  2.55e-15   317    65     0
2913.59  2.08e-14  2.71e-15   317    83     0
2916.25  2.10e-14  2.75e-15   317    82     0
2918.91  1.77e-14  2.66e-15   318    69     0
2921.57  2.28e-14  2.79e-15   318    89     0
2924.24  3.04e-14  3.04e-15   318   118     0
2926.90  2.57e-14  2.91e-15   318    99     0
2929.56  2.28e-14  2.83e-15   318    87     0
2932.22  2.22e-14  2.86e-15   318    83     0
2934.89  2.89e-14  3.08e-15   318   107     0
2937.55  2.45e-14  2.95e-15   318    90     0
2940.21  2.63e-14  3.03e-15   318    95     0
2942.88  2.61e-14  3.04e-15   318    94     0
2945.54  1.81e-14  2.91e-15   318    64     0
2948.20  1.91e-14  2.86e-15   318    67     0
2950.86  1.94e-14  2.74e-15   318    73     0
2953.53  1.97e-14  2.76e-15   318    73     0
2956.19  2.15e-14  2.92e-15   318    76     0
2958.85  2.02e-14  2.87e-15   318    71     0
2961.51  2.48e-14  3.09e-15   318    85     0
2964.18  2.30e-14  3.21e-15   318    78     0
2966.84  2.42e-14  3.07e-15   318    83     0
2969.50  2.09e-14  2.99e-15   318    70     0
2972.16  1.53e-14  2.84e-15   318    51     0
2974.83  2.18e-14  3.08e-15   318    71     0
2977.49  2.81e-14  3.31e-15   318    90     0
2980.15  2.84e-14  3.48e-15   318    86     0
2982.82  3.23e-14  3.62e-15   319    96     0
2985.48  3.18e-14  3.41e-15   319   102     0
2988.14  1.66e-14  3.10e-15   319    52     0
2990.80  1.52e-14  3.02e-15   319    46     0
2993.47  2.07e-14  3.22e-15   319    62     0
2996.13  2.71e-14  3.68e-15   319    74     0
2998.79  2.62e-14  3.76e-15   319    71     0
3001.45  1.62e-14  3.14e-15   319    47     0
3004.12  2.09e-14  3.32e-15   319    60     0
3006.78  1.89e-14  3.21e-15   319    55     0
3009.44  1.29e-14  3.03e-15   319    37     0
3012.10  2.27e-14  3.44e-15   319    63     0
3014.77  1.85e-14  3.34e-15   319    51     0
3017.43  1.92e-14  3.40e-15   319    52     0
3020.09  2.01e-14  3.50e-15   319    53     0
3022.76  1.56e-14  3.39e-15   319    40     0
3025.42  1.25e-14  3.26e-15   319    32     0
3028.08  1.23e-14  3.29e-15   320    31     0
3030.74  1.80e-14  3.49e-15   320    45     0
3033.41  1.78e-14  3.58e-15   320    44     0
3036.07  1.37e-14  3.42e-15   320    34     0
3038.73  1.19e-14  3.38e-15   320    29     0
3041.39  2.02e-14  3.73e-15   320    48     0
3044.06  2.19e-14  3.84e-15   320    51     0
3046.72  2.09e-14  3.78e-15   320    49     0
3049.38  1.76e-14  4.33e-15   320    41     0
3052.04 -5.76e-16  7.80e-15   320    -1 -4096
3054.71 -2.55e-14  3.57e-14   320   -60 -4096
3057.37 -1.77e-14  3.73e-14   320   -40 -4096
3060.03  7.58e-15  9.18e-15   320    16 -4096
3062.70  2.17e-14  4.42e-15   320    45     0
3065.36  3.20e-14  4.93e-15   320    58     0
3068.02  2.66e-14  4.84e-15   320    48     0
3070.68  2.67e-14  4.47e-15   320    53     0
3073.35  2.18e-14  4.35e-15   320    42     0
3076.01  2.58e-14  4.99e-15   320    48     0
3078.67  1.91e-14  4.88e-15   320    35     0
3081.33  2.14e-14  4.80e-15   320    37     0
3084.00  2.31e-14  4.92e-15   320    39     0
3086.66  1.83e-14  4.39e-15   320    34     0
3089.32  1.44e-14  4.30e-15   320    26     0
3091.98  2.10e-14  4.81e-15   321    35     0
3094.65  2.20e-14  4.99e-15   321    36     0
3097.31  2.66e-14  5.02e-15   321    44     0
3099.97  2.94e-14  5.15e-15   321    48     0
3102.64  3.06e-14  5.36e-15   321    48     0
3105.30  2.61e-14  5.24e-15   321    41     0
3107.96  2.85e-14  5.37e-15   321    43     0
3110.62  2.79e-14  5.49e-15   321    42     0
3113.29  2.58e-14  5.38e-15   320    38     0
3115.95  3.25e-14  6.31e-15   320    42     0
3118.61  3.12e-14  6.37e-15   320    39     0
3121.27  1.66e-14  5.42e-15   320    22     0
3123.94  1.31e-14  5.37e-15   320    17     0
3126.60  2.56e-14  6.02e-15   320    32     0
3129.26  2.84e-14  6.17e-15   320    36     0
3131.92  2.53e-14  6.11e-15   320    31     0
3134.59  2.62e-14  6.22e-15   320    32     0
3137.25  2.82e-14  6.42e-15   320    33     0
3139.91  2.52e-14  6.39e-15   320    29     0
3142.58  2.46e-14  6.14e-15   320    29     0
3145.24  2.71e-14  6.45e-15   320    31     0
3147.90  2.59e-14  6.55e-15   320    29     0
3150.56  1.54e-14  6.33e-15   320    16     0
3153.23  1.75e-14  6.52e-15   320    18     0
3155.89  3.14e-14  6.81e-15   319    34     0
3158.55  2.37e-14  6.95e-15   319    25     0
3161.21  1.34e-14  6.25e-15   319    14     0
3163.88  1.62e-14  6.80e-15   319    16     0
3166.54  2.40e-14  7.56e-15   319    21     0
3169.20  3.65e-14  1.19e-14   319    32     0
3171.86  2.98e-14  1.11e-14   319    26     0
3174.53  3.66e-14  9.45e-15   318    32     0
3177.19  3.70e-14  1.41e-14   318    34     0
3179.85  2.36e-14  7.37e-15   318    21     0
3182.52  2.79e-14  7.51e-15   318    25     0
3185.18  2.05e-14  6.94e-15   318    19     0
3187.84  2.39e-14  7.20e-15   317    21     0
3190.50  2.36e-14  7.67e-15   317    19     0
3193.17  3.23e-14  8.06e-15   317    26     0
3195.83  4.06e-14  8.26e-15   317    33     0
3198.49  5.42e-14  9.09e-15   316    43     0
3201.15  6.81e-14  1.06e-14   316    50     0
3203.82  4.55e-14  9.23e-15   316    32     0
3206.48  1.96e-14  8.52e-15   315    13     0
3209.14  2.14e-14  8.77e-15   315    14     0
3211.80  2.38e-14  9.11e-15   315    15     0
3214.47  2.09e-14  9.17e-15   314    13     0
3217.13  2.83e-14  9.80e-15   314    17     0
3219.79  1.48e-14  9.47e-15   314     8     0
3222.46  1.69e-14  1.01e-14   313     9     0
3225.12  2.30e-14  1.02e-14   313    12     0
3227.78  2.66e-14  1.05e-14   312    14     0
3230.44  4.38e-14  1.12e-14   312    23     0
3233.11  5.52e-14  1.18e-14   311    28     0
3235.77  6.99e-14  1.22e-14   311    35     0
3238.43  5.53e-14  1.18e-14   310    27     0
3241.09  6.87e-14  1.25e-14   310    33     0
3243.76  5.39e-14  1.21e-14   309    25     0
3246.42  2.89e-14  1.27e-14   309    11     0
3249.08  3.67e-14  1.32e-14   308    14     0
3251.74  2.04e-14  1.01e-14   308    10     0
3254.41  2.25e-14  2.14e-14   307    10     0
3257.07  2.33e-14  2.81e-14   306     9     0
3259.73  3.43e-14  2.04e-14   306    14     0
3262.40  5.42e-14  1.37e-14   305    20     0
3265.06  6.35e-14  1.35e-14   304    24     0
3267.72  6.98e-14  1.98e-14   303    26     0
3270.38  3.84e-14  1.53e-14   303    14     0
3273.05  5.12e-14  1.30e-14   302    18     0
3275.71  5.40e-14  1.84e-14   301    20     0
3278.37  5.21e-14  2.17e-14   300    19     0
3281.03  5.19e-14  1.31e-14   299    18     0
3283.70  4.93e-14  1.35e-14   299    16     0
3286.36  3.95e-14  1.64e-14   298    13     0
3289.02  6.26e-14  2.25e-14   297    21     0
3291.68  3.59e-14  1.17e-14   296    13     0
3294.35  1.60e-14  1.26e-14   295     5     0
3297.01  1.92e-14  1.22e-14   294     5     0
3299.67  3.97e-14  1.63e-14   293    11     0
3302.34  5.17e-14  1.32e-14   292    15     0
3305.00  6.74e-14  2.29e-14   291    19     0
3307.66  7.84e-14  2.42e-14   290    22     0
3310.32  6.59e-14  1.46e-14   288    16     0
3312.99  7.14e-14  1.61e-14   287    17     0
3315.65  8.03e-14  2.39e-14   286    19     0
3318.31  6.61e-14  1.80e-14   285    15     0
3320.97  3.93e-14  2.13e-14   283     8     0
3323.64  6.90e-14  2.54e-14   282    14     0
3326.30  1.26e-13  2.31e-14   281    26     0
3328.96  9.74e-14  3.40e-14   279    19     0
3331.62  5.86e-14  3.06e-14   278    10     0
3334.29  6.37e-14  3.36e-14   277    11     0
3336.95  3.60e-14  3.17e-14   275     6     0
3339.61  8.21e-14  3.68e-14   274    14     0
3342.28  7.59e-14  3.49e-14   272    12     0
3344.94  7.51e-14  3.23e-14   270    12     0
3347.60  1.13e-13  3.40e-14   269    16     0
