NOT ORIGINAL IUE PROJECT DATA PRODUCT
LWP2133LOWLARGE
HD  197481
20:42:04
-31:31:05
48
NO-TRAIL
NO
659.743
25/10/83
02:30:10
298
8.80
11/06/96
GSFC
2445632.60428
60
33
1851.18 -2.24e-13  4.04e-13   101   -18     0
1853.84  1.09e-13  3.80e-13   101     9     0
1856.51 -1.94e-13  2.36e-13   101   -27     0
1859.17 -5.93e-14  2.18e-13   101    -9     0
1861.83 -7.62e-14  3.25e-13   102    -7  -128
1864.49  2.90e-13  3.09e-13   102    31     0
1867.16 -1.60e-13  4.16e-13   102   -13     0
1869.82 -5.08e-14  3.60e-13   102    -4     0
1872.48  5.20e-13  3.40e-13   102    52     0
1875.15 -1.35e-16  2.76e-13   102     0  -128
1877.81 -1.54e-13  2.60e-13   102   -18     0
1880.47 -2.79e-13  2.82e-13   102   -30     0
1883.13 -9.69e-14  2.66e-13   103   -11     0
1885.80  3.28e-13  2.45e-13   103    52     0
1888.46  2.96e-13  1.94e-13   103    49     0
1891.12 -1.32e-13  2.73e-13   103   -17     0
1893.78 -1.86e-13  2.21e-13   103   -25     0
1896.45 -5.17e-14  2.11e-13   103    -7     0
1899.11 -5.48e-14  1.95e-13   103    -8     0
1901.77  2.74e-13  1.60e-13   103    53     0
1904.43 -4.61e-14  1.45e-13   103    -9     0
1907.10 -2.01e-13  1.40e-13   103   -41     0
1909.76 -1.21e-13  1.35e-13   104   -25     0
1912.42  1.25e-14  1.40e-13   104     2     0
1915.09 -2.24e-14  1.31e-13   104    -4     0
1917.75 -8.75e-15  1.58e-13   104    -1     0
1920.41  1.34e-13  1.21e-13   104    32     0
1923.07 -9.30e-14  1.11e-13   104   -23     0
1925.74  9.47e-14  1.04e-13   104    25     0
1928.40 -2.02e-14  9.59e-14   104    -5     0
1931.06 -6.37e-14  1.16e-13   104   -14     0
1933.72 -8.28e-14  1.12e-13   104   -19     0
1936.39 -1.57e-13  1.00e-13   104   -41     0
1939.05 -5.47e-14  9.66e-14   104   -14     0
1941.71 -9.22e-14  9.76e-14   104   -24     0
1944.37 -1.30e-13  9.43e-14   104   -35     0
1947.04 -1.78e-14  8.17e-14   104    -5     0
1949.70 -6.58e-14  7.90e-14   105   -21     0
1952.36 -4.34e-14  8.79e-14   105   -12     0
1955.03  4.44e-14  7.29e-14   105    15     0
1957.69  1.54e-13  7.76e-14   105    55     0
1960.35  1.44e-13  9.26e-14   105    55     0
1963.01 -3.49e-14  7.27e-14   105   -13     0
1965.68 -8.06e-14  6.56e-14   105   -30     0
1968.34  7.89e-14  6.66e-14   105    30     0
1971.00 -1.15e-14  6.03e-14   105    -4     0
1973.66 -6.25e-14  5.84e-14   105   -25     0
1976.33  6.99e-14  6.43e-14   105    27     0
1978.99  6.52e-14  6.35e-14   105    25     0
1981.65  1.65e-14  5.21e-14   105     7     0
1984.31 -3.30e-14  4.97e-14   105   -15     0
1986.98 -4.61e-14  5.09e-14   105   -22     0
1989.64  7.23e-14  4.95e-14   105    35     0
1992.30 -1.11e-15  4.67e-14   105     0     0
1994.97  2.91e-14  4.70e-14   106    14     0
1997.63  2.34e-14  4.43e-14   106    11     0
2000.29  4.63e-14  5.38e-14   106    20     0
2002.95  2.53e-14  4.86e-14   106    11     0
2005.62  2.40e-14  4.39e-14   106    11     0
2008.28  3.67e-14  4.35e-14   106    18     0
2010.94  3.13e-14  4.49e-14   106    16     0
2013.60  8.50e-14  4.55e-14   106    44     0
2016.27  2.35e-14  4.62e-14   106    10     0
2018.93 -2.57e-14  4.42e-14   106   -11     0
2021.59  2.29e-14  4.13e-14   106    11     0
2024.25  7.08e-14  7.52e-14   106    36     0
2026.92 -8.71e-15  3.89e-14   106    -4     0
2029.58  1.72e-14  3.83e-14   106     9     0
2032.24 -2.71e-14  3.94e-14   107   -14     0
2034.91 -7.46e-16  3.55e-14   107     0     0
2037.57 -5.47e-14  3.70e-14   107   -28     0
2040.23 -3.79e-16  3.50e-14   107     0     0
2042.89 -1.34e-14  3.46e-14   107    -7     0
2045.56 -7.70e-14  3.70e-14   107   -38     0
2048.22  3.82e-14  3.81e-14   107    19     0
2050.88 -2.59e-14  3.37e-14   107   -14     0
2053.54  2.55e-14  3.50e-14   107    13     0
2056.21  1.10e-15  3.46e-14   107     0     0
2058.87 -3.10e-14  3.42e-14   107   -16     0
2061.53  1.83e-14  3.36e-14   107     9     0
2064.19  6.54e-14  4.18e-14   108    35     0
2066.86  2.98e-14  3.34e-14   108    16     0
2069.52 -2.61e-14  3.12e-14   108   -14     0
2072.18  2.65e-14  3.10e-14   108    15     0
2074.85 -4.49e-15  2.90e-14   108    -2     0
2077.51 -4.94e-14  2.98e-14   108   -27     0
2080.17 -3.88e-14  3.06e-14   108   -21     0
2082.83 -1.53e-14  3.89e-14   108    -8     0
2085.50 -3.68e-15  3.02e-14   108    -2     0
2088.16  5.00e-14  3.47e-14   108    27     0
2090.82 -3.33e-14  4.03e-14   108   -18     0
2093.48  2.14e-14  3.17e-14   109    12     0
2096.15  1.18e-14  3.22e-14   109     6     0
2098.81  3.85e-15  3.54e-14   109     2     0
2101.47  3.00e-14  2.92e-14   109    18     0
2104.13 -1.32e-14  2.46e-14   109    -8     0
2106.80 -7.98e-14  2.90e-14   109   -42     0
2109.46  6.05e-15  2.88e-14   109     3     0
2112.12  1.75e-14  2.82e-14   109     9     0
2114.79 -4.87e-14  2.74e-14   109   -26     0
2117.45 -9.59e-15  2.58e-14   110    -5     0
2120.11 -5.79e-14  2.74e-14   110   -31     0
2122.77 -1.23e-14  4.24e-14   110    -6     0
2125.44 -2.77e-14  2.66e-14   110   -15     0
2128.10  1.06e-14  3.02e-14   110     5     0
2130.76  5.10e-14  3.05e-14   110    26     0
2133.42 -2.57e-14  3.78e-14   110   -13     0
2136.09  1.63e-14  3.95e-14   110     9     0
2138.75 -2.89e-15  2.41e-14   111    -1     0
2141.41 -2.02e-14  2.62e-14   111   -10     0
2144.07  2.97e-14  2.76e-14   111    15     0
2146.74 -3.35e-14  2.32e-14   111   -19     0
2149.40 -5.32e-15  2.29e-14   111    -3     0
2152.06 -2.67e-14  2.40e-14   111   -14     0
2154.73 -1.93e-14  2.38e-14   111   -10     0
2157.39  7.18e-14  4.14e-14   112    44     0
2160.05  6.29e-14  2.97e-14   112    36     0
2162.71  7.75e-14  2.99e-14   112    45     0
2165.38 -2.31e-14  2.27e-14   112   -13     0
2168.04 -1.77e-14  2.13e-14   112   -10     0
2170.70 -5.26e-14  2.54e-14   112   -29  -128
2173.36  3.82e-14  2.92e-14   112    21     0
2176.03  1.83e-14  2.23e-14   112    10     0
2178.69 -2.63e-14  2.11e-14   113   -15     0
2181.35  3.14e-14  2.06e-14   113    20     0
2184.01 -1.98e-14  1.82e-14   113   -13     0
2186.68 -2.48e-14  2.11e-14   113   -14     0
2189.34  5.82e-14  2.97e-14   113    34     0
2192.00  7.52e-14  3.81e-14   113    48     0
2194.67 -2.83e-14  2.43e-14   114   -18     0
2197.33  7.32e-15  1.99e-14   114     4     0
2199.99  1.04e-15  3.66e-14   114     0     0
2202.65 -6.88e-15  2.13e-14   114    -3     0
2205.32 -4.53e-14  3.00e-14   114   -26     0
2207.98 -3.62e-14  3.05e-14   114   -20     0
2210.64 -9.95e-15  2.06e-14   114    -6     0
2213.30  1.16e-13  2.59e-14   115    71     0
2215.97 -3.25e-14  1.86e-14   115   -20     0
2218.63  1.82e-14  2.43e-14   115    11     0
2221.29 -3.70e-14  3.12e-14   115   -23     0
2223.95  7.76e-15  1.65e-14   115     5     0
2226.62 -3.61e-14  3.02e-14   115   -20     0
2229.28 -4.33e-14  3.55e-14   116   -24     0
2231.94 -1.88e-14  1.71e-14   116   -11     0
2234.61  1.38e-14  2.63e-14   116     8     0
2237.27 -1.15e-14  2.65e-14   116    -7     0
2239.93 -5.64e-15  1.83e-14   116    -3     0
2242.59  1.28e-14  1.68e-14   116     7     0
2245.26 -1.05e-14  2.04e-14   116    -6     0
2247.92 -4.91e-14  1.69e-14   117   -30     0
2250.58  1.83e-14  1.96e-14   117    11     0
2253.24  3.42e-15  1.68e-14   117     2     0
2255.91 -8.97e-16  1.85e-14   117     0     0
2258.57 -1.53e-14  3.06e-14   117    -9     0
2261.23 -2.33e-14  1.62e-14   117   -14     0
2263.90 -3.91e-14  1.43e-14   118   -25     0
2266.56  3.16e-15  1.86e-14   118     2     0
2269.22 -7.11e-15  2.52e-14   118    -4     0
2271.88  3.64e-15  1.91e-14   118     2     0
2274.55  3.12e-14  1.61e-14   118    21     0
2277.21 -3.65e-14  1.37e-14   118   -24     0
2279.87 -1.69e-17  1.60e-14   118     0     0
2282.53  3.82e-14  1.45e-14   119    28     0
2285.20  2.41e-14  1.57e-14   119    17     0
2287.86  6.92e-15  1.89e-14   119     5     0
2290.52  3.15e-15  1.23e-14   119     2     0
2293.18  4.82e-15  1.32e-14   119     3     0
2295.85 -2.41e-14  2.27e-14   119   -17     0
2298.51  1.99e-14  1.77e-14   120    14     0
2301.17  1.08e-15  1.75e-14   120     0     0
2303.83 -4.75e-14  1.30e-14   120   -37     0
2306.50  9.85e-15  2.55e-14   120     7     0
2309.16 -2.00e-14  2.23e-14   120   -15     0
2311.82 -2.72e-15  1.28e-14   120    -1     0
2314.49 -1.78e-14  1.81e-14   120   -12     0
2317.15 -1.91e-15  1.06e-14   121    -1     0
2319.81  1.52e-14  2.13e-14   121    12     0
2322.47 -1.89e-14  1.82e-14   121   -15     0
2325.14 -2.36e-14  1.90e-14   121   -20     0
2327.80 -3.47e-14  1.51e-14   121   -30     0
2330.46  1.25e-14  1.76e-14   121    11     0
2333.12  2.21e-14  1.44e-14   122    20     0
2335.79  3.27e-14  1.98e-14   122    31     0
2338.45 -1.12e-15  1.47e-14   122    -1     0
2341.11  9.31e-15  8.93e-15   122     9     0
2343.77 -8.94e-15  1.49e-14   122    -9     0
2346.44  4.42e-15  1.18e-14   122     4     0
2349.10  2.43e-14  1.60e-14   122    23     0
2351.76  1.03e-14  1.36e-14   123    11     0
2354.43  3.76e-14  2.03e-14   123    44     0
2357.09 -6.72e-15  1.45e-14   123    -7     0
2359.75  7.04e-15  1.80e-14   123     7     0
2362.41  2.12e-15  1.51e-14   123     2     0
2365.08  1.72e-14  1.87e-14   123    18     0
2367.74  2.67e-14  1.65e-14   123    29     0
2370.40  5.89e-15  1.00e-14   123     6     0
2373.06  8.14e-15  1.39e-14   124     9     0
2375.73 -4.09e-15  9.50e-15   124    -4     0
2378.39  4.31e-14  9.52e-15   124    46     0
2381.05 -4.32e-15  1.04e-14   124    -4     0
2383.71  2.20e-14  1.36e-14   124    25     0
2386.38  3.15e-14  1.31e-14   124    37     0
2389.04  6.80e-16  5.61e-15   124     0     0
2391.70  1.64e-14  1.61e-14   124    17     0
2394.37  1.41e-14  1.53e-14   125    14     0
2397.03  3.22e-14  8.82e-15   125    39     0
2399.69  1.04e-14  7.61e-15   125    12     0
2402.35  9.56e-15  1.20e-14   125    11     0
2405.02  3.15e-14  1.47e-14   125    38     0
2407.68  5.14e-16  1.22e-14   125     0     0
2410.34  1.81e-14  9.82e-15   125    22     0
2413.00  1.61e-14  1.25e-14   125    20     0
2415.67  1.09e-14  5.73e-15   125    14     0
2418.33 -1.55e-15  1.16e-14   126    -2     0
2420.99  2.00e-14  1.10e-14   126    27     0
2423.66 -2.73e-15  1.06e-14   126    -3     0
2426.32  2.31e-14  1.13e-14   126    35     0
2428.98  4.38e-16  7.98e-15   126     0     0
2431.64  1.63e-15  4.59e-15   126     2     0
2434.31  6.82e-16  9.19e-15   126     0     0
2436.97  4.10e-15  7.20e-15   126     5     0
2439.63  1.91e-15  8.75e-15   126     2     0
2442.29  5.22e-15  1.01e-14   126     7     0
2444.96  2.38e-14  9.50e-15   126    33     0
2447.62  1.00e-14  5.64e-15   127    14     0
2450.28  1.60e-14  9.66e-15   127    21     0
2452.94  2.19e-15  6.36e-15   127     2     0
2455.61  7.44e-15  7.69e-15   127    10     0
2458.27 -1.43e-15  7.01e-15   127    -1     0
2460.93  2.39e-14  1.14e-14   127    36     0
2463.59 -1.81e-15  6.49e-15   127    -2     0
2466.26 -1.56e-15  7.77e-15   127    -2     0
2468.92  1.11e-14  8.53e-15   127    16     0
2471.58 -2.19e-15  8.21e-15   127    -3     0
2474.25  6.38e-15  7.73e-15   127    10     0
2476.91  2.60e-14  8.58e-15   127    43     0
2479.57  4.71e-15  9.16e-15   127     8     0
2482.23  1.04e-14  9.30e-15   128    17     0
2484.90  1.96e-14  1.04e-14   128    33     0
2487.56  1.40e-14  5.98e-15   128    22     0
2490.22  1.42e-14  1.02e-14   128    23     0
2492.88  1.30e-14  7.65e-15   128    21     0
2495.55  3.27e-15  6.69e-15   128     5     0
2498.21  9.08e-16  6.42e-15   128     1     0
2500.87  3.04e-14  7.02e-15   128    50     0
2503.54 -9.78e-16  8.09e-15   128    -1     0
2506.20  1.99e-14  9.47e-15   128    34     0
2508.86  9.79e-15  4.76e-15   128    17     0
2511.52  1.26e-14  4.33e-15   128    22     0
2514.19  1.16e-14  1.15e-14   128    21     0
2516.85  2.22e-15  5.36e-15   128     3     0
2519.51  1.42e-14  6.16e-15   128    24     0
2522.17  8.31e-15  9.18e-15   128    15     0
2524.84  1.12e-15  3.33e-15   128     2     0
2527.50  8.85e-15  5.18e-15   128    15     0
2530.16  8.22e-15  6.65e-15   128    15     0
2532.82  6.29e-15  6.06e-15   128    11     0
2535.49  9.71e-15  8.36e-15   128    18     0
2538.15  5.50e-16  5.84e-15   128     1     0
2540.81  1.23e-14  5.68e-15   128    23     0
2543.48  1.52e-14  6.25e-15   128    29     0
2546.14 -1.65e-16  5.20e-15   128     0     0
2548.80  6.69e-15  7.93e-15   128    13     0
2551.46  9.84e-15  7.12e-15   128    19     0
2554.13  2.67e-15  3.47e-15   128     5     0
2556.79  4.02e-15  4.84e-15   128     8     0
2559.45  1.31e-14  3.37e-15   128    27     0
2562.11  1.09e-14  5.90e-15   128    22     0
2564.78  1.24e-14  5.11e-15   128    25     0
2567.44  1.05e-15  6.01e-15   128     2     0
2570.10  1.30e-14  6.94e-15   128    29     0
2572.76  2.17e-15  4.26e-15   128     4     0
2575.43  1.26e-14  6.14e-15   128    26     0
2578.09  6.99e-15  5.57e-15   128    14     0
2580.75  5.23e-15  3.03e-15   128    11     0
2583.42  1.14e-14  7.08e-15   128    24     0
2586.08  2.04e-14  4.95e-15   128    45     0
2588.74  1.18e-14  4.88e-15   128    26     0
2591.40  7.17e-15  4.21e-15   128    14     0
2594.07  1.57e-15  5.34e-15   128     3     0
2596.73  2.61e-14  8.73e-15   128    56     0
2599.39  3.63e-14  8.59e-15   128    79     0
2602.05  1.45e-14  3.38e-15   128    31     0
2604.72  5.67e-15  6.29e-15   128    12     0
2607.38  4.18e-14  9.44e-15   128    92     0
2610.04  2.12e-14  4.88e-15   128    46     0
2612.70  3.21e-14  5.23e-15   128    70     0
2615.37  2.94e-14  6.34e-15   128    66     0
2618.03  2.79e-14  7.01e-15   128    62     0
2620.69  2.02e-14  7.28e-15   128    45     0
2623.35  1.74e-14  6.53e-15   128    39     0
2626.02  4.21e-14  9.49e-15   128    98     0
2628.68  4.19e-14  1.04e-14   128    97     0
2631.34  2.91e-14  7.48e-15   128    66     0
2634.01  2.05e-14  3.46e-15   128    46     0
2636.67  5.77e-15  3.07e-15   127    13     0
2639.33  4.37e-15  2.52e-15   127    10     0
2641.99  6.58e-15  4.25e-15   127    15     0
2644.66 -7.58e-17  4.12e-15   127     0     0
2647.32  4.46e-15  5.44e-15   127    10     0
2649.98  6.77e-15  5.79e-15   127    16     0
2652.64  1.45e-15  3.19e-15   127     3     0
2655.31  6.05e-15  2.38e-15   127    14     0
2657.97 -1.25e-15  3.02e-15   127    -3     0
2660.63  1.15e-14  3.80e-15   127    26     0
2663.30  4.98e-15  4.40e-15   127    11     0
2665.96 -7.31e-17  2.71e-15   127     0     0
2668.62  9.00e-15  2.73e-15   127    21     0
2671.28  6.75e-15  2.50e-15   127    16     0
2673.95  5.29e-15  2.38e-15   127    12     0
2676.61  7.28e-15  2.48e-15   126    17     0
2679.27  5.16e-15  3.15e-15   126    12     0
2681.93  4.95e-15  4.04e-15   126    12     0
2684.60  1.13e-14  2.72e-15   126    28     0
2687.26  1.90e-15  2.44e-15   126     4     0
2689.92  5.10e-15  3.24e-15   126    12     0
2692.58  7.13e-15  2.47e-15   126    17     0
2695.25  6.37e-15  2.39e-15   126    15     0
2697.91  5.75e-15  2.43e-15   126    14     0
2700.57  2.76e-15  3.51e-15   126     6     0
2703.24  6.02e-15  2.37e-15   126    14     0
2705.90  6.95e-15  2.62e-15   126    17     0
2708.56  9.17e-15  2.54e-15   125    23     0
2711.22  1.01e-14  2.73e-15   125    23     0
2713.89  1.40e-14  2.95e-15   125    33     0
2716.55  6.76e-15  2.71e-15   125    16     0
2719.21  4.47e-15  2.80e-15   125    10     0
2721.87  7.05e-15  3.09e-15   125    17     0
2724.54  3.16e-15  3.97e-15   125     7     0
2727.20  1.09e-14  4.02e-15   125    26     0
2729.86  1.71e-14  3.77e-15   125    42     0
2732.52  2.29e-14  4.00e-15   125    58     0
2735.19  1.35e-14  3.99e-15   124    33     0
2737.85  1.83e-14  4.10e-15   124    45     0
2740.51  1.75e-14  4.38e-15   124    44     0
2743.18  1.62e-14  4.09e-15   124    40     0
2745.84  3.67e-14  7.45e-15   124    91     0
2748.50  2.63e-14  3.40e-15   124    65     0
2751.16  1.82e-14  3.01e-15   124    45     0
2753.83  1.38e-14  3.86e-15   124    34     0
2756.49  1.49e-14  3.03e-15   124    37     0
2759.15  1.32e-14  3.38e-15   124    33     0
2761.81  1.02e-14  3.94e-15   123    26     0
2764.48  7.21e-15  2.66e-15   123    18     0
2767.14  1.15e-14  2.62e-15   123    28     0
2769.80  1.49e-14  3.78e-15   123    37     0
2772.46  1.29e-14  2.78e-15   123    32     0
2775.13  1.03e-14  2.74e-15   123    25     0
2777.79  9.58e-15  2.60e-15   123    23     0
2780.45  1.34e-14  2.72e-15   123    33     0
2783.12  9.87e-15  2.56e-15   123    24     0
2785.78  1.25e-14  4.08e-15   122    30     0
2788.44  2.55e-14  3.42e-15   122    61     0
2791.10  4.75e-14  5.73e-15   122   120     0
2793.77  1.42e-13  1.21e-14   122   357     0
2796.43  2.47e-13  2.30e-14   122   599     0
2799.09  1.64e-13  1.23e-14   122   398     0
2801.75  1.85e-13  1.90e-14   122   444     0
2804.42  1.65e-13  8.31e-15   122   398     0
2807.08  4.37e-14  4.20e-15   122   105     0
2809.74  1.28e-14  2.83e-15   121    30     0
2812.40  6.51e-15  2.50e-15   121    15     0
2815.07  1.41e-15  2.23e-15   121     3     0
2817.73  1.01e-14  2.65e-15   121    24     0
2820.39  1.09e-14  2.71e-15   121    26     0
2823.06  1.11e-14  2.74e-15   121    26     0
2825.72  1.20e-14  2.74e-15   121    29     0
2828.38  6.85e-15  4.07e-15   121    16     0
2831.04  5.66e-15  2.48e-15   121    13     0
2833.71  6.62e-15  2.80e-15   120    15     0
2836.37  7.50e-15  2.53e-15   120    18     0
2839.03  7.05e-15  2.52e-15   120    17     0
2841.69  1.17e-14  2.78e-15   120    28     0
2844.36  1.03e-14  2.90e-15   120    24     0
2847.02  1.30e-14  2.85e-15   120    31     0
2849.68  1.42e-14  3.03e-15   120    33     0
2852.34  1.58e-14  3.49e-15   120    38     0
2855.01  1.20e-14  3.30e-15   120    28     0
2857.67  9.83e-15  2.76e-15   119    23     0
2860.33  9.51e-15  2.87e-15   119    22     0
2863.00  1.04e-14  2.81e-15   119    24     0
2865.66  1.72e-14  3.08e-15   119    40     0
2868.32  1.84e-14  3.15e-15   119    43     0
2870.98  1.09e-14  2.82e-15   119    25     0
2873.65  1.06e-14  2.81e-15   119    24     0
2876.31  1.85e-14  3.13e-15   119    43     0
2878.97  1.43e-14  2.98e-15   119    33     0
2881.63  2.59e-14  3.55e-15   119    59     0
2884.30  1.33e-14  2.99e-15   118    30     0
2886.96  7.72e-15  2.75e-15   118    17     0
2889.62  9.88e-15  2.84e-15   118    22     0
2892.28  1.28e-14  2.98e-15   118    29     0
2894.95  7.59e-15  2.70e-15   118    17     0
2897.61  1.19e-14  2.91e-15   118    27     0
2900.27  1.15e-14  2.99e-15   118    25     0
2902.94  1.47e-14  3.16e-15   118    32     0
2905.60  1.89e-14  3.24e-15   118    42     0
2908.26  1.81e-14  3.20e-15   118    40     0
2910.92  1.15e-14  2.97e-15   117    25     0
2913.59  1.07e-14  2.95e-15   117    23     0
2916.25  1.38e-14  3.12e-15   117    29     0
2918.91  1.30e-14  3.11e-15   117    27     0
2921.57  1.57e-14  3.22e-15   117    34     0
2924.24  2.00e-14  3.40e-15   117    42     0
2926.90  1.94e-14  3.41e-15   117    41     0
2929.56  1.52e-14  3.22e-15   117    32     0
2932.22  1.14e-14  3.09e-15   117    23     0
2934.89  1.27e-14  4.27e-15   117    25     0
2937.55  1.71e-14  3.41e-15   117    34     0
2940.21  7.70e-15  3.14e-15   116    15     0
2942.88  1.50e-14  3.41e-15   116    29     0
2945.54  1.90e-14  3.54e-15   116    37     0
2948.20  1.16e-14  3.48e-15   116    22     0
2950.86  1.49e-14  3.35e-15   116    30     0
2953.53  1.89e-14  3.80e-15   116    39     0
2956.19  1.88e-14  3.58e-15   116    36     0
2958.85  1.25e-14  3.32e-15   116    24     0
2961.51  1.46e-14  3.46e-15   116    27     0
2964.18  1.55e-14  3.53e-15   116    29     0
2966.84  1.33e-14  3.41e-15   116    25     0
2969.50  2.02e-14  4.41e-15   116    37     0
2972.16  1.44e-14  3.54e-15   115    26     0
2974.83  1.51e-14  3.58e-15   115    27     0
2977.49  2.23e-14  3.98e-15   115    39     0
2980.15  2.69e-14  4.36e-15   115    45     0
2982.82  2.45e-14  4.25e-15   115    40     0
2985.48  2.58e-14  4.07e-15   115    45     0
2988.14  1.48e-14  3.68e-15   115    26     0
2990.80  8.76e-15  3.53e-15   115    14     0
2993.47  8.80e-15  3.57e-15   115    14     0
2996.13  1.61e-14  4.19e-15   115    24     0
2998.79  2.35e-14  5.11e-15   115    35     0
3001.45  1.30e-14  3.81e-15   115    20     0
3004.12  2.02e-14  5.62e-15   114    32     0
3006.78  1.71e-14  6.14e-15   114    27     0
3009.44  1.34e-14  3.86e-15   114    21     0
3012.10  1.21e-14  3.90e-15   114    18     0
3014.77  1.78e-14  4.20e-15   114    27     0
3017.43  1.79e-14  4.25e-15   114    26     0
3020.09  1.45e-14  4.19e-15   114    21     0
3022.76  1.32e-14  4.45e-15   114    18     0
3025.42  1.75e-14  4.32e-15   114    25     0
3028.08  1.79e-14  4.43e-15   114    25     0
3030.74  1.78e-14  4.48e-15   114    24     0
3033.41  1.15e-14  4.26e-15   114    15     0
3036.07  1.58e-14  4.40e-15   114    21     0
3038.73  1.23e-14  4.30e-15   113    16     0
3041.39  6.22e-15  4.11e-15   113     8     0
3044.06  9.61e-15  4.33e-15   113    12     0
3046.72  1.61e-14  4.56e-15   113    21     0
3049.38  1.98e-14  4.76e-15   113    25     0
3052.04  2.30e-14  1.05e-14   113    30 -4096
3054.71 -5.07e-14  4.53e-14   113   -66 -4096
3057.37  1.69e-14  9.11e-14   113    21 -4096
3060.03  1.36e-14  5.05e-14   113    16 -4096
3062.70  1.60e-14  5.83e-15   113    18     0
3065.36  2.22e-14  5.85e-15   113    22     0
3068.02  2.39e-14  6.00e-15   113    23     0
3070.68  2.23e-14  5.47e-15   112    24     0
3073.35  1.39e-14  5.18e-15   112    15     0
3076.01  1.37e-14  5.31e-15   112    14     0
3078.67  1.78e-14  5.57e-15   112    18     0
3081.33  1.79e-14  5.84e-15   112    17     0
3084.00  2.05e-14  6.02e-15   112    19     0
3086.66  1.96e-14  5.52e-15   112    20     0
3089.32  1.36e-14  5.32e-15   112    13     0
3091.98  1.43e-14  5.74e-15   112    13     0
3094.65  2.39e-14  6.21e-15   112    21     0
3097.31  2.03e-14  5.98e-15   111    18     0
3099.97  1.98e-14  6.02e-15   111    17     0
3102.64  2.20e-14  6.31e-15   111    19     0
3105.30  2.56e-14  6.47e-15   111    22     0
3107.96  4.09e-14  7.16e-15   111    34     0
3110.62  3.08e-14  6.75e-15   111    25     0
3113.29  2.68e-14  6.67e-15   111    22     0
3115.95  2.42e-14  7.42e-15   111    17     0
3118.61  3.62e-14  7.98e-15   110    25     0
3121.27  3.86e-14  7.48e-15   110    29     0
3123.94  2.46e-14  7.06e-15   110    18     0
3126.60  2.35e-14  7.22e-15   110    16     0
3129.26  2.79e-14  7.49e-15   110    19     0
3131.92  2.03e-14  7.22e-15   110    13     0
3134.59  1.92e-14  7.25e-15   110    12     0
3137.25  3.30e-14  7.97e-15   109    21     0
3139.91  3.61e-14  8.12e-15   109    23     0
3142.58  3.78e-14  7.90e-15   109    25     0
3145.24  4.98e-14  8.72e-15   109    31     0
3147.90  4.06e-14  8.44e-15   109    25     0
3150.56  2.90e-14  9.19e-15   109    17     0
3153.23  2.55e-14  8.04e-15   108    15     0
3155.89  3.50e-14  8.22e-15   108    21     0
3158.55  3.14e-14  8.19e-15   108    18     0
3161.21  3.26e-14  8.19e-15   108    19     0
3163.88  3.55e-14  8.30e-15   108    20     0
3166.54  3.50e-14  9.24e-15   107    17     0
3169.20  4.01e-14  9.59e-15   107    19     0
3171.86  3.16e-14  9.06e-15   107    15     0
3174.53  3.66e-14  9.38e-15   107    17     0
3177.19  2.82e-14  9.03e-15   106    14     0
3179.85  2.61e-14  8.59e-15   106    13     0
3182.52  3.11e-14  8.72e-15   106    15     0
3185.18  4.32e-14  8.90e-15   106    22     0
3187.84  6.09e-14  9.67e-15   105    30     0
3190.50  6.60e-14  1.04e-14   105    30     0
3193.17  5.56e-14  1.01e-14   105    25     0
3195.83  2.95e-14  9.63e-15   104    13     0
3198.49  3.20e-14  9.01e-15   104    14     0
3201.15  2.12e-14  9.13e-15   104     8     0
3203.82  2.84e-14  9.53e-15   104    11     0
3206.48  3.78e-14  1.00e-14   103    14     0
3209.14  4.52e-14  1.07e-14   103    16     0
3211.80  3.86e-14  1.28e-14   103    13     0
3214.47  8.82e-15  9.21e-15   102     3     0
3217.13  1.11e-14  1.18e-14   102     3     0
3219.79  3.29e-14  1.07e-14   101    10     0
3222.46  1.94e-14  1.05e-14   101     5     0
3225.12  1.03e-14  9.89e-15   101     3     0
3227.78  2.28e-14  1.06e-14   100     6     0
3230.44  3.23e-14  1.12e-14   100     9     0
3233.11  1.91e-14  1.17e-14    99     5     0
3235.77  1.76e-14  1.01e-14    99     5     0
3238.43  1.88e-14  1.02e-14    98     5     0
3241.09  1.92e-14  1.02e-14    98     5     0
3243.76  1.86e-14  1.19e-14    98     4     0
3246.42  2.38e-14  1.22e-14    97     5     0
3249.08  3.33e-14  1.23e-14    97     7     0
3251.74  4.51e-14  1.08e-14    96    12     0
3254.41  5.34e-14  1.08e-14    95    14     0
3257.07  4.06e-14  1.43e-14    95     9     0
3259.73  2.86e-14  1.48e-14    94     6     0
3262.40  3.89e-14  2.37e-14    94     8     0
3265.06  3.97e-14  1.54e-14    93     8     0
3267.72  4.72e-14  1.28e-14    93     9     0
3270.38  2.92e-14  9.89e-15    92     6     0
3273.05  1.32e-14  9.89e-15    91     2     0
3275.71  2.94e-14  9.49e-15    91     6     0
3278.37  4.60e-14  9.97e-15    90     9     0
3281.03  2.15e-14  1.19e-14    89     4     0
3283.70  3.96e-14  1.03e-14    89     7     0
3286.36  5.30e-14  1.13e-14    88    10     0
3289.02  4.95e-14  1.94e-14    87     9     0
3291.68  2.17e-14  1.88e-14    86     4     0
3294.35  2.59e-14  1.94e-14    86     5     0
3297.01  7.16e-15  1.57e-14    85     1     0
3299.67  2.12e-14  1.95e-14    84     3     0
3302.34  2.52e-14  1.20e-14    83     4     0
3305.00  3.55e-14  1.84e-14    82     5     0
3307.66  7.71e-14  1.78e-14    81    12     0
3310.32  9.43e-14  1.50e-14    80    13     0
3312.99  7.23e-14  2.68e-14    80     9     0
3315.65  3.20e-15  2.41e-14    79     0     0
3318.31 -8.07e-15  1.52e-14    78    -1     0
3320.97  1.84e-14  1.70e-14    77     2     0
3323.64  1.03e-14  2.21e-14    76     1     0
3326.30 -8.15e-15  1.67e-14    75     0     0
3328.96 -5.58e-15  1.78e-14    74     0     0
3331.62  2.81e-14  1.94e-14    72     2     0
3334.29  7.14e-14  2.02e-14    71     6     0
3336.95  7.12e-14  2.68e-14    70     6     0
3339.61  1.02e-13  2.15e-14    69     9     0
3342.28  9.91e-14  2.10e-14    68     9     0
3344.94  4.22e-14  2.64e-14    67     3     0
3347.60 -6.28e-15  2.38e-14    65     0     0
