NOT ORIGINAL IUE PROJECT DATA PRODUCT
LWP2122LOWLARGE
HD  197481
20:42:05
-31:31:18
48
NO-TRAIL
NO
1199.595
24/10/83
02:21:29
297
9.80
11/06/96
GSFC
2445631.59825
67
35
1851.18  5.16e-13  2.40e-13   122    78     0
1853.84  2.49e-13  2.19e-13   123    40     0
1856.51 -2.01e-13  1.31e-13   123   -51     0
1859.17 -4.68e-14  1.21e-13   124   -12     0
1861.83  2.93e-13  1.94e-13   125    53     0
1864.49  4.52e-14  1.66e-13   125     8     0
1867.16  6.94e-14  2.17e-13   126    10     0
1869.82  1.42e-13  2.06e-13   126    23     0
1872.48  1.37e-13  1.82e-13   127    24     0
1875.15  6.48e-14  1.56e-13   128    13     0
1877.81 -3.56e-14  1.44e-13   128    -7     0
1880.47 -1.38e-13  1.57e-13   129   -27     0
1883.13  1.33e-13  1.54e-13   129    27     0
1885.80  1.49e-13  1.13e-13   130    43     0
1888.46 -1.58e-14  1.02e-13   130    -4     0
1891.12 -1.25e-13  1.95e-13   131   -29     0
1893.78 -1.21e-13  1.24e-13   131   -29     0
1896.45 -5.19e-14  1.12e-13   132   -13     0
1899.11  7.36e-14  2.35e-13   132    20     0
1901.77  3.56e-14  8.52e-14   132    12     0
1904.43 -2.41e-15  8.07e-14   133     0     0
1907.10 -4.93e-14  7.80e-14   133   -18     0
1909.76 -6.82e-14  7.54e-14   134   -26     0
1912.42  1.59e-15  7.83e-14   134     0     0
1915.09  1.55e-13  8.06e-14   134    60     0
1917.75  2.09e-14  7.16e-14   135     8     0
1920.41  2.90e-14  6.48e-14   135    12     0
1923.07 -3.64e-14  6.14e-14   135   -16     0
1925.74  9.65e-14  6.02e-14   136    47     0
1928.40 -8.05e-14  5.37e-14   136   -41     0
1931.06 -3.08e-14  6.48e-14   136   -12     0
1933.72 -5.42e-14  6.25e-14   136   -23     0
1936.39 -5.34e-14  5.61e-14   137   -25     0
1939.05 -3.60e-14  5.42e-14   137   -17     0
1941.71 -9.02e-14  5.47e-14   137   -43     0
1944.37 -2.49e-14  5.29e-14   137   -12     0
1947.04  4.37e-14  4.82e-14   138    24     0
1949.70 -6.44e-14  4.44e-14   138   -37     0
1952.36  6.27e-16  4.94e-14   138     0     0
1955.03 -1.35e-14  4.03e-14   138    -8     0
1957.69  1.30e-13  4.58e-14   138    85     0
1960.35  7.38e-14  4.58e-14   139    51     0
1963.01 -2.64e-14  3.47e-14   139   -18     0
1965.68 -2.47e-14  3.63e-14   139   -16     0
1968.34  1.53e-15  3.51e-14   139     1     0
1971.00 -1.70e-14  3.39e-14   139   -12     0
1973.66 -9.87e-15  3.29e-14   139    -7     0
1976.33  1.04e-13  3.92e-14   140    72     0
1978.99  3.13e-14  3.45e-14   140    22     0
1981.65 -1.82e-14  2.95e-14   140   -14     0
1984.31 -6.02e-15  2.80e-14   140    -4     0
1986.98 -2.11e-14  2.63e-14   140   -18     0
1989.64  3.67e-14  2.76e-14   140    32     0
1992.30 -1.91e-14  2.63e-14   140   -16     0
1994.97  3.70e-14  2.77e-14   140    32     0
1997.63 -1.57e-14  2.47e-14   141   -14     0
2000.29  9.06e-14  3.24e-14   141    73     0
2002.95  2.01e-14  2.78e-14   141    16     0
2005.62 -1.87e-14  2.41e-14   141   -16     0
2008.28  3.95e-14  2.64e-14   141    36     0
2010.94  2.88e-14  2.47e-14   141    26     0
2013.60  5.56e-14  2.61e-14   141    52     0
2016.27 -1.04e-14  2.53e-14   141    -8     0
2018.93  1.67e-14  2.61e-14   141    13     0
2021.59 -4.64e-15  2.21e-14   141    -4     0
2024.25  1.25e-14  3.89e-14   141    11     0
2026.92  5.71e-15  2.85e-14   141     5     0
2029.58  2.34e-14  2.27e-14   141    22     0
2032.24 -1.14e-14  2.03e-14   142   -11     0
2034.91 -2.45e-15  2.01e-14   142    -2     0
2037.57 -3.33e-14  2.10e-14   142   -31     0
2040.23 -9.07e-15  1.99e-14   142    -8     0
2042.89 -1.37e-14  1.97e-14   142   -13     0
2045.56 -2.72e-14  2.10e-14   142   -24     0
2048.22  4.70e-14  2.39e-14   142    43     0
2050.88 -3.79e-14  1.91e-14   142   -37     0
2053.54 -3.56e-15  1.99e-14   142    -3     0
2056.21  5.45e-16  1.97e-14   142     0     0
2058.87  9.73e-15  2.22e-14   142     9     0
2061.53  1.51e-14  1.97e-14   142    14     0
2064.19  2.41e-14  1.99e-14   142    23     0
2066.86  3.68e-15  1.83e-14   142     3     0
2069.52 -1.03e-14  1.78e-14   142   -10     0
2072.18  9.11e-15  1.73e-14   142     9     0
2074.85  1.68e-15  1.66e-14   142     1     0
2077.51 -2.01e-14  1.70e-14   142   -20     0
2080.17 -1.34e-14  1.75e-14   142   -13     0
2082.83 -7.17e-15  1.73e-14   142    -7     0
2085.50  2.66e-14  1.84e-14   142    26     0
2088.16  1.49e-14  1.77e-14   143    15     0
2090.82 -2.00e-14  1.63e-14   143   -20     0
2093.48  1.37e-14  1.71e-14   143    14     0
2096.15 -1.13e-14  1.98e-14   143   -10     0
2098.81  1.06e-14  1.87e-14   143    10     0
2101.47  1.48e-14  1.82e-14   143    16     0
2104.13 -2.43e-14  1.41e-14   143   -27     0
2106.80 -2.88e-14  1.66e-14   143   -27     0
2109.46  1.56e-14  1.77e-14   143    14     0
2112.12 -1.36e-14  1.58e-14   143   -13     0
2114.79  1.98e-15  2.98e-14   143     1     0
2117.45 -1.23e-14  1.47e-14   143   -12     0
2120.11 -1.42e-14  2.06e-14   143   -13     0
2122.77 -1.04e-15  1.61e-14   143    -1     0
2125.44 -1.70e-14  1.53e-14   143   -16     0
2128.10  4.78e-14  2.43e-14   143    47     0
2130.76  9.83e-15  1.63e-14   143     9     0
2133.42 -2.89e-14  1.84e-14   143   -27     0
2136.09  1.39e-14  1.54e-14   143    14     0
2138.75  6.83e-15  1.41e-14   143     7     0
2141.41 -6.39e-15  2.46e-14   143    -6     0
2144.07  4.24e-15  1.50e-14   143     4     0
2146.74 -4.77e-15  2.24e-14   143    -5     0
2149.40  5.91e-15  1.34e-14   144     6     0
2152.06 -4.97e-15  1.41e-14   144    -4     0
2154.73  6.00e-16  1.56e-14   144     0     0
2157.39  4.18e-14  2.06e-14   144    46     0
2160.05  6.63e-14  2.49e-14   144    70     0
2162.71 -1.57e-14  1.29e-14   144   -16     0
2165.38  3.66e-15  1.25e-14   144     3     0
2168.04 -9.11e-15  1.23e-14   144    -9     0
2170.70 -3.09e-14  1.29e-14   144   -31     0
2173.36  6.90e-15  1.33e-14   144     7     0
2176.03 -2.71e-15  1.23e-14   144    -2     0
2178.69 -1.65e-14  1.22e-14   144   -17     0
2181.35  3.02e-14  1.27e-14   144    35     0
2184.01 -8.84e-15  1.05e-14   144   -10     0
2186.68  9.66e-15  2.03e-14   144    10     0
2189.34  3.44e-14  1.75e-14   144    36     0
2192.00  2.09e-14  1.32e-14   144    24     0
2194.67 -1.17e-14  1.06e-14   145   -13     0
2197.33 -1.28e-14  1.12e-14   145   -13     0
2199.99  6.17e-15  2.49e-14   145     6     0
2202.65 -1.93e-14  1.30e-14   145   -19     0
2205.32 -1.78e-14  1.13e-14   145   -18     0
2207.98 -1.43e-14  1.44e-14   145   -14     0
2210.64  1.56e-14  1.10e-14   145    17     0
2213.30  1.23e-14  1.08e-14   145    13     0
2215.97 -2.39e-14  1.06e-14   145   -26     0
2218.63  6.32e-15  1.55e-14   145     7     0
2221.29 -1.12e-14  1.71e-14   145   -13     0
2223.95 -5.87e-17  1.25e-14   145     0     0
2226.62  1.93e-14  2.66e-14   145    19     0
2229.28 -4.10e-15  1.97e-14   146    -4     0
2231.94 -2.35e-14  1.34e-14   146   -25     0
2234.61 -1.72e-14  9.86e-15   146   -19     0
2237.27 -8.54e-15  1.73e-14   146    -9     0
2239.93  1.12e-14  9.81e-15   146    12     0
2242.59  2.34e-14  1.07e-14   146    26     0
2245.26 -6.41e-15  1.07e-14   146    -7     0
2247.92 -2.01e-14  9.20e-15   146   -22     0
2250.58  1.86e-14  1.34e-14   146    21     0
2253.24  5.86e-15  9.09e-15   146     6     0
2255.91 -8.42e-15  8.88e-15   146    -9     0
2258.57 -1.01e-14  8.78e-15   147   -11     0
2261.23 -1.72e-14  8.52e-15   147   -20     0
2263.90 -1.88e-14  8.34e-15   147   -22     0
2266.56  1.09e-14  1.41e-14   147    13     0
2269.22 -8.86e-15  9.25e-15   147   -11     0
2271.88 -2.31e-15  9.01e-15   147    -2     0
2274.55 -3.43e-15  7.70e-15   147    -4     0
2277.21  6.34e-15  7.96e-15   147     7     0
2279.87  1.50e-14  9.85e-15   147    18     0
2282.53  1.48e-14  8.03e-15   147    19     0
2285.20 -1.01e-14  7.54e-15   148   -13     0
2287.86 -3.17e-15  9.31e-15   148    -4     0
2290.52 -2.61e-15  1.22e-14   148    -3     0
2293.18 -3.74e-15  7.23e-15   148    -5     0
2295.85 -8.10e-15  8.63e-15   148   -10     0
2298.51  4.99e-14  1.50e-14   148    64     0
2301.17 -8.49e-15  6.51e-15   148   -11     0
2303.83 -1.21e-14  6.29e-15   148   -17     0
2306.50  2.27e-14  1.33e-14   148    32     0
2309.16  7.53e-15  7.23e-15   148    10     0
2311.82  2.63e-15  8.91e-15   149     3     0
2314.49 -9.98e-15  6.66e-15   149   -13     0
2317.15  1.43e-14  9.67e-15   149    21     0
2319.81  8.22e-15  1.11e-14   149    12     0
2322.47 -5.43e-15  5.57e-15   149    -8     0
2325.14  5.04e-15  1.29e-14   149     7     0
2327.80 -3.71e-15  8.99e-15   149    -5     0
2330.46  1.64e-14  1.05e-14   149    27     0
2333.12  2.49e-14  1.05e-14   149    42     0
2335.79  6.49e-15  6.68e-15   149    11     0
2338.45  3.08e-15  5.27e-15   150     5     0
2341.11  1.19e-14  7.25e-15   150    21     0
2343.77 -2.53e-17  6.05e-15   150     0     0
2346.44  1.67e-14  8.26e-15   150    29     0
2349.10  7.22e-15  8.36e-15   150    12     0
2351.76  1.67e-15  3.83e-15   150     3     0
2354.43  6.76e-15  6.97e-15   150    14     0
2357.09  1.26e-14  8.23e-15   150    24     0
2359.75  1.61e-14  1.01e-14   150    31     0
2362.41  1.42e-14  7.35e-15   151    28     0
2365.08  1.94e-14  8.95e-15   151    37     0
2367.74  1.98e-14  5.84e-15   151    39     0
2370.40  1.35e-14  6.85e-15   151    27     0
2373.06  1.04e-14  4.59e-15   151    20     0
2375.73  3.53e-15  4.04e-15   151     6     0
2378.39  1.61e-14  4.80e-15   151    31     0
2381.05  1.38e-14  4.54e-15   151    28     0
2383.71  3.96e-14  1.03e-14   151    82     0
2386.38  1.54e-14  5.74e-15   151    33     0
2389.04  9.11e-15  4.41e-15   152    19     0
2391.70  4.76e-15  4.72e-15   152     8     0
2394.37  1.55e-14  1.12e-14   152    29     0
2397.03  2.06e-14  4.72e-15   152    45     0
2399.69  2.01e-14  5.50e-15   152    44     0
2402.35  1.81e-14  4.68e-15   152    40     0
2405.02  2.96e-14  6.50e-15   152    66     0
2407.68  9.14e-15  8.85e-15   152    20     0
2410.34  5.85e-15  3.44e-15   152    13     0
2413.00  1.16e-14  7.20e-15   152    26     0
2415.67 -4.00e-16  2.89e-15   152     0     0
2418.33 -5.87e-15  2.88e-15   153   -13     0
2420.99  5.26e-15  4.60e-15   153    12     0
2423.66  6.51e-15  5.72e-15   153    16     0
2426.32  1.17e-15  5.00e-15   153     3     0
2428.98  5.64e-15  4.88e-15   153    15     0
2431.64 -4.64e-15  3.22e-15   153   -11     0
2434.31  1.00e-15  2.78e-15   153     2     0
2436.97 -5.45e-15  2.57e-15   153   -13     0
2439.63 -5.36e-17  4.26e-15   153     0     0
2442.29  3.02e-15  6.28e-15   153     7     0
2444.96  1.12e-14  5.98e-15   153    28     0
2447.62  4.67e-15  3.41e-15   153    11     0
2450.28  7.45e-15  4.25e-15   154    18     0
2452.94  5.65e-15  3.36e-15   154    13     0
2455.61  1.10e-14  3.98e-15   154    27     0
2458.27  4.64e-15  3.14e-15   154    11     0
2460.93  6.73e-15  5.16e-15   154    18     0
2463.59  1.24e-15  3.01e-15   154     3     0
2466.26  1.52e-15  3.72e-15   154     4     0
2468.92  6.73e-15  4.14e-15   154    18     0
2471.58  3.61e-15  5.06e-15   154    10     0
2474.25  1.35e-14  7.13e-15   154    38     0
2476.91  2.67e-14  6.11e-15   154    81     0
2479.57  3.90e-15  4.51e-15   154    12     0
2482.23  7.34e-15  4.57e-15   154    22     0
2484.90  8.48e-15  5.35e-15   154    26     0
2487.56  4.34e-15  4.49e-15   154    12     0
2490.22  1.19e-14  5.88e-15   154    36     0
2492.88  1.29e-14  4.62e-15   154    39     0
2495.55  9.10e-15  5.14e-15   155    27     0
2498.21  5.20e-16  3.39e-15   155     1     0
2500.87  6.42e-15  3.57e-15   155    19     0
2503.54  6.41e-16  3.03e-15   155     1     0
2506.20  7.75e-15  3.10e-15   155    24     0
2508.86  1.02e-14  3.09e-15   155    32     0
2511.52  5.34e-15  3.96e-15   155    17     0
2514.19  9.37e-15  4.23e-15   155    31     0
2516.85  2.92e-15  2.06e-15   155     8     0
2519.51  1.13e-14  2.75e-15   155    35     0
2522.17  4.88e-15  3.56e-15   155    15     0
2524.84  5.03e-15  2.08e-15   155    16     0
2527.50  5.20e-15  2.71e-15   155    17     0
2530.16  7.17e-15  2.94e-15   155    23     0
2532.82  9.42e-15  2.63e-15   155    31     0
2535.49  1.73e-14  4.14e-15   155    58     0
2538.15  8.40e-15  2.35e-15   155    28     0
2540.81  1.26e-14  2.63e-15   155    43     0
2543.48  4.61e-15  3.01e-15   155    16     0
2546.14  7.95e-15  3.24e-15   155    27     0
2548.80  6.86e-15  4.14e-15   155    24     0
2551.46  9.75e-15  4.06e-15   155    34     0
2554.13  5.06e-15  2.60e-15   155    17     0
2556.79  5.99e-15  3.68e-15   155    22     0
2559.45  6.31e-15  1.93e-15   155    23     0
2562.11  1.12e-14  3.95e-15   155    41     0
2564.78  1.06e-14  2.93e-15   155    39     0
2567.44  5.39e-15  3.64e-15   155    19     0
2570.10  9.71e-15  3.09e-15   155    39     0
2572.76  5.72e-15  1.91e-15   155    23     0
2575.43  1.20e-15  2.45e-15   155     4     0
2578.09  6.89e-15  2.47e-15   155    25     0
2580.75  9.51e-15  3.39e-15   155    36     0
2583.42  1.28e-14  3.41e-15   155    48     0
2586.08  1.72e-14  2.60e-15   155    70     0
2588.74  5.11e-15  1.66e-15   155    21     0
2591.40  1.50e-14  3.70e-15   155    56     0
2594.07  1.78e-14  3.82e-15   155    67     0
2596.73  3.58e-14  4.64e-15   155   141     0
2599.39  2.68e-14  3.29e-15   155   107     0
2602.05  1.60e-14  3.27e-15   155    63     0
2604.72  2.68e-14  4.25e-15   155   107     0
2607.38  3.05e-14  4.34e-15   155   123     0
2610.04  2.64e-14  2.89e-15   155   105     0
2612.70  2.98e-14  3.64e-15   155   119     0
2615.37  2.84e-14  5.07e-15   155   115     0
2618.03  2.89e-14  3.00e-15   155   118     0
2620.69  3.18e-14  3.55e-15   155   129     0
2623.35  3.98e-14  4.46e-15   155   163     0
2626.02  4.25e-14  3.76e-15   154   179     0
2628.68  3.77e-14  5.35e-15   154   159     0
2631.34  1.67e-14  2.66e-15   154    68     0
2634.01  5.59e-15  1.66e-15   154    23     0
2636.67  5.36e-15  1.90e-15   154    22     0
2639.33  5.83e-15  2.26e-15   154    24     0
2641.99  6.91e-15  1.69e-15   154    29     0
2644.66  7.87e-15  2.17e-15   154    33     0
2647.32  1.18e-14  1.99e-15   154    50     0
2649.98  9.06e-15  1.76e-15   154    39     0
2652.64  3.69e-15  1.50e-15   154    15     0
2655.31  5.94e-15  1.60e-15   154    25     0
2657.97  3.53e-15  1.89e-15   154    15     0
2660.63  7.49e-15  1.89e-15   154    31     0
2663.30  7.95e-15  2.07e-15   154    33     0
2665.96  8.56e-15  1.75e-15   154    37     0
2668.62  8.59e-15  1.74e-15   154    37     0
2671.28  7.75e-15  1.67e-15   153    34     0
2673.95  4.88e-15  1.57e-15   153    21     0
2676.61  6.60e-15  1.64e-15   153    29     0
2679.27  5.62e-15  1.54e-15   153    25     0
2681.93  9.35e-15  2.89e-15   153    42     0
2684.60  4.93e-15  1.47e-15   153    22     0
2687.26  3.69e-15  1.47e-15   153    16     0
2689.92  9.12e-15  1.73e-15   153    40     0
2692.58  7.65e-15  1.71e-15   153    34     0
2695.25  9.15e-15  1.68e-15   153    41     0
2697.91  7.16e-15  1.66e-15   153    32     0
2700.57  1.03e-14  1.75e-15   153    46     0
2703.24  1.63e-14  2.15e-15   152    73     0
2705.90  1.01e-14  1.86e-15   152    46     0
2708.56  1.06e-14  2.13e-15   152    48     0
2711.22  1.47e-14  2.07e-15   152    63     0
2713.89  1.39e-14  2.03e-15   152    59     0
2716.55  1.05e-14  1.96e-15   152    46     0
2719.21  6.54e-15  1.58e-15   152    29     0
2721.87  8.45e-15  1.71e-15   152    36     0
2724.54  1.75e-14  2.15e-15   152    77     0
2727.20  1.87e-14  2.44e-15   152    83     0
2729.86  1.77e-14  2.21e-15   152    79     0
2732.52  1.48e-14  2.61e-15   151    68     0
2735.19  1.82e-14  3.21e-15   151    82     0
2737.85  1.86e-14  2.15e-15   151    84     0
2740.51  1.87e-14  2.16e-15   151    85     0
2743.18  3.00e-14  2.64e-15   151   136     0
2745.84  3.02e-14  2.64e-15   151   136     0
2748.50  2.09e-14  2.24e-15   151    94     0
2751.16  1.69e-14  2.05e-15   151    76     0
2753.83  2.32e-14  2.65e-15   151   104     0
2756.49  2.01e-14  2.23e-15   150    91     0
2759.15  1.54e-14  2.31e-15   150    70     0
2761.81  1.65e-14  2.03e-15   150    76     0
2764.48  1.66e-14  2.03e-15   150    77     0
2767.14  1.19e-14  1.94e-15   150    54     0
2769.80  1.05e-14  2.05e-15   150    47     0
2772.46  1.21e-14  2.46e-15   150    55     0
2775.13  1.21e-14  1.85e-15   150    54     0
2777.79  1.92e-14  2.14e-15   150    86     0
2780.45  1.58e-14  1.99e-15   150    72     0
2783.12  1.57e-14  2.01e-15   149    71     0
2785.78  2.13e-14  2.60e-15   149    93     0
2788.44  4.29e-14  4.02e-15   149   187     0
2791.10  1.35e-13  1.02e-14   149   618     0
2793.77  1.85e-13  2.89e-14   149   845 -1024
2796.43  1.27e-13  8.73e-15   149   560     0
2799.09  1.67e-13  1.55e-14   149   736     0
2801.75  1.61e-13  2.18e-14   149   702 -1056
2804.42  5.52e-14  4.27e-15   149   241     0
2807.08  1.80e-14  2.45e-15   148    78     0
2809.74  1.48e-14  1.99e-15   148    65     0
2812.40  1.27e-14  1.91e-15   148    55     0
2815.07  1.02e-14  1.78e-15   148    44     0
2817.73  1.17e-14  1.86e-15   148    51     0
2820.39  1.40e-14  1.97e-15   148    61     0
2823.06  1.36e-14  1.96e-15   148    59     0
2825.72  1.08e-14  1.80e-15   148    47     0
2828.38  9.77e-15  1.75e-15   148    43     0
2831.04  1.37e-14  1.96e-15   148    59     0
2833.71  1.26e-14  1.91e-15   147    54     0
2836.37  8.53e-15  1.69e-15   147    37     0
2839.03  9.64e-15  1.73e-15   147    42     0
2841.69  1.06e-14  1.79e-15   147    46     0
2844.36  9.30e-15  1.75e-15   147    40     0
2847.02  1.27e-14  1.91e-15   147    55     0
2849.68  1.36e-14  1.95e-15   147    59     0
2852.34  1.52e-14  2.00e-15   147    67     0
2855.01  1.07e-14  1.83e-15   147    45     0
2857.67  1.02e-14  1.83e-15   146    43     0
2860.33  1.41e-14  1.99e-15   146    59     0
2863.00  1.15e-14  1.87e-15   146    48     0
2865.66  1.43e-14  2.00e-15   146    61     0
2868.32  1.67e-14  2.09e-15   146    70     0
2870.98  8.40e-15  1.76e-15   146    35     0
2873.65  1.23e-14  1.90e-15   146    51     0
2876.31  1.34e-14  1.95e-15   146    56     0
2878.97  1.62e-14  2.07e-15   146    68     0
2881.63  1.77e-14  2.16e-15   146    73     0
2884.30  1.29e-14  1.97e-15   146    53     0
2886.96  1.10e-14  1.90e-15   145    45     0
2889.62  1.25e-14  1.96e-15   145    51     0
2892.28  1.40e-14  2.01e-15   145    57     0
2894.95  1.40e-14  2.02e-15   145    57     0
2897.61  1.32e-14  1.97e-15   145    54     0
2900.27  9.98e-15  1.86e-15   145    40     0
2902.94  1.30e-14  2.00e-15   145    52     0
2905.60  1.37e-14  2.00e-15   145    55     0
2908.26  1.38e-14  2.01e-15   145    55     0
2910.92  1.30e-14  1.98e-15   145    52     0
2913.59  1.28e-14  1.99e-15   145    51     0
2916.25  1.51e-14  3.06e-15   145    59     0
2918.91  1.71e-14  2.74e-15   144    66     0
2921.57  1.90e-14  2.26e-15   144    74     0
2924.24  2.10e-14  2.34e-15   144    81     0
2926.90  2.39e-14  2.45e-15   144    92     0
2929.56  2.01e-14  2.33e-15   144    77     0
2932.22  1.56e-14  2.20e-15   144    58     0
2934.89  1.34e-14  2.12e-15   144    49     0
2937.55  1.70e-14  2.23e-15   144    62     0
2940.21  1.62e-14  2.25e-15   144    59     0
2942.88  1.89e-14  2.37e-15   144    68     0
2945.54  1.96e-14  2.42e-15   144    69     0
2948.20  1.68e-14  2.31e-15   144    59     0
2950.86  1.71e-14  2.22e-15   144    64     0
2953.53  1.83e-14  2.28e-15   144    68     0
2956.19  1.55e-14  2.26e-15   143    55     0
2958.85  1.52e-14  2.25e-15   143    53     0
2961.51  2.07e-14  2.49e-15   143    71     0
2964.18  1.74e-14  2.39e-15   143    59     0
2966.84  2.28e-14  2.58e-15   143    78     0
2969.50  2.55e-14  2.68e-15   143    86     0
2972.16  1.61e-14  2.36e-15   143    53     0
2974.83  1.63e-14  2.39e-15   143    53     0
2977.49  1.80e-14  2.49e-15   143    58     0
2980.15  2.19e-14  2.76e-15   143    66     0
2982.82  2.40e-14  2.85e-15   143    71     0
2985.48  2.47e-14  2.70e-15   143    79     0
2988.14  1.62e-14  2.45e-15   143    51     0
2990.80  2.13e-14  2.69e-15   143    64     0
2993.47  1.99e-14  2.67e-15   143    60     0
2996.13  1.70e-14  2.74e-15   143    46     0
2998.79  1.85e-14  2.82e-15   143    50     0
3001.45  1.72e-14  2.63e-15   143    50     0
3004.12  1.79e-14  2.67e-15   142    51     0
3006.78  1.65e-14  2.58e-15   142    48     0
3009.44  1.83e-14  2.65e-15   142    53     0
3012.10  2.09e-14  2.82e-15   142    58     0
3014.77  1.81e-14  2.74e-15   142    50     0
3017.43  1.69e-14  2.71e-15   142    46     0
3020.09  1.81e-14  3.37e-15   142    47     0
3022.76  1.56e-14  2.75e-15   142    40     0
3025.42  1.62e-14  2.76e-15   142    42     0
3028.08  1.59e-14  2.78e-15   142    41     0
3030.74  1.66e-14  2.81e-15   142    41     0
3033.41  1.65e-14  2.86e-15   142    41     0
3036.07  2.02e-14  4.19e-15   142    50     0
3038.73  1.92e-14  3.17e-15   142    47     0
3041.39  1.47e-14  2.84e-15   142    35     0
3044.06  1.26e-14  2.81e-15   142    29     0
3046.72  1.21e-14  2.76e-15   142    28     0
3049.38  1.58e-14  3.47e-15   142    36     0
3052.04  6.64e-15  6.24e-15   142    16 -4096
3054.71 -2.40e-14  2.92e-14   141   -57 -4096
3057.37  3.26e-14  2.94e-14   141    73 -4096
3060.03  1.26e-14  7.34e-15   141    27 -4096
3062.70  1.93e-14  3.31e-15   141    40     0
3065.36  2.65e-14  3.91e-15   141    48     0
3068.02  1.90e-14  3.68e-15   141    34     0
3070.68  2.18e-14  3.51e-15   141    43     0
3073.35  1.93e-14  3.43e-15   141    37     0
3076.01  1.77e-14  3.49e-15   141    33     0
3078.67  1.53e-14  3.46e-15   141    28     0
3081.33  2.10e-14  3.85e-15   141    36     0
3084.00  1.93e-14  3.82e-15   141    32     0
3086.66  2.23e-14  3.66e-15   141    41     0
3089.32  2.00e-14  3.61e-15   141    36     0
3091.98  2.21e-14  3.91e-15   141    37     0
3094.65  2.29e-14  3.97e-15   140    38     0
3097.31  1.78e-14  3.74e-15   140    29     0
3099.97  2.50e-14  4.07e-15   140    41     0
3102.64  2.18e-14  4.06e-15   140    34     0
3105.30  2.15e-14  4.06e-15   140    33     0
3107.96  2.57e-14  4.24e-15   140    39     0
3110.62  2.24e-14  4.11e-15   140    34     0
3113.29  2.73e-14  4.36e-15   140    40     0
3115.95  3.48e-14  5.15e-15   140    45     0
3118.61  3.19e-14  5.08e-15   139    40     0
3121.27  2.04e-14  4.34e-15   139    28     0
3123.94  1.92e-14  4.35e-15   139    25     0
3126.60  2.26e-14  4.59e-15   139    29     0
3129.26  2.14e-14  4.58e-15   139    27     0
3131.92  1.82e-14  4.50e-15   139    22     0
3134.59  1.45e-14  4.36e-15   139    17     0
3137.25  2.53e-14  4.91e-15   139    30     0
3139.91  3.08e-14  5.15e-15   138    36     0
3142.58  3.29e-14  5.07e-15   138    39     0
3145.24  2.79e-14  4.98e-15   138    32     0
3147.90  1.99e-14  4.80e-15   138    22     0
3150.56  2.12e-14  4.96e-15   138    23     0
3153.23  2.21e-14  5.17e-15   137    23     0
3155.89  2.27e-14  5.65e-15   137    24     0
3158.55  2.05e-14  4.90e-15   137    21     0
3161.21  1.80e-14  4.75e-15   137    19     0
3163.88  2.83e-14  5.22e-15   137    29     0
3166.54  3.47e-14  6.02e-15   136    31     0
3169.20  4.25e-14  6.33e-15   136    37     0
3171.86  3.83e-14  6.15e-15   136    34     0
3174.53  3.60e-14  6.17e-15   136    31     0
3177.19  3.21e-14  8.00e-15   135    29     0
3179.85  4.00e-14  8.08e-15   135    36     0
3182.52  3.92e-14  6.83e-15   135    35     0
3185.18  2.88e-14  6.01e-15   135    26     0
3187.84  2.90e-14  5.44e-15   134    26     0
3190.50  4.02e-14  6.22e-15   134    33     0
3193.17  3.77e-14  6.19e-15   134    30     0
3195.83  3.53e-14  5.99e-15   133    29     0
3198.49  3.85e-14  6.18e-15   133    31     0
3201.15  4.19e-14  6.72e-15   133    31     0
3203.82  3.29e-14  6.68e-15   132    23     0
3206.48  1.94e-14  5.87e-15   132    13     0
3209.14  2.76e-14  6.36e-15   131    18     0
3211.80  4.79e-14  7.71e-15   131    31     0
3214.47  4.86e-14  7.36e-15   131    30     0
3217.13  4.84e-14  7.62e-15   130    29     0
3219.79  4.02e-14  7.48e-15   130    23     0
3222.46  2.37e-14  6.94e-15   129    13     0
3225.12  3.92e-14  7.47e-15   129    21     0
3227.78  3.06e-14  7.23e-15   128    16     0
3230.44  2.46e-14  6.88e-15   128    13     0
3233.11  3.37e-14  7.35e-15   127    17     0
3235.77  4.70e-14  7.94e-15   127    24     0
3238.43  3.54e-14  7.33e-15   126    17     0
3241.09  4.13e-14  7.64e-15   125    20     0
3243.76  3.97e-14  7.64e-15   125    18     0
3246.42  3.68e-14  9.96e-15   124    14     0
3249.08  3.64e-14  9.05e-15   124    14     0
3251.74  2.66e-14  6.45e-15   123    13     0
3254.41  4.20e-14  7.83e-15   122    20     0
3257.07  6.33e-14  1.59e-14   122    26     0
3259.73  6.20e-14  9.32e-15   121    25     0
3262.40  4.43e-14  8.12e-15   120    16     0
3265.06  3.69e-14  7.37e-15   119    14     0
3267.72  4.32e-14  7.64e-15   119    16     0
3270.38  1.75e-14  8.17e-15   118     6     0
3273.05  1.53e-14  6.26e-15   117     5     0
3275.71  2.38e-14  6.18e-15   116     9     0
3278.37  4.03e-14  7.65e-15   115    14     0
3281.03  5.21e-14  9.56e-15   114    18     0
3283.70  6.63e-14  1.30e-14   113    22     0
3286.36  3.81e-14  1.07e-14   113    13     0
3289.02  3.97e-14  9.16e-15   112    13     0
3291.68  3.40e-14  9.53e-15   111    12     0
3294.35  4.59e-14  6.19e-15   110    16     0
3297.01  5.38e-14  6.95e-15   109    16     0
3299.67  3.46e-14  9.02e-15   107    10     0
3302.34  2.84e-14  1.38e-14   106     8     0
3305.00  1.09e-14  8.47e-15   105     3     0
3307.66  1.59e-14  1.03e-14   104     4     0
3310.32  3.10e-14  1.39e-14   103     7     0
3312.99  3.81e-14  1.47e-14   102     9     0
3315.65  6.29e-14  1.18e-14   100    15     0
3318.31  8.42e-14  1.80e-14    99    19     0
3320.97  7.08e-14  1.89e-14    98    15     0
3323.64  7.33e-14  1.39e-14    96    15     0
3326.30  9.16e-14  1.14e-14    95    19     0
3328.96  9.03e-14  1.09e-14    94    18     0
3331.62  9.73e-14  1.07e-14    92    17     0
3334.29  7.36e-14  1.11e-14    91    12     0
3336.95  2.17e-14  1.17e-14    89     3     0
3339.61  3.22e-14  1.45e-14    88     5     0
3342.28  6.32e-14  2.20e-14    86    10     0
3344.94  8.81e-14  1.62e-14    84    14     0
3347.60  8.38e-14  1.95e-14    83    12     0
