NOT ORIGINAL IUE PROJECT DATA PRODUCT
LWP2257LOWLARGE
HD  197481
20:42:05
-31:31:18
48
NO-TRAIL
NO
899.768
12/11/83
10:37:54
316
6.80
11/06/96
GSFC
2445650.94299
68
31
1851.18  3.72e-13  3.25e-13    95    40     0
1853.84 -1.39e-13  2.90e-13    95   -16     0
1856.51 -1.26e-13  1.72e-13    95   -24     0
1859.17 -2.94e-14  1.59e-13    95    -6     0
1861.83 -9.31e-14  2.34e-13    95   -13     0
1864.49 -9.06e-14  2.14e-13    95   -13     0
1867.16 -1.66e-13  2.80e-13    95   -19     0
1869.82  1.42e-14  2.61e-13    95     1     0
1872.48  1.36e-13  2.34e-13    94    18     0
1875.15  2.50e-13  2.12e-13    94    38     0
1877.81 -3.83e-14  1.90e-13    94    -6     0
1880.47 -1.05e-13  2.08e-13    94   -15     0
1883.13 -2.21e-13  1.96e-13    94   -34     0
1885.80  5.05e-14  1.40e-13    94    11     0
1888.46  1.73e-14  1.32e-13    94     3     0
1891.12  1.27e-13  1.74e-13    93    22     0
1893.78 -8.78e-14  1.61e-13    93   -16     0
1896.45 -8.30e-14  1.48e-13    93   -16     0
1899.11 -2.13e-15  1.45e-13    93     0     0
1901.77  2.33e-13  1.20e-13    93    62     0
1904.43 -2.81e-14  1.05e-13    93    -7     0
1907.10 -1.11e-13  1.03e-13    92   -31     0
1909.76 -3.35e-14  9.77e-14    92    -9     0
1912.42 -2.76e-14  1.02e-13    92    -7     0
1915.09 -5.75e-14  9.55e-14    92   -16     0
1917.75 -1.22e-13  9.20e-14    92   -36     0
1920.41  7.89e-15  8.34e-14    92     2     0
1923.07  1.84e-14  8.75e-14    91     6     0
1925.74  6.56e-14  7.26e-14    91    24     0
1928.40  5.48e-14  7.15e-14    91    21     0
1931.06  9.78e-14  9.81e-14    91    30     0
1933.72  5.60e-15  1.01e-13    91     1     0
1936.39  2.50e-14  7.38e-14    90     9     0
1939.05  1.45e-14  6.99e-14    90     5     0
1941.71 -1.62e-14  7.08e-14    90    -5     0
1944.37 -2.18e-14  6.84e-14    90    -8     0
1947.04 -5.00e-14  5.91e-14    90   -21     0
1949.70  3.21e-14  6.73e-14    90    14     0
1952.36 -5.93e-14  6.33e-14    89   -23     0
1955.03 -2.71e-14  5.14e-14    89   -13     0
1957.69 -3.76e-14  4.97e-14    89   -18     0
1960.35  9.68e-14  5.81e-14    89    51     0
1963.01 -9.25e-15  4.43e-14    89    -5     0
1965.68 -3.90e-14  4.66e-14    88   -19     0
1968.34  1.53e-15  4.51e-14    88     0     0
1971.00  2.20e-14  4.39e-14    88    11     0
1973.66  4.08e-14  4.33e-14    88    22     0
1976.33 -2.21e-14  4.31e-14    88   -11     0
1978.99 -2.27e-14  5.38e-14    88   -12     0
1981.65  4.92e-14  3.98e-14    87    30     0
1984.31  4.13e-16  3.58e-14    87     0     0
1986.98 -4.12e-14  3.35e-14    87   -27     0
1989.64 -2.22e-14  3.26e-14    87   -15     0
1992.30  4.01e-14  3.57e-14    87    26     0
1994.97  4.17e-15  3.27e-14    86     2     0
1997.63  2.38e-14  3.71e-14    86    16     0
2000.29 -4.73e-14  3.46e-14    86   -29     0
2002.95 -1.35e-14  3.39e-14    86    -8     0
2005.62  7.60e-16  5.59e-14    86     0     0
2008.28 -4.30e-14  3.03e-14    86   -29     0
2010.94  5.70e-14  3.24e-14    85    40     0
2013.60 -1.18e-14  3.01e-14    85    -8     0
2016.27  3.39e-15  3.23e-14    85     2     0
2018.93 -1.49e-14  3.20e-14    85    -9     0
2021.59  9.09e-14  4.53e-14    85    64     0
2024.25  9.53e-15  2.82e-14    85     6     0
2026.92  4.33e-14  2.97e-14    85    30     0
2029.58  3.85e-14  2.91e-14    84    27     0
2032.24 -3.06e-14  2.58e-14    84   -22     0
2034.91  1.25e-14  4.96e-14    84     9     0
2037.57 -2.25e-14  2.66e-14    84   -15     0
2040.23 -2.04e-15  2.52e-14    84    -1     0
2042.89 -8.09e-15  2.49e-14    84    -6     0
2045.56 -4.74e-14  2.66e-14    84   -32     0
2048.22 -1.52e-14  2.62e-14    83   -10     0
2050.88  1.42e-14  2.51e-14    83    10     0
2053.54 -7.73e-15  2.39e-14    83    -5     0
2056.21  3.29e-14  2.68e-14    83    23     0
2058.87 -2.56e-14  2.43e-14    83   -18     0
2061.53 -1.85e-14  2.35e-14    83   -13     0
2064.19  5.79e-15  2.43e-14    83     4     0
2066.86  1.09e-14  2.30e-14    83     8     0
2069.52 -2.14e-15  2.22e-14    82    -1     0
2072.18  7.75e-15  2.83e-14    82     6     0
2074.85  2.65e-14  2.41e-14    82    21     0
2077.51 -2.31e-14  2.12e-14    82   -17     0
2080.17 -3.44e-14  2.18e-14    82   -25     0
2082.83  2.67e-15  2.26e-14    82     2     0
2085.50  2.09e-15  2.12e-14    82     1     0
2088.16 -8.26e-15  2.19e-14    82    -6     0
2090.82 -1.09e-14  4.19e-14    82    -8     0
2093.48 -3.77e-14  2.01e-14    82   -29     0
2096.15  3.98e-14  2.88e-14    81    28     0
2098.81  9.85e-16  3.90e-14    81     0     0
2101.47  1.00e-14  2.53e-14    81     8     0
2104.13  7.31e-15  1.87e-14    81     6     0
2106.80 -1.07e-14  2.06e-14    81    -7     0
2109.46 -5.70e-15  2.05e-14    81    -4     0
2112.12  3.38e-14  2.18e-14    81    25     0
2114.79  3.12e-15  2.04e-14    81     2     0
2117.45 -2.56e-15  1.80e-14    81    -2     0
2120.11 -1.94e-14  1.93e-14    81   -14     0
2122.77 -3.06e-14  1.91e-14    81   -22     0
2125.44 -4.38e-15  2.76e-14    81    -3     0
2128.10 -3.96e-14  2.66e-14    81   -29     0
2130.76  9.71e-15  1.95e-14    81     6     0
2133.42 -1.60e-15  2.00e-14    81    -1     0
2136.09  2.97e-14  3.95e-14    80    23     0
2138.75 -3.12e-14  1.69e-14    80   -24     0
2141.41 -1.28e-14  1.82e-14    80    -9     0
2144.07  3.90e-14  2.43e-14    80    28     0
2146.74 -3.83e-15  1.63e-14    80    -3     0
2149.40  1.01e-14  1.68e-14    80     8     0
2152.06 -1.61e-14  1.70e-14    80   -12     0
2154.73 -3.69e-14  2.05e-14    80   -27     0
2157.39  4.41e-14  2.09e-14    80    37     0
2160.05 -4.60e-15  2.72e-14    80    -3     0
2162.71  9.76e-14  2.18e-14    80    78     0
2165.38 -1.08e-14  1.50e-14    80    -8     0
2168.04 -1.65e-14  1.49e-14    80   -13     0
2170.70 -6.43e-15  2.02e-14    80    -4     0
2173.36  8.25e-15  1.67e-14    80     6     0
2176.03  1.14e-14  1.61e-14    80     8     0
2178.69 -2.74e-14  1.48e-14    80   -21     0
2181.35 -1.12e-14  1.46e-14    80   -10     0
2184.01  3.42e-14  1.47e-14    80    30     0
2186.68 -1.36e-14  1.41e-14    80   -10     0
2189.34 -4.35e-15  1.52e-14    80    -3     0
2192.00  4.40e-14  3.61e-14    80    38     0
2194.67  2.79e-14  1.92e-14    80    24     0
2197.33 -1.72e-14  1.60e-14    80   -13     0
2199.99  2.33e-14  1.50e-14    80    18     0
2202.65  1.22e-14  1.67e-14    80     9     0
2205.32 -4.40e-14  1.35e-14    80   -34     0
2207.98 -2.70e-14  1.37e-14    80   -21     0
2210.64 -8.71e-15  1.95e-14    80    -7     0
2213.30  1.99e-14  1.47e-14    80    16     0
2215.97 -2.20e-14  1.39e-14    80   -18     0
2218.63  3.11e-15  2.01e-14    80     2     0
2221.29 -1.38e-14  2.52e-14    80   -12     0
2223.95 -1.24e-14  1.19e-14    80   -10     0
2226.62  5.55e-15  2.09e-14    80     4     0
2229.28 -3.69e-14  1.28e-14    80   -29     0
2231.94 -3.52e-14  1.16e-14    81   -29     0
2234.61  1.95e-17  1.44e-14    81     0     0
2237.27 -1.29e-14  1.60e-14    81   -11     0
2239.93 -6.58e-16  2.34e-14    81     0     0
2242.59  1.46e-14  2.54e-14    81    12     0
2245.26  4.84e-15  1.12e-14    81     4     0
2247.92 -8.91e-15  1.22e-14    81    -7     0
2250.58 -3.03e-14  1.03e-14    81   -26     0
2253.24  5.02e-14  2.85e-14    81    44     0
2255.91  5.75e-14  2.59e-14    81    49     0
2258.57 -1.70e-14  2.06e-14    81   -14     0
2261.23 -1.11e-14  1.66e-14    81    -9     0
2263.90 -1.87e-14  1.46e-14    81   -16     0
2266.56 -9.92e-15  1.20e-14    81    -9     0
2269.22  4.08e-15  1.50e-14    81     3     0
2271.88 -2.55e-14  8.94e-15    81   -24     0
2274.55  4.49e-14  1.46e-14    81    42     0
2277.21 -1.66e-14  9.39e-15    81   -15     0
2279.87 -9.16e-15  1.03e-14    81    -8     0
2282.53  2.09e-14  1.10e-14    82    21     0
2285.20  1.40e-14  1.05e-14    82    13     0
2287.86  2.04e-14  1.68e-14    82    20     0
2290.52  2.38e-15  9.31e-15    82     2     0
2293.18  6.61e-15  1.40e-14    82     6     0
2295.85 -9.72e-15  1.55e-14    82    -9     0
2298.51 -1.25e-14  1.01e-14    82   -12     0
2301.17  1.24e-14  1.67e-14    82    13     0
2303.83 -1.59e-14  8.64e-15    82   -16     0
2306.50 -1.34e-14  8.07e-15    82   -14     0
2309.16 -2.16e-16  1.72e-14    82     0     0
2311.82  2.04e-14  1.47e-14    82    20     0
2314.49 -1.44e-14  7.41e-15    82   -14     0
2317.15  7.22e-15  7.33e-15    82     7     0
2319.81  5.79e-15  1.47e-14    83     6     0
2322.47  1.95e-14  1.56e-14    83    22     0
2325.14 -8.04e-15  1.07e-14    83    -9     0
2327.80 -2.46e-14  1.18e-14    83   -29     0
2330.46 -8.15e-15  1.16e-14    83   -10     0
2333.12  2.41e-14  1.00e-14    83    31     0
2335.79  4.00e-14  1.59e-14    83    52     0
2338.45  8.07e-15  8.21e-15    83    10     0
2341.11  1.66e-14  9.91e-15    83    22     0
2343.77 -6.17e-15  8.64e-15    83    -8     0
2346.44  1.11e-14  1.30e-14    83    14     0
2349.10  1.88e-14  1.23e-14    83    25     0
2351.76  2.25e-14  1.58e-14    83    35     0
2354.43  3.00e-14  1.62e-14    84    47     0
2357.09  3.55e-15  1.31e-14    84     5     0
2359.75 -7.23e-15  7.85e-15    84   -10     0
2362.41  2.43e-14  1.52e-14    84    36     0
2365.08  1.20e-14  1.17e-14    84    17     0
2367.74  1.37e-14  1.22e-14    84    20     0
2370.40  3.93e-14  2.13e-14    84    59     0
2373.06  5.54e-15  8.14e-15    84     8     0
2375.73  9.09e-15  6.05e-15    84    13     0
2378.39  2.62e-14  5.90e-15    84    38     0
2381.05  2.04e-14  8.24e-15    84    32     0
2383.71  1.41e-14  7.74e-15    84    22     0
2386.38  4.44e-14  1.51e-14    84    71     0
2389.04  8.07e-15  5.95e-15    85    13     0
2391.70  3.12e-14  1.21e-14    85    44     0
2394.37 -3.35e-15  7.21e-15    85    -4     0
2397.03  2.24e-14  1.08e-14    85    37     0
2399.69  2.07e-14  6.54e-15    85    34     0
2402.35  1.04e-14  7.17e-15    85    17     0
2405.02  2.96e-14  1.08e-14    85    49     0
2407.68  3.91e-14  8.89e-15    85    66     0
2410.34  3.50e-14  1.25e-14    85    60     0
2413.00  8.50e-15  6.42e-15    85    14     0
2415.67  8.07e-15  8.48e-15    85    14     0
2418.33  1.32e-15  3.51e-15    85     2     0
2420.99  2.72e-14  8.50e-15    85    50     0
2423.66  1.69e-14  7.32e-15    85    31     0
2426.32  1.23e-14  8.94e-15    86    26     0
2428.98  5.29e-15  6.12e-15    86    11     0
2431.64  1.73e-14  4.09e-15    86    32     0
2434.31 -1.03e-15  5.09e-15    86    -1     0
2436.97  1.72e-14  7.27e-15    86    32     0
2439.63  5.30e-15  4.69e-15    86    10     0
2442.29  6.10e-15  6.09e-15    86    11     0
2444.96  1.04e-14  8.40e-15    86    19     0
2447.62  1.71e-14  6.01e-15    86    33     0
2450.28  4.78e-16  6.20e-15    86     0     0
2452.94  8.49e-15  6.65e-15    86    15     0
2455.61  1.97e-14  6.88e-15    86    36     0
2458.27  1.06e-14  7.28e-15    86    20     0
2460.93  1.59e-14  3.73e-15    86    33     0
2463.59  4.75e-15  4.86e-15    86    10     0
2466.26  1.81e-15  3.32e-15    86     3     0
2468.92 -3.41e-15  5.81e-15    86    -7     0
2471.58  1.08e-14  6.39e-15    87    23     0
2474.25  1.50e-14  8.68e-15    87    32     0
2476.91  1.90e-14  9.45e-15    87    43     0
2479.57  1.39e-14  4.34e-15    87    32     0
2482.23  2.18e-14  8.55e-15    87    50     0
2484.90  1.73e-14  8.43e-15    87    40     0
2487.56  1.44e-14  5.63e-15    87    32     0
2490.22  1.23e-14  6.31e-15    87    28     0
2492.88  2.81e-14  8.16e-15    87    64     0
2495.55  4.44e-14  9.75e-15    87   102     0
2498.21  2.92e-14  8.68e-15    87    67     0
2500.87  7.10e-15  5.97e-15    87    16     0
2503.54  4.05e-15  6.10e-15    87     9     0
2506.20  1.70e-14  5.79e-15    87    40     0
2508.86  1.31e-14  4.19e-15    87    31     0
2511.52  1.35e-14  5.48e-15    87    33     0
2514.19  1.43e-14  5.99e-15    87    35     0
2516.85  2.04e-14  6.61e-15    87    47     0
2519.51  1.22e-14  5.34e-15    87    28     0
2522.17  1.86e-14  7.07e-15    87    46     0
2524.84  8.02e-15  3.90e-15    87    20     0
2527.50  1.32e-14  3.96e-15    87    32     0
2530.16  1.28e-14  3.90e-15    87    32     0
2532.82  4.78e-15  5.06e-15    87    12     0
2535.49  1.50e-14  5.35e-15    87    38     0
2538.15  1.89e-14  6.95e-15    87    48     0
2540.81  2.34e-14  4.77e-15    87    61     0
2543.48  2.88e-14  8.38e-15    87    76     0
2546.14  1.10e-14  5.24e-15    87    29     0
2548.80  7.14e-15  4.04e-15    87    19     0
2551.46  9.12e-15  5.96e-15    87    24     0
2554.13  1.25e-14  2.51e-15    87    33     0
2556.79  2.40e-15  3.23e-15    87     6     0
2559.45  9.83e-15  4.51e-15    87    27     0
2562.11  5.09e-15  3.54e-15    87    14     0
2564.78  1.87e-14  6.00e-15    87    52     0
2567.44  1.59e-14  4.69e-15    87    44     0
2570.10  5.23e-15  2.74e-15    87    16     0
2572.76  5.60e-15  3.76e-15    87    17     0
2575.43  1.29e-14  4.16e-15    87    36     0
2578.09  2.05e-14  3.82e-15    87    58     0
2580.75  2.20e-14  8.16e-15    87    63     0
2583.42  1.50e-14  5.34e-15    87    43     0
2586.08  2.64e-14  8.80e-15    87    81     0
2588.74  2.51e-14  5.71e-15    87    78     0
2591.40  1.30e-14  4.93e-15    87    36     0
2594.07  1.08e-14  3.92e-15    87    31     0
2596.73  2.43e-14  4.87e-15    87    72     0
2599.39  4.96e-14  9.29e-15    87   149     0
2602.05  5.66e-14  4.53e-15    87   170     0
2604.72  2.10e-14  5.97e-15    87    63     0
2607.38  2.60e-14  6.42e-15    87    79     0
2610.04  2.81e-14  7.77e-15    87    84     0
2612.70  3.21e-14  6.38e-15    87    97     0
2615.37  5.59e-14  4.53e-15    87   172     0
2618.03  3.42e-14  8.69e-15    87   105     0
2620.69  4.30e-14  7.53e-15    87   133     0
2623.35  5.46e-14  6.26e-15    87   169     0
2626.02  7.56e-14  9.76e-15    87   242     0
2628.68  5.86e-14  5.33e-15    87   188     0
2631.34  5.42e-14  1.09e-14    87   169     0
2634.01  5.86e-14  9.12e-15    87   183     0
2636.67  1.94e-14  3.54e-15    87    61     0
2639.33  1.10e-14  4.27e-15    87    34     0
2641.99  8.54e-15  3.81e-15    86    27     0
2644.66  3.78e-15  2.54e-15    86    12     0
2647.32  7.45e-15  4.22e-15    86    24     0
2649.98  6.45e-15  4.55e-15    86    21     0
2652.64  1.16e-14  3.28e-15    86    37     0
2655.31  7.02e-15  2.21e-15    86    23     0
2657.97  1.57e-15  2.77e-15    86     5     0
2660.63  7.78e-15  3.67e-15    86    24     0
2663.30  1.46e-14  4.36e-15    86    46     0
2665.96  2.18e-15  1.94e-15    86     7     0
2668.62  1.20e-14  2.00e-15    86    39     0
2671.28  1.07e-14  2.95e-15    86    35     0
2673.95  1.13e-14  2.07e-15    86    37     0
2676.61  9.24e-15  2.33e-15    86    31     0
2679.27  1.41e-14  2.76e-15    86    47     0
2681.93  1.04e-14  3.39e-15    86    36     0
2684.60  1.49e-14  2.85e-15    85    51     0
2687.26  8.68e-15  2.62e-15    85    29     0
2689.92  1.12e-14  3.03e-15    85    37     0
2692.58  1.52e-14  2.83e-15    85    51     0
2695.25  1.18e-14  2.18e-15    85    40     0
2697.91  1.29e-14  4.40e-15    85    44     0
2700.57  6.21e-15  2.07e-15    85    21     0
2703.24  6.34e-15  1.68e-15    85    21     0
2705.90  1.28e-14  2.21e-15    85    44     0
2708.56  1.18e-14  3.37e-15    85    40     0
2711.22  1.51e-14  2.23e-15    85    48     0
2713.89  2.25e-14  4.39e-15    85    72     0
2716.55  2.06e-14  2.41e-15    84    69     0
2719.21  1.15e-14  2.69e-15    84    38     0
2721.87  1.12e-14  2.06e-15    84    36     0
2724.54  1.46e-14  2.20e-15    84    48     0
2727.20  2.53e-14  4.25e-15    84    85     0
2729.86  2.79e-14  5.36e-15    84    95     0
2732.52  2.51e-14  4.09e-15    84    87     0
2735.19  1.84e-14  3.55e-15    84    63     0
2737.85  1.93e-14  2.85e-15    84    66     0
2740.51  3.66e-14  4.38e-15    84   126     0
2743.18  3.29e-14  4.09e-15    84   113     0
2745.84  3.83e-14  7.28e-15    83   130     0
2748.50  4.13e-14  5.61e-15    83   140     0
2751.16  3.31e-14  3.30e-15    83   112     0
2753.83  2.57e-14  4.68e-15    83    87     0
2756.49  2.38e-14  3.09e-15    83    82     0
2759.15  2.83e-14  4.38e-15    83    98     0
2761.81  1.97e-14  3.81e-15    83    69     0
2764.48  1.69e-14  3.35e-15    83    59     0
2767.14  1.67e-14  2.18e-15    83    57     0
2769.80  1.39e-14  2.08e-15    82    47     0
2772.46  1.73e-14  2.98e-15    82    59     0
2775.13  1.91e-14  3.86e-15    82    65     0
2777.79  1.56e-14  2.13e-15    82    53     0
2780.45  1.46e-14  2.65e-15    82    50     0
2783.12  1.68e-14  2.52e-15    82    57     0
2785.78  1.97e-14  2.37e-15    82    65     0
2788.44  1.98e-14  2.37e-15    82    65     0
2791.10  4.04e-14  3.31e-15    82   140     0
2793.77  1.13e-13  8.73e-15    81   390     0
2796.43  2.73e-13  1.63e-14    81   908 -1024
2799.09  3.07e-13  2.20e-14    81  1024     0
2801.75  2.08e-13  9.19e-15    81   683     0
2804.42  2.17e-13  1.01e-14    81   719     0
2807.08  2.04e-13  1.41e-14    81   671     0
2809.74  4.84e-14  3.50e-15    81   159     0
2812.40  1.04e-14  1.94e-15    81    34     0
2815.07  1.29e-14  3.84e-15    81    43     0
2817.73  1.74e-14  2.27e-15    80    58     0
2820.39  1.40e-14  2.13e-15    80    46     0
2823.06  1.16e-14  2.08e-15    80    38     0
2825.72  9.82e-15  1.92e-15    80    32     0
2828.38  1.18e-14  2.01e-15    80    39     0
2831.04  1.60e-14  2.23e-15    80    52     0
2833.71  1.11e-14  2.01e-15    80    36     0
2836.37  1.38e-14  2.10e-15    80    46     0
2839.03  1.55e-14  2.17e-15    79    52     0
2841.69  1.88e-14  2.30e-15    79    62     0
2844.36  1.73e-14  2.28e-15    79    57     0
2847.02  1.62e-14  2.23e-15    79    53     0
2849.68  1.77e-14  3.00e-15    79    57     0
2852.34  1.98e-14  2.94e-15    79    65     0
2855.01  2.90e-14  3.47e-15    79    93     0
2857.67  2.51e-14  2.64e-15    79    80     0
2860.33  2.42e-14  3.50e-15    78    77     0
2863.00  2.13e-14  3.22e-15    78    68     0
2865.66  2.47e-14  2.59e-15    78    79     0
2868.32  1.95e-14  2.77e-15    78    62     0
2870.98  1.97e-14  2.43e-15    78    62     0
2873.65  1.67e-14  2.32e-15    78    53     0
2876.31  1.97e-14  2.41e-15    78    63     0
2878.97  2.02e-14  2.45e-15    78    64     0
2881.63  1.96e-14  2.80e-15    77    61     0
2884.30  2.32e-14  2.66e-15    77    72     0
2886.96  2.30e-14  2.62e-15    77    71     0
2889.62  2.13e-14  2.55e-15    77    65     0
2892.28  1.67e-14  2.34e-15    77    52     0
2894.95  1.68e-14  2.36e-15    77    52     0
2897.61  1.41e-14  2.23e-15    77    43     0
2900.27  1.31e-14  2.41e-15    77    39     0
2902.94  1.51e-14  2.32e-15    76    45     0
2905.60  1.18e-14  2.12e-15    76    36     0
2908.26  1.55e-14  2.30e-15    76    47     0
2910.92  1.46e-14  2.28e-15    76    44     0
2913.59  1.78e-14  2.42e-15    76    54     0
2916.25  1.84e-14  2.47e-15    76    54     0
2918.91  2.23e-14  2.61e-15    76    66     0
2921.57  1.89e-14  2.65e-15    76    56     0
2924.24  2.17e-14  2.59e-15    75    64    -4
2926.90  2.91e-14  2.92e-15    75    85    -4
2929.56  2.69e-14  2.84e-15    75    78    -4
2932.22  2.33e-14  2.75e-15    75    66    -4
2934.89  2.59e-14  2.87e-15    75    72    -4
2937.55  2.77e-14  3.02e-15    75    77    -4
2940.21  2.75e-14  2.94e-15    75    75    -4
2942.88  2.94e-14  3.03e-15    74    80    -4
2945.54  3.44e-14  3.24e-15    74    92    -4
2948.20  2.56e-14  2.93e-15    74    68    -4
2950.86  2.29e-14  2.75e-15    74    65     0
2953.53  2.61e-14  2.83e-15    74    74     0
2956.19  2.61e-14  2.94e-15    74    70     0
2958.85  1.75e-14  2.60e-15    74    46     0
2961.51  2.13e-14  2.79e-15    74    55     0
2964.18  2.98e-14  3.13e-15    73    76     0
2966.84  2.27e-14  2.84e-15    73    59     0
2969.50  2.72e-14  3.33e-15    73    69     0
2972.16  2.34e-14  2.94e-15    73    59     0
2974.83  2.06e-14  2.88e-15    73    51     0
2977.49  1.87e-14  2.83e-15    73    45     0
2980.15  2.56e-14  3.55e-15    73    58     0
2982.82  2.74e-14  5.69e-15    72    62 -8320
2985.48  4.54e-14  7.35e-15    72   110 -8320
2988.14  2.77e-14  6.66e-15    72    66     0
2990.80  1.94e-14  5.67e-15    72    45     0
2993.47  1.99e-14  3.01e-15    72    45     0
2996.13  1.95e-14  3.50e-15    72    40     0
2998.79  2.60e-14  3.46e-15    72    53     0
3001.45  2.85e-14  4.16e-15    72    63     0
3004.12  2.39e-14  3.82e-15    71    52     0
3006.78  2.05e-14  3.09e-15    71    45     0
3009.44  2.15e-14  3.10e-15    71    47     0
3012.10  2.21e-14  3.20e-15    71    46     0
3014.77  2.53e-14  3.35e-15    71    52     0
3017.43  1.90e-14  3.13e-15    71    39     0
3020.09  2.11e-14  3.27e-15    70    42     0
3022.76  2.40e-14  3.42e-15    70    47     0
3025.42  2.07e-14  3.26e-15    70    41     0
3028.08  2.26e-14  3.36e-15    70    44     0
3030.74  1.69e-14  3.17e-15    70    32     0
3033.41  1.95e-14  3.30e-15    70    36     0
3036.07  1.83e-14  3.24e-15    70    34     0
3038.73  2.47e-14  3.53e-15    69    46     0
3041.39  2.03e-14  3.42e-15    69    36     0
3044.06  1.88e-14  3.40e-15    69    33     0
3046.72  2.03e-14  3.43e-15    69    36     0
3049.38  2.72e-14  3.74e-15    69    48     0
3052.04  2.47e-14  5.29e-15    69    45     0
3054.71  1.28e-14  1.76e-14    68    23 -4096
3057.37  5.53e-15  1.80e-14    68     9 -4096
3060.03  1.35e-14  1.93e-14    68    21 -4096
3062.70  2.73e-14  1.84e-14    68    43 -4096
3065.36  2.88e-14  4.43e-15    68    40     0
3068.02  2.60e-14  4.35e-15    67    35     0
3070.68  2.24e-14  3.92e-15    67    33     0
3073.35  2.66e-14  4.13e-15    67    39     0
3076.01  2.84e-14  4.28e-15    67    40     0
3078.67  2.06e-14  4.04e-15    67    28     0
3081.33  1.88e-14  4.13e-15    67    24     0
3084.00  2.20e-14  4.30e-15    66    28     0
3086.66  2.31e-14  4.04e-15    66    32     0
3089.32  2.74e-14  4.25e-15    66    38     0
3091.98  2.71e-14  4.51e-15    66    34     0
3094.65  3.50e-14  4.85e-15    65    44     0
3097.31  3.15e-14  4.67e-15    65    39     0
3099.97  2.06e-14  4.27e-15    65    25     0
3102.64  2.02e-14  4.38e-15    65    24     0
3105.30  1.62e-14  4.19e-15    65    19     0
3107.96  2.66e-14  4.66e-15    64    31     0
3110.62  3.40e-14  4.95e-15    64    39     0
3113.29  3.25e-14  4.95e-15    64    36     0
3115.95  3.55e-14  5.59e-15    64    34     0
3118.61  2.66e-14  5.30e-15    63    25     0
3121.27  3.76e-14  5.41e-15    63    39     0
3123.94  3.94e-14  5.48e-15    63    40     0
3126.60  3.78e-14  5.60e-15    63    36     0
3129.26  3.88e-14  5.71e-15    62    37     0
3131.92  3.15e-14  5.40e-15    62    29     0
3134.59  3.30e-14  5.51e-15    62    30     0
3137.25  2.60e-14  5.30e-15    61    23     0
3139.91  2.82e-14  5.44e-15    61    25     0
3142.58  3.07e-14  5.38e-15    61    28     0
3145.24  3.65e-14  5.81e-15    61    31     0
3147.90  3.91e-14  5.97e-15    60    33     0
3150.56  4.04e-14  6.09e-15    60    33     0
3153.23  3.54e-14  5.92e-15    60    28     0
3155.89  2.75e-14  5.47e-15    59    22     0
3158.55  3.01e-14  5.61e-15    59    24     0
3161.21  4.64e-14  6.19e-15    59    37     0
3163.88  5.01e-14  6.40e-15    58    39     0
3166.54  5.32e-14  7.08e-15    58    37     0
3169.20  5.75e-14  7.31e-15    57    39     0
3171.86  5.07e-14  6.97e-15    57    34     0
3174.53  4.38e-14  6.64e-15    57    29     0
3177.19  3.92e-14  6.21e-15    56    27     0
3179.85  3.12e-14  6.30e-15    56    21     0
3182.52  3.13e-14  5.87e-15    55    21     0
3185.18  2.88e-14  5.56e-15    55    20     0
3187.84  3.76e-14  5.95e-15    55    26     0
3190.50  4.55e-14  6.63e-15    54    29     0
3193.17  3.70e-14  6.31e-15    54    23     0
3195.83  3.08e-14  6.09e-15    53    19     0
3198.49  4.06e-14  6.34e-15    53    25     0
3201.15  3.07e-14  6.23e-15    52    17     0
3203.82  3.60e-14  6.47e-15    52    19     0
3206.48  4.85e-14  7.05e-15    51    25     0
3209.14  3.98e-14  6.85e-15    51    20     0
3211.80  3.38e-14  6.64e-15    50    16     0
3214.47  3.22e-14  9.06e-15    50    15     0
3217.13  2.53e-14  6.44e-15    49    11     0
3219.79  2.70e-14  7.23e-15    49    12     0
3222.46  3.09e-14  6.87e-15    48    12     0
3225.12  2.07e-14  6.34e-15    47     8     0
3227.78  2.60e-14  6.62e-15    47    10     0
3230.44  2.83e-14  1.15e-14    46    11     0
3233.11  3.21e-14  1.32e-14    45    12     0
3235.77  4.79e-14  9.85e-15    45    18     0
3238.43  5.17e-14  7.67e-15    44    19     0
3241.09  2.59e-14  6.32e-15    43     9     0
3243.76  4.00e-14  6.97e-15    43    14     0
3246.42  4.96e-14  8.00e-15    42    15     0
3249.08  4.97e-14  1.09e-14    41    14     0
3251.74  4.13e-14  6.48e-15    41    15     0
3254.41  4.15e-14  8.21e-15    40    15     0
3257.07  4.21e-14  1.18e-14    39    13     0
3259.73  4.51e-14  1.77e-14    38    14     0
3262.40  4.62e-14  8.27e-15    38    13     0
3265.06  3.08e-14  8.41e-15    37     9     0
3267.72  3.02e-14  8.95e-15    36     8     0
3270.38  3.61e-14  6.79e-15    35    10     0
3273.05  4.16e-14  7.14e-15    34    11     0
3275.71  3.03e-14  6.79e-15    33     8     0
3278.37  5.39e-14  6.93e-15    32    15     0
3281.03  8.54e-14  7.81e-15    31    22     0
3283.70  6.31e-14  7.60e-15    30    16     0
3286.36  7.30e-14  7.85e-15    29    19     0
3289.02  4.61e-14  7.45e-15    28    12     0
3291.68  4.98e-14  7.78e-15    27    13     0
3294.35  4.22e-14  8.01e-15    26    11     0
3297.01  3.79e-14  1.06e-14    25     8     0
3299.67  5.09e-14  1.44e-14    24    11     0
3302.34  5.53e-14  9.86e-15    23    12     0
3305.00  4.13e-14  9.19e-15    22     8     0
3307.66  2.38e-14  8.89e-15    21     5     0
3310.32  3.37e-14  1.01e-14    20     6     0
3312.99  3.76e-14  1.22e-14    19     7     0
3315.65  5.13e-14  1.11e-14    17     9     0
3318.31  6.20e-14  1.68e-14    16    10     0
3320.97  6.48e-14  1.61e-14    15    10     0
3323.64  5.59e-14  1.33e-14    13     8     0
3326.30  6.95e-14  2.22e-14    12    11     0
3328.96  4.79e-14  1.63e-14    11     7     0
3331.62  8.10e-14  1.45e-14     9    11     0
3334.29  5.71e-14  1.69e-14     8     7     0
3336.95  4.93e-14  2.20e-14     7     6     0
3339.61  7.86e-14  1.66e-14     5    10     0
3342.28  6.70e-14  1.58e-14     4     8     0
3344.94  4.93e-14  2.15e-14     2     6     0
3347.60  9.32e-14  3.09e-14     1    10     0
