NOT ORIGINAL IUE PROJECT DATA PRODUCT
LWP8274LOWLARGE
HD  197481
20:42:05
-31:31:18
48
NO-TRAIL
NO
439.787
24/05/86
21:33:54
144
8.50
28/01/95
GSFC
2446575.39854
56
31
1851.18 -1.24e-14  7.36e-13    87     0     0
1853.84  9.48e-13  7.25e-13    87    46     0
1856.51  8.53e-14  6.57e-13    87     4     0
1859.17 -3.63e-13  6.05e-13    87   -19     0
1861.83  6.32e-13  5.86e-13    87    36     0
1864.49  6.92e-13  5.42e-13    87    43     0
1867.16  1.12e-13  4.54e-13    87     8     0
1869.82  2.13e-13  4.26e-13    86    16     0
1872.48 -3.52e-13  3.95e-13    86   -28     0
1875.15  3.52e-13  3.74e-13    86    30     0
1877.81  1.84e-13  3.45e-13    86    17     0
1880.47 -3.78e-13  3.33e-13    86   -35     0
1883.13  3.26e-13  3.31e-13    86    31     0
1885.80 -2.77e-13  5.21e-13    86   -28     0
1888.46  1.94e-13  2.85e-13    86    21     0
1891.12 -7.33e-14  2.62e-13    86    -8     0
1893.78  3.01e-15  2.50e-13    86     0     0
1896.45 -5.71e-14  2.38e-13    85    -7     0
1899.11  1.58e-13  4.38e-13    85    20     0
1901.77 -2.23e-13  2.24e-13    85   -28     0
1904.43  1.34e-13  2.22e-13    85    17     0
1907.10  3.98e-15  2.04e-13    85     0     0
1909.76 -1.51e-14  1.97e-13    85    -2     0
1912.42 -4.01e-14  1.91e-13    85    -5     0
1915.09  7.71e-14  1.87e-13    85    11     0
1917.75  2.44e-14  1.78e-13    85     3     0
1920.41 -1.92e-14  1.69e-13    85    -3     0
1923.07 -4.75e-14  1.62e-13    84    -7     0
1925.74 -3.61e-14  1.60e-13    84    -6     0
1928.40  2.20e-13  1.64e-13    84    38     0
1931.06  6.28e-14  1.50e-13    84    11     0
1933.72 -5.62e-15  1.41e-13    84    -1     0
1936.39  6.57e-14  1.39e-13    84    12     0
1939.05  1.48e-14  1.32e-13    84     2     0
1941.71 -7.02e-14  1.27e-13    84   -14     0
1944.37  7.63e-14  1.26e-13    84    15     0
1947.04 -3.27e-14  1.18e-13    83    -6     0
1949.70 -1.38e-14  1.15e-13    83    -3     0
1952.36  4.01e-14  1.14e-13    83     8     0
1955.03  8.06e-15  1.09e-13    83     1     0
1957.69 -5.67e-14  1.05e-13    83   -13     0
1960.35 -5.73e-14  1.01e-13    83   -13     0
1963.01  1.37e-13  1.05e-13    83    33     0
1965.68 -3.77e-14  9.36e-14    83    -9     0
1968.34 -5.68e-13  9.05e-14    83  -148     0
1971.00  5.03e-14  9.20e-14    83    13     0
1973.66  5.49e-14  8.94e-14    83    14     0
1976.33  6.02e-15  8.13e-14    82     1     0
1978.99  1.30e-14  7.92e-14    82     3     0
1981.65  9.40e-14  8.24e-14    82    27     0
1984.31  4.18e-14  7.69e-14    82    12     0
1986.98 -7.10e-14  7.27e-14    82   -21     0
1989.64 -1.70e-14  7.06e-14    82    -5     0
1992.30 -2.43e-14  6.90e-14    82    -7     0
1994.97  1.07e-14  6.77e-14    82     3     0
1997.63  2.96e-14  6.66e-14    82     9     0
2000.29  5.08e-14  6.59e-14    82    16     0
2002.95  4.87e-14  6.59e-14    82    16     0
2005.62  3.70e-16  6.11e-14    82     0     0
2008.28 -3.95e-14  6.00e-14    82   -13     0
2010.94  2.03e-15  5.93e-14    82     0     0
2013.60  1.83e-13  7.03e-14    82    63     0
2016.27  3.69e-15  5.68e-14    81     1     0
2018.93 -1.10e-14  5.60e-14    81    -3     0
2021.59 -2.30e-14  5.69e-14    81    -8     0
2024.25  2.75e-14  5.70e-14    81     9     0
2026.92  9.67e-15  5.55e-14    81     3     0
2029.58  6.51e-14  5.84e-14    81    23     0
2032.24 -5.41e-14  5.37e-14    81   -19     0
2034.91  5.18e-16  5.31e-14    81     0     0
2037.57 -3.63e-14  5.26e-14    81   -12     0
2040.23  9.83e-15  5.29e-14    81     3     0
2042.89 -5.60e-15  5.17e-14    81    -1     0
2045.56 -2.96e-14  5.11e-14    81   -10     0
2048.22  9.58e-15  5.08e-14    81     3     0
2050.88 -1.60e-14  4.97e-14    81    -5     0
2053.54 -2.68e-15  4.90e-14    81     0     0
2056.21  4.91e-14  5.10e-14    81    18     0
2058.87  3.39e-14  4.92e-14    81    12     0
2061.53 -3.26e-14  4.65e-14    81   -12     0
2064.19 -7.44e-15  4.58e-14    81    -2     0
2066.86 -2.55e-15  4.59e-14    81     0     0
2069.52 -3.64e-15  4.52e-14    81    -1     0
2072.18  1.81e-14  4.51e-14    81     6     0
2074.85  4.05e-14  4.60e-14    81    15     0
2077.51  7.69e-15  4.30e-14    81     2     0
2080.17 -3.01e-14  4.23e-14    81   -11     0
2082.83 -3.64e-14  4.18e-14    81   -14     0
2085.50  6.16e-15  4.15e-14    81     2     0
2088.16  4.45e-14  4.38e-14    81    17     0
2090.82 -9.77e-17  3.99e-14    81     0     0
2093.48  8.05e-16  3.96e-14    81     0     0
2096.15  3.51e-14  4.23e-14    81    13     0
2098.81 -2.79e-14  3.96e-14    81   -10     0
2101.47  3.73e-14  4.18e-14    82    14     0
2104.13 -8.35e-16  3.91e-14    82     0     0
2106.80  3.39e-14  4.07e-14    82    13     0
2109.46 -1.94e-14  3.82e-14    82    -7     0
2112.12 -3.64e-14  3.83e-14    82   -13     0
2114.79 -1.59e-14  3.80e-14    82    -6     0
2117.45  4.47e-14  4.06e-14    82    16     0
2120.11 -1.72e-14  3.70e-14    82    -6     0
2122.77 -1.91e-14  3.66e-14    82    -7     0
2125.44  1.77e-14  3.68e-14    82     6     0
2128.10  2.22e-14  3.71e-14    82     8     0
2130.76 -2.07e-14  3.54e-14    82    -8     0
2133.42 -3.22e-14  3.50e-14    82   -12     0
2136.09 -5.70e-15  3.49e-14    82    -2     0
2138.75 -1.18e-14  3.45e-14    82    -4     0
2141.41 -6.85e-15  3.41e-14    83    -2     0
2144.07  2.84e-14  3.55e-14    83    11     0
2146.74  7.26e-14  3.82e-14    83    28     0
2149.40 -2.12e-15  3.29e-14    83     0     0
2152.06  3.21e-14  3.55e-14    83    12     0
2154.73 -1.41e-14  3.29e-14    83    -5     0
2157.39 -2.71e-14  3.20e-14    83   -10     0
2160.05  9.58e-14  3.72e-14    83    37     0
2162.71  9.90e-14  3.65e-14    83    38     0
2165.38 -2.30e-15  3.13e-14    83     0     0
2168.04  1.10e-14  3.17e-14    83     4     0
2170.70 -5.64e-15  3.09e-14    84    -2     0
2173.36 -4.45e-15  3.06e-14    84    -1     0
2176.03  2.31e-14  3.13e-14    84     9     0
2178.69 -2.18e-14  2.98e-14    84    -8     0
2181.35 -2.18e-14  3.00e-14    84    -8     0
2184.01 -1.54e-14  2.97e-14    84    -5     0
2186.68  1.56e-15  2.90e-14    84     0     0
2189.34 -3.72e-15  2.87e-14    84    -1     0
2192.00  1.01e-14  3.49e-14    84     3     0
2194.67  2.19e-15  2.81e-14    85     0     0
2197.33 -2.20e-14  2.82e-14    85    -8     0
2199.99  2.09e-14  2.92e-14    85     8     0
2202.65  5.26e-15  2.73e-14    85     2     0
2205.32 -2.89e-14  2.71e-14    85   -11     0
2207.98 -1.61e-14  2.68e-14    85    -6     0
2210.64 -2.26e-14  2.64e-14    85    -8     0
2213.30  4.13e-14  3.53e-14    85    16     0
2215.97 -5.12e-14  2.61e-14    86   -20     0
2218.63 -1.95e-14  2.58e-14    86    -7     0
2221.29  2.01e-14  2.66e-14    86     8     0
2223.95  6.85e-14  3.00e-14    86    27     0
2226.62  1.82e-14  2.63e-14    86     7     0
2229.28  1.70e-14  2.60e-14    86     6     0
2231.94 -3.65e-14  2.39e-14    86   -14     0
2234.61 -3.03e-14  2.36e-14    87   -12     0
2237.27 -1.42e-14  2.36e-14    87    -5     0
2239.93  1.10e-15  2.33e-14    87     0     0
2242.59  1.79e-14  2.42e-14    87     7     0
2245.26  2.00e-14  2.38e-14    87     8     0
2247.92  2.26e-14  2.34e-14    87     9     0
2250.58  2.70e-14  2.34e-14    87    11     0
2253.24 -3.17e-14  2.47e-14    87   -13     0
2255.91 -1.03e-15  2.09e-14    88     0     0
2258.57 -9.57e-15  2.04e-14    88    -4     0
2261.23  8.54e-15  2.05e-14    88     3     0
2263.90  6.38e-15  3.77e-14    88     2     0
2266.56 -7.88e-15  1.92e-14    88    -3     0
2269.22  5.54e-15  1.91e-14    88     2     0
2271.88 -3.57e-14  1.83e-14    88   -16     0
2274.55 -6.63e-16  1.79e-14    89     0     0
2277.21 -3.14e-14  1.81e-14    89   -15     0
2279.87 -3.99e-15  1.70e-14    89    -1     0
2282.53 -6.13e-15  1.69e-14    89    -3     0
2285.20  1.03e-15  1.67e-14    89     0     0
2287.86 -8.84e-15  1.65e-14    89    -4     0
2290.52 -2.05e-14  1.62e-14    89   -10     0
2293.18  2.96e-14  1.88e-14    90    14     0
2295.85 -1.39e-14  1.57e-14    90    -7     0
2298.51  3.82e-15  1.57e-14    90     1     0
2301.17  3.06e-14  1.72e-14    90    15     0
2303.83 -2.83e-14  1.50e-14    90   -14     0
2306.50 -5.50e-15  1.50e-14    90    -2     0
2309.16 -3.61e-16  1.47e-14    90     0     0
2311.82 -8.89e-15  1.41e-14    90    -4     0
2314.49 -2.35e-14  1.38e-14    91   -12     0
2317.15 -1.51e-14  1.40e-14    91    -8     0
2319.81  7.82e-15  1.37e-14    91     4     0
2322.47 -5.45e-15  1.30e-14    91    -3     0
2325.14 -1.09e-14  1.26e-14    91    -6     0
2327.80 -6.87e-15  1.37e-14    91    -4     0
2330.46  7.35e-15  1.27e-14    91     4     0
2333.12  7.31e-15  1.25e-14    91     4     0
2335.79  1.58e-14  1.25e-14    92     9     0
2338.45 -1.27e-14  1.13e-14    92    -8     0
2341.11  3.79e-15  1.11e-14    92     2     0
2343.77  5.37e-15  1.10e-14    92     3     0
2346.44  6.14e-15  1.08e-14    92     4     0
2349.10 -3.42e-15  1.01e-14    92    -2     0
2351.76 -9.32e-15  9.98e-15    92    -6     0
2354.43  5.50e-15  9.91e-15    92     3     0
2357.09 -4.16e-15  1.19e-14    92    -2     0
2359.75  1.02e-14  1.07e-14    92     7     0
2362.41 -6.55e-15  9.23e-15    93    -4     0
2365.08  2.06e-14  1.07e-14    93    14     0
2367.74  1.57e-14  1.01e-14    93    11     0
2370.40  3.74e-15  9.41e-15    93     2     0
2373.06 -3.68e-15  8.80e-15    93    -2     0
2375.73 -2.42e-15  8.66e-15    93    -1     0
2378.39  3.14e-15  8.70e-15    93     2     0
2381.05 -4.01e-15  8.42e-15    93    -2     0
2383.71  1.61e-14  9.29e-15    93    12     0
2386.38  1.62e-15  8.17e-15    93     1     0
2389.04  3.37e-15  8.09e-15    93     2     0
2391.70  8.08e-15  8.64e-15    94     6     0
2394.37  8.09e-15  1.13e-14    94     6     0
2397.03  1.12e-14  1.35e-14    94     8     0
2399.69  3.24e-15  7.58e-15    94     2     0
2402.35  5.93e-15  7.64e-15    94     4     0
2405.02  3.76e-15  8.49e-15    94     3     0
2407.68  7.37e-15  7.52e-15    94     6     0
2410.34  2.01e-14  8.30e-15    94    16     0
2413.00 -1.88e-15  7.33e-15    94    -1     0
2415.67  1.57e-15  6.77e-15    94     1     0
2418.33  1.16e-14  7.48e-15    94     9     0
2420.99 -1.46e-15  7.98e-15    94    -1     0
2423.66  8.27e-15  6.97e-15    94     7     0
2426.32  1.61e-14  7.13e-15    94    14     0
2428.98  2.29e-15  8.02e-15    94     2     0
2431.64 -3.05e-15  6.18e-15    94    -2     0
2434.31 -4.02e-16  6.14e-15    94     0     0
2436.97 -1.92e-15  6.04e-15    94    -1     0
2439.63  1.34e-15  6.24e-15    94     1     0
2442.29 -1.63e-15  5.94e-15    94    -1     0
2444.96  9.90e-16  5.76e-15    95     0     0
2447.62  6.23e-15  6.04e-15    95     5     0
2450.28  8.23e-15  6.04e-15    95     7     0
2452.94 -4.43e-15  5.53e-15    95    -4     0
2455.61  8.37e-16  5.50e-15    95     0     0
2458.27  1.80e-15  5.43e-15    95     1     0
2460.93  2.39e-14  1.60e-14    95    24     0
2463.59  2.84e-14  1.71e-14    95    28     0
2466.26  2.21e-14  1.67e-14    95    22     0
2468.92  2.64e-14  1.58e-14    95    27     0
2471.58  4.43e-14  2.32e-14    95    46     0
2474.25  4.39e-14  2.11e-14    95    46     0
2476.91  5.88e-14  2.19e-14    95    64     0
2479.57  1.63e-14  1.17e-14    95    18     0
2482.23  3.16e-14  1.26e-14    95    35     0
2484.90  4.00e-14  1.79e-14    94    44     0
2487.56  1.28e-14  1.18e-14    94    14     0
2490.22  3.21e-14  1.60e-14    94    35     0
2492.88  1.87e-14  1.11e-14    94    20     0
2495.55  2.01e-14  8.24e-15    94    22     0
2498.21  1.56e-14  1.01e-14    94    17     0
2500.87  2.62e-14  9.39e-15    94    28     0
2503.54  7.41e-15  6.34e-15    94     8     0
2506.20  2.10e-14  1.39e-14    94    23     0
2508.86  2.66e-14  1.30e-14    94    29     0
2511.52  9.40e-15  6.39e-15    94    10     0
2514.19  1.18e-14  1.32e-14    94    13     0
2516.85  1.19e-14  1.04e-14    94    13     0
2519.51  1.75e-14  5.31e-15    94    19     0
2522.17  1.02e-14  9.09e-15    94    11     0
2524.84  6.53e-15  4.78e-15    94     7     0
2527.50  1.36e-14  6.34e-15    94    16     0
2530.16  1.13e-14  6.67e-15    94    13     0
2532.82  7.01e-15  5.37e-15    94     8     0
2535.49  1.19e-14  5.84e-15    93    14     0
2538.15  9.64e-15  6.25e-15    93    11     0
2540.81 -2.40e-16  7.41e-15    93     0     0
2543.48  1.74e-14  8.09e-15    93    21     0
2546.14  1.13e-14  8.05e-15    93    14     0
2548.80  2.08e-15  4.75e-15    93     2     0
2551.46  6.94e-15  4.84e-15    93     9     0
2554.13  1.33e-14  4.53e-15    93    17     0
2556.79  5.31e-15  6.49e-15    93     7     0
2559.45  1.71e-14  5.24e-15    93    23     0
2562.11  1.13e-14  5.00e-15    92    15     0
2564.78  1.05e-14  4.32e-15    92    14     0
2567.44  5.03e-15  6.56e-15    92     6     0
2570.10  7.49e-15  4.96e-15    92    10     0
2572.76  3.21e-15  4.13e-15    92     4     0
2575.43  5.86e-15  3.72e-15    92     7     0
2578.09  2.40e-14  4.87e-15    92    32     0
2580.75  1.54e-14  5.33e-15    91    20     0
2583.42  3.97e-15  8.73e-15    91     5     0
2586.08  4.06e-15  9.64e-15    91     5     0
2588.74  9.04e-15  3.82e-15    91    12     0
2591.40  9.48e-15  3.86e-15    91    13     0
2594.07  6.33e-15  7.49e-15    91     8     0
2596.73  1.80e-14  9.46e-15    91    25     0
2599.39  2.19e-14  9.16e-15    90    31     0
2602.05  1.27e-14  6.17e-15    90    18     0
2604.72  6.23e-15  5.45e-15    90     8     0
2607.38  1.50e-14  7.55e-15    90    21     0
2610.04  8.55e-15  7.54e-15    90    12     0
2612.70  9.91e-15  5.05e-15    90    14     0
2615.37  1.98e-14  9.13e-15    89    29     0
2618.03  1.48e-14  8.67e-15    89    21     0
2620.69  1.29e-14  8.49e-15    89    19     0
2623.35  2.34e-14  9.86e-15    89    35     0
2626.02  2.50e-14  7.36e-15    89    37     0
2628.68  1.87e-14  8.96e-15    88    28     0
2631.34  1.21e-14  8.22e-15    88    18     0
2634.01  1.18e-14  6.25e-15    88    17     0
2636.67  1.65e-15  3.95e-15    88     2     0
2639.33  9.93e-16  2.99e-15    88     1     0
2641.99  7.90e-15  3.46e-15    87    12     0
2644.66 -4.85e-16  2.92e-15    87     0     0
2647.32  1.36e-15  3.07e-15    87     2     0
2649.98  8.26e-15  3.52e-15    87    12     0
2652.64  1.44e-14  3.73e-15    87    22     0
2655.31  7.12e-16  2.85e-15    86     1     0
2657.97  2.29e-16  3.22e-15    86     0     0
2660.63  3.96e-15  2.98e-15    86     6     0
2663.30  7.57e-15  3.22e-15    86    12     0
2665.96  9.62e-16  2.81e-15    86     1     0
2668.62  7.35e-15  3.18e-15    85    11     0
2671.28  2.40e-15  2.87e-15    85     3     0
2673.95  6.23e-15  3.09e-15    85    10     0
2676.61  3.33e-15  2.93e-15    85     5     0
2679.27  7.71e-15  3.18e-15    84    12     0
2681.93  3.64e-15  3.03e-15    84     5     0
2684.60  5.20e-15  4.88e-15    84     8     0
2687.26  2.22e-15  2.83e-15    84     3     0
2689.92 -2.65e-16  2.69e-15    83     0     0
2692.58 -6.89e-16  3.81e-15    83    -1     0
2695.25  1.87e-15  2.84e-15    83     3     0
2697.91  4.58e-15  2.94e-15    83     7     0
2700.57  8.99e-16  2.79e-15    82     1     0
2703.24  4.38e-15  2.98e-15    82     7     0
2705.90  4.18e-15  2.94e-15    82     6     0
2708.56  7.70e-15  3.21e-15    82    12     0
2711.22  7.19e-15  3.56e-15    81    11     0
2713.89  9.84e-15  4.72e-15    81    15     0
2716.55  4.80e-15  3.85e-15    81     7     0
2719.21  5.11e-15  3.34e-15    81     8     0
2721.87  5.33e-15  3.14e-15    80     8     0
2724.54  2.89e-15  3.47e-15    80     4     0
2727.20  6.94e-15  5.18e-15    80    11     0
2729.86  1.16e-14  5.31e-15    80    18     0
2732.52  6.37e-15  4.54e-15    79    10     0
2735.19  1.76e-15  6.48e-15    79     2     0
2737.85  1.35e-14  4.87e-15    79    22     0
2740.51  1.21e-14  3.76e-15    78    20     0
2743.18  8.98e-15  5.01e-15    78    14     0
2745.84  1.66e-14  4.85e-15    78    27     0
2748.50  1.31e-14  6.04e-15    78    21     0
2751.16  7.09e-15  6.95e-15    77    11     0
2753.83  6.99e-15  7.59e-15    77    11     0
2756.49  7.95e-15  6.10e-15    77    13     0
2759.15  7.00e-15  6.32e-15    77    11     0
2761.81  7.37e-15  5.76e-15    76    12     0
2764.48  2.37e-15  3.81e-15    76     3     0
2767.14  8.60e-15  3.25e-15    76    14     0
2769.80  2.36e-15  2.87e-15    76     3     0
2772.46  1.35e-14  3.57e-15    75    22     0
2775.13  4.42e-15  3.75e-15    75     7     0
2777.79  5.02e-15  3.34e-15    75     8     0
2780.45  7.35e-16  2.90e-15    74     1     0
2783.12  5.57e-15  3.03e-15    74     9     0
2785.78  8.29e-15  3.82e-15    74    13     0
2788.44  1.91e-14  7.66e-15    74    30     0
2791.10  2.08e-14  4.77e-15    73    33     0
2793.77  3.90e-14  6.33e-15    73    61     0
2796.43  4.52e-14  1.63e-14    73    71     0
2799.09  4.52e-14  1.18e-14    72    71     0
2801.75  4.47e-14  8.03e-15    72    70     0
2804.42  3.58e-14  5.93e-15    72    56     0
2807.08  1.47e-14  8.45e-15    72    23     0
2809.74  1.55e-14  4.23e-15    71    24     0
2812.40  2.99e-15  2.99e-15    71     4     0
2815.07 -6.27e-16  2.83e-15    71    -1     0
2817.73  4.28e-15  3.04e-15    71     6     0
2820.39  6.47e-15  3.57e-15    70    10     0
2823.06  5.66e-15  3.54e-15    70     9     0
2825.72  1.90e-15  2.93e-15    70     3     0
2828.38  1.16e-15  2.96e-15    70     1     0
2831.04  5.14e-15  3.11e-15    69     8     0
2833.71  2.45e-15  2.98e-15    69     3     0
2836.37  3.98e-15  3.08e-15    69     6     0
2839.03  4.24e-15  3.12e-15    68     6     0
2841.69  4.59e-15  3.16e-15    68     7     0
2844.36  9.98e-15  4.40e-15    68    15     0
2847.02  5.07e-15  3.57e-15    68     8     0
2849.68  8.48e-15  6.25e-15    67    13     0
2852.34  8.93e-15  6.01e-15    67    14     0
2855.01  3.83e-15  4.86e-15    67     5     0
2857.67  5.13e-15  3.32e-15    67     7     0
2860.33  3.55e-15  3.51e-15    66     5     0
2863.00  5.36e-15  3.24e-15    66     8     0
2865.66  6.51e-15  4.16e-15    66    10     0
2868.32  8.21e-15  3.77e-15    66    12     0
2870.98  6.40e-15  5.80e-15    65     9     0
2873.65  1.03e-14  6.78e-15    65    15     0
2876.31  1.33e-14  7.01e-15    65    20     0
2878.97  6.69e-15  7.65e-15    65    10     0
2881.63  7.35e-15  5.98e-15    64    11     0
2884.30  7.57e-15  4.11e-15    64    11     0
2886.96  6.85e-15  3.51e-15    64    10     0
2889.62  5.88e-15  5.75e-15    64     8     0
2892.28  1.63e-15  3.98e-15    64     2     0
2894.95  5.62e-15  5.32e-15    63     8     0
2897.61  8.14e-15  6.06e-15    63    12     0
2900.27  3.96e-15  3.30e-15    63     5     0
2902.94  5.04e-15  3.41e-15    63     7     0
2905.60 -9.88e-17  3.21e-15    62     0     0
2908.26  2.20e-15  3.33e-15    62     3     0
2910.92  8.18e-15  3.60e-15    62    11     0
2913.59  7.81e-15  4.06e-15    62    11     0
2916.25  3.05e-15  3.55e-15    62     4     0
2918.91  1.24e-14  4.34e-15    61    17     0
2921.57  1.03e-14  7.04e-15    61    14     0
2924.24  6.35e-15  6.00e-15    61     9     0
2926.90  6.85e-15  4.82e-15    61     9     0
2929.56  6.23e-15  4.72e-15    61     8     0
2932.22  6.45e-15  3.72e-15    60     8     0
2934.89  1.01e-14  3.98e-15    60    13     0
2937.55  1.44e-14  4.19e-15    60    19     0
2940.21  6.08e-15  3.79e-15    60     8     0
2942.88  8.87e-15  3.94e-15    60    11     0
2945.54  5.44e-15  4.74e-15    59     7     0
2948.20  4.99e-15  3.81e-15    59     6     0
2950.86  9.05e-15  4.06e-15    59    11     0
2953.53  1.35e-14  6.44e-15    59    17     0
2956.19  1.36e-14  6.09e-15    59    17     0
2958.85  7.05e-15  5.58e-15    59     9     0
2961.51  7.63e-15  4.34e-15    58     9     0
2964.18  1.39e-14  4.70e-15    58    17     0
2966.84  1.33e-14  6.45e-15    58    16     0
2969.50  1.39e-14  5.26e-15    58    16     0
2972.16  1.39e-14  4.54e-15    58    16     0
2974.83  1.37e-14  4.59e-15    58    16     0
2977.49  1.06e-14  4.42e-15    58    12     0
2980.15  1.31e-14  5.01e-15    57    15     0
2982.82  1.06e-14  4.53e-15    57    12     0
2985.48  3.83e-15  4.22e-15    57     4     0
2988.14  5.60e-15  4.39e-15    57     6     0
2990.80  5.24e-15  4.68e-15    57     5     0
2993.47  1.17e-15  4.24e-15    57     1     0
2996.13  2.31e-15  4.35e-15    57     2     0
2998.79  1.27e-14  4.90e-15    57    13     0
3001.45  1.35e-14  4.94e-15    56    14     0
3004.12  1.32e-14  4.95e-15    56    13     0
3006.78  1.26e-14  4.92e-15    56    13     0
3009.44  1.29e-14  4.97e-15    56    13     0
3012.10  1.15e-14  4.96e-15    56    11     0
3014.77  6.39e-15  4.77e-15    56     6     0
3017.43  6.16e-15  4.87e-15    56     6     0
3020.09  1.27e-14  5.27e-15    56    12     0
3022.76  9.89e-15  5.16e-15    56     9     0
3025.42  4.45e-15  5.00e-15    56     4     0
3028.08  1.49e-14  5.50e-15    56    13     0
3030.74  1.22e-14  5.40e-15    55    11     0
3033.41  5.54e-15  5.14e-15    55     5     0
3036.07  5.68e-15  5.23e-15    55     5     0
3038.73  7.92e-15  5.41e-15    55     6     0
3041.39  1.29e-14  5.74e-15    55    11     0
3044.06  4.62e-15  5.43e-15    55     3     0
3046.72  5.79e-15  5.55e-15    55     4     0
3049.38  1.60e-14  6.07e-15    55    13     0
3052.04  9.07e-15  8.94e-15    55     7     0
3054.71  2.86e-14  3.90e-14    55    22 -4096
3057.37 -1.41e-14  3.82e-14    55   -10 -4096
3060.03 -1.66e-14  3.86e-14    55   -12 -4096
3062.70  1.60e-14  1.22e-14    55    11 -4096
3065.36  1.14e-14  6.43e-15    55     8     0
3068.02  1.29e-14  6.56e-15    55     9     0
3070.68  1.07e-14  6.51e-15    55     7     0
3073.35  2.25e-14  7.14e-15    55    15     0
3076.01  1.00e-14  6.75e-15    55     6     0
3078.67  7.23e-15  6.71e-15    55     4     0
3081.33  4.93e-15  6.64e-15    54     3     0
3084.00  9.08e-15  6.91e-15    54     5     0
3086.66  1.37e-14  7.27e-15    54     8     0
3089.32  5.30e-15  6.90e-15    54     3     0
3091.98  1.68e-14  7.51e-15    54    10     0
3094.65  6.79e-15  7.15e-15    54     4     0
3097.31  1.13e-14  7.50e-15    54     6     0
3099.97  1.94e-14  7.95e-15    54    11     0
3102.64  2.46e-14  8.21e-15    54    13     0
3105.30  2.16e-14  8.17e-15    54    11     0
3107.96  2.36e-14  8.52e-15    54    12     0
3110.62  1.81e-14  8.14e-15    54     9     0
3113.29  1.66e-14  8.22e-15    54     8     0
3115.95  1.83e-14  8.35e-15    54     9     0
3118.61  1.36e-14  8.34e-15    54     6     0
3121.27  1.01e-14  8.29e-15    54     4     0
3123.94  1.04e-14  8.41e-15    54     5     0
3126.60  1.56e-14  8.69e-15    54     7     0
3129.26  1.78e-14  8.88e-15    54     8     0
3131.92  1.11e-14  8.58e-15    54     5     0
3134.59  1.69e-14  8.97e-15    54     7     0
3137.25  1.02e-14  8.72e-15    54     4     0
3139.91  2.15e-14  9.61e-15    54     9     0
3142.58  2.22e-14  9.62e-15    54     9     0
3145.24  3.08e-14  9.98e-15    54    12     0
3147.90  2.89e-14  1.24e-14    54    11     0
3150.56  2.71e-14  1.02e-14    54    10     0
3153.23  1.56e-14  9.81e-15    54     5     0
3155.89  1.10e-14  9.67e-15    54     4     0
3158.55  1.29e-14  9.82e-15    54     4     0
3161.21  2.65e-14  1.06e-14    54     9     0
3163.88  2.56e-14  1.06e-14    54     9     0
3166.54  3.00e-14  1.64e-14    54    10     0
3169.20  2.16e-14  1.07e-14    54     7     0
3171.86  3.55e-14  1.14e-14    54    11     0
3174.53  1.62e-14  1.35e-14    54     5     0
3177.19  2.56e-14  1.17e-14    54     8     0
3179.85  1.60e-14  1.07e-14    54     4     0
3182.52  3.29e-14  1.16e-14    54     9     0
3185.18  2.55e-14  1.13e-14    54     7     0
3187.84  2.36e-14  1.14e-14    54     6     0
3190.50  3.45e-14  1.23e-14    54     9     0
3193.17  8.73e-15  1.09e-14    54     2     0
3195.83  1.38e-14  1.12e-14    54     3     0
3198.49  5.00e-15  1.09e-14    54     1     0
3201.15  1.95e-15  1.08e-14    54     0     0
3203.82  1.24e-14  1.14e-14    54     3     0
3206.48  1.24e-14  1.17e-14    54     2     0
3209.14  8.90e-16  1.12e-14    54     0     0
3211.80  1.17e-14  1.18e-14    54     2     0
3214.47  3.09e-14  1.28e-14    54     6     0
3217.13  2.62e-14  1.37e-14    53     5     0
3219.79  2.07e-14  1.25e-14    53     4     0
3222.46  2.74e-14  1.28e-14    53     5     0
3225.12  1.54e-14  1.24e-14    53     3     0
3227.78  1.49e-14  1.29e-14    53     2     0
3230.44 -6.16e-15  1.42e-14    53    -1     0
3233.11  7.45e-15  1.21e-14    53     1     0
3235.77  2.14e-14  1.28e-14    53     3     0
3238.43  2.35e-14  1.29e-14    53     4     0
3241.09  6.39e-15  1.20e-14    53     1     0
3243.76  7.79e-15  1.20e-14    52     1     0
3246.42  6.82e-15  1.22e-14    52     1     0
3249.08  3.03e-14  1.31e-14    52     4     0
3251.74  3.09e-14  1.30e-14    52     4     0
3254.41  2.95e-14  1.31e-14    52     4     0
3257.07  5.71e-14  1.41e-14    52     8     0
3259.73  4.19e-14  1.37e-14    51     5     0
3262.40  1.71e-14  1.41e-14    51     2     0
3265.06  4.68e-16  1.45e-14    51     0     0
3267.72  2.11e-14  1.47e-14    51     2     0
3270.38  2.13e-14  1.50e-14    50     2     0
3273.05  1.10e-14  1.54e-14    50     1     0
3275.71 -1.32e-14  1.61e-14    50    -1     0
3278.37  1.34e-14  1.63e-14    50     1     0
3281.03  4.01e-15  1.68e-14    49     0     0
3283.70  1.42e-15  1.69e-14    49     0     0
3286.36  7.39e-15  1.73e-14    49     0     0
3289.02 -6.12e-15  1.87e-14    48     0     0
3291.68  2.59e-14  1.84e-14    48     2     0
3294.35  6.38e-14  2.89e-14    48     6     0
3297.01  5.13e-14  2.91e-14    47     5     0
3299.67  8.39e-14  1.98e-14    47     8     0
3302.34  5.20e-14  2.04e-14    47     4     0
3305.00  3.53e-14  2.11e-14    46     3     0
3307.66  2.47e-15  2.16e-14    46     0     0
3310.32 -4.65e-18  2.28e-14    45     0     0
3312.99 -2.04e-14  2.32e-14    45    -1     0
3315.65 -4.76e-14  2.46e-14    44    -3     0
3318.31  4.75e-15  2.53e-14    44     0     0
3320.97  2.30e-14  2.64e-14    43     1     0
3323.64 -4.03e-14  4.88e-14    43    -2     0
3326.30  1.36e-14  3.01e-14    42     0     0
3328.96  2.11e-14  2.93e-14    42     1     0
3331.62  8.36e-15  3.06e-14    41     0     0
3334.29  3.21e-14  3.18e-14    40     1     0
3336.95  5.62e-14  3.19e-14    40     3     0
3339.61  9.13e-14  3.32e-14    39     5     0
3342.28  5.67e-14  3.52e-14    38     3     0
3344.94  2.56e-14  3.65e-14    38     1     0
3347.60  7.30e-14  3.84e-14    37     3     0
