NOT ORIGINAL IUE PROJECT DATA PRODUCT
LWP09096LOWLARGE
HD  197481
20:42:06
-31:31:05
48
NO-TRAIL
ALONG-APER
01199.595
16/09/86
14:58:19
259
07.50
21/03/96
VILSPA
2446690.12383
63
32
1851.18 -1.96e-14  4.84e-13   198    -2     0
1853.84  2.57e-13  4.57e-13   197    33     0
1856.51 -6.80e-14  4.39e-13   197    -9     0
1859.17 -4.63e-14  4.06e-13   197    -6     0
1861.83  3.46e-14  3.70e-13   196     5     0
1864.49 -6.73e-14  3.38e-13   196   -11     0
1867.16 -1.85e-13  2.92e-13   196   -36     0
1869.82  1.28e-13  2.75e-13   195    26     0
1872.48  5.17e-14  2.58e-13   195    11     0
1875.15 -5.70e-15  2.31e-13   195    -1     0
1877.81  1.06e-13  2.20e-13   194    26     0
1880.47  1.81e-13  2.22e-13   194    45     0
1883.13  9.13e-14  2.07e-13   194    24     0
1885.80 -3.89e-15  1.88e-13   193    -1     0
1888.46 -4.27e-14  1.78e-13   193   -12     0
1891.12  6.04e-14  1.70e-13   193    18     0
1893.78  3.17e-14  1.62e-13   192    10     0
1896.45  1.03e-14  1.53e-13   192     3     0
1899.11 -3.23e-15  1.47e-13   192    -1     0
1901.77 -2.73e-14  1.44e-13   191    -9     0
1904.43 -1.22e-14  1.39e-13   191    -4     0
1907.10  5.88e-14  1.33e-13   191    22     0
1909.76  3.42e-14  1.29e-13   190    13     0
1912.42  8.45e-14  1.30e-13   190    33     0
1915.09  1.08e-13  1.41e-13   190    44     0
1917.75  1.37e-14  1.16e-13   189     5     0
1920.41  4.61e-14  1.08e-13   189    20     0
1923.07 -2.18e-14  1.03e-13   189   -10     0
1925.74  4.78e-14  1.03e-13   189    21     0
1928.40  8.24e-14  1.01e-13   188    38     0
1931.06  2.85e-14  9.39e-14   188    14     0
1933.72 -1.51e-13  8.98e-14   188   -76     0
1936.39  2.24e-14  8.72e-14   187    11     0
1939.05  1.95e-14  8.39e-14   187    10     0
1941.71  5.57e-14  8.22e-14   187    30     0
1944.37  9.85e-15  7.79e-14   187     5     0
1947.04 -1.33e-14  7.49e-14   186    -7     0
1949.70  4.34e-15  7.24e-14   186     2     0
1952.36 -9.66e-15  7.09e-14   186    -5     0
1955.03  2.50e-14  6.92e-14   186    15     0
1957.69  6.65e-14  6.84e-14   185    42     0
1960.35  2.84e-14  6.50e-14   185    18     0
1963.01  3.97e-16  6.19e-14   185     0     0
1965.68  1.59e-14  5.93e-14   185    11     0
1968.34  2.83e-14  5.79e-14   184    20     0
1971.00  1.06e-14  5.66e-14   184     7     0
1973.66  2.38e-14  5.52e-14   184    17     0
1976.33  2.78e-14  5.17e-14   184    21     0
1978.99  1.80e-14  4.98e-14   184    14     0
1981.65  1.28e-14  4.85e-14   183    10     0
1984.31 -1.52e-15  4.65e-14   183    -1     0
1986.98  6.80e-14  4.79e-14   183    56     0
1989.64  9.85e-15  4.44e-14   183     8     0
1992.30 -2.57e-15  4.31e-14   183    -2     0
1994.97  2.79e-15  4.21e-14   182     2     0
1997.63 -8.42e-16  4.07e-14   182     0     0
2000.29  2.58e-17  4.01e-14   182     0     0
2002.95  1.28e-14  3.97e-14   182    11     0
2005.62  2.90e-14  3.90e-14   182    27     0
2008.28  9.61e-15  3.76e-14   182     9     0
2010.94  5.49e-15  3.71e-14   181     5     0
2013.60  2.19e-14  3.70e-14   181    20     0
2016.27  2.48e-14  3.60e-14   181    24     0
2018.93 -3.75e-16  3.46e-14   181     0     0
2021.59  1.72e-14  3.59e-14   181    16     0
2024.25  3.79e-15  3.49e-14   181     3     0
2026.92 -4.44e-15  3.39e-14   181    -4     0
2029.58 -7.22e-15  3.35e-14   180    -6     0
2032.24 -1.58e-15  3.31e-14   180    -1     0
2034.91 -3.74e-15  3.28e-14   180    -3     0
2037.57 -8.33e-15  3.24e-14   180    -8     0
2040.23 -9.88e-15  3.23e-14   180    -9     0
2042.89 -5.42e-15  3.19e-14   180    -5     0
2045.56 -6.02e-15  3.15e-14   180    -5     0
2048.22 -9.55e-15  3.11e-14   180    -9     0
2050.88  3.69e-15  3.06e-14   180     3     0
2053.54 -7.87e-17  3.01e-14   179     0     0
2056.21 -6.50e-15  2.94e-14   179    -6     0
2058.87  1.08e-14  2.94e-14   179    10     0
2061.53  1.08e-14  2.89e-14   179    10     0
2064.19  1.30e-14  2.85e-14   179    13     0
2066.86 -1.61e-14  2.81e-14   179   -16     0
2069.52  7.79e-15  2.78e-14   179     7     0
2072.18  2.48e-14  2.78e-14   179    25     0
2074.85  1.46e-14  2.69e-14   179    15     0
2077.51 -6.37e-15  2.59e-14   179    -6     0
2080.17 -1.15e-14  2.57e-14   179   -12     0
2082.83  1.64e-14  2.61e-14   179    17     0
2085.50 -1.03e-14  2.52e-14   179   -10     0
2088.16 -8.49e-15  2.49e-14   178    -8     0
2090.82  1.84e-15  2.43e-14   178     1     0
2093.48  1.88e-14  2.48e-14   178    20     0
2096.15  8.01e-15  2.45e-14   178     8     0
2098.81  3.17e-14  2.54e-14   178    33     0
2101.47  1.77e-14  2.46e-14   178    18     0
2104.13 -8.29e-15  2.37e-14   178    -8     0
2106.80 -1.58e-15  2.33e-14   178    -1     0
2109.46  1.68e-14  2.38e-14   178    17     0
2112.12  1.14e-14  2.36e-14   178    11     0
2114.79  1.24e-14  2.34e-14   178    12     0
2117.45 -1.39e-14  2.29e-14   178   -14     0
2120.11 -1.91e-15  2.24e-14   178    -1     0
2122.77 -1.37e-14  2.21e-14   178   -14     0
2125.44 -1.53e-14  2.18e-14   178   -16     0
2128.10  2.01e-15  2.16e-14   178     2     0
2130.76  1.13e-15  2.13e-14   178     1     0
2133.42 -1.58e-14  2.10e-14   178   -16     0
2136.09 -1.22e-14  2.09e-14   178   -12     0
2138.75  7.60e-15  2.09e-14   178     8     0
2141.41  2.96e-15  2.04e-14   178     3     0
2144.07 -3.53e-15  2.02e-14   178    -3     0
2146.74 -4.29e-15  1.98e-14   178    -4     0
2149.40  1.53e-14  2.03e-14   178    16     0
2152.06 -1.79e-14  1.98e-14   178   -18     0
2154.73  9.55e-16  1.96e-14   178     0     0
2157.39 -5.00e-15  1.91e-14   178    -5     0
2160.05 -6.88e-16  1.89e-14   178     0     0
2162.71  8.91e-15  1.90e-14   178     9     0
2165.38 -1.21e-14  1.86e-14   178   -12     0
2168.04 -1.55e-14  1.84e-14   178   -16     0
2170.70 -1.68e-14  1.84e-14   178   -17     0
2173.36  7.31e-15  1.85e-14   178     7     0
2176.03 -7.10e-15  1.79e-14   178    -7     0
2178.69  4.48e-15  1.77e-14   178     4     0
2181.35  1.06e-14  1.82e-14   178    11     0
2184.01  5.30e-15  1.78e-14   178     5     0
2186.68  2.17e-14  1.79e-14   178    23     0
2189.34 -1.11e-14  1.70e-14   178   -11     0
2192.00 -1.69e-14  1.68e-14   178   -18     0
2194.67 -2.28e-15  1.66e-14   178    -2     0
2197.33 -1.86e-16  1.67e-14   178     0     0
2199.99  2.40e-15  1.66e-14   178     2     0
2202.65  3.24e-15  1.60e-14   179     3     0
2205.32  5.69e-15  1.62e-14   179     6     0
2207.98  8.57e-15  1.60e-14   179     9     0
2210.64 -8.37e-15  1.55e-14   179    -9     0
2213.30  9.74e-15  1.58e-14   179    10     0
2215.97  1.82e-14  1.60e-14   179    19     0
2218.63  1.68e-14  1.59e-14   179    18     0
2221.29  1.24e-16  1.47e-14   179     0     0
2223.95  1.56e-14  1.51e-14   179    17     0
2226.62  2.43e-14  1.57e-14   179    26     0
2229.28 -1.21e-14  1.45e-14   179   -13     0
2231.94  1.92e-15  1.40e-14   179     2     0
2234.61 -4.79e-15  1.37e-14   179    -5     0
2237.27  8.54e-15  1.39e-14   179     9     0
2239.93 -7.64e-16  1.36e-14   179     0     0
2242.59 -1.13e-15  1.33e-14   179    -1     0
2245.26  5.36e-16  1.30e-14   179     0     0
2247.92 -2.39e-15  1.28e-14   179    -2     0
2250.58  2.24e-14  1.35e-14   179    26     0
2253.24  3.79e-15  1.23e-14   179     4     0
2255.91  3.00e-14  1.33e-14   179    35     0
2258.57  4.36e-14  1.38e-14   179    52     0
2261.23  5.54e-15  1.18e-14   179     6     0
2263.90 -1.62e-16  1.13e-14   179     0     0
2266.56  8.85e-15  1.14e-14   179    10     0
2269.22  5.07e-15  1.10e-14   179     6     0
2271.88 -5.28e-15  1.06e-14   179    -6     0
2274.55  9.41e-15  1.07e-14   179    12     0
2277.21 -3.86e-15  9.98e-15   179    -5     0
2279.87  6.14e-15  1.00e-14   179     8     0
2282.53  1.26e-14  1.03e-14   179    16     0
2285.20  2.97e-15  9.69e-15   180     3     0
2287.86 -6.39e-15  9.46e-15   180    -8     0
2290.52  8.55e-15  9.55e-15   180    11     0
2293.18  1.07e-14  9.53e-15   180    14     0
2295.85  7.64e-15  9.34e-15   180    10     0
2298.51  2.12e-15  8.91e-15   180     2     0
2301.17  5.53e-15  8.86e-15   180     7     0
2303.83  1.56e-14  9.15e-15   180    21     0
2306.50  1.40e-14  9.14e-15   180    19     0
2309.16  1.69e-14  8.98e-15   180    23     0
2311.82  4.14e-15  8.21e-15   180     6     0
2314.49  6.43e-15  8.10e-15   180     9     0
2317.15  1.78e-14  8.61e-15   180    26     0
2319.81  2.94e-16  7.57e-15   180     0     0
2322.47  1.26e-14  7.95e-15   180    19     0
2325.14  2.91e-14  8.58e-15   180    45     0
2327.80  1.95e-14  7.81e-15   180    31     0
2330.46  3.92e-14  8.80e-15   180    62     0
2333.12  3.27e-14  8.19e-15   180    53     0
2335.79  2.70e-14  7.62e-15   180    45     0
2338.45  2.11e-14  7.21e-15   180    36     0
2341.11  2.11e-14  7.06e-15   180    36     0
2343.77  2.03e-14  6.77e-15   180    35     0
2346.44  3.83e-14  7.51e-15   180    68     0
2349.10  1.28e-14  6.27e-15   180    23     0
2351.76  2.03e-14  6.44e-15   180    37     0
2354.43  1.34e-14  6.17e-15   180    25     0
2357.09  1.41e-14  5.89e-15   180    26     0
2359.75  2.69e-14  6.63e-15   179    51     0
2362.41  3.23e-14  6.88e-15   179    62     0
2365.08  1.78e-14  5.94e-15   179    34     0
2367.74  1.89e-14  5.94e-15   179    36     0
2370.40  4.03e-14  6.93e-15   179    79     0
2373.06  2.81e-14  6.15e-15   179    55     0
2375.73  2.81e-14  6.12e-15   179    56     0
2378.39  4.06e-14  6.62e-15   179    82     0
2381.05  3.17e-14  6.07e-15   179    63     0
2383.71  3.21e-14  6.66e-15   179    65     0
2386.38  2.98e-14  5.95e-15   179    61     0
2389.04  2.50e-14  5.65e-15   179    51     0
2391.70  3.64e-14  7.06e-15   179    76     0
2394.37  2.49e-14  5.43e-15   179    52     0
2397.03  3.42e-14  8.01e-15   179    73     0
2399.69  2.93e-14  5.52e-15   179    64     0
2402.35  2.27e-14  5.15e-15   179    50     0
2405.02  2.62e-14  5.25e-15   179    58     0
2407.68  2.49e-14  5.12e-15   178    56     0
2410.34  1.94e-14  4.65e-15   178    44     0
2413.00  1.70e-14  4.61e-15   178    39     0
2415.67  9.13e-15  4.08e-15   178    21     0
2418.33  1.05e-14  4.15e-15   178    24     0
2420.99  1.31e-14  4.17e-15   178    31     0
2423.66  2.28e-14  4.59e-15   178    55     0
2426.32  9.71e-15  3.89e-15   178    23     0
2428.98  1.05e-14  3.85e-15   178    25     0
2431.64  2.39e-14  4.42e-15   178    58     0
2434.31  1.37e-14  3.95e-15   178    33     0
2436.97  1.91e-14  4.20e-15   177    47     0
2439.63  5.52e-15  3.47e-15   177    13     0
2442.29  1.99e-14  4.70e-15   177    50     0
2444.96  1.33e-14  3.91e-15   177    34     0
2447.62  1.28e-14  3.71e-15   177    33     0
2450.28  3.99e-15  3.21e-15   177    10     0
2452.94  9.19e-15  3.44e-15   177    24     0
2455.61  1.40e-14  3.96e-15   177    37     0
2458.27  1.64e-14  4.00e-15   176    43     0
2460.93  1.30e-14  3.45e-15   176    35     0
2463.59  1.16e-14  3.27e-15   176    32     0
2466.26  1.92e-14  4.03e-15   176    52     0
2468.92  1.63e-14  3.45e-15   176    45     0
2471.58  1.40e-14  3.59e-15   176    39     0
2474.25  3.44e-14  4.18e-15   176    99     0
2476.91  1.99e-14  3.83e-15   175    59     0
2479.57  1.72e-14  3.27e-15   175    51     0
2482.23  1.70e-14  3.24e-15   175    51     0
2484.90  1.76e-14  3.13e-15   175    53     0
2487.56  2.21e-14  4.75e-15   175    67     0
2490.22  2.88e-14  3.94e-15   175    86     0
2492.88  1.88e-14  3.60e-15   174    56     0
2495.55  1.03e-14  2.86e-15   174    31     0
2498.21  1.48e-14  3.08e-15   174    44     0
2500.87  1.39e-14  3.00e-15   174    41     0
2503.54  2.15e-14  4.40e-15   174    63     0
2506.20  1.72e-14  3.71e-15   173    51     0
2508.86  1.78e-14  3.26e-15   173    53     0
2511.52  1.41e-14  3.62e-15   173    43     0
2514.19  1.94e-14  3.15e-15   173    60     0
2516.85  9.95e-15  3.06e-15   173    30     0
2519.51  1.59e-14  2.96e-15   172    49     0
2522.17  3.08e-14  5.17e-15   172    97     0
2524.84  2.06e-14  5.72e-15   172    66     0
2527.50  1.69e-14  2.92e-15   172    54     0
2530.16  2.31e-14  3.18e-15   172    75     0
2532.82  2.63e-14  3.29e-15   171    86     0
2535.49  2.68e-14  3.25e-15   171    88     0
2538.15  2.27e-14  4.07e-15   171    75     0
2540.81  1.48e-14  3.85e-15   171    50     0
2543.48  1.04e-14  3.73e-15   170    35     0
2546.14  1.55e-14  4.30e-15   170    53     0
2548.80  2.03e-14  3.14e-15   170    71     0
2551.46  1.84e-14  2.95e-15   170    65     0
2554.13  1.40e-14  3.35e-15   169    50     0
2556.79  8.93e-15  2.39e-15   169    32     0
2559.45  1.13e-14  3.31e-15   169    41     0
2562.11  1.24e-14  2.30e-15   169    44     0
2564.78  1.10e-14  2.30e-15   168    40     0
2567.44  1.83e-14  2.96e-15   168    67     0
2570.10  1.25e-14  2.32e-15   168    45     0
2572.76  1.48e-14  2.84e-15   168    53     0
2575.43  1.71e-14  2.65e-15   167    62     0
2578.09  1.69e-14  2.60e-15   167    62     0
2580.75  1.73e-14  3.34e-15   167    63     0
2583.42  2.49e-14  4.33e-15   167    91     0
2586.08  2.59e-14  3.54e-15   166    96     0
2588.74  1.65e-14  2.44e-15   166    61     0
2591.40  2.34e-14  3.21e-15   166    87     0
2594.07  4.55e-14  3.61e-15   165   172     0
2596.73  5.29e-14  4.15e-15   165   201     0
2599.39  3.15e-14  3.80e-15   165   121     0
2602.05  4.35e-14  5.03e-15   165   168     0
2604.72  3.94e-14  4.42e-15   164   154     0
2607.38  4.08e-14  3.82e-15   164   161     0
2610.04  3.92e-14  4.21e-15   164   156     0
2612.70  3.58e-14  3.06e-15   163   143     0
2615.37  4.10e-14  3.69e-15   163   164     0
2618.03  4.64e-14  5.39e-15   163   187     0
2620.69  3.72e-14  3.61e-15   162   151     0
2623.35  5.70e-14  3.82e-15   162   233     0
2626.02  5.90e-14  6.13e-15   162   243     0
2628.68  4.07e-14  3.30e-15   162   168     0
2631.34  3.29e-14  2.90e-15   161   135     0
2634.01  1.98e-14  2.82e-15   161    81     0
2636.67  1.14e-14  2.02e-15   161    46     0
2639.33  9.14e-15  2.02e-15   160    37     0
2641.99  8.39e-15  1.97e-15   160    35     0
2644.66  1.09e-14  1.94e-15   160    45     0
2647.32  1.05e-14  1.92e-15   159    44     0
2649.98  1.17e-14  1.94e-15   159    49     0
2652.64  1.10e-14  2.01e-15   159    46     0
2655.31  1.44e-14  2.08e-15   158    61     0
2657.97  1.28e-14  2.01e-15   158    54     0
2660.63  7.82e-15  1.76e-15   158    33     0
2663.30  1.21e-14  1.95e-15   157    52     0
2665.96  1.57e-14  2.10e-15   157    67     0
2668.62  1.41e-14  2.01e-15   157    61     0
2671.28  1.21e-14  2.24e-15   156    52     0
2673.95  9.18e-15  1.79e-15   156    40     0
2676.61  8.59e-15  1.78e-15   156    37     0
2679.27  9.79e-15  2.52e-15   155    42     0
2681.93  1.41e-14  2.06e-15   155    62     0
2684.60  1.28e-14  1.92e-15   155    57     0
2687.26  1.40e-14  2.16e-15   154    62     0
2689.92  1.52e-14  2.03e-15   154    67     0
2692.58  1.44e-14  2.00e-15   154    64     0
2695.25  1.40e-14  1.98e-15   153    61     0
2697.91  1.13e-14  1.84e-15   153    49     0
2700.57  1.47e-14  2.00e-15   153    64     0
2703.24  1.27e-14  1.95e-15   152    55     0
2705.90  1.97e-14  2.22e-15   152    86     0
2708.56  2.11e-14  2.28e-15   152    92     0
2711.22  2.11e-14  2.27e-15   151    90     0
2713.89  2.15e-14  2.29e-15   151    92     0
2716.55  1.54e-14  2.08e-15   151    66     0
2719.21  2.21e-14  2.34e-15   150    95     0
2721.87  2.31e-14  2.60e-15   150   100     0
2724.54  2.46e-14  2.37e-15   150   107     0
2727.20  2.83e-14  2.47e-15   149   123     0
2729.86  2.54e-14  2.41e-15   149   111     0
2732.52  2.37e-14  2.33e-15   149   104     0
2735.19  3.17e-14  2.59e-15   148   142     0
2737.85  3.12e-14  3.10e-15   148   140     0
2740.51  2.71e-14  2.43e-15   148   121     0
2743.18  3.45e-14  2.69e-15   147   155     0
2745.84  3.79e-14  2.78e-15   147   170     0
2748.50  3.17e-14  2.58e-15   147   142     0
2751.16  3.42e-14  2.64e-15   146   151     0
2753.83  2.95e-14  2.51e-15   146   130     0
2756.49  2.75e-14  2.45e-15   146   123     0
2759.15  2.55e-14  2.37e-15   145   114     0
2761.81  2.14e-14  2.20e-15   145    96     0
2764.48  1.58e-14  2.02e-15   145    70     0
2767.14  1.59e-14  2.03e-15   145    70     0
2769.80  1.65e-14  2.06e-15   144    73     0
2772.46  1.33e-14  1.90e-15   144    58     0
2775.13  1.69e-14  2.09e-15   144    75     0
2777.79  1.78e-14  2.12e-15   143    78     0
2780.45  1.71e-14  2.10e-15   143    75     0
2783.12  2.17e-14  2.25e-15   143    95     0
2785.78  3.93e-14  2.84e-15   142   172     0
2788.44  8.85e-14  4.15e-15   142   386     0
2791.10  1.83e-13  9.37e-15   142   794     0
2793.77  2.50e-13  1.52e-14   141  1082     0
2796.43  1.88e-13  1.05e-14   141   808     0
2799.09  1.83e-13  7.41e-15   141   787     0
2801.75  1.63e-13  1.06e-14   140   697     0
2804.42  8.87e-14  6.52e-15   140   380     0
2807.08  2.71e-14  2.46e-15   140   117     0
2809.74  1.85e-14  2.14e-15   140    80     0
2812.40  1.40e-14  2.01e-15   139    60     0
2815.07  1.41e-14  1.99e-15   139    62     0
2817.73  1.71e-14  2.09e-15   139    75     0
2820.39  1.84e-14  2.13e-15   138    80     0
2823.06  1.75e-14  2.10e-15   138    76     0
2825.72  1.49e-14  2.05e-15   138    65     0
2828.38  2.23e-14  2.30e-15   137    97     0
2831.04  2.42e-14  2.35e-15   137   106     0
2833.71  2.14e-14  2.27e-15   137    93     0
2836.37  2.37e-14  2.34e-15   137   102     0
2839.03  1.84e-14  2.17e-15   136    79     0
2841.69  1.66e-14  2.13e-15   136    71     0
2844.36  2.47e-14  2.39e-15   136   106     0
2847.02  2.11e-14  2.30e-15   136    91     0
2849.68  2.17e-14  2.44e-15   135    93     0
2852.34  2.11e-14  2.43e-15   135    90     0
2855.01  1.56e-14  2.14e-15   135    65     0
2857.67  1.67e-14  2.17e-15   134    70     0
2860.33  2.18e-14  2.32e-15   134    92     0
2863.00  2.22e-14  2.35e-15   134    93     0
2865.66  2.06e-14  2.28e-15   134    87     0
2868.32  2.51e-14  2.43e-15   133   106     0
2870.98  2.29e-14  2.41e-15   133    94     0
2873.65  2.08e-14  2.33e-15   133    85     0
2876.31  3.16e-14  2.64e-15   133   130     0
2878.97  2.90e-14  2.59e-15   132   119     0
2881.63  2.15e-14  2.38e-15   132    88     0
2884.30  1.83e-14  2.27e-15   132    75     0
2886.96  2.21e-14  2.40e-15   132    90     0
2889.62  2.52e-14  2.49e-15   132   102     0
2892.28  2.23e-14  2.40e-15   131    90     0
2894.95  1.85e-14  2.30e-15   131    74     0
2897.61  1.48e-14  2.19e-15   131    60     0
2900.27  1.37e-14  2.15e-15   131    55     0
2902.94  2.22e-14  2.42e-15   130    89     0
2905.60  2.32e-14  2.49e-15   130    91     0
2908.26  2.13e-14  2.44e-15   130    84     0
2910.92  2.31e-14  2.49e-15   130    91     0
2913.59  2.12e-14  2.43e-15   130    84     0
2916.25  1.86e-14  2.36e-15   129    73     0
2918.91  2.52e-14  2.57e-15   129    98     0
2921.57  2.88e-14  2.68e-15   129   112     0
2924.24  2.78e-14  2.68e-15   129   107     0
2926.90  2.78e-14  2.69e-15   129   106     0
2929.56  2.65e-14  2.65e-15   129   100     0
2932.22  2.68e-14  2.68e-15   128    99     0
2934.89  2.38e-14  2.65e-15   128    87     0
2937.55  2.53e-14  2.71e-15   128    91     0
2940.21  2.49e-14  2.71e-15   128    90     0
2942.88  2.63e-14  2.77e-15   128    94     0
2945.54  2.50e-14  2.75e-15   127    88     0
2948.20  2.61e-14  2.78e-15   127    92     0
2950.86  2.25e-14  2.69e-15   127    79     0
2953.53  2.24e-14  2.71e-15   127    78     0
2956.19  2.56e-14  2.79e-15   127    89     0
2958.85  2.65e-14  2.81e-15   127    92     0
2961.51  2.55e-14  2.83e-15   126    87     0
2964.18  2.70e-14  2.90e-15   126    91     0
2966.84  2.57e-14  2.91e-15   126    85     0
2969.50  2.80e-14  2.99e-15   126    91     0
2972.16  2.26e-14  2.84e-15   126    73     0
2974.83  2.55e-14  2.97e-15   126    81     0
2977.49  2.36e-14  2.90e-15   126    75     0
2980.15  2.96e-14  3.10e-15   125    92     0
2982.82  2.80e-14  3.10e-15   125    86     0
2985.48  2.81e-14  3.10e-15   125    86     0
2988.14  2.64e-14  3.09e-15   125    80     0
2990.80  2.10e-14  2.96e-15   125    63     0
2993.47  2.30e-14  3.03e-15   125    68     0
2996.13  2.14e-14  3.01e-15   125    62     0
2998.79  2.60e-14  3.19e-15   125    75     0
3001.45  2.07e-14  3.03e-15   124    60     0
3004.12  2.19e-14  3.08e-15   124    62     0
3006.78  2.62e-14  3.21e-15   124    74     0
3009.44  2.66e-14  3.26e-15   124    74     0
3012.10  2.03e-14  3.11e-15   124    56     0
3014.77  1.61e-14  3.01e-15   124    43     0
3017.43  2.25e-14  3.25e-15   124    60     0
3020.09  2.57e-14  3.40e-15   124    67     0
3022.76  2.30e-14  3.37e-15   124    59     0
3025.42  2.33e-14  3.40e-15   123    59     0
3028.08  2.59e-14  3.51e-15   123    64     0
3030.74  2.49e-14  3.47e-15   123    62     0
3033.41  2.47e-14  3.51e-15   123    60     0
3036.07  2.34e-14  3.49e-15   123    56     0
3038.73  2.67e-14  3.65e-15   123    64     0
3041.39  2.91e-14  3.78e-15   123    67     0
3044.06  3.04e-14  3.87e-15   123    69     0
3046.72  3.24e-14  3.94e-15   123    73     0
3049.38  3.17e-14  3.96e-15   122    70     0
3052.04  2.66e-14  3.91e-15   122    58     0
3054.71  2.43e-14  3.91e-15   122    52     0
3057.37  2.45e-14  4.54e-15   122    51     0
3060.03  1.85e-14  4.31e-15   122    37     0
3062.70  3.32e-14  4.35e-15   122    66     0
3065.36  2.57e-14  4.13e-15   122    50     0
3068.02  2.47e-14  4.16e-15   122    47     0
3070.68  2.51e-14  4.20e-15   122    48     0
3073.35  2.61e-14  4.28e-15   121    49     0
3076.01  2.68e-14  4.37e-15   121    49     0
3078.67  2.48e-14  4.38e-15   121    44     0
3081.33  2.81e-14  4.49e-15   121    49     0
3084.00  3.30e-14  4.70e-15   121    57     0
3086.66  3.14e-14  4.70e-15   121    53     0
3089.32  2.24e-14  4.49e-15   121    37     0
3091.98  1.40e-14  4.27e-15   121    23     0
3094.65  1.76e-14  4.45e-15   120    28     0
3097.31  3.35e-14  5.00e-15   120    52     0
3099.97  3.20e-14  5.02e-15   120    49     0
3102.64  1.87e-14  4.64e-15   120    28     0
3105.30  1.83e-14  4.68e-15   120    27     0
3107.96  2.48e-14  4.91e-15   120    36     0
3110.62  3.14e-14  5.17e-15   120    45     0
3113.29  2.78e-14  5.14e-15   119    39     0
3115.95  3.05e-14  5.29e-15   119    42     0
3118.61  3.03e-14  5.35e-15   119    41     0
3121.27  3.96e-14  5.69e-15   119    53     0
3123.94  2.73e-14  5.37e-15   119    35     0
3126.60  2.56e-14  5.39e-15   119    32     0
3129.26  2.91e-14  5.54e-15   118    36     0
3131.92  3.67e-14  5.80e-15   118    45     0
3134.59  4.11e-14  5.97e-15   118    50     0
3137.25  3.45e-14  5.84e-15   118    41     0
3139.91  3.43e-14  5.92e-15   118    40     0
3142.58  3.06e-14  5.93e-15   117    34     0
3145.24  3.14e-14  5.95e-15   117    35     0
3147.90  3.52e-14  6.33e-15   117    38     0
3150.56  4.97e-14  6.85e-15   117    53     0
3153.23  4.76e-14  6.70e-15   116    49     0
3155.89  3.66e-14  6.43e-15   116    37     0
3158.55  3.74e-14  6.45e-15   116    37     0
3161.21  3.21e-14  6.39e-15   115    31     0
3163.88  2.56e-14  6.24e-15   115    24     0
3166.54  2.73e-14  6.42e-15   115    25     0
3169.20  4.12e-14  6.92e-15   115    37     0
3171.86  3.64e-14  6.82e-15   114    32     0
3174.53  4.43e-14  7.08e-15   114    38     0
3177.19  4.66e-14  7.13e-15   114    40     0
3179.85  4.42e-14  7.23e-15   113    37     0
3182.52  4.29e-14  7.22e-15   113    35     0
3185.18  4.68e-14  7.41e-15   112    37     0
3187.84  4.91e-14  7.49e-15   112    38     0
3190.50  4.92e-14  7.57e-15   112    37     0
3193.17  3.32e-14  7.15e-15   111    25     0
3195.83  3.64e-14  7.27e-15   111    26     0
3198.49  3.24e-14  7.18e-15   110    23     0
3201.15  2.96e-14  7.18e-15   110    20     0
3203.82  3.71e-14  7.68e-15   109    25     0
3206.48  3.57e-14  9.06e-15   109    23     0
3209.14  4.72e-14  1.15e-14   108    29     0
3211.80  4.36e-14  1.04e-14   108    26     0
3214.47  3.15e-14  7.71e-15   107    18     0
3217.13  4.54e-14  8.33e-15   107    26     0
3219.79  5.51e-14  8.53e-15   106    31     0
3222.46  4.32e-14  8.10e-15   105    24     0
3225.12  3.01e-14  7.84e-15   105    16     0
3227.78  2.39e-14  7.61e-15   104    12     0
3230.44  3.60e-14  7.96e-15   103    18     0
3233.11  4.40e-14  8.25e-15   103    22     0
3235.77  7.16e-14  9.43e-15   102    34     0
3238.43  7.81e-14  9.32e-15   101    36     0
3241.09  6.06e-14  8.70e-15   101    27     0
3243.76  6.69e-14  9.12e-15   100    30     0
3246.42  6.01e-14  8.84e-15    99    26     0
3249.08  8.07e-14  1.13e-14    98    34     0
3251.74  7.88e-14  1.44e-14    97    32     0
3254.41  7.07e-14  1.08e-14    97    28     0
3257.07  7.76e-14  1.12e-14    96    30     0
3259.73  7.45e-14  9.83e-15    95    28     0
3262.40  5.93e-14  1.39e-14    94    22     0
3265.06  6.22e-14  1.89e-14    93    23     0
3267.72  6.64e-14  1.36e-14    92    24     0
3270.38  5.29e-14  8.85e-15    91    18     0
3273.05  4.74e-14  1.06e-14    90    16     0
3275.71  8.78e-14  1.12e-14    89    29     0
3278.37  9.96e-14  9.65e-15    88    32     0
3281.03  7.80e-14  1.55e-14    86    25     0
3283.70  6.41e-14  1.55e-14    85    20     0
3286.36  6.94e-14  2.05e-14    84    21     0
3289.02  5.36e-14  1.84e-14    83    16     0
3291.68  3.77e-14  1.99e-14    82    10     0
3294.35  4.83e-14  1.10e-14    80    13     0
3297.01  4.26e-14  1.82e-14    79    11     0
3299.67  5.04e-14  1.34e-14    78    13     0
3302.34  5.82e-14  1.99e-14    76    15     0
3305.00  7.03e-14  1.56e-14    75    17     0
3307.66  5.50e-14  1.29e-14    73    13     0
3310.32  6.54e-14  1.73e-14    72    15     0
3312.99  5.47e-14  1.82e-14    70    12     0
3315.65  8.78e-14  2.22e-14    69    19     0
3318.31  1.10e-13  1.81e-14    67    23     0
3320.97  9.44e-14  2.03e-14    65    18     0
3323.64  6.64e-14  1.72e-14    64    12     0
3326.30  8.12e-14  1.67e-14    62    15     0
3328.96  6.39e-14  1.74e-14    60    11     0
3331.62  7.78e-14  1.98e-14    58    13     0
3334.29  3.44e-14  1.90e-14    56     5     0
3336.95  5.94e-14  1.88e-14    54     9     0
3339.61  1.04e-13  1.96e-14    52    16     0
3342.28  1.13e-13  2.61e-14    50    17     0
3344.94  9.28e-14  2.72e-14    48    13     0
3347.60  1.44e-13  2.90e-14    46    19     0
