NOT ORIGINAL IUE PROJECT DATA PRODUCT
LWP09127LOWLARGE
HD  197481
20:42:06
-31:31:05
48
NO-TRAIL
ALONG-APER
01199.595
19/09/86
22:10:47
262
08.50
21/03/96
VILSPA
2446693.42416
67
31
1851.18  5.98e-13  5.09e-13   103    73     0
1853.84  6.76e-13  4.78e-13   105    88     0
1856.51 -1.02e-13  4.51e-13   106   -13     0
1859.17  3.93e-14  4.17e-13   107     5     0
1861.83  2.71e-13  3.86e-13   108    42     0
1864.49  1.22e-13  3.49e-13   110    20     0
1867.16 -2.31e-15  3.00e-13   111     0     0
1869.82  2.33e-13  2.85e-13   112    48     0
1872.48  1.42e-13  2.67e-13   113    30     0
1875.15 -3.81e-15  2.38e-13   114     0     0
1877.81  1.31e-14  2.23e-13   115     3     0
1880.47 -2.83e-14  2.23e-13   116    -7     0
1883.13  1.43e-13  2.14e-13   117    37     0
1885.80 -3.38e-13  1.94e-13   118   -95     0
1888.46 -2.43e-13  1.84e-13   119   -72     0
1891.12  2.42e-13  1.80e-13   120    75     0
1893.78  2.10e-13  1.71e-13   121    67     0
1896.45  5.96e-15  1.58e-13   122     2     0
1899.11 -1.22e-13  1.51e-13   123   -42     0
1901.77 -2.61e-13  1.49e-13   124   -91     0
1904.43  1.11e-13  1.46e-13   125    40     0
1907.10  1.17e-13  1.38e-13   125    44     0
1909.76  1.78e-14  1.31e-13   126     6     0
1912.42  2.55e-14  1.27e-13   127    10     0
1915.09  1.78e-13  1.34e-13   128    73     0
1917.75  7.44e-14  1.22e-13   129    31     0
1920.41 -1.27e-13  1.13e-13   129   -56     0
1923.07 -2.55e-14  1.06e-13   130   -11     0
1925.74  1.45e-13  1.09e-13   131    66     0
1928.40  8.24e-14  1.42e-13   131    38     0
1931.06 -4.18e-14  9.64e-14   132   -20     0
1933.72 -1.32e-14  9.75e-14   133    -6     0
1936.39 -6.20e-14  8.93e-14   133   -32     0
1939.05  3.66e-14  8.70e-14   134    19     0
1941.71  3.68e-14  8.41e-14   134    20     0
1944.37  4.98e-14  8.17e-14   135    28     0
1947.04 -1.31e-14  7.75e-14   136    -7     0
1949.70 -9.06e-15  7.48e-14   136    -5     0
1952.36  6.25e-14  7.52e-14   137    37     0
1955.03 -2.48e-14  7.10e-14   137   -15     0
1957.69  5.03e-15  6.86e-14   138     3     0
1960.35  2.34e-14  6.68e-14   138    15     0
1963.01  4.80e-14  6.54e-14   138    31     0
1965.68  4.95e-14  6.25e-14   139    34     0
1968.34 -4.07e-14  7.09e-14   139   -28     0
1971.00  6.92e-14  6.05e-14   140    49     0
1973.66  4.70e-14  5.79e-14   140    34     0
1976.33  4.43e-14  5.41e-14   141    34     0
1978.99 -6.12e-14  5.11e-14   141   -48     0
1981.65  1.78e-14  5.03e-14   141    14     0
1984.31  5.19e-14  5.01e-14   142    42     0
1986.98  6.94e-14  4.96e-14   142    57     0
1989.64  3.31e-14  4.69e-14   142    28     0
1992.30  3.93e-14  4.61e-14   143    33     0
1994.97 -5.05e-14  4.37e-14   143   -44     0
1997.63 -1.54e-14  4.24e-14   143   -13     0
2000.29  4.45e-16  4.17e-14   144     0     0
2002.95  3.27e-14  4.20e-14   144    29     0
2005.62 -1.73e-14  3.96e-14   144   -16     0
2008.28  3.33e-14  4.00e-14   144    31     0
2010.94  3.56e-14  3.98e-14   145    33     0
2013.60 -3.07e-14  4.02e-14   145   -29     0
2016.27  2.21e-14  3.71e-14   145    21     0
2018.93  2.35e-14  3.68e-14   145    22     0
2021.59  6.67e-15  3.71e-14   146     6     0
2024.25  2.83e-14  3.74e-14   146    26     0
2026.92 -2.97e-14  3.55e-14   146   -28     0
2029.58  1.77e-14  3.57e-14   146    17     0
2032.24  1.95e-14  3.53e-14   146    18     0
2034.91  1.48e-14  3.48e-14   147    14     0
2037.57 -1.90e-17  3.40e-14   147     0     0
2040.23 -3.78e-15  3.38e-14   147    -3     0
2042.89 -1.05e-14  3.34e-14   147   -10     0
2045.56  1.56e-14  3.36e-14   147    15     0
2048.22 -3.01e-15  3.26e-14   147    -2     0
2050.88  1.66e-14  3.26e-14   147    16     0
2053.54  2.56e-14  3.25e-14   148    25     0
2056.21  1.59e-14  3.16e-14   148    15     0
2058.87  2.08e-14  3.13e-14   148    20     0
2061.53 -5.64e-15  2.99e-14   148    -5     0
2064.19 -1.03e-14  2.95e-14   148   -10     0
2066.86  4.65e-14  3.13e-14   148    46     0
2069.52 -7.51e-16  2.90e-14   148     0     0
2072.18 -2.41e-14  2.82e-14   148   -24     0
2074.85  2.35e-15  2.78e-14   148     2     0
2077.51 -1.62e-14  2.73e-14   148   -16     0
2080.17  1.51e-14  2.76e-14   148    15     0
2082.83  8.90e-15  2.70e-14   149     9     0
2085.50  2.19e-15  2.65e-14   149     2     0
2088.16  1.24e-14  2.65e-14   149    13     0
2090.82  1.77e-15  2.55e-14   149     1     0
2093.48  1.53e-14  2.58e-14   149    16     0
2096.15 -3.72e-14  2.55e-14   149   -39     0
2098.81  3.20e-15  2.53e-14   149     3     0
2101.47  2.08e-14  2.59e-14   149    21     0
2104.13 -1.29e-14  2.49e-14   149   -13     0
2106.80 -6.15e-15  2.45e-14   149    -6     0
2109.46 -1.15e-14  2.43e-14   149   -12     0
2112.12 -3.47e-15  2.44e-14   149    -3     0
2114.79  3.37e-14  2.56e-14   149    34     0
2117.45  1.26e-14  2.45e-14   149    12     0
2120.11  2.11e-14  2.43e-14   149    21     0
2122.77 -2.85e-15  2.32e-14   149    -2     0
2125.44  2.76e-14  2.40e-14   149    28     0
2128.10 -1.35e-14  2.27e-14   149   -14     0
2130.76 -2.98e-14  2.24e-14   149   -31     0
2133.42  7.50e-15  2.23e-14   149     7     0
2136.09 -1.72e-14  2.20e-14   149   -18     0
2138.75  1.69e-14  2.22e-14   149    17     0
2141.41  7.38e-15  2.16e-14   149     7     0
2144.07 -1.06e-14  2.12e-14   149   -11     0
2146.74  1.64e-14  2.14e-14   149    17     0
2149.40 -1.15e-14  2.06e-14   149   -12     0
2152.06 -1.52e-15  2.09e-14   149    -1     0
2154.73 -1.22e-14  2.06e-14   149   -12     0
2157.39 -2.97e-15  2.01e-14   149    -3     0
2160.05  1.31e-14  2.03e-14   149    13     0
2162.71  1.86e-14  2.03e-14   149    19     0
2165.38  6.77e-15  1.97e-14   149     7     0
2168.04 -1.95e-14  1.94e-14   149   -20     0
2170.70 -1.11e-14  1.93e-14   149   -11     0
2173.36  2.04e-14  2.00e-14   149    21     0
2176.03  6.70e-16  1.88e-14   149     0     0
2178.69  3.34e-15  1.86e-14   149     3     0
2181.35  7.86e-15  1.89e-14   148     8     0
2184.01 -3.83e-15  1.85e-14   148    -4     0
2186.68 -2.16e-14  1.80e-14   148   -22     0
2189.34 -2.68e-14  1.78e-14   148   -28     0
2192.00 -2.74e-15  1.76e-14   148    -2     0
2194.67 -2.52e-14  1.74e-14   148   -26     0
2197.33 -1.90e-14  1.75e-14   148   -19     0
2199.99 -6.75e-15  1.73e-14   148    -7     0
2202.65 -2.30e-14  1.67e-14   148   -24     0
2205.32  1.30e-14  1.71e-14   148    13     0
2207.98  2.40e-14  1.74e-14   148    25     0
2210.64  1.81e-15  1.63e-14   148     1     0
2213.30  3.87e-15  1.61e-14   148     4     0
2215.97  7.88e-15  1.63e-14   148     8     0
2218.63  2.43e-14  1.67e-14   148    26     0
2221.29  5.78e-15  1.55e-14   148     6     0
2223.95  1.18e-14  1.56e-14   148    12     0
2226.62 -1.93e-15  1.54e-14   148    -2     0
2229.28 -1.69e-14  1.52e-14   147   -18     0
2231.94  1.21e-14  1.49e-14   147    13     0
2234.61 -2.18e-14  1.43e-14   147   -24     0
2237.27 -1.81e-14  1.44e-14   147   -19     0
2239.93  1.81e-14  1.48e-14   147    19     0
2242.59  4.12e-15  1.40e-14   147     4     0
2245.26  1.93e-14  1.44e-14   147    21     0
2247.92  1.45e-14  1.39e-14   147    16     0
2250.58  1.73e-14  1.36e-14   147    20     0
2253.24  1.32e-14  1.32e-14   147    15     0
2255.91  1.23e-14  1.31e-14   147    14     0
2258.57  2.23e-15  1.23e-14   147     2     0
2261.23  1.40e-14  1.26e-14   147    16     0
2263.90  1.70e-14  1.24e-14   147    20     0
2266.56  2.16e-14  1.31e-14   147    26     0
2269.22  1.10e-14  1.17e-14   147    13     0
2271.88  1.70e-15  1.10e-14   146     2     0
2274.55 -6.21e-15  1.07e-14   146    -7     0
2277.21  1.20e-15  1.03e-14   146     1     0
2279.87  1.20e-14  1.05e-14   146    15     0
2282.53  1.31e-14  1.06e-14   146    17     0
2285.20  5.87e-15  1.01e-14   146     7     0
2287.86  1.24e-14  1.03e-14   146    16     0
2290.52 -7.29e-15  9.60e-15   146    -9     0
2293.18  9.64e-15  9.79e-15   146    13     0
2295.85  1.39e-14  9.86e-15   146    19     0
2298.51  6.22e-15  9.43e-15   146     8     0
2301.17  1.13e-16  8.98e-15   146     0     0
2303.83  1.56e-14  9.45e-15   146    21     0
2306.50  1.43e-14  9.30e-15   146    19     0
2309.16  2.22e-14  9.54e-15   146    31     0
2311.82 -2.23e-15  8.27e-15   145    -3     0
2314.49  1.09e-14  8.46e-15   145    16     0
2317.15  2.40e-14  8.84e-15   145    35     0
2319.81  1.86e-14  8.55e-15   145    27     0
2322.47  8.02e-15  7.87e-15   145    12     0
2325.14  2.42e-14  8.27e-15   145    37     0
2327.80  3.13e-14  8.42e-15   145    49     0
2330.46  2.39e-14  8.15e-15   145    38     0
2333.12  3.63e-14  8.59e-15   145    59     0
2335.79  3.55e-14  8.33e-15   145    59     0
2338.45  3.01e-14  7.77e-15   145    51     0
2341.11  4.00e-14  7.83e-15   145    69     0
2343.77  3.02e-14  7.46e-15   145    53     0
2346.44  3.60e-14  7.46e-15   145    64     0
2349.10  3.19e-14  7.27e-15   144    57     0
2351.76  1.50e-14  6.46e-15   144    27     0
2354.43  1.67e-14  6.23e-15   144    31     0
2357.09  3.73e-14  7.14e-15   144    70     0
2359.75  4.23e-14  7.15e-15   144    80     0
2362.41  3.47e-14  6.74e-15   144    66     0
2365.08  4.23e-14  7.11e-15   144    81     0
2367.74  4.32e-14  6.96e-15   144    83     0
2370.40  3.18e-14  6.30e-15   144    62     0
2373.06  3.59e-14  6.51e-15   144    70     0
2375.73  3.81e-14  6.57e-15   144    76     0
2378.39  4.85e-14  6.91e-15   144    97     0
2381.05  7.61e-14  8.05e-15   144   153     0
2383.71  7.28e-14  7.88e-15   144   148     0
2386.38  4.50e-14  6.65e-15   144    92     0
2389.04  4.83e-14  6.62e-15   143    99     0
2391.70  4.80e-14  6.55e-15   143   100     0
2394.37  4.40e-14  6.29e-15   143    93     0
2397.03  4.15e-14  6.06e-15   143    89     0
2399.69  3.56e-14  5.60e-15   143    77     0
2402.35  3.48e-14  5.58e-15   143    77     0
2405.02  4.77e-14  6.13e-15   143   105     0
2407.68  4.66e-14  5.93e-15   143   104     0
2410.34  4.07e-14  5.63e-15   143    92     0
2413.00  3.75e-14  5.31e-15   143    86     0
2415.67  2.24e-14  4.63e-15   143    51     0
2418.33  1.94e-14  4.46e-15   143    45     0
2420.99  1.60e-14  4.23e-15   143    38     0
2423.66  2.28e-14  4.51e-15   142    54     0
2426.32  2.53e-14  5.08e-15   142    62     0
2428.98  2.72e-14  4.58e-15   142    67     0
2431.64  2.24e-14  4.31e-15   142    54     0
2434.31  2.68e-14  4.53e-15   142    65     0
2436.97  1.96e-14  4.09e-15   142    48     0
2439.63  1.50e-14  3.93e-15   142    37     0
2442.29  1.34e-14  3.75e-15   142    34     0
2444.96  1.60e-14  3.82e-15   142    41     0
2447.62  2.07e-14  3.98e-15   142    53     0
2450.28  2.11e-14  3.97e-15   142    54     0
2452.94  1.73e-14  3.78e-15   142    45     0
2455.61  1.72e-14  3.67e-15   142    45     0
2458.27  1.85e-14  4.07e-15   141    49     0
2460.93  1.95e-14  3.81e-15   141    53     0
2463.59  1.46e-14  3.41e-15   141    40     0
2466.26  2.55e-14  4.20e-15   141    70     0
2468.92  2.10e-14  3.60e-15   141    58     0
2471.58  3.02e-14  3.92e-15   141    85     0
2474.25  3.25e-14  3.98e-15   141    93     0
2476.91  2.48e-14  3.55e-15   141    73     0
2479.57  3.67e-14  4.06e-15   141   110     0
2482.23  3.73e-14  4.05e-15   141   112     0
2484.90  3.26e-14  3.84e-15   141    98     0
2487.56  2.60e-14  3.56e-15   141    78     0
2490.22  3.74e-14  3.97e-15   140   112     0
2492.88  2.27e-14  3.33e-15   140    68     0
2495.55  1.18e-14  2.87e-15   140    35     0
2498.21  1.41e-14  3.00e-15   140    42     0
2500.87  2.52e-14  3.66e-15   140    74     0
2503.54  2.97e-14  3.67e-15   140    88     0
2506.20  2.83e-14  3.83e-15   140    84     0
2508.86  2.82e-14  3.58e-15   140    84     0
2511.52  3.79e-14  4.51e-15   140   115     0
2514.19  3.93e-14  3.91e-15   140   121     0
2516.85  2.48e-14  3.31e-15   140    75     0
2519.51  2.83e-14  3.40e-15   140    87     0
2522.17  3.97e-14  4.29e-15   139   125     0
2524.84  3.69e-14  3.63e-15   139   118     0
2527.50  2.93e-14  3.38e-15   139    94     0
2530.16  2.39e-14  3.10e-15   139    77     0
2532.82  2.83e-14  3.24e-15   139    93     0
2535.49  3.43e-14  4.35e-15   139   113     0
2538.15  3.24e-14  3.37e-15   139   108     0
2540.81  2.57e-14  3.25e-15   139    86     0
2543.48  2.27e-14  2.91e-15   139    77     0
2546.14  3.86e-14  3.50e-15   139   134     0
2548.80  2.67e-14  2.98e-15   138    93     0
2551.46  2.10e-14  2.78e-15   138    74     0
2554.13  1.93e-14  2.66e-15   138    69     0
2556.79  1.64e-14  2.45e-15   138    60     0
2559.45  2.94e-14  3.06e-15   138   108     0
2562.11  3.54e-14  3.25e-15   138   128     0
2564.78  2.80e-14  2.96e-15   138   102     0
2567.44  2.11e-14  2.61e-15   138    77     0
2570.10  1.57e-14  2.40e-15   138    57     0
2572.76  2.53e-14  3.50e-15   137    91     0
2575.43  2.39e-14  2.75e-15   137    87     0
2578.09  2.55e-14  3.07e-15   137    93     0
2580.75  2.27e-14  2.68e-15   137    83     0
2583.42  4.06e-14  3.77e-15   137   148     0
2586.08  4.26e-14  3.36e-15   137   158     0
2588.74  3.18e-14  2.99e-15   137   118     0
2591.40  3.35e-14  3.09e-15   137   125     0
2594.07  5.42e-14  3.81e-15   137   204     0
2596.73  7.91e-14  4.61e-15   136   301     0
2599.39  6.66e-14  4.41e-15   136   255     0
2602.05  5.02e-14  5.16e-15   136   194     0
2604.72  4.51e-14  3.91e-15   136   175     0
2607.38  6.13e-14  3.93e-15   136   241     0
2610.04  6.65e-14  4.34e-15   136   265     0
2612.70  6.84e-14  4.13e-15   136   274     0
2615.37  6.89e-14  4.13e-15   136   276     0
2618.03  6.83e-14  4.53e-15   135   274     0
2620.69  6.95e-14  5.33e-15   135   283     0
2623.35  7.74e-14  4.34e-15   135   316     0
2626.02  8.49e-14  4.53e-15   135   349     0
2628.68  8.43e-14  5.46e-15   135   347     0
2631.34  6.26e-14  5.17e-15   135   256     0
2634.01  3.74e-14  3.33e-15   135   153     0
2636.67  1.91e-14  2.72e-15   134    78     0
2639.33  1.30e-14  2.03e-15   134    53     0
2641.99  1.61e-14  2.09e-15   134    67     0
2644.66  1.45e-14  2.05e-15   134    61     0
2647.32  1.23e-14  1.92e-15   134    52     0
2649.98  1.48e-14  2.03e-15   134    62     0
2652.64  1.51e-14  3.21e-15   134    63     0
2655.31  1.75e-14  2.81e-15   134    74     0
2657.97  2.22e-14  2.29e-15   133    94     0
2660.63  1.93e-14  2.18e-15   133    82     0
2663.30  2.04e-14  2.29e-15   133    87     0
2665.96  1.93e-14  2.21e-15   133    83     0
2668.62  1.75e-14  2.12e-15   133    75     0
2671.28  1.43e-14  2.17e-15   133    62     0
2673.95  1.59e-14  2.03e-15   132    69     0
2676.61  1.28e-14  1.88e-15   132    55     0
2679.27  1.38e-14  1.96e-15   132    60     0
2681.93  1.68e-14  2.05e-15   132    74     0
2684.60  1.40e-14  1.98e-15   132    62     0
2687.26  1.99e-14  2.30e-15   132    88     0
2689.92  1.95e-14  2.15e-15   132    86     0
2692.58  1.88e-14  2.12e-15   131    83     0
2695.25  2.02e-14  2.19e-15   131    88     0
2697.91  1.82e-14  2.11e-15   131    79     0
2700.57  1.61e-14  2.04e-15   131    70     0
2703.24  1.60e-14  2.01e-15   131    70     0
2705.90  2.17e-14  2.28e-15   131    94     0
2708.56  2.99e-14  2.50e-15   130   130     0
2711.22  3.10e-14  2.59e-15   130   133     0
2713.89  3.24e-14  2.62e-15   130   138     0
2716.55  2.49e-14  2.37e-15   130   107     0
2719.21  2.81e-14  2.50e-15   130   121     0
2721.87  3.11e-14  2.56e-15   130   134     0
2724.54  2.78e-14  2.47e-15   129   120     0
2727.20  3.34e-14  3.00e-15   129   145     0
2729.86  3.22e-14  2.94e-15   129   140     0
2732.52  3.58e-14  2.70e-15   129   158     0
2735.19  3.83e-14  2.75e-15   129   171     0
2737.85  3.91e-14  2.78e-15   129   174     0
2740.51  4.17e-14  2.84e-15   128   187     0
2743.18  4.68e-14  3.00e-15   128   210     0
2745.84  5.99e-14  3.40e-15   128   269     0
2748.50  6.45e-14  3.51e-15   128   289     0
2751.16  5.02e-14  3.13e-15   128   221     0
2753.83  4.53e-14  2.98e-15   128   200     0
2756.49  4.71e-14  3.03e-15   127   210     0
2759.15  4.06e-14  2.83e-15   127   181     0
2761.81  2.93e-14  2.46e-15   127   131     0
2764.48  2.99e-14  2.48e-15   127   134     0
2767.14  3.36e-14  2.60e-15   127   149     0
2769.80  2.63e-14  2.36e-15   126   116     0
2772.46  2.07e-14  2.15e-15   126    91     0
2775.13  2.45e-14  2.30e-15   126   108     0
2777.79  2.65e-14  2.39e-15   126   116     0
2780.45  2.31e-14  2.27e-15   126   102     0
2783.12  2.47e-14  2.34e-15   125   108     0
2785.78  3.19e-14  2.59e-15   125   140     0
2788.44  5.49e-14  3.25e-15   125   239     0
2791.10  1.32e-13  5.04e-15   125   573     0
2793.77  2.66e-13  1.21e-14   125  1150     0
2796.43  3.37e-13  2.60e-14   125  1448     0
2799.09  2.47e-13  2.05e-14   124  1061     0
2801.75  2.54e-13  1.54e-14   124  1086     0
2804.42  2.12e-13  1.83e-14   124   907     0
2807.08  7.40e-14  4.88e-15   124   319     0
2809.74  2.88e-14  2.46e-15   124   125     0
2812.40  2.23e-14  2.26e-15   123    96     0
2815.07  2.08e-14  2.20e-15   123    91     0
2817.73  1.89e-14  2.16e-15   123    82     0
2820.39  1.95e-14  2.19e-15   123    85     0
2823.06  2.00e-14  2.19e-15   123    87     0
2825.72  2.18e-14  2.26e-15   122    94     0
2828.38  2.39e-14  2.31e-15   122   104     0
2831.04  2.29e-14  2.29e-15   122   100     0
2833.71  2.63e-14  2.39e-15   122   114     0
2836.37  2.59e-14  2.40e-15   122   111     0
2839.03  2.48e-14  2.37e-15   121   106     0
2841.69  2.67e-14  2.42e-15   121   114     0
2844.36  3.11e-14  2.56e-15   121   133     0
2847.02  2.68e-14  2.42e-15   121   116     0
2849.68  3.64e-14  3.21e-15   121   157     0
2852.34  3.98e-14  3.41e-15   120   170     0
2855.01  2.74e-14  2.60e-15   120   115     0
2857.67  2.44e-14  2.41e-15   120   102     0
2860.33  2.75e-14  2.48e-15   120   116     0
2863.00  2.54e-14  2.43e-15   120   106     0
2865.66  2.66e-14  2.44e-15   119   112     0
2868.32  3.15e-14  2.61e-15   119   132     0
2870.98  2.98e-14  2.58e-15   119   122     0
2873.65  2.60e-14  2.48e-15   119   107     0
2876.31  3.32e-14  2.68e-15   118   137     0
2878.97  3.28e-14  2.69e-15   118   135     0
2881.63  3.55e-14  2.76e-15   118   145     0
2884.30  2.86e-14  2.58e-15   118   117     0
2886.96  1.97e-14  2.32e-15   118    80     0
2889.62  2.49e-14  2.47e-15   117   100     0
2892.28  2.04e-14  2.34e-15   117    82     0
2894.95  2.04e-14  2.34e-15   117    82     0
2897.61  1.91e-14  2.31e-15   117    77     0
2900.27  1.99e-14  2.33e-15   117    80     0
2902.94  2.37e-14  2.45e-15   116    95     0
2905.60  2.28e-14  2.45e-15   116    90     0
2908.26  2.27e-14  2.47e-15   116    89     0
2910.92  2.55e-14  2.54e-15   116   101     0
2913.59  2.54e-14  2.53e-15   115   100     0
2916.25  2.64e-14  2.55e-15   115   103     0
2918.91  3.43e-14  2.80e-15   115   133     0
2921.57  3.60e-14  2.84e-15   115   140     0
2924.24  3.99e-14  2.98e-15   115   154     0
2926.90  4.23e-14  3.07e-15   114   161     0
2929.56  3.58e-14  2.91e-15   114   135     0
2932.22  3.36e-14  2.89e-15   114   124     0
2934.89  3.78e-14  3.01e-15   114   138     0
2937.55  3.63e-14  3.01e-15   114   131     0
2940.21  3.48e-14  2.97e-15   113   125     0
2942.88  3.44e-14  2.96e-15   113   122     0
2945.54  3.16e-14  2.90e-15   113   111     0
2948.20  3.22e-14  2.92e-15   113   113     0
2950.86  3.75e-14  3.09e-15   112   131     0
2953.53  3.74e-14  3.10e-15   112   130     0
2956.19  3.10e-14  2.92e-15   112   108     0
2958.85  2.96e-14  2.88e-15   112   102     0
2961.51  3.67e-14  3.12e-15   111   125     0
2964.18  3.69e-14  3.12e-15   111   124     0
2966.84  3.48e-14  3.13e-15   111   115     0
2969.50  4.00e-14  3.31e-15   111   130     0
2972.16  3.85e-14  3.26e-15   111   125     0
2974.83  3.73e-14  3.25e-15   110   119     0
2977.49  3.18e-14  3.13e-15   110   101     0
2980.15  3.22e-14  3.18e-15   110   100     0
2982.82  3.47e-14  3.26e-15   110   107     0
2985.48  4.05e-14  3.44e-15   109   124     0
2988.14  3.03e-14  3.18e-15   109    92     0
2990.80  3.13e-14  3.24e-15   109    94     0
2993.47  3.31e-14  3.31e-15   109    98     0
2996.13  3.37e-14  3.37e-15   108    98     0
2998.79  3.76e-14  3.49e-15   108   109     0
3001.45  2.96e-14  3.28e-15   108    85     0
3004.12  2.40e-14  3.13e-15   108    68     0
3006.78  2.47e-14  3.15e-15   108    70     0
3009.44  2.95e-14  3.32e-15   107    83     0
3012.10  2.86e-14  3.34e-15   107    78     0
3014.77  3.17e-14  3.43e-15   107    86     0
3017.43  3.16e-14  3.50e-15   107    84     0
3020.09  2.96e-14  3.50e-15   106    77     0
3022.76  2.72e-14  3.47e-15   106    69     0
3025.42  2.47e-14  3.41e-15   106    62     0
3028.08  2.88e-14  3.58e-15   106    72     0
3030.74  3.17e-14  3.65e-15   105    79     0
3033.41  3.06e-14  3.63e-15   105    75     0
3036.07  2.81e-14  3.63e-15   105    68     0
3038.73  2.53e-14  3.59e-15   105    60     0
3041.39  2.51e-14  3.65e-15   104    58     0
3044.06  2.75e-14  3.76e-15   104    62     0
3046.72  3.31e-14  3.94e-15   104    75     0
3049.38  4.01e-14  4.14e-15   104    89     0
3052.04  3.33e-14  4.07e-15   103    72     0
3054.71  3.23e-14  4.20e-15   103    68     0
3057.37  2.98e-14  4.64e-15   103    62     0
3060.03  2.09e-14  3.98e-15   102    42     0
3062.70  2.34e-14  4.08e-15   102    46     0
3065.36  2.28e-14  4.03e-15   102    44     0
3068.02  2.30e-14  4.08e-15   102    44     0
3070.68  2.90e-14  4.29e-15   101    55     0
3073.35  3.19e-14  4.43e-15   101    59     0
3076.01  3.37e-14  4.57e-15   101    61     0
3078.67  3.56e-14  4.66e-15   100    63     0
3081.33  3.60e-14  4.70e-15   100    63     0
3084.00  3.26e-14  4.64e-15   100    56     0
3086.66  4.06e-14  4.95e-15   100    69     0
3089.32  3.42e-14  4.80e-15    99    57     0
3091.98  2.93e-14  4.74e-15    99    48     0
3094.65  2.49e-14  4.65e-15    99    40     0
3097.31  2.99e-14  4.86e-15    98    47     0
3099.97  3.41e-14  5.06e-15    98    52     0
3102.64  3.09e-14  5.00e-15    98    47     0
3105.30  3.27e-14  5.11e-15    98    49     0
3107.96  3.66e-14  5.25e-15    97    54     0
3110.62  4.20e-14  5.45e-15    97    61     0
3113.29  3.69e-14  5.35e-15    97    52     0
3115.95  3.79e-14  5.44e-15    96    52     0
3118.61  4.20e-14  5.65e-15    96    57     0
3121.27  4.55e-14  5.80e-15    96    60     0
3123.94  3.58e-14  5.61e-15    95    46     0
3126.60  4.00e-14  5.76e-15    95    51     0
3129.26  4.34e-14  5.92e-15    95    54     0
3131.92  3.85e-14  5.80e-15    94    48     0
3134.59  4.96e-14  6.10e-15    94    60     0
3137.25  4.89e-14  6.23e-15    93    58     0
3139.91  4.93e-14  6.29e-15    93    57     0
3142.58  4.09e-14  6.17e-15    93    46     0
3145.24  3.86e-14  6.18e-15    92    43     0
3147.90  4.58e-14  6.46e-15    92    49     0
3150.56  4.46e-14  6.47e-15    92    47     0
3153.23  5.45e-14  6.86e-15    91    56     0
3155.89  5.69e-14  6.94e-15    91    58     0
3158.55  5.08e-14  6.86e-15    90    50     0
3161.21  4.58e-14  6.80e-15    90    44     0
3163.88  3.99e-14  6.68e-15    90    38     0
3166.54  2.79e-14  6.42e-15    89    25     0
3169.20  4.65e-14  6.98e-15    89    42     0
3171.86  5.88e-14  7.42e-15    88    52     0
3174.53  6.17e-14  7.54e-15    88    53     0
3177.19  5.08e-14  7.25e-15    88    43     0
3179.85  5.26e-14  7.38e-15    87    44     0
3182.52  7.19e-14  7.93e-15    87    59     0
3185.18  6.71e-14  7.86e-15    86    54     0
3187.84  6.98e-14  7.86e-15    86    55     0
3190.50  5.88e-14  8.42e-15    85    45     0
3193.17  4.14e-14  7.32e-15    85    31     0
3195.83  4.49e-14  8.70e-15    84    33     0
3198.49  3.71e-14  7.12e-15    84    26     0
3201.15  3.25e-14  7.21e-15    83    22     0
3203.82  5.69e-14  8.04e-15    83    38     0
3206.48  5.00e-14  8.29e-15    82    32     0
3209.14  5.37e-14  8.34e-15    82    34     0
3211.80  4.99e-14  7.98e-15    81    30     0
3214.47  4.78e-14  7.95e-15    81    28     0
3217.13  5.81e-14  8.31e-15    80    33     0
3219.79  5.13e-14  8.25e-15    80    28     0
3222.46  5.15e-14  8.12e-15    79    28     0
3225.12  4.65e-14  8.07e-15    78    25     0
3227.78  5.29e-14  8.30e-15    78    27     0
3230.44  7.58e-14  8.94e-15    77    39     0
3233.11  8.30e-14  1.21e-14    77    41     0
3235.77  6.80e-14  1.39e-14    76    32     0
3238.43  4.52e-14  8.17e-15    75    21     0
3241.09  4.33e-14  9.34e-15    75    19     0
3243.76  3.29e-14  7.67e-15    74    14     0
3246.42  3.65e-14  8.21e-15    74    15     0
3249.08  6.11e-14  9.94e-15    73    25     0
3251.74  5.96e-14  1.05e-14    72    24     0
3254.41  6.94e-14  8.68e-15    71    28     0
3257.07  7.31e-14  1.16e-14    71    28     0
3259.73  7.20e-14  8.92e-15    70    27     0
3262.40  7.07e-14  8.94e-15    69    26     0
3265.06  7.81e-14  1.17e-14    69    28     0
3267.72  6.64e-14  1.03e-14    68    24     0
3270.38  5.29e-14  9.43e-15    67    18     0
3273.05  4.19e-14  1.06e-14    66    14     0
3275.71  6.34e-14  1.06e-14    65    21     0
3278.37  5.11e-14  1.03e-14    65    16     0
3281.03  3.27e-14  1.30e-14    64    10     0
3283.70  6.48e-14  1.07e-14    63    20     0
3286.36  6.65e-14  1.12e-14    62    20     0
3289.02  6.30e-14  1.46e-14    61    18     0
3291.68  5.96e-14  1.18e-14    60    17     0
3294.35  6.50e-14  1.27e-14    59    18     0
3297.01  7.03e-14  1.52e-14    59    19     0
3299.67  6.80e-14  1.28e-14    58    18     0
3302.34  5.25e-14  1.50e-14    57    13     0
3305.00  6.56e-14  1.35e-14    56    16     0
3307.66  5.02e-14  1.38e-14    55    12     0
3310.32  7.70e-14  1.50e-14    54    18     0
3312.99  8.35e-14  1.49e-14    53    19     0
3315.65  7.44e-14  1.57e-14    52    16     0
3318.31  1.05e-13  1.66e-14    51    22     0
3320.97  1.21e-13  1.85e-14    50    24     0
3323.64  1.01e-13  1.79e-14    48    19     0
3326.30  7.81e-14  1.84e-14    47    14     0
3328.96  8.31e-14  1.91e-14    46    14     0
3331.62  9.14e-14  2.00e-14    45    15     0
3334.29  8.42e-14  2.08e-14    44    13     0
3336.95  1.17e-13  2.07e-14    43    19     0
3339.61  1.19e-13  2.34e-14    41    19     0
3342.28  1.52e-13  2.31e-14    40    22     0
3344.94  1.35e-13  2.39e-14    39    19     0
3347.60  1.20e-13  2.54e-14    38    16     0
