NOT ORIGINAL IUE PROJECT DATA PRODUCT
LWP09108LOWLARGE
HD  197481
20:42:06
-31:31:05
48
NO-TRAIL
ALONG-APER
1199.595
17/09/86
19:49:22
260
7.83
29/07/99
VILSPA
2446691.32595
63
33
1851.21 -7.81e-14  6.77e-13   192    -9     0
1853.87  3.19e-13  6.36e-13   192    41     0
1856.53  2.03e-13  6.18e-13   192    27     0
1859.19 -5.86e-13  5.69e-13   192   -84     0
1861.86  2.62e-13  5.23e-13   192    40     0
1864.52  1.27e-13  4.77e-13   192    21     0
1867.18 -5.60e-14  4.11e-13   192   -10     0
1869.84  2.14e-13  3.86e-13   192    44     0
1872.51  1.29e-13  3.63e-13   192    28     0
1875.17 -1.16e-14  3.26e-13   192    -2     0
1877.83  5.21e-14  3.07e-13   192    13     0
1880.49  9.32e-16  3.06e-13   192     0     0
1883.16  7.20e-15  2.90e-13   192     1     0
1885.82 -2.68e-14  2.66e-13   192    -7     0
1888.48 -1.68e-13  2.53e-13   192   -49     0
1891.15 -2.59e-14  2.39e-13   192    -8     0
1893.81  1.64e-13  2.31e-13   191    53     0
1896.47  1.72e-13  2.20e-13   191    58     0
1899.13 -1.12e-13  2.09e-13   191   -39     0
1901.80 -1.54e-13  2.05e-13   191   -54     0
1904.46  9.06e-14  1.99e-13   191    32     0
1907.12  1.06e-13  1.89e-13   191    40     0
1909.78  3.44e-16  1.89e-13   191     0     0
1912.45  1.45e-13  1.90e-13   191    57     0
1915.11  2.41e-13  1.89e-13   191    99 -4096
1917.77 -5.68e-14  1.69e-13   191   -24     0
1920.44 -9.05e-14  1.53e-13   191   -40     0
1923.10 -5.67e-14  1.47e-13   191   -26     0
1925.76  2.82e-14  1.47e-13   191    12     0
1928.42  7.74e-14  1.42e-13   191    36     0
1931.09  5.60e-14  1.35e-13   191    27     0
1933.75 -1.37e-13  1.29e-13   191   -69     0
1936.41 -7.26e-14  1.25e-13   191   -37     0
1939.07 -2.59e-14  1.20e-13   191   -13     0
1941.74  4.93e-14  1.17e-13   191    27     0
1944.40  7.38e-14  1.14e-13   190    41     0
1947.06  1.90e-14  1.09e-13   190    11     0
1949.72 -2.02e-14  1.05e-13   190   -12     0
1952.39  3.27e-14  1.03e-13   190    19     0
1955.05  2.50e-14  1.00e-13   190    15     0
1957.71  4.37e-14  9.71e-14   190    27     0
1960.38  3.27e-14  9.37e-14   190    21     0
1963.04  6.06e-14  9.12e-14   190    40     0
1965.70  1.61e-15  8.58e-14   190     1     0
1968.36 -3.86e-14  8.31e-14   190   -27     0
1971.03  4.25e-14  8.29e-14   190    30     0
1973.69  2.10e-14  7.99e-14   190    15     0
1976.35  3.05e-14  7.48e-14   190    23     0
1979.01 -1.13e-14  7.21e-14   190    -8     0
1981.68  4.42e-14  7.12e-14   190    35     0
1984.34  3.51e-14  6.90e-14   190    28     0
1987.00  7.94e-14  6.83e-14   190    66     0
1989.67  4.75e-14  6.57e-14   190    40     0
1992.33 -1.62e-15  6.36e-14   190    -1     0
1994.99  3.80e-14  6.26e-14   190    33     0
1997.65  2.66e-14  6.06e-14   190    23     0
2000.32  2.56e-14  5.96e-14   190    23     0
2002.98  3.99e-14  5.88e-14   190    36     0
2005.64  2.10e-14  5.66e-14   190    19     0
2008.30  2.79e-14  5.58e-14   190    26     0
2010.97  3.78e-14  5.55e-14   190    35     0
2013.63  2.53e-14  5.42e-14   190    23     0
2016.29  2.93e-14  5.26e-14   190    28     0
2018.95  8.24e-15  5.16e-14   190     8     0
2021.62 -2.23e-14  5.26e-14   190   -21     0
2024.28  2.62e-14  5.24e-14   190    24     0
2026.94  2.39e-14  5.10e-14   190    23     0
2029.61  4.03e-14  5.09e-14   190    38     0
2032.27  2.68e-14  5.01e-14   190    26     0
2034.93  4.20e-14  4.99e-14   190    40     0
2037.59  2.91e-14  4.92e-14   190    28     0
2040.26 -2.31e-14  4.84e-14   190   -22     0
2042.92 -1.71e-14  4.79e-14   190   -16     0
2045.58  4.50e-14  4.84e-14   190    43     0
2048.24  1.22e-14  4.71e-14   190    11     0
2050.91  1.68e-14  4.63e-14   190    16     0
2053.57 -4.39e-15  4.54e-14   190    -4     0
2056.23  6.29e-15  4.45e-14   190     6     0
2058.89 -5.42e-14  4.39e-14   190   -54     0
2061.56  1.46e-14  4.34e-14   190    14     0
2064.22  1.83e-14  4.28e-14   190    18     0
2066.88  4.81e-15  4.26e-14   190     4     0
2069.55 -2.87e-14  4.20e-14   190   -29     0
2072.21  1.93e-14  4.12e-14   190    19     0
2074.87  1.32e-14  4.04e-14   190    13     0
2077.53 -1.23e-14  3.95e-14   190   -12     0
2080.20 -5.62e-15  3.93e-14   191    -5     0
2082.86 -9.08e-15  3.88e-14   191    -9     0
2085.52  4.49e-15  3.85e-14   191     4     0
2088.18 -3.92e-15  3.81e-14   191    -4     0
2090.85 -3.26e-14  3.71e-14   191   -34     0
2093.51  6.54e-15  3.69e-14   191     6     0
2096.17 -1.62e-14  3.72e-14   191   -17     0
2098.83 -2.39e-14  3.69e-14   191   -25     0
2101.50 -3.26e-15  3.67e-14   191    -3     0
2104.16  1.62e-15  3.65e-14   191     1     0
2106.82 -7.54e-15  3.59e-14   191    -7     0
2109.49 -2.09e-14  3.56e-14   191   -21     0
2112.15 -1.64e-14  3.58e-14   192   -16     0
2114.81  2.99e-14  3.69e-14   192    30     0
2117.47  4.47e-16  3.71e-14   192     0     0
2120.14 -7.75e-15  3.62e-14   192    -8     0
2122.80 -2.83e-14  3.42e-14   192   -29     0
2125.46  2.67e-14  3.43e-14   192    28     0
2128.12  2.08e-15  3.35e-14   192     2     0
2130.79 -2.99e-14  3.31e-14   192   -31     0
2133.45 -2.13e-14  3.27e-14   192   -22     0
2136.11 -9.51e-15  3.26e-14   192    -9     0
2138.78  1.70e-14  3.25e-14   193    17     0
2141.44  1.36e-14  3.21e-14   193    14     0
2144.10  3.02e-14  3.21e-14   193    32     0
2146.76 -3.89e-15  3.11e-14   193    -4     0
2149.43 -2.52e-14  3.08e-14   193   -26     0
2152.09 -7.47e-15  3.12e-14   193    -7     0
2154.75 -4.98e-15  3.09e-14   193    -5     0
2157.41 -1.56e-14  3.00e-14   193   -16     0
2160.08  6.35e-15  2.99e-14   194     6     0
2162.74  4.20e-14  3.01e-14   194    44     0
2165.40 -1.61e-15  2.94e-14   194    -1     0
2168.06 -1.16e-14  2.92e-14   194   -12     0
2170.73 -2.29e-15  2.91e-14   194    -2     0
2173.39  5.68e-15  2.88e-14   194     5     0
2176.05 -1.76e-14  2.83e-14   194   -18     0
2178.72 -1.75e-14  2.81e-14   195   -18     0
2181.38 -1.85e-15  2.83e-14   195    -1     0
2184.04  2.65e-14  2.84e-14   195    27     0
2186.70 -1.57e-14  2.73e-14   195   -16     0
2189.37 -8.78e-15  2.71e-14   195    -9     0
2192.03  3.24e-15  2.68e-14   195     3     0
2194.69 -5.94e-16  2.66e-14   195     0     0
2197.35 -1.16e-14  2.67e-14   196   -12     0
2200.02  6.78e-17  2.64e-14   196     0     0
2202.68 -1.26e-14  2.55e-14   196   -13     0
2205.34  2.25e-15  2.56e-14   196     2     0
2208.01  1.52e-14  2.56e-14   196    16     0
2210.67 -1.10e-14  2.50e-14   196   -11     0
2213.33 -1.87e-14  2.48e-14   196   -20     0
2215.99  9.19e-16  2.47e-14   197     0     0
2218.66 -3.61e-16  2.44e-14   197     0     0
2221.32 -2.15e-14  2.38e-14   197   -23     0
2223.98  1.34e-14  2.38e-14   197    14     0
2226.64  1.53e-14  2.40e-14   197    16     0
2229.31  9.93e-16  2.36e-14   197     1     0
2231.97 -9.43e-15  2.27e-14   198   -10     0
2234.63 -1.89e-14  2.24e-14   198   -21     0
2237.29  3.65e-15  2.25e-14   198     4     0
2239.96 -1.32e-14  2.21e-14   198   -14     0
2242.62 -2.86e-15  2.18e-14   198    -3     0
2245.28  9.67e-16  2.13e-14   198     1     0
2247.95 -1.23e-15  2.09e-14   198    -1     0
2250.61  2.03e-14  2.07e-14   199    23     0
2253.27  7.97e-15  2.00e-14   199     9     0
2255.93 -9.33e-15  1.98e-14   199   -10     0
2258.60  8.03e-17  1.94e-14   199     0     0
2261.26  8.46e-18  1.90e-14   199     0     0
2263.92 -1.31e-15  1.86e-14   199    -1     0
2266.58  1.17e-14  1.84e-14   200    14     0
2269.25  8.44e-15  1.80e-14   200    10     0
2271.91  8.27e-16  1.75e-14   200     1     0
2274.57 -1.62e-15  1.71e-14   200    -2     0
2277.23 -2.68e-14  1.65e-14   200   -35     0
2279.90  9.73e-15  1.64e-14   200    12     0
2282.56  2.40e-14  1.66e-14   200    31     0
2285.22  9.58e-15  1.61e-14   201    12     0
2287.89 -1.83e-14  1.57e-14   201   -24     0
2290.55  5.65e-15  1.55e-14   201     7     0
2293.21 -1.64e-16  1.53e-14   201     0     0
2295.87  2.21e-14  1.55e-14   201    30     0
2298.54 -6.47e-15  1.49e-14   201    -8     0
2301.20  7.58e-15  1.46e-14   201    10     0
2303.86  1.13e-14  1.45e-14   201    15     0
2306.52  2.48e-14  1.48e-14   202    34     0
2309.19  1.01e-14  1.43e-14   202    14     0
2311.85  1.97e-14  1.39e-14   202    28     0
2314.51 -5.77e-15  1.32e-14   202    -8     0
2317.18 -8.04e-17  1.31e-14   202     0     0
2319.84 -1.17e-15  1.28e-14   202    -1     0
2322.50  4.94e-15  1.25e-14   202     7     0
2325.16  2.14e-14  1.25e-14   202    33     0
2327.83  1.74e-14  1.21e-14   203    27     0
2330.49  1.62e-14  1.20e-14   203    25     0
2333.15  1.42e-14  1.16e-14   203    23     0
2335.81  4.23e-14  1.17e-14   203    71     0
2338.48  2.40e-14  1.11e-14   203    41     0
2341.14  9.99e-15  1.06e-14   203    17     0
2343.80  8.05e-15  1.03e-14   203    14     0
2346.46  2.69e-14  1.57e-14   203    48     0
2349.13  2.28e-14  1.03e-14   203    41     0
2351.79  2.05e-14  9.99e-15   203    37     0
2354.45  1.73e-14  9.72e-15   204    32     0
2357.12  7.06e-15  1.05e-14   204    13     0
2359.78  2.30e-14  1.32e-14   204    43     0
2362.44  3.81e-14  1.82e-14   204    73     0
2365.10  2.43e-14  9.30e-15   204    47     0
2367.77  4.11e-15  8.74e-15   204     7     0
2370.43  1.61e-14  1.55e-14   204    31     0
2373.09  2.97e-14  9.06e-15   204    58     0
2375.75  1.56e-14  1.35e-14   204    31     0
2378.42  1.91e-14  1.15e-14   204    38     0
2381.08  2.01e-14  8.67e-15   204    40     0
2383.74  3.12e-14  1.11e-14   204    63     0
2386.40  2.63e-14  8.93e-15   204    53     0
2389.07  1.69e-14  8.64e-15   204    34     0
2391.73  4.73e-14  9.34e-15   204    99     0
2394.39  3.00e-14  1.06e-14   205    63     0
2397.06  2.06e-14  1.01e-14   205    44     0
2399.72  1.74e-14  8.12e-15   205    37     0
2402.38  2.39e-14  7.51e-15   205    53     0
2405.04  2.99e-14  7.62e-15   205    66     0
2407.71  2.10e-14  1.09e-14   205    47     0
2410.37  8.97e-15  8.55e-15   205    20     0
2413.03  1.75e-14  6.92e-15   205    40     0
2415.69 -1.24e-15  6.53e-15   205    -2     0
2418.36  2.24e-15  6.43e-15   205     5     0
2421.02  9.38e-15  6.42e-15   205    22     0
2423.68  2.65e-14  7.12e-15   205    63     0
2426.35  9.83e-15  6.21e-15   205    24     0
2429.01  1.42e-14  6.24e-15   205    35     0
2431.67  1.23e-14  6.22e-15   205    30     0
2434.33  1.48e-14  6.18e-15   205    36     0
2437.00  1.54e-14  6.16e-15   205    38     0
2439.66  3.28e-15  5.81e-15   205     8     0
2442.32  9.90e-15  6.16e-15   205    25     0
2444.98  1.28e-14  5.79e-15   205    32     0
2447.65  7.66e-15  5.69e-15   205    19     0
2450.31  1.13e-14  5.76e-15   205    29     0
2452.97  1.13e-14  5.71e-15   205    29     0
2455.63  8.43e-15  7.58e-15   205    22     0
2458.30 -3.29e-15  6.97e-15   205    -8     0
2460.96  1.62e-14  7.39e-15   205    44     0
2463.62  4.81e-15  5.19e-15   204    13     0
2466.29  1.51e-14  5.32e-15   204    41     0
2468.95  1.04e-14  5.28e-15   204    29     0
2471.61  6.32e-15  7.61e-15   204    17     0
2474.27  2.45e-14  8.76e-15   204    70     0
2476.94  2.52e-14  8.09e-15   204    74     0
2479.60  2.55e-14  1.05e-14   204    76     0
2482.26  1.80e-14  7.95e-15   204    54     0
2484.92  2.42e-14  5.38e-15   204    73     0
2487.59  2.07e-14  6.97e-15   204    62     0
2490.25  2.24e-14  1.15e-14   204    67     0
2492.91  1.70e-14  5.07e-15   204    51     0
2495.57 -1.24e-15  5.08e-15   204    -3     0
2498.24  1.12e-15  4.73e-15   203     3     0
2500.90  9.73e-15  4.64e-15   203    28     0
2503.56  1.48e-14  5.23e-15   203    44     0
2506.23  1.06e-14  5.73e-15   203    31     0
2508.89  7.89e-15  4.66e-15   203    23     0
2511.55  1.13e-14  6.33e-15   203    34     0
2514.21  2.37e-14  6.79e-15   203    73     0
2516.88  1.18e-14  5.67e-15   203    36     0
2519.54  1.47e-14  5.24e-15   203    45     0
2522.20  1.43e-14  4.49e-15   202    45     0
2524.86  1.65e-14  7.19e-15   202    52     0
2527.53  1.41e-14  4.91e-15   202    45     0
2530.19  1.52e-14  4.91e-15   202    49     0
2532.85  2.53e-15  3.98e-15   202     8     0
2535.52  1.50e-14  5.54e-15   202    49     0
2538.18  1.91e-14  7.66e-15   202    63     0
2540.84  1.01e-14  5.40e-15   201    34     0
2543.50  5.87e-15  5.33e-15   201    20     0
2546.17  6.96e-15  5.09e-15   201    24     0
2548.83  8.99e-15  4.94e-15   201    31     0
2551.49  9.10e-15  6.66e-15   201    32     0
2554.15  5.25e-15  3.53e-15   201    18     0
2556.82 -1.08e-15  3.33e-15   200    -3     0
2559.48  4.71e-15  4.05e-15   200    17     0
2562.14  1.27e-14  5.89e-15   200    46     0
2564.80  1.83e-14  5.35e-15   200    66     0
2567.47  1.70e-14  4.82e-15   200    62     0
2570.13  1.26e-14  3.83e-15   199    46     0
2572.79  1.53e-14  6.09e-15   199    55     0
2575.46  6.29e-15  4.52e-15   199    23     0
2578.12  5.05e-15  5.36e-15   199    18     0
2580.78  8.91e-15  4.87e-15   199    32     0
2583.44  2.22e-14  9.44e-15   198    81     0
2586.11  2.80e-14  9.60e-15   198   104     0
2588.77  1.62e-14  7.22e-15   198    60     0
2591.43  1.68e-14  5.20e-15   198    62     0
2594.09  2.72e-14  8.28e-15   197   102     0
2596.76  4.53e-14  1.47e-14   197   172     0
2599.42  4.03e-14  1.40e-14   197   155     0
2602.08  2.53e-14  9.17e-15   197    98     0
2604.74  2.04e-14  7.50e-15   197    79     0
2607.41  2.40e-14  9.79e-15   196    94     0
2610.07  3.04e-14  1.37e-14   196   121     0
2612.73  3.30e-14  1.36e-14   196   132     0
2615.40  3.23e-14  1.08e-14   196   129     0
2618.06  4.85e-14  1.16e-14   195   195     0
2620.72  3.26e-14  1.20e-14   195   132     0
2623.38  4.36e-14  1.15e-14   195   178     0
2626.05  5.78e-14  1.89e-14   194   238     0
2628.71  4.55e-14  1.75e-14   194   188     0
2631.37  3.46e-14  1.20e-14   194   141     0
2634.03  2.39e-14  7.48e-15   194    98     0
2636.70  3.61e-15  4.43e-15   193    14     0
2639.36  8.34e-15  3.13e-15   193    34     0
2642.02  7.38e-15  3.89e-15   193    30     0
2644.69  2.21e-16  3.37e-15   193     0     0
2647.35  6.29e-15  3.88e-15   192    26     0
2650.01  3.02e-15  3.05e-15   192    12     0
2652.67  6.53e-15  3.12e-15   192    27     0
2655.34  5.67e-15  3.06e-15   191    24     0
2658.00 -9.43e-16  4.22e-15   191    -4     0
2660.66  2.69e-15  3.03e-15   191    11     0
2663.32  9.74e-15  4.75e-15   190    42     0
2665.99 -5.24e-16  2.91e-15   190    -2     0
2668.65  2.63e-15  4.27e-15   190    11     0
2671.31  7.37e-15  5.10e-15   190    32     0
2673.97  2.97e-15  4.33e-15   189    13     0
2676.64  2.11e-15  2.69e-15   189     9     0
2679.30  5.80e-15  4.24e-15   189    25     0
2681.96  3.38e-15  4.63e-15   188    15     0
2684.63  3.11e-16  3.69e-15   188     1     0
2687.29  5.00e-15  4.39e-15   188    22     0
2689.95  2.03e-15  2.65e-15   187     9     0
2692.61  4.50e-15  4.16e-15   187    19     0
2695.28  8.87e-15  4.65e-15   187    38     0
2697.94  1.98e-15  4.95e-15   186     8     0
2700.60  1.66e-15  2.67e-15   186     7     0
2703.26  3.99e-15  2.88e-15   186    17     0
2705.93  5.50e-15  3.06e-15   185    24     0
2708.59  7.75e-15  4.70e-15   185    33     0
2711.25  7.00e-15  5.24e-15   185    30     0
2713.92  7.61e-15  4.95e-15   184    32     0
2716.58  5.72e-15  3.95e-15   184    24     0
2719.24  5.03e-15  4.48e-15   184    21     0
2721.90  1.54e-14  5.63e-15   183    67     0
2724.57  1.46e-14  5.94e-15   183    63     0
2727.23  1.24e-14  6.54e-15   183    53     0
2729.89  1.76e-14  6.16e-15   182    76     0
2732.55  1.49e-14  6.08e-15   182    65     0
2735.22  2.00e-14  8.02e-15   182    89     0
2737.88  2.11e-14  7.23e-15   181    94     0
2740.54  1.93e-14  7.04e-15   181    86     0
2743.20  2.03e-14  7.12e-15   181    91     0
2745.87  2.78e-14  9.17e-15   180   125     0
2748.53  2.78e-14  9.55e-15   180   125     0
2751.19  2.57e-14  7.81e-15   180   113     0
2753.86  2.47e-14  7.34e-15   179   109     0
2756.52  1.82e-14  7.44e-15   179    81     0
2759.18  1.31e-14  6.29e-15   179    59     0
2761.84  1.30e-14  6.46e-15   178    58     0
2764.51  1.07e-14  5.98e-15   178    48     0
2767.17  1.59e-14  5.28e-15   178    70     0
2769.83  1.24e-14  6.15e-15   177    54     0
2772.49  1.61e-14  5.90e-15   177    71     0
2775.16  2.22e-14  7.26e-15   177    98     0
2777.82  1.90e-14  7.28e-15   176    83     0
2780.48  1.54e-14  5.57e-15   176    68     0
2783.14  1.97e-14  5.68e-15   175    86     0
2785.81  2.37e-14  5.94e-15   175   104     0
2788.47  3.24e-14  1.10e-14   175   141     0
2791.13  8.56e-14  2.72e-14   174   372     0
2793.80  1.92e-13  6.20e-14   174   832     0
2796.46  2.61e-13  8.13e-14   174  1121     0
2799.12  2.07e-13  6.78e-14   173   894     0
2801.78  2.06e-13  6.69e-14   173   879     0
2804.45  1.91e-13  6.23e-14   173   820     0
2807.11  8.87e-14  2.84e-14   172   383     0
2809.77  2.55e-14  9.44e-15   172   111     0
2812.43  1.55e-14  6.01e-15   172    67     0
2815.10  1.02e-14  4.40e-15   171    44     0
2817.76  1.24e-14  4.23e-15   171    54     0
2820.42  1.33e-14  4.76e-15   171    58     0
2823.08  8.66e-15  4.90e-15   170    37     0
2825.75  5.73e-15  5.32e-15   170    25     0
2828.41  1.14e-14  5.08e-15   170    49     0
2831.07  6.74e-15  3.76e-15   169    29     0
2833.74  1.20e-14  3.21e-15   169    52     0
2836.40  1.45e-14  3.94e-15   169    62     0
2839.06  1.19e-14  3.05e-15   168    51     0
2841.72  1.20e-14  3.74e-15   168    51     0
2844.39  1.43e-14  4.68e-15   168    61     0
2847.05  1.77e-14  4.93e-15   167    76     0
2849.71  2.24e-14  7.60e-15   167    96 -4096
2852.37  2.18e-14  7.63e-15   167    93 -4096
2855.04  1.18e-14  5.48e-15   166    49     0
2857.70  1.61e-14  5.18e-15   166    67     0
2860.36  1.61e-14  5.36e-15   166    67     0
2863.03  1.50e-14  6.65e-15   165    63     0
2865.69  1.61e-14  5.10e-15   165    68     0
2868.35  2.51e-14  7.57e-15   165   106     0
2871.01  2.17e-14  5.83e-15   165    89     0
2873.68  8.85e-15  5.33e-15   164    36     0
2876.34  2.28e-14  5.78e-15   164    94     0
2879.00  2.34e-14  7.03e-15   164    96     0
2881.66  1.96e-14  6.68e-15   163    80     0
2884.33  1.60e-14  4.33e-15   163    65     0
2886.99  1.69e-14  5.85e-15   163    68     0
2889.65  1.71e-14  6.55e-15   162    69     0
2892.31  1.52e-14  6.27e-15   162    61     0
2894.98  1.32e-14  5.19e-15   162    53     0
2897.64  1.14e-14  4.58e-15   162    45     0
2900.30  7.55e-15  3.23e-15   161    30     0
2902.97  1.24e-14  4.22e-15   161    49     0
2905.63  1.40e-14  5.89e-15   161    55     0
2908.29  1.86e-14  6.48e-15   160    73     0
2910.95  1.50e-14  5.28e-15   160    59     0
2913.62  9.94e-15  4.52e-15   160    39     0
2916.28  1.33e-14  4.21e-15   160    52     0
2918.94  1.93e-14  6.23e-15   159    75     0
2921.60  1.79e-14  6.89e-15   159    69     0
2924.27  2.14e-14  6.27e-15   159    82     0
2926.93  2.30e-14  8.04e-15   158    87     0
2929.59  2.24e-14  7.93e-15   158    84     0
2932.25  2.27e-14  6.33e-15   158    84     0
2934.92  2.38e-14  5.76e-15   158    87     0
2937.58  2.05e-14  6.78e-15   157    74     0
2940.24  2.23e-14  7.30e-15   157    80     0
2942.91  1.85e-14  5.46e-15   157    66     0
2945.57  2.96e-14  6.33e-15   157   105     0
2948.23  5.20e-14  1.99e-14   156   183     0
2950.89  4.01e-14  1.74e-14   156   140     0
2953.56  2.71e-14  6.31e-15   156    94     0
2956.22  2.24e-14  6.37e-15   156    78     0
2958.88  1.98e-14  6.33e-15   155    68     0
2961.54  1.76e-14  7.55e-15   155    60     0
2964.21  2.49e-14  6.95e-15   155    84     0
2966.87  2.44e-14  7.67e-15   155    80     0
2969.53  2.49e-14  8.48e-15   154    81     0
2972.20  3.01e-14  6.65e-15   154    98     0
2974.86  2.37e-14  7.30e-15   154    76     0
2977.52  3.00e-14  8.28e-15   154    95     0
2980.18  2.83e-14  7.59e-15   153    88     0
2982.85  2.21e-14  5.94e-15   153    68     0
2985.51  2.59e-14  8.12e-15   153    79     0
2988.17  2.75e-14  8.05e-15   153    83     0
2990.83  2.34e-14  6.15e-15   153    70     0
2993.50  1.48e-14  5.02e-15   152    44     0
2996.16  2.01e-14  4.80e-15   152    58     0
2998.82  3.42e-14  6.09e-15   152    99     0
3001.48  2.40e-14  5.78e-15   152    69     0
3004.15  1.55e-14  4.93e-15   151    44     0
3006.81  9.09e-15  5.94e-15   151    25     0
3009.47  2.08e-14  6.50e-15   151    58     0
3012.14  1.54e-14  6.98e-15   151    42     0
3014.80  1.32e-14  4.59e-15   151    36     0
3017.46  1.61e-14  4.71e-15   150    43     0
3020.12  2.18e-14  4.98e-15   150    57     0
3022.79  2.25e-14  5.04e-15   150    57     0
3025.45  2.27e-14  5.15e-15   150    57     0
3028.11  2.56e-14  5.28e-15   149    64     0
3030.77  2.35e-14  6.78e-15   149    58     0
3033.44  1.91e-14  6.13e-15   149    46     0
3036.10  1.67e-14  5.15e-15   149    40     0
3038.76  1.89e-14  5.21e-15   149    45     0
3041.43  2.38e-14  6.55e-15   148    55     0
3044.09  2.51e-14  6.08e-15   148    57     0
3046.75  2.34e-14  5.71e-15   148    53     0
3049.41  2.62e-14  8.13e-15   148    58     0
3052.08  1.48e-14  6.60e-15   148    32     0
3054.74  7.01e-15  5.96e-15   147    15     0
3057.40  2.11e-14  6.57e-15   147    43 -4096
3060.06  2.01e-14  6.50e-15   147    40 -4096
3062.73  1.52e-14  7.47e-15   147    30     0
3065.39  1.77e-14  6.01e-15   146    34     0
3068.05  1.33e-14  6.04e-15   146    25     0
3070.71  1.51e-14  6.10e-15   146    28     0
3073.38  1.44e-14  6.38e-15   146    27     0
3076.04  2.32e-14  6.93e-15   146    42     0
3078.70  2.83e-14  6.76e-15   145    50     0
3081.37  4.42e-14  1.06e-14   145    78     0
3084.03  5.11e-14  1.04e-14   145    89     0
3086.69  2.02e-14  7.15e-15   145    34     0
3089.35  1.63e-14  8.75e-15   144    27     0
3092.02  2.40e-14  6.95e-15   144    39     0
3094.68  2.09e-14  6.96e-15   144    33     0
3097.34  2.83e-14  9.05e-15   144    44     0
3100.00  2.15e-14  9.00e-15   143    33     0
3102.67  2.93e-14  1.06e-14   143    44     0
3105.33  3.55e-14  1.09e-14   143    53     0
3107.99  3.00e-14  9.84e-15   143    44     0
3110.65  2.82e-14  7.67e-15   142    41     0
3113.32  1.54e-14  7.66e-15   142    21     0
3115.98  2.98e-14  8.57e-15   142    41     0
3118.64  2.63e-14  8.41e-15   142    35     0
3121.31  3.30e-14  8.86e-15   141    44     0
3123.97  3.16e-14  8.15e-15   141    41     0
3126.63  1.59e-14  8.24e-15   141    20     0
3129.29  1.72e-14  9.02e-15   140    21     0
3131.96  2.25e-14  8.21e-15   140    28     0
3134.62  2.01e-14  9.02e-15   140    24     0
3137.28  2.80e-14  1.00e-14   139    33     0
3139.94  4.60e-14  1.49e-14   139    54     0
3142.61  6.95e-14  2.98e-14   139    79     0
3145.27  9.61e-14  3.86e-14   138   107     0
3147.93  7.09e-14  2.54e-14   138    77     0
3150.60  3.74e-14  1.22e-14   138    39     0
3153.26  2.39e-14  9.29e-15   137    24     0
3155.92  3.37e-14  9.82e-15   137    34     0
3158.58  3.52e-14  1.09e-14   136    35     0
3161.25  3.60e-14  1.18e-14   136    35     0
3163.91  3.66e-14  1.27e-14   136    35     0
3166.57  3.85e-14  1.00e-14   135    35     0
3169.23  4.14e-14  1.01e-14   135    37     0
3171.90  2.34e-14  9.92e-15   134    20     0
3174.56  3.08e-14  1.01e-14   134    26     0
3177.22  4.51e-14  1.03e-14   133    38     0
3179.88  4.76e-14  1.17e-14   133    40     0
3182.55  4.57e-14  1.38e-14   132    37     0
3185.21  4.36e-14  1.73e-14   132    35     0
3187.87  5.45e-14  1.75e-14   131    43     0
3190.54  6.10e-14  1.74e-14   131    47     0
3193.20  4.03e-14  1.14e-14   130    30     0
3195.86  5.16e-14  1.10e-14   130    38     0
3198.52  4.67e-14  1.34e-14   129    33     0
3201.19  3.19e-14  1.50e-14   129    22     0
3203.85  4.42e-14  1.88e-14   128    30     0
3206.51  3.70e-14  2.03e-14   127    24     0
3209.17  2.08e-14  1.30e-14   127    13     0
3211.84  1.90e-14  1.13e-14   126    11     0
3214.50  2.91e-14  1.16e-14   125    17     0
3217.16  4.54e-14  1.71e-14   125    26     0
3219.82  4.56e-14  1.45e-14   124    25     0
3222.49  2.18e-14  1.15e-14   123    12     0
3225.15  6.33e-15  1.19e-14   123     3     0
3227.81  2.06e-14  1.17e-14   122    10     0
3230.48  6.10e-15  1.33e-14   121     3     0
3233.14  8.44e-15  1.16e-14   120     4     0
3235.80  1.42e-14  1.32e-14   119     6     0
3238.46  2.73e-14  2.09e-14   118    12     0
3241.13  6.90e-14  3.02e-14   118    31     0
3243.79  1.13e-13  3.94e-14   117    50     0
3246.45  1.03e-13  3.17e-14   116    44     0
3249.11  7.11e-14  2.14e-14   115    30     0
3251.78  4.05e-14  1.85e-14   114    16     0
3254.44  6.84e-14  2.06e-14   113    27     0
3257.10  5.34e-14  2.63e-14   112    21 -4096
3259.77  8.82e-14  2.61e-14   111    34 -4096
3262.43  7.05e-14  1.55e-14   110    26 -4096
3265.09  2.33e-14  1.88e-14   109     8 -4096
3267.75  2.83e-14  1.81e-14   108    10     0
3270.42  3.02e-14  1.44e-14   106    10     0
3273.08  9.21e-15  1.39e-14   105     3     0
3275.74  5.39e-14  1.54e-14   104    17     0
3278.40  3.07e-14  1.87e-14   103     9     0
3281.07  1.41e-14  2.62e-14   102     4     0
3283.73  4.04e-14  2.94e-14   100    12     0
3286.39  5.25e-14  2.83e-14    99    16     0
3289.05  6.76e-14  2.50e-14    98    20     0
3291.72  7.71e-14  2.89e-14    96    22     0
3294.38  7.36e-14  2.87e-14    95    20     0
3297.04  8.49e-14  3.01e-14    93    23     0
3299.71  5.13e-14  2.14e-14    92    13     0
3302.37  8.02e-14  2.74e-14    90    20     0
3305.03  8.48e-14  2.30e-14    89    21     0
3307.69  3.75e-14  2.44e-14    87     9     0
3310.36  5.81e-14  2.05e-14    85    13     0
3313.02  6.18e-14  2.97e-14    84    14     0
3315.68  8.76e-14  4.62e-14    82    19     0
3318.34  1.42e-13  6.78e-14    80    29     0
3321.01  1.44e-13  5.03e-14    78    28     0
3323.67  6.86e-14  4.99e-14    77    13     0
3326.33  4.87e-14  2.93e-14    75     9     0
3328.99  3.26e-14  3.06e-14    73     5     0
3331.66  7.77e-14  4.65e-14    71    13     0
3334.32  2.87e-14  2.94e-14    69     4     0
3336.98  3.88e-14  2.87e-14    67     6     0
3339.65  1.13e-13  2.98e-14    65    18     0
3342.31  1.54e-13  3.23e-14    62    23     0
3344.97  1.13e-13  4.01e-14    60    16     0
3347.63  1.06e-13  3.97e-14    58    14     0
