NOT ORIGINAL IUE PROJECT DATA PRODUCT
LWP09091LOWLARGE
HD  197481
20:42:06
-31:31:05
48
NO-TRAIL
ALONG-APER
1199.595
15/09/86
22:20:40
258
8.50
29/07/99
VILSPA
2446689.43102
64
33
1851.21  5.27e-13  6.83e-13   182    65     0
1853.87  1.18e-12  6.47e-13   183   154     0
1856.53 -4.77e-14  6.15e-13   183    -6     0
1859.19 -3.64e-13  5.69e-13   184   -52     0
1861.86  7.87e-13  5.30e-13   184   122     0
1864.52  1.23e-14  4.75e-13   185     2     0
1867.18 -1.10e-13  4.11e-13   185   -21     0
1869.84  4.03e-13  3.88e-13   186    83     0
1872.51  1.58e-13  3.64e-13   186    34     0
1875.17  1.50e-13  3.28e-13   187    35     0
1877.83  2.23e-13  3.10e-13   187    56     0
1880.49  1.34e-13  3.08e-13   188    33     0
1883.16 -5.56e-14  2.90e-13   188   -14     0
1885.82  9.90e-14  2.67e-13   189    28     0
1888.48 -5.16e-14  2.53e-13   189   -15     0
1891.15  1.93e-13  2.42e-13   190    60     0
1893.81  1.76e-13  2.31e-13   190    56     0
1896.47  4.37e-15  2.18e-13   190     1     0
1899.13 -4.18e-14  2.09e-13   191   -14     0
1901.80 -2.12e-13  2.06e-13   191   -74     0
1904.46  2.11e-13  2.01e-13   192    76     0
1907.12  6.69e-14  1.88e-13   192    25     0
1909.78  1.55e-13  1.96e-13   192    60     0
1912.45  9.36e-14  1.89e-13   193    37     0
1915.11  2.76e-13  1.90e-13   193   113 -4096
1917.77 -2.50e-13  1.70e-13   193  -106     0
1920.44 -1.98e-13  2.53e-13   194   -88     0
1923.10 -4.53e-15  1.48e-13   194    -2     0
1925.76  5.05e-14  1.47e-13   194    23     0
1928.42 -2.67e-14  1.41e-13   195   -12     0
1931.09  5.00e-14  1.35e-13   195    24     0
1933.75 -1.47e-13  1.78e-13   195   -74     0
1936.41  3.45e-14  1.25e-13   196    17     0
1939.07 -2.00e-14  1.21e-13   196   -10     0
1941.74  9.25e-14  1.18e-13   196    50     0
1944.40  1.09e-13  1.14e-13   196    61     0
1947.06  4.57e-14  1.10e-13   197    26     0
1949.72 -5.45e-14  1.05e-13   197   -32     0
1952.39  3.88e-14  1.04e-13   197    23     0
1955.05 -6.03e-15  1.00e-13   198    -3     0
1957.71  8.87e-14  9.83e-14   198    55     0
1960.38  6.63e-14  9.46e-14   198    42     0
1963.04  8.44e-14  9.19e-14   198    55     0
1965.70  1.29e-13  8.83e-14   199    88     0
1968.36 -7.17e-14  8.38e-14   199   -50     0
1971.03  5.95e-14  8.36e-14   199    42     0
1973.69  8.89e-14  8.15e-14   199    64     0
1976.35  5.23e-14  7.55e-14   199    40     0
1979.01 -2.06e-14  7.24e-14   200   -16     0
1981.68 -8.66e-16  7.08e-14   200     0     0
1984.34  6.19e-14  6.98e-14   200    50     0
1987.00  1.48e-13  6.99e-14   200   122     0
1989.67  1.94e-14  6.55e-14   200    16     0
1992.33 -3.13e-14  6.39e-14   201   -26     0
1994.99  1.99e-14  6.25e-14   201    17     0
1997.65  2.00e-14  6.07e-14   201    17     0
2000.32  3.43e-14  5.99e-14   201    30     0
2002.98  3.30e-14  5.88e-14   201    30     0
2005.64  2.32e-14  5.70e-14   201    21     0
2008.30  1.84e-14  5.59e-14   202    17     0
2010.97  5.34e-14  5.61e-14   202    50     0
2013.63 -1.09e-14  5.46e-14   202   -10     0
2016.29  2.85e-14  5.29e-14   202    27     0
2018.95  3.15e-14  5.23e-14   202    30     0
2021.62 -3.31e-14  5.29e-14   202   -31     0
2024.28  3.82e-14  5.29e-14   203    36     0
2026.94 -2.06e-14  5.10e-14   203   -19     0
2029.61  3.27e-14  5.11e-14   203    31     0
2032.27  5.05e-14  5.08e-14   203    48     0
2034.93 -1.43e-14  4.94e-14   203   -13     0
2037.59  1.32e-14  4.91e-14   203    12     0
2040.26 -3.76e-14  4.88e-14   203   -36     0
2042.92 -2.58e-14  4.83e-14   203   -25     0
2045.58  4.08e-14  4.85e-14   203    39     0
2048.24  5.77e-15  4.72e-14   204     5     0
2050.91  2.87e-14  4.68e-14   204    28     0
2053.57 -1.00e-14  4.57e-14   204    -9     0
2056.23 -6.90e-14  5.30e-14   204   -69     0
2058.89 -8.51e-14  9.67e-14   204   -85     0
2061.56  2.84e-14  4.39e-14   204    28     0
2064.22  8.80e-15  4.30e-14   204     8     0
2066.88  1.97e-14  4.32e-14   204    19     0
2069.55 -4.48e-14  4.23e-14   204   -45     0
2072.21  2.22e-14  4.14e-14   204    23     0
2074.87  1.33e-14  4.07e-14   204    13     0
2077.53 -4.17e-15  3.99e-14   205    -4     0
2080.20  2.90e-14  4.01e-14   205    30     0
2082.86 -2.72e-14  3.92e-14   205   -28     0
2085.52  1.07e-14  3.89e-14   205    11     0
2088.18  1.71e-15  3.84e-14   205     1     0
2090.85 -4.46e-14  3.75e-14   205   -47     0
2093.51  2.93e-14  3.77e-14   205    31     0
2096.17  1.44e-14  3.77e-14   205    15     0
2098.83 -1.58e-15  3.73e-14   205    -1     0
2101.50 -1.01e-14  3.71e-14   205   -10     0
2104.16 -7.43e-15  3.69e-14   205    -7     0
2106.82 -1.28e-14  3.62e-14   205   -13     0
2109.49 -2.20e-14  3.60e-14   205   -23     0
2112.15 -6.81e-15  3.62e-14   205    -7     0
2114.81  3.55e-14  3.64e-14   205    36     0
2117.47  1.62e-14  3.68e-14   205    16     0
2120.14 -7.61e-15  3.57e-14   205    -7     0
2122.80 -1.84e-14  3.46e-14   205   -19     0
2125.46  4.13e-14  3.50e-14   205    43     0
2128.12  1.80e-15  3.38e-14   205     1     0
2130.79 -1.07e-14  3.34e-14   205   -11     0
2133.45  1.39e-14  3.32e-14   205    14     0
2136.11  5.44e-15  3.30e-14   205     5     0
2138.78  3.89e-14  3.32e-14   205    40     0
2141.44  6.54e-14  8.16e-14   205    69     0
2144.10  1.14e-13  1.04e-13   205   120     0
2146.76 -8.35e-15  3.14e-14   205    -8     0
2149.43 -2.13e-16  3.11e-14   205     0     0
2152.09 -2.85e-14  3.15e-14   205   -29     0
2154.75 -3.27e-14  3.12e-14   205   -34     0
2157.41  1.82e-14  3.06e-14   205    19     0
2160.08 -9.00e-15  3.01e-14   205    -9     0
2162.74  2.30e-14  3.33e-14   205    24     0
2165.40 -1.55e-14  2.97e-14   205   -16     0
2168.06 -3.01e-14  2.95e-14   205   -31     0
2170.73 -5.13e-14  2.94e-14   205   -53     0
2173.39  3.80e-14  2.99e-14   205    39     0
2176.05 -2.59e-14  2.86e-14   205   -27     0
2178.72  5.42e-15  2.84e-14   205     5     0
2181.38 -1.55e-14  2.85e-14   205   -16     0
2184.04  2.49e-14  2.85e-14   205    26     0
2186.70 -6.76e-15  2.76e-14   205    -7     0
2189.37 -2.26e-14  2.73e-14   205   -23     0
2192.03  1.87e-14  2.74e-14   205    19     0
2194.69 -3.02e-14  2.68e-14   205   -32     0
2197.35 -1.86e-14  2.69e-14   205   -19     0
2200.02 -9.61e-15  2.67e-14   205   -10     0
2202.68  6.67e-15  2.58e-14   205     7     0
2205.34  2.18e-14  2.62e-14   205    23     0
2208.01  2.00e-14  2.58e-14   205    21     0
2210.67 -1.61e-14  2.53e-14   205   -17     0
2213.33  1.95e-14  2.53e-14   205    20     0
2215.99 -2.99e-16  2.49e-14   205     0     0
2218.66 -5.65e-15  2.47e-14   205    -6     0
2221.32 -2.25e-14  2.41e-14   205   -24     0
2223.98  2.30e-14  2.40e-14   205    25     0
2226.64 -3.15e-15  2.41e-14   205    -3     0
2229.31 -2.18e-14  2.38e-14   205   -23     0
2231.97 -8.37e-15  2.28e-14   205    -9     0
2234.63 -3.11e-14  2.25e-14   205   -34     0
2237.29 -1.54e-14  2.26e-14   204   -16     0
2239.96 -9.08e-15  2.23e-14   204   -10     0
2242.62  6.21e-15  2.19e-14   204     6     0
2245.28 -8.29e-15  2.14e-14   204    -9     0
2247.95 -1.99e-14  2.11e-14   204   -22     0
2250.61  2.31e-14  2.09e-14   204    26     0
2253.27  1.40e-14  2.03e-14   204    16     0
2255.93  1.32e-14  2.01e-14   204    15     0
2258.60  1.67e-14  1.98e-14   204    19     0
2261.26 -2.15e-14  1.91e-14   204   -25     0
2263.92 -1.04e-14  1.87e-14   204   -12     0
2266.58  6.30e-15  1.94e-14   204     7     0
2269.25  2.61e-14  1.90e-14   204    32     0
2271.91  4.67e-15  1.76e-14   204     5     0
2274.57 -4.47e-15  1.72e-14   203    -5     0
2277.23 -1.86e-14  1.66e-14   203   -24     0
2279.90 -1.29e-14  1.63e-14   203   -17     0
2282.56 -4.74e-15  1.63e-14   203    -6     0
2285.22  1.34e-14  1.62e-14   203    17     0
2287.89 -1.96e-14  1.58e-14   203   -26     0
2290.55  2.05e-14  1.60e-14   203    27     0
2293.21  2.46e-14  1.58e-14   203    33     0
2295.87  3.39e-15  1.51e-14   203     4     0
2298.54 -2.11e-14  1.49e-14   203   -29     0
2301.20  3.94e-15  1.46e-14   203     5     0
2303.86  4.51e-15  1.44e-14   203     6     0
2306.52  6.50e-15  1.44e-14   202     9     0
2309.19 -7.74e-16  1.41e-14   202    -1     0
2311.85 -1.87e-16  1.35e-14   202     0     0
2314.51  3.02e-15  1.33e-14   202     4     0
2317.18  2.10e-15  1.31e-14   202     3     0
2319.84  2.15e-14  1.32e-14   202    32     0
2322.50  2.72e-14  1.30e-14   202    41     0
2325.16  2.26e-14  1.32e-14   202    35     0
2327.83  1.27e-14  1.20e-14   202    20     0
2330.49  1.38e-14  1.23e-14   202    22     0
2333.15  2.37e-14  1.24e-14   201    38     0
2335.81  3.25e-14  1.19e-14   201    54     0
2338.48  1.47e-14  1.09e-14   201    25     0
2341.14  3.92e-14  1.29e-14   201    67     0
2343.80  2.67e-14  1.07e-14   201    46     0
2346.46  7.11e-15  1.06e-14   201    12     0
2349.13  1.08e-14  9.88e-15   201    19     0
2351.79  7.73e-15  9.67e-15   201    14     0
2354.45  2.20e-14  9.82e-15   200    40     0
2357.12  2.24e-14  9.66e-15   200    42     0
2359.78  1.98e-14  1.29e-14   200    37     0
2362.44  2.19e-14  1.29e-14   200    42     0
2365.10  1.72e-14  9.13e-15   200    33     0
2367.77  9.24e-15  8.77e-15   200    17     0
2370.43  1.36e-14  1.59e-14   200    26     0
2373.09  3.40e-14  1.89e-14   200    67     0
2375.75  1.86e-14  1.47e-14   199    37     0
2378.42  1.84e-14  9.75e-15   199    37     0
2381.08  4.32e-14  1.53e-14   199    87     0
2383.74  5.03e-14  1.71e-14   199   102     0
2386.40  4.32e-14  1.21e-14   199    88     0
2389.07  1.74e-14  8.16e-15   199    35     0
2391.73  3.06e-14  8.69e-15   199    64     0
2394.39  1.71e-14  9.11e-15   199    36     0
2397.06  1.75e-14  1.03e-14   198    37     0
2399.72  2.62e-14  8.27e-15   198    57     0
2402.38  2.46e-14  7.45e-15   198    54     0
2405.04  1.79e-14  1.05e-14   198    39     0
2407.71  8.22e-15  9.95e-15   198    18     0
2410.37  1.98e-14  7.14e-15   198    45     0
2413.03  1.45e-14  1.08e-14   197    33     0
2415.69  2.55e-15  6.72e-15   197     5     0
2418.36  5.86e-15  6.40e-15   197    13     0
2421.02  5.94e-15  7.45e-15   197    14     0
2423.68  1.42e-14  6.83e-15   197    34     0
2426.35  1.12e-14  6.53e-15   197    27     0
2429.01  2.02e-14  7.59e-15   197    49     0
2431.67  1.54e-14  9.25e-15   196    37     0
2434.33  1.39e-14  6.33e-15   196    34     0
2437.00  1.63e-14  6.09e-15   196    40     0
2439.66 -7.60e-15  5.70e-15   196   -18     0
2442.32  7.74e-16  6.51e-15   196     1     0
2444.98  9.82e-15  5.75e-15   196    25     0
2447.65  1.52e-14  5.76e-15   195    39     0
2450.31  1.41e-14  6.31e-15   195    36     0
2452.97  1.04e-14  5.47e-15   195    27     0
2455.63  1.63e-14  6.09e-15   195    42     0
2458.30  8.08e-15  5.26e-15   195    21     0
2460.96  1.67e-14  5.41e-15   195    45     0
2463.62  8.23e-15  5.44e-15   194    22     0
2466.29  1.98e-14  5.86e-15   194    54     0
2468.95  8.90e-15  4.95e-15   194    24     0
2471.61  9.21e-15  5.33e-15   194    26     0
2474.27  2.73e-14  6.29e-15   194    78     0
2476.94  2.64e-14  8.50e-15   194    78     0
2479.60  1.99e-14  8.24e-15   193    59     0
2482.26  1.76e-14  5.40e-15   193    53     0
2484.92  1.28e-14  4.57e-15   193    38     0
2487.59  1.17e-14  6.34e-15   193    35     0
2490.25  1.87e-14  8.38e-15   193    56     0
2492.91  1.33e-14  6.56e-15   193    40     0
2495.57  1.17e-14  5.80e-15   192    35     0
2498.24  1.14e-14  4.58e-15   192    34     0
2500.90  2.37e-14  7.21e-15   192    70     0
2503.56  1.87e-14  4.67e-15   192    55     0
2506.23  2.44e-14  4.71e-15   192    72     0
2508.89  1.40e-14  6.23e-15   191    42     0
2511.55  2.05e-14  5.71e-15   191    62     0
2514.21  2.57e-14  8.58e-15   191    79     0
2516.88  1.55e-14  6.52e-15   191    47     0
2519.54  1.89e-14  4.54e-15   191    58     0
2522.20  2.74e-14  6.69e-15   190    86     0
2524.86  2.22e-14  8.01e-15   190    71     0
2527.53  9.09e-15  5.75e-15   190    29     0
2530.19  1.30e-14  5.16e-15   190    42     0
2532.85  8.23e-15  4.16e-15   190    27     0
2535.52  1.60e-14  5.64e-15   189    52     0
2538.18  9.92e-15  5.82e-15   189    33     0
2540.84  1.35e-14  5.02e-15   189    45     0
2543.50  1.53e-14  5.05e-15   189    52     0
2546.17  1.09e-14  7.18e-15   189    37     0
2548.83  2.21e-15  3.86e-15   188     7     0
2551.49  1.05e-14  4.54e-15   188    37     0
2554.15  1.81e-14  3.68e-15   188    65     0
2556.82  3.50e-16  3.25e-15   188     1     0
2559.48  2.31e-15  3.84e-15   188     8     0
2562.14  1.16e-14  4.07e-15   187    42     0
2564.80  1.37e-14  3.51e-15   187    49     0
2567.47  1.24e-14  4.53e-15   187    45     0
2570.13  9.52e-15  4.88e-15   187    34     0
2572.79  7.98e-15  5.01e-15   187    29     0
2575.46  4.19e-15  3.40e-15   186    15     0
2578.12  1.84e-14  7.23e-15   186    67     0
2580.78  1.91e-14  4.76e-15   186    69     0
2583.44  1.57e-14  1.02e-14   186    57     0
2586.11  3.41e-14  9.81e-15   185   126     0
2588.77  2.00e-14  7.36e-15   185    74     0
2591.43  2.50e-14  6.65e-15   185    93     0
2594.09  2.26e-14  8.02e-15   185    85     0
2596.76  3.57e-14  1.37e-14   185   135     0
2599.42  4.29e-14  1.53e-14   184   165     0
2602.08  3.85e-14  1.23e-14   184   149     0
2604.74  2.03e-14  9.01e-15   184    79     0
2607.41  3.15e-14  9.98e-15   184   124     0
2610.07  2.79e-14  1.09e-14   183   111     0
2612.73  3.87e-14  1.19e-14   183   154     0
2615.40  4.53e-14  1.23e-14   183   181     0
2618.06  4.42e-14  1.43e-14   183   177     0
2620.72  4.11e-14  1.53e-14   183   167     0
2623.38  4.73e-14  1.57e-14   182   193     0
2626.05  5.88e-14  2.05e-14   182   242     0
2628.71  5.65e-14  2.06e-14   182   233     0
2631.37  4.21e-14  1.48e-14   182   172     0
2634.03  3.23e-14  9.68e-15   181   132     0
2636.70  1.36e-14  5.75e-15   181    55     0
2639.36  1.31e-14  4.21e-15   181    53     0
2642.02  9.30e-15  3.18e-15   181    38     0
2644.69 -3.38e-18  3.29e-15   181     0     0
2647.35  1.19e-14  3.13e-15   180    50     0
2650.01  7.76e-15  3.03e-15   180    33     0
2652.67  1.10e-14  5.47e-15   180    45     0
2655.34  1.15e-14  3.51e-15   180    48     0
2658.00  6.59e-15  3.19e-15   179    27     0
2660.66 -1.03e-15  3.14e-15   179    -4     0
2663.32  9.24e-15  2.83e-15   179    39     0
2665.99  8.31e-15  2.92e-15   179    35     0
2668.65  1.19e-14  3.45e-15   178    51     0
2671.31  1.02e-14  5.00e-15   178    44     0
2673.97  5.22e-15  4.59e-15   178    22     0
2676.64  9.62e-17  4.34e-15   178     0     0
2679.30  6.86e-15  5.33e-15   177    30     0
2681.96  3.04e-15  4.79e-15   177    13     0
2684.63  2.66e-15  3.74e-15   177    11     0
2687.29  8.81e-15  4.62e-15   177    39     0
2689.95  7.78e-15  2.71e-15   176    34     0
2692.61  9.21e-15  4.58e-15   176    40     0
2695.28  1.17e-14  5.58e-15   176    51     0
2697.94  1.13e-14  3.45e-15   176    49     0
2700.60  9.41e-15  3.47e-15   175    41     0
2703.26  6.27e-15  4.13e-15   175    27     0
2705.93  8.25e-15  2.77e-15   175    36     0
2708.59  1.04e-14  5.37e-15   175    45     0
2711.25  1.38e-14  5.95e-15   174    59     0
2713.92  1.41e-14  6.77e-15   174    60     0
2716.58  1.12e-14  6.70e-15   174    48     0
2719.24  7.48e-15  5.33e-15   174    32     0
2721.90  1.45e-14  4.42e-15   173    62     0
2724.57  1.20e-14  6.32e-15   173    52     0
2727.23  1.60e-14  6.94e-15   173    69     0
2729.89  2.09e-14  7.45e-15   173    91     0
2732.55  1.63e-14  7.47e-15   172    71     0
2735.22  2.14e-14  6.60e-15   172    95     0
2737.88  1.72e-14  6.50e-15   172    77     0
2740.54  1.93e-14  8.10e-15   172    86     0
2743.20  2.66e-14  1.07e-14   171   119     0
2745.87  3.72e-14  1.31e-14   171   167     0
2748.53  2.80e-14  1.03e-14   171   126     0
2751.19  2.68e-14  9.49e-15   171   118     0
2753.86  2.31e-14  8.44e-15   170   102     0
2756.52  2.37e-14  7.82e-15   170   106     0
2759.18  2.18e-14  8.47e-15   170    97     0
2761.84  1.46e-14  7.12e-15   170    65     0
2764.51  1.14e-14  4.91e-15   169    51     0
2767.17  1.64e-14  6.55e-15   169    73     0
2769.83  1.77e-14  6.28e-15   169    78     0
2772.49  1.42e-14  5.62e-15   169    62     0
2775.16  1.90e-14  7.10e-15   168    84     0
2777.82  1.29e-14  5.15e-15   168    56     0
2780.48  1.07e-14  5.38e-15   168    47     0
2783.14  1.39e-14  6.51e-15   168    61     0
2785.81  2.27e-14  6.80e-15   167    99     0
2788.47  2.86e-14  1.09e-14   167   124     0
2791.13  7.36e-14  2.37e-14   167   319     0
2793.80  1.69e-13  5.56e-14   166   730     0
2796.46  2.60e-13  8.74e-14   166  1117     0
2799.12  2.34e-13  7.61e-14   166  1005     0
2801.78  2.06e-13  6.84e-14   166   880     0
2804.45  1.95e-13  6.66e-14   165   836     0
2807.11  9.89e-14  3.16e-14   165   427     0
2809.77  2.72e-14  9.04e-15   165   118     0
2812.43  1.49e-14  4.71e-15   165    64     0
2815.10  1.40e-14  3.88e-15   164    61     0
2817.76  1.42e-14  5.18e-15   164    62     0
2820.42  8.51e-15  3.88e-15   164    37     0
2823.08  1.02e-14  5.23e-15   164    44     0
2825.75  1.37e-14  6.05e-15   163    59     0
2828.41  1.63e-14  6.02e-15   163    71     0
2831.07  9.40e-15  5.46e-15   163    41     0
2833.74  9.98e-15  4.72e-15   162    43     0
2836.40  1.43e-14  4.04e-15   162    61     0
2839.06  1.57e-14  3.40e-15   162    67     0
2841.72  1.27e-14  3.77e-15   162    54     0
2844.39  1.59e-14  5.67e-15   161    68     0
2847.05  1.68e-14  4.30e-15   161    72     0
2849.71  1.51e-14  5.39e-15   161    65 -4096
2852.37  1.67e-14  5.93e-15   161    71 -4096
2855.04  1.43e-14  6.76e-15   160    60 -4096
2857.70  1.49e-14  6.80e-15   160    62     0
2860.36  1.48e-14  5.54e-15   160    62     0
2863.03  1.59e-14  3.79e-15   159    66     0
2865.69  1.62e-14  3.61e-15   159    68     0
2868.35  2.05e-14  5.92e-15   159    86     0
2871.01  2.41e-14  6.57e-15   159    99     0
2873.68  1.88e-14  5.62e-15   158    77     0
2876.34  2.35e-14  5.15e-15   158    97     0
2879.00  2.12e-14  6.49e-15   158    87     0
2881.66  1.94e-14  5.69e-15   157    79     0
2884.33  1.37e-14  5.46e-15   157    56     0
2886.99  1.48e-14  4.91e-15   157    60     0
2889.65  1.63e-14  3.50e-15   157    66     0
2892.31  1.76e-14  4.31e-15   156    71     0
2894.98  1.26e-14  3.58e-15   156    50     0
2897.64  1.08e-14  3.85e-15   156    43     0
2900.30  1.09e-14  3.48e-15   155    44     0
2902.97  1.47e-14  5.10e-15   155    59     0
2905.63  1.52e-14  6.28e-15   155    60     0
2908.29  1.81e-14  3.95e-15   155    71     0
2910.95  1.52e-14  5.23e-15   154    60     0
2913.62  1.12e-14  5.42e-15   154    44     0
2916.28  1.34e-14  5.03e-15   154    52     0
2918.94  1.93e-14  6.19e-15   153    75     0
2921.60  1.89e-14  5.94e-15   153    73     0
2924.27  2.50e-14  6.20e-15   153    96     0
2926.93  2.74e-14  7.97e-15   153   104     0
2929.59  2.38e-14  6.88e-15   152    90     0
2932.25  2.57e-14  7.14e-15   152    95     0
2934.92  2.46e-14  6.04e-15   152    90     0
2937.58  1.70e-14  7.20e-15   151    61     0
2940.24  2.05e-14  6.73e-15   151    73     0
2942.91  2.23e-14  8.51e-15   151    79     0
2945.57  1.82e-14  6.56e-15   151    64     0
2948.23  1.93e-14  7.92e-15   150    67     0
2950.89  2.64e-14  7.53e-15   150    92     0
2953.56  2.89e-14  7.29e-15   150   100     0
2956.22  2.73e-14  7.84e-15   149    95     0
2958.88  2.22e-14  7.38e-15   149    77     0
2961.54  2.21e-14  8.36e-15   149    75     0
2964.21  2.38e-14  6.21e-15   148    80     0
2966.87  2.32e-14  6.97e-15   148    76     0
2969.53  2.37e-14  7.19e-15   148    77     0
2972.20  2.61e-14  6.28e-15   147    85     0
2974.86  2.43e-14  8.13e-15   147    78     0
2977.52  2.26e-14  7.83e-15   147    71     0
2980.18  2.42e-14  6.15e-15   146    75     0
2982.85  2.35e-14  7.30e-15   146    72     0
2985.51  2.42e-14  7.52e-15   146    74     0
2988.17  2.49e-14  5.34e-15   146    75     0
2990.83  2.18e-14  7.75e-15   145    65     0
2993.50  1.72e-14  6.66e-15   145    51     0
2996.16  1.91e-14  4.79e-15   145    55     0
2998.82  2.50e-14  4.51e-15   144    72     0
3001.48  2.28e-14  4.59e-15   144    66     0
3004.15  1.93e-14  6.23e-15   144    55     0
3006.81  1.74e-14  4.56e-15   143    49     0
3009.47  2.49e-14  5.76e-15   143    70     0
3012.14  1.78e-14  4.81e-15   143    49     0
3014.80  1.91e-14  6.68e-15   142    51     0
3017.46  1.84e-14  8.25e-15   142    49     0
3020.12  2.27e-14  6.60e-15   141    59     0
3022.79  2.10e-14  6.61e-15   141    53     0
3025.45  2.09e-14  5.95e-15   141    53     0
3028.11  2.33e-14  5.81e-15   140    58     0
3030.77  1.88e-14  6.53e-15   140    47     0
3033.44  1.67e-14  6.25e-15   140    41     0
3036.10  2.42e-14  5.73e-15   139    58     0
3038.76  1.72e-14  5.86e-15   139    41     0
3041.43  1.67e-14  5.52e-15   139    38     0
3044.09  1.44e-14  5.22e-15   138    32     0
3046.75  2.06e-14  6.13e-15   138    46     0
3049.41  3.30e-14  8.79e-15   138    73     0
3052.08  2.66e-14  9.18e-15   137    58     0
3054.74  2.17e-14  1.11e-14   137    46 -4096
3057.40  1.67e-14  8.96e-15   136    34 -4096
3060.06  1.24e-14  8.62e-15   136    25 -4096
3062.73  2.22e-14  7.32e-15   136    44     0
3065.39  2.24e-14  6.00e-15   135    44     0
3068.05  1.79e-14  6.01e-15   135    34     0
3070.71  1.95e-14  6.09e-15   134    37     0
3073.38  1.98e-14  9.27e-15   134    37     0
3076.04  3.10e-14  1.06e-14   134    56     0
3078.70  2.34e-14  9.52e-15   133    41     0
3081.37  2.40e-14  7.57e-15   133    42     0
3084.03  2.08e-14  7.90e-15   132    36     0
3086.69  1.73e-14  8.31e-15   132    29     0
3089.35  1.85e-14  6.65e-15   132    31     0
3092.02  2.12e-14  7.88e-15   131    35     0
3094.68  2.19e-14  8.03e-15   131    35     0
3097.34  2.59e-14  9.92e-15   130    40     0
3100.00  2.57e-14  7.17e-15   130    39     0
3102.67  2.24e-14  7.10e-15   129    34     0
3105.33  2.42e-14  7.23e-15   129    36     0
3107.99  2.25e-14  7.30e-15   128    33     0
3110.65  2.22e-14  7.33e-15   128    32     0
3113.32  1.36e-14  7.88e-15   128    19     0
3115.98  2.15e-14  7.91e-15   127    29     0
3118.64  1.19e-14  7.49e-15   127    16     0
3121.31  1.41e-14  7.77e-15   126    18     0
3123.97  2.11e-14  7.82e-15   126    27     0
3126.63  1.98e-14  9.34e-15   125    25     0
3129.29  2.24e-14  1.02e-14   125    28     0
3131.96  2.24e-14  8.11e-15   124    27     0
3134.62  2.99e-14  1.33e-14   124    36     0
3137.28  3.21e-14  1.23e-14   123    38     0
3139.94  2.68e-14  1.14e-14   123    31     0
3142.61  1.94e-14  1.25e-14   122    22     0
3145.27  2.53e-14  9.25e-15   122    28     0
3147.93  2.78e-14  1.09e-14   121    30     0
3150.60  1.46e-14  1.46e-14   120    15     0
3153.26  2.48e-14  1.48e-14   120    25     0
3155.92  2.74e-14  1.15e-14   119    28     0
3158.58  1.40e-14  1.24e-14   119    13     0
3161.25  2.53e-14  1.20e-14   118    24     0
3163.91  2.97e-14  1.10e-14   118    28     0
3166.57  2.85e-14  9.88e-15   117    26     0
3169.23  3.37e-14  1.36e-14   117    30     0
3171.90  3.23e-14  1.39e-14   116    28     0
3174.56  3.60e-14  1.02e-14   115    31     0
3177.22  2.12e-14  9.62e-15   115    18     0
3179.88  2.03e-14  9.69e-15   114    17     0
3182.55  3.32e-14  1.13e-14   113    27     0
3185.21  2.84e-14  1.48e-14   113    22     0
3187.87  3.03e-14  1.03e-14   112    23     0
3190.54  2.59e-14  1.02e-14   112    19     0
3193.20  2.29e-14  1.01e-14   111    17     0
3195.86  5.71e-14  1.07e-14   110    42     0
3198.52  5.35e-14  1.70e-14   110    38     0
3201.19  4.15e-14  1.70e-14   109    29     0
3203.85  4.89e-14  1.62e-14   108    33     0
3206.51  3.24e-14  1.12e-14   108    21     0
3209.17  2.06e-14  1.36e-14   107    13     0
3211.84  2.55e-14  1.11e-14   106    15     0
3214.50  2.75e-14  1.10e-14   105    16     0
3217.16  2.63e-14  1.28e-14   105    15     0
3219.82  2.63e-14  1.37e-14   104    14     0
3222.49  5.37e-14  1.31e-14   103    30     0
3225.15  3.83e-14  1.74e-14   102    20     0
3227.81  4.94e-14  1.65e-14   102    26     0
3230.48  5.70e-14  1.74e-14   101    29     0
3233.14  4.72e-14  1.18e-14   100    23     0
3235.80  4.33e-14  1.39e-14    99    20     0
3238.46  6.02e-14  2.06e-14    98    28     0
3241.13  4.78e-14  2.14e-14    98    22     0
3243.79  6.83e-14  1.72e-14    97    30     0
3246.45  9.23e-14  1.51e-14    96    40     0
3249.11  7.36e-14  1.84e-14    95    31     0
3251.78  7.72e-14  1.78e-14    94    32     0
3254.44  7.25e-14  2.52e-14    93    29     0
3257.10  3.26e-14  3.19e-14    92    12 -4096
3259.77  8.56e-14  2.61e-14    91    33 -4096
3262.43  4.77e-14  2.67e-14    91    18 -4096
3265.09  2.04e-14  1.87e-14    90     7 -4096
3267.75  3.08e-14  2.00e-14    89    11     0
3270.42  4.19e-14  2.30e-14    88    14     0
3273.08  6.08e-14  1.98e-14    87    21     0
3275.74  1.41e-13  2.79e-14    86    46     0
3278.40  8.55e-14  1.88e-14    85    27     0
3281.07  6.47e-14  1.55e-14    84    20     0
3283.73  7.48e-14  2.58e-14    83    23     0
3286.39  3.71e-14  2.46e-14    82    11     0
3289.05  1.18e-14  2.65e-14    81     3     0
3291.72  2.52e-14  1.81e-14    80     7     0
3294.38  6.28e-14  2.70e-14    78    17     0
3297.04  8.12e-14  2.68e-14    77    22     0
3299.71  5.81e-14  3.34e-14    76    15     0
3302.37  6.86e-14  3.37e-14    75    17     0
3305.03  6.78e-14  3.65e-14    74    17     0
3307.69  5.70e-14  2.73e-14    73    14     0
3310.36  4.59e-14  2.34e-14    72    10     0
3313.02  6.24e-14  2.09e-14    70    14     0
3315.68  3.86e-14  2.46e-14    69     8     0
3318.34  4.21e-14  2.64e-14    68     8     0
3321.01  5.54e-14  3.03e-14    67    11     0
3323.67  5.65e-14  2.49e-14    65    10     0
3326.33  8.48e-14  2.57e-14    64    15     0
3328.99  1.28e-13  2.77e-14    63    23     0
3331.66  9.69e-14  3.08e-14    62    16     0
3334.32  4.03e-14  2.97e-14    60     6     0
3336.98  6.40e-14  2.98e-14    59    10     0
3339.65  8.72e-14  2.99e-14    57    13     0
3342.31  5.74e-14  3.18e-14    56     8     0
3344.97  1.24e-13  3.30e-14    55    18     0
3347.63  1.05e-13  3.59e-14    53    14     0
