NOT ORIGINAL IUE PROJECT DATA PRODUCT
LWP9095LOWLARGE
HD  197481
20:42:06
-31:31:05
48
NO-TRAIL
X-OFFSETS
839.434
16/09/86
13:11:58
259
7.50
24/06/96
GSFC
2446690.04998
71
42
1851.18 -1.03e-13  1.02e-12   531    -8     0
1853.84 -4.34e-13  9.57e-13   530   -40     0
1856.51 -6.05e-13  9.33e-13   529   -56     0
1859.17 -1.20e-13  8.64e-13   529   -12     0
1861.83 -4.70e-14  7.90e-13   528    -5     0
1864.49 -3.32e-13  7.23e-13   527   -39     0
1867.16 -5.31e-14  6.25e-13   527    -7     0
1869.82  3.17e-13  5.88e-13   526    46     0
1872.48 -6.10e-13  5.52e-13   525   -92     0
1875.15 -2.63e-14  4.98e-13   525    -4     0
1877.81  4.72e-13  4.76e-13   524    83     0
1880.47  1.08e-13  4.70e-13   523    19     0
1883.13  2.40e-13  4.47e-13   523    44     0
1885.80  4.55e-14  4.08e-13   522     9     0
1888.46 -4.23e-14  3.88e-13   521    -8     0
1891.12 -2.51e-14  3.67e-13   521    -5     0
1893.78 -8.10e-14  3.52e-13   520   -18     0
1896.45  7.35e-14  3.36e-13   519    17     0
1899.11  3.23e-13  3.27e-13   519    78     0
1901.77  5.17e-14  3.17e-13   518    12     0
1904.43  6.95e-14  3.06e-13   518    17     0
1907.10  1.13e-13  2.91e-13   517    30     0
1909.76  1.83e-13  2.83e-13   517    50     0
1912.42 -4.93e-14  2.84e-13   516   -13     0
1915.09 -2.64e-13  2.79e-13   515   -76     0
1917.75  5.61e-14  2.77e-13   515    16     0
1920.41  1.75e-13  2.58e-13   514    54     0
1923.07 -2.69e-14  2.34e-13   514    -8     0
1925.74  8.79e-14  2.29e-13   513    28     0
1928.40  1.49e-13  2.22e-13   513    49     0
1931.06  3.62e-14  2.10e-13   512    12     0
1933.72 -4.03e-14  2.02e-13   512   -14     0
1936.39  1.65e-13  1.98e-13   511    60     0
1939.05  1.07e-14  1.88e-13   511     4     0
1941.71 -5.02e-14  1.82e-13   510   -19     0
1944.37 -3.74e-14  1.76e-13   510   -14     0
1947.04 -2.49e-14  1.70e-13   509   -10     0
1949.70  3.74e-14  1.65e-13   509    15     0
1952.36  9.73e-14  1.63e-13   508    40     0
1955.03 -4.98e-14  1.57e-13   508   -21     0
1957.69  5.58e-14  1.53e-13   507    24     0
1960.35 -4.56e-14  1.47e-13   507   -20     0
1963.01 -5.80e-14  1.43e-13   506   -26     0
1965.68  5.07e-14  1.37e-13   506    24     0
1968.34  5.09e-14  1.32e-13   505    25     0
1971.00  7.70e-14  1.32e-13   505    38     0
1973.66  1.32e-13  1.29e-13   504    67     0
1976.33  7.78e-14  1.20e-13   504    42     0
1978.99  2.36e-15  1.15e-13   504     1     0
1981.65 -5.74e-14  1.12e-13   503   -32     0
1984.31 -9.63e-15  1.09e-13   503    -5     0
1986.98  5.83e-14  1.08e-13   502    33     0
1989.64  3.74e-14  1.05e-13   502    22     0
1992.30  2.77e-15  1.02e-13   502     1     0
1994.97 -7.51e-14  9.94e-14   501   -45     0
1997.63  8.07e-14  9.79e-14   501    50     0
2000.29  1.96e-14  9.53e-14   500    12     0
2002.95 -3.35e-14  9.34e-14   500   -21     0
2005.62 -1.80e-14  9.07e-14   500   -11     0
2008.28 -2.73e-14  8.92e-14   499   -17     0
2010.94  2.20e-14  8.88e-14   499    14     0
2013.60  3.16e-14  8.78e-14   499    20     0
2016.27  3.12e-14  8.49e-14   498    21     0
2018.93 -3.94e-14  8.36e-14   498   -26     0
2021.59 -3.92e-14  8.55e-14   498   -25     0
2024.25 -1.94e-14  8.46e-14   497   -12     0
2026.92 -5.58e-14  8.26e-14   497   -37     0
2029.58  3.09e-15  8.19e-14   497     2     0
2032.24  6.87e-14  8.24e-14   496    46     0
2034.91 -3.57e-14  8.03e-14   496   -24     0
2037.57 -4.81e-14  7.97e-14   496   -32     0
2040.23  1.56e-14  7.97e-14   496    10     0
2042.89  7.19e-15  7.87e-14   495     4     0
2045.56  5.70e-15  7.81e-14   495     3     0
2048.22 -2.09e-14  7.72e-14   495   -14     0
2050.88  2.39e-15  7.60e-14   494     1     0
2053.54  5.05e-14  7.59e-14   494    34     0
2056.21 -4.15e-14  7.36e-14   494   -29     0
2058.87 -3.47e-15  7.26e-14   494    -2     0
2061.53  4.53e-14  7.25e-14   493    32     0
2064.19  1.10e-13  7.31e-14   493    78     0
2066.86  1.45e-14  7.10e-14   493    10     0
2069.52 -5.42e-14  7.00e-14   493   -38     0
2072.18  9.42e-16  6.81e-14   493     0     0
2074.85  4.27e-15  6.72e-14   492     3     0
2077.51  4.29e-14  6.68e-14   492    31     0
2080.17 -5.44e-14  6.59e-14   492   -39     0
2082.83 -2.67e-14  6.52e-14   492   -19     0
2085.50 -6.27e-14  6.47e-14   492   -46     0
2088.16 -3.71e-14  6.42e-14   491   -27     0
2090.82 -8.93e-14  6.27e-14   491   -66     0
2093.48 -6.89e-14  6.23e-14   491   -51     0
2096.15  4.95e-14  6.37e-14   491    36     0
2098.81  2.10e-14  6.28e-14   491    15     0
2101.47 -1.39e-14  6.24e-14   491   -10     0
2104.13 -2.92e-14  6.21e-14   490   -21     0
2106.80 -9.90e-15  6.11e-14   490    -7     0
2109.46 -4.63e-14  6.09e-14   490   -34     0
2112.12 -8.16e-14  6.13e-14   490   -59     0
2114.79 -3.58e-15  6.09e-14   490    -2     0
2117.45 -1.37e-14  6.08e-14   490    -9     0
2120.11  3.02e-14  5.99e-14   490    22     0
2122.77  1.56e-14  6.04e-14   489    11     0
2125.44  1.39e-14  5.98e-14   489    10     0
2128.10 -3.80e-14  5.79e-14   489   -27     0
2130.76 -4.00e-14  5.73e-14   489   -29     0
2133.42 -1.08e-13  5.68e-14   489   -79     0
2136.09 -1.95e-14  5.66e-14   489   -14     0
2138.75  6.45e-14  5.71e-14   489    47     0
2141.41  9.29e-15  5.55e-14   489     6     0
2144.07 -1.40e-16  5.51e-14   489     0     0
2146.74  1.18e-14  5.45e-14   489     8     0
2149.40 -3.42e-14  5.39e-14   488   -25     0
2152.06 -4.16e-14  5.47e-14   488   -30     0
2154.73  1.00e-14  5.42e-14   488     7     0
2157.39  3.41e-14  5.34e-14   488    25     0
2160.05 -2.07e-14  5.25e-14   488   -15     0
2162.71  1.02e-14  5.21e-14   488     7     0
2165.38 -2.12e-14  5.21e-14   488   -15     0
2168.04 -2.09e-14  5.17e-14   488   -15     0
2170.70 -4.67e-15  5.17e-14   488    -3     0
2173.36  7.53e-15  5.13e-14   488     5     0
2176.03  1.11e-14  5.05e-14   488     8     0
2178.69  6.57e-15  5.01e-14   488     4     0
2181.35  1.82e-14  5.08e-14   488    13     0
2184.01  1.64e-14  5.04e-14   488    11     0
2186.68  1.70e-14  4.91e-14   488    12     0
2189.34 -2.16e-14  4.87e-14   488   -16     0
2192.00  5.40e-14  4.90e-14   488    40     0
2194.67  4.46e-14  4.83e-14   488    33     0
2197.33  3.36e-14  4.87e-14   488    24     0
2199.99 -3.40e-14  4.79e-14   488   -25     0
2202.65 -2.61e-14  4.64e-14   488   -19     0
2205.32 -8.40e-14  4.66e-14   488   -62     0
2207.98  1.08e-14  4.62e-14   488     8     0
2210.64 -1.29e-14  4.57e-14   488    -9     0
2213.30 -6.72e-14  4.53e-14   488   -50     0
2215.97 -2.45e-14  4.53e-14   488   -18     0
2218.63 -1.55e-14  4.49e-14   488   -11     0
2221.29 -7.57e-14  4.39e-14   488   -57     0
2223.95  4.04e-14  4.42e-14   488    30     0
2226.62  1.66e-14  4.41e-14   488    12     0
2229.28 -4.43e-14  4.36e-14   488   -33     0
2231.94 -4.33e-14  4.53e-14   488   -33     0
2234.61 -5.27e-14  4.15e-14   488   -41     0
2237.27 -2.45e-14  4.18e-14   488   -18     0
2239.93  2.48e-14  4.15e-14   488    19     0
2242.59 -2.97e-15  4.07e-14   488    -2     0
2245.26  1.25e-14  4.03e-14   488     9     0
2247.92 -8.80e-15  3.93e-14   488    -7     0
2250.58 -3.38e-14  3.82e-14   488   -27     0
2253.24  1.15e-14  3.76e-14   488     9     0
2255.91  5.51e-14  3.85e-14   488    45     0
2258.57 -9.27e-15  3.67e-14   488    -7     0
2261.23 -3.39e-14  3.60e-14   488   -28     0
2263.90  6.60e-15  3.53e-14   488     5     0
2266.56  1.72e-14  3.49e-14   488    14     0
2269.22  7.30e-16  3.42e-14   488     0     0
2271.88  1.91e-14  3.34e-14   488    16     0
2274.55  4.92e-14  3.38e-14   488    44     0
2277.21  3.04e-14  3.22e-14   488    28     0
2279.87 -7.97e-15  3.11e-14   488    -7     0
2282.53  3.11e-14  3.15e-14   488    28     0
2285.20  8.79e-15  3.07e-14   488     8     0
2287.86  2.90e-14  3.10e-14   488    27     0
2290.52 -2.78e-14  3.00e-14   488   -26     0
2293.18  1.95e-14  2.98e-14   489    18     0
2295.85  2.99e-14  2.95e-14   489    28     0
2298.51  5.26e-14  2.99e-14   489    50     0
2301.17  9.92e-15  2.85e-14   489     9     0
2303.83 -1.45e-14  2.81e-14   489   -14     0
2306.50  7.11e-14  2.95e-14   489    69     0
2309.16  3.26e-15  2.77e-14   489     3     0
2311.82  2.85e-14  3.47e-14   489    29     0
2314.49  3.28e-14  2.66e-14   489    33     0
2317.15  4.65e-14  2.67e-14   489    48     0
2319.81  4.75e-14  2.62e-14   489    50     0
2322.47 -2.58e-14  2.48e-14   489   -27     0
2325.14  1.53e-14  2.41e-14   489    16     0
2327.80  1.47e-14  2.37e-14   489    16     0
2330.46 -7.35e-15  2.33e-14   489    -8     0
2333.12  7.12e-14  2.43e-14   489    81     0
2335.79  4.00e-14  2.25e-14   490    47     0
2338.45  1.54e-14  2.15e-14   490    18     0
2341.11  3.27e-14  2.16e-14   490    39     0
2343.77  5.82e-15  2.06e-14   490     7     0
2346.44  5.68e-14  2.32e-14   490    71     0
2349.10  3.89e-14  2.04e-14   490    49     0
2351.76  1.62e-14  1.96e-14   490    20     0
2354.43  9.53e-15  1.91e-14   490    12     0
2357.09  6.52e-15  1.88e-14   490     8     0
2359.75  1.33e-14  1.87e-14   490    17     0
2362.41  3.09e-14  2.97e-14   490    41     0
2365.08  7.95e-15  1.86e-14   490    10     0
2367.74 -1.04e-14  1.78e-14   490   -14     0
2370.40  5.44e-15  1.77e-14   490     7     0
2373.06  2.35e-15  1.74e-14   490     3     0
2375.73  2.59e-14  1.84e-14   490    36     0
2378.39  2.06e-14  1.71e-14   491    29     0
2381.05  3.97e-14  1.99e-14   491    56     0
2383.71  3.11e-14  2.20e-14   491    44     0
2386.38  2.76e-14  1.77e-14   491    39     0
2389.04  3.02e-14  2.00e-14   491    43     0
2391.70  5.81e-14  2.12e-14   491    85     0
2394.37  4.64e-14  1.65e-14   491    68     0
2397.03  4.16e-14  1.79e-14   491    62     0
2399.69  1.24e-14  1.58e-14   491    18     0
2402.35  1.88e-14  1.76e-14   491    29     0
2405.02  1.40e-14  1.47e-14   491    21     0
2407.68  5.41e-14  1.58e-14   491    85     0
2410.34  2.69e-14  1.72e-14   491    42     0
2413.00  7.70e-15  1.39e-14   491    12     0
2415.67 -5.02e-15  1.38e-14   491    -8     0
2418.33 -2.82e-14  1.39e-14   491   -46     0
2420.99  4.47e-15  1.80e-14   491     7     0
2423.66  2.61e-14  1.52e-14   492    43     0
2426.32  6.49e-15  1.45e-14   492    11     0
2428.98  1.75e-14  1.29e-14   492    30     0
2431.64  3.43e-14  1.48e-14   492    58     0
2434.31  2.87e-14  1.41e-14   492    49     0
2436.97  2.85e-14  1.30e-14   492    49     0
2439.63  8.77e-15  1.24e-14   492    15     0
2442.29 -5.20e-16  1.26e-14   492     0     0
2444.96  3.53e-15  1.32e-14   492     6     0
2447.62  1.15e-14  1.19e-14   492    20     0
2450.28  2.88e-14  1.22e-14   492    52     0
2452.94 -6.61e-15  1.15e-14   492   -12     0
2455.61  4.46e-15  1.56e-14   492     8     0
2458.27  4.47e-15  1.21e-14   492     8     0
2460.93  1.85e-14  1.30e-14   492    35     0
2463.59 -3.06e-15  1.08e-14   492    -5     0
2466.26  1.85e-14  1.10e-14   492    35     0
2468.92 -8.90e-15  1.05e-14   492   -17     0
2471.58  5.94e-15  1.45e-14   492    11     0
2474.25  1.51e-14  1.14e-14   492    30     0
2476.91  7.94e-16  1.24e-14   492     1     0
2479.57 -3.46e-14  9.70e-15   492   -72     0
2482.23  1.61e-14  9.90e-15   492    34     0
2484.90  4.23e-14  1.04e-14   492    89     0
2487.56  4.05e-14  1.07e-14   492    85     0
2490.22  3.69e-14  1.36e-14   493    77     0
2492.88  1.09e-14  1.08e-14   493    23     0
2495.55 -1.14e-14  9.50e-15   493   -24     0
2498.21  3.20e-15  9.53e-15   493     6     0
2500.87  3.38e-14  1.03e-14   493    70     0
2503.54  1.03e-14  1.18e-14   493    21     0
2506.20  1.81e-14  9.76e-15   493    37     0
2508.86  2.31e-14  9.80e-15   493    48     0
2511.52  1.85e-15  9.24e-15   493     3     0
2514.19  1.83e-14  1.47e-14   493    39     0
2516.85  4.29e-14  1.20e-14   493    91     0
2519.51 -9.76e-15  9.05e-15   493   -21     0
2522.17  3.12e-14  9.40e-15   493    69     0
2524.84  1.43e-14  1.35e-14   493    32     0
2527.50 -5.51e-15  8.61e-15   493   -12     0
2530.16  4.87e-16  8.52e-15   493     1     0
2532.82  1.85e-14  8.90e-15   493    42     0
2535.49  1.83e-14  8.90e-15   493    42     0
2538.15  8.27e-15  8.65e-15   493    19     0
2540.81  8.19e-15  8.22e-15   493    19     0
2543.48  8.25e-15  1.13e-14   493    19     0
2546.14  1.42e-14  1.20e-14   493    34     0
2548.80  1.82e-14  1.01e-14   493    44     0
2551.46  1.60e-14  7.90e-15   493    39     0
2554.13  1.69e-14  1.03e-14   493    42     0
2556.79  1.64e-14  7.61e-15   493    42     0
2559.45  1.53e-14  7.56e-15   493    39     0
2562.11  7.15e-15  7.49e-15   493    18     0
2564.78 -2.42e-15  7.39e-15   493    -6     0
2567.44  1.59e-14  7.69e-15   492    40     0
2570.10  1.07e-14  7.50e-15   492    27     0
2572.76  2.71e-15  8.30e-15   492     6     0
2575.43  8.67e-15  7.43e-15   492    22     0
2578.09  1.00e-14  7.41e-15   492    25     0
2580.75  1.33e-14  8.47e-15   492    33     0
2583.42  1.67e-14  9.73e-15   492    42     0
2586.08  3.63e-14  1.14e-14   492    94     0
2588.74  1.07e-15  7.08e-15   492     2     0
2591.40 -2.26e-15  1.20e-14   492    -5     0
2594.07  7.47e-15  8.59e-15   492    19     0
2596.73  3.95e-14  1.50e-14   492   105     0
2599.39  3.60e-14  1.53e-14   492    96     0
2602.05  2.55e-14  9.54e-15   492    69     0
2604.72  1.49e-14  9.16e-15   492    40     0
2607.38  2.90e-14  9.44e-15   492    79     0
2610.04  2.08e-14  8.09e-15   492    58     0
2612.70  4.88e-14  9.69e-15   492   136     0
2615.37  3.20e-14  9.41e-15   492    89     0
2618.03  3.36e-14  1.48e-14   492    94     0
2620.69  4.38e-14  1.64e-14   492   125     0
2623.35  2.91e-14  9.87e-15   492    83     0
2626.02  2.38e-14  1.41e-14   492    68     0
2628.68  4.97e-14  1.51e-14   491   143     0
2631.34  3.89e-14  1.54e-14   491   111     0
2634.01  1.91e-14  7.94e-15   491    55     0
2636.67  1.17e-14  6.89e-15   491    33     0
2639.33  1.03e-14  6.86e-15   491    29     0
2641.99 -3.45e-15  6.64e-15   491   -10     0
2644.66 -9.18e-15  6.97e-15   491   -27     0
2647.32 -7.80e-15  7.42e-15   491   -23     0
2649.98  2.31e-16  6.36e-15   491     0     0
2652.64  4.11e-15  6.23e-15   491    11     0
2655.31 -5.95e-15  6.08e-15   491   -17     0
2657.97  1.21e-14  9.53e-15   491    36     0
2660.63  1.94e-14  6.35e-15   491    58     0
2663.30  2.65e-15  5.98e-15   491     7     0
2665.96  8.54e-15  7.50e-15   490    25     0
2668.62  1.30e-14  7.92e-15   490    39     0
2671.28  1.00e-14  7.84e-15   490    30     0
2673.95  1.28e-14  8.07e-15   490    39     0
2676.61 -1.59e-15  5.87e-15   490    -4     0
2679.27 -3.94e-16  5.84e-15   490    -1     0
2681.93  1.23e-14  6.01e-15   490    38     0
2684.60  1.19e-14  6.23e-15   490    37     0
2687.26  9.27e-15  5.91e-15   490    28     0
2689.92  1.08e-14  5.90e-15   490    33     0
2692.58  1.28e-14  6.81e-15   490    39     0
2695.25  3.39e-15  5.82e-15   489    10     0
2697.91  2.66e-15  5.82e-15   489     8     0
2700.57  5.36e-15  6.21e-15   489    16     0
2703.24  9.78e-15  6.26e-15   489    30     0
2705.90  9.31e-15  6.40e-15   489    28     0
2708.56  4.13e-15  5.89e-15   489    12     0
2711.22 -4.85e-15  5.92e-15   489   -14     0
2713.89  2.02e-15  5.96e-15   489     6     0
2716.55  1.13e-14  6.24e-15   489    34     0
2719.21  3.72e-15  7.23e-15   489    11     0
2721.87  7.67e-15  5.96e-15   488    23     0
2724.54  2.70e-15  6.01e-15   488     8     0
2727.20  1.03e-14  6.03e-15   488    31     0
2729.86  1.81e-14  7.33e-15   488    55     0
2732.52 -2.65e-15  5.76e-15   488    -8     0
2735.19  8.42e-15  5.80e-15   488    26     0
2737.85  1.98e-14  1.01e-14   488    62     0
2740.51  1.48e-14  6.82e-15   488    46     0
2743.18  6.24e-15  5.88e-15   488    19     0
2745.84  2.80e-14  1.20e-14   487    88     0
2748.50  2.66e-14  1.41e-14   487    83     0
2751.16  3.16e-14  1.36e-14   487    97     0
2753.83  2.37e-14  9.73e-15   487    73     0
2756.49  1.94e-14  1.10e-14   487    60     0
2759.15  2.98e-14  9.02e-15   487    93     0
2761.81  1.06e-14  5.87e-15   487    33     0
2764.48  1.85e-14  5.94e-15   487    58     0
2767.14  6.76e-15  5.79e-15   486    21     0
2769.80 -1.15e-14  5.98e-15   486   -35     0
2772.46  7.60e-15  9.50e-15   486    23     0
2775.13  7.06e-15  6.31e-15   486    21     0
2777.79  1.86e-14  9.51e-15   486    57     0
2780.45  2.72e-15  5.73e-15   486     8     0
2783.12 -4.18e-15  5.77e-15   486   -12     0
2785.78  4.31e-15  6.15e-15   486    13     0
2788.44  2.15e-14  1.48e-14   485    65     0
2791.10  7.70e-14  2.83e-14   485   234     0
2793.77  1.40e-13  5.08e-14   485   423     0
2796.43  2.03e-13  6.41e-14   485   610     0
2799.09  2.05e-13  6.52e-14   485   618     0
2801.75  1.64e-13  5.19e-14   485   491     0
2804.42  1.35e-13  4.77e-14   485   405     0
2807.08  7.61e-14  3.35e-14   485   230     0
2809.74  3.54e-14  1.52e-14   484   107     0
2812.40  4.52e-15  5.90e-15   484    13     0
2815.07  4.14e-15  5.83e-15   484    12     0
2817.73  2.76e-15  7.29e-15   484     8     0
2820.39  1.36e-14  6.80e-15   484    41     0
2823.06  8.61e-15  5.91e-15   484    26     0
2825.72  2.73e-15  5.83e-15   484     8     0
2828.38  4.25e-15  5.96e-15   483    12     0
2831.04 -2.83e-15  5.80e-15   483    -8     0
2833.71  9.33e-15  5.93e-15   483    28     0
2836.37  2.32e-14  6.24e-15   483    69     0
2839.03  9.74e-15  6.03e-15   483    29     0
2841.69  9.06e-15  6.00e-15   483    27     0
2844.36 -4.02e-15  6.11e-15   483   -12     0
2847.02 -1.96e-15  6.59e-15   482    -5     0
2849.68  6.17e-15  6.53e-15   482    18     0
2852.34  2.11e-14  8.26e-15   482    63     0
2855.01  1.78e-14  6.70e-15   482    52     0
2857.67  1.67e-14  8.33e-15   482    49     0
2860.33  1.11e-14  8.43e-15   482    32     0
2863.00  1.54e-14  6.23e-15   482    45     0
2865.66  1.74e-14  6.22e-15   481    51     0
2868.32  1.04e-14  6.15e-15   481    30     0
2870.98  6.36e-15  6.26e-15   481    18     0
2873.65  5.27e-15  6.28e-15   481    15     0
2876.31  2.63e-14  6.60e-15   481    76     0
2878.97  1.75e-14  6.79e-15   481    50     0
2881.63  1.42e-14  9.70e-15   481    40     0
2884.30  1.69e-14  8.80e-15   480    48     0
2886.96  1.25e-14  6.36e-15   480    35     0
2889.62  1.11e-14  6.37e-15   480    31     0
2892.28  9.03e-15  6.34e-15   480    25     0
2894.95  1.54e-14  6.51e-15   480    43     0
2897.61  8.69e-15  6.35e-15   480    24     0
2900.27  1.36e-15  7.36e-15   480     3     0
2902.94  7.29e-15  8.83e-15   479    20     0
2905.60  7.52e-15  7.42e-15   479    20     0
2908.26  2.23e-14  6.71e-15   479    61     0
2910.92  2.22e-14  6.64e-15   479    61     0
2913.59  2.31e-14  6.73e-15   479    63     0
2916.25  2.48e-14  6.76e-15   479    68     0
2918.91  2.33e-14  6.76e-15   478    63     0
2921.57  2.38e-14  7.01e-15   478    64     0
2924.24  2.22e-14  9.66e-15   478    59     0
2926.90  2.75e-14  1.05e-14   478    73     0
2929.56  2.54e-14  7.82e-15   478    67     0
2932.22  1.44e-14  7.25e-15   478    37     0
2934.89  1.77e-14  7.32e-15   478    45     0
2937.55  9.96e-15  7.23e-15   477    25     0
2940.21  5.92e-15  8.13e-15   477    14     0
2942.88  7.25e-15  7.07e-15   477    18     0
2945.54  1.53e-14  7.37e-15   477    37     0
2948.20  1.20e-14  7.53e-15   477    29     0
2950.86  4.13e-15  7.71e-15   477    10     0
2953.53 -5.53e-15  7.14e-15   476   -13     0
2956.19  4.59e-15  7.97e-15   476    11     0
2958.85  2.33e-14  7.68e-15   476    56     0
2961.51  1.47e-14  8.24e-15   476    35     0
2964.18  1.52e-14  7.58e-15   476    35     0
2966.84  1.89e-14  7.74e-15   476    43     0
2969.50  1.08e-14  7.72e-15   475    24     0
2972.16  1.10e-14  7.73e-15   475    25     0
2974.83  1.44e-14  7.87e-15   475    32     0
2977.49  2.71e-14  8.12e-15   475    60     0
2980.15  2.38e-14  8.16e-15   475    52     0
2982.82  3.15e-14  8.38e-15   474    68     0
2985.48  2.96e-14  8.92e-15   474    63     0
2988.14  2.80e-14  8.58e-15   474    59     0
2990.80  2.12e-14  8.42e-15   474    44     0
2993.47  1.55e-14  8.50e-15   474    32     0
2996.13  1.32e-14  8.60e-15   474    27     0
2998.79  2.43e-14  8.72e-15   473    49     0
3001.45  1.70e-14  8.63e-15   473    34     0
3004.12  1.35e-14  8.65e-15   473    27     0
3006.78  9.16e-15  8.60e-15   473    18     0
3009.44  1.19e-14  8.73e-15   473    23     0
3012.10  2.80e-14  9.10e-15   472    54     0
3014.77  1.20e-14  8.99e-15   472    22     0
3017.43  1.83e-14  9.99e-15   472    34     0
3020.09  2.59e-14  1.07e-14   472    47     0
3022.76  9.10e-15  9.44e-15   472    16     0
3025.42  1.91e-14  9.65e-15   471    34     0
3028.08  2.47e-14  1.38e-14   471    43     0
3030.74  1.94e-14  9.77e-15   471    34     0
3033.41  6.24e-15  9.73e-15   471    10     0
3036.07  1.88e-14  1.00e-14   470    32     0
3038.73  4.04e-14  1.04e-14   470    67     0
3041.39  3.45e-14  1.06e-14   470    56     0
3044.06  1.96e-14  1.05e-14   470    31     0
3046.72  1.38e-14  1.05e-14   470    21     0
3049.38  2.49e-14  1.08e-14   469    38     0
3052.04  2.84e-14  1.16e-14   469    43     0
3054.71  1.18e-14  1.21e-14   469    17     0
3057.37  2.06e-14  1.29e-14   469    30     0
3060.03  2.69e-14  1.29e-14   468    38     0
3062.70  2.02e-14  1.47e-14   468    28     0
3065.36  3.29e-14  1.29e-14   468    45     0
3068.02  3.03e-14  1.23e-14   468    41     0
3070.68 -1.95e-16  1.20e-14   467     0     0
3073.35  4.29e-15  1.22e-14   467     5     0
3076.01  1.59e-14  1.31e-14   467    20     0
3078.67 -8.73e-16  1.27e-14   466    -1     0
3081.33  1.50e-14  1.30e-14   466    18     0
3084.00  3.60e-14  1.34e-14   466    43     0
3086.66  5.10e-14  1.38e-14   466    60     0
3089.32  4.93e-14  1.40e-14   465    57     0
3091.98  4.74e-14  2.07e-14   465    54     0
3094.65  6.86e-14  2.70e-14   465    77     0
3097.31  7.33e-14  2.11e-14   464    80     0
3099.97  5.12e-14  1.49e-14   464    55     0
3102.64  2.29e-14  1.46e-14   464    24     0
3105.30  3.52e-14  1.50e-14   463    37     0
3107.96  4.00e-14  1.52e-14   463    41     0
3110.62  5.12e-14  1.55e-14   463    52     0
3113.29  3.63e-14  1.56e-14   462    36     0
3115.95  2.62e-14  1.57e-14   462    25     0
3118.61  3.05e-14  1.60e-14   462    29     0
3121.27  2.26e-14  1.62e-14   461    21     0
3123.94  3.04e-14  1.65e-14   461    27     0
3126.60  5.51e-14  1.70e-14   461    49     0
3129.26  3.83e-14  1.70e-14   460    33     0
3131.92  7.04e-14  1.84e-14   460    61     0
3134.59  3.48e-14  2.36e-14   459    29     0
3137.25  7.99e-15  2.09e-14   459     6     0
3139.91  3.55e-14  1.79e-14   459    29     0
3142.58  4.86e-14  1.85e-14   458    38     0
3145.24  5.81e-15  1.82e-14   458     4     0
3147.90  4.01e-14  1.90e-14   457    30     0
3150.56  4.66e-14  1.94e-14   457    34     0
3153.23  5.09e-14  2.24e-14   456    37     0
3155.89  2.69e-14  1.97e-14   456    19     0
3158.55  3.96e-14  2.01e-14   455    27     0
3161.21  2.76e-14  2.03e-14   455    18     0
3163.88  1.98e-14  2.04e-14   454    13     0
3166.54  2.63e-14  2.10e-14   454    17     0
3169.20  3.34e-14  2.13e-14   453    21     0
3171.86  6.55e-14  2.34e-14   453    40     0
3174.53  1.08e-13  2.66e-14   452    66     0
3177.19  8.50e-14  2.27e-14   452    51     0
3179.85  3.24e-14  2.24e-14   451    19     0
3182.52  5.61e-14  2.30e-14   451    32     0
3185.18  8.33e-14  2.36e-14   450    47     0
3187.84  3.73e-14  2.33e-14   450    20     0
3190.50  7.74e-14  2.49e-14   449    41     0
3193.17  6.60e-14  2.55e-14   448    34     0
3195.83  1.96e-14  2.41e-14   448    10     0
3198.49  5.57e-14  3.49e-14   447    28     0
3201.15  4.83e-14  2.92e-14   446    23     0
3203.82  3.27e-14  2.71e-14   446    15     0
3206.48 -4.88e-15  3.31e-14   445    -2     0
3209.14  5.60e-15  2.70e-14   444     2     0
3211.80  5.59e-14  2.77e-14   444    24     0
3214.47  2.36e-14  2.77e-14   443     9     0
3217.13  4.90e-14  2.91e-14   442    19     0
3219.79  4.58e-14  2.91e-14   441    18     0
3222.46  3.78e-14  3.05e-14   441    14     0
3225.12  5.17e-14  2.95e-14   440    19     0
3227.78  4.64e-14  3.00e-14   439    17     0
3230.44  5.46e-14  3.03e-14   438    19     0
3233.11  7.85e-14  3.52e-14   437    27     0
3235.77 -8.57e-15  3.09e-14   437    -2     0
3238.43  1.49e-14  3.15e-14   436     4     0
3241.09  8.41e-14  3.27e-14   435    27     0
3243.76  1.31e-13  3.39e-14   434    41     0
3246.42  1.46e-13  3.44e-14   433    44     0
3249.08  9.12e-14  3.53e-14   432    27     0
3251.74  1.13e-13  4.03e-14   431    33     0
3254.41  2.98e-14  3.36e-14   430     8     0
3257.07  1.83e-14  3.37e-14   429     5     0
3259.73  4.63e-14  4.97e-14   428    12     0
3262.40  5.43e-14  5.68e-14   427    14     0
3265.06  1.28e-13  5.52e-14   426    33     0
3267.72  1.30e-13  4.59e-14   425    32     0
3270.38  2.06e-13  4.01e-14   424    50     0
3273.05  1.76e-13  4.71e-14   423    42     0
3275.71  2.21e-13  4.24e-14   422    51     0
3278.37  1.95e-13  4.29e-14   421    44     0
3281.03  1.45e-13  4.87e-14   419    32     0
3283.70  1.37e-13  3.69e-14   418    30     0
3286.36  2.42e-13  5.50e-14   417    51     0
3289.02  1.87e-13  4.87e-14   416    39     0
3291.68  9.52e-14  3.65e-14   415    19     0
3294.35  4.46e-14  5.31e-14   413     8     0
3297.01  4.16e-14  5.79e-14   412     8     0
3299.67  4.17e-14  3.89e-14   411     7     0
3302.34  3.90e-14  3.55e-14   409     7     0
3305.00  8.31e-14  5.74e-14   408    14     0
3307.66  1.31e-13  4.41e-14   406    22     0
3310.32  8.26e-14  4.29e-14   405    13     0
3312.99 -1.13e-13  6.29e-14   403   -18     0
3315.65 -1.71e-13  6.40e-14   402   -25     0
3318.31 -1.55e-13  8.03e-14   400   -22     0
3320.97 -8.68e-14  8.57e-14   399   -12     0
3323.64 -5.81e-14  7.02e-14   397    -7     0
3326.30  1.75e-13  7.89e-14   396    22     0
3328.96  2.97e-13  8.33e-14   394    37     0
3331.62  1.62e-13  6.00e-14   392    19     0
3334.29 -1.22e-16  1.09e-13   391     0     0
3336.95  5.22e-14  7.95e-14   389     6     0
3339.61  1.32e-13  8.81e-14   387    14     0
3342.28  1.33e-13  1.12e-13   385    14     0
3344.94  5.19e-14  9.25e-14   384     5     0
3347.60  1.51e-13  9.87e-14   382    14     0
