NOT ORIGINAL IUE PROJECT DATA PRODUCT
LWP9052LOWLARGE
HD  197481
20:42:06
-31:31:05
48
NO-TRAIL
NO
599.531
10/09/86
13:19:28
253
8.20
01/06/96
GSFC
2446684.05519
64
36
1851.18  5.02e-13  5.84e-13   191    31     0
1853.84  3.01e-13  5.37e-13   191    19     0
1856.51 -8.01e-14  5.12e-13   191    -5     0
1859.17 -1.55e-13  4.73e-13   191   -11     0
1861.83  3.75e-13  4.49e-13   191    29     0
1864.49 -2.35e-13  3.96e-13   191   -19     0
1867.16  8.47e-14  3.45e-13   191     8     0
1869.82  3.74e-13  3.37e-13   191    38     0
1872.48 -5.08e-14  3.02e-13   191    -5     0
1875.15  1.13e-13  2.77e-13   191    13     0
1877.81 -1.86e-13  2.56e-13   191   -23     0
1880.47 -7.21e-14  2.56e-13   191    -9     0
1883.13 -3.18e-14  2.43e-13   191    -4     0
1885.80 -1.59e-13  2.23e-13   191   -22     0
1888.46  2.24e-13  2.23e-13   191    33     0
1891.12  1.82e-13  2.09e-13   191    28     0
1893.78 -5.86e-15  1.92e-13   191     0     0
1896.45 -4.22e-15  1.82e-13   190     0     0
1899.11  7.95e-14  1.79e-13   190    13     0
1901.77 -2.60e-13  1.73e-13   190   -45     0
1904.43 -2.70e-14  1.66e-13   190    -4     0
1907.10 -5.26e-14  1.57e-13   190    -9     0
1909.76  1.21e-13  1.58e-13   190    23     0
1912.42  1.28e-13  1.53e-13   190    25     0
1915.09  3.86e-15  1.41e-13   189     0     0
1917.75  3.51e-14  1.38e-13   189     7     0
1920.41  9.02e-14  1.32e-13   189    20     0
1923.07 -9.14e-14  1.24e-13   189   -20     0
1925.74 -3.67e-15  1.23e-13   188     0     0
1928.40 -5.35e-14  1.19e-13   188   -12     0
1931.06  1.09e-13  1.32e-13   188    26     0
1933.72 -9.11e-14  1.15e-13   188   -23     0
1936.39 -1.23e-14  1.05e-13   188    -3     0
1939.05 -1.57e-14  1.02e-13   187    -4     0
1941.71  9.45e-14  1.03e-13   187    26     0
1944.37  1.27e-13  1.02e-13   187    35     0
1947.04 -3.96e-14  9.19e-14   187   -11     0
1949.70 -1.27e-13  8.89e-14   186   -37     0
1952.36 -2.47e-14  8.71e-14   186    -7     0
1955.03  3.70e-14  8.62e-14   186    11     0
1957.69 -6.35e-14  8.18e-14   185   -20     0
1960.35  7.05e-14  8.22e-14   185    22     0
1963.01 -1.06e-13  7.65e-14   185   -35     0
1965.68  4.56e-14  7.55e-14   185    15     0
1968.34 -5.16e-14  7.06e-14   184   -18     0
1971.00 -7.44e-14  6.99e-14   184   -26     0
1973.66  5.69e-14  7.09e-14   184    20     0
1976.33  9.64e-14  6.85e-14   183    37     0
1978.99 -1.23e-13  6.14e-14   183   -48     0
1981.65 -4.83e-15  6.00e-14   183    -1     0
1984.31  3.05e-14  5.99e-14   183    12     0
1986.98  7.65e-14  6.18e-14   182    31     0
1989.64 -7.69e-15  5.54e-14   182    -3     0
1992.30  4.18e-14  5.65e-14   182    17     0
1994.97  3.67e-16  5.29e-14   181     0     0
1997.63 -4.06e-14  5.13e-14   181   -18     0
2000.29 -4.30e-15  5.06e-14   181    -1     0
2002.95 -6.42e-14  4.96e-14   180   -29     0
2005.62  2.14e-15  4.81e-14   180     0     0
2008.28  4.63e-14  4.94e-14   180    21     0
2010.94  1.17e-14  4.72e-14   179     5     0
2013.60 -5.51e-14  4.62e-14   179   -26     0
2016.27 -2.66e-14  4.47e-14   179   -12     0
2018.93  3.57e-15  4.41e-14   178     1     0
2021.59 -1.54e-14  4.50e-14   178    -7     0
2024.25  5.72e-14  4.81e-14   178    27     0
2026.92  3.79e-14  4.56e-14   177    18     0
2029.58 -5.56e-14  4.30e-14   177   -26     0
2032.24  1.49e-15  4.26e-14   177     0     0
2034.91 -1.97e-14  4.22e-14   177    -9     0
2037.57  5.04e-14  4.52e-14   176    24     0
2040.23 -3.34e-14  4.16e-14   176   -16     0
2042.89 -8.90e-15  4.12e-14   176    -4     0
2045.56 -2.46e-14  4.08e-14   175   -11     0
2048.22  1.64e-15  4.03e-14   175     0     0
2050.88  3.35e-14  4.17e-14   175    16     0
2053.54  1.23e-14  3.96e-14   174     6     0
2056.21 -1.28e-14  3.83e-14   174    -6     0
2058.87  4.50e-15  3.79e-14   174     2     0
2061.53  7.44e-14  4.23e-14   174    37     0
2064.19  3.01e-14  3.84e-14   173    15     0
2066.86  3.75e-15  3.68e-14   173     1     0
2069.52  1.20e-14  3.68e-14   173     6     0
2072.18  3.52e-15  3.52e-14   172     1     0
2074.85  4.68e-14  3.80e-14   172    24     0
2077.51 -2.00e-14  3.42e-14   172   -10     0
2080.17  3.25e-14  3.61e-14   171    17     0
2082.83  7.44e-15  3.38e-14   171     3     0
2085.50  3.39e-14  3.52e-14   171    17     0
2088.16  2.06e-15  3.29e-14   171     1     0
2090.82 -9.88e-15  3.22e-14   170    -5     0
2093.48 -2.56e-14  3.19e-14   170   -13     0
2096.15 -4.10e-15  3.22e-14   170    -2     0
2098.81  4.52e-14  3.49e-14   170    23     0
2101.47 -4.44e-14  3.18e-14   169   -23     0
2104.13 -3.96e-14  3.17e-14   169   -20     0
2106.80 -1.52e-14  3.11e-14   169    -7     0
2109.46  2.44e-14  3.25e-14   169    12     0
2112.12 -9.57e-15  3.11e-14   168    -4     0
2114.79  1.84e-14  3.22e-14   168     9     0
2117.45 -2.84e-14  3.08e-14   168   -14     0
2120.11  1.71e-15  3.01e-14   168     0     0
2122.77  1.49e-14  3.08e-14   167     7     0
2125.44  2.37e-14  3.09e-14   167    12     0
2128.10  1.49e-14  3.02e-14   167     7     0
2130.76 -5.46e-15  2.88e-14   167    -2     0
2133.42  1.48e-14  2.94e-14   166     7     0
2136.09  2.06e-14  2.96e-14   166    10     0
2138.75  3.76e-14  3.01e-14   166    19     0
2141.41  2.39e-14  2.91e-14   166    12     0
2144.07  1.68e-14  2.87e-14   166     8     0
2146.74 -1.28e-14  2.72e-14   165    -6     0
2149.40 -1.71e-14  3.36e-14   165    -9     0
2152.06 -7.61e-15  2.72e-14   165    -3     0
2154.73 -1.50e-14  2.70e-14   165    -7     0
2157.39  5.42e-14  2.98e-14   165    28     0
2160.05 -3.32e-14  2.60e-14   164   -17     0
2162.71 -7.21e-14  2.61e-14   164   -38     0
2165.38  1.82e-14  2.71e-14   164     9     0
2168.04  4.78e-14  2.85e-14   164    25     0
2170.70  4.37e-14  2.85e-14   164    22     0
2173.36  2.48e-14  2.70e-14   163    13     0
2176.03 -4.65e-14  2.48e-14   163   -24     0
2178.69 -1.56e-14  2.46e-14   163    -8     0
2181.35  1.54e-14  2.55e-14   163     8     0
2184.01 -2.85e-14  2.46e-14   163   -14     0
2186.68  5.47e-16  2.40e-14   163     0     0
2189.34 -5.59e-14  2.38e-14   162   -29     0
2192.00 -1.38e-14  2.36e-14   162    -7     0
2194.67 -1.88e-14  2.33e-14   162   -10     0
2197.33 -1.43e-14  2.34e-14   162    -7     0
2199.99 -1.42e-14  2.32e-14   162    -7     0
2202.65 -1.44e-14  2.25e-14   162    -7     0
2205.32  3.20e-14  2.43e-14   162    17     0
2207.98  2.27e-14  2.38e-14   162    12     0
2210.64  9.73e-15  2.26e-14   161     5     0
2213.30 -4.69e-14  2.18e-14   161   -25     0
2215.97  1.74e-14  2.30e-14   161     9     0
2218.63  1.20e-14  2.22e-14   161     6     0
2221.29  1.13e-14  2.18e-14   161     6     0
2223.95  8.40e-15  2.62e-14   161     4     0
2226.62 -6.49e-15  2.42e-14   161    -3     0
2229.28 -1.03e-14  2.08e-14   161    -5     0
2231.94  3.31e-15  2.05e-14   160     1     0
2234.61  1.74e-14  2.11e-14   160     9     0
2237.27  3.83e-16  1.99e-14   160     0     0
2239.93 -7.17e-15  1.96e-14   160    -3     0
2242.59 -9.68e-15  1.93e-14   160    -5     0
2245.26  1.11e-14  1.95e-14   160     6     0
2247.92  1.27e-14  1.92e-14   160     7     0
2250.58 -7.79e-15  1.80e-14   160    -4     0
2253.24  3.44e-14  2.95e-14   160    20     0
2255.91  7.65e-15  2.31e-14   160     4     0
2258.57  8.58e-15  1.81e-14   160     5     0
2261.23  3.00e-14  1.90e-14   160    18     0
2263.90  2.65e-14  1.84e-14   160    16     0
2266.56  9.71e-15  1.70e-14   159     5     0
2269.22  2.96e-15  1.59e-14   159     1     0
2271.88 -2.22e-15  1.56e-14   159    -1     0
2274.55 -4.46e-14  1.97e-14   159   -28     0
2277.21  1.42e-14  1.55e-14   159     9     0
2279.87  5.98e-15  1.48e-14   159     3     0
2282.53  2.89e-14  1.65e-14   159    19     0
2285.20 -2.10e-14  1.42e-14   159   -14     0
2287.86 -1.15e-14  1.41e-14   159    -7     0
2290.52  2.09e-14  1.52e-14   159    14     0
2293.18 -2.31e-14  2.68e-14   159   -15     0
2295.85  1.29e-14  2.67e-14   159     8     0
2298.51  3.00e-14  2.81e-14   159    20     0
2301.17 -1.44e-14  1.45e-14   159   -10     0
2303.83  2.09e-14  1.40e-14   159    14     0
2306.50  5.38e-15  1.47e-14   159     3     0
2309.16  3.00e-14  1.48e-14   159    21     0
2311.82  1.90e-14  1.35e-14   159    13     0
2314.49  1.65e-15  1.69e-14   159     1     0
2317.15  1.61e-14  1.37e-14   159    11     0
2319.81  2.55e-14  1.77e-14   159    19     0
2322.47  2.22e-15  1.21e-14   159     1     0
2325.14  2.97e-14  1.30e-14   159    23     0
2327.80  1.15e-14  1.14e-14   159     9     0
2330.46  1.63e-14  1.22e-14   159    13     0
2333.12  9.62e-15  1.14e-14   159     7     0
2335.79 -1.15e-14  9.83e-15   159    -9     0
2338.45  3.26e-14  1.23e-14   159    28     0
2341.11  2.06e-14  1.08e-14   159    17     0
2343.77  4.03e-14  1.41e-14   159    35     0
2346.44  5.08e-14  1.27e-14   159    45     0
2349.10 -6.55e-15  8.85e-15   159    -5     0
2351.76  3.15e-14  1.10e-14   159    28     0
2354.43  8.75e-15  1.28e-14   159     8     0
2357.09  6.61e-15  9.99e-15   159     6     0
2359.75  4.75e-15  8.87e-15   159     4     0
2362.41  2.99e-14  1.06e-14   159    28     0
2365.08  1.09e-14  8.83e-15   159    10     0
2367.74  7.44e-15  8.29e-15   159     7     0
2370.40 -5.05e-16  8.77e-15   159     0     0
2373.06  3.81e-14  1.11e-14   159    37     0
2375.73  1.61e-14  9.22e-15   159    16     0
2378.39  3.11e-14  1.65e-14   159    31     0
2381.05  2.95e-14  9.49e-15   159    29     0
2383.71  2.69e-14  1.48e-14   159    27     0
2386.38  1.59e-14  1.35e-14   159    16     0
2389.04  4.37e-14  1.02e-14   159    45     0
2391.70 -1.59e-14  9.83e-15   159   -16     0
2394.37  1.50e-14  7.95e-15   159    15     0
2397.03  1.21e-14  1.10e-14   159    13     0
2399.69  1.04e-14  7.36e-15   159    11     0
2402.35  9.79e-15  7.33e-15   159    10     0
2405.02  8.31e-15  1.21e-14   159     9     0
2407.68  1.55e-14  1.11e-14   159    17     0
2410.34  2.63e-14  8.01e-15   159    30     0
2413.00  1.37e-14  6.97e-15   159    15     0
2415.67  8.15e-15  1.07e-14   159     9     0
2418.33  1.04e-14  6.47e-15   159    12     0
2420.99  2.60e-14  1.13e-14   159    30     0
2423.66 -4.10e-16  5.67e-15   159     0     0
2426.32 -7.20e-15  6.52e-15   159    -8     0
2428.98  7.72e-16  5.64e-15   159     0     0
2431.64  4.96e-15  9.95e-15   159     6     0
2434.31  1.31e-15  5.49e-15   159     1     0
2436.97  2.30e-14  7.00e-15   159    28     0
2439.63  2.22e-14  6.91e-15   159    27     0
2442.29  2.63e-14  7.05e-15   159    33     0
2444.96  1.09e-14  5.80e-15   159    13     0
2447.62  1.13e-14  1.00e-14   159    14     0
2450.28 -8.66e-15  5.83e-15   159   -11     0
2452.94  1.03e-14  5.61e-15   159    13     0
2455.61  3.81e-15  4.99e-15   159     5     0
2458.27  1.95e-14  9.12e-15   159    25     0
2460.93  8.09e-15  5.61e-15   159    11     0
2463.59  2.51e-15  4.78e-15   160     3     0
2466.26 -3.10e-15  4.80e-15   160    -4     0
2468.92  2.21e-15  4.68e-15   160     3     0
2471.58  5.31e-15  5.16e-15   160     7     0
2474.25  2.39e-14  1.16e-14   160    34     0
2476.91  9.11e-15  5.50e-15   160    13     0
2479.57  1.78e-14  5.38e-15   160    26     0
2482.23  1.90e-14  5.45e-15   160    28     0
2484.90  1.32e-14  6.26e-15   160    19     0
2487.56  5.83e-15  4.82e-15   160     8     0
2490.22  4.27e-14  8.11e-15   160    64     0
2492.88  2.07e-14  6.76e-15   160    31     0
2495.55  1.68e-15  5.28e-15   160     2     0
2498.21 -9.23e-15  7.42e-15   160   -13     0
2500.87  8.83e-15  8.46e-15   160    13     0
2503.54  9.53e-15  5.48e-15   160    14     0
2506.20  9.82e-15  1.10e-14   160    14     0
2508.86  1.35e-15  6.87e-15   160     2     0
2511.52  2.14e-14  7.19e-15   160    32     0
2514.19  1.83e-14  5.13e-15   160    28     0
2516.85  1.01e-14  4.85e-15   160    15     0
2519.51  1.70e-14  5.08e-15   160    26     0
2522.17  1.79e-14  4.95e-15   160    28     0
2524.84  2.48e-14  5.37e-15   160    39     0
2527.50  1.56e-14  5.24e-15   160    25     0
2530.16  9.42e-15  5.00e-15   160    15     0
2532.82  7.29e-15  6.98e-15   160    12     0
2535.49  1.76e-14  8.83e-15   160    29     0
2538.15  2.68e-14  6.12e-15   160    44     0
2540.81  3.32e-15  5.14e-15   160     5     0
2543.48  2.13e-14  5.05e-15   160    36     0
2546.14  1.60e-14  4.38e-15   160    27     0
2548.80  1.02e-14  5.19e-15   160    17     0
2551.46  2.27e-15  5.13e-15   160     4     0
2554.13  1.98e-15  3.77e-15   160     3     0
2556.79  9.05e-15  3.69e-15   160    16     0
2559.45  8.43e-15  3.62e-15   160    15     0
2562.11  7.06e-15  3.57e-15   160    12     0
2564.78  1.67e-15  3.30e-15   160     3     0
2567.44  7.38e-15  6.19e-15   160    13     0
2570.10  2.18e-15  3.83e-15   160     3     0
2572.76  2.73e-15  4.20e-15   160     4     0
2575.43  1.26e-14  3.83e-15   160    23     0
2578.09  6.91e-15  5.98e-15   160    12     0
2580.75  2.45e-14  6.11e-15   160    44     0
2583.42  2.12e-14  4.64e-15   160    38     0
2586.08  3.37e-14  5.14e-15   160    62     0
2588.74  4.45e-15  4.82e-15   160     8     0
2591.40  1.80e-14  4.04e-15   160    33     0
2594.07  1.87e-14  4.10e-15   159    35     0
2596.73  3.14e-14  8.72e-15   159    59     0
2599.39  3.66e-14  1.14e-14   159    70     0
2602.05  1.96e-14  6.98e-15   159    38     0
2604.72  2.25e-14  8.41e-15   159    44     0
2607.38  3.45e-14  4.92e-15   159    68     0
2610.04  3.98e-14  5.15e-15   159    79     0
2612.70  3.57e-14  5.35e-15   159    71     0
2615.37  3.00e-14  4.76e-15   159    60     0
2618.03  3.31e-14  5.99e-15   159    66     0
2620.69  3.88e-14  7.99e-15   159    79     0
2623.35  4.10e-14  5.07e-15   159    83     0
2626.02  4.80e-14  5.70e-15   159    98     0
2628.68  4.39e-14  7.96e-15   159    90     0
2631.34  2.93e-14  4.41e-15   159    60     0
2634.01  1.18e-14  4.46e-15   159    24     0
2636.67  1.47e-14  3.51e-15   159    30     0
2639.33  1.28e-14  3.46e-15   159    26     0
2641.99  5.25e-16  2.64e-15   159     1     0
2644.66 -1.43e-16  2.63e-15   159     0     0
2647.32  4.64e-15  3.20e-15   159     9     0
2649.98  5.65e-15  2.92e-15   158    12     0
2652.64  1.20e-14  3.92e-15   158    24     0
2655.31  5.80e-15  3.05e-15   158    12     0
2657.97 -9.00e-16  2.60e-15   158    -1     0
2660.63  1.06e-14  3.95e-15   158    22     0
2663.30  6.67e-15  3.81e-15   158    14     0
2665.96  5.66e-15  3.54e-15   158    12     0
2668.62  1.52e-14  3.44e-15   158    32     0
2671.28  8.41e-15  3.02e-15   158    18     0
2673.95  2.51e-15  2.65e-15   158     5     0
2676.61  7.56e-15  2.98e-15   158    16     0
2679.27  6.64e-15  2.92e-15   158    14     0
2681.93  9.24e-15  3.46e-15   158    20     0
2684.60  6.87e-15  2.88e-15   157    15     0
2687.26  5.08e-15  2.78e-15   157    11     0
2689.92  7.13e-15  2.91e-15   157    15     0
2692.58  1.03e-14  3.06e-15   157    22     0
2695.25  1.35e-14  3.30e-15   157    29     0
2697.91  1.07e-14  3.13e-15   157    23     0
2700.57  7.85e-15  2.94e-15   157    17     0
2703.24  1.55e-14  3.37e-15   157    34     0
2705.90  6.64e-15  2.85e-15   157    14     0
2708.56  9.65e-15  3.04e-15   157    20     0
2711.22  1.35e-14  3.83e-15   157    29     0
2713.89  1.26e-14  3.28e-15   156    26     0
2716.55  1.49e-14  3.41e-15   156    32     0
2719.21  1.48e-14  3.38e-15   156    31     0
2721.87  2.15e-14  3.74e-15   156    46     0
2724.54  1.79e-14  3.52e-15   156    39     0
2727.20  1.44e-14  3.35e-15   156    31     0
2729.86  1.01e-14  3.10e-15   156    22     0
2732.52  1.84e-14  3.50e-15   156    40     0
2735.19  2.46e-14  4.20e-15   156    55     0
2737.85  2.30e-14  3.69e-15   155    51     0
2740.51  2.28e-14  3.64e-15   155    51     0
2743.18  3.11e-14  4.14e-15   155    69     0
2745.84  3.36e-14  4.12e-15   155    75     0
2748.50  3.04e-14  4.02e-15   155    68     0
2751.16  2.18e-14  3.66e-15   155    48     0
2753.83  2.16e-14  3.65e-15   155    47     0
2756.49  2.84e-14  3.95e-15   155    63     0
2759.15  2.63e-14  3.85e-15   155    59     0
2761.81  1.05e-14  3.02e-15   154    23     0
2764.48  8.64e-15  2.97e-15   154    19     0
2767.14  1.19e-14  3.14e-15   154    26     0
2769.80  1.36e-14  3.25e-15   154    30     0
2772.46  1.57e-14  3.34e-15   154    34     0
2775.13  1.49e-14  3.33e-15   154    32     0
2777.79  7.75e-15  2.96e-15   154    17     0
2780.45  5.98e-15  2.83e-15   153    13     0
2783.12  1.27e-14  3.21e-15   153    28     0
2785.78  1.67e-14  3.47e-15   153    36     0
2788.44  3.45e-14  5.50e-15   153    75     0
2791.10  7.03e-14  1.47e-14   153   152     0
2793.77  1.37e-13  1.25e-14   153   296     0
2796.43  2.04e-13  2.18e-14   153   437     0
2799.09  1.47e-13  1.02e-14   153   316     0
2801.75  1.37e-13  9.69e-15   152   292     0
2804.42  1.31e-13  1.27e-14   152   280     0
2807.08  4.98e-14  5.18e-15   152   107     0
2809.74  1.45e-14  3.35e-15   152    31     0
2812.40  4.85e-15  2.85e-15   152    10     0
2815.07  1.02e-14  3.08e-15   152    22     0
2817.73  8.13e-15  3.27e-15   152    17     0
2820.39  9.96e-15  3.60e-15   151    21     0
2823.06  1.29e-14  3.26e-15   151    28     0
2825.72  5.06e-15  2.86e-15   151    11     0
2828.38  6.49e-15  3.29e-15   151    14     0
2831.04  1.29e-14  3.24e-15   151    28     0
2833.71  1.85e-14  3.51e-15   151    40     0
2836.37  1.46e-14  3.34e-15   151    31     0
2839.03  1.10e-14  3.19e-15   150    23     0
2841.69  9.25e-15  3.07e-15   150    19     0
2844.36  1.36e-14  3.30e-15   150    29     0
2847.02  1.71e-14  3.46e-15   150    37     0
2849.68  1.64e-14  3.39e-15   150    35     0
2852.34  1.71e-14  3.49e-15   150    36     0
2855.01  9.70e-15  3.18e-15   150    20     0
2857.67  1.43e-14  3.37e-15   149    30     0
2860.33  9.24e-15  3.14e-15   149    19     0
2863.00  6.98e-15  3.05e-15   149    14     0
2865.66  1.37e-14  3.37e-15   149    28     0
2868.32  1.79e-14  3.56e-15   149    37     0
2870.98  1.67e-14  3.58e-15   149    34     0
2873.65  1.46e-14  3.48e-15   149    30     0
2876.31  2.14e-14  3.73e-15   148    44     0
2878.97  2.70e-14  3.99e-15   148    55     0
2881.63  2.65e-14  3.99e-15   148    54     0
2884.30  1.66e-14  3.56e-15   148    33     0
2886.96  1.76e-14  3.62e-15   148    35     0
2889.62  1.63e-14  3.60e-15   148    33     0
2892.28  1.36e-14  3.47e-15   147    27     0
2894.95  1.47e-14  3.52e-15   147    29     0
2897.61  1.59e-14  3.57e-15   147    32     0
2900.27  1.48e-14  3.52e-15   147    29     0
2902.94  1.76e-14  3.64e-15   147    35     0
2905.60  6.59e-15  3.22e-15   147    13     0
2908.26  5.03e-15  3.12e-15   147     9     0
2910.92  4.99e-15  3.10e-15   146     9     0
2913.59  9.51e-15  3.34e-15   146    18     0
2916.25  1.58e-14  3.62e-15   146    31     0
2918.91  1.88e-14  3.76e-15   146    36     0
2921.57  1.70e-14  3.72e-15   146    33     0
2924.24  2.21e-14  3.97e-15   146    42     0
2926.90  2.01e-14  3.90e-15   146    38     0
2929.56  1.50e-14  3.71e-15   145    28     0
2932.22  1.76e-14  3.86e-15   145    32     0
2934.89  1.59e-14  3.80e-15   145    29     0
2937.55  1.87e-14  3.96e-15   145    33     0
2940.21  2.23e-14  4.16e-15   145    40     0
2942.88  2.10e-14  4.14e-15   145    37     0
2945.54  2.10e-14  4.14e-15   144    37     0
2948.20  2.42e-14  4.29e-15   144    42     0
2950.86  2.74e-14  4.44e-15   144    48     0
2953.53  1.82e-14  4.08e-15   144    31     0
2956.19  1.97e-14  4.12e-15   144    34     0
2958.85  1.98e-14  4.15e-15   144    34     0
2961.51  2.08e-14  4.21e-15   144    35     0
2964.18  1.64e-14  4.10e-15   143    27     0
2966.84  1.58e-14  4.14e-15   143    26     0
2969.50  3.07e-14  4.77e-15   143    50     0
2972.16  3.06e-14  4.78e-15   143    49     0
2974.83  1.98e-14  4.38e-15   143    31     0
2977.49  1.98e-14  4.39e-15   143    31     0
2980.15  1.74e-14  4.34e-15   143    27     0
2982.82  1.56e-14  4.32e-15   142    24     0
2985.48  2.28e-14  4.64e-15   142    35     0
2988.14  1.50e-14  4.35e-15   142    22     0
2990.80  1.62e-14  4.45e-15   142    24     0
2993.47  1.47e-14  4.42e-15   142    21     0
2996.13  1.87e-14  4.66e-15   142    27     0
2998.79  2.60e-14  5.37e-15   142    37     0
3001.45  2.80e-14  5.03e-15   141    40     0
3004.12  2.85e-14  5.10e-15   141    40     0
3006.78  1.31e-14  4.47e-15   141    18     0
3009.44  1.28e-14  4.47e-15   141    18     0
3012.10  1.94e-14  4.83e-15   141    26     0
3014.77  1.37e-14  4.65e-15   141    18     0
3017.43  1.12e-14  4.62e-15   140    15     0
3020.09  1.57e-14  4.89e-15   140    20     0
3022.76  2.20e-14  5.22e-15   140    28     0
3025.42  2.03e-14  5.18e-15   140    25     0
3028.08  2.70e-14  5.49e-15   140    33     0
3030.74  3.05e-14  5.53e-15   140    38     0
3033.41  1.46e-14  5.02e-15   140    17     0
3036.07  1.52e-14  5.13e-15   139    18     0
3038.73  1.89e-14  5.34e-15   139    22     0
3041.39  1.91e-14  5.45e-15   139    22     0
3044.06  2.50e-14  5.75e-15   139    28     0
3046.72  2.71e-14  5.86e-15   139    30     0
3049.38  3.86e-14  6.39e-15   139    43     0
3052.04  2.88e-14  1.36e-14   138    31 -4096
3054.71  1.60e-14  3.04e-14   138    17 -4096
3057.37  8.31e-14  1.18e-13   138    86 -4096
3060.03 -8.15e-14  6.12e-14   138   -83 -4096
3062.70  3.37e-14  3.35e-14   138    33 -4096
3065.36  8.36e-15  5.68e-15   138     8     0
3068.02  8.27e-15  5.77e-15   138     8     0
3070.68  1.29e-14  5.98e-15   137    12     0
3073.35  2.47e-14  6.54e-15   137    23     0
3076.01  2.55e-14  6.69e-15   137    23     0
3078.67  1.90e-14  6.54e-15   137    17     0
3081.33  2.00e-14  6.62e-15   137    17     0
3084.00  2.51e-14  6.84e-15   137    21     0
3086.66  1.20e-14  6.48e-15   136    10     0
3089.32  2.10e-14  6.93e-15   136    17     0
3091.98  3.06e-14  7.38e-15   136    25     0
3094.65  2.64e-14  7.32e-15   136    21     0
3097.31  1.73e-14  7.03e-15   136    13     0
3099.97  3.60e-14  7.87e-15   135    27     0
3102.64  2.31e-14  7.39e-15   135    17     0
3105.30  1.79e-14  7.28e-15   135    13     0
3107.96  1.57e-14  8.23e-15   135    11     0
3110.62  3.10e-14  7.95e-15   135    22     0
3113.29  3.00e-14  8.02e-15   134    21     0
3115.95  2.94e-14  8.14e-15   134    20     0
3118.61  3.10e-14  8.28e-15   134    21     0
3121.27  1.68e-14  7.80e-15   134    11     0
3123.94  1.35e-14  7.77e-15   134     8     0
3126.60  1.87e-14  8.03e-15   133    12     0
3129.26  2.44e-14  8.40e-15   133    15     0
3131.92  3.23e-14  8.73e-15   133    20     0
3134.59  3.53e-14  8.87e-15   133    21     0
3137.25  3.75e-14  9.18e-15   133    22     0
3139.91  2.48e-14  8.78e-15   132    14     0
3142.58  2.58e-14  8.90e-15   132    14     0
3145.24  4.05e-14  9.69e-15   132    22     0
3147.90  4.59e-14  1.01e-14   132    25     0
3150.56  3.06e-14  9.52e-15   131    16     0
3153.23  2.50e-14  9.45e-15   131    13     0
3155.89  2.72e-14  9.62e-15   131    13     0
3158.55  2.34e-14  9.56e-15   131    11     0
3161.21  1.91e-14  9.49e-15   130     9     0
3163.88  2.19e-14  9.71e-15   130    10     0
3166.54  3.71e-14  1.05e-14   130    17     0
3169.20  4.52e-14  1.09e-14   129    20     0
3171.86  5.82e-14  1.16e-14   129    26     0
3174.53  6.71e-14  1.21e-14   129    29     0
3177.19  5.80e-14  1.17e-14   129    25     0
3179.85  5.20e-14  1.16e-14   128    21     0
3182.52  6.55e-14  1.22e-14   128    27     0
3185.18  5.87e-14  1.20e-14   128    23     0
3187.84  3.85e-14  1.13e-14   127    15     0
3190.50  2.98e-14  1.11e-14   127    11     0
3193.17  1.80e-14  1.07e-14   127     6     0
3195.83  2.67e-14  1.11e-14   126     9     0
3198.49  3.57e-14  1.16e-14   126    12     0
3201.15  2.46e-14  1.13e-14   125     8     0
3203.82  1.78e-14  1.12e-14   125     6     0
3206.48  3.85e-14  1.25e-14   125    12     0
3209.14  6.59e-14  1.68e-14   124    20     0
3211.80  8.70e-14  1.60e-14   124    26     0
3214.47  7.07e-14  1.41e-14   123    21     0
3217.13  4.81e-14  1.34e-14   123    14     0
3219.79  1.23e-14  1.19e-14   123     3     0
3222.46  2.87e-14  1.25e-14   122     8     0
3225.12  4.87e-14  1.36e-14   122    13     0
3227.78  4.94e-14  1.38e-14   121    13     0
3230.44  3.75e-14  1.33e-14   121     9     0
3233.11  3.62e-14  1.33e-14   120     9     0
3235.77  4.72e-14  1.40e-14   120    11     0
3238.43  4.39e-14  1.40e-14   119    10     0
3241.09  5.43e-14  1.44e-14   119    12     0
3243.76  5.64e-14  1.47e-14   118    12     0
3246.42  9.63e-15  1.26e-14   118     2     0
3249.08  2.73e-14  2.50e-14   117     5     0
3251.74  4.67e-14  2.10e-14   116     9     0
3254.41  1.71e-14  1.27e-14   116     3     0
3257.07  3.50e-14  1.59e-14   115     6     0
3259.73  3.21e-14  1.67e-14   115     6     0
3262.40  2.60e-14  1.37e-14   114     4     0
3265.06  3.10e-14  1.61e-14   113     5     0
3267.72  5.21e-14  1.73e-14   113     9     0
3270.38  5.23e-14  1.53e-14   112     9     0
3273.05  4.63e-14  1.35e-14   111     7     0
3275.71  4.75e-14  1.80e-14   111     7     0
3278.37  8.41e-14  2.97e-14   110    13     0
3281.03  8.08e-14  3.08e-14   109    12     0
3283.70  1.23e-13  3.19e-14   108    19     0
3286.36  9.53e-14  1.78e-14   108    14     0
3289.02  5.14e-14  1.78e-14   107     7     0
3291.68  3.74e-14  1.41e-14   106     5     0
3294.35  6.29e-14  2.65e-14   105     8     0
3297.01  8.27e-14  1.99e-14   104    11     0
3299.67  9.48e-14  2.13e-14   103    12     0
3302.34  1.16e-13  1.52e-14   102    15     0
3305.00  7.44e-14  2.80e-14   102     9     0
3307.66  3.55e-14  2.70e-14   101     4     0
3310.32  2.90e-14  2.17e-14   100     3     0
3312.99  4.75e-14  2.32e-14    99     5     0
3315.65  9.09e-14  2.30e-14    98     9     0
3318.31  1.34e-13  2.21e-14    97    14     0
3320.97  1.59e-13  2.61e-14    96    15     0
3323.64  1.32e-13  2.17e-14    95    12     0
3326.30  1.34e-13  2.11e-14    93    12     0
3328.96  1.13e-13  2.16e-14    92    10     0
3331.62  1.17e-13  2.32e-14    91    10     0
3334.29  1.11e-13  2.40e-14    90     9     0
3336.95  7.69e-14  2.33e-14    89     6     0
3339.61  8.25e-14  3.71e-14    88     6     0
3342.28  6.11e-14  4.54e-14    86     4     0
3344.94  1.26e-13  2.70e-14    85     9     0
3347.60  1.67e-13  5.40e-14    84    11     0
