NOT ORIGINAL IUE PROJECT DATA PRODUCT
LWP9062LOWLARGE
HD  197481
20:42:06
-31:31:05
48
NO-TRAIL
X-OFFSETS
839.434
12/09/86
10:41:02
255
8.80
01/06/96
GSFC
2446685.94516
60
33
1851.18  6.34e-13  9.65e-13   124    54     0
1853.84  8.09e-13  9.02e-13   125    74     0
1856.51  2.14e-13  8.71e-13   126    20     0
1859.17 -2.62e-13  8.04e-13   127   -26     0
1861.83 -2.00e-13  7.35e-13   128   -21     0
1864.49  3.27e-13  6.76e-13   129    38     0
1867.16 -5.40e-14  5.81e-13   130    -7     0
1869.82  2.14e-13  5.42e-13   131    31     0
1872.48 -1.52e-13  5.12e-13   133   -23     0
1875.15  1.48e-13  4.63e-13   133    24     0
1877.81 -4.48e-13  4.34e-13   134   -79     0
1880.47 -2.87e-14  4.33e-13   135    -5     0
1883.13  5.35e-13  4.17e-13   136    98     0
1885.80 -1.22e-12  7.70e-13   137  -242     0
1888.46  2.25e-14  3.58e-13   138     4     0
1891.12  1.91e-13  3.40e-13   139    41     0
1893.78  4.86e-13  3.30e-13   140   109     0
1896.45 -6.97e-14  3.08e-13   140   -16     0
1899.11 -5.36e-13  2.96e-13   141  -130     0
1901.77  1.59e-13  2.93e-13   142    39     0
1904.43  2.45e-13  2.83e-13   143    62     0
1907.10 -8.15e-14  2.65e-13   143   -21     0
1909.76  3.69e-13  2.61e-13   144   100     0
1912.42  6.86e-14  2.66e-13   145    19     0
1915.09 -5.89e-14  2.55e-13   145   -17     0
1917.75  2.12e-13  2.55e-13   146    62 -4096
1920.41  4.43e-14  2.27e-13   146    13     0
1923.07 -8.77e-13  6.20e-13   147  -281     0
1925.74 -1.01e-13  2.07e-13   148   -32     0
1928.40  2.05e-13  2.03e-13   148    67     0
1931.06 -8.92e-14  3.10e-13   149   -30     0
1933.72 -8.16e-15  1.83e-13   149    -2     0
1936.39 -2.45e-13  1.76e-13   150   -89     0
1939.05  8.99e-14  1.71e-13   150    33     0
1941.71  1.09e-13  1.66e-13   150    41     0
1944.37  2.23e-13  1.62e-13   151    88     0
1947.04  1.24e-13  1.55e-13   151    50     0
1949.70 -3.10e-14  1.48e-13   152   -12     0
1952.36 -3.13e-14  1.45e-13   152   -13     0
1955.03  8.40e-14  1.42e-13   152    36     0
1957.69  3.48e-14  1.37e-13   153    15     0
1960.35 -1.56e-15  1.32e-13   153     0     0
1963.01  1.32e-13  1.30e-13   154    61     0
1965.68 -2.61e-14  1.21e-13   154   -12     0
1968.34 -1.71e-13  1.18e-13   154   -84     0
1971.00  6.22e-14  1.17e-13   154    30     0
1973.66  9.94e-14  1.14e-13   155    50     0
1976.33  3.29e-14  1.06e-13   155    17     0
1978.99 -1.32e-13  1.02e-13   155   -73     0
1981.65  1.29e-13  1.02e-13   156    72     0
1984.31  3.69e-14  9.70e-14   156    21     0
1986.98 -8.05e-16  9.44e-14   156     0     0
1989.64  7.72e-14  9.30e-14   156    45     0
1992.30  5.13e-14  9.07e-14   157    30     0
1994.97 -1.12e-14  8.75e-14   157    -6     0
1997.63 -3.33e-14  8.49e-14   157   -20     0
2000.29  5.35e-14  8.46e-14   157    33     0
2002.95 -5.69e-15  8.19e-14   157    -3     0
2005.62  3.06e-14  7.99e-14   158    19     0
2008.28 -7.02e-15  7.80e-14   158    -4     0
2010.94  1.65e-14  7.74e-14   158    10     0
2013.60  1.44e-13  7.90e-14   158    95     0
2016.27  2.05e-14  7.38e-14   158    13     0
2018.93 -6.53e-14  7.27e-14   158   -44     0
2021.59  6.36e-14  7.53e-14   159    42     0
2024.25 -2.30e-14  7.33e-14   159   -15     0
2026.92  6.05e-14  7.25e-14   159    40     0
2029.58  8.67e-14  7.24e-14   159    58     0
2032.24 -1.69e-14  7.00e-14   159   -11     0
2034.91  5.17e-14  7.00e-14   159    35     0
2037.57  5.60e-15  6.86e-14   159     3     0
2040.23  3.16e-14  6.88e-14   159    21     0
2042.89  2.73e-14  6.79e-14   160    18     0
2045.56 -3.15e-14  6.69e-14   160   -21     0
2048.22  3.78e-14  6.67e-14   160    25     0
2050.88  2.67e-14  6.52e-14   160    18     0
2053.54  2.87e-17  6.39e-14   160     0     0
2056.21  3.66e-14  6.33e-14   160    25     0
2058.87  3.84e-14  6.24e-14   160    27     0
2061.53 -2.43e-13  2.20e-13   160  -172     0
2064.19 -5.30e-14  5.99e-14   160   -37     0
2066.86 -3.07e-14  6.00e-14   160   -21     0
2069.52  7.65e-15  5.91e-14   160     5     0
2072.18  3.21e-14  5.79e-14   161    23     0
2074.85  5.79e-14  5.74e-14   161    42     0
2077.51  2.40e-14  5.59e-14   161    17     0
2080.17  2.94e-14  5.56e-14   161    21     0
2082.83  1.61e-14  5.46e-14   161    11     0
2085.50  7.23e-14  5.55e-14   161    53     0
2088.16 -8.79e-14  5.35e-14   161   -64     0
2090.82  4.30e-14  5.29e-14   161    32     0
2093.48  2.26e-14  5.20e-14   161    16     0
2096.15  1.93e-14  5.25e-14   161    14     0
2098.81 -2.10e-14  5.18e-14   161   -15     0
2101.47  8.32e-15  5.16e-14   161     6     0
2104.13 -1.04e-14  5.12e-14   161    -7     0
2106.80  1.93e-15  5.03e-14   161     1     0
2109.46  1.71e-14  5.01e-14   162    12     0
2112.12  5.20e-14  5.12e-14   162    37     0
2114.79  6.20e-14  5.10e-14   162    44     0
2117.45  6.38e-14  5.09e-14   162    45     0
2120.11  2.89e-14  4.89e-14   162    21     0
2122.77 -2.08e-14  4.91e-14   162   -15     0
2125.44  7.59e-15  4.74e-14   162     5     0
2128.10  6.52e-14  4.81e-14   162    47     0
2130.76  9.54e-15  4.64e-14   162     7     0
2133.42 -3.47e-14  4.59e-14   162   -25     0
2136.09  3.77e-14  4.63e-14   162    27     0
2138.75 -2.27e-14  4.52e-14   162   -16     0
2141.41  1.40e-14  4.47e-14   162    10     0
2144.07  5.89e-14  4.52e-14   162    43     0
2146.74  6.55e-14  4.49e-14   162    48     0
2149.40  1.85e-14  4.31e-14   163    13     0
2152.06 -4.25e-14  4.35e-14   163   -31     0
2154.73  5.58e-14  4.42e-14   163    40     0
2157.39  2.82e-14  4.24e-14   163    20     0
2160.05  5.97e-14  4.28e-14   163    44     0
2162.71 -3.39e-14  4.12e-14   163   -25     0
2165.38  2.45e-15  4.11e-14   163     1     0
2168.04 -2.38e-14  4.07e-14   163   -17     0
2170.70 -9.21e-15  4.06e-14   163    -6     0
2173.36 -6.43e-15  4.02e-14   163    -4     0
2176.03  3.05e-14  4.01e-14   163    22     0
2178.69  4.16e-14  4.00e-14   163    30     0
2181.35 -3.84e-15  3.94e-14   163    -2     0
2184.01  7.87e-15  3.91e-14   163     5     0
2186.68  5.47e-14  3.93e-14   164    40     0
2189.34 -2.62e-14  3.77e-14   164   -19     0
2192.00 -4.47e-14  3.73e-14   164   -33     0
2194.67 -4.57e-14  3.69e-14   164   -34     0
2197.33 -8.22e-14  3.72e-14   164   -60     0
2199.99  1.33e-14  3.67e-14   164     9     0
2202.65  3.57e-14  3.61e-14   164    26     0
2205.32  3.20e-14  3.60e-14   164    23     0
2207.98 -2.14e-14  3.52e-14   164   -15     0
2210.64 -2.30e-14  3.47e-14   164   -17     0
2213.30  8.72e-15  3.43e-14   164     6     0
2215.97 -1.59e-14  3.43e-14   165   -11     0
2218.63 -4.37e-14  3.39e-14   165   -32     0
2221.29  2.00e-15  3.30e-14   165     1     0
2223.95  9.67e-15  3.27e-14   165     7     0
2226.62 -5.14e-14  3.53e-14   165   -38     0
2229.28  1.76e-14  3.28e-14   165    13     0
2231.94 -3.86e-14  3.23e-14   165   -29     0
2234.61 -4.86e-14  3.09e-14   165   -37     0
2237.27 -2.26e-14  3.10e-14   165   -17     0
2239.93 -2.77e-14  3.06e-14   165   -21     0
2242.59  6.29e-15  3.01e-14   166     4     0
2245.26  1.32e-14  2.96e-14   166    10     0
2247.92  6.11e-14  3.01e-14   166    48     0
2250.58  1.91e-14  2.82e-14   166    15     0
2253.24 -2.05e-15  2.75e-14   166    -1     0
2255.91 -1.55e-14  2.73e-14   166   -12     0
2258.57 -6.05e-15  2.67e-14   166    -5     0
2261.23  7.74e-15  2.62e-14   166     6     0
2263.90 -2.64e-14  2.56e-14   166   -22     0
2266.56 -2.17e-14  2.53e-14   167   -18     0
2269.22  5.84e-14  2.59e-14   167    50     0
2271.88 -3.72e-14  2.40e-14   167   -33     0
2274.55 -2.58e-14  2.35e-14   167   -23     0
2277.21 -3.27e-14  2.27e-14   167   -30     0
2279.87 -5.68e-14  2.23e-14   167   -53     0
2282.53  2.29e-14  2.25e-14   167    21     0
2285.20 -3.29e-16  2.19e-14   167     0     0
2287.86 -2.65e-15  2.16e-14   168    -2     0
2290.52 -1.85e-14  2.12e-14   168   -17     0
2293.18  4.74e-15  2.10e-14   168     4     0
2295.85  8.67e-16  2.06e-14   168     0     0
2298.51 -3.28e-15  2.04e-14   168    -3     0
2301.17  2.53e-15  2.00e-14   168     2     0
2303.83 -1.31e-16  1.97e-14   168     0     0
2306.50  2.66e-14  2.01e-14   168    25     0
2309.16 -1.77e-15  1.93e-14   169    -1     0
2311.82 -8.82e-15  1.85e-14   169    -8     0
2314.49 -1.56e-14  1.81e-14   169   -16     0
2317.15  1.14e-14  1.80e-14   169    11     0
2319.81  2.12e-14  1.77e-14   169    22     0
2322.47  2.70e-14  1.76e-14   169    28     0
2325.14  3.24e-14  1.72e-14   169    35     0
2327.80 -5.20e-15  1.61e-14   169    -5     0
2330.46  5.90e-15  1.62e-14   170     6     0
2333.12  2.07e-14  1.59e-14   170    23     0
2335.79  2.93e-14  1.54e-14   170    34     0
2338.45  2.08e-14  1.49e-14   170    24     0
2341.11  6.96e-15  1.51e-14   170     8     0
2343.77  3.12e-14  1.47e-14   170    38     0
2346.44  3.47e-15  1.36e-14   170     4     0
2349.10  1.43e-14  1.36e-14   170    18     0
2351.76  4.01e-14  1.39e-14   170    51     0
2354.43  4.42e-14  1.37e-14   171    57     0
2357.09  1.70e-14  1.29e-14   171    22     0
2359.75  2.14e-14  1.27e-14   171    28     0
2362.41  1.89e-14  1.53e-14   171    25     0
2365.08  2.15e-14  1.24e-14   171    29     0
2367.74  2.24e-14  1.23e-14   171    30     0
2370.40 -7.51e-15  1.17e-14   171   -10     0
2373.06  3.01e-17  1.15e-14   171     0     0
2375.73  9.10e-15  1.14e-14   172    12     0
2378.39  3.39e-14  1.23e-14   172    47     0
2381.05  4.07e-14  1.37e-14   172    57     0
2383.71  5.52e-14  1.23e-14   172    78     0
2386.38  3.16e-14  1.74e-14   172    45     0
2389.04  1.61e-14  1.08e-14   172    23     0
2391.70  5.22e-16  1.04e-14   172     0     0
2394.37  2.33e-14  1.22e-14   172    34     0
2397.03  4.21e-14  1.08e-14   172    63     0
2399.69  1.11e-14  1.02e-14   172    16     0
2402.35  5.92e-15  1.12e-14   173     9     0
2405.02  2.15e-14  9.84e-15   173    33     0
2407.68  2.89e-14  1.54e-14   173    45     0
2410.34  1.83e-14  1.29e-14   173    29     0
2413.00  2.16e-14  1.09e-14   173    34     0
2415.67  3.13e-14  1.18e-14   173    50     0
2418.33  2.10e-14  9.10e-15   173    34     0
2420.99  2.43e-14  9.66e-15   173    40     0
2423.66  1.87e-14  8.72e-15   173    31     0
2426.32  2.57e-14  9.71e-15   173    44     0
2428.98  1.42e-14  8.56e-15   173    24     0
2431.64  6.60e-15  8.18e-15   173    11     0
2434.31  1.55e-14  8.31e-15   174    26     0
2436.97  3.83e-14  1.29e-14   174    66     0
2439.63  7.04e-15  7.92e-15   174    12     0
2442.29  1.74e-14  8.00e-15   174    30     0
2444.96  1.28e-14  9.58e-15   174    22     0
2447.62  5.68e-15  7.52e-15   174    10     0
2450.28  1.87e-14  7.70e-15   174    33     0
2452.94  1.71e-14  7.59e-15   174    31     0
2455.61  1.39e-14  7.42e-15   174    25     0
2458.27  1.64e-14  7.40e-15   174    30     0
2460.93  1.65e-14  7.14e-15   174    31     0
2463.59  2.09e-14  7.14e-15   174    40     0
2466.26  7.15e-15  6.83e-15   174    13     0
2468.92  1.36e-14  6.85e-15   174    26     0
2471.58  1.62e-14  6.81e-15   174    32     0
2474.25  1.32e-14  7.04e-15   174    26     0
2476.91  2.55e-14  1.04e-14   174    52     0
2479.57  3.63e-14  1.14e-14   174    76     0
2482.23  1.96e-14  6.59e-15   174    41     0
2484.90  3.42e-14  8.93e-15   174    72     0
2487.56  3.17e-14  1.05e-14   174    66     0
2490.22  1.54e-14  7.19e-15   174    32     0
2492.88  1.91e-14  6.27e-15   175    40     0
2495.55  3.16e-14  8.32e-15   175    66     0
2498.21  2.43e-14  9.84e-15   175    51     0
2500.87  2.40e-14  7.52e-15   175    49     0
2503.54  2.09e-14  6.34e-15   175    43     0
2506.20  3.56e-14  6.74e-15   175    74     0
2508.86  2.07e-14  6.23e-15   175    43     0
2511.52  2.91e-14  8.40e-15   175    62     0
2514.19  8.98e-15  5.74e-15   175    19     0
2516.85  1.49e-14  5.91e-15   175    31     0
2519.51  1.14e-14  5.75e-15   174    24     0
2522.17  1.64e-14  9.95e-15   174    36     0
2524.84  8.29e-15  7.98e-15   174    18     0
2527.50  2.33e-14  7.56e-15   174    52     0
2530.16  1.85e-14  5.67e-15   174    42     0
2532.82  2.13e-14  6.58e-15   174    49     0
2535.49  3.33e-14  9.95e-15   174    77     0
2538.15  3.33e-14  8.99e-15   174    77     0
2540.81  6.15e-15  5.14e-15   174    14     0
2543.48  6.52e-15  5.00e-15   174    15     0
2546.14  1.54e-14  6.24e-15   174    37     0
2548.80  1.16e-14  5.84e-15   174    28     0
2551.46  2.40e-14  5.90e-15   174    59     0
2554.13  1.25e-14  5.01e-15   174    31     0
2556.79  1.15e-14  5.56e-15   174    29     0
2559.45  1.76e-14  5.26e-15   174    45     0
2562.11  1.71e-14  5.09e-15   174    43     0
2564.78  2.22e-14  8.25e-15   174    56     0
2567.44  2.06e-14  8.91e-15   174    53     0
2570.10  1.74e-14  7.78e-15   174    44     0
2572.76  6.09e-15  4.90e-15   173    15     0
2575.43  2.21e-14  6.43e-15   173    56     0
2578.09  2.75e-14  5.12e-15   173    70     0
2580.75  1.97e-14  6.85e-15   173    50     0
2583.42  2.97e-14  6.65e-15   173    75     0
2586.08  2.81e-14  8.00e-15   173    72     0
2588.74  2.21e-14  6.31e-15   173    57     0
2591.40  2.41e-14  4.80e-15   173    63     0
2594.07  3.31e-14  6.73e-15   173    87     0
2596.73  4.65e-14  1.23e-14   173   123     0
2599.39  6.19e-14  1.52e-14   172   166     0
2602.05  5.59e-14  1.42e-14   172   151     0
2604.72  2.42e-14  9.89e-15   172    66     0
2607.38  3.25e-14  8.00e-15   172    89     0
2610.04  4.02e-14  1.40e-14   172   112     0
2612.70  4.34e-14  1.14e-14   172   121     0
2615.37  3.80e-14  1.47e-14   172   106     0
2618.03  4.56e-14  1.40e-14   171   128     0
2620.69  4.05e-14  1.44e-14   171   115     0
2623.35  3.57e-14  1.38e-14   171   102     0
2626.02  4.74e-14  1.71e-14   171   136     0
2628.68  4.91e-14  1.39e-14   171   142     0
2631.34  5.30e-14  1.57e-14   171   152     0
2634.01  2.82e-14  1.04e-14   171    81     0
2636.67  1.14e-14  6.45e-15   170    32     0
2639.33  1.38e-14  4.32e-15   170    39     0
2641.99  7.86e-15  4.87e-15   170    23     0
2644.66  5.29e-15  4.49e-15   170    15     0
2647.32  4.42e-15  4.14e-15   170    13     0
2649.98  9.14e-15  4.53e-15   169    27     0
2652.64  4.89e-15  3.90e-15   169    14     0
2655.31  1.03e-14  7.22e-15   169    30     0
2657.97  6.03e-15  4.11e-15   169    17     0
2660.63  8.69e-15  3.88e-15   169    26     0
2663.30  1.52e-14  5.46e-15   168    45     0
2665.96  1.29e-14  7.19e-15   168    39     0
2668.62  8.60e-15  5.80e-15   168    26     0
2671.28  5.43e-15  4.18e-15   168    16     0
2673.95  1.60e-14  5.53e-15   168    49     0
2676.61  1.38e-14  3.92e-15   167    42     0
2679.27  7.59e-15  3.82e-15   167    23     0
2681.93  9.21e-15  5.00e-15   167    28     0
2684.60  1.44e-14  5.72e-15   167    44     0
2687.26  8.33e-15  4.49e-15   167    25     0
2689.92  6.24e-15  4.88e-15   166    19     0
2692.58  6.16e-15  4.80e-15   166    19     0
2695.25  6.22e-15  3.75e-15   166    19     0
2697.91  6.01e-15  3.76e-15   166    18     0
2700.57  8.56e-15  3.88e-15   165    26     0
2703.24  2.02e-14  6.59e-15   165    61     0
2705.90  1.80e-14  4.26e-15   165    55     0
2708.56  1.40e-14  4.88e-15   165    42     0
2711.22  1.64e-14  7.29e-15   164    49     0
2713.89  1.36e-14  5.57e-15   164    40     0
2716.55  1.94e-14  6.49e-15   164    58     0
2719.21  1.53e-14  6.14e-15   164    46     0
2721.87  1.25e-14  4.69e-15   163    37     0
2724.54  8.67e-15  6.35e-15   163    26     0
2727.20  2.42e-14  8.18e-15   163    73     0
2729.86  1.82e-14  8.45e-15   163    55     0
2732.52  1.84e-14  8.93e-15   162    56     0
2735.19  2.91e-14  5.76e-15   162    91     0
2737.85  3.24e-14  9.04e-15   162   101     0
2740.51  3.52e-14  9.94e-15   162   110     0
2743.18  2.64e-14  1.10e-14   161    82     0
2745.84  4.06e-14  1.23e-14   161   127     0
2748.50  3.46e-14  1.27e-14   161   108     0
2751.16  3.73e-14  1.18e-14   160   115     0
2753.83  2.75e-14  8.82e-15   160    85     0
2756.49  2.36e-14  1.06e-14   160    73     0
2759.15  2.34e-14  9.27e-15   160    73     0
2761.81  1.92e-14  6.96e-15   159    60     0
2764.48  1.68e-14  5.48e-15   159    52     0
2767.14  2.05e-14  7.95e-15   159    63     0
2769.80  1.94e-14  8.05e-15   158    60     0
2772.46  2.54e-14  8.03e-15   158    78     0
2775.13  1.46e-14  7.45e-15   158    45     0
2777.79  1.40e-14  5.99e-15   158    43     0
2780.45  1.39e-14  3.96e-15   157    42     0
2783.12  1.79e-14  4.25e-15   157    54     0
2785.78  2.14e-14  6.13e-15   157    65     0
2788.44  3.45e-14  1.36e-14   156   105     0
2791.10  8.98e-14  3.08e-14   156   273     0
2793.77  1.81e-13  5.43e-14   156   546     0
2796.43  2.56e-13  7.46e-14   155   769     0
2799.09  2.42e-13  7.51e-14   155   728     0
2801.75  2.01e-13  6.11e-14   155   601     0
2804.42  1.83e-13  5.72e-14   155   548     0
2807.08  8.86e-14  2.92e-14   154   268     0
2809.74  2.72e-14  9.50e-15   154    82     0
2812.40  1.74e-14  4.67e-15   154    52     0
2815.07  1.41e-14  4.31e-15   153    43     0
2817.73  1.10e-14  5.38e-15   153    33     0
2820.39  1.76e-14  4.14e-15   153    53     0
2823.06  8.98e-15  4.56e-15   152    27     0
2825.72  1.90e-14  6.28e-15   152    57     0
2828.38  2.83e-14  7.49e-15   152    86     0
2831.04  1.92e-14  5.06e-15   152    58     0
2833.71  1.69e-14  4.14e-15   151    51     0
2836.37  1.53e-14  4.19e-15   151    46     0
2839.03  1.58e-14  4.25e-15   151    47     0
2841.69  1.65e-14  4.73e-15   150    49     0
2844.36  2.05e-14  7.06e-15   150    61     0
2847.02  1.94e-14  9.10e-15   150    58 -4096
2849.68  1.85e-14  5.46e-15   149    55 -4096
2852.34  1.47e-14  5.68e-15   149    44 -4096
2855.01  2.48e-14  8.46e-15   149    73     0
2857.67  1.89e-14  6.65e-15   149    55     0
2860.33  1.92e-14  4.75e-15   148    56     0
2863.00  2.29e-14  7.29e-15   148    67     0
2865.66  2.07e-14  7.85e-15   148    61     0
2868.32  2.27e-14  7.66e-15   147    67     0
2870.98  2.79e-14  9.13e-15   147    80     0
2873.65  2.22e-14  7.20e-15   147    64     0
2876.31  3.12e-14  8.28e-15   146    90     0
2878.97  3.55e-14  7.91e-15   146   102     0
2881.63  2.75e-14  7.91e-15   146    79     0
2884.30  2.61e-14  9.31e-15   146    74     0
2886.96  2.05e-14  5.72e-15   145    58     0
2889.62  1.19e-14  4.41e-15   145    33     0
2892.28  1.81e-14  4.77e-15   145    51     0
2894.95  2.04e-14  4.97e-15   144    57     0
2897.61  2.31e-14  4.65e-15   144    65     0
2900.27  1.59e-14  5.81e-15   144    44     0
2902.94  2.19e-14  7.46e-15   143    62     0
2905.60  1.89e-14  8.28e-15   143    52     0
2908.26  2.23e-14  7.95e-15   143    61     0
2910.92  2.19e-14  5.80e-15   143    60     0
2913.59  2.14e-14  4.70e-15   142    59     0
2916.25  1.38e-14  5.49e-15   142    37     0
2918.91  2.03e-14  5.64e-15   142    55     0
2921.57  2.64e-14  7.32e-15   142    71     0
2924.24  2.06e-14  1.06e-14   141    55     0
2926.90  3.59e-14  1.11e-14   141    95     0
2929.56  4.37e-14  9.42e-15   141   115     0
2932.22  3.21e-14  8.62e-15   140    83     0
2934.89  3.78e-14  6.45e-15   140    97     0
2937.55  2.57e-14  6.68e-15   140    64     0
2940.21  2.66e-14  6.29e-15   140    67     0
2942.88  1.95e-14  8.77e-15   139    48     0
2945.54  2.13e-14  8.91e-15   139    52     0
2948.20  2.58e-14  7.83e-15   139    63     0
2950.86  3.39e-14  5.66e-15   139    83     0
2953.53  2.67e-14  6.09e-15   138    65     0
2956.19  2.36e-14  7.44e-15   138    57     0
2958.85  3.17e-14  7.57e-15   138    77     0
2961.51  3.07e-14  6.62e-15   138    73     0
2964.18  2.71e-14  5.70e-15   137    63     0
2966.84  2.03e-14  5.76e-15   137    47     0
2969.50  2.08e-14  6.92e-15   137    47     0
2972.16  2.15e-14  6.47e-15   137    48     0
2974.83  1.66e-14  6.38e-15   136    37     0
2977.49  2.63e-14  6.36e-15   136    58     0
2980.15  3.19e-14  6.71e-15   136    69     0
2982.82  2.53e-14  9.93e-15   136    54     0
2985.48  3.14e-14  8.73e-15   135    67     0
2988.14  2.27e-14  6.82e-15   135    48     0
2990.80  3.32e-14  6.15e-15   135    69     0
2993.47  3.82e-14  6.42e-15   135    79     0
2996.13  2.76e-14  6.23e-15   134    56     0
2998.79  3.14e-14  6.32e-15   134    63     0
3001.45  3.65e-14  6.48e-15   134    73     0
3004.12  2.78e-14  7.10e-15   134    55     0
3006.78  1.11e-14  6.12e-15   133    22     0
3009.44  2.18e-14  6.99e-15   133    42     0
3012.10  2.67e-14  6.68e-15   133    51     0
3014.77  1.76e-14  6.59e-15   133    33     0
3017.43  1.52e-14  6.50e-15   133    28     0
3020.09  1.98e-14  6.66e-15   132    36     0
3022.76  2.25e-14  6.78e-15   132    40     0
3025.42  2.63e-14  7.32e-15   132    46     0
3028.08  3.12e-14  7.35e-15   132    54     0
3030.74  3.18e-14  8.52e-15   132    55     0
3033.41  2.16e-14  7.00e-15   131    37     0
3036.07  2.40e-14  7.28e-15   131    40     0
3038.73  1.90e-14  7.10e-15   131    31     0
3041.39  2.90e-14  7.42e-15   131    47     0
3044.06  1.99e-14  7.38e-15   130    31     0
3046.72  2.56e-14  7.51e-15   130    40     0
3049.38  3.85e-14  7.84e-15   130    60     0
3052.04  2.31e-14  8.21e-15   130    35     0
3054.71  2.23e-14  8.60e-15   130    33 -4096
3057.37  1.75e-14  8.96e-15   129    25 -4096
3060.03  2.97e-14  9.14e-15   129    42 -4096
3062.70  2.21e-14  8.82e-15   129    30     0
3065.36  2.44e-14  8.38e-15   129    33     0
3068.02  2.04e-14  8.46e-15   129    27     0
3070.68  1.50e-14  8.45e-15   128    20     0
3073.35  2.10e-14  8.62e-15   128    27     0
3076.01  2.51e-14  9.62e-15   128    32     0
3078.67  3.22e-14  1.27e-14   128    40     0
3081.33  4.39e-14  1.32e-14   128    54     0
3084.00  4.25e-14  1.06e-14   127    51     0
3086.66  3.32e-14  9.43e-15   127    39     0
3089.32  2.00e-14  9.35e-15   127    23     0
3091.98  1.46e-14  9.36e-15   127    16     0
3094.65  2.04e-14  9.67e-15   126    23     0
3097.31  2.42e-14  1.09e-14   126    26     0
3099.97  1.04e-14  9.72e-15   126    11     0
3102.64  1.55e-15  9.67e-15   126     1     0
3105.30  2.24e-14  1.01e-14   126    23     0
3107.96  2.47e-14  1.03e-14   125    25     0
3110.62  2.30e-14  1.03e-14   125    23     0
3113.29  2.26e-14  1.05e-14   125    22     0
3115.95  1.56e-14  1.05e-14   125    15     0
3118.61  1.23e-14  1.06e-14   124    11     0
3121.27  2.68e-14  1.12e-14   124    25     0
3123.94  2.84e-14  1.24e-14   124    26     0
3126.60  5.42e-14  1.16e-14   124    48     0
3129.26  4.65e-14  1.16e-14   123    41     0
3131.92  2.29e-14  1.17e-14   123    20     0
3134.59  1.68e-14  1.20e-14   123    14     0
3137.25  7.92e-15  1.14e-14   123     6     0
3139.91  1.76e-14  1.16e-14   122    14     0
3142.58  2.95e-14  1.29e-14   122    23     0
3145.24  3.35e-14  1.23e-14   122    26     0
3147.90  3.61e-14  1.25e-14   122    27     0
3150.56  4.38e-14  1.76e-14   121    32     0
3153.23  4.98e-14  1.62e-14   121    36     0
3155.89  4.02e-14  2.26e-14   121    28     0
3158.55  4.31e-14  1.36e-14   120    30     0
3161.21  3.26e-14  1.43e-14   120    22     0
3163.88  2.28e-14  1.36e-14   120    15     0
3166.54  3.42e-14  1.71e-14   120    22     0
3169.20  3.38e-14  1.36e-14   119    21     0
3171.86  4.10e-14  1.58e-14   119    25     0
3174.53  4.78e-14  1.46e-14   119    29     0
3177.19  2.97e-14  1.54e-14   118    17     0
3179.85  3.74e-14  1.74e-14   118    22     0
3182.52  4.77e-14  1.44e-14   117    27     0
3185.18  5.50e-14  1.55e-14   117    31     0
3187.84  4.74e-15  1.43e-14   117     2     0
3190.50  1.64e-14  1.43e-14   116     8     0
3193.17  3.14e-14  1.46e-14   116    16     0
3195.83  3.65e-14  2.59e-14   115    18     0
3198.49  3.64e-14  2.20e-14   115    18     0
3201.15  1.68e-14  2.02e-14   115     8     0
3203.82  4.67e-14  2.99e-14   114    22     0
3206.48  7.07e-14  2.16e-14   114    32     0
3209.14  5.59e-14  2.00e-14   113    24     0
3211.80  2.04e-14  2.34e-14   113     8     0
3214.47  4.26e-14  1.61e-14   112    17     0
3217.13  7.08e-14  1.85e-14   112    28     0
3219.79  7.43e-14  1.71e-14   111    29     0
3222.46  5.77e-14  1.65e-14   111    22     0
3225.12  4.19e-14  1.63e-14   110    15     0
3227.78  5.21e-14  2.19e-14   109    19     0
3230.44  4.97e-14  2.23e-14   109    17     0
3233.11  3.00e-14  1.62e-14   108    10     0
3235.77  3.90e-17  1.68e-14   108     0     0
3238.43  1.02e-14  2.03e-14   107     3     0
3241.09 -8.77e-15  2.91e-14   106    -2     0
3243.76 -1.06e-14  1.58e-14   106    -3     0
3246.42  4.93e-15  2.23e-14   105     1     0
3249.08 -2.55e-15  1.85e-14   104     0     0
3251.74  1.74e-14  2.85e-14   104     5     0
3254.41  3.38e-14  3.14e-14   103     9     0
3257.07  7.84e-14  2.45e-14   102    21     0
3259.73  3.11e-14  2.51e-14   101     8     0
3262.40 -1.64e-14  3.27e-14   100    -4 -4096
3265.06  1.19e-14  2.15e-14   100     3 -4096
3267.72  7.61e-14  2.25e-14    99    19 -4096
3270.38  2.47e-14  2.77e-14    98     6     0
3273.05  6.53e-14  2.07e-14    97    15     0
3275.71  4.36e-14  2.33e-14    96    10     0
3278.37  8.21e-14  2.47e-14    95    18     0
3281.03  3.37e-14  3.01e-14    94     7     0
3283.70 -7.42e-15  2.44e-14    93    -1     0
3286.36  5.24e-14  2.42e-14    92    11     0
3289.02  2.90e-14  3.51e-14    91     6     0
3291.68 -5.57e-15  4.06e-14    90    -1     0
3294.35  3.61e-14  2.54e-14    89     7     0
3297.01  9.76e-14  3.83e-14    88    18     0
3299.67  1.91e-13  4.97e-14    87    35     0
3302.34  1.93e-13  3.79e-14    85    35     0
3305.00  7.28e-14  3.89e-14    84    12     0
3307.66  8.16e-14  4.09e-14    83    14     0
3310.32  5.63e-14  4.00e-14    82     9     0
3312.99  6.27e-14  3.96e-14    80    10     0
3315.65  1.03e-13  4.42e-14    79    15     0
3318.31  1.68e-13  4.93e-14    78    24     0
3320.97  5.05e-14  3.89e-14    76     7     0
3323.64 -1.94e-15  5.90e-14    75     0     0
3326.30  1.68e-14  6.10e-14    73     2     0
3328.96  9.36e-14  4.81e-14    72    11     0
3331.62  1.06e-13  4.10e-14    70    12     0
3334.29  1.45e-13  4.48e-14    68    16     0
3336.95  5.47e-14  4.17e-14    67     6     0
3339.61  1.44e-13  4.27e-14    65    16     0
3342.28  1.33e-13  4.80e-14    63    14     0
3344.94  1.56e-13  4.79e-14    62    15     0
3347.60  1.49e-13  6.11e-14    60    14     0
