NOT ORIGINAL IUE PROJECT DATA PRODUCT
LWP09109LOWLARGE
HD  197481
20:42:06
-31:31:05
48
NO-TRAIL
ALONG-APER
1199.595
17/09/86
21:47:55
260
7.83
29/07/99
VILSPA
2446691.40828
63
32
1851.21  2.55e-13  6.86e-13   238    31     0
1853.87  2.53e-13  6.40e-13   237    33     0
1856.53  2.71e-13  6.24e-13   236    36     0
1859.19 -3.48e-13  5.73e-13   235   -49     0
1861.86 -2.54e-14  5.24e-13   234    -3     0
1864.52  6.76e-15  4.79e-13   233     1     0
1867.18 -4.22e-14  4.14e-13   232    -8     0
1869.84  2.02e-14  3.86e-13   231     4     0
1872.51 -4.61e-14  3.65e-13   230   -10     0
1875.17  1.98e-14  3.29e-13   229     4     0
1877.83  1.49e-14  3.09e-13   229     3     0
1880.49  1.77e-14  3.09e-13   228     4     0
1883.16  2.62e-14  2.92e-13   227     6     0
1885.82 -8.97e-14  2.68e-13   226   -25     0
1888.48 -7.70e-14  2.55e-13   225   -22     0
1891.15 -7.86e-14  2.41e-13   224   -24     0
1893.81  1.07e-13  2.32e-13   223    34     0
1896.47  1.74e-13  2.22e-13   222    58     0
1899.13  2.53e-14  2.11e-13   222     8     0
1901.80 -4.49e-14  2.07e-13   221   -15     0
1904.46  1.17e-13  2.01e-13   220    42     0
1907.12  6.01e-14  1.89e-13   219    22     0
1909.78 -1.53e-14  1.90e-13   218    -5     0
1912.45  1.85e-13  1.92e-13   218    73     0
1915.11  1.57e-13  1.89e-13   217    64 -4096
1917.77 -7.52e-14  1.71e-13   216   -31     0
1920.44 -2.63e-13  2.60e-13   215  -117     0
1923.10 -2.88e-14  1.48e-13   215   -13     0
1925.76  3.55e-14  1.48e-13   214    16     0
1928.42  8.26e-14  1.43e-13   213    39     0
1931.09 -5.29e-14  1.35e-13   213   -26     0
1933.75 -1.54e-13  1.30e-13   212   -78     0
1936.41 -5.77e-14  1.25e-13   211   -30     0
1939.07 -3.46e-14  1.21e-13   211   -18     0
1941.74  4.72e-14  1.18e-13   210    26     0
1944.40  1.03e-13  1.15e-13   209    57     0
1947.06  1.22e-14  1.09e-13   209     7     0
1949.72 -8.24e-14  1.05e-13   208   -49     0
1952.39  1.74e-14  1.04e-13   208    10     0
1955.05  7.38e-16  1.00e-13   207     0     0
1957.71  4.70e-14  9.77e-14   206    29     0
1960.38  3.46e-14  9.42e-14   206    22     0
1963.04  5.49e-15  9.06e-14   205     3     0
1965.70  1.04e-14  8.64e-14   205     7     0
1968.36  2.65e-14  8.39e-14   204    18     0
1971.03  3.97e-14  8.33e-14   204    28     0
1973.69  3.79e-14  8.06e-14   203    27     0
1976.35  9.97e-15  7.48e-14   203     7     0
1979.01 -4.91e-14  7.24e-14   202   -38     0
1981.68  4.20e-14  7.15e-14   202    33     0
1984.34  4.36e-15  6.87e-14   201     3     0
1987.00  4.76e-14  6.80e-14   201    39     0
1989.67  1.88e-14  6.55e-14   201    15     0
1992.33  8.99e-17  6.38e-14   200     0     0
1994.99  2.92e-14  6.27e-14   200    25     0
1997.65 -1.90e-14  6.03e-14   199   -17     0
2000.32 -5.68e-15  5.94e-14   199    -5     0
2002.98  9.74e-15  5.84e-14   199     8     0
2005.64  7.61e-15  5.65e-14   198     7     0
2008.30  2.54e-14  5.59e-14   198    23     0
2010.97  2.64e-14  5.54e-14   197    24     0
2013.63  3.16e-14  5.47e-14   197    29     0
2016.29  1.67e-14  5.25e-14   197    16     0
2018.95  3.80e-15  5.16e-14   196     3     0
2021.62 -1.48e-14  5.27e-14   196   -13     0
2024.28  2.55e-14  5.26e-14   196    24     0
2026.94 -1.93e-14  5.08e-14   195   -18     0
2029.61  3.05e-14  5.09e-14   195    29     0
2032.27  1.33e-14  4.99e-14   195    12     0
2034.93  1.70e-15  4.92e-14   195     1     0
2037.59  2.59e-14  4.92e-14   194    25     0
2040.26  5.19e-17  4.85e-14   194     0     0
2042.92 -1.37e-14  4.80e-14   194   -13     0
2045.58  4.07e-14  4.84e-14   194    39     0
2048.24  1.94e-14  4.72e-14   193    18     0
2050.91 -3.14e-15  4.61e-14   193    -3     0
2053.57  9.50e-15  4.56e-14   193     9     0
2056.23 -2.02e-14  4.45e-14   193   -20     0
2058.89 -2.14e-14  4.38e-14   192   -21     0
2061.56 -7.01e-16  4.32e-14   192     0     0
2064.22  1.71e-14  4.29e-14   192    17     0
2066.88 -5.94e-15  4.26e-14   192    -6     0
2069.55 -2.24e-14  4.20e-14   192   -22     0
2072.21  1.91e-14  4.12e-14   192    19     0
2074.87  3.30e-14  4.09e-14   191    34     0
2077.53 -2.66e-15  3.95e-14   191    -2     0
2080.20  5.66e-15  3.93e-14   191     5     0
2082.86  5.98e-15  3.89e-14   191     6     0
2085.52 -1.67e-14  3.85e-14   191   -17     0
2088.18 -2.66e-15  3.81e-14   191    -2     0
2090.85  6.83e-15  3.72e-14   191     7     0
2093.51  2.55e-14  3.73e-14   191    27     0
2096.17  3.92e-15  3.72e-14   190     4     0
2098.83  2.01e-14  3.73e-14   190    21     0
2101.50  3.32e-14  3.73e-14   190    34     0
2104.16 -1.17e-14  3.65e-14   190   -12     0
2106.82 -9.20e-15  3.58e-14   190    -9     0
2109.49 -1.32e-14  3.56e-14   190   -13     0
2112.15 -9.22e-15  3.58e-14   190    -9     0
2114.81  4.45e-14  3.72e-14   190    45     0
2117.47  9.08e-15  3.72e-14   190     9     0
2120.14  9.84e-15  3.63e-14   190    10     0
2122.80 -1.12e-15  3.42e-14   190    -1     0
2125.46 -1.92e-15  3.38e-14   190    -2     0
2128.12  1.69e-14  3.37e-14   190    17     0
2130.79 -2.20e-15  3.30e-14   190    -2     0
2133.45 -1.97e-14  3.27e-14   190   -20     0
2136.11 -6.16e-16  3.25e-14   190     0     0
2138.78 -2.74e-15  3.22e-14   190    -2     0
2141.44  1.36e-14  3.20e-14   190    14     0
2144.10 -9.32e-16  3.15e-14   190     0     0
2146.76 -6.50e-15  3.10e-14   190    -6     0
2149.43 -7.32e-15  3.07e-14   190    -7     0
2152.09 -2.59e-14  3.11e-14   190   -27     0
2154.75 -9.96e-15  3.08e-14   190   -10     0
2157.41 -2.93e-14  2.99e-14   190   -31     0
2160.08 -3.23e-15  2.97e-14   190    -3     0
2162.74  5.42e-14  3.04e-14   190    57     0
2165.40  1.12e-14  2.95e-14   190    11     0
2168.06  5.19e-15  2.91e-14   190     5     0
2170.73 -1.15e-14  2.90e-14   190   -12     0
2173.39  3.37e-14  2.94e-14   190    35     0
2176.05 -1.54e-14  2.82e-14   190   -16     0
2178.72  7.37e-15  2.80e-14   190     7     0
2181.38 -5.73e-15  2.81e-14   190    -5     0
2184.04 -1.33e-14  2.79e-14   190   -13     0
2186.70  8.68e-15  2.74e-14   190     9     0
2189.37  2.92e-15  2.69e-14   190     3     0
2192.03 -1.65e-15  2.67e-14   190    -1     0
2194.69 -3.57e-15  2.64e-14   190    -3     0
2197.35 -1.15e-14  2.65e-14   190   -12     0
2200.02 -5.44e-15  2.63e-14   190    -5     0
2202.68 -6.41e-15  2.54e-14   190    -6     0
2205.34  2.94e-14  2.60e-14   190    31     0
2208.01  1.74e-14  2.55e-14   190    18     0
2210.67 -3.08e-14  2.49e-14   190   -33     0
2213.33 -1.14e-14  2.46e-14   191   -12     0
2215.99  3.32e-15  2.46e-14   191     3     0
2218.66 -3.06e-16  2.43e-14   191     0     0
2221.32 -2.99e-14  2.37e-14   191   -32     0
2223.98  1.01e-14  2.35e-14   191    10     0
2226.64 -5.67e-15  2.37e-14   191    -6     0
2229.31  3.19e-15  2.34e-14   191     3     0
2231.97 -1.20e-14  2.25e-14   191   -13     0
2234.63 -4.66e-15  2.22e-14   191    -5     0
2237.29  1.41e-14  2.25e-14   191    15     0
2239.96 -1.04e-14  2.20e-14   191   -11     0
2242.62 -9.92e-15  2.16e-14   191   -11     0
2245.28  8.27e-15  2.12e-14   191     9     0
2247.95 -1.73e-14  2.08e-14   192   -19     0
2250.61  1.81e-15  2.02e-14   192     2     0
2253.27  8.21e-16  1.98e-14   192     0     0
2255.93 -3.07e-15  1.97e-14   192    -3     0
2258.60  8.51e-15  1.94e-14   192    10     0
2261.26 -9.31e-15  1.88e-14   192   -11     0
2263.92 -2.43e-14  1.84e-14   192   -29     0
2266.58  1.14e-14  1.84e-14   192    13     0
2269.25 -2.87e-15  1.78e-14   192    -3     0
2271.91 -4.33e-15  1.73e-14   192    -5     0
2274.57 -1.53e-14  1.69e-14   192   -19     0
2277.23 -9.90e-15  1.64e-14   192   -13     0
2279.90  1.12e-15  1.61e-14   192     1     0
2282.56 -2.53e-14  1.60e-14   193   -33     0
2285.22  1.58e-14  1.61e-14   193    21     0
2287.89 -9.68e-15  1.56e-14   193   -13     0
2290.55  8.11e-16  1.53e-14   193     1     0
2293.21 -7.17e-16  1.51e-14   193     0     0
2295.87 -4.13e-15  1.49e-14   193    -5     0
2298.54 -2.10e-14  1.47e-14   193   -28     0
2301.20 -4.42e-15  1.44e-14   193    -6     0
2303.86  3.72e-15  1.42e-14   193     5     0
2306.52  1.60e-14  1.44e-14   193    22     0
2309.19 -6.31e-15  1.39e-14   193    -8     0
2311.85  1.57e-14  1.37e-14   193    22     0
2314.51 -4.56e-15  1.31e-14   193    -6     0
2317.18 -4.69e-15  1.29e-14   193    -6     0
2319.84 -2.65e-15  1.26e-14   194    -3     0
2322.50  1.88e-15  1.24e-14   194     2     0
2325.16  2.93e-14  1.30e-14   194    45     0
2327.83 -9.27e-15  1.17e-14   194   -14     0
2330.49  3.74e-15  1.15e-14   194     5     0
2333.15  5.27e-15  1.13e-14   194     8     0
2335.81  2.79e-14  1.13e-14   194    47     0
2338.48  2.35e-14  1.10e-14   194    40     0
2341.14  1.95e-14  1.07e-14   194    33     0
2343.80  5.24e-15  1.02e-14   194     9     0
2346.46  7.61e-15  9.94e-15   194    13     0
2349.13  7.18e-15  9.70e-15   194    13     0
2351.79  2.08e-14  9.83e-15   194    38     0
2354.45  2.31e-15  9.30e-15   194     4     0
2357.12  1.43e-14  9.53e-15   194    26     0
2359.78  2.42e-14  1.49e-14   194    45     0
2362.44  2.72e-14  1.60e-14   194    52     0
2365.10  1.43e-14  9.01e-15   194    27     0
2367.77  1.47e-14  8.84e-15   194    28     0
2370.43  2.29e-14  1.36e-14   194    44     0
2373.09  2.65e-14  8.91e-15   194    52     0
2375.75  1.21e-14  1.05e-14   194    24     0
2378.42  8.60e-15  8.23e-15   194    17     0
2381.08  4.56e-14  9.06e-15   194    92     0
2383.74  4.05e-14  1.20e-14   194    82     0
2386.40  2.64e-14  8.28e-15   194    54     0
2389.07  6.81e-15  7.72e-15   194    14     0
2391.73  3.84e-14  8.35e-15   194    80     0
2394.39  2.43e-14  1.25e-14   194    51     0
2397.06  9.39e-15  9.66e-15   194    20     0
2399.72  2.38e-14  9.88e-15   194    52     0
2402.38  2.87e-14  7.47e-15   194    63     0
2405.04  5.09e-14  8.39e-15   194   113     0
2407.71  3.43e-14  1.66e-14   194    77     0
2410.37  6.87e-15  6.66e-15   194    15     0
2413.03  1.36e-14  6.72e-15   194    31     0
2415.69  1.55e-14  6.75e-15   194    35     0
2418.36  1.08e-14  6.51e-15   194    25     0
2421.02  2.44e-14  6.65e-15   194    58     0
2423.68  1.93e-14  7.63e-15   194    46     0
2426.35  7.23e-15  6.02e-15   194    17     0
2429.01  1.87e-14  6.19e-15   194    46     0
2431.67  2.46e-14  6.51e-15   194    60     0
2434.33  2.09e-14  6.21e-15   194    51     0
2437.00  1.79e-14  6.08e-15   194    44     0
2439.66  1.38e-14  5.92e-15   194    34     0
2442.32  1.66e-14  9.05e-15   194    42     0
2444.98  1.90e-14  5.99e-15   193    48     0
2447.65  1.50e-14  5.94e-15   193    38     0
2450.31  1.80e-14  6.73e-15   193    46     0
2452.97  1.68e-14  5.59e-15   193    44     0
2455.63  2.01e-14  6.79e-15   193    53     0
2458.30  9.40e-15  7.08e-15   193    25     0
2460.96  2.14e-14  9.48e-15   193    58     0
2463.62  7.85e-15  5.04e-15   193    21     0
2466.29  1.47e-14  5.14e-15   193    40     0
2468.95  1.76e-14  5.10e-15   193    49     0
2471.61  2.24e-14  9.25e-15   192    63     0
2474.27  2.64e-14  6.15e-15   192    76     0
2476.94  2.18e-14  5.99e-15   192    64     0
2479.60  2.77e-14  6.75e-15   192    83     0
2482.26  1.56e-14  7.19e-15   192    46     0
2484.92  1.36e-14  4.58e-15   192    41     0
2487.59  2.48e-14  7.32e-15   192    75     0
2490.25  2.55e-14  1.01e-14   192    76     0
2492.91  2.22e-14  5.60e-15   191    66     0
2495.57  4.26e-15  5.41e-15   191    12     0
2498.24  3.91e-16  5.27e-15   191     1     0
2500.90  1.06e-14  6.94e-15   191    31     0
2503.56  1.32e-14  6.59e-15   191    39     0
2506.23  1.69e-14  6.36e-15   191    50     0
2508.89  1.91e-14  5.74e-15   190    57     0
2511.55  1.19e-14  5.88e-15   190    36     0
2514.21  2.42e-14  9.62e-15   190    74     0
2516.88  1.15e-14  4.70e-15   190    35     0
2519.54  9.76e-15  6.06e-15   190    30     0
2522.20  1.53e-14  7.75e-15   190    48     0
2524.86  9.35e-15  6.82e-15   189    30     0
2527.53  1.38e-14  4.99e-15   189    44     0
2530.19  1.16e-14  4.18e-15   189    37     0
2532.85  1.06e-14  5.15e-15   189    35     0
2535.52  1.57e-14  5.73e-15   189    51     0
2538.18  2.39e-14  5.56e-15   188    79     0
2540.84  1.19e-14  6.74e-15   188    40     0
2543.50  1.39e-14  4.86e-15   188    47     0
2546.17  1.92e-14  4.27e-15   188    66     0
2548.83  1.07e-14  3.62e-15   188    37     0
2551.49  1.87e-14  6.13e-15   187    66     0
2554.15  1.44e-14  5.52e-15   187    51     0
2556.82  4.28e-15  3.31e-15   187    15     0
2559.48  1.55e-14  3.66e-15   187    57     0
2562.14  1.47e-14  5.03e-15   186    53     0
2564.80  1.42e-14  5.47e-15   186    51     0
2567.47  8.34e-15  6.47e-15   186    30     0
2570.13  1.73e-14  7.45e-15   186    63     0
2572.79  1.73e-14  7.94e-15   185    62     0
2575.46  7.16e-15  5.15e-15   185    26     0
2578.12  1.32e-14  6.82e-15   185    48     0
2580.78  1.84e-14  4.25e-15   185    67     0
2583.44  1.78e-14  7.33e-15   184    65     0
2586.11  3.37e-14  9.94e-15   184   125     0
2588.77  1.54e-14  7.06e-15   184    57     0
2591.43  1.86e-14  6.87e-15   183    69     0
2594.09  2.81e-14  9.79e-15   183   106     0
2596.76  5.26e-14  1.67e-14   183   200     0
2599.42  4.91e-14  1.54e-14   183   188     0
2602.08  3.32e-14  1.01e-14   182   128     0
2604.74  2.39e-14  7.35e-15   182    93     0
2607.41  3.15e-14  1.08e-14   182   124     0
2610.07  3.27e-14  1.45e-14   181   130     0
2612.73  3.88e-14  1.20e-14   181   155     0
2615.40  3.84e-14  1.10e-14   181   154     0
2618.06  5.51e-14  1.52e-14   181   221     0
2620.72  3.26e-14  1.49e-14   180   133     0
2623.38  4.45e-14  1.36e-14   180   182     0
2626.05  5.16e-14  1.76e-14   180   212     0
2628.71  4.30e-14  1.66e-14   179   177     0
2631.37  3.31e-14  1.13e-14   179   136     0
2634.03  2.34e-14  5.80e-15   179    96     0
2636.70 -9.05e-18  2.84e-15   178     0     0
2639.36  8.82e-15  3.96e-15   178    36     0
2642.02  6.37e-15  3.37e-15   178    26     0
2644.69  5.76e-15  4.34e-15   177    24     0
2647.35  1.11e-14  5.07e-15   177    47     0
2650.01  7.48e-15  4.15e-15   177    31     0
2652.67  2.41e-15  3.61e-15   176    10     0
2655.34  3.27e-15  4.51e-15   176    13     0
2658.00  2.07e-15  4.43e-15   176     8     0
2660.66  3.09e-15  3.55e-15   175    13     0
2663.32  5.14e-15  3.91e-15   175    22     0
2665.99  3.72e-15  3.93e-15   175    16     0
2668.65  6.16e-15  5.01e-15   174    26     0
2671.31  9.83e-15  5.70e-15   174    43     0
2673.97  5.20e-15  3.66e-15   174    22     0
2676.64  7.20e-15  3.79e-15   173    31     0
2679.30  7.95e-15  4.33e-15   173    34     0
2681.96  3.65e-15  3.85e-15   173    16     0
2684.63  2.90e-15  3.03e-15   172    12     0
2687.29  6.88e-15  3.44e-15   172    30     0
2689.95  1.20e-14  4.24e-15   172    53     0
2692.61  7.17e-15  5.80e-15   171    31     0
2695.28  4.22e-15  4.67e-15   171    18     0
2697.94  1.33e-15  2.76e-15   170     5     0
2700.60  4.68e-15  3.27e-15   170    20     0
2703.26  4.07e-15  4.07e-15   170    17     0
2705.93  6.10e-15  2.79e-15   169    26     0
2708.59  1.02e-14  5.28e-15   169    44     0
2711.25  1.33e-14  6.70e-15   169    57     0
2713.92  1.49e-14  6.43e-15   168    64     0
2716.58  1.09e-14  5.58e-15   168    47     0
2719.24  7.32e-15  3.84e-15   168    31     0
2721.90  1.40e-14  5.74e-15   167    60     0
2724.57  1.39e-14  7.43e-15   167    60     0
2727.23  1.81e-14  7.58e-15   166    78     0
2729.89  2.07e-14  6.13e-15   166    90     0
2732.55  1.30e-14  6.63e-15   166    57     0
2735.22  2.68e-14  9.23e-15   165   119     0
2737.88  3.07e-14  8.22e-15   165   137     0
2740.54  2.67e-14  7.19e-15   165   119     0
2743.20  2.84e-14  9.15e-15   164   127     0
2745.87  3.08e-14  8.54e-15   164   138     0
2748.53  3.06e-14  9.83e-15   164   137     0
2751.19  2.55e-14  8.81e-15   163   112     0
2753.86  2.72e-14  8.67e-15   163   120     0
2756.52  2.22e-14  8.98e-15   162    99     0
2759.18  1.54e-14  6.57e-15   162    69     0
2761.84  1.06e-14  5.56e-15   162    47     0
2764.51  1.00e-14  3.25e-15   161    44     0
2767.17  1.00e-14  3.74e-15   161    44     0
2769.83  1.35e-14  4.17e-15   161    60     0
2772.49  8.08e-15  4.26e-15   160    35     0
2775.16  1.44e-14  4.50e-15   160    63     0
2777.82  1.42e-14  4.22e-15   160    62     0
2780.48  1.04e-14  3.34e-15   159    46     0
2783.14  1.15e-14  5.42e-15   159    50     0
2785.81  2.57e-14  6.70e-15   158   112     0
2788.47  4.31e-14  1.41e-14   158   188     0
2791.13  9.92e-14  3.42e-14   158   431     0
2793.80  1.99e-13  6.41e-14   157   858     0
2796.46  2.60e-13  8.09e-14   157  1119     0
2799.12  1.93e-13  5.95e-14   157   831     0
2801.78  1.98e-13  6.53e-14   156   848     0
2804.45  1.74e-13  5.82e-14   156   747     0
2807.11  7.16e-14  2.27e-14   156   309     0
2809.77  2.15e-14  6.69e-15   155    93     0
2812.43  1.33e-14  3.82e-15   155    57     0
2815.10  1.00e-14  3.46e-15   155    44     0
2817.76  1.38e-14  4.33e-15   154    60     0
2820.42  1.02e-14  4.02e-15   154    44     0
2823.08  1.06e-14  4.02e-15   154    46     0
2825.75  9.81e-15  4.78e-15   153    42     0
2828.41  1.54e-14  5.68e-15   153    67     0
2831.07  1.20e-14  5.41e-15   153    52     0
2833.74  1.60e-14  3.75e-15   152    69     0
2836.40  1.75e-14  3.23e-15   152    75     0
2839.06  1.44e-14  3.02e-15   152    61     0
2841.72  9.72e-15  3.00e-15   151    41     0
2844.39  1.13e-14  4.48e-15   151    48     0
2847.05  1.99e-14  5.09e-15   151    86     0
2849.71  1.51e-14  5.39e-15   150    65 -4096
2852.37  2.45e-14  7.20e-15   150   105 -4096
2855.04  1.62e-14  4.31e-15   150    68     0
2857.70  1.79e-14  5.01e-15   149    75     0
2860.36  1.62e-14  5.68e-15   149    68     0
2863.03  1.71e-14  6.28e-15   149    72     0
2865.69  1.76e-14  4.17e-15   148    74     0
2868.35  2.17e-14  6.12e-15   148    91     0
2871.01  1.83e-14  5.81e-15   148    75     0
2873.68  8.77e-15  5.58e-15   147    36     0
2876.34  2.01e-14  3.40e-15   147    83     0
2879.00  1.99e-14  5.07e-15   147    82     0
2881.66  1.98e-14  6.48e-15   147    81     0
2884.33  2.33e-14  5.89e-15   146    95     0
2886.99  1.52e-14  4.31e-15   146    62     0
2889.65  1.40e-14  4.40e-15   146    56     0
2892.31  1.42e-14  4.15e-15   145    57     0
2894.98  1.61e-14  5.45e-15   145    65     0
2897.64  1.53e-14  4.61e-15   145    61     0
2900.30  1.37e-14  3.54e-15   145    55     0
2902.97  1.69e-14  4.04e-15   144    68     0
2905.63  1.20e-14  5.06e-15   144    47     0
2908.29  1.78e-14  4.43e-15   144    70     0
2910.95  1.82e-14  5.09e-15   144    72     0
2913.62  1.19e-14  4.21e-15   143    46     0
2916.28  1.13e-14  3.64e-15   143    44     0
2918.94  1.82e-14  6.30e-15   143    71     0
2921.60  2.48e-14  8.14e-15   143    96     0
2924.27  2.73e-14  7.51e-15   142   105     0
2926.93  2.65e-14  7.37e-15   142   101     0
2929.59  2.24e-14  6.09e-15   142    84     0
2932.25  2.91e-14  6.85e-15   142   108     0
2934.92  2.19e-14  5.02e-15   141    80     0
2937.58  1.93e-14  6.62e-15   141    69     0
2940.24  1.91e-14  6.40e-15   141    69     0
2942.91  1.83e-14  6.85e-15   141    65     0
2945.57  2.31e-14  7.44e-15   140    82     0
2948.23  2.99e-14  8.18e-15   140   105     0
2950.89  2.69e-14  7.29e-15   140    94     0
2953.56  2.62e-14  5.88e-15   140    91     0
2956.22  2.25e-14  5.94e-15   139    78     0
2958.88  1.85e-14  5.67e-15   139    64     0
2961.54  1.31e-14  6.25e-15   139    44     0
2964.21  2.34e-14  6.45e-15   139    79     0
2966.87  2.62e-14  6.75e-15   139    86     0
2969.53  2.16e-14  7.00e-15   138    70     0
2972.20  2.84e-14  7.34e-15   138    92     0
2974.86  1.86e-14  8.28e-15   138    59     0
2977.52  1.36e-14  5.66e-15   138    43     0
2980.18  2.04e-14  6.67e-15   138    63     0
2982.85  2.29e-14  8.23e-15   137    71     0
2985.51  2.84e-14  8.99e-15   137    87     0
2988.17  2.55e-14  7.33e-15   137    77     0
2990.83  2.39e-14  7.65e-15   137    71     0
2993.50  1.95e-14  6.58e-15   137    58     0
2996.16  2.38e-14  7.25e-15   136    69     0
2998.82  3.28e-14  5.45e-15   136    95     0
3001.48  1.74e-14  4.34e-15   136    50     0
3004.15  1.84e-14  4.47e-15   136    52     0
3006.81  1.28e-14  5.34e-15   136    36     0
3009.47  2.33e-14  5.62e-15   136    65     0
3012.14  2.26e-14  4.70e-15   135    62     0
3014.80  1.55e-14  4.65e-15   135    42     0
3017.46  1.91e-14  6.89e-15   135    51     0
3020.12  1.93e-14  5.94e-15   135    50     0
3022.79  1.15e-14  5.13e-15   135    29     0
3025.45  9.79e-15  4.82e-15   134    24     0
3028.11  2.25e-14  5.68e-15   134    56     0
3030.77  2.19e-14  6.53e-15   134    54     0
3033.44  1.84e-14  9.17e-15   134    45     0
3036.10  2.47e-14  9.32e-15   134    60     0
3038.76  2.61e-14  6.75e-15   134    62     0
3041.43  1.76e-14  5.22e-15   133    41     0
3044.09  1.19e-14  5.14e-15   133    27     0
3046.75  2.05e-14  5.60e-15   133    46     0
3049.41  2.19e-14  6.41e-15   133    48     0
3052.08  1.77e-14  6.65e-15   133    38     0
3054.74  1.29e-14  6.64e-15   133    27     0
3057.40  1.53e-14  6.38e-15   132    31 -4096
3060.06  1.31e-14  6.25e-15   132    26 -4096
3062.73  1.04e-14  9.00e-15   132    20     0
3065.39  2.32e-14  6.01e-15   132    45     0
3068.05  2.50e-14  6.09e-15   132    48     0
3070.71  1.75e-14  6.02e-15   132    33     0
3073.38  1.58e-14  6.19e-15   131    29     0
3076.04  2.77e-14  8.64e-15   131    50     0
3078.70  1.75e-14  6.40e-15   131    31     0
3081.37  1.72e-14  6.35e-15   131    30     0
3084.03  2.01e-14  6.52e-15   131    35     0
3086.69  1.25e-14  7.05e-15   131    21     0
3089.35  1.03e-14  6.54e-15   130    17     0
3092.02  1.31e-14  6.76e-15   130    21     0
3094.68  1.15e-14  6.68e-15   130    18     0
3097.34  2.85e-14  7.07e-15   130    44     0
3100.00  3.45e-14  7.24e-15   130    53     0
3102.67  2.66e-14  7.18e-15   129    40     0
3105.33  3.42e-14  7.69e-15   129    51     0
3107.99  2.97e-14  7.46e-15   129    43     0
3110.65  2.10e-14  7.81e-15   129    30     0
3113.32  1.83e-14  7.37e-15   129    26     0
3115.98  2.91e-14  7.65e-15   128    40     0
3118.64  1.46e-14  7.54e-15   128    19     0
3121.31  1.25e-14  7.60e-15   128    16     0
3123.97  6.68e-15  7.65e-15   128     8     0
3126.63  1.22e-14  9.29e-15   128    15     0
3129.29  2.11e-14  8.68e-15   127    26     0
3131.96  1.40e-14  7.92e-15   127    17     0
3134.62  5.71e-15  8.16e-15   127     7     0
3137.28  1.30e-14  8.13e-15   127    15     0
3139.94  2.51e-14  8.49e-15   126    29     0
3142.61  1.21e-14  8.35e-15   126    13     0
3145.27  1.62e-14  8.54e-15   126    18     0
3147.93  2.83e-14  9.74e-15   125    30     0
3150.60  2.03e-14  1.22e-14   125    21     0
3153.26  2.33e-14  1.07e-14   125    24     0
3155.92  2.15e-14  9.04e-15   125    21     0
3158.58  1.51e-14  9.73e-15   124    15     0
3161.25  1.55e-14  1.05e-14   124    15     0
3163.91  1.95e-14  1.18e-14   124    18     0
3166.57  2.12e-14  1.07e-14   123    19     0
3169.23  1.98e-14  1.30e-14   123    18     0
3171.90  1.56e-14  9.56e-15   122    13     0
3174.56  2.83e-14  9.84e-15   122    24     0
3177.22  1.92e-14  9.72e-15   122    16     0
3179.88  1.60e-14  9.74e-15   121    13     0
3182.55  3.06e-14  1.01e-14   121    25     0
3185.21  2.73e-14  1.02e-14   120    22     0
3187.87  1.09e-14  9.89e-15   120     8     0
3190.54  2.16e-14  1.02e-14   120    16     0
3193.20  1.39e-14  1.02e-14   119    10     0
3195.86  5.56e-14  1.54e-14   119    41     0
3198.52  6.13e-14  1.59e-14   118    44     0
3201.19  4.42e-14  1.38e-14   118    31     0
3203.85  5.01e-14  1.31e-14   117    34     0
3206.51  4.04e-14  1.23e-14   117    26     0
3209.17  3.59e-14  1.99e-14   116    22     0
3211.84  3.26e-14  1.80e-14   116    20     0
3214.50  4.71e-14  1.51e-14   115    28     0
3217.16  4.28e-14  1.73e-14   114    24     0
3219.82  3.20e-14  1.93e-14   114    18     0
3222.49  4.90e-14  1.94e-14   113    27     0
3225.15  5.53e-14  2.04e-14   113    30     0
3227.81  6.07e-14  1.51e-14   112    32     0
3230.48  4.13e-14  1.59e-14   111    21     0
3233.14  3.18e-14  1.35e-14   110    16     0
3235.80  2.68e-14  1.29e-14   110    13     0
3238.46  4.33e-14  1.38e-14   109    20     0
3241.13  5.26e-14  2.24e-14   108    24     0
3243.79  6.51e-14  2.28e-14   107    29     0
3246.45  4.49e-14  1.38e-14   107    19     0
3249.11  2.33e-14  1.13e-14   106     9     0
3251.78  2.79e-14  1.19e-14   105    11     0
3254.44  4.01e-14  1.36e-14   104    16     0
3257.10  3.26e-14  1.43e-14   103    12 -4096
3259.77  1.75e-14  1.57e-14   102     6 -4096
3262.43  2.99e-14  1.46e-14   101    11 -4096
3265.09  2.52e-14  2.52e-14   100     9 -4096
3267.75  4.69e-14  2.32e-14    99    17     0
3270.42  8.44e-14  2.01e-14    98    29     0
3273.08  7.23e-14  1.98e-14    97    25     0
3275.74  8.85e-14  2.72e-14    96    29     0
3278.40  8.78e-14  2.10e-14    95    28     0
3281.07  5.55e-14  2.01e-14    94    17     0
3283.73  7.39e-14  2.31e-14    93    23     0
3286.39  9.88e-14  2.95e-14    92    30     0
3289.05  9.36e-14  3.23e-14    90    28     0
3291.72  1.09e-13  3.02e-14    89    31     0
3294.38  1.05e-13  3.32e-14    88    29     0
3297.04  9.44e-14  3.19e-14    87    26     0
3299.71  7.90e-14  2.36e-14    85    21     0
3302.37  1.03e-13  3.08e-14    84    26     0
3305.03  9.97e-14  4.06e-14    82    25     0
3307.69  7.42e-14  3.08e-14    81    18     0
3310.36  5.71e-14  3.03e-14    80    13     0
3313.02  6.65e-14  2.09e-14    78    15     0
3315.68  3.15e-14  2.20e-14    76     6     0
3318.34  4.64e-14  2.49e-14    75     9     0
3321.01  4.45e-14  2.89e-14    73     8     0
3323.67  1.41e-14  2.49e-14    72     2     0
3326.33  2.97e-14  2.58e-14    70     5     0
3328.99  8.64e-14  3.43e-14    68    15     0
3331.66  1.44e-13  2.78e-14    66    24     0
3334.32  1.36e-13  2.89e-14    64    22     0
3336.98  5.82e-14  2.93e-14    63     9     0
3339.65  7.32e-14  2.98e-14    61    11     0
3342.31 -2.32e-15  3.18e-14    59     0     0
3344.97 -2.50e-14  5.63e-14    57    -3     0
3347.63  9.87e-14  4.28e-14    55    13     0
