NOT ORIGINAL IUE PROJECT DATA PRODUCT
LWP09097LOWLARGE
HD  197481
20:42:06
-31:31:05
48
NO-TRAIL
ALONG-APER
1199.595
16/09/86
16:53:48
259
7.50
29/07/99
VILSPA
2446690.20403
66
33
1851.21 -1.82e-13  6.79e-13   215   -22     0
1853.87  2.72e-13  6.37e-13   215    35     0
1856.53  4.44e-14  6.17e-13   215     5     0
1859.19  7.98e-15  5.71e-13   214     1     0
1861.86  2.86e-13  5.25e-13   214    44     0
1864.52  1.88e-13  4.79e-13   214    31     0
1867.18  1.23e-13  4.13e-13   214    24     0
1869.84  7.05e-14  3.85e-13   213    14     0
1872.51  9.92e-14  3.64e-13   213    21     0
1875.17  2.45e-13  3.30e-13   213    58     0
1877.83  8.45e-13  6.73e-13   213   213     0
1880.49  3.48e-13  3.30e-13   212    87     0
1883.16  1.76e-13  2.93e-13   212    46     0
1885.82 -8.35e-14  2.67e-13   212   -23     0
1888.48 -2.99e-14  2.54e-13   212    -8     0
1891.15  5.89e-14  2.41e-13   211    18     0
1893.81  1.12e-13  2.31e-13   211    36     0
1896.47 -1.14e-14  2.18e-13   211    -3     0
1899.13  2.55e-14  2.10e-13   210     8     0
1901.80  5.45e-14  2.07e-13   210    19     0
1904.46  5.51e-14  1.99e-13   210    19     0
1907.12 -1.17e-14  1.88e-13   210    -4     0
1909.78  3.60e-14  1.90e-13   209    14     0
1912.45  1.07e-13  1.95e-13   209    42 -4096
1915.11  2.62e-13  1.90e-13   209   108 -4096
1917.77 -1.78e-14  1.70e-13   208    -7     0
1920.44  8.27e-14  1.55e-13   208    36     0
1923.10 -1.73e-14  1.48e-13   208    -7     0
1925.76  3.41e-14  1.47e-13   207    15     0
1928.42  2.50e-14  1.42e-13   207    11     0
1931.09  2.73e-14  1.35e-13   207    13     0
1933.75 -2.03e-14  1.30e-13   207   -10     0
1936.41 -5.01e-15  1.25e-13   206    -2     0
1939.07  1.89e-14  1.21e-13   206    10     0
1941.74  9.50e-14  1.18e-13   206    52     0
1944.40  1.18e-13  1.15e-13   205    66     0
1947.06  1.62e-14  1.09e-13   205     9     0
1949.72 -4.00e-14  1.05e-13   205   -23     0
1952.39 -8.64e-15  1.03e-13   205    -5     0
1955.05  5.44e-15  1.00e-13   204     3     0
1957.71  4.32e-14  9.75e-14   204    27     0
1960.38  5.15e-14  9.44e-14   204    33     0
1963.04  1.70e-14  9.07e-14   204    11     0
1965.70  3.77e-14  8.68e-14   203    26     0
1968.36  7.76e-14  8.47e-14   203    55     0
1971.03  2.54e-14  8.29e-14   203    18     0
1973.69  6.79e-14  8.11e-14   203    49     0
1976.35  3.54e-14  7.52e-14   202    27     0
1979.01  5.24e-14  7.32e-14   202    41     0
1981.68  1.16e-13  7.28e-14   202    93     0
1984.34  9.47e-14  7.04e-14   202    77     0
1987.00  1.31e-13  6.96e-14   201   109     0
1989.67  7.84e-14  6.67e-14   201    66     0
1992.33  5.29e-14  6.47e-14   201    45     0
1994.99  9.37e-14  6.40e-14   201    81     0
1997.65  3.70e-14  6.11e-14   200    33     0
2000.32  1.64e-14  5.97e-14   200    14     0
2002.98  1.61e-14  5.85e-14   200    14     0
2005.64  4.99e-14  5.74e-14   200    46     0
2008.30  3.88e-14  5.62e-14   200    36     0
2010.97  1.33e-14  5.52e-14   199    12     0
2013.63  4.00e-14  5.48e-14   199    37     0
2016.29  4.75e-14  5.32e-14   199    46     0
2018.95 -8.23e-15  5.16e-14   199    -8     0
2021.62  2.25e-14  5.32e-14   199    21     0
2024.28  4.72e-14  5.31e-14   198    44     0
2026.94 -9.84e-15  5.08e-14   198    -9     0
2029.61 -5.49e-15  5.03e-14   198    -5     0
2032.27  1.20e-15  4.98e-14   198     1     0
2034.93 -9.59e-16  4.92e-14   198     0     0
2037.59  6.10e-15  4.89e-14   198     5     0
2040.26 -1.99e-14  4.86e-14   197   -19     0
2042.92 -6.91e-15  4.80e-14   197    -6     0
2045.58  2.97e-14  4.81e-14   197    28     0
2048.24  6.90e-15  4.71e-14   197     6     0
2050.91  1.12e-14  4.63e-14   197    10     0
2053.57  1.06e-14  4.57e-14   197    10     0
2056.23 -3.30e-14  4.46e-14   197   -33     0
2058.89 -2.10e-14  4.39e-14   197   -21     0
2061.56  7.86e-15  4.34e-14   196     7     0
2064.22  9.95e-15  4.27e-14   196    10     0
2066.88 -1.05e-14  4.27e-14   196   -10     0
2069.55 -2.86e-15  4.21e-14   196    -2     0
2072.21  5.99e-15  4.09e-14   196     6     0
2074.87  3.51e-14  4.10e-14   196    36     0
2077.53  1.10e-14  3.98e-14   196    11     0
2080.20  8.07e-15  3.94e-14   196     8     0
2082.86  2.09e-14  3.92e-14   196    21     0
2085.52  6.85e-15  3.86e-14   196     7     0
2088.18 -1.35e-14  3.81e-14   196   -14     0
2090.85 -8.28e-15  3.72e-14   196    -8     0
2093.51 -9.38e-15  3.69e-14   196   -10     0
2096.17  1.50e-14  3.75e-14   196    15     0
2098.83  1.72e-14  3.72e-14   196    18     0
2101.50  3.28e-14  3.73e-14   196    34     0
2104.16  1.94e-14  3.69e-14   196    20     0
2106.82  2.76e-19  3.59e-14   195     0     0
2109.49 -4.59e-17  3.57e-14   195     0     0
2112.15 -1.11e-14  3.59e-14   195   -11     0
2114.81  1.82e-14  3.67e-14   195    18     0
2117.47 -3.95e-15  3.71e-14   195    -4     0
2120.14 -1.12e-14  3.62e-14   195   -11     0
2122.80  2.23e-14  3.47e-14   195    23     0
2125.46  1.61e-14  3.42e-14   196    16     0
2128.12  1.34e-14  3.37e-14   196    14     0
2130.79 -8.96e-15  3.32e-14   196    -9     0
2133.45 -1.90e-14  3.28e-14   196   -20     0
2136.11 -1.30e-14  3.27e-14   196   -13     0
2138.78  2.18e-14  3.28e-14   196    22     0
2141.44 -2.89e-15  3.19e-14   196    -3     0
2144.10 -1.92e-14  3.16e-14   196   -20     0
2146.76 -2.15e-14  3.11e-14   196   -22     0
2149.43 -1.53e-14  3.08e-14   196   -16     0
2152.09 -2.05e-14  3.12e-14   196   -21     0
2154.75 -2.54e-14  3.09e-14   196   -26     0
2157.41 -1.73e-14  3.01e-14   196   -18     0
2160.08 -3.65e-15  2.98e-14   196    -3     0
2162.74  5.00e-15  2.96e-14   196     5     0
2165.40 -7.50e-15  2.95e-14   196    -7     0
2168.06 -6.30e-15  2.92e-14   196    -6     0
2170.73 -2.65e-14  2.91e-14   196   -27     0
2173.39  2.40e-14  2.93e-14   196    25     0
2176.05 -2.52e-14  2.84e-14   197   -26     0
2178.72 -1.29e-14  2.81e-14   197   -13     0
2181.38 -2.25e-14  2.83e-14   197   -23     0
2184.04 -1.39e-14  2.80e-14   197   -14     0
2186.70  7.51e-15  2.74e-14   197     7     0
2189.37 -6.66e-16  2.71e-14   197     0     0
2192.03 -8.45e-15  2.68e-14   197    -9     0
2194.69  2.73e-15  2.66e-14   197     2     0
2197.35 -1.30e-14  2.67e-14   197   -13     0
2200.02 -1.11e-14  2.64e-14   198   -11     0
2202.68 -1.63e-14  2.56e-14   198   -17     0
2205.34 -2.51e-14  2.56e-14   198   -26     0
2208.01  3.46e-15  2.54e-14   198     3     0
2210.67  1.54e-16  2.50e-14   198     0     0
2213.33 -1.28e-14  2.48e-14   198   -13     0
2215.99 -7.59e-15  2.47e-14   198    -8     0
2218.66 -1.31e-14  2.45e-14   198   -14     0
2221.32 -1.64e-14  2.39e-14   199   -17     0
2223.98  1.05e-14  2.37e-14   199    11     0
2226.64 -2.52e-14  2.39e-14   199   -27     0
2229.31 -1.40e-14  2.36e-14   199   -15     0
2231.97 -1.43e-14  2.27e-14   199   -15     0
2234.63 -1.77e-14  2.24e-14   199   -19     0
2237.29  4.02e-15  2.25e-14   199     4     0
2239.96 -2.53e-14  2.22e-14   200   -28     0
2242.62 -1.55e-14  2.18e-14   200   -17     0
2245.28 -3.30e-15  2.13e-14   200    -3     0
2247.95 -2.16e-14  2.09e-14   200   -24     0
2250.61  1.13e-14  2.05e-14   200    13     0
2253.27  1.87e-14  2.03e-14   200    22     0
2255.93  2.74e-15  1.98e-14   200     3     0
2258.60  1.40e-14  1.95e-14   201    16     0
2261.26 -3.82e-15  1.90e-14   201    -4     0
2263.92 -2.59e-15  1.86e-14   201    -3     0
2266.58 -6.01e-15  1.84e-14   201    -7     0
2269.25 -2.04e-14  1.79e-14   201   -25     0
2271.91 -1.51e-15  1.75e-14   201    -1     0
2274.57 -2.12e-14  1.71e-14   201   -27     0
2277.23 -1.75e-14  1.66e-14   202   -23     0
2279.90  1.02e-15  1.62e-14   202     1     0
2282.56 -5.08e-15  1.62e-14   202    -6     0
2285.22 -1.82e-14  1.60e-14   202   -24     0
2287.89 -3.31e-14  1.58e-14   202   -44     0
2290.55 -9.28e-15  1.55e-14   202   -12     0
2293.21 -2.61e-15  1.53e-14   203    -3     0
2295.87  1.02e-14  1.51e-14   203    14     0
2298.54 -1.03e-14  1.49e-14   203   -14     0
2301.20 -2.60e-14  1.46e-14   203   -36     0
2303.86  1.25e-14  1.46e-14   203    17     0
2306.52  2.08e-14  1.47e-14   203    29     0
2309.19 -1.03e-14  1.41e-14   203   -14     0
2311.85  1.05e-14  1.37e-14   204    15     0
2314.51  6.69e-15  1.33e-14   204     9     0
2317.18  3.34e-15  1.31e-14   204     4     0
2319.84 -1.38e-14  1.28e-14   204   -20     0
2322.50 -1.27e-14  1.25e-14   204   -19     0
2325.16  9.09e-15  1.25e-14   204    14     0
2327.83  1.54e-15  1.18e-14   204     2     0
2330.49  1.59e-14  1.19e-14   205    25     0
2333.15 -1.26e-15  1.15e-14   205    -2     0
2335.81  2.19e-14  1.14e-14   205    37     0
2338.48  2.05e-14  1.10e-14   205    35     0
2341.14  2.52e-14  1.56e-14   205    43     0
2343.80  1.70e-14  1.05e-14   205    30     0
2346.46  1.68e-14  1.63e-14   205    30     0
2349.13  8.41e-15  9.99e-15   206    15     0
2351.79  1.44e-14  9.89e-15   206    26     0
2354.45  5.34e-15  9.50e-15   206     9     0
2357.12  1.08e-14  1.22e-14   206    20     0
2359.78  2.60e-14  1.49e-14   206    49     0
2362.44  3.21e-14  1.70e-14   206    62     0
2365.10  1.64e-14  9.18e-15   206    31     0
2367.77  2.62e-14  9.25e-15   206    50     0
2370.43  4.15e-14  1.62e-14   206    81     0
2373.09  4.53e-14  1.06e-14   207    89     0
2375.75  2.67e-14  1.15e-14   207    53     0
2378.42  2.96e-14  1.29e-14   207    59     0
2381.08  4.04e-14  1.56e-14   207    81     0
2383.74  4.83e-14  1.22e-14   207    98     0
2386.40  3.56e-14  8.85e-15   207    73     0
2389.07  4.60e-14  1.00e-14   207    95     0
2391.73  3.97e-14  1.22e-14   207    83     0
2394.39  2.20e-14  1.00e-14   207    46     0
2397.06  4.05e-14  1.46e-14   207    87     0
2399.72  2.61e-14  1.22e-14   207    57     0
2402.38  4.15e-14  1.00e-14   207    92     0
2405.04  5.02e-14  1.11e-14   207   111     0
2407.71  2.73e-14  1.20e-14   208    61     0
2410.37  2.15e-14  8.48e-15   208    49     0
2413.03  1.50e-14  9.07e-15   208    34     0
2415.69  1.52e-14  8.82e-15   208    35     0
2418.36  1.25e-14  7.38e-15   208    29     0
2421.02  2.07e-14  6.72e-15   208    49     0
2423.68  2.64e-14  8.44e-15   208    63     0
2426.35  1.98e-14  7.79e-15   208    48     0
2429.01  2.31e-14  6.60e-15   208    57     0
2431.67  2.71e-14  8.30e-15   208    66     0
2434.33  2.53e-14  6.48e-15   208    62     0
2437.00  3.75e-14  9.45e-15   208    92     0
2439.66  1.02e-14  5.96e-15   208    25     0
2442.32  3.54e-14  7.61e-15   208    90     0
2444.98  2.08e-14  6.00e-15   208    53     0
2447.65  2.07e-14  7.19e-15   208    53     0
2450.31  6.58e-15  5.56e-15   208    17     0
2452.97  2.00e-14  6.17e-15   208    52     0
2455.63  2.42e-14  6.06e-15   208    63     0
2458.30  1.35e-14  6.15e-15   208    36     0
2460.96  3.07e-14  8.80e-15   208    84     0
2463.62  1.87e-14  5.53e-15   208    51     0
2466.29  1.72e-14  6.56e-15   208    47     0
2468.95  2.04e-14  6.44e-15   208    57     0
2471.61  1.77e-14  7.17e-15   208    50     0
2474.27  4.85e-14  1.07e-14   208   139     0
2476.94  3.42e-14  1.05e-14   208   101     0
2479.60  2.03e-14  8.18e-15   207    61     0
2482.26  1.41e-14  7.34e-15   207    42     0
2484.92  2.06e-14  5.88e-15   207    62     0
2487.59  2.96e-14  7.70e-15   207    89     0
2490.25  2.81e-14  9.68e-15   207    84     0
2492.91  1.83e-14  6.96e-15   207    55     0
2495.57  1.08e-14  6.43e-15   207    32     0
2498.24  1.33e-14  6.14e-15   207    40     0
2500.90  2.17e-14  7.89e-15   207    64     0
2503.56  2.51e-14  8.77e-15   207    74     0
2506.23  2.39e-14  9.09e-15   207    71     0
2508.89  1.67e-14  7.51e-15   206    50     0
2511.55  2.37e-14  9.14e-15   206    72     0
2514.21  3.25e-14  1.06e-14   206   100     0
2516.88  2.16e-14  7.52e-15   206    65     0
2519.54  2.72e-14  9.33e-15   206    84     0
2522.20  3.41e-14  1.10e-14   206   108     0
2524.86  1.94e-14  8.92e-15   206    62     0
2527.53  6.09e-15  5.67e-15   205    19     0
2530.19  2.43e-14  6.71e-15   205    79     0
2532.85  1.79e-14  6.92e-15   205    59     0
2535.52  2.31e-14  9.88e-15   205    76     0
2538.18  2.09e-14  8.57e-15   205    69     0
2540.84  1.61e-14  6.80e-15   205    54     0
2543.50  2.90e-14  6.80e-15   204    99     0
2546.17  2.70e-14  6.47e-15   204    93     0
2548.83  7.09e-15  6.63e-15   204    24     0
2551.49  2.06e-14  7.73e-15   204    73     0
2554.15  2.30e-14  9.27e-15   204    82     0
2556.82  7.35e-15  6.75e-15   203    27     0
2559.48  1.36e-14  6.63e-15   203    50     0
2562.14  1.92e-14  7.90e-15   203    70     0
2564.80  1.06e-14  5.96e-15   203    38     0
2567.47  1.09e-14  6.31e-15   202    40     0
2570.13  1.04e-14  6.59e-15   202    37     0
2572.79  1.66e-14  8.38e-15   202    60     0
2575.46  1.53e-14  5.05e-15   202    56     0
2578.12  2.54e-14  8.34e-15   201    93     0
2580.78  2.71e-14  8.94e-15   201    99     0
2583.44  2.14e-14  9.55e-15   201    78     0
2586.11  2.49e-14  9.48e-15   201    92     0
2588.77  2.02e-14  7.67e-15   200    75     0
2591.43  3.27e-14  9.60e-15   200   122     0
2594.09  4.43e-14  1.32e-14   200   167     0
2596.76  5.53e-14  1.59e-14   199   210     0
2599.42  3.94e-14  1.36e-14   199   151     0
2602.08  3.60e-14  1.38e-14   199   139     0
2604.74  4.57e-14  1.36e-14   198   178     0
2607.41  4.79e-14  1.68e-14   198   188     0
2610.07  4.34e-14  1.68e-14   198   173     0
2612.73  3.80e-14  1.35e-14   198   152     0
2615.40  3.63e-14  1.28e-14   197   145     0
2618.06  5.33e-14  1.53e-14   197   214     0
2620.72  3.87e-14  1.66e-14   197   158     0
2623.38  5.58e-14  1.78e-14   196   228     0
2626.05  6.49e-14  2.20e-14   196   267     0
2628.71  5.77e-14  2.10e-14   195   238     0
2631.37  1.66e-14  1.20e-14   195    68     0
2634.03  1.62e-14  4.78e-15   195    66     0
2636.70  7.25e-15  5.03e-15   194    29     0
2639.36  7.12e-15  4.13e-15   194    29     0
2642.02  4.20e-15  3.92e-15   194    17     0
2644.69  3.67e-15  5.06e-15   193    15     0
2647.35  1.31e-14  5.44e-15   193    55     0
2650.01  3.73e-15  4.70e-15   192    15     0
2652.67  8.32e-15  4.84e-15   192    34     0
2655.34  1.07e-14  6.02e-15   192    45     0
2658.00  9.29e-15  4.95e-15   191    39     0
2660.66  8.34e-15  3.75e-15   191    35     0
2663.32  1.96e-14  4.69e-15   190    84     0
2665.99  9.57e-15  5.04e-15   190    41     0
2668.65  5.87e-15  3.85e-15   190    25     0
2671.31  9.53e-15  5.66e-15   189    41     0
2673.97  5.90e-15  4.42e-15   189    25     0
2676.64  3.23e-15  3.56e-15   188    14     0
2679.30  4.86e-15  4.08e-15   188    21     0
2681.96  6.87e-15  4.74e-15   188    30     0
2684.63  8.07e-15  4.98e-15   187    35     0
2687.29  1.18e-14  6.36e-15   187    52     0
2689.95  1.62e-14  6.55e-15   186    72     0
2692.61  8.08e-15  6.09e-15   186    35     0
2695.28  1.31e-14  7.17e-15   185    57     0
2697.94  1.76e-14  5.56e-15   185    77     0
2700.60  1.20e-14  5.64e-15   184    52     0
2703.26  4.09e-15  4.91e-15   184    17     0
2705.93  1.08e-14  5.04e-15   183    47     0
2708.59  1.40e-14  7.39e-15   183    61     0
2711.25  1.56e-14  8.71e-15   182    67     0
2713.92  1.28e-14  7.01e-15   182    54     0
2716.58  1.08e-14  5.12e-15   182    46     0
2719.24  1.67e-14  6.88e-15   181    71     0
2721.90  2.15e-14  9.11e-15   181    93     0
2724.57  2.14e-14  9.93e-15   180    93     0
2727.23  2.39e-14  9.36e-15   180   103     0
2729.89  2.27e-14  8.66e-15   179    99     0
2732.55  2.05e-14  9.72e-15   179    90     0
2735.22  2.76e-14  1.07e-14   178   123     0
2737.88  2.58e-14  8.78e-15   178   115     0
2740.54  2.43e-14  8.85e-15   177   109     0
2743.20  3.28e-14  1.18e-14   177   147     0
2745.87  3.48e-14  1.39e-14   176   157     0
2748.53  2.63e-14  1.09e-14   176   118     0
2751.19  2.64e-14  1.20e-14   175   116     0
2753.86  2.18e-14  9.86e-15   175    96     0
2756.52  2.02e-14  8.51e-15   174    90     0
2759.18  2.06e-14  9.47e-15   174    92     0
2761.84  1.89e-14  9.23e-15   173    84     0
2764.51  1.82e-14  8.21e-15   173    81     0
2767.17  2.84e-14  7.62e-15   172   126     0
2769.83  2.35e-14  6.95e-15   172   104     0
2772.49  1.50e-14  7.48e-15   171    66     0
2775.16  1.98e-14  9.56e-15   170    87     0
2777.82  1.65e-14  7.08e-15   170    73     0
2780.48  1.41e-14  5.91e-15   169    62     0
2783.14  2.18e-14  6.56e-15   169    95     0
2785.81  3.93e-14  1.20e-14   168   172     0
2788.47  8.78e-14  3.51e-14   168   383     0
2791.13  1.93e-13  6.77e-14   167   838     0
2793.80  2.55e-13  8.14e-14   167  1102     0
2796.46  2.29e-13  7.50e-14   166   984     0
2799.12  1.99e-13  6.64e-14   166   856     0
2801.78  1.98e-13  6.42e-14   165   846     0
2804.45  1.09e-13  3.82e-14   165   466     0
2807.11  3.20e-14  1.20e-14   164   138     0
2809.77  1.94e-14  5.87e-15   164    84     0
2812.43  1.42e-14  5.60e-15   163    61     0
2815.10  1.41e-14  5.97e-15   163    61     0
2817.76  1.69e-14  5.62e-15   162    73     0
2820.42  1.46e-14  6.62e-15   162    63     0
2823.08  1.38e-14  6.44e-15   161    60     0
2825.75  1.45e-14  6.12e-15   160    63     0
2828.41  1.43e-14  5.67e-15   160    62     0
2831.07  1.81e-14  6.31e-15   159    79     0
2833.74  1.81e-14  6.51e-15   159    79     0
2836.40  1.95e-14  6.73e-15   158    84     0
2839.06  1.43e-14  5.04e-15   158    61     0
2841.72  1.69e-14  5.91e-15   157    72     0
2844.39  1.82e-14  6.45e-15   157    78     0
2847.05  2.31e-14  6.86e-15   156   100     0
2849.71  2.42e-14  8.98e-15   156   104 -4096
2852.37  2.23e-14  8.47e-15   155    96 -4096
2855.04  1.77e-14  7.66e-15   155    74 -4096
2857.70  2.39e-14  7.54e-15   154   100     0
2860.36  1.63e-14  6.22e-15   154    69     0
2863.03  1.85e-14  7.56e-15   153    77     0
2865.69  1.62e-14  5.95e-15   153    68     0
2868.35  1.89e-14  7.33e-15   152    79     0
2871.01  2.21e-14  7.36e-15   152    91     0
2873.68  1.93e-14  6.91e-15   151    79     0
2876.34  2.85e-14  8.06e-15   151   118     0
2879.00  3.04e-14  7.33e-15   150   125     0
2881.66  2.36e-14  7.37e-15   150    97     0
2884.33  2.31e-14  5.50e-15   149    94     0
2886.99  2.47e-14  7.23e-15   149   100     0
2889.65  2.30e-14  7.80e-15   148    93     0
2892.31  1.57e-14  6.88e-15   148    63     0
2894.98  2.02e-14  5.75e-15   147    81     0
2897.64  1.70e-14  6.36e-15   147    68     0
2900.30  1.19e-14  4.58e-15   146    48     0
2902.97  1.79e-14  6.43e-15   146    72     0
2905.63  1.88e-14  7.20e-15   145    74     0
2908.29  2.15e-14  6.35e-15   145    84     0
2910.95  2.33e-14  7.09e-15   144    92     0
2913.62  2.20e-14  7.21e-15   144    86     0
2916.28  2.18e-14  6.50e-15   143    85     0
2918.94  2.94e-14  9.18e-15   143   114     0
2921.60  3.46e-14  1.10e-14   142   134     0
2924.27  3.42e-14  1.04e-14   142   132     0
2926.93  2.93e-14  9.94e-15   141   111     0
2929.59  2.66e-14  8.93e-15   141   100     0
2932.25  2.75e-14  9.37e-15   141   102     0
2934.92  3.09e-14  8.64e-15   140   113     0
2937.58  2.65e-14  9.05e-15   140    96     0
2940.24  2.26e-14  8.34e-15   139    81     0
2942.91  2.46e-14  9.16e-15   139    88     0
2945.57  2.99e-14  9.22e-15   138   106     0
2948.23  3.07e-14  9.02e-15   138   108     0
2950.89  2.79e-14  7.08e-15   137    98     0
2953.56  3.10e-14  6.54e-15   137   108     0
2956.22  3.25e-14  7.21e-15   137   114     0
2958.88  3.06e-14  8.33e-15   136   106     0
2961.54  2.13e-14  9.17e-15   136    72     0
2964.21  2.58e-14  6.66e-15   135    87     0
2966.87  2.71e-14  6.60e-15   135    89     0
2969.53  3.00e-14  8.04e-15   134    98     0
2972.20  3.27e-14  8.46e-15   134   106     0
2974.86  3.01e-14  8.76e-15   134    96     0
2977.52  2.28e-14  8.19e-15   133    72     0
2980.18  3.14e-14  9.09e-15   133    98     0
2982.85  3.24e-14  8.96e-15   132   100     0
2985.51  2.63e-14  8.51e-15   132    81     0
2988.17  2.65e-14  6.90e-15   132    80     0
2990.83  2.93e-14  7.98e-15   131    88     0
2993.50  2.30e-14  8.38e-15   131    68     0
2996.16  2.69e-14  7.93e-15   131    78     0
2998.82  3.55e-14  8.25e-15   130   103     0
3001.48  2.62e-14  5.25e-15   130    75     0
3004.15  2.63e-14  6.67e-15   129    75     0
3006.81  2.25e-14  8.89e-15   129    64     0
3009.47  2.69e-14  7.84e-15   129    75     0
3012.14  2.64e-14  7.29e-15   128    73     0
3014.80  3.15e-14  8.80e-15   128    86     0
3017.46  3.67e-14  9.18e-15   128    98     0
3020.12  3.07e-14  6.94e-15   127    80     0
3022.79  2.93e-14  6.81e-15   127    75     0
3025.45  2.73e-14  6.97e-15   127    69     0
3028.11  2.83e-14  8.74e-15   126    71     0
3030.77  3.08e-14  9.54e-15   126    77     0
3033.44  2.68e-14  9.38e-15   126    66     0
3036.10  3.20e-14  8.46e-15   125    77     0
3038.76  2.69e-14  7.35e-15   125    64     0
3041.43  3.08e-14  7.95e-15   125    71     0
3044.09  2.80e-14  7.55e-15   124    64     0
3046.75  3.37e-14  7.21e-15   124    76     0
3049.41  4.49e-14  9.67e-15   124   100     0
3052.08  4.56e-14  8.67e-15   123    99     0
3054.74  3.22e-14  1.01e-14   123    69     0
3057.40  3.43e-14  1.06e-14   123    71 -4096
3060.06  3.01e-14  8.74e-15   122    61 -4096
3062.73  3.55e-14  1.18e-14   122    70     0
3065.39  4.08e-14  9.07e-15   122    80     0
3068.05  3.13e-14  7.70e-15   121    60     0
3070.71  2.91e-14  9.60e-15   121    55     0
3073.38  3.38e-14  7.74e-15   121    63     0
3076.04  3.55e-14  8.05e-15   120    64     0
3078.70  2.44e-14  6.61e-15   120    43     0
3081.37  3.61e-14  9.94e-15   120    64     0
3084.03  4.18e-14  1.21e-14   120    72     0
3086.69  3.74e-14  1.21e-14   119    63     0
3089.35  3.26e-14  1.08e-14   119    54     0
3092.02  2.71e-14  6.72e-15   119    44     0
3094.68  1.64e-14  7.64e-15   118    26     0
3097.34  3.10e-14  8.64e-15   118    49     0
3100.00  4.41e-14  1.24e-14   118    68     0
3102.67  3.41e-14  8.23e-15   117    52     0
3105.33  3.95e-14  1.01e-14   117    59     0
3107.99  4.23e-14  1.24e-14   117    62     0
3110.65  4.14e-14  1.18e-14   117    60     0
3113.32  2.34e-14  9.42e-15   116    33     0
3115.98  3.01e-14  7.91e-15   116    42     0
3118.64  2.74e-14  8.14e-15   116    37     0
3121.31  2.54e-14  1.28e-14   115    34     0
3123.97  3.08e-14  8.53e-15   115    40     0
3126.63  3.00e-14  1.15e-14   115    38     0
3129.29  3.78e-14  1.36e-14   114    47     0
3131.96  4.70e-14  1.14e-14   114    58     0
3134.62  4.34e-14  1.06e-14   114    53     0
3137.28  4.41e-14  1.26e-14   113    52     0
3139.94  5.09e-14  1.50e-14   113    59     0
3142.61  4.10e-14  1.54e-14   113    46     0
3145.27  4.35e-14  9.53e-15   112    48     0
3147.93  6.23e-14  1.22e-14   112    67     0
3150.60  4.87e-14  1.58e-14   112    52     0
3153.26  2.42e-14  1.37e-14   111    25     0
3155.92  3.44e-14  1.17e-14   111    35     0
3158.58  3.91e-14  1.72e-14   111    39     0
3161.25  3.95e-14  1.61e-14   110    38     0
3163.91  4.58e-14  1.76e-14   110    44     0
3166.57  5.98e-14  1.56e-14   110    55     0
3169.23  7.34e-14  1.98e-14   109    67     0
3171.90  5.25e-14  1.95e-14   109    46     0
3174.56  5.29e-14  1.83e-14   109    46     0
3177.22  5.07e-14  1.06e-14   108    43     0
3179.88  4.12e-14  1.17e-14   108    34     0
3182.55  5.04e-14  1.75e-14   107    41     0
3185.21  5.05e-14  1.96e-14   107    41     0
3187.87  5.51e-14  1.58e-14   107    43     0
3190.54  5.63e-14  1.10e-14   106    43     0
3193.20  3.90e-14  1.13e-14   106    29     0
3195.86  4.96e-14  1.67e-14   105    36     0
3198.52  5.90e-14  1.78e-14   105    42     0
3201.19  4.26e-14  1.55e-14   104    29     0
3203.85  6.28e-14  1.28e-14   104    42     0
3206.51  3.20e-14  1.07e-14   103    20     0
3209.17  3.37e-14  1.32e-14   103    21     0
3211.84  2.05e-14  1.71e-14   102    12     0
3214.50  3.81e-14  1.54e-14   102    22     0
3217.16  3.87e-14  2.32e-14   101    22     0
3219.82  3.44e-14  2.23e-14   101    19     0
3222.49  4.06e-14  2.30e-14   100    22     0
3225.15  3.11e-14  2.16e-14   100    16     0
3227.81  6.24e-14  2.20e-14    99    33     0
3230.48  5.93e-14  1.99e-14    98    30     0
3233.14  4.63e-14  1.25e-14    98    23     0
3235.80  3.19e-14  1.72e-14    97    15     0
3238.46  4.60e-14  1.40e-14    97    21     0
3241.13  3.99e-14  1.18e-14    96    18     0
3243.79  3.87e-14  1.53e-14    95    17     0
3246.45  4.68e-14  1.13e-14    95    20     0
3249.11  3.37e-14  1.21e-14    94    14     0
3251.78  5.49e-14  2.20e-14    93    22     0
3254.44  6.16e-14  1.88e-14    92    25     0
3257.10  4.13e-14  2.36e-14    92    16 -4096
3259.77  3.11e-14  2.56e-14    91    12 -4096
3262.43  4.43e-14  1.47e-14    90    16 -4096
3265.09  2.94e-14  2.45e-14    89    10 -4096
3267.75  3.42e-14  2.59e-14    88    12     0
3270.42  2.94e-14  1.44e-14    87    10     0
3273.08  1.45e-14  1.40e-14    87     5     0
3275.74  5.72e-14  2.28e-14    86    19     0
3278.40  4.35e-14  1.84e-14    85    14     0
3281.07  3.94e-14  2.57e-14    84    12     0
3283.73  4.60e-14  2.51e-14    83    14     0
3286.39  5.27e-14  2.48e-14    82    16     0
3289.05  4.55e-14  2.99e-14    81    13     0
3291.72  5.93e-14  2.10e-14    80    17     0
3294.38  4.95e-14  2.58e-14    78    13     0
3297.04  4.67e-14  2.99e-14    77    12     0
3299.71  5.00e-14  2.14e-14    76    13     0
3302.37  8.13e-14  2.88e-14    75    21     0
3305.03  7.48e-14  3.42e-14    74    18     0
3307.69  9.45e-14  2.76e-14    72    23     0
3310.36  8.25e-14  2.11e-14    71    19     0
3313.02  7.28e-14  2.53e-14    70    16     0
3315.68  1.33e-14  3.11e-14    68     2     0
3318.34  3.92e-14  2.58e-14    67     8     0
3321.01  5.90e-15  2.49e-14    66     1     0
3323.67 -8.33e-15  2.49e-14    64    -1     0
3326.33 -8.25e-15  2.63e-14    63    -1     0
3328.99 -3.34e-15  2.66e-14    61     0     0
3331.66  5.29e-14  2.78e-14    60     9     0
3334.32  7.87e-14  2.88e-14    58    13     0
3336.98  6.76e-14  2.87e-14    56    11     0
3339.65  8.04e-14  2.98e-14    55    12     0
3342.31  6.95e-14  4.73e-14    53    10     0
3344.97  8.78e-14  3.80e-14    51    12     0
3347.63  2.03e-13  6.10e-14    49    27     0
