NOT ORIGINAL IUE PROJECT DATA PRODUCT
LWP09098LOWLARGE
HD  197481
20:42:06
-31:31:05
48
NO-TRAIL
ALONG-APER
01199.595
16/09/86
18:42:34
259
07.83
21/03/96
VILSPA
2446690.27956
63
32
1851.18 -8.63e-14  4.62e-13   213   -10     0
1853.84 -3.73e-14  4.31e-13   214    -4     0
1856.51 -2.48e-14  4.19e-13   214    -3     0
1859.17  1.05e-13  3.90e-13   214    15     0
1861.83  3.13e-14  3.55e-13   214     4     0
1864.49  5.06e-14  3.25e-13   214     8     0
1867.16 -2.45e-13  2.80e-13   215   -47     0
1869.82  2.26e-13  2.67e-13   215    46     0
1872.48  1.33e-13  2.50e-13   215    28     0
1875.15  4.98e-14  2.23e-13   215    11     0
1877.81  5.48e-14  2.10e-13   215    13     0
1880.47  1.23e-13  2.12e-13   215    30     0
1883.13 -1.13e-14  1.97e-13   215    -2     0
1885.80 -6.92e-14  1.81e-13   215   -19     0
1888.46 -1.18e-13  1.72e-13   215   -34     0
1891.12  9.76e-14  1.65e-13   216    30     0
1893.78  9.38e-14  1.58e-13   216    30     0
1896.45 -3.02e-14  1.48e-13   216   -10     0
1899.11 -2.13e-14  1.42e-13   216    -7     0
1901.77 -4.31e-14  1.40e-13   216   -15     0
1904.43  2.06e-14  1.35e-13   216     7     0
1907.10  6.52e-14  1.29e-13   216    24     0
1909.76  3.10e-14  1.25e-13   216    12     0
1912.42  4.74e-14  1.28e-13   216    18     0
1915.09  1.62e-13  1.46e-13   216    66     0
1917.75  6.52e-14  1.18e-13   216    27     0
1920.41 -9.15e-15  1.04e-13   215    -4     0
1923.07 -1.34e-14  1.00e-13   215    -6     0
1925.74  2.48e-14  1.00e-13   215    11     0
1928.40  4.26e-14  9.70e-14   215    20     0
1931.06  2.38e-14  9.17e-14   215    11     0
1933.72 -5.74e-14  8.78e-14   215   -29     0
1936.39 -5.29e-14  8.45e-14   215   -27     0
1939.05  1.26e-15  8.15e-14   215     0     0
1941.71  2.45e-14  7.95e-14   215    13     0
1944.37  4.73e-14  7.75e-14   215    26     0
1947.04  1.13e-14  7.39e-14   215     6     0
1949.70  1.58e-14  7.15e-14   215     9     0
1952.36  3.37e-14  7.07e-14   214    20     0
1955.03 -1.15e-15  6.76e-14   214     0     0
1957.69  4.38e-14  6.67e-14   214    27     0
1960.35 -1.45e-15  6.31e-14   214     0     0
1963.01  1.32e-14  6.14e-14   214     8     0
1965.68 -6.60e-15  5.81e-14   214    -4     0
1968.34  3.91e-14  5.75e-14   214    27     0
1971.00  2.33e-14  5.64e-14   213    16     0
1973.66  2.43e-14  5.47e-14   213    17     0
1976.33  1.45e-14  5.08e-14   213    11     0
1978.99  1.08e-14  4.91e-14   213     8     0
1981.65 -1.10e-14  4.76e-14   213    -8     0
1984.31 -2.08e-14  4.62e-14   213   -17     0
1986.98  1.10e-14  4.55e-14   212     9     0
1989.64  2.55e-14  4.48e-14   212    21     0
1992.30  1.21e-14  4.33e-14   212    10     0
1994.97  1.26e-14  4.22e-14   212    10     0
1997.63 -6.62e-15  4.06e-14   212    -5     0
2000.29 -7.73e-15  3.99e-14   212    -6     0
2002.95  7.67e-15  3.94e-14   211     6     0
2005.62  7.88e-15  3.82e-14   211     7     0
2008.28  2.29e-15  3.73e-14   211     2     0
2010.94  2.98e-15  3.70e-14   211     2     0
2013.60  1.80e-14  3.70e-14   211    17     0
2016.27  9.81e-15  3.55e-14   210     9     0
2018.93 -6.07e-15  3.47e-14   210    -5     0
2021.59 -1.55e-14  3.54e-14   210   -14     0
2024.25  4.20e-15  3.51e-14   210     3     0
2026.92 -1.69e-14  3.41e-14   210   -16     0
2029.58 -3.81e-15  3.37e-14   209    -3     0
2032.24 -1.25e-15  3.34e-14   209    -1     0
2034.91 -7.99e-15  3.30e-14   209    -7     0
2037.57  8.36e-15  3.29e-14   209     8     0
2040.23  2.62e-14  3.36e-14   209    25     0
2042.89 -7.85e-15  3.22e-14   209    -7     0
2045.56 -9.62e-15  3.19e-14   208    -9     0
2048.22 -4.65e-15  3.15e-14   208    -4     0
2050.88  1.34e-14  3.14e-14   208    13     0
2053.54 -7.24e-16  3.05e-14   208     0     0
2056.21 -2.05e-14  2.98e-14   208   -20     0
2058.87  1.00e-14  2.97e-14   207    10     0
2061.53  2.06e-14  2.98e-14   207    20     0
2064.19  2.96e-14  2.96e-14   207    30     0
2066.86 -5.73e-15  2.85e-14   207    -5     0
2069.52  4.85e-15  2.82e-14   207     4     0
2072.18  9.81e-15  2.77e-14   206    10     0
2074.85  4.80e-14  2.88e-14   206    50     0
2077.51  1.76e-14  2.72e-14   206    18     0
2080.17 -2.31e-14  2.63e-14   206   -24     0
2082.83  7.31e-15  2.62e-14   206     7     0
2085.50 -1.37e-14  2.57e-14   206   -14     0
2088.16 -6.35e-15  2.54e-14   205    -6     0
2090.82 -4.78e-15  2.48e-14   205    -5     0
2093.48  4.59e-15  2.48e-14   205     4     0
2096.15  7.00e-15  2.50e-14   205     7     0
2098.81  2.63e-14  2.57e-14   205    27     0
2101.47  2.35e-14  2.55e-14   204    24     0
2104.13 -8.60e-15  2.44e-14   204    -8     0
2106.80 -2.25e-15  2.39e-14   204    -2     0
2109.46  1.45e-14  2.43e-14   204    15     0
2112.12 -2.56e-15  2.39e-14   204    -2     0
2114.79  5.65e-15  2.39e-14   204     5     0
2117.45 -5.77e-15  2.36e-14   203    -5     0
2120.11 -6.73e-16  2.31e-14   203     0     0
2122.77 -8.05e-15  2.28e-14   203    -8     0
2125.44  8.27e-15  2.27e-14   203     8     0
2128.10  1.99e-15  2.23e-14   203     2     0
2130.76 -1.02e-14  2.20e-14   203   -10     0
2133.42 -3.56e-14  2.18e-14   203   -37     0
2136.09 -3.24e-14  2.17e-14   202   -34     0
2138.75 -1.40e-14  2.14e-14   202   -14     0
2141.41  3.96e-15  2.13e-14   202     4     0
2144.07  1.03e-14  2.13e-14   202    10     0
2146.74  1.64e-14  2.13e-14   202    17     0
2149.40  9.44e-15  2.07e-14   202    10     0
2152.06 -1.80e-15  2.07e-14   202    -1     0
2154.73  7.74e-15  2.08e-14   201     8     0
2157.39 -1.63e-14  1.99e-14   201   -17     0
2160.05 -1.62e-14  1.97e-14   201   -17     0
2162.71  1.24e-14  2.00e-14   201    13     0
2165.38 -7.90e-15  1.95e-14   201    -8     0
2168.04 -1.77e-14  1.93e-14   201   -18     0
2170.70  9.19e-15  1.94e-14   201     9     0
2173.36  2.60e-14  2.02e-14   201    27     0
2176.03 -7.71e-16  1.87e-14   200     0     0
2178.69  1.11e-14  1.90e-14   200    11     0
2181.35  4.51e-15  1.88e-14   200     4     0
2184.01  9.90e-15  1.88e-14   200    10     0
2186.68  5.75e-15  1.82e-14   200     6     0
2189.34 -2.15e-14  1.78e-14   200   -22     0
2192.00 -1.78e-14  1.77e-14   200   -18     0
2194.67  8.70e-15  1.78e-14   200     9     0
2197.33  4.17e-15  1.77e-14   199     4     0
2199.99 -3.65e-15  1.74e-14   199    -3     0
2202.65  3.52e-15  1.68e-14   199     3     0
2205.32 -7.73e-16  1.68e-14   199     0     0
2207.98  8.70e-15  1.70e-14   199     9     0
2210.64 -8.54e-15  1.64e-14   199    -9     0
2213.30  7.15e-15  1.65e-14   199     7     0
2215.97 -4.45e-15  1.62e-14   199    -4     0
2218.63  1.75e-14  1.68e-14   199    18     0
2221.29  3.11e-15  1.56e-14   199     3     0
2223.95  2.24e-14  1.63e-14   199    24     0
2226.62  1.31e-14  1.62e-14   198    14     0
2229.28 -7.95e-16  1.54e-14   198     0     0
2231.94 -1.68e-14  1.48e-14   198   -18     0
2234.61 -1.10e-14  1.46e-14   198   -12     0
2237.27  2.06e-14  1.53e-14   198    22     0
2239.93 -1.81e-15  1.45e-14   198    -2     0
2242.59 -2.74e-15  1.42e-14   198    -3     0
2245.26  2.53e-15  1.39e-14   198     2     0
2247.92  4.70e-15  1.37e-14   198     5     0
2250.58  1.73e-14  1.39e-14   198    20     0
2253.24  1.79e-14  1.37e-14   198    21     0
2255.91  1.61e-14  1.33e-14   198    19     0
2258.57  1.94e-14  1.34e-14   198    23     0
2261.23  4.93e-15  1.25e-14   197     5     0
2263.90  1.44e-14  1.26e-14   197    17     0
2266.56  1.49e-14  1.26e-14   197    18     0
2269.22  1.28e-14  1.22e-14   197    15     0
2271.88  6.63e-15  1.16e-14   197     8     0
2274.55 -1.72e-16  1.11e-14   197     0     0
2277.21 -6.30e-15  1.07e-14   197    -8     0
2279.87  3.69e-15  1.06e-14   197     4     0
2282.53  1.65e-14  1.11e-14   197    21     0
2285.20  1.00e-14  1.07e-14   197    13     0
2287.86  3.48e-15  1.03e-14   197     4     0
2290.52 -1.15e-14  1.00e-14   197   -15     0
2293.18 -3.84e-15  9.89e-15   197    -5     0
2295.85  1.69e-14  1.04e-14   197    23     0
2298.51 -1.21e-15  9.61e-15   197    -1     0
2301.17 -1.20e-14  9.42e-15   197   -16     0
2303.83  7.72e-15  9.56e-15   196    10     0
2306.50  1.28e-14  9.71e-15   196    17     0
2309.16 -5.66e-15  9.09e-15   196    -7     0
2311.82 -3.36e-15  8.72e-15   196    -4     0
2314.49 -4.52e-15  8.53e-15   196    -6     0
2317.15  1.78e-14  9.12e-15   196    26     0
2319.81  5.56e-15  8.43e-15   196     8     0
2322.47 -5.54e-15  8.11e-15   196    -8     0
2325.14  2.05e-14  8.59e-15   196    32     0
2327.80  6.29e-15  7.71e-15   196    10     0
2330.46  2.06e-14  8.39e-15   196    33     0
2333.12  2.56e-14  8.45e-15   196    41     0
2335.79  1.23e-14  7.48e-15   196    20     0
2338.45  1.72e-14  7.54e-15   196    29     0
2341.11  2.28e-14  7.61e-15   196    39     0
2343.77  2.35e-14  7.33e-15   196    41     0
2346.44  3.32e-14  7.84e-15   196    59     0
2349.10  3.18e-14  7.46e-15   196    57     0
2351.76  2.79e-14  7.16e-15   196    51     0
2354.43  7.02e-15  6.29e-15   195    13     0
2357.09  1.37e-14  6.47e-15   195    25     0
2359.75  3.84e-14  7.39e-15   195    72     0
2362.41  3.09e-14  1.09e-14   195    59     0
2365.08  2.12e-14  6.55e-15   195    40     0
2367.74  2.22e-14  6.57e-15   195    43     0
2370.40  2.29e-14  6.54e-15   195    44     0
2373.06  1.45e-14  7.01e-15   195    28     0
2375.73  1.77e-14  5.96e-15   195    35     0
2378.39  3.13e-14  7.47e-15   195    63     0
2381.05  3.82e-14  6.89e-15   195    77     0
2383.71  4.41e-14  7.33e-15   195    89     0
2386.38  2.79e-14  6.15e-15   195    57     0
2389.04  1.77e-14  5.68e-15   195    36     0
2391.70  3.29e-14  6.28e-15   195    69     0
2394.37  1.95e-14  5.51e-15   195    41     0
2397.03  2.95e-14  6.86e-15   195    63     0
2399.69  3.42e-14  6.04e-15   194    74     0
2402.35  2.83e-14  5.70e-15   194    63     0
2405.02  3.81e-14  6.28e-15   194    84     0
2407.68  2.93e-14  5.70e-15   194    65     0
2410.34  1.30e-14  4.71e-15   194    29     0
2413.00  1.74e-14  4.97e-15   194    40     0
2415.67  1.22e-14  4.65e-15   194    28     0
2418.33  6.64e-16  4.07e-15   194     1     0
2420.99  9.66e-15  4.55e-15   194    23     0
2423.66  1.71e-14  4.65e-15   194    41     0
2426.32  4.84e-15  3.92e-15   194    11     0
2428.98  1.11e-14  4.21e-15   194    27     0
2431.64  2.01e-14  4.57e-15   194    49     0
2434.31  1.54e-14  4.34e-15   194    37     0
2436.97  2.18e-14  4.63e-15   193    54     0
2439.63  4.37e-15  3.82e-15   193    10     0
2442.29  7.68e-15  4.29e-15   193    19     0
2444.96  6.51e-15  3.75e-15   193    16     0
2447.62  1.55e-14  4.11e-15   193    40     0
2450.28  1.03e-14  3.77e-15   193    26     0
2452.94  7.71e-15  3.70e-15   193    20     0
2455.61  8.26e-15  3.82e-15   193    21     0
2458.27  1.38e-14  4.06e-15   193    36     0
2460.93  1.37e-14  4.03e-15   193    37     0
2463.59  6.63e-15  4.00e-15   193    18     0
2466.26  1.65e-14  3.75e-15   192    45     0
2468.92  1.80e-14  3.82e-15   192    50     0
2471.58  1.56e-14  3.66e-15   192    44     0
2474.25  2.14e-14  5.48e-15   192    61     0
2476.91  2.52e-14  4.52e-15   192    74     0
2479.57  2.44e-14  4.00e-15   192    73     0
2482.23  2.15e-14  5.53e-15   192    64     0
2484.90  1.28e-14  3.27e-15   192    38     0
2487.56  1.76e-14  4.39e-15   192    53     0
2490.22  2.73e-14  3.93e-15   191    82     0
2492.88  2.73e-14  5.41e-15   191    82     0
2495.55  6.31e-15  3.46e-15   191    19     0
2498.21  1.11e-14  3.17e-15   191    33     0
2500.87  1.49e-14  3.38e-15   191    44     0
2503.54  2.23e-14  4.38e-15   191    66     0
2506.20  1.99e-14  5.08e-15   191    59     0
2508.86  1.63e-14  3.36e-15   191    48     0
2511.52  8.41e-15  3.23e-15   190    25     0
2514.19  2.12e-14  3.93e-15   190    65     0
2516.85  5.93e-15  4.09e-15   190    18     0
2519.51  5.36e-15  3.61e-15   190    16     0
2522.17  1.50e-14  4.88e-15   190    47     0
2524.84  1.24e-14  3.13e-15   190    39     0
2527.50  8.55e-15  2.75e-15   190    27     0
2530.16  1.35e-14  2.95e-15   189    44     0
2532.82  1.31e-14  3.01e-15   189    43     0
2535.49  2.11e-14  3.25e-15   189    69     0
2538.15  2.85e-14  3.99e-15   189    95     0
2540.81  8.07e-15  3.67e-15   189    27     0
2543.48  5.11e-15  3.00e-15   189    17     0
2546.14  2.12e-14  3.42e-15   189    73     0
2548.80  1.72e-14  3.20e-15   188    60     0
2551.46  1.47e-14  4.09e-15   188    52     0
2554.13  1.38e-14  2.68e-15   188    49     0
2556.79  1.17e-14  2.55e-15   188    42     0
2559.45  1.64e-14  3.21e-15   188    60     0
2562.11  2.16e-14  2.97e-15   188    78     0
2564.78  1.16e-14  2.63e-15   187    42     0
2567.44  1.71e-14  2.74e-15   187    62     0
2570.10  6.52e-15  2.35e-15   187    23     0
2572.76  1.61e-14  2.72e-15   187    58     0
2575.43  1.49e-14  2.65e-15   187    54     0
2578.09  1.74e-14  3.09e-15   186    64     0
2580.75  1.21e-14  3.40e-15   186    44     0
2583.42  2.32e-14  4.59e-15   186    85     0
2586.08  3.03e-14  3.29e-15   186   112     0
2588.74  2.22e-14  3.70e-15   186    83     0
2591.40  1.56e-14  2.96e-15   185    58     0
2594.07  3.03e-14  3.22e-15   185   114     0
2596.73  5.03e-14  3.95e-15   185   191     0
2599.39  3.98e-14  3.42e-15   185   153     0
2602.05  3.95e-14  3.86e-15   185   153     0
2604.72  3.34e-14  3.20e-15   184   130     0
2607.38  3.42e-14  3.34e-15   184   134     0
2610.04  4.10e-14  3.70e-15   184   163     0
2612.70  4.27e-14  3.41e-15   184   171     0
2615.37  4.18e-14  3.58e-15   184   167     0
2618.03  5.29e-14  3.87e-15   183   213     0
2620.69  4.25e-14  5.48e-15   183   173     0
2623.35  4.98e-14  3.99e-15   183   203     0
2626.02  6.57e-14  4.89e-15   183   271     0
2628.68  5.69e-14  5.96e-15   182   235     0
2631.34  4.36e-14  5.53e-15   182   179     0
2634.01  2.71e-14  4.43e-15   182   111     0
2636.67  7.91e-15  2.16e-15   182    32     0
2639.33  7.61e-15  2.11e-15   181    31     0
2641.99  5.87e-15  2.29e-15   181    24     0
2644.66  7.79e-15  2.08e-15   181    32     0
2647.32  1.14e-14  2.16e-15   181    48     0
2649.98  1.27e-14  2.23e-15   180    53     0
2652.64  5.81e-15  1.98e-15   180    24     0
2655.31  7.88e-15  2.06e-15   180    33     0
2657.97  3.38e-15  1.85e-15   180    14     0
2660.63  6.65e-15  1.92e-15   179    28     0
2663.30  1.44e-14  2.53e-15   179    62     0
2665.96  1.27e-14  2.14e-15   179    54     0
2668.62  1.46e-14  2.23e-15   179    63     0
2671.28  1.40e-14  2.30e-15   178    61     0
2673.95  1.23e-14  2.82e-15   178    54     0
2676.61  5.78e-15  1.89e-15   178    25     0
2679.27  8.50e-15  2.78e-15   178    37     0
2681.93  1.10e-14  2.05e-15   177    48     0
2684.60  8.70e-15  1.97e-15   177    38     0
2687.26  9.20e-15  2.10e-15   177    40     0
2689.92  8.13e-15  1.95e-15   177    36     0
2692.58  6.84e-15  1.94e-15   176    30     0
2695.25  1.47e-14  2.20e-15   176    64     0
2697.91  1.88e-14  2.34e-15   176    82     0
2700.57  1.30e-14  2.16e-15   175    57     0
2703.24  1.20e-14  2.12e-15   175    52     0
2705.90  1.23e-14  2.12e-15   175    53     0
2708.56  1.32e-14  2.19e-15   175    57     0
2711.22  1.29e-14  2.47e-15   174    55     0
2713.89  1.65e-14  2.37e-15   174    70     0
2716.55  1.32e-14  2.18e-15   174    57     0
2719.21  1.58e-14  2.28e-15   173    68     0
2721.87  2.43e-14  2.57e-15   173   105     0
2724.54  2.52e-14  4.34e-15   173   109     0
2727.20  2.26e-14  2.48e-15   173    98     0
2729.86  2.48e-14  2.69e-15   172   108     0
2732.52  2.57e-14  2.65e-15   172   113     0
2735.19  2.93e-14  2.68e-15   172   131     0
2737.85  2.86e-14  2.77e-15   171   128     0
2740.51  2.51e-14  2.52e-15   171   112     0
2743.18  3.40e-14  2.80e-15   171   152     0
2745.84  3.95e-14  3.03e-15   170   178     0
2748.50  4.13e-14  4.45e-15   170   186     0
2751.16  3.22e-14  2.92e-15   170   142     0
2753.83  2.67e-14  3.41e-15   170   118     0
2756.49  2.13e-14  2.41e-15   169    95     0
2759.15  2.68e-14  3.29e-15   169   120     0
2761.81  1.78e-14  2.30e-15   169    79     0
2764.48  1.43e-14  2.18e-15   168    64     0
2767.14  1.87e-14  2.33e-15   168    83     0
2769.80  1.77e-14  2.30e-15   168    78     0
2772.46  1.60e-14  2.35e-15   167    71     0
2775.13  2.32e-14  2.49e-15   167   103     0
2777.79  2.08e-14  2.41e-15   167    91     0
2780.45  1.55e-14  2.25e-15   166    69     0
2783.12  1.75e-14  2.34e-15   166    76     0
2785.78  2.58e-14  2.59e-15   166   113     0
2788.44  4.55e-14  3.87e-15   166   198     0
2791.10  9.71e-14  8.00e-15   165   422     0
2793.77  1.89e-13  1.32e-14   165   816     0
2796.43  2.49e-13  1.97e-14   165  1071     0
2799.09  2.10e-13  2.00e-14   164   904     0
2801.75  2.09e-13  1.70e-14   164   893     0
2804.42  1.98e-13  1.70e-14   164   851     0
2807.08  6.58e-14  6.81e-15   163   285     0
2809.74  2.57e-14  2.63e-15   163   112     0
2812.40  1.44e-14  2.27e-15   163    62     0
2815.07  1.17e-14  2.16e-15   162    51     0
2817.73  1.47e-14  2.26e-15   162    64     0
2820.39  1.50e-14  2.27e-15   162    65     0
2823.06  1.15e-14  2.15e-15   161    50     0
2825.72  1.07e-14  2.12e-15   161    46     0
2828.38  1.43e-14  2.25e-15   161    62     0
2831.04  1.63e-14  2.32e-15   160    71     0
2833.71  1.68e-14  2.33e-15   160    73     0
2836.37  1.98e-14  2.45e-15   160    85     0
2839.03  1.85e-14  2.41e-15   159    79     0
2841.69  1.45e-14  2.29e-15   159    62     0
2844.36  1.75e-14  2.37e-15   159    75     0
2847.02  1.76e-14  2.39e-15   159    76     0
2849.68  2.28e-14  2.73e-15   158    98     0
2852.34  2.29e-14  2.75e-15   158    98     0
2855.01  2.25e-14  2.85e-15   158    95     0
2857.67  1.63e-14  2.42e-15   157    68     0
2860.33  1.44e-14  2.31e-15   157    60     0
2863.00  1.97e-14  2.47e-15   157    82     0
2865.66  1.76e-14  2.40e-15   156    74     0
2868.32  2.09e-14  2.52e-15   156    88     0
2870.98  1.82e-14  2.50e-15   156    75     0
2873.65  1.51e-14  2.35e-15   155    62     0
2876.31  1.92e-14  2.50e-15   155    79     0
2878.97  2.50e-14  2.68e-15   155   103     0
2881.63  2.85e-14  2.78e-15   154   117     0
2884.30  2.19e-14  2.62e-15   154    89     0
2886.96  1.96e-14  2.55e-15   154    80     0
2889.62  2.27e-14  2.66e-15   153    92     0
2892.28  2.07e-14  2.59e-15   153    84     0
2894.95  2.03e-14  2.59e-15   153    82     0
2897.61  1.88e-14  2.55e-15   153    75     0
2900.27  1.59e-14  2.46e-15   152    64     0
2902.94  1.68e-14  2.48e-15   152    68     0
2905.60  1.33e-14  2.42e-15   152    52     0
2908.26  1.58e-14  2.51e-15   151    62     0
2910.92  1.66e-14  2.51e-15   151    66     0
2913.59  1.43e-14  2.45e-15   151    56     0
2916.25  1.81e-14  2.58e-15   150    71     0
2918.91  2.32e-14  2.72e-15   150    90     0
2921.57  2.53e-14  2.78e-15   150    98     0
2924.24  3.03e-14  2.96e-15   149   117     0
2926.90  2.89e-14  2.94e-15   149   110     0
2929.56  2.43e-14  2.83e-15   149    92     0
2932.22  2.65e-14  2.92e-15   149    98     0
2934.89  2.68e-14  3.27e-15   148    98     0
2937.55  3.69e-14  4.42e-15   148   133     0
2940.21  2.28e-14  2.88e-15   148    82     0
2942.88  2.51e-14  2.96e-15   147    89     0
2945.54  2.61e-14  3.02e-15   147    92     0
2948.20  2.22e-14  2.92e-15   147    78     0
2950.86  2.21e-14  2.93e-15   146    77     0
2953.53  2.89e-14  3.10e-15   146   100     0
2956.19  3.05e-14  3.14e-15   146   106     0
2958.85  2.84e-14  3.10e-15   146    99     0
2961.51  2.64e-14  3.09e-15   145    90     0
2964.18  2.76e-14  3.16e-15   145    93     0
2966.84  2.83e-14  3.21e-15   145    94     0
2969.50  2.89e-14  3.27e-15   144    94     0
2972.16  2.24e-14  3.10e-15   144    73     0
2974.83  2.22e-14  3.13e-15   144    71     0
2977.49  2.37e-14  3.19e-15   143    75     0
2980.15  2.89e-14  3.35e-15   143    90     0
2982.82  2.78e-14  3.36e-15   143    86     0
2985.48  3.01e-14  3.43e-15   143    92     0
2988.14  2.98e-14  3.44e-15   142    90     0
2990.80  2.64e-14  3.38e-15   142    79     0
2993.47  2.29e-14  3.30e-15   142    68     0
2996.13  2.27e-14  3.34e-15   141    66     0
2998.79  2.87e-14  3.54e-15   141    83     0
3001.45  2.53e-14  3.45e-15   141    73     0
3004.12  2.23e-14  3.39e-15   140    64     0
3006.78  2.66e-14  3.51e-15   140    76     0
3009.44  2.57e-14  3.52e-15   140    72     0
3012.10  2.06e-14  3.43e-15   140    57     0
3014.77  2.07e-14  3.47e-15   139    56     0
3017.43  2.53e-14  3.64e-15   139    67     0
3020.09  2.63e-14  3.73e-15   139    68     0
3022.76  2.26e-14  3.66e-15   138    58     0
3025.42  2.36e-14  3.71e-15   138    60     0
3028.08  2.91e-14  3.92e-15   138    73     0
3030.74  3.10e-14  3.95e-15   137    77     0
3033.41  2.67e-14  3.88e-15   137    65     0
3036.07  2.92e-14  3.97e-15   137    71     0
3038.73  3.06e-14  4.06e-15   137    73     0
3041.39  2.76e-14  5.22e-15   136    64     0
3044.06  2.23e-14  3.95e-15   136    51     0
3046.72  2.31e-14  4.02e-15   136    52     0
3049.38  3.22e-14  4.30e-15   135    71     0
3052.04  2.55e-14  4.20e-15   135    55     0
3054.71  2.66e-14  4.32e-15   135    57     0
3057.37  3.16e-14  4.94e-15   134    65     0
3060.03  2.75e-14  4.77e-15   134    56     0
3062.70  2.89e-14  4.86e-15   134    57     0
3065.36  3.02e-14  4.55e-15   133    59     0
3068.02  2.15e-14  4.41e-15   133    41     0
3070.68  2.35e-14  4.52e-15   133    44     0
3073.35  2.77e-14  4.69e-15   132    51     0
3076.01  3.49e-14  4.95e-15   132    63     0
3078.67  3.39e-14  5.01e-15   132    60     0
3081.33  3.24e-14  5.00e-15   131    57     0
3084.00  3.35e-14  5.08e-15   131    58     0
3086.66  3.45e-14  5.17e-15   131    58     0
3089.32  2.86e-14  5.07e-15   130    48     0
3091.98  2.33e-14  4.97e-15   130    38     0
3094.65  2.15e-14  4.97e-15   130    34     0
3097.31  2.91e-14  5.28e-15   129    45     0
3099.97  2.97e-14  5.36e-15   129    46     0
3102.64  2.43e-14  5.22e-15   129    37     0
3105.30  2.42e-14  5.28e-15   128    36     0
3107.96  2.25e-14  5.28e-15   128    33     0
3110.62  2.52e-14  5.39e-15   127    36     0
3113.29  2.10e-14  5.35e-15   127    30     0
3115.95  2.35e-14  5.50e-15   127    32     0
3118.61  2.31e-14  5.57e-15   126    31     0
3121.27  3.48e-14  5.93e-15   126    46     0
3123.94  2.93e-14  5.82e-15   125    38     0
3126.60  2.74e-14  5.86e-15   125    35     0
3129.26  3.32e-14  6.09e-15   125    42     0
3131.92  3.18e-14  6.08e-15   124    39     0
3134.59  3.05e-14  6.09e-15   124    37     0
3137.25  2.62e-14  6.06e-15   123    31     0
3139.91  3.04e-14  6.23e-15   123    35     0
3142.58  3.39e-14  6.44e-15   122    38     0
3145.24  3.01e-14  6.39e-15   122    33     0
3147.90  2.89e-14  6.42e-15   122    31     0
3150.56  3.36e-14  6.65e-15   121    35     0
3153.23  2.89e-14  6.62e-15   121    30     0
3155.89  2.74e-14  6.57e-15   120    28     0
3158.55  2.77e-14  6.65e-15   120    27     0
3161.21  3.52e-14  6.97e-15   119    34     0
3163.88  4.46e-14  7.28e-15   119    42     0
3166.54  4.11e-14  7.29e-15   118    38     0
3169.20  5.00e-14  7.57e-15   118    45     0
3171.86  3.99e-14  7.36e-15   117    35     0
3174.53  4.46e-14  7.53e-15   116    39     0
3177.19  4.41e-14  7.55e-15   116    38     0
3179.85  4.23e-14  7.58e-15   115    35     0
3182.52  4.28e-14  7.61e-15   115    35     0
3185.18  4.15e-14  7.57e-15   114    33     0
3187.84  4.47e-14  7.71e-15   114    35     0
3190.50  5.91e-14  8.22e-15   113    45     0
3193.17  4.26e-14  7.83e-15   112    32     0
3195.83  3.62e-14  7.67e-15   112    26     0
3198.49  3.99e-14  7.86e-15   111    28     0
3201.15  4.00e-14  7.92e-15   110    28     0
3203.82  3.13e-14  7.78e-15   110    21     0
3206.48  2.70e-14  7.80e-15   109    17     0
3209.14  4.08e-14  8.26e-15   108    25     0
3211.80  5.32e-14  8.71e-15   108    32     0
3214.47  4.28e-14  8.38e-15   107    25     0
3217.13  5.03e-14  8.79e-15   106    29     0
3219.79  3.48e-14  8.39e-15   105    19     0
3222.46  4.19e-14  8.46e-15   105    23     0
3225.12  4.36e-14  8.56e-15   104    23     0
3227.78  3.47e-14  8.56e-15   103    18     0
3230.44  2.59e-14  8.05e-15   102    13     0
3233.11  2.08e-14  7.94e-15   101    10     0
3235.77  4.17e-14  8.60e-15   100    20     0
3238.43  3.59e-14  8.56e-15   100    16     0
3241.09  4.80e-14  9.57e-15    99    22     0
3243.76  6.53e-14  1.07e-14    98    29     0
3246.42  6.43e-14  1.44e-14    97    28     0
3249.08  4.63e-14  8.60e-15    96    19     0
3251.74  2.67e-14  1.02e-14    95    11     0
3254.41  5.38e-14  1.15e-14    94    21     0
3257.07  7.02e-14  1.20e-14    93    27     0
3259.73  8.44e-14  1.11e-14    92    32     0
3262.40  5.67e-14  9.95e-15    91    21     0
3265.06  3.85e-14  1.42e-14    90    14     0
3267.72  3.27e-14  1.45e-14    89    11     0
3270.38  3.85e-14  9.25e-15    88    13     0
3273.05  2.27e-14  9.45e-15    86     7     0
3275.71  4.90e-14  9.82e-15    85    16     0
3278.37  6.01e-14  1.00e-14    84    19     0
3281.03  7.50e-14  1.29e-14    83    24     0
3283.70  9.54e-14  1.06e-14    82    29     0
3286.36  5.48e-14  1.69e-14    80    16     0
3289.02  5.47e-14  1.59e-14    79    16     0
3291.68  4.94e-14  1.14e-14    78    14     0
3294.35  5.19e-14  1.16e-14    76    14     0
3297.01  6.07e-14  1.19e-14    75    16     0
3299.67  4.87e-14  1.38e-14    74    13     0
3302.34  3.32e-14  1.26e-14    72     8     0
3305.00  4.49e-14  1.44e-14    71    11     0
3307.66  3.15e-14  1.51e-14    69     7     0
3310.32  5.06e-14  1.38e-14    68    12     0
3312.99  6.78e-14  1.43e-14    66    15     0
3315.65  6.93e-14  1.51e-14    64    15     0
3318.31  5.48e-14  1.56e-14    63    11     0
3320.97  5.31e-14  1.64e-14    61    10     0
3323.64  9.40e-14  2.02e-14    59    18     0
3326.30  1.14e-13  1.98e-14    58    21     0
3328.96  1.10e-13  1.87e-14    56    19     0
3331.62  7.11e-14  1.91e-14    54    12     0
3334.29  8.73e-14  1.98e-14    52    14     0
3336.95  5.95e-14  1.97e-14    50     9     0
3339.61  6.40e-14  2.06e-14    49    10     0
3342.28  4.76e-14  2.24e-14    47     7     0
3344.94  7.85e-14  2.37e-14    45    11     0
3347.60  6.74e-14  2.52e-14    43     9     0
