NOT ORIGINAL IUE PROJECT DATA PRODUCT
LWP09126LOWLARGE
HD  197481
20:42:06
-31:31:05
48
NO-TRAIL
ALONG-APER
01199.595
19/09/86
20:08:22
262
08.84
21/03/96
VILSPA
2446693.33914
65
32
1851.18  4.40e-13  4.39e-13    97    54     0
1853.84  4.27e-13  4.11e-13    98    56     0
1856.51 -2.77e-13  3.89e-13    99   -36     0
1859.17  3.77e-14  3.59e-13    99     5     0
1861.83 -1.37e-14  3.28e-13   100    -2     0
1864.49 -1.96e-13  2.99e-13   101   -33     0
1867.16  1.26e-13  2.62e-13   101    24     0
1869.82  4.06e-13  2.53e-13   102    83     0
1872.48  5.33e-14  2.28e-13   103    11     0
1875.15 -2.17e-13  2.05e-13   104   -51     0
1877.81 -1.60e-13  1.92e-13   104   -40     0
1880.47 -7.26e-14  1.92e-13   105   -18     0
1883.13  2.15e-13  1.88e-13   106    56     0
1885.80 -4.39e-13  1.69e-13   106  -124     0
1888.46 -1.62e-13  1.58e-13   107   -48     0
1891.12  2.65e-13  1.58e-13   107    82     0
1893.78  7.02e-14  1.45e-13   108    22     0
1896.45  5.54e-14  1.37e-13   109    18     0
1899.11 -7.90e-14  1.30e-13   109   -27     0
1901.77 -1.25e-13  1.35e-13   110   -43     0
1904.43  6.87e-14  1.25e-13   111    24     0
1907.10  1.52e-14  1.17e-13   111     5     0
1909.76  5.00e-14  1.14e-13   112    19     0
1912.42  2.84e-14  1.11e-13   112    11     0
1915.09  2.21e-13  1.15e-13   113    91     0
1917.75  9.14e-14  1.53e-13   113    38     0
1920.41 -6.70e-14  1.24e-13   114   -29     0
1923.07 -1.02e-13  9.11e-14   114   -46     0
1925.74  5.46e-14  9.22e-14   115    24     0
1928.40  1.16e-13  9.15e-14   115    54     0
1931.06 -3.00e-14  8.29e-14   116   -14     0
1933.72 -3.83e-13  1.32e-13   117  -193     0
1936.39 -1.24e-14  7.68e-14   117    -6     0
1939.05  1.12e-14  7.43e-14   118     5     0
1941.71  6.20e-14  7.37e-14   118    34     0
1944.37  4.55e-14  7.06e-14   118    25     0
1947.04  1.66e-14  6.72e-14   119     9     0
1949.70 -6.50e-14  6.44e-14   119   -38     0
1952.36  5.05e-14  6.49e-14   120    30     0
1955.03  2.85e-15  6.11e-14   120     1     0
1957.69 -2.64e-15  5.91e-14   121    -1     0
1960.35 -2.60e-15  5.70e-14   121    -1     0
1963.01  1.91e-14  5.57e-14   122    12     0
1965.68  4.87e-14  5.43e-14   122    33     0
1968.34 -3.89e-14  8.69e-14   123   -27     0
1971.00  7.99e-14  5.32e-14   123    56     0
1973.66  2.65e-14  4.95e-14   123    19     0
1976.33  3.49e-14  4.66e-14   124    26     0
1978.99 -6.07e-14  4.39e-14   124   -47     0
1981.65  1.06e-15  4.28e-14   125     0     0
1984.31  5.31e-14  4.36e-14   125    43     0
1986.98  5.28e-14  4.26e-14   125    43     0
1989.64  2.06e-14  4.01e-14   126    17     0
1992.30  3.01e-14  3.96e-14   126    25     0
1994.97 -3.20e-14  3.75e-14   126   -27     0
1997.63 -3.09e-15  3.64e-14   127    -2     0
2000.29  4.21e-15  3.58e-14   127     3     0
2002.95  6.80e-14  3.78e-14   128    61     0
2005.62  3.21e-15  3.39e-14   128     2     0
2008.28  1.62e-14  3.40e-14   128    15     0
2010.94  2.39e-14  3.40e-14   129    22     0
2013.60 -1.64e-14  3.84e-14   129   -15     0
2016.27  2.25e-14  3.21e-14   129    21     0
2018.93  1.83e-14  3.16e-14   130    17     0
2021.59  2.06e-14  3.23e-14   130    19     0
2024.25  1.41e-14  3.17e-14   130    13     0
2026.92 -1.17e-14  3.04e-14   131   -11     0
2029.58  7.14e-15  3.02e-14   131     6     0
2032.24  2.07e-14  3.04e-14   131    20     0
2034.91  3.40e-14  3.07e-14   132    32     0
2037.57  3.86e-15  2.91e-14   132     3     0
2040.23 -2.26e-15  2.89e-14   132    -2     0
2042.89 -5.56e-15  2.86e-14   132    -5     0
2045.56  1.66e-14  2.90e-14   133    16     0
2048.22 -6.90e-15  2.79e-14   133    -6     0
2050.88  1.52e-14  2.80e-14   133    14     0
2053.54  8.98e-15  2.73e-14   134     8     0
2056.21 -1.04e-14  2.64e-14   134   -10     0
2058.87  1.01e-14  2.65e-14   134    10     0
2061.53 -1.61e-14  2.56e-14   134   -16     0
2064.19 -2.79e-14  2.52e-14   135   -28     0
2066.86  4.34e-14  2.71e-14   135    43     0
2069.52  1.80e-15  2.48e-14   135     1     0
2072.18 -4.93e-14  2.41e-14   135   -50     0
2074.85  1.82e-14  2.45e-14   136    18     0
2077.51 -2.62e-14  2.33e-14   136   -27     0
2080.17  2.09e-14  2.39e-14   136    21     0
2082.83  1.33e-14  2.34e-14   136    13     0
2085.50  1.93e-14  2.34e-14   137    20     0
2088.16  2.02e-14  2.32e-14   137    21     0
2090.82  1.82e-14  2.25e-14   137    19     0
2093.48 -1.52e-16  2.16e-14   137     0     0
2096.15 -2.35e-14  2.18e-14   138   -24     0
2098.81  1.57e-14  2.22e-14   138    16     0
2101.47  7.93e-15  2.17e-14   138     8     0
2104.13 -1.63e-14  2.13e-14   138   -17     0
2106.80  1.07e-14  2.13e-14   138    11     0
2109.46 -7.59e-15  2.08e-14   139    -7     0
2112.12  1.67e-14  2.16e-14   139    17     0
2114.79  1.84e-14  2.15e-14   139    18     0
2117.45  1.13e-14  2.10e-14   139    11     0
2120.11  9.66e-15  2.04e-14   139    10     0
2122.77 -1.01e-14  1.99e-14   140   -10     0
2125.44  1.75e-14  2.04e-14   140    18     0
2128.10 -1.41e-14  1.94e-14   140   -14     0
2130.76  1.70e-15  1.92e-14   140     1     0
2133.42  1.22e-14  1.95e-14   140    12     0
2136.09 -8.12e-15  1.88e-14   141    -8     0
2138.75  9.47e-15  1.89e-14   141     9     0
2141.41  1.32e-15  1.84e-14   141     1     0
2144.07 -7.18e-15  1.82e-14   141    -7     0
2146.74  1.35e-14  1.84e-14   141    14     0
2149.40  7.24e-15  1.80e-14   141     7     0
2152.06  2.23e-14  1.87e-14   142    23     0
2154.73 -4.27e-15  1.77e-14   142    -4     0
2157.39  1.01e-14  1.77e-14   142    10     0
2160.05  1.19e-14  1.75e-14   142    12     0
2162.71  6.80e-16  1.69e-14   142     0     0
2165.38  1.11e-14  1.73e-14   142    11     0
2168.04 -1.73e-14  1.67e-14   143   -18     0
2170.70 -6.97e-15  1.66e-14   143    -7     0
2173.36  1.64e-14  1.71e-14   143    17     0
2176.03 -1.02e-14  1.61e-14   143   -10     0
2178.69 -2.60e-15  1.60e-14   143    -2     0
2181.35  5.66e-15  1.63e-14   143     5     0
2184.01 -8.97e-15  1.61e-14   144    -9     0
2186.68 -2.11e-14  1.55e-14   144   -22     0
2189.34  1.42e-15  1.53e-14   144     1     0
2192.00  4.90e-15  1.53e-14   144     5     0
2194.67 -2.06e-14  1.50e-14   144   -21     0
2197.33 -2.34e-14  1.51e-14   144   -24     0
2199.99  1.72e-14  1.54e-14   144    18     0
2202.65 -5.36e-15  1.44e-14   144    -5     0
2205.32  2.60e-14  1.55e-14   145    27     0
2207.98  1.75e-14  1.49e-14   145    18     0
2210.64  9.73e-15  1.45e-14   145    10     0
2213.30 -1.51e-14  1.39e-14   145   -16     0
2215.97 -1.86e-14  1.39e-14   145   -19     0
2218.63  1.32e-14  1.43e-14   145    14     0
2221.29  1.02e-14  1.38e-14   145    11     0
2223.95  1.01e-14  1.35e-14   145    11     0
2226.62  5.91e-15  1.33e-14   146     6     0
2229.28  5.18e-15  1.33e-14   146     5     0
2231.94  2.03e-14  1.35e-14   146    22     0
2234.61 -3.12e-14  1.25e-14   146   -34     0
2237.27 -6.86e-15  1.27e-14   146    -7     0
2239.93  2.63e-14  1.53e-14   146    29     0
2242.59  1.42e-14  1.27e-14   146    15     0
2245.26  1.06e-14  1.23e-14   146    11     0
2247.92 -3.37e-15  1.16e-14   146    -3     0
2250.58  1.45e-14  1.19e-14   147    16     0
2253.24  1.23e-14  1.16e-14   147    14     0
2255.91  1.97e-14  1.19e-14   147    23     0
2258.57  1.84e-14  1.15e-14   147    21     0
2261.23  1.30e-15  1.05e-14   147     1     0
2263.90  7.93e-15  1.06e-14   147     9     0
2266.56  5.01e-15  1.03e-14   147     6     0
2269.22  3.46e-15  9.93e-15   147     4     0
2271.88  4.20e-15  9.70e-15   147     5     0
2274.55  2.10e-15  9.37e-15   147     2     0
2277.21  7.35e-15  9.24e-15   147     9     0
2279.87  6.16e-15  9.88e-15   148     8     0
2282.53  9.54e-15  9.23e-15   148    12     0
2285.20  1.40e-14  9.36e-15   148    18     0
2287.86 -2.98e-15  8.58e-15   148    -3     0
2290.52 -1.16e-15  8.43e-15   148    -1     0
2293.18  1.31e-14  8.74e-15   148    17     0
2295.85  1.15e-14  8.58e-15   148    15     0
2298.51  6.16e-16  8.07e-15   148     0     0
2301.17 -2.55e-16  7.91e-15   148     0     0
2303.83 -1.70e-15  7.77e-15   148    -2     0
2306.50 -4.01e-15  7.76e-15   148    -5     0
2309.16  2.46e-15  1.01e-14   148     3     0
2311.82 -5.47e-15  7.30e-15   148    -7     0
2314.49  7.29e-15  7.45e-15   148    10     0
2317.15  1.61e-14  7.56e-15   149    23     0
2319.81  1.18e-14  7.37e-15   149    17     0
2322.47 -3.28e-17  6.73e-15   149     0     0
2325.14  9.26e-15  6.89e-15   149    14     0
2327.80  2.12e-14  7.33e-15   149    33     0
2330.46  1.79e-14  7.15e-15   149    28     0
2333.12  2.21e-14  7.07e-15   149    35     0
2335.79  2.35e-14  7.00e-15   149    39     0
2338.45  1.55e-14  6.42e-15   149    26     0
2341.11  2.67e-14  6.84e-15   149    46     0
2343.77  1.47e-14  6.20e-15   149    25     0
2346.44  2.06e-14  6.34e-15   149    36     0
2349.10  1.36e-14  5.76e-15   149    24     0
2351.76  2.10e-14  9.37e-15   149    38     0
2354.43  1.07e-14  5.50e-15   149    19     0
2357.09  1.97e-14  5.90e-15   149    36     0
2359.75  2.25e-14  5.97e-15   149    42     0
2362.41  2.84e-14  6.12e-15   149    54     0
2365.08  1.28e-14  6.27e-15   149    24     0
2367.74  2.13e-14  5.59e-15   149    41     0
2370.40  7.07e-15  4.84e-15   150    13     0
2373.06  2.45e-14  5.78e-15   150    48     0
2375.73  2.74e-14  5.75e-15   150    54     0
2378.39  7.73e-15  4.63e-15   150    15     0
2381.05  4.44e-14  6.46e-15   150    89     0
2383.71  5.18e-14  6.71e-15   150   105     0
2386.38  4.90e-14  6.58e-15   150   100     0
2389.04  2.47e-14  5.25e-15   150    51     0
2391.70  1.73e-14  5.49e-15   150    36     0
2394.37  3.55e-14  5.66e-15   150    75     0
2397.03  3.73e-14  5.88e-15   150    80     0
2399.69  2.65e-14  5.08e-15   150    57     0
2402.35  1.96e-14  4.63e-15   150    43     0
2405.02  2.38e-14  4.79e-15   150    52     0
2407.68  3.33e-14  5.14e-15   150    74     0
2410.34  2.37e-14  4.65e-15   150    53     0
2413.00  2.81e-14  4.77e-15   150    64     0
2415.67  1.95e-14  4.28e-15   150    45     0
2418.33  3.17e-15  3.41e-15   150     7     0
2420.99  1.57e-14  4.01e-15   150    37     0
2423.66  3.53e-15  3.34e-15   150     8     0
2426.32  5.80e-15  3.38e-15   150    14     0
2428.98  1.22e-14  4.18e-15   150    30     0
2431.64  1.16e-14  3.75e-15   150    28     0
2434.31  1.98e-14  4.09e-15   150    48     0
2436.97  1.21e-14  3.78e-15   150    29     0
2439.63  1.56e-14  3.72e-15   150    38     0
2442.29  1.79e-14  3.79e-15   150    45     0
2444.96  1.56e-14  3.61e-15   150    39     0
2447.62  1.62e-14  3.60e-15   150    41     0
2450.28  1.79e-14  3.63e-15   150    46     0
2452.94  1.54e-14  3.51e-15   150    40     0
2455.61  1.04e-14  3.24e-15   150    27     0
2458.27  1.35e-14  5.59e-15   150    35     0
2460.93  7.81e-15  3.96e-15   150    21     0
2463.59  6.57e-15  2.87e-15   150    18     0
2466.26  5.59e-15  3.03e-15   150    15     0
2468.92  1.73e-14  3.23e-15   150    48     0
2471.58  2.36e-14  3.43e-15   150    66     0
2474.25  1.86e-14  3.28e-15   150    53     0
2476.91  2.21e-14  3.31e-15   150    65     0
2479.57  3.58e-14  4.08e-15   150   107     0
2482.23  2.49e-14  3.37e-15   150    74     0
2484.90  1.79e-14  3.51e-15   150    53     0
2487.56  1.37e-14  2.93e-15   150    41     0
2490.22  1.64e-14  3.00e-15   150    49     0
2492.88  1.67e-14  3.00e-15   150    50     0
2495.55  1.09e-14  2.73e-15   150    32     0
2498.21  1.27e-14  2.82e-15   150    38     0
2500.87  1.39e-14  3.29e-15   150    41     0
2503.54  1.73e-14  3.02e-15   149    51     0
2506.20  1.52e-14  2.82e-15   149    45     0
2508.86  2.48e-14  3.29e-15   149    74     0
2511.52  2.11e-14  3.09e-15   149    64     0
2514.19  1.80e-14  2.92e-15   149    55     0
2516.85  1.27e-14  2.71e-15   149    38     0
2519.51  1.77e-14  2.93e-15   149    54     0
2522.17  1.64e-14  2.83e-15   149    51     0
2524.84  2.50e-14  3.19e-15   149    80     0
2527.50  1.74e-14  2.73e-15   149    56     0
2530.16  1.72e-14  2.84e-15   149    55     0
2532.82  1.80e-14  2.74e-15   149    59     0
2535.49  1.75e-14  2.73e-15   149    57     0
2538.15  2.18e-14  2.88e-15   149    72     0
2540.81  2.21e-14  2.90e-15   149    74     0
2543.48  1.65e-14  2.58e-15   149    56     0
2546.14  2.16e-14  2.81e-15   149    74     0
2548.80  2.05e-14  2.71e-15   149    71     0
2551.46  2.06e-14  2.66e-15   149    72     0
2554.13  1.85e-14  2.54e-15   149    66     0
2556.79  8.19e-15  2.07e-15   149    30     0
2559.45  1.42e-14  2.32e-15   149    52     0
2562.11  1.63e-14  2.43e-15   148    59     0
2564.78  1.94e-14  2.56e-15   148    70     0
2567.44  2.36e-14  2.62e-15   148    86     0
2570.10  1.68e-14  2.42e-15   148    61     0
2572.76  1.34e-14  2.28e-15   148    48     0
2575.43  1.48e-14  2.31e-15   148    54     0
2578.09  2.10e-14  2.56e-15   148    76     0
2580.75  1.08e-14  2.15e-15   148    39     0
2583.42  2.03e-14  2.53e-15   148    74     0
2586.08  3.31e-14  3.06e-15   148   122     0
2588.74  3.02e-14  2.91e-15   148   112     0
2591.40  2.22e-14  2.59e-15   148    82     0
2594.07  3.31e-14  2.97e-15   148   125     0
2596.73  4.74e-14  3.57e-15   148   180     0
2599.39  5.49e-14  4.95e-15   147   210     0
2602.05  4.54e-14  3.38e-15   147   175     0
2604.72  2.57e-14  2.62e-15   147   100     0
2607.38  3.49e-14  3.00e-15   147   137     0
2610.04  4.33e-14  3.31e-15   147   172     0
2612.70  5.76e-14  3.80e-15   147   230     0
2615.37  5.03e-14  3.53e-15   147   201     0
2618.03  4.11e-14  3.42e-15   147   165     0
2620.69  4.70e-14  3.38e-15   147   191     0
2623.35  5.70e-14  3.73e-15   147   232     0
2626.02  6.50e-14  3.98e-15   147   267     0
2628.68  6.82e-14  4.09e-15   147   281     0
2631.34  6.00e-14  3.80e-15   146   246     0
2634.01  3.41e-14  2.94e-15   146   140     0
2636.67  1.08e-14  1.90e-15   146    44     0
2639.33  8.17e-15  1.79e-15   146    33     0
2641.99  1.10e-14  1.90e-15   146    45     0
2644.66  1.04e-14  1.90e-15   146    43     0
2647.32  1.08e-14  1.86e-15   146    45     0
2649.98  7.91e-15  1.77e-15   146    33     0
2652.64  7.64e-15  1.77e-15   146    31     0
2655.31  8.12e-15  1.78e-15   146    34     0
2657.97  6.88e-15  1.68e-15   145    29     0
2660.63  6.79e-15  1.69e-15   145    29     0
2663.30  1.21e-14  1.97e-15   145    52     0
2665.96  1.49e-14  2.03e-15   145    64     0
2668.62  1.64e-14  2.08e-15   145    70     0
2671.28  1.85e-14  2.14e-15   145    80     0
2673.95  1.37e-14  1.95e-15   145    59     0
2676.61  9.87e-15  1.78e-15   145    43     0
2679.27  1.11e-14  1.85e-15   145    48     0
2681.93  1.28e-14  1.90e-15   144    56     0
2684.60  1.28e-14  2.08e-15   144    57     0
2687.26  1.52e-14  2.02e-15   144    67     0
2689.92  1.77e-14  2.48e-15   144    78     0
2692.58  1.38e-14  1.93e-15   144    60     0
2695.25  1.54e-14  2.03e-15   144    67     0
2697.91  1.46e-14  1.93e-15   144    64     0
2700.57  1.20e-14  1.85e-15   144    52     0
2703.24  1.40e-14  1.96e-15   144    61     0
2705.90  1.52e-14  1.99e-15   143    66     0
2708.56  1.39e-14  1.98e-15   143    60     0
2711.22  2.17e-14  2.27e-15   143    93     0
2713.89  2.61e-14  2.46e-15   143   111     0
2716.55  2.00e-14  2.20e-15   143    86     0
2719.21  1.66e-14  2.08e-15   143    71     0
2721.87  2.25e-14  2.29e-15   143    97     0
2724.54  2.17e-14  2.26e-15   143    94     0
2727.20  2.92e-14  3.40e-15   142   126     0
2729.86  3.11e-14  2.55e-15   142   135     0
2732.52  2.70e-14  2.44e-15   142   119     0
2735.19  2.72e-14  2.41e-15   142   121     0
2737.85  2.35e-14  2.28e-15   142   105     0
2740.51  2.66e-14  2.51e-15   142   119     0
2743.18  3.10e-14  2.69e-15   142   139     0
2745.84  4.35e-14  3.41e-15   141   195     0
2748.50  4.28e-14  2.92e-15   141   192     0
2751.16  3.47e-14  2.65e-15   141   152     0
2753.83  2.95e-14  2.49e-15   141   130     0
2756.49  3.34e-14  2.59e-15   141   149     0
2759.15  2.68e-14  2.41e-15   141   119     0
2761.81  2.31e-14  2.28e-15   141   103     0
2764.48  2.35e-14  2.30e-15   140   105     0
2767.14  2.18e-14  2.22e-15   140    97     0
2769.80  2.21e-14  2.26e-15   140    98     0
2772.46  1.64e-14  2.02e-15   140    72     0
2775.13  2.05e-14  2.23e-15   140    90     0
2777.79  1.96e-14  2.25e-15   140    86     0
2780.45  1.98e-14  2.18e-15   140    87     0
2783.12  1.97e-14  2.21e-15   139    86     0
2785.78  2.18e-14  2.28e-15   139    95     0
2788.44  3.43e-14  2.68e-15   139   149     0
2791.10  6.99e-14  4.40e-15   139   303     0
2793.77  1.83e-13  1.07e-14   139   789     0
2796.43  2.72e-13  1.80e-14   139  1168     0
2799.09  2.11e-13  1.43e-14   138   907     0
2801.75  2.23e-13  1.40e-14   138   952     0
2804.42  2.32e-13  1.43e-14   138   993     0
2807.08  1.12e-13  9.00e-15   138   483     0
2809.74  3.27e-14  2.73e-15   138   142     0
2812.40  1.55e-14  2.09e-15   138    67     0
2815.07  1.25e-14  1.97e-15   137    54     0
2817.73  1.64e-14  2.10e-15   137    71     0
2820.39  1.69e-14  2.11e-15   137    73     0
2823.06  1.23e-14  1.95e-15   137    53     0
2825.72  1.51e-14  2.06e-15   137    65     0
2828.38  2.03e-14  2.25e-15   137    88     0
2831.04  1.63e-14  2.09e-15   136    71     0
2833.71  1.79e-14  2.16e-15   136    77     0
2836.37  1.78e-14  2.19e-15   136    76     0
2839.03  1.82e-14  2.20e-15   136    78     0
2841.69  1.55e-14  2.11e-15   136    66     0
2844.36  2.22e-14  2.32e-15   136    95     0
2847.02  1.66e-14  2.20e-15   135    71     0
2849.68  1.98e-14  2.66e-15   135    85     0
2852.34  2.35e-14  2.43e-15   135   100     0
2855.01  2.05e-14  2.39e-15   135    86     0
2857.67  1.68e-14  2.20e-15   135    70     0
2860.33  1.64e-14  2.17e-15   134    69     0
2863.00  1.62e-14  2.18e-15   134    68     0
2865.66  2.04e-14  2.28e-15   134    86     0
2868.32  2.37e-14  2.40e-15   134   100     0
2870.98  2.27e-14  2.40e-15   134    93     0
2873.65  1.82e-14  2.26e-15   133    74     0
2876.31  2.31e-14  2.40e-15   133    95     0
2878.97  2.43e-14  2.48e-15   133   100     0
2881.63  2.62e-14  2.53e-15   133   107     0
2884.30  2.22e-14  2.43e-15   133    90     0
2886.96  2.19e-14  2.43e-15   133    89     0
2889.62  2.30e-14  2.46e-15   132    93     0
2892.28  1.70e-14  2.28e-15   132    68     0
2894.95  1.88e-14  2.32e-15   132    75     0
2897.61  1.97e-14  2.35e-15   132    79     0
2900.27  2.28e-14  2.45e-15   132    92     0
2902.94  2.06e-14  2.40e-15   131    82     0
2905.60  2.18e-14  2.48e-15   131    86     0
2908.26  2.16e-14  2.48e-15   131    85     0
2910.92  1.77e-14  2.33e-15   131    70     0
2913.59  1.68e-14  2.31e-15   130    66     0
2916.25  2.41e-14  2.55e-15   130    94     0
2918.91  2.84e-14  2.70e-15   130   110     0
2921.57  2.96e-14  2.72e-15   130   115     0
2924.24  2.97e-14  2.74e-15   130   114     0
2926.90  3.42e-14  2.89e-15   129   130     0
2929.56  2.74e-14  2.72e-15   129   103     0
2932.22  2.46e-14  2.67e-15   129    91     0
2934.89  2.79e-14  2.80e-15   129   102     0
2937.55  2.91e-14  2.85e-15   129   105     0
2940.21  2.16e-14  2.64e-15   128    77     0
2942.88  2.45e-14  2.75e-15   128    87     0
2945.54  2.57e-14  2.79e-15   128    91     0
2948.20  2.50e-14  2.78e-15   128    87     0
2950.86  2.55e-14  2.81e-15   127    89     0
2953.53  2.95e-14  2.93e-15   127   102     0
2956.19  2.63e-14  2.84e-15   127    92     0
2958.85  2.33e-14  2.76e-15   127    80     0
2961.51  2.42e-14  2.83e-15   126    82     0
2964.18  2.56e-14  2.89e-15   126    86     0
2966.84  2.20e-14  2.80e-15   126    72     0
2969.50  3.01e-14  3.09e-15   126    98     0
2972.16  2.94e-14  3.08e-15   126    95     0
2974.83  2.72e-14  3.02e-15   125    87     0
2977.49  2.65e-14  3.04e-15   125    84     0
2980.15  2.80e-14  3.10e-15   125    87     0
2982.82  3.46e-14  3.33e-15   125   107     0
2985.48  3.45e-14  3.34e-15   124   106     0
2988.14  2.85e-14  3.19e-15   124    86     0
2990.80  3.25e-14  3.33e-15   124    97     0
2993.47  2.31e-14  3.09e-15   124    68     0
2996.13  2.00e-14  3.03e-15   123    58     0
2998.79  2.44e-14  3.17e-15   123    70     0
3001.45  2.60e-14  3.24e-15   123    75     0
3004.12  2.26e-14  3.16e-15   122    64     0
3006.78  2.37e-14  3.19e-15   122    67     0
3009.44  2.32e-14  3.20e-15   122    65     0
3012.10  2.02e-14  3.16e-15   122    55     0
3014.77  1.81e-14  3.14e-15   121    49     0
3017.43  2.70e-14  3.42e-15   121    71     0
3020.09  2.46e-14  3.42e-15   121    64     0
3022.76  1.65e-14  3.22e-15   121    42     0
3025.42  1.63e-14  3.25e-15   120    41     0
3028.08  2.04e-14  3.41e-15   120    50     0
3030.74  1.99e-14  3.38e-15   120    49     0
3033.41  2.75e-14  3.63e-15   119    67     0
3036.07  2.97e-14  3.72e-15   119    72     0
3038.73  2.75e-14  3.69e-15   119    65     0
3041.39  2.81e-14  3.80e-15   119    65     0
3044.06  2.86e-14  3.86e-15   118    65     0
3046.72  2.64e-14  3.82e-15   118    59     0
3049.38  2.77e-14  3.91e-15   118    61     0
3052.04  2.61e-14  3.94e-15   117    57     0
3054.71  2.43e-14  4.06e-15   117    51     0
3057.37  2.22e-14  4.06e-15   117    46     0
3060.03  1.99e-14  4.03e-15   116    40     0
3062.70  2.72e-14  4.26e-15   116    54     0
3065.36  2.09e-14  4.02e-15   116    41     0
3068.02  1.62e-14  3.95e-15   115    31     0
3070.68  1.48e-14  3.95e-15   115    28     0
3073.35  2.96e-14  4.44e-15   115    55     0
3076.01  3.72e-14  4.71e-15   114    67     0
3078.67  3.94e-14  4.82e-15   114    70     0
3081.33  3.89e-14  4.84e-15   114    68     0
3084.00  2.91e-14  4.65e-15   113    50     0
3086.66  3.28e-14  4.81e-15   113    56     0
3089.32  2.94e-14  4.75e-15   113    49     0
3091.98  2.55e-14  4.71e-15   112    42     0
3094.65  1.75e-14  4.52e-15   112    28     0
3097.31  2.37e-14  4.80e-15   112    37     0
3099.97  2.95e-14  5.01e-15   111    45     0
3102.64  2.86e-14  5.01e-15   111    43     0
3105.30  2.76e-14  5.02e-15   111    41     0
3107.96  2.72e-14  5.09e-15   110    40     0
3110.62  3.14e-14  5.24e-15   110    45     0
3113.29  3.49e-14  5.40e-15   109    49     0
3115.95  3.30e-14  5.40e-15   109    45     0
3118.61  3.32e-14  5.50e-15   109    45     0
3121.27  3.44e-14  5.58e-15   108    45     0
3123.94  2.83e-14  5.49e-15   108    37     0
3126.60  3.03e-14  5.60e-15   108    38     0
3129.26  4.36e-14  6.01e-15   107    55     0
3131.92  4.51e-14  6.09e-15   107    56     0
3134.59  4.66e-14  6.16e-15   106    57     0
3137.25  3.25e-14  5.85e-15   106    38     0
3139.91  4.12e-14  6.16e-15   105    48     0
3142.58  4.80e-14  6.45e-15   105    54     0
3145.24  4.02e-14  6.32e-15   105    44     0
3147.90  4.98e-14  6.64e-15   104    54     0
3150.56  4.32e-14  6.54e-15   104    46     0
3153.23  4.09e-14  6.54e-15   103    42     0
3155.89  3.86e-14  6.53e-15   103    39     0
3158.55  3.68e-14  6.55e-15   102    36     0
3161.21  4.72e-14  6.89e-15   102    46     0
3163.88  4.51e-14  6.92e-15   101    43     0
3166.54  4.31e-14  6.96e-15   101    40     0
3169.20  4.78e-14  7.13e-15   100    43     0
3171.86  4.92e-14  7.26e-15   100    43     0
3174.53  4.56e-14  7.19e-15    99    39     0
3177.19  3.96e-14  7.01e-15    99    34     0
3179.85  4.74e-14  7.28e-15    98    40     0
3182.52  5.44e-14  7.54e-15    98    44     0
3185.18  4.58e-14  7.31e-15    97    37     0
3187.84  5.18e-14  7.53e-15    97    40     0
3190.50  4.60e-14  7.47e-15    96    35     0
3193.17  4.56e-14  7.54e-15    96    34     0
3195.83  5.24e-14  7.77e-15    95    38     0
3198.49  5.04e-14  7.75e-15    95    36     0
3201.15  4.44e-14  7.60e-15    94    31     0
3203.82  5.55e-14  8.00e-15    94    37     0
3206.48  4.71e-14  7.98e-15    93    30     0
3209.14  6.51e-14  8.51e-15    93    41     0
3211.80  7.32e-14  8.87e-15    92    45     0
3214.47  6.67e-14  8.64e-15    91    39     0
3217.13  6.23e-14  8.56e-15    91    36     0
3219.79  5.16e-14  8.42e-15    90    29     0
3222.46  4.24e-14  8.05e-15    90    23     0
3225.12  4.34e-14  9.94e-15    89    23     0
3227.78  6.01e-14  8.69e-15    88    31     0
3230.44  6.31e-14  8.64e-15    88    32     0
3233.11  6.04e-14  9.15e-15    87    30     0
3235.77  6.97e-14  9.22e-15    86    33     0
3238.43  6.53e-14  8.75e-15    86    30     0
3241.09  5.46e-14  8.43e-15    85    25     0
3243.76  5.33e-14  8.89e-15    84    23     0
3246.42  4.85e-14  8.20e-15    84    21     0
3249.08  4.07e-14  8.11e-15    83    17     0
3251.74  4.47e-14  8.02e-15    82    18     0
3254.41  5.31e-14  8.66e-15    82    21     0
3257.07  5.55e-14  8.56e-15    81    21     0
3259.73  4.05e-14  8.45e-15    80    15     0
3262.40  4.89e-14  8.63e-15    79    18     0
3265.06  6.83e-14  8.88e-15    79    25     0
3267.72  9.48e-14  1.26e-14    78    34     0
3270.38  7.99e-14  9.14e-15    77    28     0
3273.05  6.37e-14  1.13e-14    76    21     0
3275.71  7.34e-14  1.11e-14    76    24     0
3278.37  5.28e-14  9.96e-15    75    17     0
3281.03  4.18e-14  1.01e-14    74    13     0
3283.70  7.30e-14  1.04e-14    73    22     0
3286.36  7.31e-14  1.06e-14    72    22     0
3289.02  6.74e-14  1.14e-14    71    20     0
3291.68  7.37e-14  1.13e-14    71    21     0
3294.35  8.96e-14  2.02e-14    70    25     0
3297.01  1.20e-13  1.89e-14    69    33     0
3299.67  6.86e-14  1.33e-14    68    18     0
3302.34  8.89e-14  1.39e-14    67    23     0
3305.00  9.23e-14  1.81e-14    66    23     0
3307.66  8.52e-14  1.34e-14    65    20     0
3310.32  8.25e-14  1.38e-14    64    19     0
3312.99  4.87e-14  1.43e-14    63    11     0
3315.65  6.31e-14  1.68e-14    62    13     0
3318.31  7.22e-14  1.59e-14    61    15     0
3320.97  6.59e-14  1.68e-14    60    13     0
3323.64  5.56e-14  1.71e-14    59    10     0
3326.30  6.25e-14  1.79e-14    58    11     0
3328.96  9.36e-14  1.91e-14    57    16     0
3331.62  9.30e-14  1.92e-14    56    16     0
3334.29  7.12e-14  1.99e-14    55    11     0
3336.95  7.05e-14  1.99e-14    54    11     0
3339.61  9.57e-14  2.43e-14    53    15     0
3342.28  1.45e-13  2.25e-14    52    21     0
3344.94  1.62e-13  2.40e-14    51    23     0
3347.60  1.43e-13  2.47e-14    50    19     0
