NOT ORIGINAL IUE PROJECT DATA PRODUCT
LWP9053LOWLARGE
HD  197481
20:42:06
-31:31:05
48
NO-TRAIL
X-OFFSETS
719.421
10/09/86
14:29:26
253
7.83
23/01/95
GSFC
2446684.10377
57
31
1851.18  2.49e-13  1.13e-12   178    18     0
1853.84  8.09e-13  1.06e-12   178    63     0
1856.51 -4.79e-13  1.02e-12   178   -38     0
1859.17  5.98e-13  9.50e-13   178    51     0
1861.83 -3.59e-15  8.63e-13   178     0     0
1864.49  2.79e-13  7.92e-13   178    28     0
1867.16  8.09e-14  6.83e-13   178     9     0
1869.82  4.55e-13  6.41e-13   178    56     0
1872.48  1.79e-13  6.04e-13   177    23     0
1875.15  1.10e-13  5.42e-13   177    15     0
1877.81 -8.76e-13  5.10e-13   177  -132     0
1880.47 -1.82e-13  5.09e-13   177   -27     0
1883.13  9.32e-13  4.95e-13   177   147     0
1885.80 -5.82e-13  6.09e-13   177   -99     0
1888.46 -2.12e-13  4.20e-13   177   -37     0
1891.12  2.00e-13  4.00e-13   176    37     0
1893.78  6.34e-13  3.89e-13   176   122     0
1896.45  2.93e-13  3.65e-13   176    59     0
1899.11 -8.12e-14  3.47e-13   176   -16     0
1901.77 -1.50e-13  3.41e-13   176   -31     0
1904.43  2.07e-13  3.31e-13   175    45     0
1907.10 -5.12e-15  3.11e-13   175    -1     0
1909.76  1.22e-13  3.01e-13   175    28     0
1912.42  1.95e-13  3.07e-13   175    46     0
1915.09 -1.07e-13  2.99e-13   174   -26     0
1917.75  1.89e-13  2.97e-13   174    48     0
1920.41 -1.20e-13  2.72e-13   174   -32     0
1923.07 -4.10e-13  3.92e-13   173  -112     0
1925.74 -5.09e-14  2.43e-13   173   -14     0
1928.40  1.15e-13  2.35e-13   173    32     0
1931.06  1.51e-14  2.64e-13   172     4     0
1933.72 -3.42e-13  2.61e-13   172  -103     0
1936.39  1.24e-13  2.08e-13   172    38     0
1939.05 -1.76e-13  1.99e-13   171   -56     0
1941.71  4.05e-13  1.99e-13   171   133     0
1944.37 -3.43e-15  1.86e-13   171    -1     0
1947.04  7.67e-14  1.81e-13   170    26     0
1949.70  4.53e-14  1.74e-13   170    16     0
1952.36  2.20e-13  1.74e-13   170    79     0
1955.03  1.30e-13  1.67e-13   169    47     0
1957.69  1.72e-13  1.62e-13   169    65     0
1960.35 -6.80e-15  1.54e-13   169    -2     0
1963.01 -6.60e-14  1.49e-13   168   -26     0
1965.68  7.39e-14  1.43e-13   168    30     0
1968.34 -7.86e-14  1.45e-13   167   -33     0
1971.00  3.38e-14  1.36e-13   167    14     0
1973.66  1.99e-13  1.34e-13   167    86     0
1976.33  1.31e-13  1.25e-13   166    60     0
1978.99 -1.94e-13  1.19e-13   166   -91     0
1981.65 -4.52e-15  1.16e-13   165    -2     0
1984.31 -4.48e-14  1.13e-13   165   -22     0
1986.98  4.12e-14  1.11e-13   165    20     0
1989.64  1.30e-13  1.10e-13   164    66     0
1992.30 -9.67e-14  1.05e-13   164   -49     0
1994.97 -7.79e-14  1.02e-13   163   -40     0
1997.63  1.84e-14  9.94e-14   163     9     0
2000.29  1.64e-13  1.00e-13   163    88     0
2002.95 -9.35e-14  9.56e-14   162   -51     0
2005.62  1.46e-15  9.27e-14   162     0     0
2008.28  3.77e-14  9.11e-14   161    21     0
2010.94  6.15e-14  9.09e-14   161    34     0
2013.60  7.75e-14  8.97e-14   161    44     0
2016.27 -2.47e-14  8.58e-14   160   -14     0
2018.93 -1.04e-14  8.47e-14   160    -6     0
2021.59 -5.44e-14  8.65e-14   159   -30     0
2024.25 -1.61e-14  8.55e-14   159    -9     0
2026.92  6.59e-14  8.41e-14   159    38     0
2029.58  9.11e-14  8.39e-14   158    52     0
2032.24  7.97e-14  8.29e-14   158    46     0
2034.91  3.37e-14  8.10e-14   157    19     0
2037.57  5.30e-14  8.08e-14   157    30     0
2040.23 -2.79e-14  7.95e-14   157   -16     0
2042.89  1.24e-14  7.86e-14   156     7     0
2045.56 -1.03e-14  7.78e-14   156    -5     0
2048.22  9.66e-15  7.68e-14   155     5     0
2050.88  8.69e-14  7.67e-14   155    51     0
2053.54 -3.74e-14  7.43e-14   155   -22     0
2056.21  1.06e-13  7.46e-14   154    63     0
2058.87 -3.86e-14  7.16e-14   154   -23     0
2061.53 -4.20e-14  1.08e-13   154   -25     0
2064.19 -1.01e-13  1.19e-13   153   -61     0
2066.86  1.08e-14  6.96e-14   153     6     0
2069.52 -2.69e-14  6.85e-14   153   -16     0
2072.18  4.49e-14  6.73e-14   152    27     0
2074.85  3.44e-15  6.61e-14   152     2     0
2077.51  1.48e-14  6.45e-14   151     9     0
2080.17 -1.86e-14  6.41e-14   151   -11     0
2082.83  3.85e-14  6.38e-14   151    24     0
2085.50  5.02e-14  6.36e-14   150    31     0
2088.16 -8.95e-14  6.19e-14   150   -56     0
2090.82 -3.49e-14  6.04e-14   150   -22     0
2093.48 -1.51e-14  5.99e-14   149    -9     0
2096.15  7.76e-14  6.15e-14   149    48     0
2098.81  6.43e-14  6.09e-14   149    40     0
2101.47 -6.13e-14  5.96e-14   149   -38     0
2104.13  1.29e-14  5.92e-14   148     8     0
2106.80  2.42e-14  5.85e-14   148    15     0
2109.46  6.54e-14  5.90e-14   148    41     0
2112.12 -2.24e-14  5.80e-14   147   -13     0
2114.79 -8.37e-15  5.76e-14   147    -5     0
2117.45  2.09e-14  5.73e-14   147    12     0
2120.11  8.29e-14  5.75e-14   146    51     0
2122.77  1.43e-14  5.66e-14   146     8     0
2125.44 -2.30e-15  5.59e-14   146    -1     0
2128.10 -1.42e-14  5.41e-14   146    -8     0
2130.76 -1.00e-13  5.34e-14   145   -63     0
2133.42 -2.20e-14  5.28e-14   145   -13     0
2136.09  5.72e-14  5.35e-14   145    36     0
2138.75  4.59e-14  5.26e-14   145    29     0
2141.41 -1.60e-14  5.13e-14   144   -10     0
2144.07  8.41e-16  5.07e-14   144     0     0
2146.74  4.89e-15  5.00e-14   144     3     0
2149.40 -4.64e-14  4.94e-14   144   -29     0
2152.06 -1.86e-14  5.59e-14   143   -11     0
2154.73  6.19e-15  4.95e-14   143     3     0
2157.39 -1.47e-14  4.81e-14   143    -9     0
2160.05  2.22e-14  4.78e-14   143    14     0
2162.71 -1.51e-14  4.72e-14   142    -9     0
2165.38  7.13e-14  4.84e-14   142    45     0
2168.04 -1.40e-14  4.66e-14   142    -8     0
2170.70  8.64e-14  4.80e-14   142    54     0
2173.36  2.74e-15  4.60e-14   142     1     0
2176.03 -6.15e-14  4.52e-14   141   -39     0
2178.69  3.71e-14  4.52e-14   141    23     0
2181.35 -7.55e-14  4.51e-14   141   -47     0
2184.01 -8.05e-15  4.45e-14   141    -5     0
2186.68 -7.50e-15  4.35e-14   141    -4     0
2189.34 -1.09e-13  4.30e-14   141   -69     0
2192.00 -2.21e-14  4.25e-14   140   -14     0
2194.67 -1.95e-14  4.21e-14   140   -12     0
2197.33 -5.84e-14  4.22e-14   140   -36     0
2199.99  4.13e-14  4.24e-14   140    26     0
2202.65 -1.95e-16  4.10e-14   140     0     0
2205.32 -1.19e-14  4.05e-14   140    -7     0
2207.98 -1.98e-14  4.00e-14   139   -12     0
2210.64 -9.51e-15  3.95e-14   139    -6     0
2213.30 -4.23e-14  3.90e-14   139   -27     0
2215.97  2.89e-14  3.93e-14   139    18     0
2218.63 -1.96e-14  3.85e-14   139   -12     0
2221.29  1.13e-14  3.75e-14   139     7     0
2223.95  5.09e-14  4.40e-14   139    33     0
2226.62  8.39e-14  5.17e-14   139    53     0
2229.28 -3.40e-14  3.69e-14   138   -21     0
2231.94 -2.36e-14  4.31e-14   138   -15     0
2234.61  2.85e-14  3.54e-14   138    19     0
2237.27  5.14e-14  3.61e-14   138    33     0
2239.93 -1.88e-14  3.46e-14   138   -12     0
2242.59  7.03e-15  3.40e-14   138     4     0
2245.26  5.13e-14  3.43e-14   138    34     0
2247.92  8.55e-15  3.27e-14   138     5     0
2250.58 -2.03e-14  3.17e-14   138   -14     0
2253.24  1.95e-14  3.12e-14   138    13     0
2255.91 -1.45e-14  3.08e-14   138   -10     0
2258.57  2.34e-14  3.03e-14   137    16     0
2261.23  1.24e-14  2.97e-14   137     9     0
2263.90  1.89e-14  2.90e-14   137    13     0
2266.56  3.50e-14  2.91e-14   137    25     0
2269.22  6.32e-14  3.50e-14   137    47     0
2271.88  1.65e-14  2.71e-14   137    12     0
2274.55 -3.53e-14  2.64e-14   137   -27     0
2277.21  2.99e-14  2.60e-14   137    23     0
2279.87 -5.40e-15  2.51e-14   137    -4     0
2282.53  2.52e-14  2.52e-14   137    20     0
2285.20  7.31e-15  2.45e-14   137     5     0
2287.86  4.94e-14  2.51e-14   137    39     0
2290.52 -2.55e-14  2.38e-14   137   -20     0
2293.18  7.64e-15  2.41e-14   137     6     0
2295.85 -4.44e-15  2.54e-14   137    -3     0
2298.51  2.36e-14  2.32e-14   137    19     0
2301.17  2.11e-14  2.59e-14   137    17     0
2303.83  3.56e-14  2.25e-14   137    29     0
2306.50  8.27e-14  2.36e-14   137    69     0
2309.16  2.15e-14  2.18e-14   137    18     0
2311.82 -4.45e-16  2.06e-14   137     0     0
2314.49 -2.77e-14  2.35e-14   136   -24     0
2317.15 -1.29e-14  1.99e-14   136   -11     0
2319.81  5.24e-14  2.05e-14   136    47     0
2322.47 -2.19e-14  2.28e-14   136   -20     0
2325.14  4.93e-14  1.94e-14   136    46     0
2327.80  4.73e-14  1.88e-14   136    45     0
2330.46  3.58e-14  1.84e-14   136    34     0
2333.12  2.81e-14  1.92e-14   136    27     0
2335.79  1.95e-15  1.66e-14   136     1     0
2338.45  6.67e-14  1.95e-14   136    68     0
2341.11 -1.15e-14  2.52e-14   136   -11     0
2343.77  7.19e-14  1.71e-14   136    76     0
2346.44  2.35e-15  1.51e-14   136     2     0
2349.10  2.02e-14  1.76e-14   136    22     0
2351.76  4.45e-14  1.54e-14   136    49     0
2354.43  4.11e-14  1.82e-14   136    45     0
2357.09  1.97e-14  1.42e-14   136    22     0
2359.75  1.16e-14  1.44e-14   136    13     0
2362.41  2.58e-14  1.43e-14   136    29     0
2365.08  3.06e-14  1.38e-14   136    35     0
2367.74  1.80e-14  1.34e-14   136    20     0
2370.40  8.81e-15  1.92e-14   136    10     0
2373.06  5.16e-14  1.37e-14   136    61     0
2375.73  1.98e-14  1.63e-14   136    23     0
2378.39  3.83e-14  1.38e-14   136    46     0
2381.05  6.11e-14  1.34e-14   136    73     0
2383.71  3.09e-14  1.82e-14   136    37     0
2386.38  2.17e-14  2.07e-14   136    26     0
2389.04  3.65e-14  2.18e-14   136    45     0
2391.70  2.53e-14  1.41e-14   136    31     0
2394.37  2.28e-14  1.57e-14   136    28     0
2397.03  3.31e-14  2.00e-14   136    42     0
2399.69 -9.90e-15  1.62e-14   136   -12     0
2402.35  6.15e-15  1.56e-14   136     8     0
2405.02  5.38e-14  2.38e-14   136    71     0
2407.68 -7.09e-15  2.15e-14   136    -9     0
2410.34  1.54e-14  1.31e-14   136    21     0
2413.00  8.10e-15  1.07e-14   136    11     0
2415.67 -2.99e-14  1.09e-14   136   -41     0
2418.33  2.07e-14  9.88e-15   136    29     0
2420.99 -1.43e-14  9.99e-15   136   -20     0
2423.66  8.54e-15  1.07e-14   136    12     0
2426.32 -5.89e-15  1.08e-14   136    -8     0
2428.98  3.66e-15  9.96e-15   136     5     0
2431.64  1.22e-14  1.15e-14   136    17     0
2434.31  2.27e-14  9.16e-15   136    33     0
2436.97  8.06e-15  1.05e-14   136    11     0
2439.63  2.21e-14  1.03e-14   136    33     0
2442.29  3.79e-14  1.04e-14   136    57     0
2444.96  1.18e-14  1.09e-14   136    18     0
2447.62  6.91e-15  1.46e-14   136    10     0
2450.28 -4.32e-16  1.09e-14   136     0     0
2452.94  1.15e-14  8.41e-15   136    18     0
2455.61  1.41e-14  9.15e-15   136    22     0
2458.27  5.73e-15  1.15e-14   136     9     0
2460.93  8.31e-15  1.24e-14   136    13     0
2463.59 -2.20e-15  7.83e-15   136    -3     0
2466.26 -3.76e-15  1.06e-14   136    -6     0
2468.92  1.20e-14  9.24e-15   136    20     0
2471.58  4.74e-16  7.01e-15   136     0     0
2474.25  4.81e-14  8.16e-15   136    83     0
2476.91  2.02e-14  1.61e-14   136    36     0
2479.57  2.26e-14  1.07e-14   136    40     0
2482.23  1.58e-14  1.36e-14   136    28     0
2484.90  4.88e-16  1.25e-14   136     0     0
2487.56 -7.00e-16  9.15e-15   136    -1     0
2490.22  1.33e-14  1.23e-14   136    24     0
2492.88  1.48e-14  9.59e-15   136    26     0
2495.55  2.48e-15  9.59e-15   136     4     0
2498.21 -2.45e-15  1.29e-14   136    -4     0
2500.87  3.14e-15  1.36e-14   136     5     0
2503.54  2.21e-15  6.87e-15   136     3     0
2506.20  3.45e-15  1.35e-14   136     6     0
2508.86  1.50e-14  9.11e-15   136    26     0
2511.52  2.11e-14  1.09e-14   136    38     0
2514.19 -7.31e-15  1.13e-14   136   -13     0
2516.85  1.78e-15  1.22e-14   136     3     0
2519.51  7.36e-15  9.91e-15   135    13     0
2522.17 -1.77e-15  6.61e-15   135    -3     0
2524.84  7.07e-15  1.00e-14   135    13     0
2527.50  1.02e-14  1.05e-14   135    19     0
2530.16  1.13e-14  9.84e-15   135    22     0
2532.82  3.94e-15  1.22e-14   135     7     0
2535.49  1.34e-14  1.01e-14   135    26     0
2538.15  3.07e-14  1.10e-14   135    61     0
2540.81  1.14e-14  7.67e-15   135    23     0
2543.48  1.59e-14  1.03e-14   135    32     0
2546.14  4.11e-15  8.34e-15   135     8     0
2548.80  1.18e-14  7.68e-15   135    24     0
2551.46  1.78e-14  9.51e-15   135    37     0
2554.13 -2.08e-16  6.60e-15   134     0     0
2556.79  1.15e-14  6.47e-15   134    25     0
2559.45 -9.35e-16  7.49e-15   134    -2     0
2562.11  1.11e-14  6.20e-15   134    24     0
2564.78 -2.67e-15  8.59e-15   134    -5     0
2567.44  1.56e-14  7.95e-15   134    34     0
2570.10  9.22e-15  9.43e-15   134    20     0
2572.76  4.96e-15  6.09e-15   134    10     0
2575.43  2.01e-14  9.12e-15   134    44     0
2578.09  2.07e-14  8.07e-15   134    45     0
2580.75  1.97e-14  1.01e-14   133    43     0
2583.42  1.56e-14  7.52e-15   133    34     0
2586.08  2.46e-14  7.45e-15   133    54     0
2588.74  1.12e-14  7.59e-15   133    25     0
2591.40  1.70e-14  9.09e-15   133    38     0
2594.07  2.27e-14  1.28e-14   133    51     0
2596.73  3.40e-14  1.48e-14   133    77     0
2599.39  2.42e-14  9.91e-15   133    55     0
2602.05  3.05e-14  1.18e-14   132    71     0
2604.72  2.15e-14  1.29e-14   132    50     0
2607.38  2.86e-14  1.12e-14   132    67     0
2610.04  2.42e-14  1.21e-14   132    58     0
2612.70  3.38e-14  1.12e-14   132    81     0
2615.37  3.35e-14  1.27e-14   132    80     0
2618.03  4.45e-14  1.35e-14   131   107     0
2620.69  4.45e-14  1.51e-14   131   108     0
2623.35  4.28e-14  1.66e-14   131   105     0
2626.02  3.64e-14  1.26e-14   131    90     0
2628.68  2.27e-14  1.16e-14   131    56     0
2631.34  2.01e-14  4.56e-15   131    49     0
2634.01  9.32e-15  6.21e-15   130    23     0
2636.67  1.05e-14  4.67e-15   130    25     0
2639.33  1.03e-14  5.43e-15   130    25     0
2641.99  6.81e-15  6.60e-15   130    17     0
2644.66  4.75e-15  5.23e-15   130    12     0
2647.32  1.72e-16  4.40e-15   130     0     0
2649.98  2.94e-15  4.89e-15   129     7     0
2652.64  1.13e-14  6.25e-15   129    28     0
2655.31  1.18e-14  7.05e-15   129    30     0
2657.97  1.03e-14  5.13e-15   129    26     0
2660.63  1.23e-14  5.17e-15   129    31     0
2663.30 -2.77e-15  3.99e-15   128    -7     0
2665.96  1.16e-14  6.97e-15   128    30     0
2668.62  1.10e-14  4.17e-15   128    28     0
2671.28 -2.44e-16  4.20e-15   128     0     0
2673.95  3.14e-15  3.96e-15   128     8     0
2676.61  8.23e-15  4.08e-15   127    21     0
2679.27 -1.93e-15  3.94e-15   127    -5     0
2681.93  4.67e-15  3.96e-15   127    12     0
2684.60 -1.20e-16  3.90e-15   127     0     0
2687.26 -6.90e-16  3.91e-15   126    -1     0
2689.92  3.91e-16  5.72e-15   126     1     0
2692.58  9.51e-15  4.15e-15   126    25     0
2695.25  8.00e-15  4.08e-15   126    21     0
2697.91 -2.10e-15  4.03e-15   125    -5     0
2700.57  4.11e-16  3.98e-15   125     1     0
2703.24  8.43e-15  4.13e-15   125    22     0
2705.90  7.73e-15  5.59e-15   125    20     0
2708.56  8.34e-15  5.50e-15   124    21     0
2711.22  8.57e-15  4.96e-15   124    22     0
2713.89  1.35e-14  7.35e-15   124    34     0
2716.55  1.04e-14  6.06e-15   124    26     0
2719.21  2.13e-14  4.95e-15   123    55     0
2721.87  2.06e-14  7.66e-15   123    53     0
2724.54  1.76e-14  7.02e-15   123    46     0
2727.20  2.78e-14  8.13e-15   123    72     0
2729.86  1.56e-14  4.75e-15   122    40     0
2732.52  1.49e-14  1.00e-14   122    39     0
2735.19  1.73e-14  8.21e-15   122    46     0
2737.85  1.58e-14  7.67e-15   122    42     0
2740.51  2.67e-14  1.26e-14   121    72     0
2743.18  2.34e-14  1.09e-14   121    62     0
2745.84  2.18e-14  9.59e-15   121    58     0
2748.50  2.44e-14  7.85e-15   121    65     0
2751.16  2.26e-14  8.49e-15   120    59     0
2753.83  1.53e-14  7.23e-15   120    40     0
2756.49  1.07e-14  7.61e-15   120    28     0
2759.15  1.24e-14  5.71e-15   119    33     0
2761.81  9.57e-15  7.59e-15   119    25     0
2764.48  9.59e-15  5.60e-15   119    25     0
2767.14  1.06e-14  5.82e-15   119    28     0
2769.80  8.32e-15  6.01e-15   118    22     0
2772.46  1.56e-14  6.93e-15   118    41     0
2775.13  7.59e-15  4.18e-15   118    20     0
2777.79  1.27e-14  4.93e-15   117    33     0
2780.45  1.12e-14  4.23e-15   117    29     0
2783.12  2.55e-14  8.27e-15   117    67     0
2785.78  5.05e-14  1.98e-14   116   133     0
2788.44  1.15e-13  4.15e-14   116   300     0
2791.10  2.14e-13  7.59e-14   116   559     0
2793.77  2.19e-13  7.54e-14   116   568     0
2796.43  1.48e-13  5.44e-14   115   381     0
2799.09  1.69e-13  5.73e-14   115   437     0
2801.75  1.09e-13  3.76e-14   115   280     0
2804.42  2.11e-14  1.05e-14   114    54     0
2807.08  1.08e-14  8.11e-15   114    28     0
2809.74  1.19e-14  6.12e-15   114    31     0
2812.40  1.09e-14  4.87e-15   113    28     0
2815.07  1.08e-14  4.35e-15   113    28     0
2817.73  6.83e-15  4.43e-15   113    17     0
2820.39  1.42e-14  5.10e-15   113    37     0
2823.06  1.12e-14  4.82e-15   112    29     0
2825.72  9.65e-15  5.63e-15   112    25     0
2828.38  1.55e-14  6.40e-15   112    40     0
2831.04  8.39e-15  4.51e-15   111    22     0
2833.71  1.68e-14  4.94e-15   111    43     0
2836.37  1.46e-14  4.53e-15   111    37     0
2839.03  1.21e-14  4.51e-15   110    31     0
2841.69  7.75e-15  4.42e-15   110    20     0
2844.36  4.01e-15  4.46e-15   110    10     0
2847.02  6.55e-15  4.87e-15   109    17     0
2849.68  5.39e-15  6.34e-15   109    13     0
2852.34  4.43e-15  5.37e-15   109    11     0
2855.01  9.56e-15  6.30e-15   108    24     0
2857.67  7.80e-15  4.98e-15   108    19     0
2860.33  2.00e-14  6.36e-15   108    50     0
2863.00  1.23e-14  5.41e-15   107    30     0
2865.66  8.10e-15  5.73e-15   107    20     0
2868.32  1.14e-14  4.61e-15   107    28     0
2870.98  1.28e-14  4.73e-15   107    31     0
2873.65  1.93e-14  4.95e-15   106    47     0
2876.31  2.11e-14  8.22e-15   106    52     0
2878.97  2.19e-14  4.89e-15   106    54     0
2881.63  1.82e-14  5.21e-15   105    44     0
2884.30  2.31e-14  6.06e-15   105    56     0
2886.96  1.75e-14  5.71e-15   105    42     0
2889.62  1.78e-14  4.95e-15   104    43     0
2892.28  1.32e-14  4.83e-15   104    32     0
2894.95  1.13e-14  4.83e-15   104    27     0
2897.61  9.38e-15  6.34e-15   103    22     0
2900.27  1.16e-14  4.82e-15   103    28     0
2902.94  1.03e-14  4.81e-15   103    25     0
2905.60  1.58e-14  5.01e-15   102    37     0
2908.26  2.33e-14  5.22e-15   102    55     0
2910.92  1.02e-14  5.10e-15   102    24     0
2913.59  1.31e-14  5.05e-15   101    31     0
2916.25  1.04e-14  5.07e-15   101    24     0
2918.91  2.02e-14  6.50e-15   101    47     0
2921.57  2.87e-14  8.81e-15   101    67     0
2924.24  2.02e-14  7.17e-15   100    46     0
2926.90  1.94e-14  6.40e-15   100    44     0
2929.56  2.08e-14  5.79e-15   100    47     0
2932.22  1.88e-14  5.43e-15    99    42     0
2934.89  1.82e-14  5.40e-15    99    40     0
2937.55  1.27e-14  6.02e-15    99    27     0
2940.21  1.10e-14  5.39e-15    98    23     0
2942.88  2.01e-14  6.48e-15    98    43     0
2945.54  2.02e-14  5.92e-15    98    42     0
2948.20  1.27e-14  5.56e-15    97    26     0
2950.86  2.39e-14  5.73e-15    97    50     0
2953.53  1.76e-14  5.66e-15    97    36     0
2956.19  2.12e-14  6.75e-15    97    44     0
2958.85  2.72e-14  8.39e-15    96    56     0
2961.51  2.51e-14  6.66e-15    96    51     0
2964.18  2.62e-14  6.09e-15    96    52     0
2966.84  1.96e-14  5.98e-15    95    38     0
2969.50  1.60e-14  5.99e-15    95    31     0
2972.16  2.37e-14  8.59e-15    95    46     0
2974.83  2.05e-14  7.67e-15    94    39     0
2977.49  1.81e-14  6.16e-15    94    34     0
2980.15  2.06e-14  6.28e-15    94    38     0
2982.82  1.96e-14  8.48e-15    94    36     0
2985.48  1.93e-14  6.91e-15    93    35     0
2988.14  8.84e-15  6.24e-15    93    16     0
2990.80  2.36e-14  6.67e-15    93    42     0
2993.47  2.78e-14  7.77e-15    92    49     0
2996.13  2.84e-14  6.80e-15    92    50     0
2998.79  2.70e-14  6.81e-15    92    47     0
3001.45  2.87e-14  6.83e-15    92    49     0
3004.12  1.97e-14  6.79e-15    91    33     0
3006.78  1.11e-14  6.61e-15    91    19     0
3009.44  1.30e-14  6.71e-15    91    22     0
3012.10  1.42e-14  6.85e-15    90    23     0
3014.77  7.49e-15  6.83e-15    90    12     0
3017.43  1.92e-14  7.13e-15    90    30     0
3020.09  1.89e-14  7.27e-15    90    29     0
3022.76  1.80e-14  7.33e-15    89    27     0
3025.42  1.56e-14  7.34e-15    89    23     0
3028.08  2.08e-14  7.53e-15    89    31     0
3030.74  2.32e-14  7.55e-15    88    34     0
3033.41  2.07e-14  7.60e-15    88    30     0
3036.07  1.69e-14  7.63e-15    88    24     0
3038.73  1.81e-14  7.72e-15    88    26     0
3041.39  2.33e-14  7.98e-15    87    32     0
3044.06  1.75e-14  7.99e-15    87    24     0
3046.72  2.13e-14  8.12e-15    87    29     0
3049.38  2.07e-14  8.24e-15    86    27     0
3052.04  4.72e-15  8.49e-15    86     6     0
3054.71  8.37e-15  8.91e-15    86    10     0
3057.37  2.16e-14  9.86e-15    86    27     0
3060.03  3.00e-14  9.89e-15    85    36     0
3062.70  1.94e-14  9.62e-15    85    23     0
3065.36  1.11e-14  8.89e-15    85    13     0
3068.02  2.69e-14  9.26e-15    84    31     0
3070.68  2.26e-14  9.28e-15    84    25     0
3073.35  1.42e-14  9.28e-15    84    15     0
3076.01  2.43e-14  9.80e-15    84    26     0
3078.67  2.60e-14  9.76e-15    83    28     0
3081.33  2.86e-14  9.86e-15    83    30     0
3084.00  2.37e-14  9.93e-15    83    24     0
3086.66  6.34e-15  9.82e-15    82     6     0
3089.32  1.89e-14  1.01e-14    82    19     0
3091.98  2.72e-14  1.04e-14    82    26     0
3094.65  1.34e-14  1.03e-14    81    13     0
3097.31  1.64e-14  1.05e-14    81    15     0
3099.97  1.28e-14  1.06e-14    81    11     0
3102.64  1.74e-14  1.07e-14    81    16     0
3105.30  3.37e-14  1.11e-14    80    30     0
3107.96  2.98e-14  1.11e-14    80    26     0
3110.62  2.82e-14  1.12e-14    80    24     0
3113.29  2.69e-14  1.14e-14    79    22     0
3115.95  2.05e-14  1.14e-14    79    17     0
3118.61  9.14e-15  1.14e-14    79     7     0
3121.27  2.06e-14  1.17e-14    78    16     0
3123.94  3.36e-14  1.20e-14    78    26     0
3126.60  3.44e-14  1.23e-14    78    26     0
3129.26  4.28e-14  1.99e-14    77    32     0
3131.92  1.03e-13  5.43e-14    77    77     0
3134.59  1.37e-13  6.77e-14    77   101     0
3137.25  8.60e-14  2.95e-14    76    61     0
3139.91  6.56e-14  1.43e-14    76    46     0
3142.58  5.23e-14  1.33e-14    75    35     0
3145.24  1.91e-14  1.29e-14    75    12     0
3147.90  1.64e-14  1.31e-14    75    10     0
3150.56  3.48e-14  1.35e-14    74    22     0
3153.23  3.26e-14  1.36e-14    74    20     0
3155.89  2.74e-14  1.69e-14    74    16     0
3158.55  5.79e-14  1.42e-14    73    34     0
3161.21  6.69e-14  1.45e-14    73    39     0
3163.88  3.03e-14  1.40e-14    72    17     0
3166.54  3.06e-14  1.49e-14    72    17     0
3169.20  1.94e-14  1.47e-14    72    10     0
3171.86  5.72e-14  1.66e-14    71    30     0
3174.53  6.73e-14  1.52e-14    71    35     0
3177.19  1.34e-14  1.43e-14    70     6     0
3179.85  9.92e-16  1.43e-14    70     0     0
3182.52  2.06e-14  1.47e-14    69    10     0
3185.18  2.23e-14  1.47e-14    69    10     0
3187.84  2.27e-14  1.48e-14    68    10     0
3190.50  2.99e-14  1.79e-14    68    13     0
3193.17  2.78e-14  1.51e-14    67    12     0
3195.83  2.75e-14  1.52e-14    67    12     0
3198.49  6.54e-14  1.74e-14    66    28     0
3201.15  3.92e-14  1.83e-14    66    16     0
3203.82  3.69e-14  1.58e-14    65    15     0
3206.48  3.06e-14  1.59e-14    65    11     0
3209.14  2.66e-14  1.60e-14    64    10     0
3211.80  4.77e-14  1.75e-14    64    17     0
3214.47  2.73e-14  1.61e-14    63     9     0
3217.13  2.73e-14  1.85e-14    62     9     0
3219.79  3.23e-14  1.66e-14    62    10     0
3222.46  4.18e-14  1.74e-14    61    14     0
3225.12  1.36e-15  1.58e-14    61     0     0
3227.78  5.61e-15  1.60e-14    60     1     0
3230.44  2.28e-14  2.40e-14    59     7     0
3233.11  4.99e-14  1.64e-14    59    15     0
3235.77  6.33e-14  1.67e-14    58    18     0
3238.43  4.41e-14  1.70e-14    57    12     0
3241.09  2.97e-15  1.74e-14    56     0     0
3243.76  3.94e-14  1.78e-14    56    10     0
3246.42  4.55e-14  2.18e-14    55    11     0
3249.08  4.28e-14  1.88e-14    54    10     0
3251.74  6.58e-14  1.93e-14    53    16     0
3254.41  2.07e-14  1.96e-14    53     5     0
3257.07  4.50e-14  2.07e-14    52    10     0
3259.73  4.83e-14  2.30e-14    51    11     0
3262.40  5.93e-14  3.41e-14    50    13     0
3265.06  6.55e-14  2.52e-14    49    14     0
3267.72  6.49e-14  2.61e-14    48    14     0
3270.38  6.23e-14  2.60e-14    47    13     0
3273.05  6.72e-14  2.58e-14    46    13     0
3275.71  5.99e-14  2.61e-14    46    11     0
3278.37  6.55e-14  2.47e-14    45    12     0
3281.03  3.02e-14  2.78e-14    44     5     0
3283.70  1.31e-14  2.55e-14    43     2     0
3286.36  3.25e-14  2.70e-14    41     5     0
3289.02  9.37e-15  3.34e-14    40     1     0
3291.68  4.05e-14  3.13e-14    39     7     0
3294.35  5.58e-14  3.83e-14    38     9     0
3297.01  1.93e-14  3.06e-14    37     3     0
3299.67  3.19e-14  3.17e-14    36     5     0
3302.34  7.85e-14  3.11e-14    35    12     0
3305.00  6.67e-14  3.49e-14    33    10     0
3307.66  1.27e-13  3.30e-14    32    18     0
3310.32  1.52e-13  3.37e-14    31    21     0
3312.99  8.95e-14  3.49e-14    30    12     0
3315.65  9.06e-14  4.13e-14    28    11     0
3318.31  5.37e-14  3.83e-14    27     6     0
3320.97  9.19e-14  4.10e-14    26    11     0
3323.64 -1.39e-14  4.27e-14    24    -1     0
3326.30  9.36e-14  4.44e-14    23    10     0
3328.96  1.31e-13  4.43e-14    21    14     0
3331.62  6.98e-14  4.63e-14    20     7     0
3334.29  3.82e-14  4.91e-14    18     3     0
3336.95  9.67e-14  4.79e-14    16     9     0
3339.61 -2.94e-14  4.97e-14    15    -2     0
3342.28  1.38e-13  5.30e-14    13    12     0
3344.94  1.29e-13  5.50e-14    11    11     0
3347.60  3.04e-13  1.16e-13    10    25     0
