NOT ORIGINAL IUE PROJECT DATA PRODUCT
LWP09116LOWLARGE
HD  197481
20:42:06
-31:31:05
48
NO-TRAIL
ALONG-APER
1199.595
18/09/86
21:35:47
261
8.50
29/07/99
VILSPA
2446692.39985
59
31
1851.21  2.25e-13  6.72e-13   112    27     0
1853.87  7.14e-13  6.33e-13   112    93     0
1856.53  3.90e-13  6.12e-13   112    52     0
1859.19 -7.53e-13  5.62e-13   112  -108     0
1861.86  4.87e-13  5.19e-13   112    76     0
1864.52  1.48e-13  4.69e-13   113    25     0
1867.18  5.91e-13  4.13e-13   113   114     0
1869.84  3.62e-13  3.82e-13   113    74     0
1872.51 -1.16e-13  3.57e-13   113   -25     0
1875.17 -2.64e-13  3.21e-13   113   -63     0
1877.83  9.72e-14  3.03e-13   113    24     0
1880.49 -3.49e-14  3.02e-13   113    -8     0
1883.16  1.59e-13  2.87e-13   113    41     0
1885.82 -7.79e-14  3.69e-13   113   -22     0
1888.48 -1.97e-13  2.51e-13   113   -58     0
1891.15  3.11e-13  3.38e-13   113    96     0
1893.81  1.57e-13  2.27e-13   113    50     0
1896.47  3.85e-14  2.14e-13   113    12     0
1899.13 -2.22e-13  2.05e-13   113   -77     0
1901.80 -1.95e-13  2.02e-13   113   -68     0
1904.46  2.69e-13  1.98e-13   113    97     0
1907.12  1.03e-13  1.89e-13   113    39     0
1909.78  1.11e-13  1.92e-13   113    43     0
1912.45  7.71e-14  1.85e-13   113    30     0
1915.11  1.59e-13  1.84e-13   113    65 -4096
1917.77 -2.32e-13  2.31e-13   113   -98     0
1920.44 -3.25e-13  2.45e-13   113  -144     0
1923.10  1.20e-14  1.45e-13   113     5     0
1925.76  7.41e-14  1.44e-13   113    33     0
1928.42 -2.18e-13  2.51e-13   113  -103     0
1931.09 -8.35e-15  1.32e-13   113    -4     0
1933.75 -2.17e-13  3.24e-13   113  -109     0
1936.41  4.13e-14  1.22e-13   113    21     0
1939.07  9.51e-14  1.19e-13   113    50     0
1941.74  7.55e-14  1.15e-13   113    41     0
1944.40  1.31e-13  1.12e-13   113    73     0
1947.06 -3.55e-14  1.06e-13   113   -20     0
1949.72  4.69e-14  1.03e-13   113    27     0
1952.39  1.20e-13  1.02e-13   113    72     0
1955.05  7.44e-14  9.83e-14   113    45     0
1957.71  5.45e-14  9.47e-14   113    34     0
1960.38  2.11e-14  9.10e-14   113    13     0
1963.04  1.66e-14  8.82e-14   113    10     0
1965.70  3.07e-14  8.40e-14   113    21     0
1968.36 -1.86e-13  9.94e-14   113  -131     0
1971.03  5.10e-14  8.10e-14   113    36     0
1973.69  7.78e-14  7.87e-14   113    56     0
1976.35 -4.90e-14  7.25e-14   113   -37     0
1979.01 -1.00e-13  7.02e-14   113   -79     0
1981.68 -2.47e-14  6.86e-14   113   -19     0
1984.34  7.10e-14  6.77e-14   113    58     0
1987.00  5.81e-14  6.60e-14   113    48     0
1989.67 -4.66e-14  6.32e-14   113   -39     0
1992.33  2.79e-14  6.22e-14   113    23     0
1994.99 -2.51e-14  6.02e-14   113   -21     0
1997.65 -1.23e-14  5.84e-14   113   -10     0
2000.32  1.45e-15  5.75e-14   113     1     0
2002.98  7.67e-14  5.74e-14   113    69     0
2005.64  3.87e-14  5.51e-14   113    35     0
2008.30  8.75e-14  5.52e-14   113    82     0
2010.97 -7.38e-15  5.31e-14   113    -6     0
2013.63 -1.18e-13  5.23e-14   113  -112     0
2016.29  5.27e-14  5.13e-14   113    51     0
2018.95  1.01e-14  4.99e-14   113     9     0
2021.62  3.88e-14  5.15e-14   113    36     0
2024.28  8.63e-14  5.19e-14   113    81     0
2026.94 -2.95e-14  4.90e-14   113   -28     0
2029.61  5.15e-14  4.91e-14   113    49     0
2032.27  6.16e-14  4.91e-14   113    59     0
2034.93  2.70e-14  4.78e-14   113    26     0
2037.59  1.21e-16  4.70e-14   113     0     0
2040.26  3.22e-15  4.67e-14   113     3     0
2042.92  1.50e-14  4.64e-14   113    14     0
2045.58  4.13e-14  4.65e-14   113    40     0
2048.24 -2.69e-14  4.51e-14   113   -26     0
2050.91  6.10e-15  4.43e-14   113     5     0
2053.57  2.34e-14  4.40e-14   113    23     0
2056.23 -4.60e-14  8.40e-14   113   -46     0
2058.89 -1.33e-13  1.33e-13   113  -133     0
2061.56 -2.19e-14  4.15e-14   113   -22     0
2064.22  3.20e-14  4.14e-14   113    32     0
2066.88  6.02e-14  4.20e-14   113    60     0
2069.55 -3.26e-14  4.03e-14   113   -33     0
2072.21 -2.46e-14  3.91e-14   113   -25     0
2074.87  3.52e-14  3.90e-14   113    36     0
2077.53  3.97e-14  3.85e-14   114    41     0
2080.20  7.76e-15  3.77e-14   114     8     0
2082.86  3.64e-14  3.77e-14   114    38     0
2085.52  2.55e-14  3.72e-14   114    26     0
2088.18 -1.16e-14  3.64e-14   114   -12     0
2090.85 -3.26e-14  3.55e-14   114   -34     0
2093.51  7.21e-14  3.67e-14   114    77     0
2096.17  6.55e-15  3.55e-14   114     6     0
2098.83  5.99e-15  3.52e-14   114     6     0
2101.50 -1.10e-14  3.51e-14   114   -11     0
2104.16  2.15e-14  3.51e-14   114    22     0
2106.82 -1.18e-14  3.42e-14   114   -12     0
2109.49 -1.17e-14  3.39e-14   114   -12     0
2112.15  3.38e-14  3.46e-14   114    34     0
2114.81  2.32e-14  3.43e-14   115    23     0
2117.47 -2.29e-14  3.44e-14   115   -23     0
2120.14  3.43e-14  3.41e-14   115    35     0
2122.80  2.49e-14  3.28e-14   115    25     0
2125.46  6.38e-14  3.33e-14   115    66     0
2128.12 -3.27e-14  3.18e-14   115   -34     0
2130.79  4.08e-15  3.14e-14   115     4     0
2133.45  5.28e-15  3.10e-14   115     5     0
2136.11  1.68e-14  3.09e-14   115    17     0
2138.78 -7.28e-15  3.05e-14   115    -7     0
2141.44  3.00e-14  3.06e-14   115    31     0
2144.10 -7.55e-15  2.98e-14   116    -7     0
2146.76 -2.88e-14  2.94e-14   116   -30     0
2149.43  7.19e-15  2.91e-14   116     7     0
2152.09  3.32e-14  3.00e-14   116    34     0
2154.75  1.62e-15  2.91e-14   116     1     0
2157.41  2.51e-14  2.87e-14   116    26     0
2160.08  1.11e-14  2.81e-14   116    11     0
2162.74  3.22e-14  2.83e-14   116    34     0
2165.40 -1.88e-14  2.77e-14   116   -19     0
2168.06  3.29e-14  2.80e-14   117    34     0
2170.73  6.82e-15  2.74e-14   117     7     0
2173.39  4.40e-14  2.79e-14   117    46     0
2176.05  1.17e-15  2.66e-14   117     1     0
2178.72 -1.50e-14  2.63e-14   117   -15     0
2181.38 -3.89e-15  2.64e-14   117    -4     0
2184.04 -2.56e-14  2.62e-14   117   -26     0
2186.70 -2.14e-14  2.55e-14   117   -22     0
2189.37 -4.88e-15  2.53e-14   117    -5     0
2192.03 -2.20e-14  2.50e-14   118   -23     0
2194.69 -3.94e-14  2.52e-14   118   -41     0
2197.35 -1.43e-15  2.48e-14   118    -1     0
2200.02  8.37e-15  2.46e-14   118     8     0
2202.68 -1.35e-14  2.38e-14   118   -14     0
2205.34  4.38e-14  2.45e-14   118    46     0
2208.01  2.27e-14  2.44e-14   118    24     0
2210.67 -1.47e-14  2.32e-14   119   -15     0
2213.33  2.06e-14  2.32e-14   119    22     0
2215.99  6.05e-16  2.29e-14   119     0     0
2218.66 -1.85e-14  2.26e-14   119   -19     0
2221.32  1.70e-14  2.28e-14   119    18     0
2223.98 -1.75e-15  2.27e-14   119    -1     0
2226.64 -2.10e-14  2.46e-14   119   -22     0
2229.31 -2.71e-14  3.23e-14   119   -29     0
2231.97  3.93e-14  2.15e-14   120    43     0
2234.63  3.24e-15  2.06e-14   120     3     0
2237.29 -1.99e-14  2.07e-14   120   -21     0
2239.96  2.64e-14  2.08e-14   120    29     0
2242.62 -2.23e-14  2.00e-14   120   -24     0
2245.28  2.28e-14  1.99e-14   120    25     0
2247.95  3.53e-14  1.98e-14   120    40     0
2250.61  3.50e-15  1.86e-14   121     4     0
2253.27 -1.89e-14  1.83e-14   121   -22     0
2255.93  4.33e-15  1.81e-14   121     5     0
2258.60 -2.67e-14  1.77e-14   121   -31     0
2261.26  8.13e-15  1.75e-14   121     9     0
2263.92  9.94e-15  1.71e-14   121    12     0
2266.58  8.77e-15  1.76e-14   121    10     0
2269.25 -2.24e-14  1.83e-14   122   -27     0
2271.91 -1.76e-15  1.59e-14   122    -2     0
2274.57  8.17e-15  1.56e-14   122    10     0
2277.23  3.20e-14  1.57e-14   122    42     0
2279.90  2.18e-15  1.47e-14   122     2     0
2282.56 -2.22e-14  1.47e-14   122   -29     0
2285.22 -2.29e-14  1.45e-14   122   -30     0
2287.89  1.07e-14  1.44e-14   123    14     0
2290.55  2.59e-15  1.40e-14   123     3     0
2293.21 -1.26e-14  1.38e-14   123   -17     0
2295.87  1.80e-14  1.39e-14   123    24     0
2298.54  1.04e-14  1.35e-14   123    14     0
2301.20  3.58e-15  1.32e-14   123     4     0
2303.86  1.40e-14  1.32e-14   123    19     0
2306.52  1.21e-14  1.31e-14   124    16     0
2309.19  1.15e-14  1.29e-14   124    16     0
2311.85  1.01e-14  1.32e-14   124    14     0
2314.51  4.97e-15  1.19e-14   124     7     0
2317.18  1.46e-14  1.20e-14   124    21     0
2319.84  1.06e-15  1.18e-14   124     1     0
2322.50  8.58e-15  1.15e-14   124    13     0
2325.16  2.13e-14  1.12e-14   124    33     0
2327.83  2.98e-14  1.11e-14   125    47     0
2330.49  2.04e-14  1.08e-14   125    32     0
2333.15  2.41e-14  1.08e-14   125    39     0
2335.81 -7.75e-16  1.03e-14   125    -1     0
2338.48  9.88e-15  9.66e-15   125    16     0
2341.14  4.22e-14  1.28e-14   125    73     0
2343.80  1.08e-14  1.16e-14   125    19     0
2346.46  2.52e-14  9.46e-15   125    45     0
2349.13  3.10e-14  1.62e-14   126    56     0
2351.79  4.49e-14  1.17e-14   126    82     0
2354.45  2.23e-14  9.89e-15   126    41     0
2357.12  1.15e-14  8.95e-15   126    21     0
2359.78  3.31e-14  8.74e-15   126    62     0
2362.44  1.96e-14  1.48e-14   126    37     0
2365.10  2.76e-14  8.36e-15   126    53     0
2367.77  2.80e-15  7.71e-15   126     5     0
2370.43  6.15e-15  7.99e-15   127    12     0
2373.09  8.05e-15  9.02e-15   127    15     0
2375.75  1.47e-14  7.57e-15   127    29     0
2378.42  2.18e-14  8.25e-15   127    44     0
2381.08  5.21e-14  1.11e-14   127   105     0
2383.74  3.26e-14  1.26e-14   127    66     0
2386.40  1.08e-14  8.29e-15   127    22     0
2389.07  2.12e-14  7.23e-15   127    43     0
2391.73  1.99e-14  9.92e-15   127    41     0
2394.39  2.95e-14  1.37e-14   128    62     0
2397.06  2.69e-14  7.42e-15   128    58     0
2399.72  1.75e-14  6.62e-15   128    38     0
2402.38  4.34e-15  1.28e-14   128     9     0
2405.04  2.84e-14  9.92e-15   128    63     0
2407.71  3.00e-14  7.97e-15   128    67     0
2410.37  1.67e-14  7.49e-15   128    38     0
2413.03  7.17e-15  7.98e-15   128    16     0
2415.69  2.86e-15  6.13e-15   128     6     0
2418.36  3.68e-15  6.23e-15   128     8     0
2421.02  5.58e-15  8.62e-15   128    13     0
2423.68  8.97e-15  7.08e-15   128    21     0
2426.35  3.08e-15  6.53e-15   129     7     0
2429.01  6.52e-15  5.32e-15   129    16     0
2431.67  1.21e-14  6.33e-15   129    29     0
2434.33  2.49e-14  8.49e-15   129    61     0
2437.00  1.31e-14  8.79e-15   129    32     0
2439.66  2.57e-14  5.98e-15   129    64     0
2442.32  9.84e-15  8.31e-15   129    24     0
2444.98  1.23e-14  5.28e-15   129    31     0
2447.65  1.46e-14  5.27e-15   129    37     0
2450.31  4.27e-15  7.56e-15   129    11     0
2452.97  7.54e-15  4.78e-15   129    19     0
2455.63  6.75e-15  4.97e-15   129    17     0
2458.30  1.69e-14  4.85e-15   129    45     0
2460.96  1.25e-14  5.22e-15   129    34     0
2463.62  1.08e-14  4.52e-15   129    29     0
2466.29  9.80e-15  4.56e-15   130    27     0
2468.95  1.09e-14  5.29e-15   130    30     0
2471.61  1.18e-14  8.92e-15   130    33     0
2474.27  1.98e-14  7.31e-15   130    57     0
2476.94  9.31e-15  9.39e-15   130    27     0
2479.60  1.85e-14  4.77e-15   130    55     0
2482.26  1.14e-14  4.59e-15   130    34     0
2484.92  1.73e-14  6.49e-15   130    52     0
2487.59  1.64e-14  9.10e-15   130    49     0
2490.25  1.23e-14  7.81e-15   130    37     0
2492.91  9.30e-15  4.15e-15   130    27     0
2495.57  4.37e-15  7.15e-15   130    13     0
2498.24  2.38e-15  3.79e-15   130     7     0
2500.90  3.75e-15  5.41e-15   130    11     0
2503.56  9.86e-15  5.46e-15   130    29     0
2506.23  1.12e-14  3.93e-15   130    33     0
2508.89  9.87e-15  7.03e-15   130    29     0
2511.55  1.52e-14  7.07e-15   130    46     0
2514.21  1.24e-14  6.06e-15   130    38     0
2516.88  1.61e-14  3.96e-15   130    49     0
2519.54  1.45e-14  6.18e-15   130    44     0
2522.20  1.07e-14  4.49e-15   130    33     0
2524.86  2.25e-14  6.22e-15   130    72     0
2527.53  1.94e-14  8.54e-15   130    62     0
2530.19  2.06e-14  5.36e-15   130    67     0
2532.85  1.74e-14  6.32e-15   130    57     0
2535.52  1.88e-14  6.93e-15   130    62     0
2538.18  1.14e-14  4.98e-15   130    38     0
2540.84  2.22e-14  6.19e-15   130    74     0
2543.50  2.40e-14  6.48e-15   130    82     0
2546.17  8.84e-16  5.42e-15   130     3     0
2548.83  1.07e-14  3.30e-15   130    37     0
2551.49  9.80e-15  3.95e-15   130    34     0
2554.15  1.05e-14  3.14e-15   130    37     0
2556.82  9.77e-15  3.70e-15   130    35     0
2559.48  5.34e-15  4.99e-15   130    19     0
2562.14  1.38e-14  5.87e-15   130    49     0
2564.80  2.03e-14  5.14e-15   130    73     0
2567.47  8.93e-15  4.98e-15   130    32     0
2570.13  1.12e-14  3.28e-15   130    40     0
2572.79  1.51e-14  6.06e-15   130    54     0
2575.46  2.00e-14  5.79e-15   130    73     0
2578.12  1.56e-14  6.07e-15   130    57     0
2580.78  2.42e-14  5.00e-15   129    88     0
2583.44  2.81e-14  7.00e-15   129   102     0
2586.11  1.99e-14  6.62e-15   129    73     0
2588.77  2.12e-14  3.94e-15   129    79     0
2591.43  2.69e-14  6.72e-15   129   100     0
2594.09  3.19e-14  9.99e-15   129   120     0
2596.76  4.32e-14  1.37e-14   129   164     0
2599.42  3.34e-14  1.03e-14   129   128     0
2602.08  2.19e-14  8.99e-15   129    84     0
2604.74  2.15e-14  7.92e-15   129    83     0
2607.41  2.97e-14  1.03e-14   129   116     0
2610.07  4.02e-14  1.16e-14   129   160     0
2612.73  4.20e-14  9.74e-15   129   168     0
2615.40  3.23e-14  9.00e-15   129   129     0
2618.06  3.22e-14  1.08e-14   129   129     0
2620.72  3.81e-14  1.30e-14   128   155     0
2623.38  4.84e-14  1.56e-14   128   197     0
2626.05  4.65e-14  1.42e-14   128   191     0
2628.71  4.67e-14  1.26e-14   128   192     0
2631.37  1.90e-14  8.08e-15   128    77     0
2634.03  1.37e-14  4.13e-15   128    56     0
2636.70  5.82e-15  3.58e-15   128    23     0
2639.36  5.05e-15  3.99e-15   128    20     0
2642.02  1.02e-14  3.39e-15   128    42     0
2644.69  1.02e-14  3.75e-15   128    43     0
2647.35  3.61e-15  4.55e-15   128    15     0
2650.01  5.94e-15  4.08e-15   127    25     0
2652.67  1.01e-14  2.77e-15   127    42     0
2655.34 -1.11e-16  3.85e-15   127     0     0
2658.00  9.17e-15  3.91e-15   127    38     0
2660.66  9.84e-15  4.00e-15   127    42     0
2663.32  5.91e-15  2.49e-15   127    25     0
2665.99  5.69e-15  4.03e-15   127    24     0
2668.65  1.31e-14  4.20e-15   127    56     0
2671.31  9.45e-15  2.57e-15   126    41     0
2673.97  5.77e-15  4.06e-15   126    25     0
2676.64  5.79e-15  2.46e-15   126    25     0
2679.30  4.36e-15  2.53e-15   126    19     0
2681.96  1.30e-14  3.22e-15   126    57     0
2684.63  1.07e-14  2.79e-15   126    47     0
2687.29  8.18e-15  4.08e-15   126    36     0
2689.95  7.64e-15  3.26e-15   126    34     0
2692.61  3.83e-15  4.23e-15   125    16     0
2695.28  9.22e-15  3.81e-15   125    40     0
2697.94  7.79e-15  2.79e-15   125    34     0
2700.60  2.96e-15  2.94e-15   125    13     0
2703.26  8.29e-15  2.68e-15   125    36     0
2705.93  1.66e-14  3.58e-15   125    72     0
2708.59  1.33e-14  3.93e-15   125    58     0
2711.25  1.06e-14  3.10e-15   124    45     0
2713.92  7.44e-15  4.03e-15   124    31     0
2716.58  5.15e-15  3.33e-15   124    22     0
2719.24  1.11e-14  3.42e-15   124    47     0
2721.90  1.39e-14  3.72e-15   124    60     0
2724.57  1.06e-14  5.03e-15   124    46     0
2727.23  1.52e-14  5.18e-15   124    65     0
2729.89  2.02e-14  5.21e-15   123    88     0
2732.55  1.50e-14  5.75e-15   123    66     0
2735.22  1.62e-14  5.45e-15   123    72     0
2737.88  1.78e-14  4.93e-15   123    79     0
2740.54  1.49e-14  5.65e-15   123    66     0
2743.20  1.86e-14  6.78e-15   123    83     0
2745.87  2.64e-14  7.95e-15   122   118     0
2748.53  2.69e-14  8.32e-15   122   120     0
2751.19  2.80e-14  8.59e-15   122   123     0
2753.86  2.16e-14  9.03e-15   122    95     0
2756.52  1.73e-14  6.96e-15   122    77     0
2759.18  1.73e-14  7.04e-15   122    77     0
2761.84  1.35e-14  5.99e-15   121    60     0
2764.51  1.40e-14  5.83e-15   121    62     0
2767.17  1.49e-14  5.18e-15   121    66     0
2769.83  1.50e-14  5.08e-15   121    66     0
2772.49  1.62e-14  5.81e-15   121    71     0
2775.16  1.35e-14  4.81e-15   121    59     0
2777.82  1.30e-14  3.93e-15   120    57     0
2780.48  1.07e-14  4.21e-15   120    47     0
2783.14  1.29e-14  5.30e-15   120    56     0
2785.81  2.64e-14  6.54e-15   120   115     0
2788.47  5.66e-14  1.67e-14   120   246     0
2791.13  1.23e-13  3.98e-14   120   533     0
2793.80  2.13e-13  6.85e-14   119   920     0
2796.46  2.21e-13  6.98e-14   119   949     0
2799.12  1.77e-13  5.46e-14   119   763     0
2801.78  1.83e-13  5.93e-14   119   779     0
2804.45  1.13e-13  3.61e-14   119   485     0
2807.11  2.89e-14  9.19e-15   119   124     0
2809.77  1.23e-14  4.79e-15   118    53     0
2812.43  1.34e-14  3.87e-15   118    58     0
2815.10  1.56e-14  5.06e-15   118    68     0
2817.76  1.51e-14  4.50e-15   118    66     0
2820.42  1.46e-14  4.68e-15   118    63     0
2823.08  1.35e-14  5.24e-15   117    59     0
2825.75  1.29e-14  5.29e-15   117    56     0
2828.41  1.24e-14  4.48e-15   117    53     0
2831.07  1.20e-14  5.26e-15   117    52     0
2833.74  1.42e-14  4.37e-15   117    61     0
2836.40  1.59e-14  4.33e-15   117    68     0
2839.06  1.30e-14  2.99e-15   116    55     0
2841.72  1.24e-14  4.41e-15   116    53     0
2844.39  2.03e-14  5.26e-15   116    87     0
2847.05  2.60e-14  6.36e-15   116   112     0
2849.71  2.23e-14  6.83e-15   116    96 -4096
2852.37  1.81e-14  6.57e-15   116    77 -4096
2855.04  1.55e-14  5.62e-15   115    65 -4096
2857.70  1.44e-14  4.29e-15   115    60     0
2860.36  1.66e-14  4.36e-15   115    70     0
2863.03  1.89e-14  5.33e-15   115    79     0
2865.69  2.13e-14  4.86e-15   115    90     0
2868.35  1.34e-14  4.16e-15   114    56     0
2871.01  1.12e-14  4.41e-15   114    46     0
2873.68  1.70e-14  4.63e-15   114    70     0
2876.34  2.85e-14  6.10e-15   114   118     0
2879.00  2.05e-14  6.48e-15   114    84     0
2881.66  1.86e-14  5.63e-15   114    76     0
2884.33  1.63e-14  5.51e-15   113    66     0
2886.99  1.28e-14  5.76e-15   113    52     0
2889.65  1.49e-14  5.08e-15   113    60     0
2892.31  9.77e-15  3.81e-15   113    39     0
2894.98  7.65e-15  3.51e-15   113    30     0
2897.64  1.14e-14  3.88e-15   112    45     0
2900.30  1.11e-14  3.43e-15   112    44     0
2902.97  1.69e-14  4.03e-15   112    68     0
2905.63  1.37e-14  5.57e-15   112    54     0
2908.29  1.73e-14  5.58e-15   112    68     0
2910.95  1.72e-14  3.58e-15   112    68     0
2913.62  1.59e-14  4.05e-15   111    62     0
2916.28  1.57e-14  5.54e-15   111    61     0
2918.94  2.25e-14  6.41e-15   111    87     0
2921.60  3.03e-14  7.94e-15   111   117     0
2924.27  3.00e-14  7.98e-15   111   115     0
2926.93  2.29e-14  6.26e-15   111    87     0
2929.59  2.00e-14  5.57e-15   110    75     0
2932.25  1.99e-14  5.91e-15   110    74     0
2934.92  2.01e-14  5.43e-15   110    73     0
2937.58  1.42e-14  5.31e-15   110    51     0
2940.24  1.55e-14  4.69e-15   110    55     0
2942.91  2.11e-14  6.39e-15   110    75     0
2945.57  1.88e-14  4.06e-15   109    66     0
2948.23  1.93e-14  4.35e-15   109    67     0
2950.89  1.98e-14  6.49e-15   109    69     0
2953.56  1.67e-14  5.95e-15   109    58     0
2956.22  1.85e-14  5.44e-15   109    64     0
2958.88  1.69e-14  5.52e-15   109    58     0
2961.54  1.51e-14  6.07e-15   109    51     0
2964.21  1.28e-14  5.66e-15   108    43     0
2966.87  1.82e-14  6.27e-15   108    60     0
2969.53  1.75e-14  5.22e-15   108    57     0
2972.20  1.98e-14  5.68e-15   108    64     0
2974.86  1.52e-14  6.50e-15   108    48     0
2977.52  1.66e-14  4.79e-15   108    52     0
2980.18  2.17e-14  6.01e-15   107    67     0
2982.85  1.99e-14  6.93e-15   107    61     0
2985.51  1.96e-14  6.74e-15   107    60     0
2988.17  1.92e-14  4.04e-15   107    58     0
2990.83  2.36e-14  5.46e-15   107    70     0
2993.50  2.40e-14  8.02e-15   107    71     0
2996.16  1.90e-14  5.66e-15   106    55     0
2998.82  2.01e-14  4.87e-15   106    58     0
3001.48  1.40e-14  4.12e-15   106    40     0
3004.15  1.08e-14  4.17e-15   106    31     0
3006.81  1.56e-14  6.40e-15   106    44     0
3009.47  2.29e-14  6.22e-15   106    64     0
3012.14  1.08e-14  4.24e-15   106    29     0
3014.80  1.33e-14  4.55e-15   105    36     0
3017.46  2.33e-14  7.64e-15   105    62     0
3020.12  2.87e-14  6.53e-15   105    74     0
3022.79  2.08e-14  6.27e-15   105    53     0
3025.45  2.28e-14  5.24e-15   105    58     0
3028.11  2.21e-14  5.84e-15   105    55     0
3030.77  1.54e-14  5.18e-15   105    38     0
3033.44  1.88e-14  4.77e-15   104    46     0
3036.10  2.32e-14  6.60e-15   104    56     0
3038.76  1.77e-14  5.12e-15   104    42     0
3041.43  1.66e-14  4.95e-15   104    38     0
3044.09  1.57e-14  5.00e-15   104    36     0
3046.75  2.48e-14  5.19e-15   104    56     0
3049.41  2.70e-14  5.87e-15   104    60     0
3052.08  2.57e-14  7.19e-15   103    56     0
3054.74  2.38e-14  7.89e-15   103    51 -4096
3057.40  2.42e-14  6.86e-15   103    50 -4096
3060.06  1.97e-14  6.39e-15   103    40 -4096
3062.73  2.03e-14  6.72e-15   103    40     0
3065.39  2.29e-14  6.21e-15   103    45     0
3068.05  1.95e-14  5.76e-15   103    37     0
3070.71  1.56e-14  5.75e-15   102    29     0
3073.38  2.16e-14  9.15e-15   102    40     0
3076.04  3.45e-14  1.09e-14   102    63     0
3078.70  2.41e-14  9.62e-15   102    43     0
3081.37  1.67e-14  1.02e-14   102    29     0
3084.03  1.80e-14  8.26e-15   102    31     0
3086.69  1.85e-14  6.82e-15   101    31     0
3089.35  1.46e-14  6.45e-15   101    24     0
3092.02  2.04e-14  6.46e-15   101    33     0
3094.68  2.18e-14  7.20e-15   101    35     0
3097.34  2.83e-14  7.53e-15   101    44     0
3100.00  2.84e-14  7.98e-15   101    43     0
3102.67  2.62e-14  7.07e-15   100    40     0
3105.33  2.85e-14  6.99e-15   100    42     0
3107.99  2.67e-14  8.01e-15   100    39     0
3110.65  2.29e-14  7.03e-15   100    33     0
3113.32  2.34e-14  7.19e-15   100    33     0
3115.98  2.85e-14  7.50e-15   100    39     0
3118.64  2.17e-14  7.69e-15    99    29     0
3121.31  2.56e-14  7.60e-15    99    34     0
3123.97  2.38e-14  7.64e-15    99    31     0
3126.63  2.48e-14  9.34e-15    99    31     0
3129.29  2.31e-14  9.32e-15    99    29     0
3131.96  2.08e-14  8.16e-15    99    26     0
3134.62  2.07e-14  9.28e-15    98    25     0
3137.28  3.67e-14  8.21e-15    98    43     0
3139.94  2.09e-14  8.91e-15    98    24     0
3142.61  2.11e-14  9.33e-15    98    24     0
3145.27  3.26e-14  8.55e-15    98    36     0
3147.93  3.01e-14  1.29e-14    97    32     0
3150.60  2.85e-14  1.25e-14    97    30     0
3153.26  3.88e-14  1.19e-14    97    40     0
3155.92  3.81e-14  9.97e-15    97    38     0
3158.58  4.35e-14  9.32e-15    97    43     0
3161.25  3.81e-14  1.20e-14    96    37     0
3163.91  4.14e-14  9.39e-15    96    39     0
3166.57  4.19e-14  9.42e-15    96    38     0
3169.23  4.48e-14  1.25e-14    96    40     0
3171.90  4.03e-14  1.23e-14    95    35     0
3174.56  2.94e-14  1.12e-14    95    25     0
3177.22  2.10e-14  9.39e-15    95    18     0
3179.88  2.35e-14  1.08e-14    95    19     0
3182.55  2.21e-14  1.17e-14    94    18     0
3185.21  3.02e-14  1.02e-14    94    24     0
3187.87  3.92e-14  1.29e-14    94    31     0
3190.54  4.41e-14  1.09e-14    94    34     0
3193.20  2.77e-14  9.83e-15    93    20     0
3195.86  3.72e-14  1.00e-14    93    27     0
3198.52  3.75e-14  1.14e-14    93    27     0
3201.19  1.55e-14  1.47e-14    92    10     0
3203.85  3.32e-14  1.75e-14    92    22     0
3206.51  1.59e-14  1.82e-14    92    10     0
3209.17  2.29e-14  1.58e-14    92    14     0
3211.84  1.02e-14  1.16e-14    91     6     0
3214.50  2.93e-14  1.13e-14    91    17     0
3217.16  4.22e-14  1.67e-14    91    24     0
3219.82  4.08e-14  1.20e-14    90    23     0
3222.49  6.45e-14  1.19e-14    90    36     0
3225.15  4.40e-14  1.10e-14    89    23     0
3227.81  3.70e-14  1.11e-14    89    19     0
3230.48  2.47e-14  1.13e-14    89    12     0
3233.14  3.26e-14  1.80e-14    88    16     0
3235.80  4.95e-14  1.95e-14    88    23     0
3238.46  3.70e-14  2.04e-14    88    17     0
3241.13 -1.91e-15  1.62e-14    87     0     0
3243.79 -4.42e-15  1.55e-14    87    -1     0
3246.45  3.42e-15  1.19e-14    86     1     0
3249.11 -4.18e-15  1.19e-14    86    -1     0
3251.78  1.49e-14  1.48e-14    85     6     0
3254.44  5.44e-14  1.27e-14    85    22     0
3257.10  4.10e-14  2.36e-14    84    16 -4096
3259.77  6.30e-14  2.22e-14    84    24 -4096
3262.43  5.23e-14  1.76e-14    83    19 -4096
3265.09  2.65e-14  1.55e-14    83     9 -4096
3267.75  4.79e-14  1.92e-14    82    17     0
3270.42  1.61e-14  2.55e-14    82     5     0
3273.08  3.84e-14  2.29e-14    81    13     0
3275.74  6.25e-14  1.66e-14    81    20     0
3278.40  4.74e-14  1.49e-14    80    15     0
3281.07  4.68e-14  1.52e-14    79    15     0
3283.73  6.01e-14  1.82e-14    79    18     0
3286.39  2.77e-14  2.50e-14    78     8     0
3289.05  3.77e-14  2.45e-14    78    11     0
3291.72  2.12e-14  2.15e-14    77     6     0
3294.38  8.64e-14  2.34e-14    76    24     0
3297.04  8.87e-14  2.35e-14    76    24     0
3299.71  7.33e-14  2.95e-14    75    19     0
3302.37  9.05e-14  2.81e-14    74    23     0
3305.03  4.48e-14  3.48e-14    73    11     0
3307.69  5.32e-14  2.08e-14    73    13     0
3310.36  9.68e-14  2.02e-14    72    22     0
3313.02  7.04e-14  2.11e-14    71    16     0
3315.68  3.23e-14  2.85e-14    70     7     0
3318.34  2.05e-14  2.29e-14    70     4     0
3321.01  3.35e-14  2.47e-14    69     6     0
3323.67  1.33e-14  3.31e-14    68     2     0
3326.33  4.68e-14  2.58e-14    67     8     0
3328.99  6.53e-14  2.70e-14    66    11     0
3331.66  8.71e-14  2.89e-14    65    15     0
3334.32  9.89e-14  2.89e-14    64    16     0
3336.98  1.34e-13  2.87e-14    63    22     0
3339.65  1.37e-13  2.99e-14    62    22     0
3342.31  8.06e-14  3.56e-14    61    12     0
3344.97  7.96e-14  3.32e-14    60    11     0
3347.63  1.62e-13  5.70e-14    59    22     0
