NOT ORIGINAL IUE PROJECT DATA PRODUCT
LWP09115LOWLARGE
HD  197481
20:42:06
-31:31:05
48
NO-TRAIL
ALONG-APER
1199.595
18/09/86
19:36:10
261
8.50
29/07/99
VILSPA
2446692.31678
59
30
1851.21  7.98e-14  6.65e-13    65     9     0
1853.87  8.43e-13  6.29e-13    66   110     0
1856.53  5.38e-13  6.09e-13    67    72     0
1859.19 -5.70e-13  5.58e-13    68   -81     0
1861.86  2.61e-13  5.11e-13    69    40     0
1864.52 -1.64e-13  4.66e-13    70   -27     0
1867.18  2.51e-13  4.05e-13    71    48     0
1869.84  6.73e-13  3.83e-13    72   139     0
1872.51  2.16e-13  3.57e-13    73    46     0
1875.17 -3.99e-13  3.19e-13    74   -95     0
1877.83 -2.00e-13  3.00e-13    74   -50     0
1880.49 -2.70e-13  3.00e-13    75   -67     0
1883.16  1.75e-13  2.85e-13    76    46     0
1885.82 -1.44e-13  3.13e-13    77   -40     0
1888.48 -1.83e-13  2.52e-13    77   -54     0
1891.15  2.27e-13  3.18e-13    78    70     0
1893.81 -3.06e-14  2.23e-13    78    -9     0
1896.47 -5.92e-14  2.12e-13    79   -19     0
1899.13 -3.79e-13  2.04e-13    80  -132     0
1901.80 -4.33e-13  2.01e-13    80  -151     0
1904.46  3.13e-13  1.97e-13    81   113     0
1907.12  1.65e-13  1.89e-13    81    62     0
1909.78  1.14e-13  1.91e-13    81    44     0
1912.45 -7.58e-14  1.83e-13    82   -30     0
1915.11  5.75e-14  1.81e-13    82    23 -4096
1917.77 -1.58e-13  2.40e-13    83   -67     0
1920.44 -3.89e-13  2.80e-13    83  -173     0
1923.10 -8.09e-14  1.43e-13    83   -37     0
1925.76  9.55e-14  1.44e-13    84    43     0
1928.42 -3.04e-13  3.19e-13    84  -143     0
1931.09 -7.76e-14  1.31e-13    84   -38     0
1933.75 -2.66e-13  3.44e-13    85  -134     0
1936.41  1.17e-14  1.21e-13    85     6     0
1939.07  1.87e-14  1.17e-13    85    10     0
1941.74  6.14e-14  1.14e-13    85    33     0
1944.40  1.06e-13  1.11e-13    85    59     0
1947.06 -2.92e-14  1.05e-13    86   -16     0
1949.72 -7.65e-15  1.02e-13    86    -4     0
1952.39  6.79e-14  1.01e-13    86    40     0
1955.05  8.00e-14  9.77e-14    86    49     0
1957.71  7.25e-14  9.42e-14    86    45     0
1960.38  1.74e-14  9.03e-14    86    11     0
1963.04 -1.44e-14  8.73e-14    86    -9     0
1965.70  3.54e-14  8.35e-14    87    24     0
1968.36 -2.49e-13  1.38e-13    87  -176     0
1971.03  2.50e-14  7.97e-14    87    17     0
1973.69  6.44e-14  7.78e-14    87    46     0
1976.35 -4.32e-15  7.19e-14    87    -3     0
1979.01 -1.36e-13  6.96e-14    87  -107     0
1981.68 -4.18e-14  6.80e-14    87   -33     0
1984.34  7.18e-14  6.70e-14    87    58     0
1987.00  1.52e-14  6.45e-14    87    12     0
1989.67 -3.19e-14  6.26e-14    87   -26     0
1992.33  4.87e-14  6.20e-14    87    41     0
1994.99 -2.32e-14  5.96e-14    87   -20     0
1997.65  4.30e-14  5.84e-14    87    38     0
2000.32 -2.07e-14  5.69e-14    87   -18     0
2002.98  9.13e-14  5.72e-14    87    83     0
2005.64  4.86e-14  5.48e-14    87    45     0
2008.30  5.25e-14  5.38e-14    87    49     0
2010.97  3.41e-14  5.30e-14    87    32     0
2013.63 -1.03e-13  5.17e-14    87   -97     0
2016.29  8.57e-14  5.14e-14    87    83     0
2018.95  3.74e-14  4.98e-14    87    36     0
2021.62  1.84e-15  5.03e-14    87     1     0
2024.28  7.28e-14  5.10e-14    86    69     0
2026.94 -1.66e-14  4.84e-14    86   -16     0
2029.61  5.71e-14  4.87e-14    86    55     0
2032.27  6.04e-14  4.84e-14    86    58     0
2034.93  2.61e-14  4.72e-14    86    25     0
2037.59 -1.89e-14  4.64e-14    86   -18     0
2040.26 -1.15e-14  4.61e-14    86   -11     0
2042.92 -1.28e-14  4.56e-14    86   -12     0
2045.58  2.29e-14  4.55e-14    86    22     0
2048.24 -2.08e-14  4.45e-14    86   -20     0
2050.91  2.23e-14  4.40e-14    86    21     0
2053.57  2.46e-14  4.34e-14    86    24     0
2056.23 -7.11e-14  9.48e-14    86   -71     0
2058.89 -1.21e-13  1.49e-13    85  -122     0
2061.56  1.74e-14  4.10e-14    85    17     0
2064.22  2.49e-15  4.03e-14    85     2     0
2066.88  6.67e-14  4.15e-14    85    67     0
2069.55 -2.28e-14  3.97e-14    85   -23     0
2072.21  1.00e-15  3.85e-14    85     1     0
2074.87  3.04e-14  3.84e-14    85    31     0
2077.53  6.65e-15  3.73e-14    85     6     0
2080.20  2.94e-14  3.75e-14    85    30     0
2082.86  3.05e-14  3.70e-14    85    32     0
2085.52  3.49e-14  3.67e-14    85    36     0
2088.18 -2.24e-14  3.58e-14    85   -23     0
2090.85 -5.21e-14  3.49e-14    85   -55     0
2093.51  4.31e-14  3.54e-14    84    46     0
2096.17 -9.45e-15  3.48e-14    84    -9     0
2098.83  1.65e-14  3.47e-14    84    17     0
2101.50 -3.62e-14  3.44e-14    84   -37     0
2104.16  3.02e-14  3.45e-14    84    31     0
2106.82 -3.91e-15  3.35e-14    84    -4     0
2109.49 -2.19e-14  3.34e-14    84   -22     0
2112.15  3.93e-14  3.46e-14    84    40     0
2114.81  4.15e-14  3.46e-14    84    42     0
2117.47 -2.14e-14  3.45e-14    84   -22     0
2120.14  8.19e-15  3.37e-14    84     8     0
2122.80 -2.17e-15  3.18e-14    84    -2     0
2125.46  6.07e-14  3.25e-14    84    63     0
2128.12 -2.84e-14  3.11e-14    84   -29     0
2130.79  4.48e-15  3.07e-14    84     4     0
2133.45  1.50e-14  3.05e-14    84    15     0
2136.11  2.48e-14  3.05e-14    84    26     0
2138.78 -3.19e-15  2.98e-14    84    -3     0
2141.44  3.27e-14  2.99e-14    84    34     0
2144.10  1.76e-14  2.92e-14    84    18     0
2146.76 -9.55e-15  3.02e-14    84   -10     0
2149.43  9.09e-15  2.83e-14    84     9     0
2152.09  2.10e-14  2.89e-14    84    21     0
2154.75  3.11e-15  2.83e-14    84     3     0
2157.41  2.82e-15  2.75e-14    84     2     0
2160.08 -5.13e-15  2.73e-14    84    -5     0
2162.74  2.34e-14  2.73e-14    84    24     0
2165.40 -3.15e-14  2.69e-14    84   -33     0
2168.06  2.35e-14  2.70e-14    84    24     0
2170.73 -9.58e-15  2.65e-14    84   -10     0
2173.39  2.13e-14  2.66e-14    84    22     0
2176.05 -2.01e-14  2.58e-14    84   -21     0
2178.72 -2.00e-14  2.55e-14    84   -21     0
2181.38 -4.43e-15  2.56e-14    84    -4     0
2184.04 -4.04e-14  2.54e-14    84   -42     0
2186.70 -3.38e-14  2.47e-14    84   -35     0
2189.37 -3.62e-14  2.45e-14    84   -38     0
2192.03 -9.82e-15  2.42e-14    84   -10     0
2194.69 -4.02e-14  2.46e-14    84   -42     0
2197.35 -3.38e-14  2.40e-14    84   -35     0
2200.02  1.10e-14  2.38e-14    84    11     0
2202.68 -1.01e-15  2.30e-14    84    -1     0
2205.34  1.73e-14  2.32e-14    84    18     0
2208.01 -3.71e-15  2.37e-14    84    -3     0
2210.67 -1.04e-14  2.24e-14    84   -11     0
2213.33 -3.22e-15  2.22e-14    84    -3     0
2215.99  6.27e-15  2.35e-14    85     6     0
2218.66 -5.79e-15  2.18e-14    85    -6     0
2221.32  9.26e-15  2.22e-14    85    10     0
2223.98 -2.85e-14  2.19e-14    85   -31     0
2226.64 -4.11e-14  3.02e-14    85   -43     0
2229.31 -1.34e-14  3.41e-14    85   -14     0
2231.97  4.38e-14  2.09e-14    85    48     0
2234.63 -1.35e-14  1.98e-14    85   -15     0
2237.29 -2.91e-14  1.99e-14    85   -32     0
2239.96  2.92e-14  2.00e-14    85    32     0
2242.62 -5.06e-15  1.92e-14    86    -5     0
2245.28  2.55e-14  1.91e-14    86    28     0
2247.95  4.65e-14  1.93e-14    86    53     0
2250.61  2.52e-15  1.79e-14    86     2     0
2253.27 -1.11e-14  1.75e-14    86   -13     0
2255.93  1.23e-14  1.75e-14    86    14     0
2258.60 -2.03e-14  1.70e-14    86   -24     0
2261.26  1.02e-14  1.67e-14    87    12     0
2263.92  1.57e-14  1.65e-14    87    19     0
2266.58 -1.01e-15  1.78e-14    87    -1     0
2269.25 -1.63e-14  1.65e-14    87   -20     0
2271.91 -1.81e-15  1.52e-14    87    -2     0
2274.57  1.62e-14  1.50e-14    87    20     0
2277.23  3.64e-14  1.51e-14    87    48     0
2279.90 -6.72e-15  1.43e-14    88    -8     0
2282.56 -2.58e-15  1.41e-14    88    -3     0
2285.22  1.40e-14  1.41e-14    88    18     0
2287.89  2.13e-14  1.40e-14    88    28     0
2290.55 -1.86e-15  1.34e-14    88    -2     0
2293.21 -1.42e-14  1.38e-14    89   -19     0
2295.87  7.49e-15  1.30e-14    89    10     0
2298.54  2.34e-14  1.32e-14    89    32     0
2301.20  6.09e-15  1.26e-14    89     8     0
2303.86  2.69e-14  1.28e-14    89    37     0
2306.52  2.52e-15  1.23e-14    89     3     0
2309.19  2.41e-14  1.25e-14    90    33     0
2311.85  1.34e-15  1.26e-14    90     1     0
2314.51 -4.01e-15  1.24e-14    90    -5     0
2317.18  1.73e-14  1.14e-14    90    25     0
2319.84  5.53e-15  1.10e-14    90     8     0
2322.50  8.16e-15  1.07e-14    91    12     0
2325.16  1.68e-14  1.06e-14    91    26     0
2327.83  3.55e-14  1.07e-14    91    56     0
2330.49  1.29e-14  1.01e-14    91    20     0
2333.15  1.34e-14  1.10e-14    91    21     0
2335.81  2.80e-15  1.45e-14    92     4     0
2338.48  1.39e-14  9.28e-15    92    23     0
2341.14  2.96e-14  1.55e-14    92    51     0
2343.80  1.14e-14  1.01e-14    92    20     0
2346.46  1.74e-14  1.47e-14    92    31     0
2349.13  1.19e-14  1.20e-14    93    21     0
2351.79  2.79e-14  9.04e-15    93    51     0
2354.45  2.40e-14  1.22e-14    93    44     0
2357.12  9.97e-15  8.01e-15    93    18     0
2359.78  1.47e-14  8.62e-15    93    27     0
2362.44  8.94e-15  1.64e-14    94    17     0
2365.10  2.31e-14  7.84e-15    94    44     0
2367.77  2.80e-14  8.72e-15    94    54     0
2370.43  2.81e-15  1.15e-14    94     5     0
2373.09 -3.87e-15  9.07e-15    94    -7     0
2375.75  1.23e-14  7.15e-15    95    24     0
2378.42  1.20e-14  9.09e-15    95    24     0
2381.08  4.51e-14  1.51e-14    95    90     0
2383.74  1.90e-14  1.25e-14    95    38     0
2386.40  1.14e-14  7.36e-15    95    23     0
2389.07  1.91e-14  6.81e-15    96    39     0
2391.73  9.58e-15  1.09e-14    96    20     0
2394.39  2.60e-14  1.37e-14    96    55     0
2397.06  1.54e-14  9.48e-15    96    33     0
2399.72  8.46e-15  8.48e-15    96    18     0
2402.38  3.63e-15  1.17e-14    97     8     0
2405.04  1.60e-14  8.98e-15    97    35     0
2407.71  3.36e-14  1.21e-14    97    75     0
2410.37  1.62e-14  8.25e-15    97    36     0
2413.03  1.59e-14  7.44e-15    97    36     0
2415.69  1.46e-14  5.76e-15    98    33     0
2418.36  6.91e-15  5.38e-15    98    16     0
2421.02  7.69e-15  5.29e-15    98    18     0
2423.68  1.29e-14  6.22e-15    98    31     0
2426.35  2.08e-15  7.58e-15    98     5     0
2429.01  4.13e-15  4.94e-15    99    10     0
2431.67  9.55e-15  8.45e-15    99    23     0
2434.33  2.51e-14  6.63e-15    99    61     0
2437.00  2.72e-14  9.38e-15    99    67     0
2439.66  3.00e-14  7.02e-15    99    74     0
2442.32  9.01e-15  9.21e-15    99    22     0
2444.98  1.69e-14  8.43e-15   100    43     0
2447.65  2.59e-15  4.50e-15   100     6     0
2450.31  7.58e-15  8.55e-15   100    19     0
2452.97  8.66e-15  4.52e-15   100    22     0
2455.63  1.11e-14  6.04e-15   100    29     0
2458.30  2.10e-14  6.82e-15   100    55     0
2460.96  1.46e-14  6.51e-15   101    39     0
2463.62  9.22e-15  4.22e-15   101    25     0
2466.29  1.28e-14  4.64e-15   101    35     0
2468.95  3.23e-15  8.03e-15   101     9     0
2471.61  5.99e-15  8.36e-15   101    16     0
2474.27  9.98e-15  6.89e-15   101    28     0
2476.94  1.00e-14  9.71e-15   101    29     0
2479.60  2.41e-14  7.12e-15   102    72     0
2482.26  1.44e-14  6.55e-15   102    43     0
2484.92  1.19e-14  6.44e-15   102    35     0
2487.59  4.74e-15  6.54e-15   102    14     0
2490.25  3.19e-15  4.42e-15   102     9     0
2492.91  6.98e-15  3.70e-15   102    20     0
2495.57  4.55e-15  6.93e-15   102    13     0
2498.24  1.14e-14  3.73e-15   102    34     0
2500.90  1.35e-14  5.96e-15   103    40     0
2503.56  1.14e-14  5.12e-15   103    33     0
2506.23  1.63e-14  5.88e-15   103    48     0
2508.89  1.81e-14  7.36e-15   103    54     0
2511.55  1.61e-14  7.83e-15   103    49     0
2514.21  9.42e-15  8.00e-15   103    29     0
2516.88  2.34e-14  4.68e-15   103    71     0
2519.54  1.06e-14  6.60e-15   103    32     0
2522.20  6.66e-15  5.38e-15   103    21     0
2524.86  1.16e-14  4.72e-15   103    37     0
2527.53  1.03e-14  7.34e-15   103    33     0
2530.19  1.45e-14  6.66e-15   104    47     0
2532.85  7.59e-15  3.56e-15   104    25     0
2535.52  1.34e-14  5.26e-15   104    44     0
2538.18  1.08e-14  3.68e-15   104    36     0
2540.84  1.89e-14  4.80e-15   104    63     0
2543.50  1.46e-14  3.97e-15   104    49     0
2546.17  5.88e-15  5.43e-15   104    20     0
2548.83  1.57e-14  3.37e-15   104    55     0
2551.49  1.61e-14  5.22e-15   104    57     0
2554.15  9.76e-15  2.96e-15   104    35     0
2556.82  1.36e-14  4.58e-15   104    50     0
2559.48  1.04e-14  5.63e-15   104    38     0
2562.14  5.96e-15  5.61e-15   104    21     0
2564.80  1.77e-14  5.06e-15   104    64     0
2567.47  1.22e-14  5.10e-15   104    44     0
2570.13  5.10e-15  2.88e-15   104    18     0
2572.79  1.48e-14  3.87e-15   104    53     0
2575.46  1.61e-14  4.98e-15   104    58     0
2578.12  3.06e-15  4.90e-15   104    11     0
2580.78  1.51e-14  3.30e-15   104    55     0
2583.44  1.99e-14  6.24e-15   104    72     0
2586.11  1.69e-14  6.49e-15   104    62     0
2588.77  2.08e-14  5.51e-15   104    77     0
2591.43  2.03e-14  6.47e-15   104    75     0
2594.09  2.22e-14  8.78e-15   104    83     0
2596.76  3.49e-14  1.18e-14   104   132     0
2599.42  3.16e-14  9.98e-15   104   121     0
2602.08  2.21e-14  9.33e-15   104    85     0
2604.74  2.08e-14  6.90e-15   104    81     0
2607.41  3.13e-14  1.12e-14   104   123     0
2610.07  3.44e-14  1.37e-14   104   136     0
2612.73  4.07e-14  1.30e-14   104   162     0
2615.40  3.09e-14  1.06e-14   104   123     0
2618.06  2.93e-14  9.93e-15   104   117     0
2620.72  3.29e-14  8.81e-15   104   134     0
2623.38  3.90e-14  1.19e-14   103   159     0
2626.05  4.65e-14  1.61e-14   103   191     0
2628.71  4.73e-14  1.41e-14   103   195     0
2631.37  2.76e-14  1.07e-14   103   113     0
2634.03  1.31e-14  5.35e-15   103    53     0
2636.70  8.58e-15  4.32e-15   103    35     0
2639.36  6.92e-15  4.01e-15   103    28     0
2642.02  6.51e-15  2.56e-15   103    27     0
2644.69  1.32e-14  2.89e-15   103    55     0
2647.35  3.40e-15  4.89e-15   103    14     0
2650.01  5.01e-15  2.49e-15   102    21     0
2652.67  1.23e-14  3.82e-15   102    51     0
2655.34  3.55e-15  3.65e-15   102    15     0
2658.00  7.16e-15  2.43e-15   102    30     0
2660.66  1.20e-14  2.55e-15   102    51     0
2663.32  9.55e-15  2.43e-15   102    41     0
2665.99  7.52e-15  4.58e-15   102    32     0
2668.65  1.56e-14  5.81e-15   102    67     0
2671.31  8.27e-15  2.93e-15   101    36     0
2673.97  7.13e-15  2.91e-15   101    31     0
2676.64  1.04e-14  2.46e-15   101    45     0
2679.30  5.28e-15  2.33e-15   101    23     0
2681.96  1.06e-14  2.40e-15   101    47     0
2684.63  9.49e-15  2.87e-15   101    42     0
2687.29  4.25e-15  2.69e-15   101    18     0
2689.95  1.07e-14  4.24e-15   100    47     0
2692.61  6.90e-15  4.04e-15   100    30     0
2695.28  8.05e-15  3.33e-15   100    35     0
2697.94  3.52e-15  3.40e-15   100    15     0
2700.60  3.15e-15  2.29e-15   100    13     0
2703.26  8.67e-15  3.81e-15    99    37     0
2705.93  9.75e-15  2.61e-15    99    42     0
2708.59  1.31e-14  3.69e-15    99    56     0
2711.25  1.09e-14  3.61e-15    99    46     0
2713.92  1.48e-14  4.48e-15    99    63     0
2716.58  1.32e-14  3.09e-15    99    56     0
2719.24  1.93e-14  4.95e-15    98    83     0
2721.90  1.79e-14  5.81e-15    98    77     0
2724.57  1.27e-14  5.74e-15    98    55     0
2727.23  1.88e-14  5.81e-15    98    81     0
2729.89  1.51e-14  4.69e-15    98    65     0
2732.55  1.31e-14  5.36e-15    97    57     0
2735.22  1.13e-14  5.17e-15    97    50     0
2737.88  1.67e-14  5.05e-15    97    74     0
2740.54  1.22e-14  5.25e-15    97    54     0
2743.20  2.23e-14  6.93e-15    96    99     0
2745.87  2.04e-14  7.35e-15    96    92     0
2748.53  2.43e-14  7.73e-15    96   109     0
2751.19  2.49e-14  8.56e-15    96   109     0
2753.86  2.19e-14  8.53e-15    96    96     0
2756.52  1.61e-14  6.20e-15    95    71     0
2759.18  1.65e-14  5.97e-15    95    73     0
2761.84  1.39e-14  6.13e-15    95    62     0
2764.51  1.10e-14  4.90e-15    95    49     0
2767.17  1.41e-14  4.73e-15    94    62     0
2769.83  1.20e-14  3.02e-15    94    53     0
2772.49  1.17e-14  3.88e-15    94    52     0
2775.16  8.83e-15  3.01e-15    94    39     0
2777.82  1.22e-14  3.87e-15    93    53     0
2780.48  9.81e-15  4.12e-15    93    43     0
2783.14  1.30e-14  3.61e-15    93    57     0
2785.81  2.05e-14  5.44e-15    93    89     0
2788.47  4.21e-14  1.32e-14    92   183     0
2791.13  9.68e-14  3.40e-14    92   420     0
2793.80  2.04e-13  6.79e-14    92   880     0
2796.46  2.31e-13  7.76e-14    92   993     0
2799.12  1.70e-13  5.50e-14    91   731     0
2801.78  1.79e-13  6.08e-14    91   764     0
2804.45  1.44e-13  5.19e-14    91   617     0
2807.11  4.31e-14  1.48e-14    91   186     0
2809.77  1.29e-14  5.09e-15    91    56     0
2812.43  4.95e-15  2.89e-15    90    21     0
2815.10  5.96e-15  3.25e-15    90    26     0
2817.76  6.44e-15  2.83e-15    90    28     0
2820.42  6.03e-15  2.53e-15    90    26     0
2823.08  4.28e-15  3.29e-15    89    18     0
2825.75  6.30e-15  4.55e-15    89    27     0
2828.41  8.97e-15  4.23e-15    89    39     0
2831.07  1.13e-14  3.98e-15    89    49     0
2833.74  1.16e-14  3.55e-15    88    50     0
2836.40  1.42e-14  2.83e-15    88    61     0
2839.06  1.21e-14  3.42e-15    88    51     0
2841.72  9.92e-15  3.59e-15    88    42     0
2844.39  1.02e-14  3.74e-15    87    43     0
2847.05  1.58e-14  4.87e-15    87    68     0
2849.71  1.81e-14  5.43e-15    87    78 -4096
2852.37  1.72e-14  6.37e-15    87    73 -4096
2855.04  1.34e-14  6.02e-15    86    56     0
2857.70  1.14e-14  5.53e-15    86    48     0
2860.36  1.09e-14  4.71e-15    86    45     0
2863.03  1.04e-14  4.68e-15    86    43     0
2865.69  1.25e-14  3.70e-15    85    52     0
2868.35  1.26e-14  4.90e-15    85    53     0
2871.01  1.22e-14  5.03e-15    85    50     0
2873.68  1.31e-14  3.56e-15    85    53     0
2876.34  1.83e-14  5.01e-15    85    75     0
2879.00  1.54e-14  5.24e-15    84    63     0
2881.66  1.51e-14  4.42e-15    84    62     0
2884.33  1.49e-14  3.82e-15    84    60     0
2886.99  1.27e-14  4.67e-15    84    51     0
2889.65  1.33e-14  4.49e-15    83    54     0
2892.31  1.34e-14  5.10e-15    83    54     0
2894.98  1.38e-14  4.92e-15    83    55     0
2897.64  1.49e-14  5.22e-15    83    60     0
2900.30  1.44e-14  5.18e-15    83    58     0
2902.97  1.62e-14  5.32e-15    82    65     0
2905.63  1.38e-14  4.98e-15    82    54     0
2908.29  1.02e-14  3.53e-15    82    40     0
2910.95  1.25e-14  3.51e-15    82    49     0
2913.62  9.55e-15  3.64e-15    82    37     0
2916.28  8.66e-15  3.07e-15    81    34     0
2918.94  1.74e-14  4.40e-15    81    67     0
2921.60  1.81e-14  5.77e-15    81    70     0
2924.27  2.56e-14  8.34e-15    81    98     0
2926.93  2.56e-14  9.19e-15    81    97     0
2929.59  1.91e-14  5.96e-15    81    72     0
2932.25  1.97e-14  6.39e-15    80    73     0
2934.92  2.29e-14  6.61e-15    80    84     0
2937.58  1.17e-14  5.79e-15    80    42     0
2940.24  2.06e-14  6.28e-15    80    74     0
2942.91  2.48e-14  7.46e-15    80    88     0
2945.57  1.64e-14  6.08e-15    80    57     0
2948.23  1.75e-14  5.83e-15    79    61     0
2950.89  2.17e-14  6.28e-15    79    76     0
2953.56  1.99e-14  3.54e-15    79    69     0
2956.22  1.62e-14  3.54e-15    79    56     0
2958.88  1.82e-14  4.23e-15    79    63     0
2961.54  1.56e-14  6.04e-15    79    53     0
2964.21  1.88e-14  6.60e-15    79    63     0
2966.87  2.00e-14  7.50e-15    79    66     0
2969.53  2.02e-14  6.20e-15    78    66     0
2972.20  1.81e-14  5.75e-15    78    58     0
2974.86  1.98e-14  6.89e-15    78    63     0
2977.52  1.58e-14  5.74e-15    78    50     0
2980.18  1.87e-14  4.65e-15    78    58     0
2982.85  1.49e-14  5.36e-15    78    46     0
2985.51  1.43e-14  5.92e-15    78    44     0
2988.17  1.89e-14  4.43e-15    78    57     0
2990.83  1.58e-14  4.63e-15    78    47     0
2993.50  1.95e-14  5.73e-15    77    57     0
2996.16  1.76e-14  4.29e-15    77    51     0
2998.82  1.58e-14  4.06e-15    77    45     0
3001.48  9.86e-15  3.89e-15    77    28     0
3004.15  8.26e-15  4.04e-15    77    23     0
3006.81  1.49e-14  4.93e-15    77    42     0
3009.47  2.00e-14  5.78e-15    77    56     0
3012.14  1.45e-14  5.12e-15    77    39     0
3014.80  1.51e-14  5.14e-15    77    41     0
3017.46  1.67e-14  4.35e-15    77    44     0
3020.12  1.57e-14  4.34e-15    77    40     0
3022.79  1.86e-14  6.29e-15    77    47     0
3025.45  1.39e-14  5.08e-15    77    35     0
3028.11  1.50e-14  5.52e-15    77    37     0
3030.77  1.90e-14  7.70e-15    77    47     0
3033.44  1.62e-14  6.40e-15    77    39     0
3036.10  1.93e-14  6.64e-15    77    46     0
3038.76  1.44e-14  6.72e-15    77    34     0
3041.43  1.69e-14  5.95e-15    77    39     0
3044.09  1.67e-14  4.82e-15    77    38     0
3046.75  2.32e-14  4.96e-15    77    52     0
3049.41  1.93e-14  4.96e-15    77    43     0
3052.08  2.06e-14  6.14e-15    77    44     0
3054.74  2.91e-14  7.60e-15    77    62 -4096
3057.40  2.33e-14  6.83e-15    76    48 -4096
3060.06  1.79e-14  6.35e-15    76    36 -4096
3062.73  2.94e-14  8.92e-15    76    58     0
3065.39  3.61e-14  5.94e-15    77    71     0
3068.05  2.98e-14  5.71e-15    77    57     0
3070.71  3.85e-14  5.88e-15    77    73     0
3073.38  4.50e-14  8.01e-15    77    84     0
3076.04  4.78e-14  7.64e-15    77    87     0
3078.70  4.21e-14  6.22e-15    77    75     0
3081.37  4.01e-14  6.36e-15    77    71     0
3084.03  4.09e-14  6.39e-15    77    71     0
3086.69  4.50e-14  8.02e-15    77    76     0
3089.35  3.67e-14  8.22e-15    77    61     0
3092.02  2.97e-14  6.37e-15    77    49     0
3094.68  1.91e-14  6.47e-15    77    30     0
3097.34  2.67e-14  6.76e-15    77    42     0
3100.00  2.34e-14  6.96e-15    77    36     0
3102.67  2.09e-14  6.53e-15    77    32     0
3105.33  2.92e-14  7.87e-15    77    43     0
3107.99  2.19e-14  8.24e-15    77    32     0
3110.65  2.34e-14  6.79e-15    77    34     0
3113.32  2.18e-14  6.87e-15    77    31     0
3115.98  2.72e-14  7.06e-15    77    37     0
3118.64  1.97e-14  7.12e-15    77    26     0
3121.31  2.37e-14  9.12e-15    77    31     0
3123.97  2.38e-14  7.31e-15    77    31     0
3126.63  2.51e-14  9.38e-15    77    32     0
3129.29  3.67e-14  7.75e-15    77    46     0
3131.96  1.90e-14  7.39e-15    77    23     0
3134.62  2.24e-14  7.49e-15    77    27     0
3137.28  2.57e-14  7.73e-15    77    30     0
3139.94  2.44e-14  7.75e-15    77    28     0
3142.61  2.19e-14  7.83e-15    77    25     0
3145.27  3.39e-14  8.57e-15    77    37     0
3147.93  3.15e-14  1.13e-14    77    34     0
3150.60  1.64e-14  1.08e-14    77    17     0
3153.26  2.88e-14  8.68e-15    77    29     0
3155.92  3.01e-14  8.43e-15    77    30     0
3158.58  2.47e-14  8.63e-15    77    24     0
3161.25  2.46e-14  8.72e-15    77    24     0
3163.91  1.64e-14  9.44e-15    77    15     0
3166.57  2.96e-14  1.10e-14    77    27     0
3169.23  3.10e-14  9.40e-15    77    28     0
3171.90  2.30e-14  9.98e-15    77    20     0
3174.56  3.68e-14  1.29e-14    77    32     0
3177.22  2.82e-14  1.35e-14    77    24     0
3179.88  3.49e-14  1.32e-14    77    29     0
3182.55  2.49e-14  1.41e-14    77    20     0
3185.21  2.84e-14  1.02e-14    77    23     0
3187.87  4.12e-14  1.17e-14    77    32     0
3190.54  3.83e-14  1.02e-14    77    29     0
3193.20  3.07e-14  1.06e-14    76    23     0
3195.86  3.11e-14  1.21e-14    76    22     0
3198.52  3.22e-14  1.38e-14    76    23     0
3201.19  2.65e-14  1.35e-14    76    18     0
3203.85  3.87e-14  1.59e-14    76    26     0
3206.51  2.51e-14  1.17e-14    76    16     0
3209.17  1.88e-14  1.67e-14    76    11     0
3211.84  1.64e-14  1.42e-14    75    10     0
3214.50  2.06e-14  1.01e-14    75    12     0
3217.16  3.06e-14  1.55e-14    75    17     0
3219.82  2.67e-14  1.21e-14    75    15     0
3222.49  3.47e-14  1.37e-14    75    19     0
3225.15  3.20e-14  1.23e-14    74    17     0
3227.81  1.12e-14  1.26e-14    74     5     0
3230.48  2.79e-14  1.09e-14    74    14     0
3233.14  2.42e-14  1.43e-14    74    12     0
3235.80  1.99e-14  1.37e-14    73     9     0
3238.46  2.67e-14  1.26e-14    73    12     0
3241.13  2.25e-14  1.09e-14    73    10     0
3243.79  2.31e-14  1.12e-14    72    10     0
3246.45  2.28e-14  1.11e-14    72     9     0
3249.11  1.61e-14  1.61e-14    72     6     0
3251.78  3.78e-14  1.21e-14    71    15     0
3254.44  4.65e-14  1.27e-14    71    18     0
3257.10  6.44e-14  2.44e-14    70    25 -4096
3259.77  7.46e-14  2.22e-14    70    28 -4096
3262.43  4.63e-14  2.62e-14    69    17 -4096
3265.09  6.16e-14  1.71e-14    69    22 -4096
3267.75  6.98e-14  2.46e-14    68    25     0
3270.42  6.33e-14  1.58e-14    68    22     0
3273.08  6.42e-14  1.94e-14    67    22     0
3275.74  9.57e-14  2.89e-14    67    31     0
3278.40  1.02e-13  2.79e-14    66    33     0
3281.07  7.27e-14  2.64e-14    65    23     0
3283.73  5.96e-14  2.55e-14    65    18     0
3286.39  5.31e-14  3.20e-14    64    16     0
3289.05  5.35e-14  3.53e-14    63    16     0
3291.72  4.42e-14  2.81e-14    62    12     0
3294.38  4.69e-14  2.17e-14    62    13     0
3297.04  4.59e-14  1.75e-14    61    12     0
3299.71 -6.97e-15  2.01e-14    60    -1     0
3302.37 -4.18e-15  2.27e-14    59    -1     0
3305.03  3.12e-14  2.02e-14    58     7     0
3307.69  7.00e-14  2.08e-14    57    17     0
3310.36  6.41e-14  2.43e-14    56    15     0
3313.02  4.21e-14  2.61e-14    55     9     0
3315.68 -3.94e-14  2.70e-14    54    -8     0
3318.34  4.61e-15  3.49e-14    53     0     0
3321.01  3.69e-14  3.44e-14    52     7     0
3323.67  2.74e-14  3.51e-14    50     5     0
3326.33  2.62e-14  2.80e-14    49     4     0
3328.99 -6.33e-15  2.67e-14    48    -1     0
3331.66  9.19e-14  3.06e-14    47    15     0
3334.32  9.98e-14  2.89e-14    45    16     0
3336.98  1.24e-13  2.87e-14    44    20     0
3339.65  1.27e-13  3.20e-14    42    20     0
3342.31  1.18e-13  3.96e-14    41    17     0
3344.97  1.52e-13  3.45e-14    39    22     0
3347.63  2.09e-13  4.72e-14    38    28     0
