NOT ORIGINAL IUE PROJECT DATA PRODUCT
LWP9094LOWLARGE
HD  197481
20:42:06
-31:31:05
48
NO-TRAIL
X-OFFSETS
599.408
16/09/86
11:38:36
259
7.80
23/01/95
GSFC
2446689.98514
0
100
1851.18 -4.23e-13  1.96e-12  2153   -26     0
1853.84  3.69e-13  1.84e-12  2155    24     0
1856.51 -1.67e-13  1.80e-12  2156   -11     0
1859.17  1.58e-12  1.70e-12  2158   113     0
1861.83  2.92e-14  1.54e-12  2159     2     0
1864.49  2.60e-13  1.42e-12  2161    22     0
1867.16  8.42e-13  1.24e-12  2163    82     0
1869.82  3.05e-13  1.15e-12  2164    31     0
1872.48  6.24e-13  1.10e-12  2166    67     0
1875.15  7.02e-13  1.00e-12  2167    84     0
1877.81 -6.16e-13  9.35e-13  2169   -77     0
1880.47  1.92e-13  9.42e-13  2171    24     0
1883.13  4.84e-13  9.03e-13  2172    63     0
1885.80  8.88e-14  8.25e-13  2174    12     0
1888.46 -1.90e-14  7.88e-13  2176    -2     0
1891.12 -2.84e-13  7.49e-13  2177   -44     0
1893.78 -7.08e-13  7.20e-13  2179  -114     0
1896.45  8.38e-13  7.04e-13  2181   141     0
1899.11  3.79e-13  6.72e-13  2182    66     0
1901.77 -6.76e-14  6.57e-13  2184   -11     0
1904.43  1.04e-13  6.36e-13  2186    18     0
1907.10  4.40e-13  6.12e-13  2188    83     0
1909.76  3.31e-13  5.93e-13  2189    64     0
1912.42  3.01e-13  6.02e-13  2191    60     0
1915.09 -5.16e-13  5.92e-13  2193  -106     0
1917.75  1.07e-13  6.06e-13  2195    22     0
1920.41 -6.23e-14  5.44e-13  2196   -13     0
1923.07 -1.47e-13  5.03e-13  2198   -33     0
1925.74  7.13e-13  5.06e-13  2200   163     0
1928.40 -4.66e-14  4.76e-13  2202   -11     0
1931.06 -1.44e-13  4.56e-13  2203   -35     0
1933.72  2.52e-13  4.44e-13  2205    63     0
1936.39  1.52e-13  4.28e-13  2207    39     0
1939.05  2.96e-14  4.15e-13  2209     7     0
1941.71  4.32e-13  4.13e-13  2210   118     0
1944.37 -7.66e-15  3.92e-13  2212    -2     0
1947.04 -5.29e-14  3.81e-13  2214   -15     0
1949.70  3.30e-13  3.79e-13  2216    98     0
1952.36  1.34e-15  3.65e-13  2217     0     0
1955.03 -5.61e-13  3.56e-13  2219  -172     0
1957.69 -8.02e-14  3.47e-13  2221   -25     0
1960.35 -1.28e-13  3.37e-13  2223   -41     0
1963.01  2.82e-13  3.33e-13  2224    93     0
1965.68  1.45e-13  3.15e-13  2226    50     0
1968.34  4.13e-14  3.05e-13  2228    14     0
1971.00  5.46e-14  3.04e-13  2230    19     0
1973.66  1.14e-13  2.98e-13  2231    41     0
1976.33  1.02e-13  2.79e-13  2233    39     0
1978.99 -9.52e-14  2.71e-13  2235   -37     0
1981.65 -1.20e-13  2.67e-13  2237   -48     0
1984.31  1.19e-13  2.61e-13  2238    48     0
1986.98 -1.25e-13  2.56e-13  2240   -52     0
1989.64 -1.83e-15  2.50e-13  2242     0     0
1992.30 -1.02e-13  2.46e-13  2243   -43     0
1994.97 -3.48e-13  2.42e-13  2245  -152     0
1997.63  1.98e-14  2.36e-13  2247     8     0
2000.29  1.10e-13  2.35e-13  2248    49     0
2002.95 -1.53e-13  2.30e-13  2250   -69     0
2005.62 -1.24e-13  2.25e-13  2252   -57     0
2008.28  5.23e-14  2.22e-13  2253    24     0
2010.94  2.66e-13  2.27e-13  2255   125     0
2013.60 -1.38e-13  2.19e-13  2257   -65     0
2016.27  3.25e-13  2.19e-13  2258   157     0
2018.93  8.18e-14  2.12e-13  2260    39     0
2021.59 -2.64e-14  2.18e-13  2262   -12     0
2024.25  2.27e-13  2.20e-13  2263   107     0
2026.92 -1.49e-13  2.12e-13  2265   -71     0
2029.58  6.32e-14  2.12e-13  2266    30     0
2032.24  1.73e-13  2.14e-13  2268    84     0
2034.91  1.06e-13  2.11e-13  2270    51     0
2037.57  3.36e-13  2.17e-13  2271   163     0
2040.23 -9.88e-15  2.09e-13  2273    -4     0
2042.89  8.27e-14  2.09e-13  2274    40     0
2045.56 -5.56e-14  2.07e-13  2276   -26     0
2048.22  2.03e-13  2.10e-13  2277    99     0
2050.88 -7.61e-14  2.04e-13  2279   -37     0
2053.54 -1.30e-13  2.02e-13  2280   -64     0
2056.21 -1.45e-14  1.99e-13  2282    -7     0
2058.87  1.02e-13  1.98e-13  2283    51     0
2061.53  4.15e-13  2.05e-13  2285   210     0
2064.19  6.73e-14  1.94e-13  2286    34     0
2066.86 -1.85e-13  1.96e-13  2288   -93     0
2069.52  3.14e-13  2.89e-13  2289   159     0
2072.18  1.16e-13  1.90e-13  2291    60     0
2074.85  1.52e-14  1.91e-13  2292     7     0
2077.51 -1.59e-13  1.86e-13  2293   -83     0
2080.17 -1.56e-13  1.86e-13  2295   -81     0
2082.83  1.71e-13  1.88e-13  2296    89     0
2085.50 -1.78e-14  1.84e-13  2298    -9     0
2088.16 -2.69e-13  1.84e-13  2299  -141     0
2090.82 -1.87e-13  1.80e-13  2300   -99     0
2093.48  1.01e-14  1.80e-13  2302     5     0
2096.15 -4.42e-14  1.83e-13  2303   -23     0
2098.81 -2.11e-13  1.82e-13  2304  -110     0
2101.47  9.66e-14  1.84e-13  2306    50     0
2104.13  1.21e-14  1.83e-13  2307     6     0
2106.80 -2.18e-14  1.81e-13  2308   -11     0
2109.46  1.19e-15  1.81e-13  2310     0     0
2112.12 -1.61e-13  1.83e-13  2311   -83     0
2114.79  2.50e-13  1.89e-13  2312   129     0
2117.45  5.17e-14  1.83e-13  2313    26     0
2120.11  9.90e-15  1.80e-13  2315     5     0
2122.77 -1.66e-13  1.83e-13  2316   -86     0
2125.44 -8.88e-14  1.82e-13  2317   -46     0
2128.10 -3.58e-14  1.77e-13  2318   -18     0
2130.76 -1.81e-13  1.76e-13  2319   -95     0
2133.42 -4.69e-14  1.75e-13  2321   -24     0
2136.09 -2.03e-13  1.76e-13  2322  -106     0
2138.75  1.79e-13  1.77e-13  2323    94     0
2141.41 -1.83e-13  1.74e-13  2324   -96     0
2144.07 -2.70e-13  1.73e-13  2325  -142     0
2146.74  1.54e-13  1.75e-13  2326    81     0
2149.40 -2.56e-14  1.71e-13  2327   -13     0
2152.06 -8.59e-14  1.74e-13  2329   -44     0
2154.73 -7.56e-14  1.74e-13  2330   -39     0
2157.39  1.19e-14  1.70e-13  2331     6     0
2160.05 -3.51e-13  1.70e-13  2332  -186     0
2162.71 -1.90e-13  1.69e-13  2333  -101     0
2165.38 -7.64e-14  1.70e-13  2334   -40     0
2168.04  1.14e-13  1.70e-13  2335    60     0
2170.70  6.80e-13  5.59e-13  2336   357     0
2173.36 -9.70e-14  1.69e-13  2337   -51     0
2176.03 -2.51e-13  1.67e-13  2338  -133     0
2178.69  1.72e-14  1.67e-13  2339     9     0
2181.35 -4.23e-14  1.69e-13  2340   -22     0
2184.01 -8.99e-14  1.68e-13  2341   -47     0
2186.68 -1.94e-13  1.65e-13  2342  -103     0
2189.34 -1.25e-13  1.65e-13  2343   -66     0
2192.00 -1.03e-13  1.64e-13  2344   -54     0
2194.67  6.62e-14  1.64e-13  2345    35     0
2197.33  2.66e-13  1.70e-13  2346   139     0
2199.99 -4.52e-15  1.65e-13  2347    -2     0
2202.65  2.19e-13  1.63e-13  2347   118     0
2205.32 -2.22e-13  1.62e-13  2348  -118     0
2207.98 -2.48e-13  1.61e-13  2349  -132     0
2210.64 -1.07e-13  1.60e-13  2350   -57     0
2213.30 -2.58e-13  1.59e-13  2351  -138     0
2215.97 -1.64e-13  1.59e-13  2352   -87     0
2218.63 -4.81e-14  1.59e-13  2353   -25     0
2221.29 -2.16e-14  1.56e-13  2353   -11     0
2223.95  1.37e-13  1.57e-13  2354    74     0
2226.62  5.07e-14  1.57e-13  2355    27     0
2229.28  2.39e-13  1.62e-13  2356   128     0
2231.94 -6.45e-15  1.51e-13  2357    -3     0
2234.61 -1.47e-14  1.50e-13  2358    -8     0
2237.27 -1.18e-13  1.52e-13  2358   -64     0
2239.93  1.01e-14  1.50e-13  2359     5     0
2242.59 -1.28e-13  1.49e-13  2360   -71     0
2245.26 -6.43e-14  1.46e-13  2361   -36     0
2247.92 -1.58e-13  1.44e-13  2361   -90     0
2250.58 -3.81e-14  1.41e-13  2362   -22     0
2253.24  2.50e-14  1.39e-13  2363    14     0
2255.91 -7.02e-14  1.39e-13  2364   -41     0
2258.57  1.38e-13  1.39e-13  2364    82     0
2261.23 -7.71e-14  1.35e-13  2365   -46     0
2263.90 -1.12e-13  1.33e-13  2366   -68     0
2266.56  9.37e-15  1.32e-13  2366     5     0
2269.22  1.24e-13  1.32e-13  2367    77     0
2271.88 -2.24e-13  1.27e-13  2368  -142     0
2274.55 -1.96e-13  1.25e-13  2368  -126     0
2277.21  4.26e-14  1.21e-13  2369    28     0
2279.87 -4.47e-14  1.19e-13  2370   -29     0
2282.53 -3.33e-14  1.21e-13  2370   -22     0
2285.20 -6.44e-14  1.19e-13  2371   -43     0
2287.86 -2.72e-14  1.18e-13  2372   -18     0
2290.52 -6.51e-14  1.16e-13  2372   -44     0
2293.18  3.39e-15  1.16e-13  2373     2     0
2295.85 -8.72e-15  1.14e-13  2373    -5     0
2298.51  2.52e-13  1.18e-13  2374   173     0
2301.17 -1.39e-14  1.12e-13  2375    -9     0
2303.83  1.64e-13  1.14e-13  2375   115     0
2306.50  1.87e-13  1.15e-13  2376   130     0
2309.16  6.61e-14  1.10e-13  2376    46     0
2311.82  1.20e-13  1.08e-13  2377    87     0
2314.49  4.68e-14  1.04e-13  2378    34     0
2317.15 -9.56e-14  1.03e-13  2378   -70     0
2319.81  3.25e-14  1.02e-13  2379    24     0
2322.47  9.14e-15  9.97e-14  2379     6     0
2325.14 -2.86e-14  9.71e-14  2380   -22     0
2327.80  4.37e-15  9.50e-14  2380     3     0
2330.46 -1.39e-13  9.44e-14  2381  -111     0
2333.12 -1.07e-13  9.24e-14  2381   -86     0
2335.79 -1.77e-13  8.89e-14  2382  -149     0
2338.45 -1.57e-13  8.72e-14  2382  -135     0
2341.11 -5.08e-14  8.62e-14  2383   -44     0
2343.77  4.35e-14  8.51e-14  2383    38     0
2346.44  2.83e-14  8.29e-14  2384    25     0
2349.10  6.62e-14  8.23e-14  2385    60     0
2351.76 -8.27e-14  8.04e-14  2385   -75     0
2354.43  5.85e-14  7.94e-14  2386    54     0
2357.09  1.71e-13  8.14e-14  2386   160     0
2359.75  4.41e-14  7.73e-14  2387    41     0
2362.41 -4.25e-15  7.56e-14  2387    -4     0
2365.08  1.10e-14  7.54e-14  2387    10     0
2367.74  3.39e-15  1.07e-13  2388     3     0
2370.40 -9.94e-16  7.39e-14  2388     0     0
2373.06 -4.85e-14  7.32e-14  2389   -47     0
2375.73 -4.60e-14  7.18e-14  2389   -46     0
2378.39 -2.84e-14  7.10e-14  2390   -28     0
2381.05  1.92e-13  7.48e-14  2390   193     0
2383.71  1.65e-14  7.00e-14  2391    16     0
2386.38  4.41e-14  6.95e-14  2391    45     0
2389.04  1.13e-13  7.61e-14  2392   116     0
2391.70  1.11e-14  6.75e-14  2392    11     0
2394.37  1.54e-13  6.93e-14  2393   162     0
2397.03 -2.63e-14  6.51e-14  2393   -28     0
2399.69 -1.79e-14  6.42e-14  2394   -19     0
2402.35  3.14e-14  6.31e-14  2394    34     0
2405.02  3.28e-14  6.28e-14  2395    36     0
2407.68  1.78e-14  6.18e-14  2395    19     0
2410.34 -3.30e-14  6.45e-14  2396   -37     0
2413.00  4.17e-14  6.05e-14  2396    48     0
2415.67  4.01e-14  5.98e-14  2396    46     0
2418.33  8.63e-14  6.04e-14  2397   101     0
2420.99 -9.81e-14  5.73e-14  2397  -117     0
2423.66 -8.96e-15  5.77e-14  2398   -10     0
2426.32  5.78e-14  5.65e-14  2398    70     0
2428.98 -1.63e-14  5.48e-14  2399   -20     0
2431.64 -2.59e-14  5.53e-14  2399   -31     0
2434.31  2.96e-14  5.51e-14  2400    36     0
2436.97 -4.39e-14  5.43e-14  2400   -54     0
2439.63 -4.93e-14  5.37e-14  2401   -61     0
2442.29  6.96e-14  5.36e-14  2401    88     0
2444.96  2.48e-14  5.24e-14  2401    31     0
2447.62  4.96e-15  5.15e-14  2402     6     0
2450.28 -3.71e-14  5.11e-14  2402   -48     0
2452.94  7.24e-14  5.15e-14  2403    94     0
2455.61  3.60e-14  5.04e-14  2403    47     0
2458.27  4.33e-14  4.99e-14  2404    57     0
2460.93  3.97e-14  4.84e-14  2404    54     0
2463.59  4.94e-14  4.77e-14  2405    68     0
2466.26  7.74e-15  4.71e-14  2405    10     0
2468.92 -3.85e-14  4.63e-14  2406   -53     0
2471.58  4.71e-14  4.62e-14  2406    66     0
2474.25 -3.58e-14  4.48e-14  2406   -51     0
2476.91  6.93e-14  4.43e-14  2407   102     0
2479.57 -4.28e-14  4.26e-14  2407   -64     0
2482.23  6.47e-14  4.43e-14  2408    97     0
2484.90  5.34e-14  4.31e-14  2408    80     0
2487.56 -1.62e-14  4.20e-14  2409   -24     0
2490.22 -1.97e-14  4.20e-14  2409   -29     0
2492.88 -2.95e-14  4.20e-14  2410   -44     0
2495.55 -7.13e-14  4.17e-14  2410  -107     0
2498.21  3.28e-14  4.21e-14  2411    49     0
2500.87 -8.25e-15  4.21e-14  2411   -12     0
2503.54 -5.93e-14  4.19e-14  2412   -88     0
2506.20  4.80e-14  4.55e-14  2412    71     0
2508.86 -9.16e-15  4.14e-14  2413   -13     0
2511.52 -6.65e-14  4.04e-14  2413  -101     0
2514.19 -1.28e-14  4.71e-14  2414   -19     0
2516.85  3.75e-14  4.49e-14  2414    57     0
2519.51 -1.81e-15  3.96e-14  2415    -2     0
2522.17 -2.08e-14  3.86e-14  2415   -32     0
2524.84  1.56e-14  3.79e-14  2416    25     0
2527.50 -4.64e-14  3.77e-14  2416   -74     0
2530.16 -2.31e-14  3.70e-14  2417   -37     0
2532.82  5.61e-14  3.72e-14  2417    92     0
2535.49  1.77e-14  3.66e-14  2418    29     0
2538.15  9.45e-14  3.75e-14  2418   157     0
2540.81 -6.01e-15  3.54e-14  2419   -10     0
2543.48 -2.37e-14  3.49e-14  2419   -40     0
2546.14  9.86e-15  3.43e-14  2420    17     0
2548.80 -1.46e-14  3.37e-14  2420   -25     0
2551.46 -5.74e-15  3.32e-14  2421   -10     0
2554.13  2.87e-14  3.31e-14  2422    51     0
2556.79  5.86e-14  3.28e-14  2422   107     0
2559.45 -5.58e-15  3.17e-14  2423   -10     0
2562.11  3.56e-14  3.25e-14  2423    64     0
2564.78  3.74e-14  3.24e-14  2424    68     0
2567.44  1.77e-14  3.18e-14  2424    32     0
2570.10 -1.02e-14  3.17e-14  2425   -18     0
2572.76 -9.00e-15  3.17e-14  2425   -16     0
2575.43 -1.70e-14  3.13e-14  2426   -31     0
2578.09 -2.26e-15  3.12e-14  2427    -4     0
2580.75 -2.08e-14  3.13e-14  2427   -38     0
2583.42 -7.54e-14  3.12e-14  2428  -138     0
2586.08  3.63e-14  3.11e-14  2428    67     0
2588.74  9.63e-15  3.03e-14  2429    18     0
2591.40  5.06e-15  3.35e-14  2429     9     0
2594.07 -5.88e-14  2.98e-14  2430  -111     0
2596.73  8.22e-14  3.07e-14  2431   156     0
2599.39  1.44e-14  3.18e-14  2431    27     0
2602.05  2.19e-14  2.90e-14  2432    42     0
2604.72 -3.46e-14  2.85e-14  2433   -67     0
2607.38  3.51e-14  2.86e-14  2433    69     0
2610.04  3.13e-14  2.81e-14  2434    62     0
2612.70  5.77e-14  2.84e-14  2434   115     0
2615.37  2.73e-14  2.79e-14  2435    54     0
2618.03  1.86e-14  2.75e-14  2436    37     0
2620.69  3.92e-14  2.73e-14  2436    79     0
2623.35  5.46e-14  2.74e-14  2437   111     0
2626.02  4.51e-14  2.71e-14  2438    92     0
2628.68  5.71e-14  2.70e-14  2438   118     0
2631.34  6.17e-14  2.71e-14  2439   126     0
2634.01  2.36e-14  2.64e-14  2440    48     0
2636.67 -2.91e-15  2.61e-14  2440    -5     0
2639.33  5.02e-15  2.72e-14  2441    10     0
2641.99 -2.38e-14  2.67e-14  2442   -49     0
2644.66 -2.10e-14  2.71e-14  2442   -44     0
2647.32 -3.45e-14  2.69e-14  2443   -73     0
2649.98  3.85e-14  2.59e-14  2444    82     0
2652.64 -7.93e-16  2.53e-14  2444    -1     0
2655.31 -3.66e-15  2.60e-14  2445    -7     0
2657.97  2.63e-14  2.50e-14  2446    55     0
2660.63  2.69e-14  2.46e-14  2446    57     0
2663.30  6.04e-15  2.42e-14  2447    13     0
2665.96  2.60e-14  2.44e-14  2448    56     0
2668.62  3.23e-14  2.43e-14  2448    70     0
2671.28  7.26e-15  2.37e-14  2449    15     0
2673.95 -6.05e-15  2.63e-14  2450   -13     0
2676.61 -2.27e-15  2.35e-14  2451    -4     0
2679.27  3.19e-14  2.37e-14  2451    69     0
2681.93 -3.55e-15  2.30e-14  2452    -7     0
2684.60 -1.69e-14  2.29e-14  2453   -37     0
2687.26 -2.69e-14  2.28e-14  2453   -59     0
2689.92 -7.60e-15  2.27e-14  2454   -16     0
2692.58  3.27e-14  2.31e-14  2455    72     0
2695.25  5.65e-14  2.36e-14  2456   124     0
2697.91  3.38e-14  2.32e-14  2456    74     0
2700.57 -1.18e-15  2.27e-14  2457    -2     0
2703.24 -2.24e-14  2.27e-14  2458   -49     0
2705.90  1.10e-14  2.28e-14  2459    24     0
2708.56  1.52e-14  2.30e-14  2459    33     0
2711.22  3.81e-14  2.34e-14  2460    82     0
2713.89  3.97e-14  2.35e-14  2461    85     0
2716.55  4.78e-14  2.33e-14  2462   103     0
2719.21  8.72e-15  2.29e-14  2462    18     0
2721.87  2.49e-14  2.28e-14  2463    54     0
2724.54  1.62e-14  2.25e-14  2464    35     0
2727.20  6.76e-14  2.31e-14  2465   146     0
2729.86  2.76e-14  2.24e-14  2466    60     0
2732.52  1.58e-14  2.20e-14  2466    34     0
2735.19  1.14e-14  2.16e-14  2467    25     0
2737.85  2.27e-14  2.16e-14  2468    50     0
2740.51  7.99e-15  2.14e-14  2469    17     0
2743.18  1.44e-15  2.13e-14  2470     3     0
2745.84  3.54e-15  2.11e-14  2470     7     0
2748.50  2.87e-14  2.14e-14  2471    64     0
2751.16  6.91e-14  2.22e-14  2472   152     0
2753.83  3.17e-15  2.13e-14  2473     7     0
2756.49  5.32e-15  2.10e-14  2473    11     0
2759.15  2.50e-14  2.12e-14  2474    56     0
2761.81 -3.05e-15  2.09e-14  2475    -6     0
2764.48 -1.15e-14  2.08e-14  2476   -25     0
2767.14  1.24e-14  2.10e-14  2477    27     0
2769.80  2.29e-14  2.10e-14  2478    50     0
2772.46  1.61e-15  2.08e-14  2478     3     0
2775.13 -2.05e-14  2.08e-14  2479   -45     0
2777.79  2.31e-14  2.10e-14  2480    50     0
2780.45  1.34e-15  2.07e-14  2481     2     0
2783.12 -5.06e-15  2.08e-14  2482   -11     0
2785.78  1.88e-14  2.09e-14  2482    41     0
2788.44  1.72e-14  2.10e-14  2483    37     0
2791.10  4.95e-14  2.13e-14  2484   107     0
2793.77  1.50e-13  3.55e-14  2485   324     0
2796.43  2.56e-13  8.35e-14  2486   551     0
2799.09  2.57e-13  8.37e-14  2486   554     0
2801.75  1.83e-13  5.69e-14  2487   390     0
2804.42  1.92e-13  7.06e-14  2488   411     0
2807.08  1.44e-13  4.81e-14  2489   312     0
2809.74  6.57e-14  2.61e-14  2490   142     0
2812.40 -1.78e-14  2.20e-14  2490   -38     0
2815.07 -3.82e-15  2.09e-14  2491    -8     0
2817.73  1.14e-14  2.01e-14  2492    24     0
2820.39  2.84e-14  2.03e-14  2493    62     0
2823.06  4.75e-15  2.01e-14  2494    10     0
2825.72  3.54e-15  2.00e-14  2495     7     0
2828.38  2.87e-14  2.02e-14  2495    62     0
2831.04  3.45e-15  1.98e-14  2496     7     0
2833.71  1.25e-14  1.99e-14  2497    27     0
2836.37 -3.98e-14  2.00e-14  2498   -85     0
2839.03 -4.06e-15  2.00e-14  2499    -8     0
2841.69  5.09e-14  2.03e-14  2499   109     0
2844.36  8.79e-15  2.05e-14  2500    18     0
2847.02 -1.90e-14  2.16e-14  2501   -41     0
2849.68 -1.01e-14  2.22e-14  2502   -21     0
2852.34  4.27e-15  2.17e-14  2503     9     0
2855.01  2.19e-14  2.11e-14  2503    46     0
2857.67 -9.27e-16  2.00e-14  2504    -1     0
2860.33  2.39e-15  1.99e-14  2505     5     0
2863.00  4.75e-15  2.08e-14  2506    10     0
2865.66 -6.98e-15  1.97e-14  2506   -14     0
2868.32  3.24e-14  2.00e-14  2507    68     0
2870.98  3.06e-14  2.12e-14  2508    63     0
2873.65 -8.44e-15  2.02e-14  2509   -17     0
2876.31 -6.64e-15  1.99e-14  2510   -13     0
2878.97  1.04e-14  2.00e-14  2510    21     0
2881.63  3.14e-14  2.02e-14  2511    64     0
2884.30  8.52e-15  2.00e-14  2512    17     0
2886.96  1.66e-14  2.36e-14  2513    33     0
2889.62 -9.52e-15  2.00e-14  2513   -19     0
2892.28 -4.94e-15  2.00e-14  2514   -10     0
2894.95 -5.11e-14  2.00e-14  2515  -103     0
2897.61 -2.61e-14  2.00e-14  2516   -52     0
2900.27  1.61e-14  2.00e-14  2516    32     0
2902.94 -8.91e-15  1.99e-14  2517   -18     0
2905.60  1.89e-14  2.04e-14  2518    37     0
2908.26  2.95e-15  2.04e-14  2518     5     0
2910.92  2.66e-14  2.50e-14  2519    52     0
2913.59  3.28e-14  2.03e-14  2520    64     0
2916.25 -1.99e-14  2.01e-14  2521   -39     0
2918.91  1.10e-14  2.03e-14  2521    21     0
2921.57  3.93e-14  2.05e-14  2522    76     0
2924.24 -2.31e-14  2.04e-14  2523   -44     0
2926.90  1.07e-14  2.06e-14  2523    20     0
2929.56  4.91e-14  2.10e-14  2524    93     0
2932.22  4.15e-14  2.34e-14  2525    77     0
2934.89 -4.66e-14  2.11e-14  2525   -85     0
2937.55 -8.80e-15  2.14e-14  2526   -15     0
2940.21 -2.23e-14  2.27e-14  2527   -40     0
2942.88  1.01e-14  2.16e-14  2527    18     0
2945.54  2.38e-14  2.19e-14  2528    42     0
2948.20  3.42e-14  2.21e-14  2529    60     0
2950.86  4.45e-14  2.21e-14  2529    78     0
2953.53  1.19e-14  2.19e-14  2530    20     0
2956.19 -7.42e-16  2.18e-14  2530    -1     0
2958.85  2.85e-14  2.20e-14  2531    49     0
2961.51  2.81e-14  2.23e-14  2532    48     0
2964.18  2.26e-14  2.25e-14  2532    38     0
2966.84 -1.85e-15  2.27e-14  2533    -3     0
2969.50  6.83e-15  2.30e-14  2533    11     0
2972.16 -1.12e-14  2.30e-14  2534   -18     0
2974.83 -7.94e-15  2.33e-14  2534   -12     0
2977.49 -9.23e-15  2.35e-14  2535   -14     0
2980.15  1.13e-15  2.37e-14  2536     1     0
2982.82 -3.91e-15  2.39e-14  2536    -6     0
2985.48  5.09e-14  3.30e-14  2537    78     0
2988.14  8.74e-14  2.47e-14  2537   133     0
2990.80  8.16e-14  2.50e-14  2538   122     0
2993.47  1.96e-14  2.48e-14  2538    29     0
2996.13  3.58e-14  2.52e-14  2539    52     0
2998.79 -3.21e-15  2.52e-14  2539    -4     0
3001.45 -1.56e-15  2.52e-14  2540    -2     0
3004.12 -1.08e-14  2.54e-14  2540   -15     0
3006.78 -4.07e-14  2.54e-14  2540   -58     0
3009.44 -6.13e-14  2.57e-14  2541   -86     0
3012.10 -7.71e-14  2.61e-14  2541  -106     0
3014.77 -6.19e-14  2.64e-14  2542   -84     0
3017.43 -5.83e-14  2.69e-14  2542   -77     0
3020.09 -2.20e-14  2.74e-14  2543   -28     0
3022.76 -4.19e-15  2.78e-14  2543    -5     0
3025.42  1.26e-14  2.81e-14  2543    16     0
3028.08  4.17e-14  2.86e-14  2544    52     0
3030.74  3.06e-14  2.85e-14  2544    38     0
3033.41  2.58e-14  2.89e-14  2544    31     0
3036.07  3.39e-14  2.93e-14  2545    41     0
3038.73  2.03e-14  2.96e-14  2545    24     0
3041.39 -7.60e-15  3.02e-14  2545    -8     0
3044.06 -3.45e-14  3.06e-14  2546   -39     0
3046.72  7.30e-15  3.21e-14  2546     8     0
3049.38  2.63e-15  3.13e-14  2546     2     0
3052.04  3.33e-14  3.49e-14  2547    36     0
3054.71  8.38e-15  3.49e-14  2547     8     0
3057.37 -1.46e-14  3.77e-14  2547   -15     0
3060.03  1.47e-14  3.85e-14  2547    14     0
3062.70  5.32e-14  3.84e-14  2548    53     0
3065.36  5.96e-14  3.53e-14  2548    58     0
3068.02  3.64e-14  3.58e-14  2548    35     0
3070.68 -3.10e-14  3.59e-14  2548   -29     0
3073.35 -9.44e-16  3.65e-14  2548     0     0
3076.01 -7.25e-14  3.74e-14  2549   -66     0
3078.67  4.52e-15  3.80e-14  2549     4     0
3081.33  2.64e-14  3.85e-14  2549    23     0
3084.00 -3.38e-14  3.90e-14  2549   -29     0
3086.66 -3.72e-14  3.97e-14  2549   -31     0
3089.32  1.82e-14  4.04e-14  2549    15     0
3091.98 -7.73e-15  4.09e-14  2549    -6     0
3094.65  2.67e-14  4.17e-14  2550    21     0
3097.31  2.91e-14  4.27e-14  2550    22     0
3099.97  2.29e-14  4.33e-14  2550    17     0
3102.64  2.64e-14  4.38e-14  2550    20     0
3105.30  2.05e-14  4.46e-14  2550    15     0
3107.96  2.25e-14  4.53e-14  2550    16     0
3110.62  5.09e-15  4.57e-14  2550     3     0
3113.29 -1.67e-14  4.66e-14  2550   -11     0
3115.95 -5.16e-14  4.76e-14  2550   -36     0
3118.61 -6.44e-14  4.85e-14  2550   -43     0
3121.27 -7.76e-14  4.94e-14  2550   -51     0
3123.94 -8.01e-14  5.03e-14  2550   -52     0
3126.60 -2.72e-14  5.11e-14  2550   -17     0
3129.26 -1.75e-14  5.19e-14  2550   -11     0
3131.92 -1.76e-14  5.25e-14  2550   -11     0
3134.59 -3.06e-14  5.35e-14  2549   -18     0
3137.25 -1.08e-13  5.46e-14  2549   -64     0
3139.91 -1.18e-13  5.55e-14  2549   -69     0
3142.58 -6.06e-14  5.76e-14  2549   -34     0
3145.24 -4.93e-14  5.83e-14  2549   -27     0
3147.90  2.11e-14  5.97e-14  2549    11     0
3150.56 -5.29e-14  6.07e-14  2549   -28     0
3153.23 -1.05e-13  6.21e-14  2549   -54     0
3155.89 -1.50e-13  6.31e-14  2548   -76     0
3158.55 -2.09e-13  6.44e-14  2548  -104     0
3161.21 -7.45e-14  6.57e-14  2548   -36     0
3163.88  3.57e-14  6.71e-14  2548    17     0
3166.54  1.51e-13  6.97e-14  2548    70     0
3169.20  1.92e-13  7.12e-14  2547    87     0
3171.86  1.53e-13  7.24e-14  2547    68     0
3174.53  1.07e-13  7.36e-14  2547    46     0
3177.19  1.35e-13  7.46e-14  2547    58     0
3179.85  1.07e-13  7.59e-14  2546    45     0
3182.52  5.70e-15  7.69e-14  2546     2     0
3185.18  1.52e-13  7.92e-14  2546    61     0
3187.84  1.18e-13  8.07e-14  2545    46     0
3190.50  2.32e-13  8.34e-14  2545    89     0
3193.17  2.34e-13  8.52e-14  2545    88     0
3195.83  1.67e-13  8.64e-14  2544    61     0
3198.49  1.61e-13  8.84e-14  2544    57     0
3201.15  1.34e-13  9.06e-14  2544    46     0
3203.82  3.74e-14  9.23e-14  2543    12     0
3206.48 -3.96e-14  9.62e-14  2543   -12     0
3209.14 -3.43e-14  9.88e-14  2542   -10     0
3211.80 -1.35e-13  1.02e-13  2542   -41     0
3214.47 -1.26e-13  1.04e-13  2542   -37     0
3217.13 -8.79e-14  1.08e-13  2541   -25     0
3219.79 -4.52e-14  1.11e-13  2541   -12     0
3222.46 -1.77e-14  1.11e-13  2540    -4     0
3225.12  1.40e-13  1.15e-13  2540    38     0
3227.78  3.58e-13  1.20e-13  2539    94     0
3230.44  2.60e-13  1.22e-13  2539    67     0
3233.11  1.28e-13  1.24e-13  2539    32     0
3235.77  4.25e-14  1.28e-13  2538    10     0
3238.43  1.07e-13  1.32e-13  2538    25     0
3241.09 -3.54e-14  1.34e-13  2537    -8     0
3243.76  1.10e-13  1.39e-13  2537    24     0
3246.42  3.68e-13  1.44e-13  2536    80     0
3249.08  6.46e-14  1.46e-13  2536    13     0
3251.74  9.11e-14  1.48e-13  2535    19     0
3254.41 -2.79e-14  1.51e-13  2534    -5     0
3257.07  1.41e-13  1.66e-13  2534    27     0
3259.73  4.98e-13  1.79e-13  2533    96     0
3262.40  2.82e-13  1.91e-13  2533    53     0
3265.06  3.44e-13  1.95e-13  2532    63     0
3267.72  2.35e-13  1.93e-13  2532    42     0
3270.38  1.12e-13  1.82e-13  2531    19     0
3273.05  2.68e-14  1.77e-13  2531     4     0
3275.71 -5.26e-14  1.84e-13  2530    -8     0
3278.37 -1.21e-13  1.88e-13  2529   -19     0
3281.03 -1.22e-13  1.91e-13  2529   -19     0
3283.70  4.47e-13  1.98e-13  2528    70     0
3286.36  4.88e-13  2.02e-13  2528    74     0
3289.02  4.33e-13  2.07e-13  2527    64     0
3291.68  4.30e-13  2.14e-13  2527    62     0
3294.35  3.25e-13  2.19e-13  2526    45     0
3297.01  4.21e-13  2.24e-13  2525    58     0
3299.67  5.23e-13  2.31e-13  2525    70     0
3302.34  5.02e-13  2.37e-13  2524    65     0
3305.00  5.28e-13  2.45e-13  2524    66     0
3307.66  1.06e-12  2.55e-13  2523   130     0
3310.32  8.72e-13  2.63e-13  2522   103     0
3312.99  3.97e-13  2.68e-13  2522    45     0
3315.65  1.40e-13  2.80e-13  2521    15     0
3318.31  6.79e-14  2.89e-13  2521     7     0
3320.97  2.59e-13  3.05e-13  2520    25     0
3323.64  4.25e-13  3.18e-13  2519    41     0
3326.30  2.33e-13  3.25e-13  2519    21     0
3328.96 -2.07e-13  3.36e-13  2518   -18     0
3331.62 -4.41e-13  3.51e-13  2518   -37     0
3334.29 -6.44e-13  3.64e-13  2517   -53     0
3336.95  1.06e-13  3.63e-13  2517     8     0
3339.61  3.48e-13  3.79e-13  2516    28     0
3342.28  1.96e-13  4.02e-13  2515    14     0
3344.94  1.48e-13  4.16e-13  2515    10     0
3347.60  1.15e-12  4.50e-13  2514    79     0
