NOT ORIGINAL IUE PROJECT DATA PRODUCT
LWP21138LOWLARGE
HD  197481
20:42:04
-31:31:05
48
NO-TRAIL
X-OFFSETS
1199.063
02/09/91
23:05:53
245
8.17
20/09/95
GSFC
2448502.46242
59
31
1851.19 -3.27e-14  5.80e-13    81    -3     0
1853.85  2.28e-13  5.46e-13    82    22     0
1856.51  5.29e-13  7.31e-13    82    38     0
1859.17  2.37e-13  6.69e-13    83    18     0
1861.84  1.93e-13  4.22e-13    84    24     0
1864.50 -7.26e-14  3.81e-13    84    -9     0
1867.16  1.60e-13  2.98e-13    85    27     0
1869.83 -8.44e-14  2.74e-13    85   -15     0
1872.49  1.18e-13  2.48e-13    86    24     0
1875.15  1.35e-13  2.17e-13    86    31     0
1877.81 -1.31e-13  2.01e-13    87   -32     0
1880.48 -4.22e-14  2.08e-13    87    -9     0
1883.14  2.29e-13  2.03e-13    88    56     0
1885.80 -7.14e-14  1.78e-13    88   -19     0
1888.47 -2.31e-13  2.09e-13    88   -65     0
1891.13 -2.73e-14  1.63e-13    89    -7     0
1893.79  6.13e-14  1.57e-13    89    18     0
1896.45  1.89e-14  1.42e-13    90     6     0
1899.12 -1.09e-13  1.36e-13    90   -37     0
1901.78 -9.86e-14  1.42e-13    90   -31     0
1904.44  9.55e-14  1.39e-13    91    31     0
1907.11 -6.12e-14  1.30e-13    91   -21     0
1909.77 -4.00e-14  1.25e-13    91   -14     0
1912.43  8.84e-14  1.17e-13    92    34     0
1915.09 -3.86e-14  1.13e-13    92   -15     0
1917.76  5.70e-14  1.13e-13    92    22     0
1920.42  2.13e-14  9.79e-14    92     9     0
1923.08 -4.84e-14  9.19e-14    93   -22     0
1925.74  5.89e-15  1.00e-13    93     2     0
1928.41  4.81e-14  9.82e-14    93    20     0
1931.07 -7.76e-15  8.89e-14    93    -3     0
1933.73  2.43e-14  9.66e-14    93    11     0
1936.40 -6.63e-15  8.47e-14    94    -3     0
1939.06 -9.98e-14  8.17e-14    94   -49     0
1941.72  8.55e-14  8.02e-14    94    44     0
1944.38  1.60e-14  7.52e-14    94     8     0
1947.05  3.94e-14  7.18e-14    94    22     0
1949.71 -1.07e-14  6.82e-14    94    -6     0
1952.37  2.62e-14  7.01e-14    95    14     0
1955.04  2.34e-14  6.77e-14    95    13     0
1957.70 -2.17e-14  6.48e-14    95   -12     0
1960.36  4.18e-14  6.37e-14    95    25     0
1963.02 -3.43e-15  6.04e-14    95    -2     0
1965.69  1.88e-14  5.67e-14    95    12     0
1968.35 -2.98e-15  5.43e-14    95    -2     0
1971.01  4.34e-14  5.69e-14    95    28     0
1973.68  5.24e-14  5.54e-14    95    35     0
1976.34  2.74e-14  4.89e-14    96    20     0
1979.00 -5.55e-14  4.65e-14    96   -42     0
1981.66 -4.68e-15  4.73e-14    96    -3     0
1984.33  4.64e-14  4.76e-14    96    35     0
1986.99  2.29e-14  4.43e-14    96    18     0
1989.65  3.49e-15  4.24e-14    96     2     0
1992.31  4.51e-15  4.26e-14    96     3     0
1994.98  1.15e-14  4.17e-14    96     9     0
1997.64 -3.92e-14  3.97e-14    96   -33     0
2000.30  3.55e-14  4.08e-14    96    29     0
2002.97  2.96e-15  3.88e-14    96     2     0
2005.63  1.45e-14  3.79e-14    96    12     0
2008.29  2.19e-15  3.67e-14    96     1     0
2010.95  1.63e-14  3.89e-14    96    13     0
2013.62 -3.31e-14  3.77e-14    96   -27     0
2016.28  2.21e-15  3.36e-14    96     2     0
2018.94 -1.09e-14  3.31e-14    96   -10     0
2021.61 -7.21e-16  3.50e-14    96     0     0
2024.27  7.66e-15  3.49e-14    96     6     0
2026.93  3.42e-15  3.33e-14    96     3     0
2029.59  1.80e-14  3.34e-14    96    16     0
2032.26  1.78e-14  3.35e-14    96    16     0
2034.92  7.27e-15  3.27e-14    96     6     0
2037.58  3.25e-14  3.31e-14    96    29     0
2040.25  1.15e-14  3.26e-14    96    10     0
2042.91  2.00e-14  3.26e-14    96    18     0
2045.57 -1.24e-14  3.25e-14    96   -10     0
2048.23  1.31e-15  3.20e-14    96     1     0
2050.90 -2.54e-15  3.09e-14    96    -2     0
2053.56  2.08e-15  3.05e-14    96     1     0
2056.22  4.09e-15  3.00e-14    96     3     0
2058.88  3.22e-16  2.95e-14    96     0     0
2061.55  2.42e-14  3.00e-14    96    22     0
2064.21  7.97e-18  2.85e-14    96     0     0
2066.87  2.47e-14  2.91e-14    96    23     0
2069.54 -3.33e-15  2.77e-14    96    -3     0
2072.20 -8.42e-15  2.68e-14    96    -8     0
2074.86 -2.46e-14  2.64e-14    96   -24     0
2077.52  1.43e-14  2.65e-14    96    14     0
2080.19 -5.64e-15  2.58e-14    96    -5     0
2082.85 -5.19e-16  2.55e-14    96     0     0
2085.51  1.37e-14  2.58e-14    96    13     0
2088.18  1.70e-16  2.50e-14    96     0     0
2090.84  8.98e-16  2.43e-14    96     0     0
2093.50  1.16e-14  2.45e-14    96    11     0
2096.16  9.42e-15  2.46e-14    96     9     0
2098.83  6.10e-15  2.43e-14    96     6     0
2101.49 -1.56e-14  2.52e-14    96   -15     0
2104.15  1.83e-14  2.44e-14    96    17     0
2106.82  1.75e-15  2.39e-14    96     1     0
2109.48 -7.39e-15  2.37e-14    96    -7     0
2112.14  9.18e-15  2.37e-14    96     8     0
2114.80 -1.26e-14  2.32e-14    96   -12     0
2117.47  1.19e-14  2.36e-14    96    11     0
2120.13  9.36e-15  2.28e-14    96     9     0
2122.79  1.79e-14  2.30e-14    96    17     0
2125.45  7.40e-15  2.20e-14    96     7     0
2128.12 -7.40e-15  2.16e-14    96    -7     0
2130.78  6.71e-15  2.18e-14    96     6     0
2133.44 -7.59e-15  2.13e-14    96    -7     0
2136.11  5.61e-15  2.13e-14    96     5     0
2138.77  5.15e-15  2.10e-14    96     5     0
2141.43  3.65e-15  2.04e-14    96     3     0
2144.09  2.08e-14  2.09e-14    96    20     0
2146.76  4.14e-15  2.00e-14    96     4     0
2149.42  8.77e-16  1.97e-14    96     0     0
2152.08  9.44e-15  2.03e-14    96     9     0
2154.75  1.73e-14  2.04e-14    96    16     0
2157.41  1.83e-15  1.91e-14    96     1     0
2160.07  1.20e-14  1.96e-14    96    11     0
2162.73  9.26e-15  1.92e-14    96     9     0
2165.40  2.23e-14  1.95e-14    96    22     0
2168.06  7.67e-15  1.86e-14    96     7     0
2170.72 -3.03e-15  1.81e-14    96    -3     0
2173.39  1.09e-14  1.84e-14    96    11     0
2176.05  1.71e-15  1.82e-14    96     1     0
2178.71  6.02e-15  1.82e-14    96     5     0
2181.37  6.35e-15  1.84e-14    96     6     0
2184.04  7.41e-15  1.83e-14    97     7     0
2186.70  2.16e-14  1.81e-14    97    21     0
2189.36  5.15e-15  1.72e-14    97     5     0
2192.02 -2.69e-14  1.72e-14    97   -26     0
2194.69  2.14e-15  1.70e-14    97     2     0
2197.35 -9.00e-16  1.68e-14    97     0     0
2200.01 -4.75e-16  1.68e-14    97     0     0
2202.68  1.78e-15  1.66e-14    97     1     0
2205.34  3.33e-15  1.64e-14    97     3     0
2208.00  1.22e-14  1.66e-14    97    12     0
2210.66 -7.14e-15  1.63e-14    97    -6     0
2213.33 -7.87e-15  1.61e-14    97    -7     0
2215.99  2.07e-14  1.61e-14    97    21     0
2218.65  9.58e-15  1.55e-14    98     9     0
2221.32  5.65e-15  1.52e-14    98     5     0
2223.98  9.95e-15  1.52e-14    98    10     0
2226.64  6.92e-15  1.55e-14    98     6     0
2229.30  1.55e-14  1.57e-14    98    15     0
2231.97  5.50e-15  1.38e-14    98     5     0
2234.63  5.35e-15  1.38e-14    98     5     0
2237.29  4.94e-15  1.43e-14    98     5     0
2239.96  2.02e-15  1.40e-14    98     2     0
2242.62  1.33e-14  1.43e-14    98    13     0
2245.28  8.25e-15  1.40e-14    99     8     0
2247.94  1.97e-14  1.43e-14    99    20     0
2250.61 -2.42e-16  1.27e-14    99     0     0
2253.27  1.75e-14  1.33e-14    99    19     0
2255.93  2.51e-15  1.25e-14    99     2     0
2258.59  2.07e-15  1.21e-14    99     2     0
2261.26  7.15e-15  1.25e-14    99     7     0
2263.92  2.69e-14  1.32e-14    99    29     0
2266.58  3.75e-14  1.32e-14   100    42     0
2269.25  2.38e-14  1.22e-14   100    27     0
2271.91  2.91e-14  1.24e-14   100    32     0
2274.57  7.04e-15  1.13e-14   100     8     0
2277.23 -7.05e-16  1.02e-14   100     0     0
2279.90  6.98e-15  1.03e-14   100     8     0
2282.56  1.63e-14  1.09e-14   100    19     0
2285.22  6.03e-15  1.03e-14   101     7     0
2287.89  2.50e-15  9.98e-15   101     3     0
2290.55 -6.88e-16  9.67e-15   101     0     0
2293.21 -6.12e-15  9.54e-15   101    -7     0
2295.87 -3.56e-15  9.08e-15   101    -4     0
2298.54  1.29e-14  9.45e-15   101    16     0
2301.20  4.23e-15  9.24e-15   102     5     0
2303.86 -2.49e-15  8.97e-15   102    -3     0
2306.53  1.45e-15  8.98e-15   102     1     0
2309.19  2.04e-14  9.60e-15   102    26     0
2311.85  9.84e-15  8.54e-15   102    13     0
2314.51  7.93e-15  8.29e-15   102    10     0
2317.18 -1.89e-15  8.09e-15   103    -2     0
2319.84  1.33e-14  8.39e-15   103    18     0
2322.50 -3.69e-15  7.77e-15   103    -5     0
2325.16  5.93e-15  7.63e-15   103     8     0
2327.83  7.66e-15  7.45e-15   103    11     0
2330.49  1.13e-14  7.49e-15   104    16     0
2333.15  1.91e-14  7.67e-15   104    28     0
2335.82  6.52e-15  6.89e-15   104    10     0
2338.48  1.23e-14  7.05e-15   104    19     0
2341.14  5.20e-15  6.63e-15   104     8     0
2343.80  2.41e-14  7.82e-15   104    38     0
2346.47  7.74e-15  6.58e-15   105    12     0
2349.13  2.36e-14  7.20e-15   105    38     0
2351.79  1.74e-14  6.84e-15   105    28     0
2354.46  9.33e-15  6.29e-15   105    15     0
2357.12  1.53e-14  6.16e-15   105    26     0
2359.78  1.84e-14  6.29e-15   106    31     0
2362.44  2.07e-14  6.35e-15   106    35     0
2365.11  2.65e-14  6.70e-15   106    45     0
2367.77  9.22e-15  5.79e-15   106    15     0
2370.43  1.70e-14  5.98e-15   106    30     0
2373.09  1.88e-14  5.97e-15   107    33     0
2375.76  8.33e-15  5.24e-15   107    15     0
2378.42  1.18e-14  5.29e-15   107    22     0
2381.08  2.68e-14  6.02e-15   107    49     0
2383.75  4.13e-14  6.59e-15   108    77     0
2386.41  3.50e-14  6.17e-15   108    66     0
2389.07  2.66e-14  5.68e-15   108    50     0
2391.73  1.04e-14  4.95e-15   108    20     0
2394.40  3.25e-14  5.77e-15   108    63     0
2397.06  2.20e-14  5.33e-15   109    43     0
2399.72  2.53e-14  5.38e-15   109    50     0
2402.39  2.48e-14  5.25e-15   109    50     0
2405.05  2.91e-14  5.51e-15   109    58     0
2407.71  2.34e-14  5.18e-15   109    47     0
2410.37  1.69e-14  4.66e-15   110    35     0
2413.04  7.01e-15  4.14e-15   110    15     0
2415.70  1.38e-14  4.42e-15   110    29     0
2418.36  7.91e-15  4.01e-15   110    17     0
2421.03  1.02e-15  3.75e-15   111     2     0
2423.69  5.81e-15  3.94e-15   111    12     0
2426.35  3.24e-15  3.68e-15   111     7     0
2429.01  3.33e-15  3.68e-15   111     7     0
2431.68  7.85e-15  3.92e-15   111    17     0
2434.34  7.37e-15  3.85e-15   112    16     0
2437.00  6.00e-15  3.75e-15   112    13     0
2439.67  1.19e-14  3.96e-15   112    26     0
2442.33  1.59e-14  4.03e-15   112    36     0
2444.99  1.34e-14  4.34e-15   113    31     0
2447.65  1.13e-14  3.77e-15   113    26     0
2450.32  3.90e-15  3.41e-15   113     9     0
2452.98  8.98e-15  3.56e-15   113    21     0
2455.64  6.42e-15  3.34e-15   113    15     0
2458.30  5.98e-15  3.27e-15   114    14     0
2460.97  1.17e-14  3.51e-15   114    29     0
2463.63  8.66e-15  3.33e-15   114    21     0
2466.29  9.74e-15  3.34e-15   114    24     0
2468.96  1.19e-14  3.30e-15   114    30     0
2471.62  1.02e-14  3.22e-15   115    26     0
2474.28  1.25e-14  3.26e-15   115    33     0
2476.94  2.47e-14  3.76e-15   115    66     0
2479.61  1.38e-14  3.23e-15   115    37     0
2482.27  7.08e-15  2.89e-15   115    19     0
2484.93  1.53e-14  3.26e-15   116    41     0
2487.60  1.96e-14  3.48e-15   116    53     0
2490.26  2.33e-14  3.42e-15   116    64     0
2492.92  1.25e-14  3.75e-15   116    34     0
2495.58  8.44e-15  3.14e-15   116    23     0
2498.25  3.24e-15  2.76e-15   117     8     0
2500.91  1.18e-14  3.06e-15   117    32     0
2503.57  4.63e-15  3.24e-15   117    12     0
2506.24  9.97e-15  3.96e-15   117    27     0
2508.90  1.10e-14  2.96e-15   117    30     0
2511.56  8.47e-15  2.76e-15   118    24     0
2514.22  1.19e-14  2.87e-15   118    34     0
2516.89  1.08e-14  3.17e-15   118    30     0
2519.55  4.21e-15  3.03e-15   118    11     0
2522.21  5.54e-15  2.57e-15   118    16     0
2524.87  1.63e-14  3.35e-15   119    48     0
2527.54  1.75e-14  3.07e-15   119    51     0
2530.20  1.68e-14  2.94e-15   119    49     0
2532.86  1.52e-14  3.14e-15   119    45     0
2535.53  8.75e-15  2.58e-15   119    26     0
2538.19  1.62e-14  3.00e-15   119    49     0
2540.85  1.37e-14  2.76e-15   120    42     0
2543.51  1.25e-14  3.57e-15   120    38     0
2546.18  1.08e-14  2.56e-15   120    34     0
2548.84  1.92e-14  3.17e-15   120    61     0
2551.50  7.98e-15  2.44e-15   120    25     0
2554.17  1.13e-14  2.98e-15   120    36     0
2556.83  3.64e-15  2.14e-15   121    12     0
2559.49  9.12e-15  2.35e-15   121    30     0
2562.15  8.42e-15  2.52e-15   121    28     0
2564.82  7.06e-15  3.43e-15   121    23     0
2567.48  1.37e-14  2.52e-15   121    46     0
2570.14  8.26e-15  2.28e-15   121    28     0
2572.80  5.12e-15  2.23e-15   121    17     0
2575.47  1.20e-14  2.44e-15   122    40     0
2578.13  1.49e-14  2.67e-15   122    50     0
2580.79  2.09e-14  2.83e-15   122    69     0
2583.46  2.00e-14  2.91e-15   122    66     0
2586.12  2.35e-14  4.05e-15   122    80     0
2588.78  2.83e-14  4.00e-15   122    97     0
2591.44  1.39e-14  2.68e-15   122    47     0
2594.11  2.44e-14  2.83e-15   123    83     0
2596.77  3.75e-14  3.82e-15   123   133     0
2599.43  4.41e-14  5.66e-15   123   158     0
2602.10  4.14e-14  4.25e-15   123   149     0
2604.76  2.80e-14  2.92e-15   123   101     0
2607.42  3.31e-14  3.07e-15   123   121     0
2610.08  3.72e-14  3.24e-15   123   133     0
2612.75  4.81e-14  4.09e-15   123   173     0
2615.41  3.98e-14  3.79e-15   123   148     0
2618.07  4.20e-14  3.43e-15   123   157     0
2620.74  4.67e-14  3.44e-15   124   176     0
2623.40  4.01e-14  3.30e-15   124   152     0
2626.06  4.89e-14  3.52e-15   124   183     0
2628.72  6.47e-14  6.11e-15   124   243     0
2631.39  4.80e-14  3.59e-15   124   185     0
2634.05  2.90e-14  2.74e-15   124   112     0
2636.71  1.70e-14  2.37e-15   124    65     0
2639.37  9.40e-15  2.08e-15   124    36     0
2642.04  9.66e-15  2.46e-15   124    37     0
2644.70  1.08e-14  2.12e-15   124    41     0
2647.36  6.47e-15  1.96e-15   124    25     0
2650.03  9.37e-15  2.06e-15   124    36     0
2652.69  1.01e-14  2.09e-15   124    39     0
2655.35  1.15e-14  2.12e-15   124    44     0
2658.01  1.33e-14  3.40e-15   124    52     0
2660.68  1.01e-14  2.05e-15   124    40     0
2663.34  4.67e-15  1.83e-15   125    18     0
2666.00  1.54e-14  2.25e-15   125    60     0
2668.67  1.76e-14  2.33e-15   125    70     0
2671.33  1.31e-14  2.17e-15   125    52     0
2673.99  1.24e-14  2.12e-15   125    50     0
2676.65  1.00e-14  2.01e-15   125    40     0
2679.32  1.43e-14  2.13e-15   125    58     0
2681.98  1.21e-14  2.15e-15   125    49     0
2684.64  1.14e-14  2.06e-15   125    46     0
2687.31  1.18e-14  2.06e-15   125    48     0
2689.97  1.04e-14  2.01e-15   125    43     0
2692.63  1.49e-14  2.17e-15   125    61     0
2695.29  1.38e-14  2.13e-15   125    56     0
2697.96  1.63e-14  2.24e-15   125    67     0
2700.62  1.20e-14  2.06e-15   125    49     0
2703.28  1.72e-14  2.25e-15   125    70     0
2705.94  1.89e-14  2.31e-15   125    78     0
2708.61  1.78e-14  3.46e-15   125    73     0
2711.27  1.91e-14  2.38e-15   124    76     0
2713.93  1.95e-14  2.38e-15   124    78     0
2716.60  1.88e-14  2.37e-15   124    76     0
2719.26  1.23e-14  2.13e-15   124    49     0
2721.92  1.59e-14  2.34e-15   124    63     0
2724.58  2.26e-14  2.47e-15   124    90     0
2727.25  2.75e-14  2.53e-15   124   115     0
2729.91  2.58e-14  3.09e-15   124   108     0
2732.57  3.28e-14  3.09e-15   124   136     0
2735.24  2.68e-14  2.56e-15   124   110     0
2737.90  2.63e-14  2.58e-15   124   108     0
2740.56  2.99e-14  2.69e-15   124   124     0
2743.22  2.85e-14  2.59e-15   124   118     0
2745.89  3.14e-14  2.70e-15   124   131     0
2748.55  3.07e-14  2.69e-15   124   128     0
2751.21  2.77e-14  2.62e-15   123   115     0
2753.88  2.98e-14  2.66e-15   123   124     0
2756.54  3.27e-14  2.80e-15   123   135     0
2759.20  3.22e-14  2.72e-15   123   133     0
2761.86  2.03e-14  2.37e-15   123    84     0
2764.53  1.92e-14  2.35e-15   123    80     0
2767.19  2.05e-14  2.36e-15   123    86     0
2769.85  1.68e-14  2.23e-15   123    70     0
2772.51  2.20e-14  2.43e-15   123    91     0
2775.18  1.92e-14  2.30e-15   122    80     0
2777.84  1.65e-14  2.25e-15   122    69     0
2780.50  1.26e-14  2.10e-15   122    52     0
2783.17  1.77e-14  2.33e-15   122    74     0
2785.83  2.42e-14  2.53e-15   122    98     0
2788.49  3.44e-14  3.09e-15   122   139     0
2791.15  7.27e-14  6.04e-15   122   300     0
2793.82  1.32e-13  1.26e-14   121   542     0
2796.48  2.45e-13  1.69e-14   121   992     0
2799.14  2.59e-13  2.25e-14   121  1053     0
2801.81  2.08e-13  1.70e-14   121   853     0
2804.47  1.89e-13  1.40e-14   121   775     0
2807.13  1.01e-13  7.20e-15   121   395     0
2809.79  4.73e-14  3.75e-15   120   186     0
2812.46  1.31e-14  2.22e-15   120    53     0
2815.12  1.48e-14  2.26e-15   120    60     0
2817.78  1.19e-14  2.16e-15   120    48     0
2820.45  1.31e-14  2.24e-15   120    52     0
2823.11  1.10e-14  2.16e-15   120    44     0
2825.77  1.45e-14  2.27e-15   119    58     0
2828.43  2.05e-14  2.45e-15   119    83     0
2831.10  1.57e-14  2.29e-15   119    64     0
2833.76  1.61e-14  2.31e-15   119    65     0
2836.42  1.42e-14  2.25e-15   118    58     0
2839.08  1.91e-14  2.41e-15   118    77     0
2841.75  1.46e-14  2.30e-15   118    58     0
2844.41  1.41e-14  2.29e-15   118    56     0
2847.07  1.55e-14  2.53e-15   118    62     0
2849.74  1.47e-14  2.85e-15   117    59     0
2852.40  2.00e-14  2.73e-15   117    79     0
2855.06  2.78e-14  2.95e-15   117   112     0
2857.72  1.98e-14  2.51e-15   117    79     0
2860.39  1.24e-14  2.28e-15   116    48     0
2863.05  1.18e-14  2.27e-15   116    46     0
2865.71  1.43e-14  2.34e-15   116    56     0
2868.38  1.75e-14  2.44e-15   116    68     0
2871.04  1.72e-14  2.41e-15   115    68     0
2873.70  1.26e-14  2.27e-15   115    49     0
2876.36  2.01e-14  2.56e-15   115    77     0
2879.03  1.99e-14  2.57e-15   115    76     0
2881.69  2.03e-14  2.55e-15   114    78     0
2884.35  2.12e-14  2.60e-15   114    81     0
2887.02  1.57e-14  2.43e-15   114    60     0
2889.68  1.52e-14  2.43e-15   114    58     0
2892.34  1.33e-14  2.35e-15   113    51     0
2895.00  1.44e-14  2.39e-15   113    55     0
2897.67  1.85e-14  2.53e-15   113    71     0
2900.33  2.03e-14  2.60e-15   112    77     0
2902.99  1.82e-14  2.53e-15   112    69     0
2905.65  1.37e-14  2.43e-15   112    51     0
2908.32  1.65e-14  2.52e-15   112    61     0
2910.98  2.21e-14  2.64e-15   111    83     0
2913.64  1.96e-14  2.58e-15   111    73     0
2916.31  1.85e-14  2.58e-15   111    69     0
2918.97  2.39e-14  2.74e-15   110    89     0
2921.63  2.98e-14  2.98e-15   110   107     0
2924.29  2.61e-14  2.89e-15   110    93     0
2926.96  2.93e-14  2.96e-15   109   104     0
2929.62  3.40e-14  3.09e-15   109   120     0
2932.28  2.91e-14  2.97e-15   109   102     0
2934.95  2.74e-14  2.95e-15   108    95     0
2937.61  2.50e-14  2.87e-15   108    87     0
2940.27  2.88e-14  3.01e-15   108    99     0
2942.93  3.24e-14  3.10e-15   107   110     0
2945.60  3.08e-14  3.12e-15   107   102     0
2948.26  2.21e-14  2.91e-15   107    73     0
2950.92  2.88e-14  3.06e-15   106    96     0
2953.59  2.92e-14  3.06e-15   106    97     0
2956.25  3.13e-14  3.15e-15   106   104     0
2958.91  2.67e-14  3.05e-15   105    88     0
2961.57  2.52e-14  3.06e-15   105    81     0
2964.24  3.04e-14  3.20e-15   105    97     0
2966.90  2.85e-14  3.17e-15   104    90     0
2969.56  3.05e-14  3.28e-15   104    95     0
2972.22  2.80e-14  3.22e-15   104    87     0
2974.89  2.30e-14  3.10e-15   103    70     0
2977.55  2.56e-14  3.24e-15   103    76     0
2980.21  2.92e-14  3.31e-15   103    87     0
2982.88  3.66e-14  3.54e-15   102   108     0
2985.54  3.23e-14  3.46e-15   102    94     0
2988.20  2.68e-14  3.34e-15   102    77     0
2990.86  2.14e-14  3.21e-15   101    61     0
2993.53  1.67e-14  3.10e-15   101    47     0
2996.19  1.77e-14  3.21e-15   100    48     0
2998.85  1.65e-14  3.19e-15   100    44     0
3001.52  1.95e-14  3.22e-15   100    54     0
3004.18  2.03e-14  3.27e-15    99    55     0
3006.84  1.43e-14  3.12e-15    99    38     0
3009.50  1.54e-14  3.20e-15    99    41     0
3012.17  2.20e-14  3.45e-15    98    57     0
3014.83  2.31e-14  3.49e-15    98    59     0
3017.49  1.99e-14  3.44e-15    98    50     0
3020.16  2.07e-14  3.50e-15    97    51     0
3022.82  1.71e-14  3.46e-15    97    42     0
3025.48  1.19e-14  3.37e-15    96    28     0
3028.14  1.94e-14  3.59e-15    96    45     0
3030.81  2.42e-14  3.72e-15    96    57     0
3033.47  2.15e-14  3.70e-15    95    50     0
3036.13  2.26e-14  3.76e-15    95    51     0
3038.79  1.96e-14  3.70e-15    95    44     0
3041.46  2.68e-14  3.96e-15    94    59     0
3044.12  2.20e-14  3.89e-15    94    48     0
3046.78  1.57e-14  3.72e-15    93    33     0
3049.45  1.72e-14  3.81e-15    93    36     0
3052.11  2.29e-14  3.98e-15    93    48     0
3054.77  2.28e-14  4.06e-15    92    47     0
3057.43  3.03e-14  4.94e-15    92    59     0
3060.10  2.51e-14  4.52e-15    91    48     0
3062.76  2.90e-14  4.50e-15    91    55     0
3065.42  2.01e-14  4.27e-15    91    37     0
3068.09  1.21e-14  4.07e-15    90    22     0
3070.75  1.45e-14  4.14e-15    90    26     0
3073.41  2.71e-14  4.54e-15    90    48     0
3076.07  2.49e-14  4.56e-15    89    43     0
3078.74  2.46e-14  4.60e-15    89    42     0
3081.40  1.92e-14  4.44e-15    88    32     0
3084.06  1.69e-14  4.45e-15    88    28     0
3086.73  2.49e-14  4.78e-15    88    40     0
3089.39  3.36e-14  5.07e-15    87    53     0
3092.05  3.35e-14  5.09e-15    87    52     0
3094.71  2.16e-14  4.80e-15    87    33     0
3097.38  2.54e-14  5.02e-15    86    37     0
3100.04  2.52e-14  5.06e-15    86    37     0
3102.70  2.90e-14  5.24e-15    85    42     0
3105.36  3.31e-14  5.39e-15    85    47     0
3108.03  3.48e-14  5.45e-15    85    48     0
3110.69  2.76e-14  5.28e-15    84    38     0
3113.35  2.33e-14  5.23e-15    84    31     0
3116.02  3.01e-14  5.51e-15    83    39     0
3118.68  2.86e-14  5.55e-15    83    37     0
3121.34  2.96e-14  5.57e-15    83    38     0
3124.00  3.30e-14  5.72e-15    82    41     0
3126.67  3.73e-14  5.85e-15    82    46     0
3129.33  4.09e-14  5.99e-15    82    50     0
3131.99  3.54e-14  5.89e-15    81    42     0
3134.66  3.60e-14  5.96e-15    81    42     0
3137.32  2.57e-14  5.72e-15    81    29     0
3139.98  2.79e-14  5.83e-15    80    31     0
3142.64  3.12e-14  6.11e-15    80    34     0
3145.31  3.70e-14  6.32e-15    79    39     0
3147.97  3.98e-14  6.46e-15    79    41     0
3150.63  4.71e-14  6.55e-15    79    49     0
3153.30  3.76e-14  6.34e-15    78    38     0
3155.96  3.76e-14  6.38e-15    78    38     0
3158.62  2.98e-14  6.25e-15    78    29     0
3161.28  3.07e-14  6.40e-15    77    29     0
3163.95  2.38e-14  6.25e-15    77    22     0
3166.61  3.87e-14  6.77e-15    77    35     0
3169.27  4.05e-14  6.86e-15    76    36     0
3171.93  4.20e-14  7.04e-15    76    36     0
3174.60  4.53e-14  7.12e-15    75    38     0
3177.26  4.00e-14  6.87e-15    75    34     0
3179.92  5.13e-14  7.25e-15    75    42     0
3182.59  5.74e-14  7.49e-15    74    46     0
3185.25  6.01e-14  7.50e-15    74    48     0
3187.91  6.14e-14  7.58e-15    74    48     0
3190.57  5.83e-14  7.65e-15    73    43     0
3193.24  5.59e-14  7.66e-15    73    40     0
3195.90  4.48e-14  7.30e-15    73    32     0
3198.56  5.22e-14  7.54e-15    72    37     0
3201.23  4.64e-14  7.37e-15    72    32     0
3203.89  3.93e-14  7.22e-15    72    26     0
3206.55  3.27e-14  7.60e-15    71    19     0
3209.21  1.94e-14  7.21e-15    71    11     0
3211.88  3.16e-14  7.25e-15    71    19     0
3214.54  3.22e-14  7.35e-15    70    19     0
3217.20  3.67e-14  7.66e-15    70    20     0
3219.87  4.40e-14  7.97e-15    70    24     0
3222.53  2.79e-14  7.26e-15    69    15     0
3225.19  3.87e-14  7.58e-15    69    20     0
3227.85  2.95e-14  7.33e-15    69    15     0
3230.52  3.44e-14  7.36e-15    68    17     0
3233.18  4.81e-14  7.76e-15    68    24     0
3235.84  4.40e-14  7.89e-15    68    21     0
3238.50  3.65e-14  7.70e-15    68    16     0
3241.17  2.72e-14  7.27e-15    67    12     0
3243.83  2.84e-14  7.68e-15    67    12     0
3246.49  2.52e-14  7.10e-15    67    11     0
3249.16  2.33e-14  7.85e-15    66    10     0
3251.82  2.51e-14  7.36e-15    66    10     0
3254.48  4.06e-14  7.59e-15    66    17     0
3257.14  4.93e-14  7.86e-15    65    19     0
3259.81  4.73e-14  8.05e-15    65    18     0
3262.47  4.79e-14  8.00e-15    65    19     0
3265.13  5.05e-14  8.37e-15    64    19     0
3267.80  5.42e-14  9.86e-15    64    20     0
3270.46  6.57e-14  1.27e-14    64    24     0
3273.12  6.36e-14  1.15e-14    64    22     0
3275.78  5.47e-14  1.06e-14    63    18     0
3278.45  4.82e-14  1.33e-14    63    15     0
3281.11  6.62e-14  1.65e-14    63    21     0
3283.77  5.57e-14  1.65e-14    62    18     0
3286.44  5.37e-14  1.04e-14    62    16     0
3289.10  5.16e-14  1.06e-14    62    15     0
3291.76  5.34e-14  1.38e-14    62    15     0
3294.42  6.53e-14  1.59e-14    61    17     0
3297.09  6.74e-14  1.13e-14    61    19     0
3299.75  5.03e-14  1.16e-14    61    13     0
3302.41  5.93e-14  1.19e-14    61    15     0
3305.07  4.86e-14  1.25e-14    60    12     0
3307.74  3.80e-14  1.28e-14    60     9     0
3310.40  4.70e-14  1.30e-14    60    11     0
3313.06  5.25e-14  1.35e-14    59    12     0
3315.73  4.03e-14  1.53e-14    59     8     0
3318.39  5.84e-14  1.59e-14    59    11     0
3321.05  5.80e-14  1.74e-14    59    10     0
3323.71  3.93e-14  1.81e-14    58     6     0
3326.38  3.64e-14  1.81e-14    58     6     0
3329.04  2.96e-14  1.88e-14    58     5     0
3331.70  3.38e-14  1.91e-14    58     5     0
3334.37  5.48e-14  1.99e-14    57     8     0
3337.03  3.25e-14  1.86e-14    57     5     0
3339.69  3.24e-14  1.93e-14    57     5     0
3342.35  7.12e-14  2.16e-14    57    10     0
3345.02  9.90e-14  2.29e-14    56    13     0
3347.68  8.47e-14  2.37e-14    56    11     0
