NOT ORIGINAL IUE PROJECT DATA PRODUCT
LWP21153LOWLARGE
HD  197481
20:42:04
-31:31:05
48
NO-TRAIL
X-OFFSETS
1199.063
04/09/91
09:36:49
247
5.81
20/09/95
GSFC
2448503.90057
103
66
1851.19 -7.92e-13  1.28e-12  1268   -73    -4
1853.85  6.38e-13  1.29e-12  1269    62    -4
1856.51 -1.31e-12  1.65e-12  1270   -96    -4
1859.17  5.52e-13  1.53e-12  1271    43    -4
1861.84  2.64e-12  9.87e-13  1272   329     0
1864.50  5.91e-13  8.64e-13  1273    80     0
1867.16 -1.48e-13  6.64e-13  1274   -25    -4
1869.83 -3.70e-13  6.40e-13  1275   -68    -4
1872.49  1.02e-12  5.95e-13  1275   209    -4
1875.15  4.58e-14  4.87e-13  1276    10    -4
1877.81  1.35e-13  4.59e-13  1277    33    -4
1880.48 -2.62e-13  4.64e-13  1278   -61    -4
1883.14 -2.72e-14  4.53e-13  1278    -6    -4
1885.80  5.45e-13  4.11e-13  1279   148    -4
1888.47  3.00e-13  3.85e-13  1279    85    -4
1891.13  5.58e-14  3.58e-13  1280    16    -4
1893.79 -2.03e-13  3.44e-13  1281   -61    -4
1896.45  1.43e-13  3.26e-13  1281    47    -4
1899.12  1.83e-13  3.13e-13  1282    62    -4
1901.78  4.14e-13  3.23e-13  1282   134    -4
1904.44 -2.41e-13  3.06e-13  1283   -80    -4
1907.11 -1.24e-13  2.92e-13  1283   -43    -4
1909.77  5.85e-13  3.03e-13  1284   209     0
1912.43  2.27e-13  2.72e-13  1284    88     0
1915.09 -2.76e-14  2.80e-13  1285   -10     0
1917.76 -4.05e-13  2.70e-13  1285  -163    -4
1920.42  1.58e-13  2.39e-13  1285    72    -4
1923.08 -3.11e-14  2.17e-13  1286   -14    -4
1925.74  2.10e-13  2.24e-13  1286    89    -4
1928.41  7.54e-15  2.09e-13  1286     3    -4
1931.07 -9.21e-14  1.93e-13  1287   -43    -4
1933.73  2.77e-14  1.98e-13  1287    13    -4
1936.40 -1.71e-13  1.89e-13  1287   -83    -4
1939.06  1.24e-13  1.80e-13  1288    62    -4
1941.72 -2.77e-13  1.67e-13  1288  -145    -4
1944.38  2.69e-13  1.70e-13  1288   144    -4
1947.05 -7.75e-14  1.60e-13  1288   -43    -4
1949.71  6.59e-14  1.56e-13  1289    38    -4
1952.37  6.13e-14  1.56e-13  1289    34    -4
1955.04  3.38e-13  1.60e-13  1289   195    -4
1957.70  2.69e-14  1.49e-13  1289    15    -4
1960.36  1.25e-13  1.46e-13  1290    76    -4
1963.02 -1.71e-13  1.63e-13  1290  -107     0
1965.69 -1.55e-13  1.28e-13  1290  -103     0
1968.35  1.34e-13  1.29e-13  1290    91     0
1971.01  1.26e-13  1.33e-13  1290    84     0
1973.68  2.52e-13  1.31e-13  1290   172     0
1976.34 -1.02e-13  1.14e-13  1291   -76     0
1979.00  1.15e-14  1.08e-13  1291     8     0
1981.66  2.35e-14  1.13e-13  1291    17     0
1984.33  5.44e-14  1.10e-13  1291    41     0
1986.99  2.50e-14  1.05e-13  1291    20     0
1989.65  1.62e-13  1.04e-13  1291   132     0
1992.31  1.43e-13  1.03e-13  1291   116     0
1994.98 -9.31e-14  1.01e-13  1292   -76     0
1997.64 -5.16e-14  9.80e-14  1292   -43     0
2000.30  1.57e-13  1.00e-13  1292   133     0
2002.97  1.14e-13  9.83e-14  1292    97     0
2005.63 -1.34e-13  9.30e-14  1292  -118     0
2008.29  9.09e-14  1.11e-13  1292    80     0
2010.95  7.00e-14  9.59e-14  1292    59    -4
2013.62  1.81e-13  9.89e-14  1292   153    -4
2016.28 -1.49e-13  8.52e-14  1292  -141    -4
2018.94  7.27e-15  8.25e-14  1292     6    -4
2021.61  5.71e-14  8.63e-14  1293    50     0
2024.27  1.52e-13  9.21e-14  1293   135     0
2026.93 -6.80e-15  8.63e-14  1293    -6     0
2029.59  4.12e-14  8.56e-14  1293    38     0
2032.26 -1.50e-15  9.29e-14  1293    -1    -4
2034.92  4.44e-14  8.38e-14  1293    40    -4
2037.58 -2.83e-14  8.22e-14  1293   -26    -4
2040.25  1.38e-13  8.41e-14  1293   125    -4
2042.91  6.34e-14  8.17e-14  1293    57    -4
2045.57  7.02e-14  8.34e-14  1293    62    -4
2048.23  2.52e-13  8.69e-14  1293   223    -4
2050.90  3.36e-14  8.34e-14  1293    30    -4
2053.56  1.72e-13  9.22e-14  1293   157    -4
2056.22 -2.05e-13  7.96e-14  1294  -189    -4
2058.88 -6.60e-14  8.08e-14  1294   -61    -4
2061.55 -2.09e-13  7.94e-14  1294  -196    -4
2064.21  1.30e-13  8.29e-14  1294   122    -4
2066.87 -5.68e-14  9.98e-14  1294   -53    -4
2069.54  1.30e-13  8.20e-14  1294   124    -4
2072.20  9.28e-14  8.05e-14  1294    90    -4
2074.86 -5.41e-14  7.80e-14  1294   -53    -4
2077.52 -1.47e-13  7.55e-14  1294  -145    -4
2080.19 -2.79e-14  7.57e-14  1294   -27    -4
2082.85  7.36e-14  7.58e-14  1294    72    -4
2085.51 -2.95e-14  8.08e-14  1295   -29    -4
2088.18  9.06e-14  7.73e-14  1295    89    -4
2090.84  3.64e-14  8.54e-14  1295    36     0
2093.50 -4.06e-14  7.23e-14  1295   -40    -4
2096.16 -3.28e-16  7.50e-14  1295     0    -4
2098.83  8.18e-14  7.59e-14  1295    80    -4
2101.49  3.96e-15  7.48e-14  1295     3    -4
2104.15 -1.43e-13  7.10e-14  1295  -139    -4
2106.82 -4.12e-14  7.49e-14  1296   -39    -4
2109.48  1.96e-13  7.93e-14  1296   189    -4
2112.14  1.58e-13  7.76e-14  1296   153    -4
2114.80 -1.49e-13  7.44e-14  1296  -144     0
2117.47  1.80e-13  7.64e-14  1296   172     0
2120.13 -6.25e-14  7.13e-14  1296   -61     0
2122.79 -4.74e-14  7.24e-14  1296   -46     0
2125.45  1.45e-13  7.56e-14  1297   143     0
2128.12  1.28e-14  7.18e-14  1297    12    -4
2130.78  2.48e-14  7.72e-14  1297    24    -4
2133.44  3.75e-14  6.61e-14  1297    36    -4
2136.11  1.21e-13  6.92e-14  1297   119    -4
2138.77 -7.23e-14  6.66e-14  1297   -71    -4
2141.43  2.61e-13  8.48e-14  1298   262    -4
2144.09  3.29e-14  6.76e-14  1298    33    -4
2146.76  1.74e-14  6.29e-14  1298    17    -4
2149.42  1.40e-13  6.72e-14  1298   141     0
2152.08  5.49e-15  9.32e-14  1298     5     0
2154.75  7.67e-14  6.69e-14  1299    75    -4
2157.41  2.40e-14  6.32e-14  1299    24    -4
2160.07  1.10e-13  7.52e-14  1299   109    -4
2162.73  3.32e-14  6.68e-14  1299    33    -4
2165.40  1.70e-13  7.21e-14  1300   172    -4
2168.06  1.30e-13  6.35e-14  1300   131    -4
2170.72 -4.48e-14  5.88e-14  1300   -45    -4
2173.39  1.82e-13  8.59e-14  1300   184    -4
2176.05  1.42e-13  6.60e-14  1301   140    -4
2178.71  2.50e-15  6.24e-14  1301     2    -4
2181.37  9.02e-14  6.33e-14  1301    87    -4
2184.04  1.01e-13  7.25e-14  1301    98    -4
2186.70  5.82e-14  6.13e-14  1302    58    -4
2189.36  4.18e-14  6.48e-14  1302    42    -4
2192.02  2.21e-14  6.18e-14  1302    21    -4
2194.69  6.27e-14  6.77e-14  1303    62    -4
2197.35  1.26e-13  7.41e-14  1303   125    -4
2200.01  4.78e-14  6.28e-14  1303    47    -4
2202.68  1.18e-13  6.58e-14  1304   116    -4
2205.34  1.02e-14  6.12e-14  1304    10    -4
2208.00 -1.40e-14  6.70e-14  1304   -14    -4
2210.66  9.75e-14  7.14e-14  1305    95    -4
2213.33  1.74e-14  6.29e-14  1305    17    -4
2215.99  1.06e-13  6.44e-14  1305   108     0
2218.65  1.48e-14  7.21e-14  1306    15     0
2221.32  1.37e-13  6.32e-14  1306   139     0
2223.98  3.56e-14  6.40e-14  1306    36     0
2226.64 -3.91e-14  6.77e-14  1307   -38     0
2229.30  1.50e-13  6.81e-14  1307   147     0
2231.97 -1.21e-13  6.29e-14  1307  -129     0
2234.63  3.83e-14  1.01e-13  1308    41     0
2237.29  9.61e-15  6.36e-14  1308     9     0
2239.96  2.61e-14  6.30e-14  1309    26     0
2242.62 -5.60e-14  5.86e-14  1309   -58     0
2245.28  1.65e-15  8.37e-14  1309     1     0
2247.94 -2.25e-14  6.28e-14  1310   -23     0
2250.61 -8.42e-14  7.02e-14  1310   -91     0
2253.27 -2.89e-15  5.66e-14  1311    -3     0
2255.93  1.88e-14  5.53e-14  1311    20    -4
2258.59 -1.56e-14  5.23e-14  1312   -17    -4
2261.26  9.39e-14  5.51e-14  1312   101    -4
2263.92 -8.46e-14  5.12e-14  1312   -92    -4
2266.58 -1.02e-13  6.74e-14  1313  -115    -4
2269.25  1.51e-13  5.75e-14  1313   173    -4
2271.91  6.84e-14  5.13e-14  1314    77    -4
2274.57  9.54e-14  6.04e-14  1314   109    -4
2277.23 -1.06e-14  4.75e-14  1315   -12    -4
2279.90  6.82e-14  5.45e-14  1315    84    -4
2282.56 -2.36e-14  4.64e-14  1316   -28    -4
2285.22 -4.63e-14  6.16e-14  1316   -56    -4
2287.89  1.79e-14  4.56e-14  1317    21    -4
2290.55  1.60e-13  4.60e-14  1317   199    -4
2293.21  1.70e-13  4.59e-14  1318   211    -4
2295.87 -2.35e-15  4.18e-14  1318    -3    -4
2298.54  1.93e-14  4.25e-14  1319    25    -4
2301.20  1.18e-13  6.35e-14  1319   149    -4
2303.86 -8.41e-15  4.36e-14  1320   -10    -4
2306.53  3.41e-14  4.44e-14  1320    43    -4
2309.19  1.94e-14  5.68e-14  1321    24    -4
2311.85  4.50e-14  3.89e-14  1321    61    -4
2314.51 -5.69e-15  3.86e-14  1322    -7     0
2317.18  3.16e-14  4.10e-14  1322    42     0
2319.84 -4.46e-14  3.89e-14  1323   -61     0
2322.50  1.02e-13  3.93e-14  1323   142     0
2325.16 -7.82e-14  4.70e-14  1324  -113     0
2327.83 -1.36e-14  3.62e-14  1324   -20     0
2330.49 -1.32e-14  3.51e-14  1325   -19     0
2333.15 -5.11e-14  3.43e-14  1326   -78     0
2335.82 -3.78e-14  3.28e-14  1326   -58     0
2338.48 -2.27e-14  3.29e-14  1327   -35    -4
2341.14 -2.52e-14  3.51e-14  1327   -39    -4
2343.80  3.08e-14  3.68e-14  1328    49    -4
2346.47  1.29e-13  3.55e-14  1328   207    -4
2349.13  8.22e-14  3.34e-14  1329   133    -4
2351.79 -1.23e-14  5.72e-14  1330   -19    -4
2354.46  4.56e-14  3.10e-14  1330    75    -4
2357.12  7.67e-14  3.73e-14  1331   131    -4
2359.78 -2.20e-14  3.31e-14  1331   -38    -4
2362.44  2.43e-14  3.77e-14  1332    41    -4
2365.11  6.92e-14  2.97e-14  1332   118    -4
2367.77  5.71e-14  2.90e-14  1333    98    -4
2370.43  1.53e-14  2.73e-14  1334    27    -4
2373.09  3.03e-14  4.56e-14  1334    54    -4
2375.76  5.25e-14  2.93e-14  1335    98    -4
2378.42  6.71e-14  2.64e-14  1335   127    -4
2381.08  4.50e-14  3.80e-14  1336    84    -4
2383.75  2.68e-14  2.54e-14  1337    50    -4
2386.41  1.09e-14  2.76e-14  1337    20    -4
2389.07 -7.29e-15  2.38e-14  1338   -13    -4
2391.73  3.35e-14  2.32e-14  1338    65    -4
2394.40  3.93e-14  2.54e-14  1339    77    -4
2397.06  4.48e-14  2.42e-14  1340    88    -4
2399.72  5.92e-14  3.22e-14  1340   118    -4
2402.39  3.29e-14  2.68e-14  1341    66    -4
2405.05 -1.48e-14  3.19e-14  1342   -29    -4
2407.71  6.30e-14  2.44e-14  1342   127    -4
2410.37  1.17e-14  2.26e-14  1343    24     0
2413.04  2.67e-14  2.27e-14  1343    57     0
2415.70  3.42e-14  2.73e-14  1344    74     0
2418.36 -2.83e-15  2.39e-14  1345    -6     0
2421.03  1.20e-14  2.26e-14  1345    26     0
2423.69 -6.15e-14  2.83e-14  1346  -135     0
2426.35 -2.93e-15  2.28e-14  1347    -6     0
2429.01  3.16e-14  2.18e-14  1347    71     0
2431.68 -7.01e-15  2.51e-14  1348   -15     0
2434.34  6.57e-14  2.29e-14  1348   146     0
2437.00  7.77e-14  2.23e-14  1349   175     0
2439.67  2.27e-14  2.48e-14  1350    51     0
2442.33 -5.63e-15  2.12e-14  1350   -13     0
2444.99  5.09e-14  2.09e-14  1351   119     0
2447.65  9.68e-15  2.48e-14  1352    22     0
2450.32 -6.45e-15  2.47e-14  1352   -15     0
2452.98 -2.33e-14  3.05e-14  1353   -56     0
2455.64 -1.37e-14  3.11e-14  1354   -33     0
2458.30  2.40e-14  1.82e-14  1354    59     0
2460.97 -5.09e-16  1.83e-14  1355    -1     0
2463.63  1.13e-14  1.82e-14  1355    28     0
2466.29  9.23e-15  2.10e-14  1356    23     0
2468.96 -5.37e-14  1.73e-14  1357  -138    -4
2471.62  1.20e-14  1.64e-14  1357    31    -4
2474.28  3.93e-15  1.63e-14  1358    10    -4
2476.94  2.77e-14  1.59e-14  1359    74    -4
2479.61  1.47e-14  2.15e-14  1359    40    -4
2482.27  2.67e-14  2.25e-14  1360    73    -4
2484.93 -1.13e-14  1.48e-14  1360   -30    -4
2487.60 -1.43e-14  1.73e-14  1361   -38    -4
2490.26  4.18e-14  1.52e-14  1362   116    -4
2492.92  1.50e-14  1.47e-14  1362    41    -4
2495.58 -2.15e-15  1.45e-14  1363    -5     0
2498.25 -9.98e-15  1.57e-14  1364   -27     0
2500.91  5.28e-14  1.58e-14  1364   147     0
2503.57  7.31e-15  1.44e-14  1365    20     0
2506.24  3.75e-14  1.49e-14  1365   104     0
2508.90  5.66e-14  1.54e-14  1366   157     0
2511.56  2.82e-15  2.21e-14  1367     8     0
2514.22  1.08e-14  1.35e-14  1367    31     0
2516.89  3.42e-15  1.48e-14  1368     9     0
2519.55  5.98e-14  1.83e-14  1369   169     0
2522.21  6.05e-15  1.34e-14  1369    17     0
2524.87  2.17e-14  1.35e-14  1370    64     0
2527.54  4.34e-15  1.33e-14  1370    12     0
2530.20  3.85e-15  1.31e-14  1371    11     0
2532.86 -6.65e-15  1.30e-14  1372   -19     0
2535.53  7.71e-15  1.28e-14  1372    23     0
2538.19 -1.52e-15  1.81e-14  1373    -4     0
2540.85 -1.58e-15  1.25e-14  1373    -4     0
2543.51  1.47e-14  1.25e-14  1374    46     0
2546.18 -2.28e-14  1.20e-14  1375   -72     0
2548.84 -1.13e-14  1.28e-14  1375   -36     0
2551.50  9.34e-15  1.21e-14  1376    29     0
2554.17  1.49e-14  1.22e-14  1376    48     0
2556.83  2.62e-14  1.17e-14  1377    88     0
2559.49  4.63e-15  1.12e-14  1378    15     0
2562.15  1.76e-14  1.58e-14  1378    59     0
2564.82  1.94e-14  1.15e-14  1379    65     0
2567.48  2.72e-14  1.15e-14  1379    93     0
2570.14  1.01e-14  1.11e-14  1380    34     0
2572.80  1.90e-14  1.12e-14  1381    65     0
2575.47 -2.17e-14  1.11e-14  1381   -73     0
2578.13  1.74e-14  1.13e-14  1382    58     0
2580.79  9.17e-15  1.13e-14  1382    30     0
2583.46  2.24e-14  1.47e-14  1383    74     0
2586.12 -1.29e-15  1.58e-14  1383    -4     0
2588.78  5.21e-15  1.07e-14  1384    18     0
2591.44  1.83e-14  1.56e-14  1385    62     0
2594.11  1.56e-14  1.09e-14  1385    53     0
2596.77  1.03e-14  1.04e-14  1386    36     0
2599.43  4.91e-14  1.17e-14  1386   176    -4
2602.10  4.57e-14  1.33e-14  1387   165    -4
2604.76 -1.08e-15  1.01e-14  1387    -3    -4
2607.42  2.86e-15  9.95e-15  1388    10    -4
2610.08  3.29e-14  1.08e-14  1388   118    -4
2612.75  2.65e-14  1.45e-14  1389    96    -4
2615.41  4.36e-14  1.04e-14  1389   163    -4
2618.07  2.94e-14  1.01e-14  1390   110    -4
2620.74  2.48e-14  1.13e-14  1391    94    -4
2623.40  5.29e-14  1.07e-14  1391   201    -4
2626.06  2.83e-14  1.46e-14  1392   106    -4
2628.72  3.90e-14  1.90e-14  1392   147    -4
2631.39  1.86e-14  1.91e-14  1393    72     0
2634.05  1.91e-14  1.04e-14  1393    74     0
2636.71  1.25e-14  1.15e-14  1394    47     0
2639.37  8.25e-15  1.22e-14  1394    31     0
2642.04  8.89e-15  1.62e-14  1395    34     0
2644.70 -7.24e-15  1.20e-14  1395   -28     0
2647.36 -1.88e-14  1.89e-14  1396   -73     0
2650.03  9.40e-15  1.47e-14  1396    36     0
2652.69  1.71e-14  1.08e-14  1397    67     0
2655.35 -6.00e-15  1.52e-14  1397   -23     0
2658.01 -2.80e-14  1.82e-14  1398  -109     0
2660.68 -1.56e-14  1.33e-14  1398   -62     0
2663.34  1.44e-15  1.18e-14  1399     5     0
2666.00 -1.40e-14  9.69e-15  1399   -55     0
2668.67 -1.21e-15  1.58e-14  1400    -4     0
2671.33  8.86e-15  9.65e-15  1400    35     0
2673.99 -5.22e-15  9.47e-15  1401   -21     0
2676.65  9.88e-18  1.07e-14  1401     0     0
2679.32  8.26e-15  9.47e-15  1402    33     0
2681.98 -4.99e-15  9.28e-15  1402   -20     0
2684.64  1.11e-14  9.17e-15  1403    45     0
2687.31  6.38e-15  1.11e-14  1403    26     0
2689.97  1.98e-14  9.16e-15  1403    82     0
2692.63  1.76e-14  8.72e-15  1404    73     0
2695.29  1.65e-14  8.70e-15  1404    68     0
2697.96  1.51e-14  1.03e-14  1405    62     0
2700.62  1.39e-14  8.87e-15  1405    57     0
2703.28  2.23e-14  9.02e-15  1406    91     0
2705.94  1.76e-14  8.87e-15  1406    72     0
2708.61  1.33e-14  8.81e-15  1407    54     0
2711.27  1.58e-14  1.09e-14  1407    63     0
2713.93  2.92e-14  9.30e-15  1407   117    -4
2716.60  8.21e-15  9.29e-15  1408    33    -4
2719.26  6.96e-15  1.08e-14  1408    28    -4
2721.92  9.18e-15  8.87e-15  1409    36    -4
2724.58  2.54e-14  9.13e-15  1409   101    -4
2727.25  1.85e-14  8.63e-15  1410    77    -4
2729.91  1.99e-14  8.59e-15  1410    84    -4
2732.57  3.47e-14  8.91e-15  1410   145     0
2735.24  1.43e-14  1.25e-14  1411    59     0
2737.90  1.43e-14  1.05e-14  1411    59     0
2740.56  4.49e-14  9.83e-15  1412   187     0
2743.22  3.46e-14  9.32e-15  1412   143     0
2745.89  2.92e-14  8.90e-15  1413   122    -4
2748.55  2.67e-14  8.85e-15  1413   112    -4
2751.21  2.64e-14  1.30e-14  1413   110    -4
2753.88  4.48e-14  1.10e-14  1414   187    -4
2756.54  2.42e-14  8.82e-15  1414   100    -4
2759.20  3.92e-14  9.02e-15  1415   163    -4
2761.86  8.98e-15  8.91e-15  1415    37    -4
2764.53  4.40e-15  8.82e-15  1415    18     0
2767.19  2.66e-14  9.11e-15  1416   112     0
2769.85  8.87e-15  9.77e-15  1416    37     0
2772.51  1.99e-15  9.79e-15  1416     8     0
2775.18  1.61e-14  8.59e-15  1417    68     0
2777.84  2.15e-14  8.82e-15  1417    90     0
2780.50  1.59e-14  9.82e-15  1418    67     0
2783.17  2.57e-14  8.89e-15  1418   107     0
2785.83  3.60e-14  9.12e-15  1418   147     0
2788.49  4.20e-14  9.10e-15  1419   171     0
2791.15  6.02e-14  2.16e-14  1419   249     0
2793.82  1.65e-13  5.59e-14  1420   678     0
2796.48  2.50e-13  6.91e-14  1420  1017     0
2799.14  2.13e-13  6.11e-14  1420   870     0
2801.81  2.28e-13  6.09e-14  1421   937     0
2804.47  1.75e-13  4.54e-14  1421   721     0
2807.13  1.03e-13  2.57e-14  1421   405     0
2809.79  2.94e-14  1.02e-14  1422   116     0
2812.46  3.13e-14  8.35e-15  1422   128    -4
2815.12  8.09e-15  7.97e-15  1422    33    -4
2817.78  5.78e-15  7.81e-15  1423    23    -4
2820.45  2.29e-14  8.11e-15  1423    92    -4
2823.11  1.46e-14  8.00e-15  1424    59    -4
2825.77  1.79e-14  7.98e-15  1424    72    -4
2828.43  2.27e-14  8.03e-15  1424    92    -4
2831.10  2.31e-14  7.94e-15  1425    94    -4
2833.76  1.39e-14  7.83e-15  1425    57    -4
2836.42  1.61e-14  7.85e-15  1425    66     0
2839.08  1.07e-14  7.79e-15  1426    43     0
2841.75  1.34e-14  7.91e-15  1426    54     0
2844.41  3.02e-14  8.11e-15  1426   121     0
2847.07  8.51e-16  8.23e-15  1427     3     0
2849.74 -2.90e-15  8.56e-15  1427   -11     0
2852.40  2.03e-14  8.81e-15  1427    81     0
2855.06  2.17e-14  8.48e-15  1428    88     0
2857.72  2.50e-14  8.34e-15  1428   100     0
2860.39  2.34e-14  8.09e-15  1428    92    -4
2863.05  2.80e-14  8.15e-15  1429   110    -4
2865.71  6.20e-15  7.86e-15  1429    24    -4
2868.38 -3.77e-15  8.16e-15  1430   -14    -4
2871.04  1.72e-14  7.91e-15  1430    68    -4
2873.70  3.13e-14  8.13e-15  1430   124    -4
2876.36  2.44e-14  8.21e-15  1431    94    -4
2879.03  2.74e-15  7.96e-15  1431    10    -4
2881.69  2.19e-14  9.10e-15  1431    84    -4
2884.35  2.28e-14  1.44e-14  1432    87     0
2887.02  1.08e-14  1.46e-14  1432    41     0
2889.68  1.04e-14  1.02e-14  1432    40     0
2892.34  2.06e-14  8.45e-15  1433    79     0
2895.00  2.88e-14  8.50e-15  1433   111     0
2897.67  1.40e-14  8.35e-15  1433    54     0
2900.33 -2.33e-15  1.54e-14  1434    -8     0
2902.99  3.87e-17  1.10e-14  1434     0     0
2905.65  1.54e-14  9.19e-15  1434    58     0
2908.32  1.30e-14  8.51e-15  1435    48     0
2910.98  1.93e-14  8.50e-15  1435    73     0
2913.64  2.48e-14  8.58e-15  1435    93     0
2916.31  1.38e-14  8.61e-15  1436    51     0
2918.97  7.48e-15  9.76e-15  1436    27     0
2921.63  3.26e-14  8.99e-15  1437   117     0
2924.29  4.38e-14  9.17e-15  1437   156     0
2926.96  3.78e-14  9.18e-15  1437   135     0
2929.62  1.35e-14  1.10e-14  1438    47     0
2932.28  1.69e-14  8.76e-15  1438    59     0
2934.95  1.74e-14  9.11e-15  1438    60     0
2937.61  1.84e-14  1.16e-14  1439    64     0
2940.27  2.65e-14  9.18e-15  1439    91     0
2942.93  1.64e-14  9.17e-15  1439    56     0
2945.60  1.97e-14  1.54e-14  1440    65     0
2948.26  3.94e-14  1.36e-14  1440   131     0
2950.92  6.79e-14  1.37e-14  1441   229     0
2953.59  2.94e-14  9.43e-15  1441    98     0
2956.25  1.90e-14  9.37e-15  1441    63     0
2958.91  1.02e-14  9.09e-15  1442    33     0
2961.57  3.10e-14  9.39e-15  1442   100    -4
2964.24  2.90e-14  9.55e-15  1442    92    -4
2966.90  2.61e-14  9.37e-15  1443    83    -4
2969.56  9.08e-15  9.34e-15  1443    28    -4
2972.22  2.44e-14  9.58e-15  1443    76    -4
2974.89  2.59e-14  9.61e-15  1444    80    -4
2977.55  2.81e-14  9.91e-15  1444    83    -4
2980.21  1.50e-14  9.70e-15  1445    45    -4
2982.88  1.99e-14  9.83e-15  1445    59    -4
2985.54  2.16e-14  9.97e-15  1445    63    -4
2988.20  8.01e-15  1.02e-14  1446    23     0
2990.86 -6.08e-15  1.02e-14  1446   -17     0
2993.53  6.77e-15  1.06e-14  1447    19     0
2996.19  2.58e-14  1.10e-14  1447    71     0
2998.85  3.08e-14  1.12e-14  1447    84     0
3001.52  1.38e-14  1.78e-14  1448    38     0
3004.18  2.36e-14  1.44e-14  1448    65     0
3006.84  3.61e-14  1.12e-14  1449    97     0
3009.50  2.96e-14  1.13e-14  1449    79     0
3012.17  4.40e-14  1.17e-14  1449   114     0
3014.83  1.63e-14  1.19e-14  1450    42     0
3017.49  2.05e-14  1.14e-14  1450    52     0
3020.16  2.40e-14  1.19e-14  1451    60     0
3022.82  4.60e-14  1.23e-14  1451   113    -4
3025.48  3.84e-14  1.24e-14  1451    92    -4
3028.14  3.95e-14  1.26e-14  1452    93    -4
3030.81  4.08e-14  1.28e-14  1452    97    -4
3033.47  1.61e-14  1.90e-14  1453    37    -4
3036.13  3.17e-14  1.29e-14  1453    72    -4
3038.79  3.41e-14  1.31e-14  1453    77    -4
3041.46  4.68e-14  1.34e-14  1454   104     0
3044.12  2.05e-14  2.15e-14  1454    45     0
3046.78  1.68e-14  2.19e-14  1455    36     0
3049.45  3.81e-14  1.38e-14  1455    81     0
3052.11  6.01e-14  1.41e-14  1456   126     0
3054.77  6.90e-14  1.56e-14  1456   142     0
3057.43  1.78e-14  1.63e-14  1456    35     0
3060.10 -4.96e-15  2.06e-14  1457    -9     0
3062.76  1.93e-14  2.82e-14  1457    36     0
3065.42  2.80e-14  1.66e-14  1458    52     0
3068.09  1.92e-14  1.97e-14  1458    35    -4
3070.75  4.68e-14  2.41e-14  1459    86    -4
3073.41  6.19e-14  1.61e-14  1459   111    -4
3076.07  7.15e-14  1.66e-14  1460   125    -4
3078.74  6.68e-14  1.69e-14  1460   115    -4
3081.40  6.65e-14  1.69e-14  1460   113    -4
3084.06  2.49e-14  1.93e-14  1461    41    -4
3086.73  7.13e-16  2.34e-14  1461     1    -4
3089.39  2.51e-14  1.75e-14  1462    40     0
3092.05  3.47e-14  1.79e-14  1462    54    -4
3094.71  5.70e-14  1.83e-14  1463    88    -4
3097.38  4.29e-14  1.88e-14  1463    64    -4
3100.04  5.07e-14  1.90e-14  1464    75    -4
3102.70  4.46e-14  2.40e-14  1464    64    -4
3105.36  2.70e-14  3.77e-14  1464    38    -4
3108.03  3.97e-14  2.03e-14  1465    55     0
3110.69  6.51e-14  2.09e-14  1465    91     0
3113.35  3.38e-14  3.06e-14  1466    46     0
3116.02  1.06e-13  2.13e-14  1466   140    -4
3118.68  7.90e-14  2.17e-14  1467   103    -4
3121.34  1.09e-13  2.18e-14  1467   140    -4
3124.00  2.96e-14  4.64e-14  1468    37    -4
3126.67  3.39e-14  2.21e-14  1468    42    -4
3129.33  3.19e-14  3.18e-14  1469    39    -4
3131.99  1.60e-14  3.69e-14  1469    19    -4
3134.66  9.03e-14  2.33e-14  1469   107    -4
3137.32  7.81e-14  2.36e-14  1470    90     0
3139.98  8.99e-14  2.41e-14  1470   102     0
3142.64  4.19e-14  3.87e-14  1471    45     0
3145.31  2.29e-14  3.22e-14  1471    24     0
3147.97  2.01e-14  2.54e-14  1472    21     0
3150.63 -7.52e-16  2.49e-14  1472     0     0
3153.30  3.10e-14  2.57e-14  1473    32     0
3155.96  2.10e-15  2.93e-14  1473     2     0
3158.62  4.19e-14  2.67e-14  1474    41     0
3161.28  6.34e-14  2.77e-14  1474    61     0
3163.95  7.10e-14  2.90e-14  1474    66     0
3166.61  8.45e-14  2.91e-14  1475    77     0
3169.27  7.53e-14  3.34e-14  1475    67     0
3171.93  9.99e-14  3.10e-14  1476    86     0
3174.60  1.70e-13  3.19e-14  1476   143     0
3177.26  1.62e-13  3.14e-14  1477   138     0
3179.92  1.01e-13  3.15e-14  1477    84     0
3182.59  9.14e-14  3.14e-14  1477    74     0
3185.25  2.73e-14  5.61e-14  1478    21     0
3187.91  2.90e-14  3.10e-14  1478    22    -4
3190.57  8.20e-15  3.23e-14  1479     6    -4
3193.24  3.23e-14  3.31e-14  1479    23    -4
3195.90  5.71e-14  3.33e-14  1480    41    -4
3198.56  3.68e-14  3.38e-14  1480    26    -4
3201.23  7.89e-14  3.46e-14  1480    55    -4
3203.89  1.55e-13  3.60e-14  1481   106    -4
3206.55  1.51e-13  3.99e-14  1481    92    -4
3209.21  1.60e-13  4.18e-14  1482    95     0
3211.88  1.37e-13  3.93e-14  1482    84     0
3214.54  1.40e-13  4.03e-14  1482    84     0
3217.20  1.54e-13  4.28e-14  1483    86     0
3219.87  1.48e-13  4.39e-14  1483    80    -4
3222.53  6.32e-14  4.22e-14  1483    35    -4
3225.19  1.26e-13  4.37e-14  1484    68    -4
3227.85  1.48e-13  4.52e-14  1484    78    -4
3230.52  1.27e-13  4.50e-14  1484    66    -4
3233.18  1.58e-13  6.18e-14  1485    80    -4
3235.84  1.16e-13  4.99e-14  1485    55    -4
3238.50  9.62e-14  4.97e-14  1485    44    -4
3241.17  3.52e-14  4.98e-14  1486    16    -4
3243.83  1.26e-14  5.08e-14  1486     5     0
3246.49  1.36e-13  5.24e-14  1486    61     0
3249.16  2.24e-13  5.57e-14  1487    98     0
3251.82  1.82e-13  5.46e-14  1487    78     0
3254.48  2.36e-13  6.19e-14  1487    99     0
3257.14  2.34e-13  1.12e-13  1487    94     0
3259.81  3.03e-13  6.29e-14  1488   120     0
3262.47  5.46e-14  6.05e-14  1488    22     0
3265.13  1.60e-13  6.70e-14  1488    62     0
3267.80  2.44e-13  6.90e-14  1488    93     0
3270.46  7.06e-14  7.28e-14  1488    25     0
3273.12  6.19e-14  1.44e-13  1489    22     0
3275.78  1.79e-13  6.99e-14  1489    59     0
3278.45  1.67e-13  7.09e-14  1489    54     0
3281.11  2.67e-13  7.00e-14  1489    88     0
3283.77  1.60e-13  9.11e-14  1489    51     0
3286.44  1.00e-13  1.60e-13  1489    30     0
3289.10  2.15e-13  7.56e-14  1489    64     0
3291.76  1.30e-13  7.91e-14  1489    36     0
3294.42  1.94e-13  8.15e-14  1489    53     0
3297.09  1.68e-13  1.28e-13  1490    47     0
3299.75  1.50e-13  1.57e-13  1490    41     0
3302.41  2.32e-13  8.29e-14  1490    62     0
3305.07  1.70e-13  8.66e-14  1490    43     0
3307.74  1.79e-13  9.20e-14  1490    44     0
3310.40  1.02e-13  1.45e-13  1490    25     0
3313.06  7.06e-14  1.55e-13  1489    16     0
3315.73  1.31e-13  1.03e-13  1489    27     0
3318.39  1.26e-13  1.06e-13  1489    25     0
3321.05  8.38e-14  1.20e-13  1489    15     0
3323.71  6.78e-15  1.14e-13  1489     1     0
3326.38  9.63e-14  1.65e-13  1489    17     0
3329.04  4.48e-13  1.20e-13  1489    76    -4
3331.70  4.35e-13  1.22e-13  1488    72    -4
3334.37  5.11e-13  1.34e-13  1488    82    -4
3337.03  2.17e-13  1.15e-13  1488    37    -4
3339.69  2.01e-15  1.16e-13  1488     0    -4
3342.35 -6.54e-14  1.29e-13  1487    -9    -4
3345.02  1.76e-13  1.37e-13  1487    24    -4
3347.68  3.19e-13  1.43e-13  1487    43    -4
