NOT ORIGINAL IUE PROJECT DATA PRODUCT
LWP21136LOWLARGE
HD  197481
20:42:04
-31:31:05
48
NO-TRAIL
ALONG-APER
01199.595
02/09/91
20:05:53
245
09.20
16/01/96
VILSPA
2448502.33742
59
30
1851.19  3.92e-13  5.90e-13   123    36     0
1853.85  8.68e-13  5.66e-13   122    85     0
1856.51  3.04e-15  7.18e-13   122     0     0
1859.17 -1.70e-13  6.64e-13   122   -13     0
1861.84  3.39e-13  4.24e-13   121    42     0
1864.50  1.03e-13  3.83e-13   121    13     0
1867.16 -1.05e-13  2.94e-13   121   -18     0
1869.83  3.38e-13  2.83e-13   121    62     0
1872.49 -4.05e-14  2.47e-13   120    -8     0
1875.15  6.48e-14  2.15e-13   120    15     0
1877.81  4.22e-14  2.01e-13   120    10     0
1880.48 -2.23e-13  2.09e-13   120   -52     0
1883.14  1.68e-13  2.00e-13   119    41     0
1885.80 -2.31e-13  1.77e-13   119   -62     0
1888.47 -8.94e-15  1.73e-13   119    -2     0
1891.13  2.54e-13  1.89e-13   119    73     0
1893.79  1.96e-13  1.60e-13   118    59     0
1896.45  1.01e-14  1.41e-13   118     3     0
1899.12 -4.09e-14  1.36e-13   118   -13     0
1901.78 -2.35e-13  1.65e-13   118   -75     0
1904.44  5.37e-14  1.37e-13   118    17     0
1907.11  5.46e-14  1.30e-13   117    18     0
1909.77 -9.89e-14  1.24e-13   117   -35     0
1912.43  1.64e-14  1.15e-13   117     6     0
1915.09  9.72e-14  1.17e-13   117    37     0
1917.76  6.01e-14  1.10e-13   117    24     0
1920.42 -8.84e-14  9.43e-14   116   -40     0
1923.08 -1.86e-13  9.10e-14   116   -86     0
1925.74  4.06e-14  1.00e-13   116    17     0
1928.41  2.19e-14  9.65e-14   116     9     0
1931.07  9.75e-14  9.09e-14   116    45     0
1933.73 -1.17e-13  8.77e-14   116   -56     0
1936.40 -5.07e-14  8.37e-14   115   -24     0
1939.06  8.97e-14  8.32e-14   115    44     0
1941.72  5.36e-14  7.78e-14   115    27     0
1944.38  1.03e-13  7.72e-14   115    55     0
1947.05  4.78e-15  6.96e-14   115     2     0
1949.71  3.94e-14  6.84e-14   115    22     0
1952.37 -3.31e-14  6.89e-14   115   -18     0
1955.04 -7.72e-14  6.60e-14   114   -44     0
1957.70 -5.72e-15  6.38e-14   114    -3     0
1960.36 -6.26e-14  6.14e-14   114   -38     0
1963.02  4.19e-14  6.06e-14   114    26     0
1965.69  6.67e-14  5.74e-14   114    44     0
1968.35 -1.27e-13  5.53e-14   114   -86     0
1971.01  3.88e-14  5.56e-14   114    25     0
1973.68  6.27e-14  5.47e-14   113    42     0
1976.34  5.18e-14  4.91e-14   113    38     0
1979.00 -7.36e-14  4.57e-14   113   -56     0
1981.66  6.02e-15  4.65e-14   113     4     0
1984.33  5.19e-14  4.68e-14   113    39     0
1986.99  1.36e-14  4.31e-14   113    10     0
1989.65  1.29e-14  4.18e-14   113    10     0
1992.31  4.97e-15  4.17e-14   113     4     0
1994.98 -2.03e-14  4.05e-14   112   -16     0
1997.64  1.02e-14  3.92e-14   112     8     0
2000.30  4.95e-14  4.05e-14   112    41     0
2002.97  2.66e-14  3.87e-14   112    22     0
2005.63  4.74e-14  3.81e-14   112    41     0
2008.29  1.34e-14  3.62e-14   112    11     0
2010.95  1.81e-14  3.80e-14   112    15     0
2013.62  3.49e-14  5.29e-14   112    29     0
2016.28  2.46e-14  3.35e-14   112    23     0
2018.94 -2.13e-14  3.23e-14   111   -20     0
2021.61 -2.88e-14  3.41e-14   111   -25     0
2024.27  1.19e-14  3.41e-14   111    10     0
2026.93  1.41e-15  3.24e-14   111     1     0
2029.59  4.05e-14  3.36e-14   111    37     0
2032.26 -1.98e-14  3.20e-14   111   -18     0
2034.92  3.09e-14  3.27e-14   111    28     0
2037.58  1.89e-14  3.18e-14   111    17     0
2040.25 -1.42e-14  3.14e-14   111   -12     0
2042.91 -1.36e-14  3.10e-14   111   -12     0
2045.57  3.91e-15  3.16e-14   110     3     0
2048.23 -3.01e-16  3.11e-14   110     0     0
2050.90  1.04e-14  3.02e-14   110     9     0
2053.56  4.41e-15  2.97e-14   110     4     0
2056.22  5.17e-15  3.51e-14   110     4     0
2058.88  1.75e-14  3.31e-14   110    16     0
2061.55 -1.76e-14  2.80e-14   110   -16     0
2064.21 -4.21e-15  2.76e-14   110    -3     0
2066.87  4.38e-14  2.88e-14   110    41     0
2069.54 -1.40e-14  2.68e-14   109   -13     0
2072.20 -6.21e-15  2.59e-14   109    -6     0
2074.86  2.71e-14  2.66e-14   109    26     0
2077.52 -1.22e-14  2.51e-14   109   -12     0
2080.19  6.94e-15  2.52e-14   109     6     0
2082.85  1.93e-14  2.54e-14   109    18     0
2085.51  2.56e-14  2.54e-14   109    25     0
2088.18 -2.89e-15  2.42e-14   109    -2     0
2090.84 -2.00e-14  2.35e-14   109   -20     0
2093.50  1.21e-14  2.36e-14   108    12     0
2096.16  8.13e-15  2.37e-14   108     7     0
2098.83  2.21e-14  2.41e-14   108    21     0
2101.49  2.24e-14  2.38e-14   108    21     0
2104.15 -9.22e-16  2.30e-14   108     0     0
2106.82 -8.20e-15  2.30e-14   108    -7     0
2109.48 -6.51e-15  2.29e-14   108    -6     0
2112.14  2.08e-14  2.33e-14   108    20     0
2114.80  3.75e-14  2.37e-14   108    36     0
2117.47 -4.97e-15  2.23e-14   107    -4     0
2120.13 -1.23e-15  2.17e-14   107    -1     0
2122.79 -1.61e-14  2.15e-14   107   -15     0
2125.45  3.73e-14  2.24e-14   107    36     0
2128.12  6.48e-15  2.10e-14   107     6     0
2130.78 -2.12e-14  2.07e-14   107   -20     0
2133.44 -1.58e-15  2.05e-14   107    -1     0
2136.11 -2.22e-15  2.03e-14   107    -2     0
2138.77 -3.46e-15  2.01e-14   106    -3     0
2141.43  2.04e-14  2.03e-14   106    20     0
2144.09  2.39e-14  2.02e-14   106    23     0
2146.76  1.76e-14  1.97e-14   106    17     0
2149.42  6.82e-15  1.91e-14   106     6     0
2152.08  3.27e-14  2.05e-14   106    32     0
2154.75  1.66e-14  1.95e-14   106    16     0
2157.41 -1.01e-14  1.82e-14   106   -10     0
2160.07  2.01e-14  1.91e-14   105    19     0
2162.73  3.22e-15  1.82e-14   105     3     0
2165.40  2.15e-15  1.77e-14   105     2     0
2168.06  9.99e-15  1.79e-14   105    10     0
2170.72  1.91e-14  1.80e-14   105    19     0
2173.39  1.22e-14  1.76e-14   105    12     0
2176.05  2.83e-15  1.73e-14   105     2     0
2178.71  3.05e-15  1.72e-14   104     3     0
2181.37  8.56e-15  1.76e-14   104     8     0
2184.04  4.40e-15  1.72e-14   104     4     0
2186.70  3.38e-15  1.65e-14   104     3     0
2189.36 -1.84e-14  1.62e-14   104   -18     0
2192.02  5.75e-15  1.63e-14   104     5     0
2194.69  3.90e-15  1.62e-14   104     3     0
2197.35 -7.05e-15  1.60e-14   103    -6     0
2200.01  1.57e-14  1.66e-14   103    15     0
2202.68 -1.81e-14  1.58e-14   103   -17     0
2205.34  9.74e-15  1.58e-14   103     9     0
2208.00  6.78e-15  1.54e-14   103     6     0
2210.66  1.81e-15  1.54e-14   103     1     0
2213.33  1.85e-14  1.60e-14   103    18     0
2215.99 -1.68e-14  1.45e-14   102   -17     0
2218.65  1.73e-14  1.48e-14   102    17     0
2221.32  2.69e-14  1.55e-14   102    27     0
2223.98  1.31e-14  1.46e-14   102    13     0
2226.64 -1.06e-14  1.44e-14   102   -10     0
2229.30  7.52e-15  1.44e-14   102     7     0
2231.97  9.77e-15  1.33e-14   102    10     0
2234.63 -1.97e-15  1.28e-14   101    -2     0
2237.29 -5.50e-15  1.33e-14   101    -5     0
2239.96  8.15e-15  1.33e-14   101     8     0
2242.62 -7.43e-15  1.29e-14   101    -7     0
2245.28  7.86e-15  1.32e-14   101     8     0
2247.94  2.74e-14  1.37e-14   101    28     0
2250.61  7.94e-15  1.20e-14   100     8     0
2253.27  2.42e-14  1.27e-14   100    26     0
2255.93  1.23e-14  1.21e-14   100    13     0
2258.59  1.19e-15  1.14e-14   100     1     0
2261.26  2.62e-14  1.26e-14   100    28     0
2263.92  4.95e-15  1.15e-14   100     5     0
2266.58  3.57e-15  1.09e-14    99     4     0
2269.25  9.45e-15  1.09e-14    99    10     0
2271.91  1.93e-14  1.15e-14    99    21     0
2274.57  1.33e-14  1.09e-14    99    15     0
2277.23  2.29e-14  1.05e-14    99    27     0
2279.90  2.65e-15  9.36e-15    99     3     0
2282.56  1.18e-14  9.84e-15    98    14     0
2285.22  9.71e-15  9.75e-15    98    11     0
2287.89  1.59e-14  9.92e-15    98    19     0
2290.55 -7.56e-15  8.99e-15    98    -9     0
2293.21  4.38e-15  8.97e-15    98     5     0
2295.87  1.08e-15  8.43e-15    97     1     0
2298.54  2.60e-15  8.40e-15    97     3     0
2301.20  1.05e-14  8.89e-15    97    13     0
2303.86  4.76e-15  8.45e-15    97     6     0
2306.53  4.94e-15  9.26e-15    97     6     0
2309.19  8.68e-15  8.41e-15    97    11     0
2311.85  3.85e-15  7.67e-15    96     5     0
2314.51  1.06e-14  7.81e-15    96    14     0
2317.18 -2.20e-15  7.46e-15    96    -2     0
2319.84  1.03e-14  7.73e-15    96    14     0
2322.50  1.30e-14  7.71e-15    96    17     0
2325.16  8.81e-15  7.18e-15    95    12     0
2327.83  1.92e-14  7.43e-15    95    28     0
2330.49  4.62e-15  6.61e-15    95     6     0
2333.15  1.00e-14  6.71e-15    95    15     0
2335.82  1.71e-14  6.89e-15    95    26     0
2338.48  2.33e-14  7.04e-15    94    36     0
2341.14  1.84e-14  6.74e-15    94    28     0
2343.80  1.44e-14  6.40e-15    94    22     0
2346.47  1.03e-14  6.14e-15    94    16     0
2349.13  1.65e-14  6.35e-15    94    26     0
2351.79  4.38e-15  5.69e-15    94     7     0
2354.46  1.35e-14  5.95e-15    93    22     0
2357.12  1.24e-14  5.64e-15    93    21     0
2359.78  5.55e-15  5.25e-15    93     9     0
2362.44  1.17e-14  5.48e-15    93    20     0
2365.11  8.40e-15  5.33e-15    93    14     0
2367.77  9.82e-15  5.28e-15    92    16     0
2370.43  1.55e-15  4.75e-15    92     2     0
2373.09  1.20e-14  5.23e-15    92    21     0
2375.76  1.85e-14  5.22e-15    92    34     0
2378.42  1.62e-14  4.93e-15    92    30     0
2381.08  1.97e-14  5.24e-15    91    36     0
2383.75  3.42e-14  5.78e-15    91    64     0
2386.41  2.25e-14  5.23e-15    91    42     0
2389.07  2.87e-14  5.35e-15    91    54     0
2391.73  2.81e-14  5.16e-15    91    54     0
2394.40  1.40e-14  4.56e-15    90    27     0
2397.06  2.46e-14  4.95e-15    90    48     0
2399.72  1.81e-14  4.67e-15    90    35     0
2402.39  2.06e-14  4.67e-15    90    41     0
2405.05  2.36e-14  4.82e-15    90    47     0
2407.71  1.84e-14  4.56e-15    89    37     0
2410.37  1.47e-14  4.10e-15    89    31     0
2413.04  2.01e-14  4.32e-15    89    43     0
2415.70  1.77e-14  4.13e-15    89    38     0
2418.36  1.43e-14  3.95e-15    89    31     0
2421.03  1.32e-14  3.84e-15    89    28     0
2423.69  8.82e-15  3.63e-15    88    19     0
2426.35  9.17e-15  3.56e-15    88    20     0
2429.01  1.13e-14  3.54e-15    88    25     0
2431.68  6.65e-15  3.69e-15    88    14     0
2434.34  4.63e-15  3.29e-15    88    10     0
2437.00  7.77e-15  3.49e-15    87    17     0
2439.67  9.84e-15  3.39e-15    87    22     0
2442.33  3.39e-15  3.05e-15    87     7     0
2444.99  1.15e-14  3.34e-15    87    26     0
2447.65  9.08e-15  3.30e-15    87    21     0
2450.32  1.18e-14  3.32e-15    86    27     0
2452.98  7.28e-15  3.09e-15    86    17     0
2455.64  3.64e-15  2.81e-15    86     8     0
2458.30  9.75e-15  3.06e-15    86    24     0
2460.97  1.01e-14  3.06e-15    86    25     0
2463.63  8.25e-15  2.94e-15    85    20     0
2466.29  1.02e-14  2.97e-15    85    25     0
2468.96  8.04e-15  2.85e-15    85    20     0
2471.62  3.59e-15  2.56e-15    85     9     0
2474.28  1.03e-14  2.81e-15    85    27     0
2476.94  1.50e-14  2.97e-15    85    40     0
2479.61  2.25e-14  3.24e-15    84    61     0
2482.27  2.38e-14  3.31e-15    84    64     0
2484.93  2.28e-14  3.22e-15    84    62     0
2487.60  1.60e-14  3.00e-15    84    43     0
2490.26  1.43e-14  2.83e-15    84    39     0
2492.92  1.03e-14  2.64e-15    83    28     0
2495.58  9.08e-15  2.60e-15    83    24     0
2498.25  1.06e-14  2.66e-15    83    29     0
2500.91  7.74e-15  2.49e-15    83    21     0
2503.57  1.08e-14  2.59e-15    83    29     0
2506.24  1.05e-14  2.61e-15    82    29     0
2508.90  1.24e-14  2.66e-15    82    34     0
2511.56  1.07e-14  2.47e-15    82    30     0
2514.22  9.64e-15  2.42e-15    82    28     0
2516.89  7.44e-15  2.38e-15    82    20     0
2519.55  1.29e-14  2.53e-15    82    36     0
2522.21  1.08e-14  2.68e-15    81    31     0
2524.87  1.32e-14  2.50e-15    81    38     0
2527.54  1.33e-14  2.57e-15    81    39     0
2530.20  1.47e-14  2.58e-15    81    43     0
2532.86  1.18e-14  2.41e-15    81    35     0
2535.53  1.16e-14  2.31e-15    80    34     0
2538.19  1.43e-14  3.00e-15    80    43     0
2540.85  1.17e-14  2.27e-15    80    36     0
2543.51  1.17e-14  2.28e-15    80    36     0
2546.18  1.21e-14  2.26e-15    80    38     0
2548.84  8.32e-15  2.07e-15    80    26     0
2551.50  8.09e-15  2.02e-15    79    25     0
2554.17  6.03e-15  1.98e-15    79    19     0
2556.83  5.77e-15  1.88e-15    79    19     0
2559.49  7.86e-15  1.96e-15    79    26     0
2562.15  1.07e-14  2.09e-15    79    35     0
2564.82  1.36e-14  2.27e-15    79    45     0
2567.48  1.17e-14  2.10e-15    78    39     0
2570.14  8.10e-15  1.92e-15    78    27     0
2572.80  1.05e-14  2.01e-15    78    35     0
2575.47  1.05e-14  1.98e-15    78    35     0
2578.13  1.06e-14  2.05e-15    78    35     0
2580.79  1.52e-14  2.28e-15    78    50     0
2583.46  1.30e-14  2.17e-15    77    43     0
2586.12  2.10e-14  2.42e-15    77    71     0
2588.78  1.33e-14  2.12e-15    77    45     0
2591.44  1.58e-14  2.27e-15    77    53     0
2594.11  1.75e-14  2.32e-15    77    60     0
2596.77  3.12e-14  2.92e-15    77   110     0
2599.43  4.46e-14  3.25e-15    77   159     0
2602.10  3.64e-14  2.96e-15    76   131     0
2604.76  2.11e-14  2.36e-15    76    76     0
2607.42  3.01e-14  2.64e-15    76   110     0
2610.08  4.03e-14  3.08e-15    76   144     0
2612.75  4.66e-14  3.33e-15    76   168     0
2615.41  4.47e-14  3.12e-15    76   167     0
2618.07  4.07e-14  3.01e-15    75   152     0
2620.74  3.51e-14  2.80e-15    75   132     0
2623.40  4.40e-14  3.09e-15    75   166     0
2626.06  5.25e-14  3.36e-15    75   196     0
2628.72  5.51e-14  3.52e-15    75   206     0
2631.39  4.96e-14  3.28e-15    75   190     0
2634.05  2.69e-14  3.47e-15    75   103     0
2636.71  1.76e-14  2.09e-15    74    67     0
2639.37  9.41e-15  2.00e-15    74    36     0
2642.04  7.98e-15  1.69e-15    74    30     0
2644.70  7.05e-15  1.68e-15    74    27     0
2647.36  6.26e-15  1.61e-15    74    24     0
2650.03  6.18e-15  1.63e-15    74    23     0
2652.69  7.69e-15  1.67e-15    74    29     0
2655.35  7.79e-15  1.70e-15    73    30     0
2658.01  7.81e-15  1.70e-15    73    30     0
2660.68  6.97e-15  1.60e-15    73    27     0
2663.34  8.23e-15  1.68e-15    73    32     0
2666.00  1.13e-14  1.88e-15    73    44     0
2668.67  1.30e-14  1.85e-15    73    51     0
2671.33  1.44e-14  1.87e-15    73    57     0
2673.99  1.57e-14  1.95e-15    72    63     0
2676.65  8.99e-15  1.72e-15    72    36     0
2679.32  9.50e-15  1.71e-15    72    38     0
2681.98  7.35e-15  1.60e-15    72    30     0
2684.64  1.03e-14  1.70e-15    72    42     0
2687.31  7.58e-15  1.61e-15    72    31     0
2689.97  8.06e-15  1.64e-15    72    33     0
2692.63  1.20e-14  1.76e-15    72    49     0
2695.29  1.08e-14  1.74e-15    71    44     0
2697.96  9.30e-15  1.66e-15    71    38     0
2700.62  7.57e-15  1.61e-15    71    31     0
2703.28  1.15e-14  1.78e-15    71    47     0
2705.94  9.59e-15  1.71e-15    71    39     0
2708.61  1.22e-14  1.81e-15    71    50     0
2711.27  1.81e-14  2.07e-15    71    72     0
2713.93  1.77e-14  2.06e-15    71    70     0
2716.60  1.46e-14  1.92e-15    70    59     0
2719.26  1.71e-14  2.00e-15    70    69     0
2721.92  1.73e-14  2.08e-15    70    68     0
2724.58  1.57e-14  1.96e-15    70    62     0
2727.25  2.05e-14  2.08e-15    70    85     0
2729.91  2.10e-14  2.09e-15    70    88     0
2732.57  2.28e-14  2.12e-15    70    95     0
2735.24  2.28e-14  2.17e-15    70    93     0
2737.90  2.30e-14  2.23e-15    70    95     0
2740.56  2.43e-14  2.24e-15    69   100     0
2743.22  2.74e-14  2.34e-15    69   113     0
2745.89  3.30e-14  2.51e-15    69   138     0
2748.55  3.04e-14  2.43e-15    69   126     0
2751.21  3.06e-14  2.45e-15    69   127     0
2753.88  2.35e-14  2.21e-15    69    98     0
2756.54  2.22e-14  2.15e-15    69    92     0
2759.20  2.33e-14  2.22e-15    69    96     0
2761.86  2.32e-14  2.19e-15    69    96     0
2764.53  1.97e-14  2.09e-15    68    81     0
2767.19  1.81e-14  2.01e-15    68    76     0
2769.85  1.56e-14  1.91e-15    68    65     0
2772.51  1.70e-14  1.99e-15    68    70     0
2775.18  1.42e-14  1.89e-15    68    59     0
2777.84  1.21e-14  1.83e-15    68    50     0
2780.50  1.60e-14  1.96e-15    68    67     0
2783.17  1.73e-14  2.01e-15    68    72     0
2785.83  1.87e-14  2.08e-15    68    76     0
2788.49  3.30e-14  2.55e-15    67   133     0
2791.15  6.82e-14  3.94e-15    67   281     0
2793.82  1.53e-13  1.02e-14    67   628     0
2796.48  2.70e-13  1.58e-14    67  1094     0
2799.14  2.60e-13  1.89e-14    67  1053     0
2801.81  2.33e-13  1.39e-14    67   952     0
2804.47  1.95e-13  1.35e-14    67   800     0
2807.13  1.42e-13  1.19e-14    67   553     0
2809.79  4.69e-14  4.36e-15    67   184     0
2812.46  1.83e-14  2.10e-15    67    74     0
2815.12  1.59e-14  2.02e-15    66    64     0
2817.78  1.41e-14  1.94e-15    66    57     0
2820.45  1.17e-14  1.91e-15    66    47     0
2823.11  1.18e-14  1.91e-15    66    47     0
2825.77  1.39e-14  1.97e-15    66    56     0
2828.43  1.19e-14  1.92e-15    66    48     0
2831.10  1.26e-14  1.92e-15    66    51     0
2833.76  1.37e-14  1.96e-15    66    55     0
2836.42  1.35e-14  1.96e-15    66    55     0
2839.08  1.28e-14  1.94e-15    66    52     0
2841.75  1.27e-14  1.96e-15    65    51     0
2844.41  1.60e-14  2.07e-15    65    64     0
2847.07  1.49e-14  2.02e-15    65    60     0
2849.74  1.88e-14  2.17e-15    65    75     0
2852.40  2.53e-14  2.39e-15    65   100     0
2855.06  2.10e-14  2.25e-15    65    84     0
2857.72  1.76e-14  2.13e-15    65    70     0
2860.39  1.55e-14  2.10e-15    65    60     0
2863.05  1.66e-14  2.16e-15    65    65     0
2865.71  1.85e-14  2.20e-15    65    72     0
2868.38  2.12e-14  2.27e-15    64    83     0
2871.04  2.14e-14  2.29e-15    64    84     0
2873.70  2.08e-14  2.27e-15    64    82     0
2876.36  2.77e-14  2.51e-15    64   106     0
2879.03  2.57e-14  2.42e-15    64    98     0
2881.69  2.47e-14  2.44e-15    64    94     0
2884.35  2.10e-14  2.35e-15    64    80     0
2887.02  1.77e-14  2.23e-15    64    68     0
2889.68  1.58e-14  2.17e-15    64    60     0
2892.34  1.67e-14  2.20e-15    63    64     0
2895.00  1.84e-14  2.25e-15    63    70     0
2897.67  1.76e-14  2.23e-15    63    67     0
2900.33  1.60e-14  2.19e-15    63    60     0
2902.99  1.68e-14  2.22e-15    63    63     0
2905.65  1.39e-14  2.16e-15    63    52     0
2908.32  1.81e-14  2.30e-15    63    67     0
2910.98  1.84e-14  2.28e-15    63    69     0
2913.64  1.97e-14  2.34e-15    63    74     0
2916.31  1.70e-14  2.27e-15    62    63     0
2918.97  2.15e-14  2.42e-15    62    80     0
2921.63  2.62e-14  2.61e-15    62    93     0
2924.29  2.55e-14  2.60e-15    62    90     0
2926.96  2.79e-14  2.67e-15    62    99     0
2929.62  2.46e-14  2.60e-15    62    87     0
2932.28  2.59e-14  2.65e-15    62    91     0
2934.95  2.31e-14  2.58e-15    62    80     0
2937.61  1.93e-14  2.45e-15    61    67     0
2940.27  2.18e-14  2.57e-15    61    75     0
2942.93  2.66e-14  2.73e-15    61    90     0
2945.60  2.44e-14  2.71e-15    61    81     0
2948.26  1.49e-14  2.40e-15    61    49     0
2950.92  1.68e-14  2.45e-15    61    56     0
2953.59  2.03e-14  2.58e-15    61    67     0
2956.25  2.08e-14  2.61e-15    60    69     0
2958.91  1.98e-14  2.58e-15    60    65     0
2961.57  2.38e-14  2.74e-15    60    76     0
2964.24  2.34e-14  2.77e-15    60    74     0
2966.90  2.24e-14  2.76e-15    60    70     0
2969.56  2.46e-14  2.85e-15    60    76     0
2972.22  2.31e-14  2.81e-15    60    72     0
2974.89  2.45e-14  2.87e-15    59    75     0
2977.55  2.50e-14  2.95e-15    59    74     0
2980.21  2.55e-14  2.95e-15    59    76     0
2982.88  2.27e-14  2.90e-15    59    67     0
2985.54  2.56e-14  3.01e-15    59    74     0
2988.20  2.62e-14  3.03e-15    59    75     0
2990.86  2.22e-14  2.95e-15    59    63     0
2993.53  1.88e-14  2.85e-15    58    53     0
2996.19  1.89e-14  2.94e-15    58    51     0
2998.85  2.44e-14  3.13e-15    58    66     0
3001.52  1.90e-14  2.91e-15    58    52     0
3004.18  2.09e-14  3.00e-15    58    57     0
3006.84  2.36e-14  3.11e-15    58    63     0
3009.50  2.56e-14  3.18e-15    57    68     0
3012.17  2.19e-14  3.15e-15    57    57     0
3014.83  2.00e-14  3.12e-15    57    51     0
3017.49  2.22e-14  3.20e-15    57    56     0
3020.16  2.08e-14  3.21e-15    57    51     0
3022.82  2.28e-14  3.30e-15    57    56     0
3025.48  2.12e-14  3.31e-15    56    50     0
3028.14  2.40e-14  3.43e-15    56    56     0
3030.81  2.48e-14  3.42e-15    56    58     0
3033.47  2.44e-14  3.46e-15    56    56     0
3036.13  1.99e-14  3.36e-15    56    45     0
3038.79  2.03e-14  3.41e-15    55    45     0
3041.46  2.20e-14  3.50e-15    55    48     0
3044.12  1.77e-14  3.41e-15    55    38     0
3046.78  1.75e-14  3.44e-15    55    37     0
3049.45  2.96e-14  3.82e-15    55    62     0
3052.11  2.41e-14  4.29e-15    54    50     0
3054.77  1.68e-14  4.24e-15    54    34     0
3057.43  2.34e-14  7.40e-15    54    45 -4096
3060.10  2.24e-14  5.61e-15    54    43     0
3062.76  2.44e-14  4.60e-15    53    46     0
3065.42  2.60e-14  4.07e-15    53    48     0
3068.09  2.55e-14  4.10e-15    53    46     0
3070.75  2.67e-14  4.13e-15    53    48     0
3073.41  2.47e-14  4.11e-15    53    44     0
3076.07  2.31e-14  4.16e-15    52    40     0
3078.74  2.25e-14  4.19e-15    52    38     0
3081.40  2.24e-14  4.19e-15    52    38     0
3084.06  2.23e-14  4.23e-15    52    37     0
3086.73  2.32e-14  4.33e-15    51    37     0
3089.39  2.79e-14  4.54e-15    51    44     0
3092.05  2.46e-14  4.46e-15    51    38     0
3094.71  2.16e-14  4.42e-15    51    33     0
3097.38  2.42e-14  4.60e-15    50    36     0
3100.04  3.09e-14  4.84e-15    50    45     0
3102.70  2.56e-14  4.72e-15    50    37     0
3105.36  2.66e-14  4.81e-15    49    37     0
3108.03  3.26e-14  5.02e-15    49    45     0
3110.69  3.23e-14  5.00e-15    49    45     0
3113.35  2.84e-14  4.96e-15    49    38     0
3116.02  2.30e-14  4.88e-15    48    30     0
3118.68  2.14e-14  4.90e-15    48    27     0
3121.34  3.45e-14  5.27e-15    48    44     0
3124.00  3.08e-14  5.24e-15    47    38     0
3126.67  2.94e-14  5.24e-15    47    36     0
3129.33  3.40e-14  5.40e-15    47    41     0
3131.99  4.14e-14  5.65e-15    46    49     0
3134.66  4.47e-14  5.76e-15    46    52     0
3137.32  3.69e-14  5.61e-15    46    42     0
3139.98  4.12e-14  5.76e-15    45    46     0
3142.64  4.07e-14  5.91e-15    45    44     0
3145.31  3.81e-14  5.85e-15    45    40     0
3147.97  3.97e-14  6.00e-15    45    41     0
3150.63  4.48e-14  6.04e-15    44    47     0
3153.30  4.05e-14  5.98e-15    44    41     0
3155.96  3.71e-14  5.91e-15    43    37     0
3158.62  3.23e-14  5.83e-15    43    31     0
3161.28  3.64e-14  6.07e-15    43    34     0
3163.95  3.78e-14  6.16e-15    42    35     0
3166.61  3.89e-14  6.26e-15    42    35     0
3169.27  3.65e-14  6.23e-15    42    32     0
3171.93  3.64e-14  6.37e-15    41    31     0
3174.60  4.19e-14  6.50e-15    41    35     0
3177.26  3.65e-14  6.21e-15    41    30     0
3179.92  3.09e-14  6.15e-15    40    25     0
3182.59  3.95e-14  6.46e-15    40    31     0
3185.25  3.31e-14  6.26e-15    39    26     0
3187.91  3.58e-14  6.33e-15    39    28     0
3190.57  5.92e-14  7.17e-15    39    44     0
3193.24  6.21e-14  7.29e-15    38    45     0
3195.90  6.20e-14  7.20e-15    38    45     0
3198.56  5.24e-14  6.96e-15    37    37     0
3201.23  3.46e-14  6.43e-15    37    24     0
3203.89  4.50e-14  6.62e-15    36    30     0
3206.55  4.77e-14  7.33e-15    36    29     0
3209.21  4.20e-14  7.22e-15    36    24     0
3211.88  3.58e-14  6.70e-15    35    21     0
3214.54  4.26e-14  6.91e-15    35    25     0
3217.20  5.62e-14  7.53e-15    34    31     0
3219.87  5.70e-14  7.58e-15    34    31     0
3222.53  6.23e-14  7.47e-15    33    34     0
3225.19  4.98e-14  7.12e-15    33    26     0
3227.85  4.29e-14  6.91e-15    32    22     0
3230.52  3.64e-14  6.60e-15    32    18     0
3233.18  3.97e-14  6.67e-15    31    20     0
3235.84  4.11e-14  6.91e-15    31    19     0
3238.50  3.26e-14  6.79e-15    30    15     0
3241.17  3.66e-14  6.88e-15    30    16     0
3243.83  5.50e-14  7.26e-15    29    24     0
3246.49  4.13e-14  7.01e-15    29    18     0
3249.16  3.20e-14  7.20e-15    28    13     0
3251.82  4.16e-14  7.31e-15    28    17     0
3254.48  4.42e-14  7.63e-15    27    18     0
3257.14  5.31e-14  7.90e-15    27    21     0
3259.81  5.02e-14  8.18e-15    26    19     0
3262.47  6.60e-14  7.96e-15    26    26     0
3265.13  5.39e-14  8.33e-15    25    20     0
3267.80  5.28e-14  8.30e-15    25    20     0
3270.46  5.14e-14  9.69e-15    24    18     0
3273.12  5.51e-14  8.86e-15    24    19     0
3275.78  7.92e-14  9.59e-15    23    26     0
3278.45  9.76e-14  9.81e-15    23    31     0
3281.11  7.89e-14  9.58e-15    22    26     0
3283.77  6.99e-14  9.82e-15    21    22     0
3286.44  8.65e-14  1.03e-14    21    26     0
3289.10  8.25e-14  1.06e-14    20    24     0
3291.76  1.03e-13  1.25e-14    20    28     0
3294.42  1.02e-13  1.16e-14    19    28     0
3297.09  9.16e-14  1.13e-14    18    25     0
3299.75  7.55e-14  1.16e-14    18    20     0
3302.41  8.89e-14  1.19e-14    17    23     0
3305.07  6.22e-14  1.24e-14    17    15     0
3307.74  5.98e-14  1.29e-14    16    14     0
3310.40  4.48e-14  1.31e-14    15    10     0
3313.06  4.59e-14  1.36e-14    15    10     0
3315.73  5.00e-14  1.54e-14    14    10     0
3318.39  5.92e-14  1.60e-14    13    11     0
3321.05  5.22e-14  1.75e-14    13     9     0
3323.71  1.08e-13  1.99e-14    12    19     0
3326.38  8.33e-14  1.82e-14    12    14     0
3329.04  8.08e-14  1.90e-14    11    13     0
3331.70  1.04e-13  1.98e-14    10    17     0
3334.37  7.57e-14  2.01e-14    10    12     0
3337.03  1.32e-13  1.88e-14     9    22     0
3339.69  1.66e-13  1.96e-14     8    27     0
3342.35  1.69e-13  2.19e-14     8    24     0
3345.02  1.56e-13  2.32e-14     7    21     0
3347.68  9.45e-14  2.40e-14     6    12     0
