NOT ORIGINAL IUE PROJECT DATA PRODUCT
LWP21133LOWLARGE
HD  197481
20:42:04
-31:31:05
48
NO-TRAIL
ALONG-APER
01199.595
02/09/91
15:36:52
245
09.50
16/01/96
VILSPA
2448502.15060
61
29
1851.19  4.56e-13  5.19e-13    72    41     0
1853.85  7.33e-13  4.94e-13    72    71     0
1856.51 -2.33e-13  6.25e-13    72   -17     0
1859.17 -4.53e-13  5.78e-13    72   -35     0
1861.84  6.76e-14  3.63e-13    72     8     0
1864.50 -2.39e-13  3.47e-13    72   -32     0
1867.16 -5.05e-13  2.56e-13    72   -87     0
1869.83  2.70e-13  2.47e-13    72    49     0
1872.49  2.37e-15  2.14e-13    72     0     0
1875.15 -9.99e-14  1.86e-13    72   -23     0
1877.81  7.90e-14  1.76e-13    72    19     0
1880.48 -1.14e-13  1.80e-13    71   -26     0
1883.14  8.03e-14  1.73e-13    71    19     0
1885.80 -5.06e-14  1.54e-13    71   -13     0
1888.47 -1.73e-13  1.46e-13    71   -48     0
1891.13  4.55e-14  1.42e-13    71    13     0
1893.79  1.04e-13  1.38e-13    71    31     0
1896.45 -6.31e-14  1.23e-13    71   -20     0
1899.12 -4.62e-14  1.18e-13    71   -15     0
1901.78 -1.58e-13  1.42e-13    71   -50     0
1904.44  3.42e-14  1.19e-13    71    11     0
1907.11  8.61e-14  1.15e-13    71    29     0
1909.77  3.14e-14  1.09e-13    70    11     0
1912.43 -6.64e-14  1.07e-13    70   -25     0
1915.09  2.00e-13  1.60e-13    70    77     0
1917.76  1.54e-13  1.08e-13    70    61     0
1920.42 -2.68e-14  8.30e-14    70   -12     0
1923.08 -9.25e-14  7.99e-14    70   -43     0
1925.74  5.81e-15  8.63e-14    70     2     0
1928.41  1.44e-13  8.88e-14    70    62     0
1931.07  7.93e-14  7.94e-14    69    37     0
1933.73 -6.11e-14  7.35e-14    69   -29     0
1936.40 -8.37e-15  7.26e-14    69    -4     0
1939.06 -5.95e-14  7.00e-14    69   -29     0
1941.72 -1.43e-14  6.63e-14    69    -7     0
1944.38  2.47e-14  6.48e-14    69    13     0
1947.05  3.63e-14  6.18e-14    69    20     0
1949.71 -5.77e-14  5.83e-14    68   -33     0
1952.37  1.58e-14  6.03e-14    68     8     0
1955.04  2.48e-14  5.82e-14    68    14     0
1957.70  9.99e-15  5.56e-14    68     5     0
1960.36 -6.13e-14  5.32e-14    68   -37     0
1963.02  4.18e-14  5.32e-14    68    26     0
1965.69  1.03e-14  4.82e-14    67     6     0
1968.35 -1.36e-13  5.29e-14    67   -92     0
1971.01  2.99e-14  4.81e-14    67    19     0
1973.68  2.88e-14  4.66e-14    67    19     0
1976.34 -1.54e-14  4.08e-14    67   -11     0
1979.00  6.04e-15  3.97e-14    67     4     0
1981.66  3.67e-15  4.02e-14    66     2     0
1984.33  5.65e-14  4.15e-14    66    43     0
1986.99 -5.43e-15  3.69e-14    66    -4     0
1989.65 -4.69e-14  3.58e-14    66   -38     0
1992.31  5.39e-15  3.60e-14    66     4     0
1994.98 -8.76e-15  3.50e-14    66    -7     0
1997.64  4.51e-14  3.56e-14    65    38     0
2000.30  1.41e-15  3.34e-14    65     1     0
2002.97  2.40e-14  3.36e-14    65    20     0
2005.63  6.19e-15  3.17e-14    65     5     0
2008.29  1.88e-14  3.14e-14    65    16     0
2010.95  3.85e-14  3.40e-14    65    32     0
2013.62  2.44e-14  5.04e-14    64    20     0
2016.28  1.35e-14  2.86e-14    64    12     0
2018.94  6.90e-15  2.80e-14    64     6     0
2021.61  1.10e-15  2.94e-14    64     0     0
2024.27  4.92e-15  2.91e-14    64     4     0
2026.93  1.44e-14  2.85e-14    64    13     0
2029.59  3.74e-14  2.90e-14    63    34     0
2032.26  8.27e-15  2.77e-14    63     7     0
2034.92  3.22e-14  2.83e-14    63    29     0
2037.58 -2.86e-14  2.68e-14    63   -26     0
2040.25 -4.76e-15  2.70e-14    63    -4     0
2042.91 -7.93e-15  2.66e-14    63    -7     0
2045.57  1.85e-14  2.79e-14    63    16     0
2048.23 -8.29e-15  2.67e-14    62    -7     0
2050.90  2.85e-14  2.71e-14    62    25     0
2053.56  2.15e-14  2.64e-14    62    19     0
2056.22  2.22e-14  2.60e-14    62    20     0
2058.88  1.91e-14  2.55e-14    62    17     0
2061.55 -2.12e-14  2.41e-14    62   -19     0
2064.21 -6.15e-15  2.37e-14    61    -5     0
2066.87  2.45e-14  2.44e-14    61    23     0
2069.54 -2.00e-14  2.30e-14    61   -18     0
2072.20 -7.33e-15  2.26e-14    61    -7     0
2074.86  1.62e-14  2.25e-14    61    15     0
2077.52 -1.91e-15  2.15e-14    61    -1     0
2080.19  2.62e-14  2.27e-14    61    25     0
2082.85  2.80e-14  2.25e-14    60    27     0
2085.51  9.10e-15  2.13e-14    60     8     0
2088.18  1.97e-14  2.16e-14    60    19     0
2090.84  1.69e-14  2.20e-14    60    16     0
2093.50  4.36e-15  2.00e-14    60     4     0
2096.16 -1.73e-15  2.00e-14    60    -1     0
2098.83 -2.60e-15  1.99e-14    60    -2     0
2101.49  2.27e-14  2.07e-14    59    22     0
2104.15  1.29e-14  2.02e-14    59    12     0
2106.82  4.10e-16  1.97e-14    59     0     0
2109.48 -2.47e-14  1.96e-14    59   -23     0
2112.14 -6.76e-15  1.92e-14    59    -6     0
2114.80  2.72e-14  2.04e-14    59    26     0
2117.47  1.22e-14  1.96e-14    59    11     0
2120.13  1.32e-14  1.91e-14    59    12     0
2122.79 -2.64e-14  1.83e-14    58   -25     0
2125.45  3.29e-14  1.95e-14    58    32     0
2128.12 -3.44e-15  1.79e-14    58    -3     0
2130.78 -6.19e-16  1.76e-14    58     0     0
2133.44 -4.59e-16  1.74e-14    58     0     0
2136.11  6.84e-15  1.75e-14    58     6     0
2138.77  1.01e-14  1.75e-14    58     9     0
2141.43  1.74e-14  1.74e-14    58    17     0
2144.09  1.50e-14  1.71e-14    58    15     0
2146.76  1.66e-14  1.67e-14    58    16     0
2149.42  2.83e-16  1.60e-14    57     0     0
2152.08  3.49e-14  1.78e-14    57    34     0
2154.75  1.69e-16  1.60e-14    57     0     0
2157.41 -2.33e-15  1.55e-14    57    -2     0
2160.07  1.47e-14  1.63e-14    57    14     0
2162.73 -5.49e-15  1.53e-14    57    -5     0
2165.40  5.72e-15  1.52e-14    57     5     0
2168.06  9.07e-15  1.51e-14    57     9     0
2170.72  4.85e-15  1.48e-14    57     4     0
2173.39 -6.78e-15  1.44e-14    57    -6     0
2176.05 -1.72e-14  1.46e-14    57   -16     0
2178.71  3.67e-14  1.63e-14    57    36     0
2181.37  8.00e-16  1.46e-14    56     0     0
2184.04  8.04e-15  1.48e-14    56     7     0
2186.70  8.31e-15  1.40e-14    56     8     0
2189.36 -2.18e-15  1.36e-14    56    -2     0
2192.02  3.46e-14  1.55e-14    56    34     0
2194.69  1.04e-14  1.38e-14    56    10     0
2197.35 -2.21e-15  1.34e-14    56    -2     0
2200.01  2.71e-15  1.34e-14    56     2     0
2202.68  1.53e-14  1.40e-14    56    14     0
2205.34  7.78e-15  1.32e-14    56     7     0
2208.00 -7.32e-15  1.28e-14    56    -7     0
2210.66 -6.59e-15  1.30e-14    56    -6     0
2213.33  7.98e-15  1.34e-14    56     7     0
2215.99 -7.88e-15  1.21e-14    56    -7     0
2218.65  8.81e-17  1.20e-14    56     0     0
2221.32  1.88e-14  1.27e-14    56    18     0
2223.98  1.28e-14  1.28e-14    56    12     0
2226.64  5.79e-15  1.27e-14    56     5     0
2229.30  2.17e-14  1.30e-14    56    21     0
2231.97  3.88e-15  1.11e-14    56     4     0
2234.63 -2.95e-15  1.07e-14    56    -3     0
2237.29 -1.65e-14  1.11e-14    56   -16     0
2239.96 -4.59e-15  1.10e-14    55    -4     0
2242.62  1.39e-14  1.15e-14    55    14     0
2245.28  6.22e-15  1.10e-14    55     6     0
2247.94  8.98e-15  1.12e-14    55     9     0
2250.61 -3.84e-15  9.99e-15    55    -4     0
2253.27  1.22e-14  1.03e-14    55    13     0
2255.93  1.54e-14  1.05e-14    55    16     0
2258.59  1.80e-14  1.02e-14    55    19     0
2261.26  1.32e-14  1.03e-14    55    14     0
2263.92  1.00e-14  9.89e-15    55    10     0
2266.58  7.61e-15  9.21e-15    55     8     0
2269.25  4.94e-15  8.99e-15    55     5     0
2271.91  7.83e-15  9.25e-15    55     8     0
2274.57 -4.15e-15  8.61e-15    55    -4     0
2277.23  7.34e-15  8.27e-15    55     8     0
2279.90  1.61e-14  9.96e-15    55    19     0
2282.56  1.09e-14  8.47e-15    55    13     0
2285.22  2.80e-15  7.99e-15    55     3     0
2287.89  6.00e-15  7.97e-15    55     7     0
2290.55  3.40e-15  7.56e-15    55     4     0
2293.21  1.71e-14  8.03e-15    55    21     0
2295.87 -6.52e-15  7.09e-15    55    -8     0
2298.54 -2.95e-16  6.90e-15    55     0     0
2301.20  7.13e-15  7.35e-15    55     9     0
2303.86 -1.99e-15  6.89e-15    55    -2     0
2306.53  1.18e-14  8.75e-15    55    14     0
2309.19  5.78e-15  6.94e-15    55     7     0
2311.85  7.88e-15  6.64e-15    55    10     0
2314.51  9.74e-15  6.44e-15    55    13     0
2317.18  1.00e-15  6.18e-15    55     1     0
2319.84 -9.22e-15  6.02e-15    55   -12     0
2322.50  6.11e-15  6.18e-15    56     8     0
2325.16  1.23e-15  5.67e-15    56     1     0
2327.83  4.58e-15  5.65e-15    56     6     0
2330.49  1.71e-15  5.40e-15    56     2     0
2333.15  1.64e-14  5.98e-15    56    24     0
2335.82  2.53e-14  6.32e-15    56    39     0
2338.48  1.52e-14  5.72e-15    56    23     0
2341.14  2.09e-14  5.97e-15    56    32     0
2343.80  2.40e-14  6.08e-15    56    38     0
2346.47  1.10e-14  6.90e-15    56    17     0
2349.13  1.60e-14  5.39e-15    56    25     0
2351.79  1.32e-14  5.30e-15    56    21     0
2354.46  1.35e-14  5.07e-15    56    22     0
2357.12  1.99e-14  5.28e-15    56    34     0
2359.78  1.37e-14  5.49e-15    56    23     0
2362.44  1.78e-14  7.14e-15    56    30     0
2365.11  4.43e-15  4.32e-15    56     7     0
2367.77  2.06e-14  5.15e-15    56    35     0
2370.43  4.10e-17  4.38e-15    56     0     0
2373.09  9.42e-15  4.79e-15    56    16     0
2375.76  2.64e-14  5.00e-15    56    49     0
2378.42  2.46e-14  4.90e-15    56    46     0
2381.08  3.31e-14  6.79e-15    56    61     0
2383.75  2.61e-14  4.92e-15    56    48     0
2386.41  2.81e-14  5.93e-15    56    52     0
2389.07  2.79e-14  4.92e-15    56    53     0
2391.73  1.24e-14  4.83e-15    56    24     0
2394.40  3.24e-14  4.80e-15    57    63     0
2397.06  2.99e-14  4.81e-15    57    58     0
2399.72  2.14e-14  4.30e-15    57    42     0
2402.39  2.91e-14  4.63e-15    57    58     0
2405.05  2.16e-14  5.14e-15    57    43     0
2407.71  2.11e-14  4.14e-15    57    42     0
2410.37  1.91e-14  3.94e-15    57    40     0
2413.04  1.60e-14  3.60e-15    57    34     0
2415.70  6.81e-15  3.11e-15    57    14     0
2418.36  7.41e-15  3.12e-15    57    16     0
2421.03  6.25e-15  3.12e-15    57    13     0
2423.69  5.81e-15  3.00e-15    57    12     0
2426.35  6.11e-15  2.90e-15    57    13     0
2429.01  1.10e-14  3.10e-15    57    24     0
2431.68  3.29e-15  2.79e-15    57     7     0
2434.34  1.07e-14  3.14e-15    57    23     0
2437.00  1.03e-14  3.05e-15    57    23     0
2439.67  8.26e-15  2.93e-15    57    18     0
2442.33  3.33e-15  2.58e-15    57     7     0
2444.99  3.42e-15  2.58e-15    57     7     0
2447.65  9.03e-15  2.80e-15    58    20     0
2450.32  1.03e-14  2.82e-15    58    24     0
2452.98  5.28e-15  2.58e-15    58    12     0
2455.64 -2.83e-15  2.34e-15    58    -6     0
2458.30  8.76e-15  2.53e-15    58    21     0
2460.97  4.72e-15  3.40e-15    58    11     0
2463.63  1.00e-14  2.59e-15    58    25     0
2466.29  1.18e-14  2.70e-15    58    29     0
2468.96  9.43e-15  2.53e-15    58    24     0
2471.62  1.01e-14  2.46e-15    58    26     0
2474.28  1.63e-14  2.81e-15    58    43     0
2476.94  1.81e-14  2.86e-15    58    48     0
2479.61  1.90e-14  2.85e-15    58    51     0
2482.27  1.30e-14  2.57e-15    58    35     0
2484.93  1.76e-14  2.79e-15    58    48     0
2487.60  1.39e-14  2.57e-15    58    37     0
2490.26  1.23e-14  3.28e-15    58    34     0
2492.92  1.61e-14  2.69e-15    58    44     0
2495.58  1.33e-14  2.51e-15    58    36     0
2498.25  1.13e-14  2.40e-15    58    30     0
2500.91  1.18e-14  3.21e-15    59    32     0
2503.57  1.36e-14  2.47e-15    59    37     0
2506.24  1.56e-14  2.60e-15    59    43     0
2508.90  1.34e-14  2.46e-15    59    36     0
2511.56  1.42e-14  2.37e-15    59    41     0
2514.22  1.54e-14  2.47e-15    59    44     0
2516.89  1.06e-14  2.27e-15    59    29     0
2519.55  7.28e-15  2.13e-15    59    20     0
2522.21  6.95e-15  2.14e-15    59    20     0
2524.87  1.15e-14  2.22e-15    59    33     0
2527.54  1.28e-14  2.32e-15    59    37     0
2530.20  1.13e-14  2.20e-15    59    33     0
2532.86  6.36e-15  1.91e-15    59    18     0
2535.53  1.61e-14  2.40e-15    59    48     0
2538.19  1.44e-14  2.28e-15    59    43     0
2540.85  1.66e-14  2.38e-15    59    51     0
2543.51  1.75e-14  2.36e-15    59    54     0
2546.18  7.53e-15  1.88e-15    59    23     0
2548.84  1.47e-14  2.22e-15    59    47     0
2551.50  1.17e-14  2.06e-15    59    37     0
2554.17  7.18e-15  1.82e-15    59    23     0
2556.83  7.35e-15  1.72e-15    59    24     0
2559.49  9.97e-15  1.82e-15    59    33     0
2562.15  1.39e-14  2.08e-15    59    46     0
2564.82  1.47e-14  2.11e-15    59    49     0
2567.48  1.08e-14  1.95e-15    60    36     0
2570.14  9.94e-15  1.85e-15    60    33     0
2572.80  9.65e-15  1.83e-15    60    32     0
2575.47  1.29e-14  2.01e-15    60    43     0
2578.13  1.62e-14  2.16e-15    60    54     0
2580.79  1.53e-14  2.30e-15    60    50     0
2583.46  2.08e-14  2.38e-15    60    69     0
2586.12  2.37e-14  2.46e-15    60    80     0
2588.78  2.57e-14  2.58e-15    60    88     0
2591.44  1.81e-14  2.20e-15    60    61     0
2594.11  2.05e-14  2.30e-15    60    70     0
2596.77  3.92e-14  3.54e-15    60   139     0
2599.43  4.90e-14  3.42e-15    60   175     0
2602.10  3.46e-14  2.86e-15    60   124     0
2604.76  2.93e-14  2.60e-15    60   106     0
2607.42  3.58e-14  2.74e-15    60   131     0
2610.08  4.17e-14  3.12e-15    60   149     0
2612.75  4.43e-14  3.23e-15    60   159     0
2615.41  4.10e-14  3.02e-15    60   153     0
2618.07  4.16e-14  3.13e-15    60   155     0
2620.74  3.99e-14  2.94e-15    60   150     0
2623.40  5.12e-14  3.33e-15    60   194     0
2626.06  5.40e-14  3.37e-15    60   202     0
2628.72  5.34e-14  3.43e-15    60   200     0
2631.39  3.91e-14  2.88e-15    60   150     0
2634.05  2.75e-14  2.37e-15    60   106     0
2636.71  8.88e-15  1.61e-15    60    33     0
2639.37  8.61e-15  1.60e-15    60    32     0
2642.04  7.20e-15  1.54e-15    60    27     0
2644.70  5.89e-15  1.47e-15    60    22     0
2647.36  5.41e-15  1.49e-15    60    21     0
2650.03  4.26e-15  1.40e-15    60    16     0
2652.69  7.02e-15  1.79e-15    60    27     0
2655.35  9.58e-15  1.64e-15    60    37     0
2658.01  8.84e-15  1.62e-15    60    34     0
2660.68  1.25e-14  1.75e-15    60    49     0
2663.34  9.91e-15  1.63e-15    60    39     0
2666.00  1.01e-14  1.63e-15    60    39     0
2668.67  1.19e-14  1.74e-15    60    47     0
2671.33  1.10e-14  1.68e-15    60    44     0
2673.99  1.21e-14  1.72e-15    60    48     0
2676.65  1.05e-14  1.59e-15    60    42     0
2679.32  9.80e-15  1.58e-15    60    39     0
2681.98  8.85e-15  1.55e-15    60    36     0
2684.64  6.99e-15  1.47e-15    60    28     0
2687.31  8.17e-15  1.56e-15    60    33     0
2689.97  8.30e-15  1.53e-15    60    34     0
2692.63  1.14e-14  1.65e-15    60    47     0
2695.29  8.94e-15  1.54e-15    60    36     0
2697.96  8.92e-15  1.58e-15    59    36     0
2700.62  8.46e-15  1.55e-15    59    34     0
2703.28  1.04e-14  1.63e-15    59    42     0
2705.94  1.08e-14  1.65e-15    59    44     0
2708.61  1.07e-14  1.66e-15    59    43     0
2711.27  1.36e-14  1.81e-15    59    54     0
2713.93  1.97e-14  2.03e-15    59    78     0
2716.60  1.24e-14  1.71e-15    59    50     0
2719.26  1.09e-14  1.67e-15    59    44     0
2721.92  1.72e-14  1.98e-15    59    68     0
2724.58  2.13e-14  2.13e-15    59    84     0
2727.25  2.15e-14  2.07e-15    59    89     0
2729.91  2.11e-14  2.28e-15    59    88     0
2732.57  2.97e-14  2.35e-15    59   123     0
2735.24  2.41e-14  2.17e-15    59    99     0
2737.90  2.61e-14  2.58e-15    59   107     0
2740.56  2.40e-14  2.69e-15    59    99     0
2743.22  3.08e-14  2.41e-15    59   127     0
2745.89  3.34e-14  2.51e-15    59   139     0
2748.55  3.68e-14  2.57e-15    59   153     0
2751.21  3.11e-14  2.44e-15    59   129     0
2753.88  2.86e-14  2.35e-15    58   119     0
2756.54  2.88e-14  2.41e-15    58   119     0
2759.20  2.59e-14  2.25e-15    58   107     0
2761.86  1.75e-14  1.94e-15    58    72     0
2764.53  1.68e-14  1.91e-15    58    69     0
2767.19  1.33e-14  1.74e-15    58    56     0
2769.85  1.43e-14  1.75e-15    58    60     0
2772.51  1.55e-14  1.88e-15    58    64     0
2775.18  1.05e-14  1.68e-15    58    44     0
2777.84  8.71e-15  1.60e-15    58    36     0
2780.50  1.18e-14  1.72e-15    58    49     0
2783.17  1.65e-14  1.91e-15    58    68     0
2785.83  2.15e-14  2.14e-15    58    87     0
2788.49  3.58e-14  2.61e-15    57   145     0
2791.15  9.50e-14  4.70e-15    57   391     0
2793.82  2.08e-13  1.64e-14    57   849     0
2796.48  2.41e-13  1.78e-14    57   976     0
2799.14  2.43e-13  1.61e-14    57   986     0
2801.81  2.05e-13  1.28e-14    57   835     0
2804.47  1.66e-13  1.23e-14    57   681     0
2807.13  9.28e-14  6.87e-15    57   362     0
2809.79  2.92e-14  2.43e-15    57   114     0
2812.46  1.53e-14  1.94e-15    57    62     0
2815.12  1.30e-14  1.86e-15    57    53     0
2817.78  1.14e-14  1.79e-15    57    46     0
2820.45  9.60e-15  1.75e-15    56    38     0
2823.11  1.10e-14  1.80e-15    56    44     0
2825.77  1.32e-14  1.89e-15    56    53     0
2828.43  1.30e-14  1.88e-15    56    52     0
2831.10  1.50e-14  1.95e-15    56    61     0
2833.76  1.82e-14  2.06e-15    56    74     0
2836.42  1.88e-14  2.09e-15    56    76     0
2839.08  1.44e-14  1.93e-15    56    58     0
2841.75  1.47e-14  2.70e-15    56    59     0
2844.41  1.52e-14  1.97e-15    55    60     0
2847.07  1.36e-14  1.91e-15    55    54     0
2849.74  1.66e-14  2.03e-15    55    67     0
2852.40  2.50e-14  2.34e-15    55    99     0
2855.06  2.17e-14  2.20e-15    55    87     0
2857.72  1.72e-14  2.06e-15    55    69     0
2860.39  1.77e-14  2.12e-15    55    69     0
2863.05  1.85e-14  2.16e-15    55    72     0
2865.71  1.65e-14  2.06e-15    55    64     0
2868.38  2.06e-14  2.23e-15    54    80     0
2871.04  1.68e-14  2.09e-15    54    66     0
2873.70  1.51e-14  2.04e-15    54    59     0
2876.36  1.85e-14  2.18e-15    54    71     0
2879.03  2.16e-14  2.27e-15    54    82     0
2881.69  2.04e-14  2.24e-15    54    78     0
2884.35  1.75e-14  2.18e-15    54    66     0
2887.02  1.51e-14  2.08e-15    54    58     0
2889.68  1.67e-14  2.15e-15    54    63     0
2892.34  1.42e-14  2.07e-15    53    54     0
2895.00  1.46e-14  2.08e-15    53    56     0
2897.67  2.05e-14  2.28e-15    53    78     0
2900.33  1.84e-14  2.23e-15    53    69     0
2902.99  1.36e-14  2.06e-15    53    51     0
2905.65  1.18e-14  2.04e-15    53    44     0
2908.32  1.76e-14  2.23e-15    53    65     0
2910.98  1.88e-14  2.26e-15    52    70     0
2913.64  1.54e-14  2.17e-15    52    57     0
2916.31  1.35e-14  2.11e-15    52    50     0
2918.97  2.10e-14  2.37e-15    52    78     0
2921.63  2.25e-14  2.47e-15    52    80     0
2924.29  2.37e-14  2.53e-15    52    84     0
2926.96  2.62e-14  2.60e-15    52    93     0
2929.62  2.34e-14  2.52e-15    52    82     0
2932.28  2.58e-14  2.62e-15    51    90     0
2934.95  2.72e-14  2.66e-15    51    94     0
2937.61  2.25e-14  2.53e-15    51    78     0
2940.27  2.45e-14  2.61e-15    51    84     0
2942.93  2.47e-14  2.65e-15    51    84     0
2945.60  2.54e-14  2.72e-15    51    84     0
2948.26  2.12e-14  2.57e-15    51    70     0
2950.92  2.76e-14  2.77e-15    50    92     0
2953.59  2.78e-14  2.79e-15    50    92     0
2956.25  2.47e-14  2.70e-15    50    82     0
2958.91  2.34e-14  2.67e-15    50    77     0
2961.57  2.53e-14  2.76e-15    50    81     0
2964.24  2.85e-14  2.89e-15    50    90     0
2966.90  2.41e-14  2.77e-15    50    76     0
2969.56  2.48e-14  2.82e-15    49    77     0
2972.22  2.33e-14  2.78e-15    49    72     0
2974.89  2.52e-14  2.88e-15    49    77     0
2977.55  2.97e-14  3.09e-15    49    88     0
2980.21  3.02e-14  3.08e-15    49    90     0
2982.88  2.20e-14  2.86e-15    49    65     0
2985.54  2.38e-14  2.94e-15    49    69     0
2988.20  2.64e-14  3.04e-15    48    76     0
2990.86  1.74e-14  2.79e-15    48    49     0
2993.53  1.68e-14  2.79e-15    48    47     0
2996.19  2.03e-14  2.98e-15    48    55     0
2998.85  2.41e-14  3.11e-15    48    65     0
3001.52  1.60e-14  2.80e-15    48    44     0
3004.18  1.80e-14  2.89e-15    47    49     0
3006.84  1.89e-14  2.96e-15    47    51     0
3009.50  2.09e-14  3.06e-15    47    55     0
3012.17  2.05e-14  3.10e-15    47    53     0
3014.83  1.73e-14  3.02e-15    47    44     0
3017.49  2.09e-14  3.16e-15    47    53     0
3020.16  2.41e-14  3.31e-15    47    59     0
3022.82  2.07e-14  3.24e-15    46    50     0
3025.48  1.97e-14  3.25e-15    46    47     0
3028.14  2.12e-14  3.33e-15    46    50     0
3030.81  2.01e-14  3.30e-15    46    47     0
3033.47  2.52e-14  3.50e-15    46    58     0
3036.13  2.55e-14  3.56e-15    46    58     0
3038.79  2.10e-14  3.44e-15    45    47     0
3041.46  2.19e-14  3.52e-15    45    48     0
3044.12  1.93e-14  3.48e-15    45    42     0
3046.78  1.90e-14  3.50e-15    45    40     0
3049.45  2.53e-14  3.73e-15    45    53     0
3052.11  2.33e-14  4.30e-15    45    48     0
3054.77  1.49e-14  4.06e-15    45    30     0
3057.43  1.80e-14  5.37e-15    44    35     0
3060.10  1.72e-14  5.32e-15    44    33     0
3062.76  2.30e-14  5.58e-15    44    43     0
3065.42  2.43e-14  4.06e-15    44    45     0
3068.09  2.38e-14  4.10e-15    44    43     0
3070.75  1.89e-14  3.93e-15    44    34     0
3073.41  2.16e-14  4.07e-15    43    38     0
3076.07  2.57e-14  4.30e-15    43    44     0
3078.74  2.52e-14  4.33e-15    43    43     0
3081.40  2.65e-14  4.37e-15    43    45     0
3084.06  2.50e-14  4.38e-15    43    41     0
3086.73  2.34e-14  4.43e-15    43    38     0
3089.39  2.66e-14  4.55e-15    42    42     0
3092.05  2.90e-14  4.67e-15    42    45     0
3094.71  2.10e-14  4.49e-15    42    32     0
3097.38  2.17e-14  4.63e-15    42    32     0
3100.04  3.10e-14  4.93e-15    42    45     0
3102.70  3.27e-14  5.02e-15    42    47     0
3105.36  3.50e-14  5.17e-15    42    49     0
3108.03  4.79e-14  5.58e-15    41    67     0
3110.69  4.67e-14  5.53e-15    41    65     0
3113.35  3.39e-14  5.20e-15    41    46     0
3116.02  2.50e-14  5.07e-15    41    33     0
3118.68  2.45e-14  5.12e-15    41    31     0
3121.34  3.60e-14  5.47e-15    41    46     0
3124.00  3.43e-14  5.47e-15    40    43     0
3126.67  4.02e-14  5.66e-15    40    49     0
3129.33  3.90e-14  5.71e-15    40    47     0
3131.99  4.07e-14  5.78e-15    40    48     0
3134.66  3.52e-14  5.66e-15    40    41     0
3137.32  3.53e-14  5.76e-15    40    40     0
3139.98  4.32e-14  6.03e-15    39    48     0
3142.64  4.89e-14  6.35e-15    39    53     0
3145.31  4.40e-14  6.26e-15    39    46     0
3147.97  4.35e-14  6.32e-15    39    45     0
3150.63  4.29e-14  6.20e-15    39    45     0
3153.30  3.59e-14  6.09e-15    39    36     0
3155.96  2.44e-14  5.78e-15    38    24     0
3158.62  2.18e-14  5.74e-15    38    21     0
3161.28  3.82e-14  6.35e-15    38    36     0
3163.95  4.45e-14  6.58e-15    38    41     0
3166.61  3.95e-14  6.53e-15    38    35     0
3169.27  4.95e-14  6.88e-15    38    44     0
3171.93  5.29e-14  7.13e-15    37    45     0
3174.60  6.17e-14  7.41e-15    37    51     0
3177.26  3.95e-14  6.67e-15    37    33     0
3179.92  3.90e-14  6.68e-15    37    32     0
3182.59  5.58e-14  7.19e-15    37    45     0
3185.25  5.33e-14  7.12e-15    37    42     0
3187.91  4.49e-14  6.94e-15    36    35     0
3190.57  4.93e-14  7.22e-15    36    36     0
3193.24  5.08e-14  7.33e-15    36    37     0
3195.90  5.47e-14  7.35e-15    36    39     0
3198.56  5.73e-14  7.42e-15    36    40     0
3201.23  5.21e-14  7.30e-15    36    36     0
3203.89  6.12e-14  7.56e-15    35    41     0
3206.55  5.56e-14  7.97e-15    35    33     0
3209.21  5.83e-14  8.10e-15    35    34     0
3211.88  5.06e-14  7.56e-15    35    31     0
3214.54  4.26e-14  7.42e-15    35    25     0
3217.20  4.07e-14  7.57e-15    34    22     0
3219.87  4.00e-14  7.56e-15    34    21     0
3222.53  3.86e-14  7.30e-15    34    21     0
3225.19  3.75e-14  7.24e-15    34    20     0
3227.85  4.98e-14  7.60e-15    34    26     0
3230.52  6.05e-14  7.79e-15    34    31     0
3233.18  5.78e-14  7.72e-15    33    29     0
3235.84  4.53e-14  7.60e-15    33    21     0
3238.50  3.27e-14  7.41e-15    33    15     0
3241.17  4.30e-14  8.02e-15    33    19     0
3243.83  5.20e-14  7.89e-15    33    23     0
3246.49  5.18e-14  9.90e-15    32    23     0
3249.16  4.91e-14  8.08e-15    32    21     0
3251.82  4.01e-14  8.06e-15    32    17     0
3254.48  5.64e-14  8.28e-15    32    23     0
3257.14  8.30e-14  9.53e-15    32    33     0
3259.81  1.10e-13  1.15e-14    31    43     0
3262.47  8.46e-14  1.04e-14    31    33     0
3265.13  6.07e-14  1.07e-14    31    23     0
3267.80  6.89e-14  9.66e-15    31    26     0
3270.46  4.62e-14  9.62e-15    31    16     0
3273.12  4.62e-14  9.86e-15    30    16     0
3275.78  7.39e-14  1.38e-14    30    24     0
3278.45  7.67e-14  1.09e-14    30    24     0
3281.11  4.98e-14  1.07e-14    30    16     0
3283.77  7.58e-14  1.10e-14    29    24     0
3286.44  6.48e-14  1.16e-14    29    19     0
3289.10  4.57e-14  1.19e-14    29    13     0
3291.76  5.56e-14  1.26e-14    29    15     0
3294.42  9.06e-14  1.30e-14    29    24     0
3297.09  7.94e-14  1.27e-14    28    22     0
3299.75  9.47e-14  1.31e-14    28    25     0
3302.41  1.04e-13  1.34e-14    28    27     0
3305.07  1.00e-13  1.40e-14    28    25     0
3307.74  8.52e-14  1.45e-14    27    21     0
3310.40  4.48e-14  1.48e-14    27    10     0
3313.06  5.72e-14  1.53e-14    27    13     0
3315.73  8.12e-14  1.74e-14    27    16     0
3318.39  8.14e-14  1.81e-14    26    16     0
3321.05  9.07e-14  1.98e-14    26    16     0
3323.71  1.13e-13  2.06e-14    26    19     0
3326.38  9.41e-14  2.07e-14    25    16     0
3329.04  1.32e-13  2.15e-14    25    22     0
3331.70  1.28e-13  2.32e-14    25    21     0
3334.37  1.31e-13  2.28e-14    25    20     0
3337.03  1.09e-13  2.15e-14    24    18     0
3339.69  1.13e-13  2.23e-14    24    18     0
3342.35  4.62e-14  2.50e-14    24     6     0
3345.02  2.92e-14  2.70e-14    23     4     0
3347.68  6.71e-14  2.75e-14    23     9     0
