NOT ORIGINAL IUE PROJECT DATA PRODUCT
LWP21155LOWLARGE
HD  197481
20:42:04
-31:31:05
48
NO-TRAIL
ALONG-APER
1199.595
04/09/91
15:12:59
247
4.50
04/11/96
VILSPA
2448504.13402
57
30
1851.19  4.52e-13  9.09e-13   223    41     0
1853.85 -3.61e-13  8.45e-13   222   -35     0
1856.51 -1.20e-12  1.12e-12   221   -88     0
1859.17  4.92e-14  1.04e-12   220     3     0
1861.84 -2.66e-14  6.53e-13   219    -3     0
1864.50 -1.25e-13  5.97e-13   218   -17     0
1867.16 -5.46e-14  4.61e-13   217    -9     0
1869.83  9.62e-14  4.30e-13   215    17     0
1872.49  1.93e-13  3.86e-13   214    39     0
1875.15 -4.12e-13  3.35e-13   213   -96     0
1877.81  2.20e-15  3.15e-13   212     0     0
1880.48 -3.15e-13  3.26e-13   211   -74     0
1883.14 -2.01e-13  3.08e-13   210   -49     0
1885.80  2.85e-13  2.82e-13   209    77     0
1888.47  1.78e-13  2.66e-13   208    50     0
1891.13 -8.99e-14  2.55e-13   207   -26     0
1893.79  2.16e-13  2.46e-13   206    65     0
1896.45 -1.51e-13  2.23e-13   205   -49     0
1899.12  1.26e-13  2.15e-13   204    42     0
1901.78 -3.83e-14  2.22e-13   203   -12     0
1904.44  2.83e-13  2.17e-13   202    95     0
1907.11 -2.41e-13  2.03e-13   200   -84     0
1909.77  1.96e-14  2.01e-13   199     7     0
1912.43  4.54e-14  1.93e-13   198    17     0
1915.09  5.30e-15  1.90e-13   197     2     0
1917.76 -7.92e-14  1.87e-13   196   -32 -4096
1920.42  6.15e-14  1.56e-13   195    28     0
1923.08 -1.04e-13  1.44e-13   194   -49     0
1925.74  1.71e-14  1.58e-13   193     7     0
1928.41  2.06e-14  1.52e-13   193     9     0
1931.07 -7.10e-16  1.40e-13   192     0     0
1933.73 -6.59e-14  1.35e-13   191   -32     0
1936.40  1.58e-13  1.35e-13   190    77     0
1939.06  9.64e-14  1.29e-13   189    48     0
1941.72  1.07e-13  1.22e-13   188    56     0
1944.38 -1.35e-13  1.17e-13   187   -72     0
1947.05 -2.43e-14  1.11e-13   186   -13     0
1949.71 -5.42e-14  1.07e-13   185   -31     0
1952.37  5.12e-15  1.10e-13   184     2     0
1955.04  9.29e-14  1.07e-13   183    54     0
1957.70  7.24e-14  1.02e-13   182    43     0
1960.36  6.27e-14  9.85e-14   181    38     0
1963.02  7.99e-15  9.49e-14   181     5     0
1965.69 -3.22e-14  8.83e-14   180   -21     0
1968.35 -4.56e-14  8.54e-14   179   -31     0
1971.01  1.04e-13  8.84e-14   178    69     0
1973.68 -8.45e-14  8.42e-14   177   -57     0
1976.34  1.45e-14  7.56e-14   176    10     0
1979.00 -2.73e-14  7.32e-14   175   -21     0
1981.66 -2.20e-14  7.45e-14   175   -16     0
1984.33  2.64e-14  7.24e-14   174    20     0
1986.99  3.09e-14  6.88e-14   173    24     0
1989.65 -3.80e-14  6.66e-14   172   -31     0
1992.31 -7.69e-14  6.67e-14   171   -62     0
1994.98  5.51e-14  6.57e-14   171    45     0
1997.64 -3.52e-14  6.24e-14   170   -30     0
2000.30 -7.04e-14  6.22e-14   169   -59     0
2002.97 -8.99e-15  6.09e-14   168    -7     0
2005.63  6.67e-14  5.96e-14   167    58     0
2008.29  5.54e-15  5.78e-14   167     4     0
2010.95  1.94e-14  6.05e-14   166    16     0
2013.62 -5.36e-14  5.94e-14   165   -45     0
2016.28  6.88e-14  5.70e-14   164    65     0
2018.94 -2.37e-14  5.22e-14   164   -22     0
2021.61 -9.54e-15  5.51e-14   163    -8     0
2024.27  8.14e-14  5.58e-14   162    72     0
2026.93 -1.42e-14  5.23e-14   162   -13     0
2029.59  6.49e-14  5.27e-14   161    60     0
2032.26  2.81e-14  5.20e-14   160    25     0
2034.92 -2.41e-14  5.12e-14   160   -22     0
2037.58  1.50e-15  5.04e-14   159     1     0
2040.25 -2.40e-14  5.08e-14   158   -21     0
2042.91  5.71e-14  5.08e-14   158    52     0
2045.57  6.79e-15  5.11e-14   157     6     0
2048.23 -3.26e-14  5.05e-14   156   -29     0
2050.90  5.60e-14  4.94e-14   156    51     0
2053.56 -1.41e-14  4.81e-14   155   -12     0
2056.22 -4.87e-14  4.73e-14   154   -45     0
2058.88 -8.97e-15  4.65e-14   154    -8     0
2061.55  1.77e-14  4.67e-14   153    16     0
2064.21 -2.62e-14  4.49e-14   153   -24     0
2066.87  1.99e-14  4.46e-14   152    18     0
2069.54  9.70e-15  4.36e-14   151     9     0
2072.20  4.14e-14  4.27e-14   151    40     0
2074.86 -2.90e-14  4.17e-14   150   -28     0
2077.52  2.78e-14  4.12e-14   150    27     0
2080.19  3.90e-14  4.59e-14   149    38     0
2082.85 -4.91e-14  4.02e-14   148   -48     0
2085.51  6.31e-14  4.09e-14   148    62     0
2088.18  1.98e-14  3.97e-14   147    19     0
2090.84 -3.14e-14  3.83e-14   147   -31     0
2093.50  4.72e-14  3.86e-14   146    47     0
2096.16 -3.60e-14  3.84e-14   146   -35     0
2098.83  3.64e-14  3.85e-14   145    36     0
2101.49  1.32e-14  3.79e-14   145    12     0
2104.15  9.04e-15  3.76e-14   144     8     0
2106.82  1.13e-14  3.77e-14   144    11     0
2109.48 -9.59e-15  3.75e-14   143    -9     0
2112.14  2.90e-14  3.71e-14   143    28     0
2114.80  1.78e-14  3.69e-14   142    17     0
2117.47 -7.83e-14  3.74e-14   142   -75     0
2120.13 -4.29e-14  3.64e-14   141   -42     0
2122.79 -4.94e-14  3.60e-14   141   -48     0
2125.45  4.80e-14  3.75e-14   140    47     0
2128.12 -3.58e-14  3.42e-14   140   -35     0
2130.78  3.13e-14  5.06e-14   140    30     0
2133.44  1.46e-14  3.37e-14   139    14     0
2136.11 -1.67e-15  3.34e-14   139    -1     0
2138.77 -1.03e-14  3.30e-14   138   -10     0
2141.43 -2.12e-14  3.21e-14   138   -21     0
2144.09  2.22e-14  3.23e-14   137    22     0
2146.76  1.46e-14  3.14e-14   137    14     0
2149.42 -2.14e-14  3.62e-14   137   -21     0
2152.08 -1.37e-14  3.15e-14   136   -13     0
2154.75 -1.38e-14  3.12e-14   136   -13     0
2157.41 -9.90e-15  3.01e-14   135   -10     0
2160.07  1.57e-15  3.03e-14   135     1     0
2162.73 -9.53e-15  3.00e-14   135    -9     0
2165.40 -1.19e-15  2.98e-14   134    -1     0
2168.06 -8.06e-15  2.90e-14   134    -8     0
2170.72  2.68e-14  2.89e-14   134    27     0
2173.39  5.04e-14  2.91e-14   133    51     0
2176.05 -2.69e-14  2.87e-14   133   -26     0
2178.71 -3.27e-14  2.84e-14   132   -32     0
2181.37  1.73e-14  2.88e-14   132    16     0
2184.04  4.40e-14  2.92e-14   132    42     0
2186.70 -3.50e-14  3.18e-14   131   -35     0
2189.36 -1.10e-14  2.74e-14   131   -11     0
2192.02  4.31e-14  3.19e-14   131    42     0
2194.69 -3.41e-15  2.79e-14   130    -3     0
2197.35  7.41e-14  4.02e-14   130    73     0
2200.01  2.66e-14  2.68e-14   130    26     0
2202.68 -2.46e-14  2.86e-14   130   -24     0
2205.34  2.12e-14  3.30e-14   129    21     0
2208.00 -1.38e-14  2.54e-14   129   -13     0
2210.66  2.42e-14  2.60e-14   129    23     0
2213.33  2.29e-14  2.57e-14   128    22     0
2215.99 -4.17e-14  2.41e-14   128   -42     0
2218.65  6.15e-14  2.50e-14   128    63     0
2221.32 -1.01e-14  2.38e-14   128   -10     0
2223.98 -3.23e-14  2.48e-14   127   -33     0
2226.64  7.46e-15  2.99e-14   127     7     0
2229.30  4.42e-16  2.54e-14   127     0     0
2231.97  4.20e-14  4.22e-14   126    45     0
2234.63 -8.83e-15  2.24e-14   126    -9     0
2237.29 -3.60e-15  2.24e-14   126    -3     0
2239.96  4.20e-14  4.60e-14   126    43     0
2242.62 -1.04e-14  3.04e-14   125   -10     0
2245.28 -5.81e-14  2.16e-14   125   -59     0
2247.94 -5.61e-15  2.13e-14   125    -5     0
2250.61 -2.64e-14  2.01e-14   125   -28     0
2253.27 -1.18e-14  1.97e-14   124   -12     0
2255.93 -7.05e-15  2.33e-14   124    -7     0
2258.59  1.36e-16  1.92e-14   124     0     0
2261.26 -5.47e-16  2.91e-14   124     0     0
2263.92 -2.34e-14  1.90e-14   124   -25     0
2266.58  3.89e-14  1.88e-14   123    44     0
2269.25  2.82e-14  3.15e-14   123    32     0
2271.91  2.60e-15  1.92e-14   123     2     0
2274.57  1.01e-14  2.04e-14   123    11     0
2277.23 -1.19e-14  1.91e-14   122   -14     0
2279.90 -1.26e-14  1.61e-14   122   -15     0
2282.56  4.90e-14  3.30e-14   122    59     0
2285.22  4.79e-14  2.79e-14   122    58     0
2287.89  3.36e-14  2.16e-14   122    41     0
2290.55  2.27e-16  2.68e-14   121     0     0
2293.21  4.15e-14  2.43e-14   121    51     0
2295.87  2.26e-16  3.40e-14   121     0     0
2298.54  3.02e-14  2.13e-14   121    39     0
2301.20  1.18e-14  2.04e-14   121    15     0
2303.86 -1.09e-14  1.47e-14   120   -14     0
2306.53  2.08e-14  2.06e-14   120    26     0
2309.19  2.87e-14  2.46e-14   120    37     0
2311.85  2.83e-14  2.46e-14   120    38     0
2314.51  1.25e-14  1.27e-14   120    17     0
2317.18 -1.02e-14  2.51e-14   120   -13     0
2319.84  3.37e-14  2.02e-14   119    46     0
2322.50 -8.04e-15  1.82e-14   119   -11     0
2325.16  3.58e-17  2.39e-14   119     0     0
2327.83  4.61e-14  2.20e-14   119    68     0
2330.49 -1.62e-14  1.35e-14   119   -24     0
2333.15 -1.33e-15  1.99e-14   119    -2     0
2335.82  8.35e-15  1.42e-14   118    13     0
2338.48 -1.16e-14  2.17e-14   118   -18     0
2341.14  2.80e-14  1.73e-14   118    44     0
2343.80  8.63e-15  1.34e-14   118    13     0
2346.47  1.49e-14  1.65e-14   118    24     0
2349.13  1.63e-14  2.03e-14   118    26     0
2351.79  1.55e-14  1.50e-14   117    25     0
2354.46  6.22e-15  1.58e-14   117    10     0
2357.12  6.49e-15  1.62e-14   117    11     0
2359.78  1.03e-14  1.73e-14   117    17     0
2362.44  2.78e-14  1.90e-14   117    47     0
2365.11  2.23e-14  2.78e-14   117    38     0
2367.77  6.81e-15  1.93e-14   117    11     0
2370.43  1.49e-14  1.22e-14   116    26     0
2373.09  3.88e-14  1.83e-14   116    69     0
2375.76  4.47e-14  1.67e-14   116    84     0
2378.42  4.31e-16  1.47e-14   116     0     0
2381.08  7.96e-15  1.39e-14   116    14     0
2383.75  1.93e-14  1.29e-14   116    36     0
2386.41  2.22e-14  1.45e-14   116    42     0
2389.07  2.92e-14  1.42e-14   115    56     0
2391.73  1.01e-14  1.14e-14   115    19     0
2394.40  3.55e-14  1.51e-14   115    70     0
2397.06  9.54e-15  8.61e-15   115    18     0
2399.72  1.33e-14  9.84e-15   115    26     0
2402.39  2.15e-14  1.38e-14   115    43     0
2405.05  1.69e-15  1.37e-14   115     3     0
2407.71  1.29e-14  1.39e-14   114    26     0
2410.37  1.01e-14  1.30e-14   114    21     0
2413.04  1.11e-14  1.46e-14   114    23     0
2415.70  2.77e-15  1.05e-14   114     6     0
2418.36 -7.55e-16  1.39e-14   114    -1     0
2421.03  5.42e-16  1.49e-14   114     1     0
2423.69  1.20e-14  1.13e-14   114    26     0
2426.35  2.47e-14  9.62e-15   113    55     0
2429.01  1.68e-14  1.20e-14   113    38     0
2431.68 -1.45e-14  9.05e-15   113   -32     0
2434.34  2.20e-14  1.01e-14   113    49     0
2437.00  1.30e-14  1.04e-14   113    29     0
2439.67  9.08e-15  1.40e-14   113    20     0
2442.33  1.06e-14  6.74e-15   113    24     0
2444.99  1.58e-14  1.29e-14   112    37     0
2447.65  1.21e-14  9.62e-15   112    28     0
2450.32  2.72e-15  1.13e-14   112     6     0
2452.98  1.04e-15  1.26e-14   112     2     0
2455.64  1.42e-14  6.73e-15   112    35     0
2458.30  1.67e-14  6.21e-15   112    41     0
2460.97 -1.09e-14  7.81e-15   112   -27     0
2463.63  1.62e-14  1.32e-14   112    41     0
2466.29  6.76e-15  9.31e-15   111    17     0
2468.96  8.78e-15  9.56e-15   111    22     0
2471.62  7.49e-15  7.28e-15   111    19     0
2474.28  1.86e-14  7.61e-15   111    49     0
2476.94  1.42e-14  7.71e-15   111    38     0
2479.61  1.86e-14  6.27e-15   111    50     0
2482.27  1.56e-14  6.56e-15   111    42     0
2484.93  1.48e-14  8.08e-15   110    40     0
2487.60  1.45e-15  6.23e-15   110     3     0
2490.26  1.79e-14  9.57e-15   110    49     0
2492.92  2.28e-14  1.23e-14   110    63     0
2495.58  2.20e-14  7.70e-15   110    60     0
2498.25 -4.05e-15  9.94e-15   110   -11     0
2500.91  9.98e-15  9.18e-15   110    27     0
2503.57  2.81e-14  9.69e-15   109    78     0
2506.24  2.13e-14  1.04e-14   109    59     0
2508.90 -2.80e-15  9.13e-15   109    -7     0
2511.56  1.02e-14  7.92e-15   109    29     0
2514.22  2.20e-14  5.01e-15   109    64     0
2516.89  1.08e-14  1.09e-14   109    30     0
2519.55  6.62e-16  7.73e-15   108     1     0
2522.21  1.39e-14  8.83e-15   108    40     0
2524.87  4.55e-15  6.35e-15   108    13     0
2527.54  8.13e-15  5.53e-15   108    24     0
2530.20  3.35e-15  7.36e-15   108     9     0
2532.86  5.54e-15  6.04e-15   108    16     0
2535.53  7.15e-15  5.71e-15   108    21     0
2538.19  7.75e-15  7.39e-15   107    23     0
2540.85  1.22e-14  6.55e-15   107    37     0
2543.51  3.26e-16  4.83e-15   107     1     0
2546.18  2.12e-14  9.45e-15   107    67     0
2548.84  1.08e-14  9.75e-15   107    35     0
2551.50  1.31e-14  5.00e-15   107    41     0
2554.17  1.28e-14  6.48e-15   106    41     0
2556.83  3.67e-15  6.79e-15   106    12     0
2559.49  5.19e-15  4.76e-15   106    17     0
2562.15  9.18e-15  6.46e-15   106    30     0
2564.82  4.40e-15  5.73e-15   106    14     0
2567.48  7.45e-15  5.84e-15   106    25     0
2570.14 -1.23e-15  4.37e-15   105    -4     0
2572.80  6.16e-15  4.11e-15   105    21     0
2575.47  1.06e-14  5.78e-15   105    35     0
2578.13  1.32e-14  4.97e-15   105    44     0
2580.79  1.35e-14  6.41e-15   105    45     0
2583.46  2.13e-14  8.80e-15   105    71     0
2586.12  9.07e-15  7.71e-15   104    31     0
2588.78  1.72e-14  7.86e-15   104    59     0
2591.44  1.05e-14  7.04e-15   104    35     0
2594.11  2.50e-14  6.28e-15   104    86     0
2596.77  2.02e-14  1.26e-14   104    72     0
2599.43  2.71e-14  1.50e-14   104    97     0
2602.10  2.51e-14  8.79e-15   103    90     0
2604.76  1.78e-14  9.40e-15   103    65     0
2607.42  2.10e-14  8.05e-15   103    77     0
2610.08  2.80e-14  1.10e-14   103   101     0
2612.75  2.96e-14  1.10e-14   103   107     0
2615.41  2.39e-14  7.20e-15   102    89     0
2618.07  3.03e-14  9.66e-15   102   114     0
2620.74  3.68e-14  1.01e-14   102   140     0
2623.40  2.48e-14  1.25e-14   102    94     0
2626.06  5.02e-14  1.42e-14   102   189     0
2628.72  4.97e-14  1.48e-14   102   188     0
2631.39  3.31e-14  9.53e-15   101   128     0
2634.05  1.67e-14  7.55e-15   101    65     0
2636.71  1.74e-14  5.15e-15   101    66     0
2639.37  4.10e-15  4.90e-15   101    15     0
2642.04  1.01e-14  3.71e-15   101    38     0
2644.70  3.20e-15  4.00e-15   100    12     0
2647.36  1.68e-15  3.46e-15   100     6     0
2650.03  4.67e-15  4.33e-15   100    18     0
2652.69 -4.29e-16  4.19e-15   100    -1     0
2655.35  6.91e-15  3.98e-15   100    27     0
2658.01  8.02e-15  3.06e-15    99    31     0
2660.68  4.18e-15  3.36e-15    99    16     0
2663.34  1.16e-14  4.49e-15    99    46     0
2666.00  1.30e-14  4.89e-15    99    51     0
2668.67  5.62e-15  4.43e-15    99    22     0
2671.33  8.54e-15  5.40e-15    99    34     0
2673.99  1.27e-14  4.45e-15    98    51     0
2676.65  5.22e-15  4.03e-15    98    21     0
2679.32  2.61e-15  2.94e-15    98    10     0
2681.98  5.89e-15  3.89e-15    98    24     0
2684.64  6.75e-16  3.06e-15    98     2     0
2687.31  4.51e-15  3.52e-15    97    18     0
2689.97  4.94e-15  2.46e-15    97    20     0
2692.63  5.88e-15  2.60e-15    97    24     0
2695.29  4.76e-15  4.63e-15    97    19     0
2697.96  9.76e-15  4.66e-15    97    40     0
2700.62  1.41e-14  4.52e-15    96    58     0
2703.28  8.19e-15  4.08e-15    96    33     0
2705.94  7.16e-15  4.12e-15    96    29     0
2708.61  1.08e-14  4.42e-15    96    44     0
2711.27  1.47e-14  5.86e-15    96    59     0
2713.93  1.25e-14  5.65e-15    95    50     0
2716.60  1.43e-14  5.21e-15    95    58     0
2719.26  5.22e-15  4.27e-15    95    21     0
2721.92  1.19e-14  5.16e-15    95    47     0
2724.58  1.63e-14  4.44e-15    95    65     0
2727.25  1.09e-14  4.15e-15    94    45     0
2729.91  1.74e-14  5.71e-15    94    73     0
2732.57  1.88e-14  5.65e-15    94    78     0
2735.24  1.39e-14  6.85e-15    94    57     0
2737.90  2.31e-14  6.77e-15    94    96     0
2740.56  1.22e-14  5.18e-15    93    51     0
2743.22  1.62e-14  4.72e-15    93    67     0
2745.89  2.43e-14  6.67e-15    93   102     0
2748.55  2.63e-14  7.65e-15    93   110     0
2751.21  1.97e-14  6.01e-15    92    82     0
2753.88  2.34e-14  6.84e-15    92    98     0
2756.54  1.61e-14  5.28e-15    92    67     0
2759.20  1.95e-14  6.66e-15    92    81     0
2761.86  1.47e-14  5.58e-15    92    61     0
2764.53  1.45e-14  6.13e-15    91    60     0
2767.19  1.68e-14  6.25e-15    91    71     0
2769.85  1.86e-14  5.37e-15    91    78     0
2772.51  1.11e-14  2.88e-15    91    46     0
2775.18  1.31e-14  4.07e-15    91    55     0
2777.84  1.54e-14  5.29e-15    90    65     0
2780.50  1.70e-14  5.56e-15    90    72     0
2783.17  1.79e-14  5.47e-15    90    75     0
2785.83  1.57e-14  6.68e-15    90    64     0
2788.49  3.30e-14  9.84e-15    90   134     0
2791.15  5.97e-14  2.01e-14    89   247     0
2793.82  1.59e-13  4.84e-14    89   657     0
2796.48  2.29e-13  7.02e-14    89   934     0
2799.14  2.17e-13  6.97e-14    89   888     0
2801.81  1.84e-13  5.84e-14    89   757     0
2804.47  1.53e-13  4.76e-14    89   633     0
2807.13  9.06e-14  2.83e-14    88   357     0
2809.79  2.72e-14  9.16e-15    88   107     0
2812.46  1.85e-14  6.03e-15    88    75     0
2815.12  1.68e-14  4.74e-15    88    68     0
2817.78  1.34e-14  2.92e-15    88    55     0
2820.45  1.20e-14  4.22e-15    87    48     0
2823.11  8.08e-15  3.85e-15    87    32     0
2825.77  8.68e-15  3.38e-15    87    35     0
2828.43  8.62e-15  4.53e-15    87    35     0
2831.10  1.32e-14  5.15e-15    87    54     0
2833.76  8.11e-15  4.38e-15    86    33     0
2836.42  1.51e-14  4.16e-15    86    62     0
2839.08  1.18e-14  3.06e-15    86    48     0
2841.75  1.14e-14  2.92e-15    86    45     0
2844.41  6.93e-15  2.85e-15    86    28     0
2847.07  1.05e-14  3.69e-15    86    42     0
2849.74  1.78e-14  5.61e-15    85    72     0
2852.40  1.86e-14  6.52e-15    85    74 -4096
2855.06  1.86e-14  6.56e-15    85    75 -4096
2857.72  1.29e-14  4.68e-15    85    52 -4096
2860.39  1.34e-14  5.23e-15    85    53     0
2863.05  1.01e-14  2.94e-15    84    39     0
2865.71  1.17e-14  4.48e-15    84    46     0
2868.38  1.05e-14  3.49e-15    84    41     0
2871.04  1.74e-14  4.89e-15    84    69     0
2873.70  1.61e-14  5.15e-15    84    63     0
2876.36  1.10e-14  4.51e-15    84    42     0
2879.03  1.90e-14  5.51e-15    83    73     0
2881.69  1.24e-14  5.85e-15    83    48     0
2884.35  1.55e-14  5.75e-15    83    59     0
2887.02  1.38e-14  4.94e-15    83    53     0
2889.68  1.57e-14  5.06e-15    83    60     0
2892.34  1.36e-14  4.06e-15    83    52     0
2895.00  1.32e-14  4.68e-15    83    51     0
2897.67  1.10e-14  3.51e-15    82    42     0
2900.33  9.85e-15  4.80e-15    82    37     0
2902.99  1.01e-14  3.29e-15    82    38     0
2905.65  1.22e-14  4.78e-15    82    46     0
2908.32  9.67e-15  4.75e-15    82    36     0
2910.98  1.36e-14  5.13e-15    82    51     0
2913.64  1.76e-14  5.87e-15    81    66     0
2916.31  1.33e-14  6.20e-15    81    50     0
2918.97  1.64e-14  5.71e-15    81    61     0
2921.63  1.52e-14  5.65e-15    81    55     0
2924.29  1.54e-14  5.48e-15    81    55     0
2926.96  2.15e-14  6.34e-15    81    77     0
2929.62  2.28e-14  7.38e-15    81    81     0
2932.28  2.01e-14  6.87e-15    81    71     0
2934.95  1.94e-14  6.68e-15    80    67     0
2937.61  2.26e-14  5.93e-15    80    79     0
2940.27  2.05e-14  7.21e-15    80    71     0
2942.93  1.97e-14  6.27e-15    80    67     0
2945.60  1.89e-14  6.72e-15    80    63     0
2948.26  1.88e-14  5.52e-15    80    62     0
2950.92  1.77e-14  6.44e-15    80    59     0
2953.59  1.64e-14  6.19e-15    80    55     0
2956.25  1.62e-14  5.25e-15    79    54     0
2958.91  1.89e-14  6.41e-15    79    62     0
2961.57  1.63e-14  5.91e-15    79    52     0
2964.24  2.15e-14  7.02e-15    79    69     0
2966.90  1.99e-14  5.28e-15    79    63     0
2969.56  1.65e-14  5.26e-15    79    51     0
2972.22  1.46e-14  5.76e-15    79    45     0
2974.89  1.71e-14  4.70e-15    79    52     0
2977.55  1.97e-14  6.68e-15    79    59     0
2980.21  1.97e-14  6.71e-15    78    59     0
2982.88  2.09e-14  7.10e-15    78    62     0
2985.54  1.74e-14  7.44e-15    78    51     0
2988.20  2.10e-14  7.02e-15    78    61     0
2990.86  2.10e-14  5.83e-15    78    60     0
2993.53  1.91e-14  6.39e-15    78    54     0
2996.19  1.94e-14  4.34e-15    78    53     0
2998.85  1.81e-14  5.70e-15    78    49     0
3001.52  2.11e-14  5.73e-15    78    59     0
3004.18  1.37e-14  4.57e-15    78    38     0
3006.84  1.07e-14  5.46e-15    77    29     0
3009.50  1.38e-14  4.48e-15    77    37     0
3012.17  1.86e-14  4.39e-15    77    48     0
3014.83  1.63e-14  4.41e-15    77    42     0
3017.49  1.78e-14  4.83e-15    77    45     0
3020.16  2.22e-14  5.34e-15    77    55     0
3022.82  2.37e-14  5.04e-15    77    58     0
3025.48  2.28e-14  4.90e-15    77    55     0
3028.14  1.97e-14  4.77e-15    77    47     0
3030.81  2.27e-14  4.88e-15    77    54     0
3033.47  1.91e-14  7.16e-15    77    44     0
3036.13  1.59e-14  5.26e-15    77    36     0
3038.79  1.64e-14  5.11e-15    77    37     0
3041.46  1.42e-14  5.35e-15    76    31     0
3044.12  2.01e-14  5.27e-15    76    44     0
3046.78  1.89e-14  5.57e-15    76    40     0
3049.45  2.07e-14  5.18e-15    76    44     0
3052.11  2.28e-14  5.41e-15    76    48     0
3054.77  1.40e-14  5.49e-15    76    28     0
3057.43  1.68e-14  6.88e-15    76    33 -4096
3060.10  1.73e-14  6.07e-15    76    33 -4096
3062.76  8.00e-15  6.01e-15    76    15 -4096
3065.42  2.04e-14  5.90e-15    76    38     0
3068.09  2.30e-14  5.84e-15    76    42     0
3070.75  2.01e-14  6.49e-15    76    37     0
3073.41  2.56e-14  8.50e-15    76    46     0
3076.07  2.34e-14  1.01e-14    76    41     0
3078.74  2.30e-14  6.84e-15    76    39     0
3081.40  2.00e-14  7.75e-15    76    34     0
3084.06  2.62e-14  9.55e-15    76    44     0
3086.73  2.24e-14  7.41e-15    75    36     0
3089.39  2.50e-14  7.30e-15    75    40     0
3092.05  2.30e-14  6.57e-15    75    36     0
3094.71  2.07e-14  6.93e-15    75    32     0
3097.38  2.38e-14  6.77e-15    75    35     0
3100.04  3.77e-14  1.00e-14    75    55     0
3102.70  2.64e-14  6.97e-15    75    38     0
3105.36  2.27e-14  6.95e-15    75    32     0
3108.03  2.94e-14  7.50e-15    75    41     0
3110.69  2.45e-14  7.12e-15    75    34     0
3113.35  2.84e-14  7.58e-15    75    38     0
3116.02  2.21e-14  9.87e-15    75    29     0
3118.68  3.06e-14  9.59e-15    75    39     0
3121.34  2.66e-14  8.56e-15    75    34     0
3124.00  2.87e-14  7.52e-15    75    36     0
3126.67  2.29e-14  7.51e-15    75    28     0
3129.33  3.01e-14  8.56e-15    75    37     0
3131.99  3.39e-14  8.09e-15    75    41     0
3134.66  2.24e-14  7.67e-15    74    26     0
3137.32  1.78e-14  8.62e-15    74    20     0
3139.98  2.31e-14  8.17e-15    74    26     0
3142.64  2.72e-14  8.17e-15    74    29     0
3145.31  2.55e-14  8.22e-15    74    27     0
3147.97  2.90e-14  8.39e-15    74    30     0
3150.63  3.31e-14  9.33e-15    74    35     0
3153.30  2.54e-14  1.03e-14    74    26     0
3155.96  2.55e-14  8.32e-15    74    25     0
3158.62  1.71e-14  8.41e-15    74    17     0
3161.28  1.68e-14  8.63e-15    74    16     0
3163.95  1.23e-14  8.87e-15    74    11     0
3166.61  1.81e-14  8.91e-15    74    16     0
3169.27  1.49e-14  8.73e-15    73    13     0
3171.93  2.46e-14  9.11e-15    73    21     0
3174.60  3.69e-14  1.27e-14    73    31     0
3177.26  3.91e-14  1.32e-14    73    33     0
3179.92  4.47e-14  1.36e-14    73    37     0
3182.59  3.01e-14  1.28e-14    73    24     0
3185.25  2.65e-14  1.56e-14    73    21     0
3187.91  3.26e-14  1.15e-14    73    25     0
3190.57  4.83e-14  1.13e-14    73    36     0
3193.24  5.76e-14  1.21e-14    73    42     0
3195.90  6.03e-14  1.56e-14    72    44     0
3198.56  5.87e-14  1.49e-14    72    42     0
3201.23  4.22e-14  1.25e-14    72    29     0
3203.89  3.05e-14  1.52e-14    72    20     0
3206.55  4.60e-14  1.82e-14    72    28     0
3209.21  4.27e-14  1.13e-14    72    25     0
3211.88  4.07e-14  1.35e-14    72    25     0
3214.54  3.59e-14  1.33e-14    71    21     0
3217.20  4.21e-14  1.47e-14    71    23     0
3219.87  3.41e-14  1.72e-14    71    18     0
3222.53  2.70e-14  1.42e-14    71    15     0
3225.19  2.81e-14  1.57e-14    71    15     0
3227.85  1.75e-14  1.15e-14    70     9     0
3230.52  2.73e-14  1.16e-14    70    14     0
3233.18  2.90e-14  1.31e-14    70    14     0
3235.84  3.25e-14  1.64e-14    70    15     0
3238.50  3.59e-14  1.80e-14    70    16     0
3241.17  4.62e-14  1.10e-14    69    21     0
3243.83  3.57e-14  1.52e-14    69    15     0
3246.49  2.87e-14  1.17e-14    69    12     0
3249.16  4.16e-14  1.09e-14    69    18     0
3251.82  2.46e-14  1.37e-14    68    10     0
3254.48  5.06e-14  2.04e-14    68    21     0
3257.14  6.37e-14  1.27e-14    68    25     0
3259.81  5.20e-14  2.31e-14    68    20 -4096
3262.47  6.52e-14  2.02e-14    67    26 -4096
3265.13  6.66e-14  2.33e-14    67    26 -4096
3267.80  7.27e-14  2.59e-14    67    27 -4096
3270.46  7.51e-14  2.37e-14    66    27     0
3273.12  5.87e-14  1.42e-14    66    21     0
3275.78  2.02e-14  1.70e-14    66     6     0
3278.45  1.94e-14  1.76e-14    65     6     0
3281.11  5.21e-14  2.53e-14    65    17     0
3283.77  4.39e-14  2.26e-14    65    14     0
3286.44  7.23e-14  2.03e-14    64    22     0
3289.10  4.66e-14  1.68e-14    64    14     0
3291.76  5.33e-14  1.71e-14    63    15     0
3294.42  2.97e-14  1.85e-14    63     8     0
3297.09  3.39e-14  1.78e-14    62     9     0
3299.75  4.93e-14  1.74e-14    62    13     0
3302.41  6.18e-14  1.78e-14    61    16     0
3305.07  5.29e-14  1.87e-14    61    13     0
3307.74  6.49e-14  1.92e-14    60    16     0
3310.40  1.75e-14  1.95e-14    60     4     0
3313.06  3.36e-14  2.02e-14    59     7     0
3315.73  9.64e-15  2.30e-14    59     2     0
3318.39 -2.16e-14  2.38e-14    58    -4     0
3321.05  3.85e-14  2.72e-14    58     7     0
3323.71  9.85e-14  3.10e-14    57    17     0
3326.38  7.37e-14  3.36e-14    57    13     0
3329.04  5.31e-14  2.81e-14    56     9     0
3331.70  9.19e-14  2.86e-14    55    15     0
3334.37  5.21e-14  2.97e-14    55     8     0
3337.03 -1.82e-14  2.79e-14    54    -3     0
3339.69  7.25e-14  2.90e-14    53    12     0
3342.35  1.08e-13  3.25e-14    52    15     0
3345.02  1.49e-13  3.58e-14    52    20     0
3347.68  1.89e-13  3.54e-14    51    25     0
