NOT ORIGINAL IUE PROJECT DATA PRODUCT
LWP21151LOWLARGE
HD  197481
20:42:04
-31:31:05
48
NO-TRAIL
X-OFFSETS
1199.063
04/09/91
05:58:49
247
6.49
26/05/96
GSFC
2448503.74918
57
31
1851.19  4.27e-13  9.08e-13   179    39     0
1853.85  1.28e-13  8.43e-13   178    12     0
1856.51  2.20e-14  1.12e-12   177     1     0
1859.17 -7.65e-13  1.04e-12   176   -60     0
1861.84  3.40e-13  6.54e-13   175    42     0
1864.50 -5.77e-13  5.94e-13   175   -78     0
1867.16 -1.53e-13  4.59e-13   174   -26     0
1869.83 -2.14e-13  4.28e-13   173   -39     0
1872.49 -1.07e-13  3.82e-13   172   -21     0
1875.15  7.09e-14  3.34e-13   171    16     0
1877.81 -2.10e-13  3.13e-13   171   -51     0
1880.48 -9.64e-14  3.24e-13   170   -22     0
1883.14 -5.31e-14  3.06e-13   169   -13     0
1885.80  2.93e-14  2.77e-13   168     7     0
1888.47 -3.31e-13  2.64e-13   168   -94     0
1891.13 -2.26e-13  2.54e-13   167   -65     0
1893.79 -9.44e-14  2.43e-13   166   -28     0
1896.45  1.61e-13  2.24e-13   166    53     0
1899.12  8.92e-14  2.14e-13   165    30     0
1901.78  6.52e-14  2.22e-13   164    21     0
1904.44 -2.27e-13  2.13e-13   164   -75     0
1907.11 -4.23e-14  2.02e-13   163   -14     0
1909.77 -5.16e-14  1.95e-13   162   -18     0
1912.43  1.41e-13  1.81e-13   162    54     0
1915.09 -9.64e-14  1.84e-13   161   -37     0
1917.76 -5.15e-14  1.82e-13   160   -20     0
1920.42  1.49e-13  1.65e-13   160    68 -4096
1923.08  1.33e-14  1.46e-13   159     6     0
1925.74  9.14e-14  1.58e-13   158    38     0
1928.41 -1.04e-13  1.51e-13   158   -45     0
1931.07  3.07e-14  1.39e-13   157    14     0
1933.73 -9.97e-14  1.61e-13   157   -48     0
1936.40  3.55e-14  1.33e-13   156    17     0
1939.06 -1.78e-14  1.28e-13   155    -8     0
1941.72  1.02e-13  1.22e-13   155    53     0
1944.38  9.81e-14  1.18e-13   154    52     0
1947.05 -7.65e-14  1.10e-13   154   -43     0
1949.71  4.92e-14  1.07e-13   153    28     0
1952.37  1.40e-15  1.09e-13   153     0     0
1955.04  8.68e-14  1.06e-13   152    50     0
1957.70  1.92e-14  1.01e-13   152    11     0
1960.36  4.02e-14  9.80e-14   151    24     0
1963.02 -1.35e-13  9.43e-14   150   -84     0
1965.69  1.76e-14  8.80e-14   150    11     0
1968.35 -2.10e-14  8.49e-14   149   -14     0
1971.01  3.57e-14  8.71e-14   149    23     0
1973.68  4.76e-14  8.44e-14   148    32     0
1976.34 -1.53e-14  7.51e-14   148   -11     0
1979.00  1.31e-14  7.29e-14   147    10     0
1981.66 -4.72e-14  7.40e-14   147   -35     0
1984.33 -4.71e-15  7.18e-14   146    -3     0
1986.99 -3.94e-14  6.80e-14   146   -31     0
1989.65  6.08e-14  6.72e-14   145    49     0
1992.31  1.51e-14  6.65e-14   145    12     0
1994.98 -5.98e-14  6.46e-14   144   -49     0
1997.64  2.29e-14  6.23e-14   144    19     0
2000.30  4.07e-14  6.24e-14   144    34     0
2002.97 -2.63e-14  6.05e-14   143   -22     0
2005.63 -1.06e-14  5.84e-14   143    -9     0
2008.29  2.56e-14  5.77e-14   142    22     0
2010.95  6.78e-15  5.99e-14   142     5     0
2013.62  4.67e-14  5.98e-14   141    39     0
2016.28 -2.21e-14  5.25e-14   141   -20     0
2018.94 -4.62e-15  5.19e-14   140    -4     0
2021.61  2.60e-15  5.48e-14   140     2     0
2024.27  1.54e-14  5.44e-14   139    13     0
2026.93 -1.76e-14  5.20e-14   139   -16     0
2029.59  6.35e-14  5.24e-14   139    58     0
2032.26  1.01e-14  5.16e-14   138     9     0
2034.92  3.14e-15  5.08e-14   138     2     0
2037.58 -1.54e-14  5.01e-14   137   -14     0
2040.25  6.00e-14  5.16e-14   137    54     0
2042.91 -1.49e-14  4.99e-14   136   -13     0
2045.57  1.93e-15  5.08e-14   136     1     0
2048.23  2.83e-14  5.06e-14   136    25     0
2050.90 -4.19e-14  4.84e-14   135   -38     0
2053.56  3.52e-15  4.77e-14   135     3     0
2056.22 -2.95e-14  4.69e-14   134   -27     0
2058.88 -2.94e-14  4.62e-14   134   -27     0
2061.55 -1.73e-14  4.53e-14   134   -16     0
2064.21  9.47e-14  4.60e-14   133    89     0
2066.87 -3.01e-15  4.40e-14   133    -2     0
2069.54  5.66e-16  4.34e-14   132     0     0
2072.20 -6.89e-15  4.19e-14   132    -6     0
2074.86 -3.07e-14  4.13e-14   132   -30     0
2077.52 -5.33e-14  4.06e-14   131   -52     0
2080.19  1.95e-14  4.06e-14   131    19     0
2082.85  3.08e-14  4.04e-14   131    30     0
2085.51  2.95e-14  4.00e-14   130    29     0
2088.18  1.69e-14  3.94e-14   130    16     0
2090.84  7.16e-15  3.81e-14   129     7     0
2093.50  7.37e-15  3.77e-14   129     7     0
2096.16  1.62e-14  3.82e-14   129    16     0
2098.83  1.01e-14  3.79e-14   128    10     0
2101.49  7.54e-15  3.77e-14   128     7     0
2104.15 -1.28e-14  3.74e-14   128   -12     0
2106.82 -3.19e-14  3.75e-14   127   -30     0
2109.48  3.61e-14  3.79e-14   127    34     0
2112.14 -2.65e-14  3.67e-14   127   -25     0
2114.80 -2.02e-14  3.64e-14   126   -19     0
2117.47 -6.68e-15  3.64e-14   126    -6     0
2120.13 -3.42e-14  3.53e-14   125   -33     0
2122.79 -1.15e-15  3.50e-14   125    -1     0
2125.45  3.32e-14  3.57e-14   125    32     0
2128.12 -6.41e-15  3.39e-14   124    -6     0
2130.78 -5.25e-15  3.38e-14   124    -5     0
2133.44 -3.72e-15  3.34e-14   124    -3     0
2136.11  1.41e-15  3.31e-14   123     1     0
2138.77  4.98e-15  3.28e-14   123     4     0
2141.43 -2.03e-14  3.18e-14   123   -20     0
2144.09  1.27e-14  3.17e-14   122    12     0
2146.76 -8.02e-15  3.12e-14   122    -8     0
2149.42 -1.17e-14  3.08e-14   122   -11     0
2152.08 -3.38e-14  3.13e-14   121   -33     0
2154.75 -4.34e-15  3.10e-14   121    -4     0
2157.41 -7.76e-17  2.99e-14   121     0     0
2160.07  1.26e-14  3.02e-14   121    12     0
2162.73 -2.59e-14  2.97e-14   120   -25     0
2165.40  1.04e-14  2.90e-14   120    10     0
2168.06 -2.18e-15  2.87e-14   120    -2     0
2170.72  6.26e-15  2.84e-14   119     6     0
2173.39 -1.88e-14  2.81e-14   119   -19     0
2176.05 -7.25e-15  2.85e-14   119    -7     0
2178.71  1.67e-14  2.84e-14   118    16     0
2181.37  2.62e-15  2.85e-14   118     2     0
2184.04 -1.85e-14  2.82e-14   118   -17     0
2186.70 -5.30e-15  2.69e-14   117    -5     0
2189.36 -1.89e-14  2.66e-14   117   -19     0
2192.02 -4.35e-15  2.69e-14   117    -4     0
2194.69  2.63e-14  2.69e-14   117    26     0
2197.35 -3.85e-14  2.63e-14   116   -38     0
2200.01  8.73e-15  2.64e-14   116     8     0
2202.68  2.66e-14  2.65e-14   116    26     0
2205.34  3.98e-14  2.62e-14   116    39     0
2208.00 -7.85e-15  2.52e-14   115    -7     0
2210.66  2.28e-15  2.54e-14   115     2     0
2213.33  2.15e-14  2.55e-14   115    21     0
2215.99 -3.92e-15  2.39e-14   114    -3     0
2218.65 -1.95e-15  2.36e-14   114    -1     0
2221.32 -3.70e-15  2.35e-14   114    -3     0
2223.98 -1.84e-14  2.32e-14   114   -18     0
2226.64  9.29e-15  2.40e-14   113     9     0
2229.30 -8.19e-15  2.35e-14   113    -8     0
2231.97 -2.83e-14  2.15e-14   113   -30     0
2234.63  2.01e-14  2.15e-14   113    21     0
2237.29  2.27e-14  2.26e-14   112    23     0
2239.96  1.08e-14  2.17e-14   112    11     0
2242.62 -1.49e-14  2.14e-14   112   -15     0
2245.28  1.34e-14  2.15e-14   112    13     0
2247.94  1.86e-14  2.14e-14   112    19     0
2250.61  4.05e-15  1.99e-14   111     4     0
2253.27 -6.59e-15  1.95e-14   111    -7     0
2255.93  1.58e-14  1.96e-14   111    17     0
2258.59 -2.56e-14  1.89e-14   111   -28     0
2261.26  1.29e-14  1.94e-14   110    13     0
2263.92 -2.20e-15  1.87e-14   110    -2     0
2266.58  5.72e-15  1.79e-14   110     6     0
2269.25  1.23e-14  1.77e-14   110    14     0
2271.91 -2.16e-15  1.76e-14   110    -2     0
2274.57  1.53e-14  1.75e-14   109    17     0
2277.23 -7.95e-15  1.59e-14   109    -9     0
2279.90  1.25e-14  1.57e-14   109    15     0
2282.56 -1.14e-14  1.59e-14   109   -13     0
2285.22 -8.89e-15  1.56e-14   109   -10     0
2287.89  7.74e-15  1.55e-14   108     9     0
2290.55  1.07e-14  1.51e-14   108    13     0
2293.21  9.67e-15  1.49e-14   108    12     0
2295.87 -2.21e-14  1.41e-14   108   -28     0
2298.54  3.16e-14  1.45e-14   108    41     0
2301.20  2.81e-14  1.47e-14   108    35     0
2303.86 -5.54e-15  1.39e-14   107    -7     0
2306.53  1.92e-14  1.42e-14   107    24     0
2309.19  3.67e-14  1.44e-14   107    47     0
2311.85  1.18e-14  1.28e-14   107    16     0
2314.51  1.38e-14  1.25e-14   107    19     0
2317.18 -4.62e-15  1.25e-14   107    -6     0
2319.84 -1.93e-15  1.23e-14   107    -2     0
2322.50  1.29e-15  1.20e-14   106     1     0
2325.16 -4.80e-15  1.14e-14   106    -6     0
2327.83  1.83e-14  1.17e-14   106    27     0
2330.49 -1.19e-15  1.08e-14   106    -1     0
2333.15  2.96e-14  1.11e-14   106    45     0
2335.82  6.01e-15  1.03e-14   106     9     0
2338.48  1.97e-14  1.04e-14   106    31     0
2341.14 -3.00e-15  9.97e-15   106    -4     0
2343.80  2.34e-14  1.02e-14   105    37     0
2346.47  2.11e-14  1.18e-14   105    33     0
2349.13  3.22e-14  1.46e-14   105    52     0
2351.79  3.64e-14  1.00e-14   105    59     0
2354.46  2.34e-15  1.03e-14   105     3     0
2357.12  2.95e-14  9.51e-15   105    50     0
2359.78  1.16e-14  9.56e-15   105    20     0
2362.44  1.52e-14  8.91e-15   105    26     0
2365.11  4.84e-14  1.87e-14   105    82     0
2367.77  1.75e-14  1.32e-14   105    30     0
2370.43  1.31e-14  8.25e-15   105    23     0
2373.09  3.47e-14  1.39e-14   104    62     0
2375.76  2.85e-14  8.19e-15   104    53     0
2378.42  3.51e-14  9.04e-15   104    66     0
2381.08  1.54e-14  8.28e-15   104    28     0
2383.75  3.59e-14  1.25e-14   104    67     0
2386.41  5.41e-14  1.60e-14   104   102     0
2389.07  7.34e-15  1.09e-14   104    14     0
2391.73  1.71e-14  8.07e-15   104    33     0
2394.40  4.17e-14  1.09e-14   104    82     0
2397.06  2.05e-14  1.20e-14   104    40     0
2399.72  1.51e-14  6.84e-15   104    30     0
2402.39  2.09e-14  8.99e-15   104    42     0
2405.05  5.42e-15  8.55e-15   104    10     0
2407.71  4.33e-14  1.21e-14   104    87     0
2410.37  2.41e-14  1.26e-14   104    51     0
2413.04  4.27e-15  6.61e-15   104     9     0
2415.70 -3.31e-15  5.79e-15   104    -7     0
2418.36  7.35e-15  5.91e-15   104    16     0
2421.03  1.27e-14  9.74e-15   104    27     0
2423.69  8.57e-15  6.68e-15   104    18     0
2426.35  2.51e-15  8.52e-15   104     5     0
2429.01  1.26e-14  5.93e-15   104    28     0
2431.68  1.46e-14  7.15e-15   104    32     0
2434.34  1.95e-14  6.21e-15   104    43     0
2437.00  2.00e-14  5.92e-15   104    44     0
2439.67  2.44e-15  7.45e-15   104     5     0
2442.33  9.75e-15  5.27e-15   104    22     0
2444.99  9.23e-15  8.60e-15   104    21     0
2447.65  1.34e-14  5.26e-15   104    31     0
2450.32  1.16e-14  6.10e-15   104    27     0
2452.98  1.49e-14  6.08e-15   104    35     0
2455.64  1.59e-14  7.13e-15   104    39     0
2458.30 -4.69e-17  5.76e-15   104     0     0
2460.97  9.25e-17  6.02e-15   104     0     0
2463.63  8.86e-15  6.71e-15   104    22     0
2466.29  8.98e-15  7.98e-15   105    22     0
2468.96  5.33e-15  5.02e-15   105    13     0
2471.62  1.50e-14  7.83e-15   105    39     0
2474.28  2.34e-14  7.11e-15   105    62     0
2476.94  2.62e-14  7.83e-15   105    70     0
2479.61  1.45e-14  8.26e-15   105    39     0
2482.27  1.71e-14  8.24e-15   105    46     0
2484.93  1.30e-14  5.87e-15   105    35     0
2487.60  5.28e-15  6.26e-15   105    14     0
2490.26  1.88e-14  6.42e-15   105    52     0
2492.92  1.97e-14  8.21e-15   105    54     0
2495.58  1.49e-14  7.96e-15   105    41     0
2498.25  7.48e-15  3.99e-15   106    20     0
2500.91  1.51e-14  5.79e-15   106    42     0
2503.57  1.18e-14  7.71e-15   106    32     0
2506.24  1.35e-14  4.75e-15   106    37     0
2508.90  1.65e-14  6.59e-15   106    45     0
2511.56 -2.39e-15  6.89e-15   106    -6     0
2514.22  8.32e-15  6.63e-15   106    24     0
2516.89  1.44e-14  8.29e-15   106    40     0
2519.55  1.68e-14  6.67e-15   107    47     0
2522.21  7.71e-15  4.47e-15   107    22     0
2524.87  1.07e-14  5.20e-15   107    31     0
2527.54  1.19e-14  3.73e-15   107    35     0
2530.20  3.16e-15  5.01e-15   107     9     0
2532.86 -2.50e-15  7.45e-15   107    -7     0
2535.53  1.26e-14  5.30e-15   107    38     0
2538.19  1.81e-14  7.02e-15   108    55     0
2540.85  1.10e-14  5.78e-15   108    33     0
2543.51  1.39e-14  7.21e-15   108    43     0
2546.18  1.91e-15  5.25e-15   108     6     0
2548.84  1.41e-14  7.03e-15   108    45     0
2551.50  1.64e-14  6.88e-15   108    52     0
2554.17 -6.68e-15  5.76e-15   109   -21     0
2556.83  1.00e-14  5.79e-15   109    33     0
2559.49  1.15e-14  6.65e-15   109    38     0
2562.15  9.73e-15  5.96e-15   109    32     0
2564.82 -1.07e-15  3.17e-15   109    -3     0
2567.48  1.04e-14  3.30e-15   110    35     0
2570.14  5.55e-16  3.98e-15   110     1     0
2572.80  3.37e-15  4.38e-15   110    11     0
2575.47  8.93e-15  5.24e-15   110    30     0
2578.13  1.08e-14  4.61e-15   110    36     0
2580.79  1.77e-14  6.53e-15   111    59     0
2583.46  2.26e-14  6.67e-15   111    75     0
2586.12  1.44e-14  7.66e-15   111    49     0
2588.78  2.70e-14  7.50e-15   111    93     0
2591.44  5.65e-15  5.01e-15   111    19     0
2594.11  1.82e-14  6.12e-15   112    62     0
2596.77  3.09e-14  1.00e-14   112   110     0
2599.43  2.61e-14  1.18e-14   112    93     0
2602.10  3.46e-14  1.21e-14   112   124     0
2604.76  2.12e-14  7.03e-15   112    77     0
2607.42  2.36e-14  8.75e-15   113    86     0
2610.08  3.32e-14  8.03e-15   113   119     0
2612.75  3.30e-14  8.40e-15   113   119     0
2615.41  2.47e-14  6.95e-15   113    92     0
2618.07  2.98e-14  8.66e-15   113   111     0
2620.74  3.32e-14  1.25e-14   114   125     0
2623.40  4.21e-14  1.02e-14   114   160     0
2626.06  2.85e-14  9.66e-15   114   107     0
2628.72  4.55e-14  1.44e-14   114   171     0
2631.39  3.07e-14  9.99e-15   115   118     0
2634.05  1.07e-14  6.37e-15   115    41     0
2636.71  5.89e-15  5.87e-15   115    22     0
2639.37  9.39e-15  3.86e-15   115    36     0
2642.04  2.36e-15  4.56e-15   116     9     0
2644.70  8.70e-15  4.74e-15   116    33     0
2647.36  5.50e-15  3.44e-15   116    21     0
2650.03  9.63e-16  4.92e-15   116     3     0
2652.69  8.26e-15  2.72e-15   116    32     0
2655.35  4.14e-15  2.63e-15   117    16     0
2658.01  5.59e-15  4.11e-15   117    21     0
2660.68  1.13e-14  2.77e-15   117    45     0
2663.34  1.90e-15  3.00e-15   117     7     0
2666.00  2.83e-15  2.94e-15   118    11     0
2668.67  8.19e-15  4.56e-15   118    32     0
2671.33  7.26e-15  4.32e-15   118    29     0
2673.99  4.26e-15  3.12e-15   118    17     0
2676.65  7.41e-15  3.82e-15   119    30     0
2679.32  6.63e-15  2.60e-15   119    27     0
2681.98  6.31e-15  2.68e-15   119    25     0
2684.64  7.78e-15  4.70e-15   119    31     0
2687.31  8.75e-15  3.72e-15   120    36     0
2689.97  3.54e-15  4.53e-15   120    14     0
2692.63  4.53e-15  4.31e-15   120    18     0
2695.29  9.25e-15  4.39e-15   120    38     0
2697.96  3.92e-15  3.55e-15   121    16     0
2700.62  1.98e-15  3.85e-15   121     8     0
2703.28  8.65e-15  2.93e-15   121    35     0
2705.94  7.94e-15  2.74e-15   121    32     0
2708.61  1.18e-14  3.37e-15   121    48     0
2711.27  1.00e-14  4.52e-15   122    40     0
2713.93  1.19e-14  5.49e-15   122    47     0
2716.60  1.50e-14  5.80e-15   122    61     0
2719.26  1.45e-14  4.87e-15   122    58     0
2721.92  7.52e-15  2.83e-15   123    29     0
2724.58  1.87e-14  6.18e-15   123    74     0
2727.25  1.37e-14  5.02e-15   123    57     0
2729.91  1.54e-14  5.02e-15   123    64     0
2732.57  1.64e-14  5.62e-15   123    68     0
2735.24  1.22e-14  5.44e-15   124    50     0
2737.90  1.65e-14  5.99e-15   124    68     0
2740.56  1.60e-14  5.56e-15   124    66     0
2743.22  2.09e-14  5.44e-15   124    86     0
2745.89  2.82e-14  7.68e-15   125   118     0
2748.55  3.17e-14  8.41e-15   125   132     0
2751.21  2.90e-14  6.22e-15   125   121     0
2753.88  2.10e-14  6.69e-15   125    87     0
2756.54  1.87e-14  7.10e-15   125    77     0
2759.20  2.25e-14  5.93e-15   126    93     0
2761.86  1.82e-14  5.44e-15   126    76     0
2764.53  1.39e-14  5.99e-15   126    58     0
2767.19  1.16e-14  3.56e-15   126    49     0
2769.85  1.26e-14  4.74e-15   126    53     0
2772.51  1.21e-14  2.87e-15   126    50     0
2775.18  1.64e-14  3.19e-15   127    69     0
2777.84  1.19e-14  4.45e-15   127    49     0
2780.50  1.53e-14  3.94e-15   127    64     0
2783.17  1.42e-14  2.89e-15   127    59     0
2785.83  2.62e-14  7.00e-15   127   107     0
2788.49  4.36e-14  1.32e-14   128   177     0
2791.15  8.79e-14  3.02e-14   128   363     0
2793.82  1.66e-13  5.07e-14   128   682     0
2796.48  2.11e-13  6.06e-14   128   855     0
2799.14  2.04e-13  5.84e-14   128   831     0
2801.81  1.90e-13  5.15e-14   128   779     0
2804.47  1.57e-13  4.65e-14   128   647     0
2807.13  1.05e-13  3.67e-14   129   411     0
2809.79  3.73e-14  1.27e-14   129   147     0
2812.46  1.64e-14  4.19e-15   129    66     0
2815.12  1.43e-14  3.74e-15   129    58     0
2817.78  7.44e-15  2.89e-15   129    30     0
2820.45  1.48e-14  4.20e-15   129    59     0
2823.11  1.41e-14  4.36e-15   129    57     0
2825.77  8.27e-15  4.21e-15   129    33     0
2828.43  1.42e-14  4.85e-15   129    57     0
2831.10  1.08e-14  5.52e-15   130    44     0
2833.76  7.47e-15  3.34e-15   130    30     0
2836.42  1.03e-14  3.03e-15   130    42     0
2839.08  1.01e-14  3.25e-15   130    41     0
2841.75  1.20e-14  3.04e-15   130    48     0
2844.41  1.19e-14  3.21e-15   130    47     0
2847.07  1.30e-14  3.70e-15   130    53     0
2849.74  1.07e-14  4.96e-15   130    43 -4096
2852.40  1.75e-14  5.64e-15   130    69 -4096
2855.06  1.67e-14  5.99e-15   130    67     0
2857.72  1.49e-14  3.27e-15   130    60     0
2860.39  1.68e-14  4.70e-15   130    66     0
2863.05  1.74e-14  5.32e-15   130    68     0
2865.71  9.75e-15  3.84e-15   130    38     0
2868.38  1.31e-14  4.06e-15   130    51     0
2871.04  1.55e-14  6.08e-15   130    61     0
2873.70  1.57e-14  4.20e-15   130    62     0
2876.36  2.17e-14  3.89e-15   130    83     0
2879.03  1.88e-14  4.37e-15   130    72     0
2881.69  1.79e-14  4.70e-15   130    68     0
2884.35  1.58e-14  4.76e-15   130    60     0
2887.02  1.73e-14  3.71e-15   130    67     0
2889.68  1.80e-14  3.35e-15   130    69     0
2892.34  1.98e-14  3.36e-15   130    76     0
2895.00  1.98e-14  4.02e-15   130    76     0
2897.67  1.67e-14  4.68e-15   130    64     0
2900.33  1.98e-14  5.28e-15   130    75     0
2902.99  1.88e-14  4.23e-15   130    71     0
2905.65  2.21e-14  5.53e-15   130    83     0
2908.32  1.90e-14  5.52e-15   130    71     0
2910.98  1.88e-14  6.00e-15   130    71     0
2913.64  1.86e-14  3.81e-15   130    69     0
2916.31  2.09e-14  5.90e-15   129    78     0
2918.97  2.36e-14  5.78e-15   129    88     0
2921.63  2.38e-14  4.74e-15   129    85     0
2924.29  2.66e-14  7.42e-15   129    95     0
2926.96  2.45e-14  7.07e-15   129    87     0
2929.62  2.41e-14  6.54e-15   129    85     0
2932.28  2.12e-14  5.66e-15   129    74     0
2934.95  2.08e-14  6.80e-15   128    72     0
2937.61  2.33e-14  5.17e-15   128    81     0
2940.27  2.64e-14  4.34e-15   128    91     0
2942.93  3.33e-14  6.86e-15   128   113     0
2945.60  3.45e-14  6.31e-15   128   115     0
2948.26  2.55e-14  5.37e-15   128    84     0
2950.92  2.89e-14  5.59e-15   127    97     0
2953.59  2.53e-14  4.08e-15   127    84     0
2956.25  2.02e-14  4.10e-15   127    67     0
2958.91  2.56e-14  5.22e-15   127    84     0
2961.57  2.94e-14  5.47e-15   126    95     0
2964.24  3.00e-14  6.45e-15   126    95     0
2966.90  2.49e-14  6.02e-15   126    79     0
2969.56  2.82e-14  6.14e-15   126    88     0
2972.22  2.98e-14  6.71e-15   125    93     0
2974.89  3.37e-14  8.77e-15   125   103     0
2977.55  3.62e-14  8.98e-15   125   108     0
2980.21  2.90e-14  8.22e-15   125    87     0
2982.88  3.70e-14  8.05e-15   124   110     0
2985.54  3.78e-14  7.50e-15   124   110     0
2988.20  3.77e-14  8.99e-15   124   109     0
2990.86  4.84e-14  9.37e-15   123   138     0
2993.53  3.76e-14  9.67e-15   123   106     0
2996.19  3.67e-14  1.19e-14   123   101     0
2998.85  4.51e-14  1.57e-14   122   123     0
3001.52  5.19e-14  1.91e-14   122   144     0
3004.18  4.63e-14  1.76e-14   122   127     0
3006.84  3.22e-14  7.07e-15   121    87     0
3009.50  1.84e-14  5.04e-15   121    49     0
3012.17  1.27e-14  4.61e-15   120    33     0
3014.83  1.34e-14  4.67e-15   120    34     0
3017.49  6.74e-15  4.57e-15   120    17     0
3020.16  7.32e-15  4.66e-15   119    18     0
3022.82  1.28e-14  4.83e-15   119    31     0
3025.48  3.77e-15  4.76e-15   118     9     0
3028.14 -1.21e-16  4.93e-15   118     0     0
3030.81  1.21e-14  5.07e-15   117    28     0
3033.47  9.03e-15  5.04e-15   117    21     0
3036.13  8.09e-15  5.65e-15   116    18     0
3038.79  1.34e-14  5.17e-15   116    30     0
3041.46  1.16e-14  5.24e-15   115    25     0
3044.12  1.24e-14  5.28e-15   115    27     0
3046.78  1.04e-14  5.26e-15   114    22     0
3049.45  1.51e-14  5.41e-15   114    32     0
3052.11  2.21e-14  5.56e-15   113    46     0
3054.77  1.13e-14  5.72e-15   113    23     0
3057.43  2.36e-15  6.33e-15   112     4 -4096
3060.10 -4.48e-16  6.16e-15   112     0 -4096
3062.76  9.11e-15  6.38e-15   111    17 -4096
3065.42  7.25e-15  5.98e-15   111    13     0
3068.09  1.51e-14  6.03e-15   110    27     0
3070.75  1.88e-14  6.07e-15   110    34     0
3073.41  1.44e-14  6.08e-15   109    26     0
3076.07  1.17e-14  6.19e-15   108    20     0
3078.74  9.82e-15  6.24e-15   108    16     0
3081.40  8.95e-15  6.24e-15   107    15     0
3084.06  1.49e-14  6.41e-15   107    25     0
3086.73  2.34e-14  7.19e-15   106    38     0
3089.39  2.15e-14  6.73e-15   105    34     0
3092.05  2.34e-14  6.89e-15   105    36     0
3094.71  4.62e-15  6.60e-15   104     7     0
3097.38  1.35e-14  6.92e-15   103    20     0
3100.04  3.92e-15  6.82e-15   103     5     0
3102.70  1.25e-14  7.02e-15   102    18     0
3105.36  1.60e-14  7.23e-15   101    22     0
3108.03  1.93e-14  7.33e-15   101    27     0
3110.69  2.11e-14  7.33e-15   100    29     0
3113.35  2.01e-14  7.36e-15    99    27     0
3116.02  2.56e-14  7.59e-15    99    33     0
3118.68  1.78e-14  8.64e-15    98    23     0
3121.34  3.42e-14  1.02e-14    97    44     0
3124.00  3.12e-14  7.90e-15    96    39     0
3126.67  2.66e-14  7.85e-15    96    33     0
3129.33  2.99e-14  7.97e-15    95    36     0
3131.99  1.89e-14  7.84e-15    94    22     0
3134.66  2.02e-14  9.14e-15    94    23     0
3137.32  8.86e-15  7.95e-15    93    10     0
3139.98  1.39e-14  1.07e-14    92    15     0
3142.64  4.17e-14  1.14e-14    91    45     0
3145.31  4.94e-14  1.18e-14    90    52     0
3147.97  3.28e-14  9.56e-15    90    34     0
3150.63  2.76e-14  8.49e-15    89    29     0
3153.30  3.56e-14  1.00e-14    88    36     0
3155.96  2.64e-14  9.72e-15    87    26     0
3158.62  3.01e-14  8.84e-15    87    29     0
3161.28  3.87e-14  9.06e-15    86    37     0
3163.95  2.85e-14  9.01e-15    85    26     0
3166.61  3.65e-14  1.23e-14    84    33     0
3169.27  4.10e-14  1.10e-14    83    36     0
3171.93  4.36e-14  9.87e-15    83    37     0
3174.60  4.51e-14  1.08e-14    82    38     0
3177.26  3.83e-14  1.01e-14    81    32     0
3179.92  3.77e-14  1.04e-14    80    31     0
3182.59  4.06e-14  1.34e-14    79    32     0
3185.25  5.06e-14  1.26e-14    79    40     0
3187.91  4.45e-14  1.01e-14    78    34     0
3190.57  4.58e-14  1.10e-14    77    34     0
3193.24  5.15e-14  1.06e-14    76    37     0
3195.90  4.13e-14  1.01e-14    75    30     0
3198.56  6.26e-14  1.01e-14    74    44     0
3201.23  1.14e-13  3.13e-14    74    80     0
3203.89  1.39e-13  5.43e-14    73    95     0
3206.55  1.30e-13  3.81e-14    72    79     0
3209.21  8.62e-14  1.60e-14    71    51     0
3211.88  5.52e-14  1.28e-14    70    34     0
3214.54  3.90e-14  1.50e-14    70    23     0
3217.20  5.16e-14  1.08e-14    69    29     0
3219.87  4.95e-14  1.08e-14    68    27     0
3222.53  4.75e-14  1.08e-14    67    26     0
3225.19  4.62e-14  1.16e-14    66    25     0
3227.85  3.61e-14  1.02e-14    65    19     0
3230.52  2.69e-14  9.95e-15    65    14     0
3233.18  3.12e-14  9.90e-15    64    15     0
3235.84  4.27e-14  1.04e-14    63    20     0
3238.50  3.33e-14  1.15e-14    62    15     0
3241.17  2.60e-14  1.07e-14    61    11     0
3243.83  3.60e-14  1.08e-14    61    16     0
3246.49  5.55e-14  1.07e-14    60    24     0
3249.16  6.79e-14  1.10e-14    59    29     0
3251.82  8.29e-14  1.22e-14    58    35     0
3254.48  6.96e-14  1.52e-14    57    29     0
3257.14  5.37e-14  1.18e-14    57    21     0
3259.81  7.46e-14  1.31e-14    56    29     0
3262.47  5.10e-14  2.11e-14    55    20 -4096
3265.13  5.10e-14  1.91e-14    54    19 -4096
3267.80  6.01e-14  1.88e-14    54    22 -4096
3270.46  7.44e-14  1.60e-14    53    27 -4096
3273.12  7.13e-14  1.37e-14    52    25     0
3275.78  7.40e-14  1.61e-14    51    24     0
3278.45  5.80e-14  1.67e-14    51    18     0
3281.11  8.27e-14  1.44e-14    50    27     0
3283.77  7.28e-14  1.65e-14    49    23     0
3286.44  7.57e-14  1.96e-14    49    23     0
3289.10  9.86e-14  2.30e-14    48    29     0
3291.76  7.95e-14  2.38e-14    47    22     0
3294.42  8.32e-14  2.39e-14    47    22     0
3297.09  8.55e-14  1.71e-14    46    24     0
3299.75  8.95e-14  1.82e-14    45    24     0
3302.41  8.23e-14  3.15e-14    45    22     0
3305.07  8.09e-14  2.62e-14    44    20     0
3307.74  4.35e-14  1.96e-14    43    10     0
3310.40  4.51e-14  1.97e-14    43    11     0
3313.06  4.19e-14  2.03e-14    42     9     0
3315.73  9.73e-14  2.33e-14    42    20     0
3318.39  1.56e-13  3.18e-14    41    31     0
3321.05  1.14e-13  3.05e-14    41    20     0
3323.71  4.83e-14  2.78e-14    40     8     0
3326.38  2.01e-14  2.72e-14    40     3     0
3329.04  5.61e-14  2.82e-14    39     9     0
3331.70  3.61e-14  3.11e-14    39     6     0
3334.37  9.01e-14  2.98e-14    38    14     0
3337.03  1.26e-13  2.85e-14    38    21     0
3339.69  1.05e-13  3.03e-14    38    17     0
3342.35  1.10e-13  3.81e-14    37    16     0
3345.02  1.41e-13  3.45e-14    37    19     0
3347.68  1.58e-13  3.70e-14    36    21     0
