NOT ORIGINAL IUE PROJECT DATA PRODUCT
LWP21130LOWLARGE
HD  197481
20:42:04
-31:31:05
48
NO-TRAIL
X-OFFSETS
1199.063
02/09/91
08:58:57
245
11.18
26/05/96
GSFC
2448501.87427
58
29
1851.19 -2.08e-13  9.14e-13   202   -19     0
1853.85 -9.55e-14  8.53e-13   201    -9     0
1856.51 -5.61e-13  1.13e-12   200   -40     0
1859.17  3.36e-13  1.05e-12   199    26     0
1861.84  2.74e-14  6.58e-13   198     3     0
1864.50 -3.46e-13  6.03e-13   197   -46     0
1867.16  5.56e-13  5.65e-13   196    95     0
1869.83 -1.68e-13  4.35e-13   195   -30     0
1872.49  1.50e-15  4.17e-13   194     0     0
1875.15 -1.23e-13  3.41e-13   193   -28     0
1877.81 -1.10e-13  3.18e-13   192   -26     0
1880.48  3.96e-14  3.30e-13   191     9     0
1883.14  3.96e-13  3.15e-13   190    97     0
1885.80  1.98e-13  2.83e-13   189    53     0
1888.47  3.69e-13  2.71e-13   189   103     0
1891.13  5.98e-13  2.65e-13   188   173     0
1893.79  1.14e-13  2.46e-13   187    34     0
1896.45 -4.05e-13  2.25e-13   186  -132     0
1899.12  5.23e-13  2.26e-13   185   176     0
1901.78  4.08e-13  2.29e-13   184   131     0
1904.44 -1.36e-13  2.16e-13   183   -45     0
1907.11  3.58e-13  2.09e-13   182   123     0
1909.77  1.25e-13  3.07e-13   181    44     0
1912.43 -3.13e-13  1.95e-13   180  -120     0
1915.09 -4.96e-14  1.96e-13   179   -19 -4096
1917.76  7.63e-14  1.92e-13   178    30     0
1920.42 -2.03e-13  1.54e-13   177   -91     0
1923.08  5.86e-14  1.46e-13   176    27     0
1925.74  3.89e-13  1.84e-13   176   163     0
1928.41  9.71e-14  1.54e-13   175    42     0
1931.07  1.25e-13  1.54e-13   174    58     0
1933.73 -2.23e-13  1.36e-13   173  -107     0
1936.40  2.19e-13  1.37e-13   172   105     0
1939.06 -7.65e-15  1.29e-13   171    -3     0
1941.72  3.66e-13  1.34e-13   170   189     0
1944.38 -2.96e-14  1.18e-13   169   -15     0
1947.05 -1.46e-13  1.12e-13   168   -82     0
1949.71  1.30e-13  1.09e-13   167    74     0
1952.37  1.78e-13  1.15e-13   166    98     0
1955.04 -7.13e-14  1.08e-13   165   -40     0
1957.70  9.99e-14  1.04e-13   165    58     0
1960.36  1.50e-13  1.65e-13   164    90     0
1963.02 -3.74e-14  9.55e-14   163   -23     0
1965.69  8.50e-14  8.96e-14   162    56     0
1968.35 -4.28e-14  8.67e-14   161   -29     0
1971.01  1.48e-13  1.23e-13   160    97     0
1973.68  1.92e-14  8.48e-14   159    13     0
1976.34 -5.63e-14  1.04e-13   158   -42     0
1979.00  4.52e-14  7.73e-14   157    34     0
1981.66  5.53e-14  7.53e-14   157    41     0
1984.33 -6.45e-14  7.26e-14   156   -49     0
1986.99  3.50e-14  6.90e-14   155    27     0
1989.65 -7.32e-14  6.69e-14   154   -59     0
1992.31  9.07e-14  6.83e-14   153    72     0
1994.98 -8.72e-14  6.79e-14   152   -71     0
1997.64  3.29e-14  6.28e-14   151    27     0
2000.30  4.81e-14  6.99e-14   150    40     0
2002.97  9.81e-14  6.26e-14   150    83     0
2005.63 -1.19e-14  6.14e-14   149   -10     0
2008.29 -2.84e-14  5.80e-14   148   -24     0
2010.95  1.42e-13  6.37e-14   147   118     0
2013.62  5.67e-14  6.01e-14   146    47     0
2016.28 -1.06e-13  5.31e-14   145   -99     0
2018.94  1.03e-13  5.39e-14   144    96     0
2021.61  2.58e-14  5.60e-14   144    22     0
2024.27 -2.66e-14  5.47e-14   143   -23     0
2026.93  1.32e-13  5.46e-14   142   120     0
2029.59 -9.15e-14  5.32e-14   141   -83     0
2032.26  8.78e-15  5.19e-14   140     7     0
2034.92  3.80e-14  5.56e-14   139    34     0
2037.58 -2.11e-14  5.06e-14   139   -19     0
2040.25 -5.19e-15  5.16e-14   138    -4     0
2042.91 -1.17e-13  5.03e-14   137  -105     0
2045.57  3.26e-14  5.59e-14   136    28     0
2048.23 -3.24e-14  5.06e-14   135   -28     0
2050.90  3.79e-14  4.90e-14   135    34     0
2053.56  5.13e-14  4.87e-14   134    46     0
2056.22 -1.44e-13  4.73e-14   133  -131     0
2058.88 -3.48e-14  4.66e-14   132   -31     0
2061.55 -4.96e-14  4.56e-14   131   -46     0
2064.21 -2.14e-14  4.52e-14   131   -20     0
2066.87 -1.76e-14  4.43e-14   130   -16     0
2069.54 -1.15e-14  4.37e-14   129   -10     0
2072.20  8.46e-14  4.36e-14   128    81     0
2074.86  1.20e-13  1.09e-13   128   116     0
2077.52  6.86e-15  4.13e-14   127     6     0
2080.19  6.02e-14  5.11e-14   126    58     0
2082.85  8.82e-15  4.02e-14   125     8     0
2085.51 -6.31e-14  4.75e-14   125   -61     0
2088.18  6.36e-14  4.48e-14   124    62     0
2090.84  4.91e-14  4.93e-14   123    49     0
2093.50 -4.90e-14  3.79e-14   122   -48     0
2096.16 -1.19e-15  4.39e-14   122    -1     0
2098.83 -7.08e-15  7.53e-14   121    -6     0
2101.49 -1.70e-14  3.78e-14   120   -16     0
2104.15 -1.21e-15  4.07e-14   120    -1     0
2106.82 -8.59e-14  3.76e-14   119   -82     0
2109.48  3.07e-14  4.33e-14   118    29     0
2112.14 -3.77e-14  3.68e-14   117   -36     0
2114.80  2.73e-14  3.68e-14   117    26     0
2117.47  1.21e-14  3.73e-14   116    11     0
2120.13  2.88e-15  3.71e-14   115     2     0
2122.79 -8.77e-16  5.63e-14   115     0     0
2125.45  8.43e-15  3.55e-14   114     8     0
2128.12  4.56e-14  8.43e-14   113    44     0
2130.78  8.75e-14  1.00e-13   113    85     0
2133.44  7.58e-14  6.58e-14   112    74     0
2136.11  2.50e-16  4.66e-14   111     0     0
2138.77  1.66e-14  4.25e-14   111    16     0
2141.43  1.22e-14  3.18e-14   110    12     0
2144.09  4.22e-14  4.19e-14   109    42     0
2146.76  6.96e-15  3.75e-14   109     6     0
2149.42  2.88e-14  4.19e-14   108    28     0
2152.08  8.52e-14  6.03e-14   108    83     0
2154.75 -2.03e-14  3.10e-14   107   -19     0
2157.41  6.48e-14  3.11e-14   106    64     0
2160.07 -3.76e-14  3.02e-14   106   -37     0
2162.73  1.06e-14  2.97e-14   105    10     0
2165.40 -4.33e-16  2.89e-14   105     0     0
2168.06 -5.18e-14  2.86e-14   104   -51     0
2170.72  3.30e-14  2.95e-14   103    33     0
2173.39  7.96e-14  3.13e-14   103    79     0
2176.05 -5.73e-14  4.55e-14   102   -56     0
2178.71  2.05e-14  2.84e-14   102    20     0
2181.37  3.10e-14  2.87e-14   101    29     0
2184.04  5.37e-15  3.07e-14   100     5     0
2186.70  1.51e-14  4.31e-14   100    15     0
2189.36 -4.81e-14  2.64e-14    99   -48     0
2192.02  9.85e-15  4.90e-14    99     9     0
2194.69  8.05e-14  4.05e-14    98    78     0
2197.35 -4.46e-14  2.61e-14    98   -43     0
2200.01  8.24e-14  4.33e-14    97    80     0
2202.68  2.59e-14  3.10e-14    97    25     0
2205.34  1.76e-14  3.38e-14    96    17     0
2208.00 -3.00e-14  3.88e-14    96   -29     0
2210.66 -4.67e-14  2.78e-14    95   -45     0
2213.33 -5.95e-14  4.44e-14    95   -57     0
2215.99  5.50e-15  4.10e-14    94     5     0
2218.65  4.93e-16  2.61e-14    94     0     0
2221.32  3.86e-14  2.67e-14    93    38     0
2223.98  5.48e-16  2.45e-14    93     0     0
2226.64 -1.44e-14  3.57e-14    92   -14     0
2229.30  2.02e-14  3.49e-14    92    19     0
2231.97 -2.15e-14  2.40e-14    91   -22     0
2234.63 -2.94e-14  3.39e-14    91   -31     0
2237.29 -5.47e-14  2.61e-14    90   -55     0
2239.96  3.42e-14  2.80e-14    90    34     0
2242.62 -3.52e-14  3.69e-14    89   -36     0
2245.28  8.14e-15  2.50e-14    89     8     0
2247.94  4.03e-14  3.36e-14    88    41     0
2250.61 -1.87e-14  3.62e-14    88   -20     0
2253.27  4.65e-15  3.24e-14    87     5     0
2255.93  1.92e-14  3.27e-14    87    20     0
2258.59  4.56e-14  1.96e-14    87    49     0
2261.26 -4.29e-14  3.58e-14    86   -45     0
2263.92  7.87e-15  4.47e-14    86     8     0
2266.58 -1.68e-14  3.46e-14    85   -18     0
2269.25 -2.29e-14  3.13e-14    85   -26     0
2271.91  6.82e-15  4.84e-14    84     7     0
2274.57  2.09e-14  3.00e-14    84    23     0
2277.23  4.04e-15  3.23e-14    84     4     0
2279.90  3.84e-14  2.95e-14    83    47     0
2282.56  5.92e-15  2.51e-14    83     7     0
2285.22 -2.88e-14  1.58e-14    83   -34     0
2287.89  9.44e-15  1.50e-14    82    11     0
2290.55  3.27e-14  3.51e-14    82    40     0
2293.21  9.65e-14  7.15e-14    81   119     0
2295.87 -4.44e-14  2.48e-14    81   -57     0
2298.54  2.38e-14  1.67e-14    81    30     0
2301.20  4.39e-14  3.06e-14    80    55     0
2303.86  9.13e-16  1.93e-14    80     1     0
2306.53  5.64e-15  2.56e-14    80     7     0
2309.19  2.70e-14  2.92e-14    79    34     0
2311.85 -1.32e-14  1.23e-14    79   -17     0
2314.51  6.03e-15  1.44e-14    79     8     0
2317.18 -2.86e-14  2.00e-14    78   -38     0
2319.84  1.47e-14  2.91e-14    78    20     0
2322.50  3.75e-14  1.81e-14    78    51     0
2325.16  2.23e-14  1.93e-14    77    31     0
2327.83  1.60e-14  1.11e-14    77    23     0
2330.49  2.48e-15  1.80e-14    77     3     0
2333.15  2.62e-14  2.53e-14    76    39     0
2335.82  7.91e-15  1.51e-14    76    12     0
2338.48 -4.86e-17  2.25e-14    76     0     0
2341.14 -3.17e-14  2.15e-14    76   -49     0
2343.80  1.94e-14  1.89e-14    75    30     0
2346.47 -4.54e-15  1.68e-14    75    -7     0
2349.13  1.77e-14  1.46e-14    75    28     0
2351.79  3.52e-14  1.46e-14    74    56     0
2354.46  9.92e-15  1.95e-14    74    16     0
2357.12 -6.29e-15  1.94e-14    74   -10     0
2359.78  1.92e-14  1.60e-14    74    33     0
2362.44 -2.69e-14  1.34e-14    73   -45     0
2365.11  2.11e-14  1.46e-14    73    35     0
2367.77 -1.50e-15  1.56e-14    73    -2     0
2370.43 -9.52e-15  1.46e-14    73   -16     0
2373.09  2.09e-14  9.58e-15    72    37     0
2375.76  8.85e-15  1.82e-14    72    16     0
2378.42  2.58e-14  1.42e-14    72    48     0
2381.08  4.43e-14  1.43e-14    72    81     0
2383.75  2.90e-14  1.89e-14    71    54     0
2386.41  3.67e-14  1.19e-14    71    68     0
2389.07  2.55e-14  1.15e-14    71    48     0
2391.73  5.30e-15  1.24e-14    71    10     0
2394.40  3.93e-14  1.84e-14    71    76     0
2397.06  2.74e-14  1.13e-14    70    53     0
2399.72  2.54e-14  1.08e-14    70    50     0
2402.39  1.93e-14  1.20e-14    70    38     0
2405.05  3.12e-15  1.02e-14    70     6     0
2407.71  1.80e-14  1.83e-14    70    36     0
2410.37  1.67e-14  1.05e-14    69    35     0
2413.04  1.33e-14  7.46e-15    69    28     0
2415.70  1.22e-14  5.85e-15    69    26     0
2418.36  1.47e-14  1.24e-14    69    32     0
2421.03  1.37e-14  5.76e-15    69    29     0
2423.69  8.61e-15  9.94e-15    68    18     0
2426.35  9.42e-15  1.16e-14    68    20     0
2429.01  1.02e-14  9.00e-15    68    22     0
2431.68  1.36e-14  8.57e-15    68    29     0
2434.34  3.60e-16  6.25e-15    68     0     0
2437.00  1.51e-14  9.19e-15    68    33     0
2439.67 -9.01e-15  8.64e-15    67   -20     0
2442.33  1.61e-14  9.02e-15    67    37     0
2444.99  4.22e-15  6.31e-15    67     9     0
2447.65  1.12e-14  6.41e-15    67    26     0
2450.32  2.34e-14  1.04e-14    67    55     0
2452.98  1.57e-14  9.84e-15    67    37     0
2455.64  1.48e-14  5.44e-15    67    36     0
2458.30  8.82e-15  6.53e-15    66    21     0
2460.97  6.03e-15  5.01e-15    66    14     0
2463.63  5.95e-15  9.30e-15    66    14     0
2466.29 -1.14e-15  7.22e-15    66    -2     0
2468.96  6.10e-15  8.59e-15    66    15     0
2471.62  5.85e-15  6.26e-15    66    15     0
2474.28  1.23e-15  9.83e-15    66     3     0
2476.94  1.24e-14  8.06e-15    66    33     0
2479.61  1.93e-14  7.73e-15    65    52     0
2482.27  1.95e-14  7.87e-15    65    52     0
2484.93  1.09e-14  5.88e-15    65    29     0
2487.60 -1.08e-15  6.04e-15    65    -2     0
2490.26  4.96e-15  6.40e-15    65    13     0
2492.92  7.25e-15  5.02e-15    65    19     0
2495.58  2.42e-14  6.29e-15    65    66     0
2498.25 -6.39e-15  6.32e-15    65   -17     0
2500.91  9.68e-15  6.66e-15    65    26     0
2503.57  9.36e-15  6.84e-15    64    25     0
2506.24  9.73e-15  6.95e-15    64    26     0
2508.90  2.62e-14  6.67e-15    64    72     0
2511.56  8.16e-15  5.17e-15    64    23     0
2514.22  1.90e-15  6.04e-15    64     5     0
2516.89  5.97e-15  6.22e-15    64    16     0
2519.55  9.24e-15  5.57e-15    64    25     0
2522.21  1.21e-14  5.78e-15    64    35     0
2524.87  8.49e-15  4.82e-15    64    24     0
2527.54  1.25e-14  6.81e-15    64    36     0
2530.20  1.52e-14  6.58e-15    64    44     0
2532.86  5.52e-15  6.06e-15    64    16     0
2535.53  6.23e-15  4.90e-15    64    18     0
2538.19  1.26e-14  5.83e-15    63    38     0
2540.85  1.42e-14  4.98e-15    63    43     0
2543.51  6.45e-15  5.46e-15    63    20     0
2546.18 -1.66e-15  3.52e-15    63    -5     0
2548.84  8.22e-15  3.70e-15    63    26     0
2551.50  1.89e-14  9.01e-15    63    59     0
2554.17  5.82e-15  5.93e-15    63    18     0
2556.83  1.41e-14  7.28e-15    63    47     0
2559.49  3.94e-15  5.17e-15    63    13     0
2562.15  1.92e-14  4.87e-15    63    63     0
2564.82  1.94e-14  4.38e-15    63    64     0
2567.48  1.70e-14  5.27e-15    63    57     0
2570.14  1.39e-14  5.29e-15    63    47     0
2572.80  1.00e-14  4.41e-15    63    34     0
2575.47  7.85e-15  4.08e-15    63    26     0
2578.13  5.08e-15  4.17e-15    63    17     0
2580.79  4.59e-15  5.61e-15    63    15     0
2583.46  1.46e-14  6.97e-15    63    48     0
2586.12  2.08e-14  7.18e-15    63    70     0
2588.78  2.29e-14  7.42e-15    62    78     0
2591.44  2.16e-14  7.07e-15    62    73     0
2594.11  4.29e-15  5.57e-15    62    14     0
2596.77  2.74e-14  1.06e-14    62    96     0
2599.43  4.14e-14  1.40e-14    62   147     0
2602.10  2.45e-14  9.30e-15    62    87     0
2604.76  2.05e-14  8.14e-15    62    74     0
2607.42  3.03e-14  9.55e-15    62   110     0
2610.08  3.15e-14  1.04e-14    62   112     0
2612.75  2.64e-14  8.87e-15    62    94     0
2615.41  2.77e-14  9.07e-15    62   103     0
2618.07  3.48e-14  1.17e-14    62   129     0
2620.74  4.15e-14  1.19e-14    62   155     0
2623.40  4.40e-14  1.27e-14    62   165     0
2626.06  4.26e-14  1.45e-14    62   158     0
2628.72  4.77e-14  1.59e-14    62   178     0
2631.39  4.14e-14  1.31e-14    62   158     0
2634.05  1.88e-14  6.49e-15    62    72     0
2636.71  3.82e-15  3.71e-15    62    14     0
2639.37  8.68e-15  4.64e-15    62    33     0
2642.04  1.26e-14  4.43e-15    62    48     0
2644.70  7.70e-15  3.47e-15    62    29     0
2647.36  4.07e-15  2.39e-15    62    15     0
2650.03  8.54e-15  2.83e-15    62    32     0
2652.69  4.42e-15  3.84e-15    62    17     0
2655.35  3.38e-15  2.33e-15    62    13     0
2658.01  2.68e-15  2.31e-15    62    10     0
2660.68  7.06e-15  2.36e-15    62    27     0
2663.34  8.50e-15  4.64e-15    62    33     0
2666.00  1.20e-14  4.47e-15    62    47     0
2668.67  1.09e-14  3.90e-15    62    43     0
2671.33  1.07e-14  4.12e-15    62    42     0
2673.99  1.25e-14  4.16e-15    62    50     0
2676.65  6.61e-15  3.42e-15    61    26     0
2679.32  4.45e-15  2.32e-15    61    18     0
2681.98  1.07e-14  3.39e-15    61    43     0
2684.64  1.17e-14  3.09e-15    61    47     0
2687.31  7.37e-15  3.49e-15    61    30     0
2689.97  1.21e-14  2.72e-15    61    49     0
2692.63  1.43e-14  3.30e-15    61    58     0
2695.29  9.28e-15  4.20e-15    61    38     0
2697.96  9.56e-15  5.28e-15    61    39     0
2700.62  9.29e-15  3.37e-15    61    37     0
2703.28  7.32e-15  3.80e-15    61    29     0
2705.94  7.77e-15  4.28e-15    61    31     0
2708.61  1.21e-14  4.19e-15    61    49     0
2711.27  1.37e-14  4.63e-15    61    54     0
2713.93  1.97e-14  5.14e-15    61    78     0
2716.60  1.51e-14  3.73e-15    61    60     0
2719.26  1.13e-14  3.89e-15    61    45     0
2721.92  1.57e-14  4.91e-15    61    62     0
2724.58  1.60e-14  4.59e-15    61    63     0
2727.25  1.51e-14  5.73e-15    61    62     0
2729.91  2.19e-14  8.04e-15    61    91     0
2732.57  2.10e-14  7.28e-15    61    87     0
2735.24  1.53e-14  5.84e-15    61    62     0
2737.90  1.91e-14  6.95e-15    61    78     0
2740.56  2.39e-14  7.25e-15    61    98     0
2743.22  2.44e-14  7.86e-15    61   100     0
2745.89  2.99e-14  9.07e-15    61   124     0
2748.55  3.50e-14  9.44e-15    61   145     0
2751.21  2.50e-14  7.10e-15    61   103     0
2753.88  2.33e-14  7.17e-15    61    96     0
2756.54  2.42e-14  7.06e-15    61    99     0
2759.20  2.27e-14  6.50e-15    60    93     0
2761.86  1.90e-14  4.94e-15    60    78     0
2764.53  2.39e-14  5.19e-15    60    98     0
2767.19  2.13e-14  5.83e-15    60    89     0
2769.85  1.65e-14  5.78e-15    60    69     0
2772.51  1.48e-14  4.94e-15    60    60     0
2775.18  1.40e-14  4.09e-15    60    58     0
2777.84  1.34e-14  4.14e-15    60    55     0
2780.50  1.69e-14  4.13e-15    60    70     0
2783.17  1.80e-14  4.42e-15    60    74     0
2785.83  2.67e-14  6.32e-15    60   108     0
2788.49  3.49e-14  9.82e-15    60   140     0
2791.15  8.30e-14  2.64e-14    60   340     0
2793.82  1.95e-13  6.38e-14    60   795     0
2796.48  2.76e-13  9.44e-14    60  1113     0
2799.14  2.23e-13  7.56e-14    60   899     0
2801.81  1.94e-13  6.41e-14    60   788     0
2804.47  1.76e-13  5.93e-14    60   717     0
2807.13  7.71e-14  2.81e-14    59   300     0
2809.79  1.73e-14  6.23e-15    59    67     0
2812.46  1.31e-14  4.75e-15    59    53     0
2815.12  9.28e-15  5.38e-15    59    37     0
2817.78  1.46e-14  4.85e-15    59    59     0
2820.45  9.01e-15  3.62e-15    59    36     0
2823.11  9.97e-15  4.43e-15    59    39     0
2825.77  1.48e-14  3.57e-15    59    59     0
2828.43  8.99e-15  3.72e-15    59    36     0
2831.10  7.96e-15  4.32e-15    59    32     0
2833.76  1.34e-14  5.17e-15    59    54     0
2836.42  1.52e-14  4.65e-15    59    61     0
2839.08  1.30e-14  4.58e-15    59    52     0
2841.75  1.25e-14  5.14e-15    58    49     0
2844.41  1.44e-14  5.83e-15    58    57     0
2847.07  1.27e-14  5.64e-15    58    51 -4096
2849.74  1.33e-14  5.40e-15    58    53 -4096
2852.40  2.02e-14  6.04e-15    58    79     0
2855.06  1.62e-14  5.97e-15    58    64     0
2857.72  1.39e-14  5.24e-15    58    55     0
2860.39  1.41e-14  4.60e-15    58    55     0
2863.05  1.29e-14  4.98e-15    58    50     0
2865.71  1.72e-14  4.62e-15    58    67     0
2868.38  1.61e-14  4.57e-15    58    62     0
2871.04  1.46e-14  5.65e-15    57    57     0
2873.70  1.88e-14  5.90e-15    57    73     0
2876.36  1.80e-14  5.65e-15    57    68     0
2879.03  1.64e-14  5.62e-15    57    62     0
2881.69  1.83e-14  6.79e-15    57    69     0
2884.35  1.35e-14  5.98e-15    57    51     0
2887.02  1.45e-14  4.33e-15    57    55     0
2889.68  1.50e-14  4.59e-15    57    57     0
2892.34  1.52e-14  4.85e-15    57    58     0
2895.00  1.23e-14  4.83e-15    56    47     0
2897.67  1.35e-14  4.40e-15    56    51     0
2900.33  1.27e-14  5.05e-15    56    48     0
2902.99  8.58e-15  4.85e-15    56    32     0
2905.65  1.08e-14  5.21e-15    56    40     0
2908.32  1.44e-14  5.84e-15    56    53     0
2910.98  1.00e-14  4.82e-15    56    37     0
2913.64  1.14e-14  5.21e-15    55    42     0
2916.31  1.57e-14  6.84e-15    55    58     0
2918.97  1.87e-14  4.98e-15    55    69     0
2921.63  1.82e-14  5.59e-15    55    65     0
2924.29  2.16e-14  8.15e-15    55    76     0
2926.96  2.99e-14  1.05e-14    55   106     0
2929.62  2.36e-14  8.38e-15    55    83     0
2932.28  1.88e-14  7.10e-15    54    65     0
2934.95  1.91e-14  6.48e-15    54    65     0
2937.61  1.42e-14  5.97e-15    54    49     0
2940.27  1.71e-14  7.02e-15    54    58     0
2942.93  2.10e-14  5.81e-15    54    71     0
2945.60  1.47e-14  5.57e-15    54    48     0
2948.26  2.56e-14  6.47e-15    54    84     0
2950.92  2.09e-14  6.40e-15    53    69     0
2953.59  2.24e-14  6.52e-15    53    74     0
2956.25  1.77e-14  6.09e-15    53    58     0
2958.91  1.58e-14  3.83e-15    53    51     0
2961.57  1.78e-14  5.42e-15    53    57     0
2964.24  1.43e-14  6.41e-15    53    45     0
2966.90  2.04e-14  6.86e-15    52    64     0
2969.56  2.00e-14  7.15e-15    52    61     0
2972.22  2.25e-14  7.59e-15    52    69     0
2974.89  2.19e-14  6.87e-15    52    67     0
2977.55  1.13e-14  6.57e-15    52    33     0
2980.21  2.01e-14  6.85e-15    51    59     0
2982.88  2.09e-14  6.43e-15    51    61     0
2985.54  1.63e-14  5.87e-15    51    47     0
2988.20  1.91e-14  6.17e-15    51    54     0
2990.86  1.54e-14  5.67e-15    51    43     0
2993.53  1.61e-14  5.94e-15    51    45     0
2996.19  1.99e-14  8.38e-15    50    54     0
2998.85  2.36e-14  6.61e-15    50    63     0
3001.52  2.31e-14  7.93e-15    50    63     0
3004.18  2.01e-14  7.66e-15    50    55     0
3006.84  1.44e-14  5.39e-15    50    38     0
3009.50  1.74e-14  4.65e-15    49    46     0
3012.17  2.01e-14  7.43e-15    49    52     0
3014.83  2.17e-14  8.45e-15    49    55     0
3017.49  1.91e-14  4.86e-15    49    48     0
3020.16  1.98e-14  4.52e-15    48    49     0
3022.82  1.52e-14  6.04e-15    48    37     0
3025.48  2.12e-14  7.63e-15    48    50     0
3028.14  3.25e-14  8.60e-15    48    76     0
3030.81  2.21e-14  6.58e-15    48    52     0
3033.47  2.16e-14  6.47e-15    47    50     0
3036.13  1.83e-14  6.63e-15    47    41     0
3038.79  1.79e-14  5.42e-15    47    40     0
3041.46  1.97e-14  4.84e-15    47    43     0
3044.12  2.13e-14  5.06e-15    47    46     0
3046.78  2.28e-14  7.76e-15    46    49     0
3049.45  2.16e-14  6.08e-15    46    45     0
3052.11  1.65e-14  7.62e-15    46    34     0
3054.77  1.05e-14  5.64e-15    46    21 -4096
3057.43  2.05e-14  6.36e-15    45    39 -4096
3060.10  2.81e-14  6.95e-15    45    54 -4096
3062.76  1.51e-14  7.40e-15    45    28     0
3065.42  1.60e-14  5.63e-15    45    29     0
3068.09  2.51e-14  6.95e-15    44    45     0
3070.75  2.66e-14  6.19e-15    44    48     0
3073.41  1.28e-14  5.52e-15    44    22     0
3076.07  1.92e-14  5.75e-15    44    33     0
3078.74  1.83e-14  5.85e-15    43    31     0
3081.40  2.25e-14  6.35e-15    43    38     0
3084.06  2.59e-14  6.89e-15    43    43     0
3086.73  1.88e-14  6.41e-15    43    30     0
3089.39  3.10e-14  8.22e-15    42    49     0
3092.05  1.14e-14  1.02e-14    42    17     0
3094.71  2.43e-14  6.32e-15    42    37     0
3097.38  2.26e-14  8.10e-15    42    33     0
3100.04  2.26e-14  6.49e-15    41    33     0
3102.70  2.05e-14  7.60e-15    41    29     0
3105.36  2.43e-14  1.08e-14    41    34     0
3108.03  2.50e-14  8.98e-15    41    34     0
3110.69  2.31e-14  1.10e-14    40    32     0
3113.35  2.85e-14  7.68e-15    40    38     0
3116.02  1.98e-14  6.86e-15    40    26     0
3118.68  2.50e-14  7.03e-15    40    32     0
3121.34  2.81e-14  7.07e-15    39    35     0
3124.00  1.78e-14  7.00e-15    39    22     0
3126.67  2.81e-14  7.21e-15    39    34     0
3129.33  3.03e-14  1.06e-14    39    36     0
3131.99  3.31e-14  1.43e-14    38    39     0
3134.66  3.20e-14  1.28e-14    38    37     0
3137.32  3.97e-14  1.10e-14    38    45     0
3139.98  4.06e-14  9.29e-15    37    45     0
3142.64  3.57e-14  1.24e-14    37    38     0
3145.31  2.55e-14  1.25e-14    37    27     0
3147.97  3.52e-14  1.22e-14    37    36     0
3150.63  3.55e-14  1.05e-14    36    37     0
3153.30  1.87e-14  1.12e-14    36    19     0
3155.96  1.58e-14  1.13e-14    36    15     0
3158.62  2.84e-14  7.93e-15    36    27     0
3161.28  3.57e-14  9.59e-15    35    33     0
3163.95  4.35e-14  1.43e-14    35    40     0
3166.61  4.24e-14  1.42e-14    35    38     0
3169.27  4.05e-14  1.51e-14    35    35     0
3171.93  4.59e-14  9.45e-15    34    39     0
3174.60  4.98e-14  1.53e-14    34    41     0
3177.26  5.24e-14  2.15e-14    34    44     0
3179.92  6.21e-14  1.81e-14    33    51     0
3182.59  5.52e-14  1.18e-14    33    44     0
3185.25  4.20e-14  8.82e-15    33    33     0
3187.91  3.52e-14  8.62e-15    33    27     0
3190.57  4.63e-14  9.03e-15    32    34     0
3193.24  3.52e-14  1.13e-14    32    25     0
3195.90  5.48e-14  1.37e-14    32    39     0
3198.56  4.23e-14  9.32e-15    32    29     0
3201.23  1.92e-14  9.33e-15    31    13     0
3203.89  2.44e-14  9.79e-15    31    16     0
3206.55  2.98e-14  9.53e-15    31    18     0
3209.21  4.04e-14  9.70e-15    31    23     0
3211.88  3.38e-14  1.60e-14    30    20     0
3214.54  6.55e-14  1.47e-14    30    38     0
3217.20  7.14e-14  1.01e-14    30    39     0
3219.87  8.24e-14  1.03e-14    29    44     0
3222.53  3.90e-14  9.49e-15    29    21     0
3225.19  2.01e-14  1.04e-14    29    10     0
3227.85  2.62e-14  9.62e-15    29    13     0
3230.52  4.77e-14  9.84e-15    28    24     0
3233.18  3.58e-14  9.55e-15    28    18     0
3235.84  6.89e-14  1.24e-14    28    32     0
3238.50  6.53e-14  1.50e-14    28    30     0
3241.17  3.40e-14  1.24e-14    27    15     0
3243.83  2.35e-14  1.09e-14    27    10     0
3246.49  1.23e-14  1.15e-14    27     5     0
3249.16  4.20e-14  1.13e-14    27    18     0
3251.82  3.45e-14  1.12e-14    26    14     0
3254.48  2.96e-14  1.37e-14    26    12     0
3257.14  2.53e-14  1.28e-14    26    10     0
3259.81  3.88e-14  2.13e-14    26    15 -4096
3262.47  4.29e-14  1.56e-14    25    17 -4096
3265.13  5.04e-14  1.95e-14    25    19 -4096
3267.80  2.63e-14  1.56e-14    25     9 -4096
3270.46  1.47e-14  1.35e-14    25     5     0
3273.12  1.48e-14  1.40e-14    24     5     0
3275.78  4.48e-14  1.55e-14    24    14     0
3278.45  4.87e-14  1.79e-14    24    15     0
3281.11  5.44e-14  1.60e-14    24    17     0
3283.77  8.21e-14  2.19e-14    24    26     0
3286.44  1.01e-13  1.62e-14    23    30     0
3289.10  7.79e-14  1.66e-14    23    23     0
3291.76  5.75e-14  2.57e-14    23    16     0
3294.42  8.95e-14  2.17e-14    23    24     0
3297.09  9.19e-14  2.42e-14    23    25     0
3299.75  8.46e-14  2.41e-14    22    23     0
3302.41  5.85e-14  1.80e-14    22    15     0
3305.07  5.40e-14  1.88e-14    22    13     0
3307.74  6.60e-14  2.23e-14    22    16     0
3310.40  9.63e-14  1.98e-14    22    23     0
3313.06  8.89e-14  2.05e-14    21    20     0
3315.73  6.96e-14  2.33e-14    21    14     0
3318.39  9.70e-14  2.59e-14    21    19     0
3321.05  8.75e-14  3.39e-14    21    15     0
3323.71  7.69e-14  2.78e-14    21    13     0
3326.38  8.57e-14  2.74e-14    20    14     0
3329.04  1.42e-13  2.92e-14    20    23     0
3331.70  8.38e-14  2.90e-14    20    13     0
3334.37  1.39e-13  3.14e-14    20    22     0
3337.03  4.35e-14  3.29e-14    20     7     0
3339.69  3.46e-14  2.93e-14    20     5     0
3342.35  8.70e-14  3.27e-14    20    12     0
3345.02  9.42e-14  3.46e-14    19    13     0
3347.68  1.05e-13  3.63e-14    19    14     0
