NOT ORIGINAL IUE PROJECT DATA PRODUCT
LWP21150LOWLARGE
HD  197481
20:42:04
-31:31:05
48
NO-TRAIL
X-OFFSETS
1199.063
04/09/91
04:18:44
247
6.49
20/09/95
GSFC
2448503.67968
55
31
1851.19  2.46e-13  9.05e-13   171    22     0
1853.85  7.97e-14  8.41e-13   170     7     0
1856.51 -1.92e-13  1.12e-12   169   -14     0
1859.17 -1.14e-13  1.03e-12   169    -9     0
1861.84  7.61e-13  6.59e-13   168    94     0
1864.50 -4.48e-13  5.93e-13   168   -60     0
1867.16 -1.02e-13  4.58e-13   167   -17     0
1869.83  1.66e-13  4.29e-13   166    30     0
1872.49  9.04e-15  3.82e-13   166     1     0
1875.15  3.43e-14  3.33e-13   165     8     0
1877.81 -1.39e-13  3.13e-13   165   -34     0
1880.48 -8.38e-14  3.24e-13   164   -19     0
1883.14 -1.85e-14  3.06e-13   163    -4     0
1885.80  4.87e-14  2.77e-13   163    13     0
1888.47 -3.80e-14  2.63e-13   162   -10     0
1891.13 -1.96e-13  2.53e-13   162   -57     0
1893.79 -1.45e-13  2.42e-13   161   -43     0
1896.45  2.03e-13  2.24e-13   161    66     0
1899.12  1.78e-14  2.12e-13   160     6     0
1901.78  4.77e-14  2.21e-13   159    15     0
1904.44 -1.23e-13  2.12e-13   159   -41     0
1907.11  5.18e-15  2.02e-13   158     1     0
1909.77 -6.63e-14  1.95e-13   158   -23     0
1912.43  1.54e-13  1.81e-13   157    59     0
1915.09 -9.21e-14  1.84e-13   157   -36     0
1917.76  1.36e-14  1.81e-13   156     5     0
1920.42  7.87e-14  1.64e-13   156    35     0
1923.08 -1.81e-14  1.46e-13   155    -8     0
1925.74  8.86e-14  1.58e-13   155    37     0
1928.41 -1.45e-13  1.51e-13   154   -63     0
1931.07  2.27e-14  1.39e-13   154    10     0
1933.73 -1.50e-13  2.19e-13   153   -72     0
1936.40 -7.69e-15  1.32e-13   153    -3     0
1939.06 -1.42e-13  1.27e-13   152   -71     0
1941.72  8.12e-14  1.22e-13   152    42     0
1944.38  9.48e-14  1.18e-13   151    50     0
1947.05 -7.68e-14  1.10e-13   151   -43     0
1949.71  3.91e-14  1.07e-13   150    22     0
1952.37  1.68e-14  1.09e-13   150     9     0
1955.04  8.43e-14  1.06e-13   149    48     0
1957.70  4.97e-14  1.02e-13   149    29     0
1960.36  5.89e-14  9.83e-14   148    36     0
1963.02 -7.69e-14  9.42e-14   148   -48     0
1965.69  2.04e-14  8.79e-14   147    13     0
1968.35 -5.16e-14  8.48e-14   147   -35     0
1971.01  3.74e-14  8.69e-14   147    24     0
1973.68  2.26e-14  8.39e-14   146    15     0
1976.34  8.59e-15  7.51e-14   146     6     0
1979.00 -1.13e-15  7.27e-14   145     0     0
1981.66 -7.51e-14  7.39e-14   145   -56     0
1984.33  1.43e-14  7.18e-14   144    10     0
1986.99 -3.89e-14  6.80e-14   144   -31     0
1989.65  8.12e-14  6.75e-14   144    66     0
1992.31  5.24e-15  6.63e-14   143     4     0
1994.98 -6.62e-14  6.46e-14   143   -54     0
1997.64 -3.74e-14  6.20e-14   142   -31     0
2000.30  2.93e-14  6.22e-14   142    24     0
2002.97 -1.15e-14  6.05e-14   142    -9     0
2005.63 -1.95e-14  5.84e-14   141   -17     0
2008.29  1.49e-14  5.75e-14   141    13     0
2010.95  2.46e-14  6.00e-14   140    20     0
2013.62  9.36e-16  5.90e-14   140     0     0
2016.28 -1.18e-14  5.25e-14   140   -11     0
2018.94 -1.32e-14  5.18e-14   139   -12     0
2021.61  2.28e-16  5.47e-14   139     0     0
2024.27 -5.10e-15  5.41e-14   138    -4     0
2026.93 -1.84e-14  5.20e-14   138   -16     0
2029.59  7.43e-14  5.25e-14   138    68     0
2032.26  4.78e-15  5.14e-14   137     4     0
2034.92 -2.27e-14  5.08e-14   137   -20     0
2037.58 -1.99e-14  5.01e-14   137   -18     0
2040.25  2.10e-14  5.08e-14   136    19     0
2042.91  3.36e-14  5.04e-14   136    30     0
2045.57 -1.04e-14  5.08e-14   136    -9     0
2048.23  2.29e-14  5.05e-14   135    20     0
2050.90 -2.23e-14  4.84e-14   135   -20     0
2053.56  5.77e-15  4.77e-14   135     5     0
2056.22 -3.27e-14  4.69e-14   134   -30     0
2058.88 -2.48e-14  4.62e-14   134   -22     0
2061.55 -3.32e-14  4.53e-14   134   -31     0
2064.21  6.44e-14  4.55e-14   133    60     0
2066.87  5.59e-15  4.41e-14   133     5     0
2069.54 -2.25e-14  4.34e-14   133   -21     0
2072.20 -1.39e-14  4.19e-14   132   -13     0
2074.86 -1.37e-14  4.13e-14   132   -13     0
2077.52 -3.38e-14  4.06e-14   132   -33     0
2080.19  7.66e-15  4.05e-14   132     7     0
2082.85  1.88e-14  4.01e-14   131    18     0
2085.51  3.39e-14  4.01e-14   131    33     0
2088.18  1.65e-14  3.95e-14   131    16     0
2090.84 -1.22e-14  3.81e-14   130   -12     0
2093.50  7.87e-15  3.78e-14   130     7     0
2096.16  2.70e-14  3.84e-14   130    26     0
2098.83  2.26e-14  3.83e-14   130    22     0
2101.49 -1.49e-14  3.76e-14   129   -14     0
2104.15  9.24e-15  3.75e-14   129     9     0
2106.82 -4.96e-14  3.75e-14   129   -47     0
2109.48  3.33e-14  3.79e-14   129    32     0
2112.14 -1.63e-14  3.67e-14   128   -15     0
2114.80 -3.94e-14  3.64e-14   128   -38     0
2117.47  1.40e-14  3.67e-14   128    13     0
2120.13 -1.77e-14  3.54e-14   128   -17     0
2122.79  2.51e-14  3.55e-14   127    24     0
2125.45  2.66e-14  3.56e-14   127    26     0
2128.12  8.87e-15  3.40e-14   127     8     0
2130.78 -2.50e-14  3.39e-14   127   -24     0
2133.44 -8.65e-15  3.35e-14   126    -8     0
2136.11  1.64e-14  3.35e-14   126    16     0
2138.77  1.09e-14  3.30e-14   126    10     0
2141.43 -7.19e-15  3.19e-14   126    -7     0
2144.09 -1.17e-14  3.16e-14   126   -11     0
2146.76 -1.53e-14  3.12e-14   125   -15     0
2149.42 -2.22e-15  3.09e-14   125    -2     0
2152.08 -1.30e-14  3.14e-14   125   -12     0
2154.75  1.07e-15  3.11e-14   125     1     0
2157.41 -1.08e-14  3.00e-14   125   -10     0
2160.07  1.90e-14  3.05e-14   124    18     0
2162.73 -7.35e-15  2.98e-14   124    -7     0
2165.40  3.76e-14  2.98e-14   124    38     0
2168.06 -2.74e-14  2.88e-14   124   -27     0
2170.72  5.38e-16  2.85e-14   124     0     0
2173.39 -2.94e-15  2.82e-14   123    -2     0
2176.05 -8.89e-15  2.86e-14   123    -8     0
2178.71  2.75e-14  2.87e-14   123    27     0
2181.37 -1.92e-14  2.86e-14   123   -18     0
2184.04 -1.82e-14  2.83e-14   123   -17     0
2186.70  1.63e-14  2.73e-14   122    16     0
2189.36 -2.39e-14  2.67e-14   122   -24     0
2192.02  4.60e-16  2.70e-14   122     0     0
2194.69  3.13e-14  2.72e-14   122    30     0
2197.35 -4.67e-14  2.65e-14   122   -46     0
2200.01 -1.57e-15  2.64e-14   122    -1     0
2202.68  1.14e-14  2.63e-14   121    11     0
2205.34  5.98e-16  2.56e-14   121     0     0
2208.00 -5.73e-15  2.53e-14   121    -5     0
2210.66 -2.25e-14  2.56e-14   121   -21     0
2213.33 -1.02e-14  2.53e-14   121    -9     0
2215.99 -1.88e-14  2.41e-14   121   -19     0
2218.65 -7.39e-16  2.38e-14   121     0     0
2221.32  1.45e-14  2.38e-14   120    14     0
2223.98 -3.12e-14  2.34e-14   120   -31     0
2226.64  4.17e-15  2.40e-14   120     4     0
2229.30  2.25e-14  2.41e-14   120    22     0
2231.97 -1.07e-14  2.17e-14   120   -11     0
2234.63  8.63e-16  2.14e-14   120     0     0
2237.29  1.64e-14  2.25e-14   119    16     0
2239.96 -3.73e-15  2.19e-14   119    -3     0
2242.62 -2.11e-14  2.15e-14   119   -21     0
2245.28 -1.47e-14  2.16e-14   119   -15     0
2247.94  1.26e-14  2.14e-14   119    13     0
2250.61  4.75e-16  2.00e-14   119     0     0
2253.27 -1.63e-14  1.96e-14   119   -17     0
2255.93  2.66e-14  2.00e-14   119    28     0
2258.59 -1.79e-14  1.91e-14   118   -19     0
2261.26  1.71e-14  1.96e-14   118    18     0
2263.92  9.94e-15  1.90e-14   118    10     0
2266.58  5.60e-15  1.81e-14   118     6     0
2269.25  1.97e-14  1.81e-14   118    22     0
2271.91 -8.35e-15  1.78e-14   118    -9     0
2274.57  3.68e-15  1.74e-14   118     4     0
2277.23 -2.42e-14  1.61e-14   118   -29     0
2279.90  7.27e-15  1.58e-14   117     9     0
2282.56 -1.78e-14  1.61e-14   117   -21     0
2285.22 -1.10e-14  1.58e-14   117   -13     0
2287.89  6.86e-15  1.56e-14   117     8     0
2290.55  1.28e-14  1.54e-14   117    15     0
2293.21  4.39e-15  1.50e-14   117     5     0
2295.87 -2.25e-14  1.43e-14   117   -29     0
2298.54  3.85e-16  1.41e-14   117     0     0
2301.20  1.78e-14  1.47e-14   117    22     0
2303.86 -7.55e-15  1.41e-14   117    -9     0
2306.53  1.25e-14  1.43e-14   116    15     0
2309.19  1.84e-14  1.40e-14   116    23     0
2311.85 -1.44e-15  1.28e-14   116    -1     0
2314.51  1.82e-14  1.35e-14   116    25     0
2317.18 -1.13e-14  1.27e-14   116   -15     0
2319.84  9.16e-16  1.24e-14   116     1     0
2322.50  8.85e-15  1.22e-14   116    12     0
2325.16 -5.01e-16  1.16e-14   116     0     0
2327.83  1.20e-14  1.56e-14   116    17     0
2330.49  1.80e-14  1.13e-14   115    27     0
2333.15  1.63e-14  1.10e-14   115    24     0
2335.82 -3.84e-15  1.04e-14   115    -5     0
2338.48  1.59e-14  1.04e-14   115    25     0
2341.14  2.41e-15  1.10e-14   115     3     0
2343.80  2.66e-14  1.05e-14   115    42     0
2346.47  4.90e-15  1.01e-14   115     7     0
2349.13  2.34e-14  1.10e-14   115    37     0
2351.79  8.98e-15  9.61e-15   115    14     0
2354.46 -8.15e-15  9.44e-15   115   -13     0
2357.12  2.88e-14  1.23e-14   115    49     0
2359.78  1.08e-14  8.79e-15   114    18     0
2362.44  1.75e-14  1.01e-14   114    29     0
2365.11  3.15e-14  2.23e-14   114    53     0
2367.77  5.30e-15  8.61e-15   114     9     0
2370.43  3.46e-15  8.92e-15   114     6     0
2373.09  1.40e-14  9.61e-15   114    25     0
2375.76  5.74e-15  7.75e-15   114    10     0
2378.42  2.58e-14  8.04e-15   114    48     0
2381.08  1.28e-14  7.82e-15   114    23     0
2383.75  3.03e-14  8.18e-15   114    56     0
2386.41  3.85e-14  8.12e-15   114    72     0
2389.07  1.37e-14  9.64e-15   113    26     0
2391.73  9.00e-15  8.34e-15   113    17     0
2394.40  2.86e-14  8.08e-15   113    56     0
2397.06  4.75e-16  1.12e-14   113     0     0
2399.72  1.16e-14  8.24e-15   113    23     0
2402.39  1.67e-14  6.93e-15   113    33     0
2405.05  1.05e-14  8.00e-15   113    21     0
2407.71  1.78e-14  6.80e-15   113    35     0
2410.37  1.04e-14  6.29e-15   113    22     0
2413.04  1.16e-15  6.82e-15   113     2     0
2415.70  2.87e-15  5.90e-15   113     6     0
2418.36  1.19e-14  5.99e-15   113    26     0
2421.03  6.27e-15  9.22e-15   112    13     0
2423.69  7.02e-15  8.37e-15   112    15     0
2426.35  1.36e-15  7.46e-15   112     3     0
2429.01  3.74e-15  5.48e-15   112     8     0
2431.68  1.48e-14  6.86e-15   112    32     0
2434.34  4.01e-15  5.51e-15   112     8     0
2437.00  6.51e-15  6.20e-15   112    14     0
2439.67  8.58e-15  8.91e-15   112    19     0
2442.33  5.03e-15  5.24e-15   112    11     0
2444.99  4.26e-15  8.01e-15   112     9     0
2447.65  1.75e-14  8.73e-15   112    40     0
2450.32  1.65e-15  4.98e-15   111     3     0
2452.98  1.02e-14  6.84e-15   111    24     0
2455.64  2.55e-14  7.53e-15   111    62     0
2458.30  7.24e-15  7.01e-15   111    18     0
2460.97  4.02e-15  5.97e-15   111    10     0
2463.63  6.09e-15  5.30e-15   111    15     0
2466.29  1.39e-14  7.96e-15   111    35     0
2468.96 -2.85e-15  4.98e-15   111    -7     0
2471.62  1.41e-14  8.21e-15   111    36     0
2474.28  1.51e-14  5.96e-15   111    40     0
2476.94  2.02e-14  5.81e-15   111    54     0
2479.61  1.37e-14  7.41e-15   110    37     0
2482.27  8.23e-15  7.81e-15   110    22     0
2484.93 -1.85e-16  4.03e-15   110     0     0
2487.60  9.09e-17  4.69e-15   110     0     0
2490.26  1.35e-14  8.75e-15   110    37     0
2492.92  1.75e-14  6.44e-15   110    48     0
2495.58  6.74e-15  6.27e-15   110    18     0
2498.25 -3.64e-15  4.24e-15   110   -10     0
2500.91  9.26e-15  4.58e-15   110    25     0
2503.57  5.19e-15  4.36e-15   110    14     0
2506.24  4.34e-15  5.70e-15   109    12     0
2508.90  1.01e-14  7.08e-15   109    27     0
2511.56 -2.82e-15  5.73e-15   109    -8     0
2514.22  8.45e-15  6.02e-15   109    24     0
2516.89  8.93e-15  7.14e-15   109    24     0
2519.55  1.09e-14  5.56e-15   109    30     0
2522.21  2.94e-15  5.41e-15   109     8     0
2524.87  8.01e-15  5.40e-15   109    23     0
2527.54  1.03e-14  3.71e-15   109    30     0
2530.20  5.38e-15  4.81e-15   109    15     0
2532.86 -1.29e-15  6.05e-15   108    -3     0
2535.53  1.46e-14  6.16e-15   108    44     0
2538.19  1.96e-14  1.02e-14   108    59     0
2540.85  7.69e-15  4.44e-15   108    23     0
2543.51  4.55e-15  4.98e-15   108    14     0
2546.18 -2.34e-15  5.14e-15   108    -7     0
2548.84  1.36e-14  4.98e-15   108    43     0
2551.50  1.64e-14  5.39e-15   108    52     0
2554.17  2.37e-15  6.18e-15   108     7     0
2556.83  7.24e-15  5.84e-15   107    24     0
2559.49  2.35e-16  5.46e-15   107     0     0
2562.15  1.41e-14  4.10e-15   107    47     0
2564.82  2.59e-15  5.38e-15   107     8     0
2567.48  1.22e-14  3.35e-15   107    41     0
2570.14  1.12e-14  3.62e-15   107    38     0
2572.80  1.16e-14  3.16e-15   107    39     0
2575.47  4.74e-15  3.72e-15   107    15     0
2578.13  4.75e-15  3.05e-15   106    16     0
2580.79  5.78e-15  3.15e-15   106    19     0
2583.46  1.48e-14  5.86e-15   106    49     0
2586.12  1.54e-14  6.05e-15   106    52     0
2588.78  2.12e-14  6.92e-15   106    73     0
2591.44  6.09e-15  5.88e-15   106    20     0
2594.11  1.37e-14  7.09e-15   106    47     0
2596.77  3.03e-14  8.15e-15   106   107     0
2599.43  2.52e-14  9.26e-15   106    90     0
2602.10  2.77e-14  1.03e-14   105   100     0
2604.76  1.15e-14  5.16e-15   105    41     0
2607.42  1.66e-14  6.20e-15   105    61     0
2610.08  2.37e-14  7.38e-15   105    85     0
2612.75  3.04e-14  1.05e-14   105   110     0
2615.41  2.18e-14  5.90e-15   105    81     0
2618.07  2.01e-14  6.41e-15   105    75     0
2620.74  2.47e-14  7.99e-15   104    93     0
2623.40  3.56e-14  8.87e-15   104   135     0
2626.06  2.07e-14  9.58e-15   104    77     0
2628.72  4.31e-14  1.32e-14   104   162     0
2631.39  2.72e-14  7.77e-15   104   105     0
2634.05  1.52e-14  7.26e-15   104    58     0
2636.71  8.71e-15  3.91e-15   104    33     0
2639.37  1.29e-14  4.06e-15   104    49     0
2642.04  3.90e-16  4.70e-15   103     1     0
2644.70  7.66e-15  5.13e-15   103    29     0
2647.36  8.70e-16  2.65e-15   103     3     0
2650.03  6.95e-16  2.62e-15   103     2     0
2652.69  8.84e-15  2.85e-15   103    34     0
2655.35  2.81e-15  2.77e-15   103    10     0
2658.01  6.49e-15  4.43e-15   103    25     0
2660.68  9.26e-15  2.62e-15   102    36     0
2663.34  4.18e-16  2.83e-15   102     1     0
2666.00  4.61e-15  2.54e-15   102    18     0
2668.67  8.30e-15  3.89e-15   102    33     0
2671.33  7.16e-15  4.38e-15   102    28     0
2673.99  3.79e-15  2.50e-15   102    15     0
2676.65  6.69e-15  2.53e-15   102    27     0
2679.32  6.65e-15  3.01e-15   101    27     0
2681.98  4.49e-15  2.90e-15   101    18     0
2684.64  8.95e-15  3.30e-15   101    36     0
2687.31  1.10e-14  2.56e-15   101    45     0
2689.97  7.14e-15  3.82e-15   101    29     0
2692.63  5.40e-15  2.64e-15   101    22     0
2695.29  8.24e-15  3.47e-15   101    34     0
2697.96  2.12e-15  2.99e-15   100     8     0
2700.62  1.47e-15  2.49e-15   100     6     0
2703.28  6.21e-15  2.52e-15   100    25     0
2705.94  7.77e-15  2.71e-15   100    32     0
2708.61  9.20e-15  2.58e-15   100    37     0
2711.27  8.56e-15  3.70e-15   100    34     0
2713.93  8.78e-15  3.25e-15    99    35     0
2716.60  5.76e-15  3.54e-15    99    23     0
2719.26  1.13e-14  3.05e-15    99    45     0
2721.92  4.02e-15  2.73e-15    99    16     0
2724.58  1.34e-14  4.95e-15    99    53     0
2727.25  9.68e-15  3.59e-15    99    40     0
2729.91  1.41e-14  4.16e-15    99    59     0
2732.57  1.55e-14  4.53e-15    98    64     0
2735.24  1.40e-14  5.02e-15    98    58     0
2737.90  1.55e-14  6.22e-15    98    64     0
2740.56  1.62e-14  5.39e-15    98    67     0
2743.22  1.07e-14  3.19e-15    98    44     0
2745.89  1.85e-14  5.68e-15    98    77     0
2748.55  2.23e-14  6.17e-15    97    93     0
2751.21  1.56e-14  4.53e-15    97    64     0
2753.88  1.33e-14  4.71e-15    97    55     0
2756.54  1.37e-14  4.55e-15    97    56     0
2759.20  1.46e-14  5.01e-15    97    60     0
2761.86  1.04e-14  4.18e-15    97    43     0
2764.53  1.03e-14  4.89e-15    96    42     0
2767.19  1.15e-14  4.56e-15    96    48     0
2769.85  1.26e-14  3.81e-15    96    53     0
2772.51  1.06e-14  2.66e-15    96    44     0
2775.18  1.11e-14  3.20e-15    96    46     0
2777.84  1.09e-14  2.69e-15    96    45     0
2780.50  1.08e-14  2.69e-15    95    45     0
2783.17  1.24e-14  4.49e-15    95    51     0
2785.83  1.65e-14  5.87e-15    95    67     0
2788.49  2.74e-14  1.02e-14    95   111     0
2791.15  6.29e-14  2.34e-14    95   260     0
2793.82  1.37e-13  4.97e-14    95   562     0
2796.48  1.90e-13  5.39e-14    95   769     0
2799.14  2.02e-13  5.52e-14    94   823     0
2801.81  1.69e-13  4.95e-14    94   692     0
2804.47  1.42e-13  4.06e-14    94   583     0
2807.13  1.03e-13  3.60e-14    94   405     0
2809.79  3.16e-14  1.27e-14    94   124     0
2812.46  9.50e-15  3.23e-15    94    38     0
2815.12  1.23e-14  2.97e-15    93    50     0
2817.78  1.25e-14  3.06e-15    93    51     0
2820.45  1.09e-14  2.81e-15    93    43     0
2823.11  8.54e-15  3.15e-15    93    34     0
2825.77  7.83e-15  2.75e-15    93    31     0
2828.43  1.12e-14  2.92e-15    93    45     0
2831.10  5.22e-15  3.52e-15    92    21     0
2833.76  7.47e-15  2.91e-15    92    30     0
2836.42  1.03e-14  2.83e-15    92    42     0
2839.08  8.50e-15  2.84e-15    92    34     0
2841.75  6.79e-15  2.78e-15    92    27     0
2844.41  9.16e-15  3.37e-15    92    36     0
2847.07  9.46e-15  3.10e-15    91    38     0
2849.74  7.07e-15  3.44e-15    91    28     0
2852.40  1.50e-14  6.35e-15    91    59     0
2855.06  1.31e-14  5.18e-15    91    52     0
2857.72  1.03e-14  3.92e-15    91    41     0
2860.39  6.58e-15  2.95e-15    91    26     0
2863.05  9.19e-15  3.26e-15    90    36     0
2865.71  7.77e-15  3.14e-15    90    30     0
2868.38  1.08e-14  3.06e-15    90    42     0
2871.04  1.35e-14  3.53e-15    90    53     0
2873.70  1.61e-14  3.28e-15    90    63     0
2876.36  1.61e-14  4.08e-15    90    62     0
2879.03  1.55e-14  5.38e-15    89    59     0
2881.69  1.23e-14  4.38e-15    89    47     0
2884.35  1.59e-14  4.55e-15    89    61     0
2887.02  1.20e-14  4.40e-15    89    46     0
2889.68  1.10e-14  3.14e-15    89    42     0
2892.34  1.12e-14  3.03e-15    89    43     0
2895.00  1.11e-14  3.33e-15    88    43     0
2897.67  9.37e-15  4.37e-15    88    36     0
2900.33  1.26e-14  4.43e-15    88    48     0
2902.99  1.30e-14  3.11e-15    88    49     0
2905.65  1.31e-14  3.69e-15    88    49     0
2908.32  1.26e-14  4.67e-15    88    47     0
2910.98  1.43e-14  3.95e-15    87    54     0
2913.64  1.24e-14  3.13e-15    87    46     0
2916.31  1.37e-14  3.89e-15    87    51     0
2918.97  1.86e-14  4.40e-15    87    69     0
2921.63  2.11e-14  5.61e-15    87    76     0
2924.29  1.94e-14  6.52e-15    87    69     0
2926.96  2.01e-14  7.29e-15    86    71     0
2929.62  2.63e-14  5.94e-15    86    93     0
2932.28  2.47e-14  5.20e-15    86    87     0
2934.95  1.54e-14  4.72e-15    86    53     0
2937.61  1.64e-14  4.11e-15    86    57     0
2940.27  2.08e-14  4.80e-15    86    71     0
2942.93  1.57e-14  5.24e-15    85    53     0
2945.60  1.66e-14  3.73e-15    85    55     0
2948.26  1.42e-14  4.74e-15    85    47     0
2950.92  2.10e-14  3.65e-15    85    70     0
2953.59  1.76e-14  4.31e-15    85    59     0
2956.25  1.87e-14  5.54e-15    85    62     0
2958.91  1.91e-14  4.84e-15    85    63     0
2961.57  2.04e-14  5.34e-15    84    66     0
2964.24  2.09e-14  3.92e-15    84    66     0
2966.90  1.60e-14  3.81e-15    84    50     0
2969.56  2.14e-14  4.18e-15    84    66     0
2972.22  1.41e-14  5.73e-15    84    43     0
2974.89  1.54e-14  4.84e-15    84    47     0
2977.55  2.31e-14  4.55e-15    83    69     0
2980.21  1.55e-14  4.29e-15    83    46     0
2982.88  1.89e-14  5.57e-15    83    56     0
2985.54  1.68e-14  4.59e-15    83    49     0
2988.20  1.67e-14  4.77e-15    83    48     0
2990.86  1.52e-14  4.06e-15    83    43     0
2993.53  1.26e-14  4.05e-15    83    35     0
2996.19  1.09e-14  4.14e-15    82    30     0
2998.85  1.23e-14  4.20e-15    82    33     0
3001.52  2.25e-14  4.30e-15    82    62     0
3004.18  1.84e-14  4.24e-15    82    50     0
3006.84  1.50e-14  4.30e-15    82    40     0
3009.50  1.64e-14  6.26e-15    82    43     0
3012.17  1.89e-14  5.30e-15    81    49     0
3014.83  2.00e-14  4.52e-15    81    51     0
3017.49  1.56e-14  4.47e-15    81    39     0
3020.16  1.34e-14  4.51e-15    81    33     0
3022.82  1.83e-14  4.64e-15    81    45     0
3025.48  1.19e-14  4.63e-15    81    28     0
3028.14  1.23e-14  4.69e-15    81    29     0
3030.81  1.67e-14  6.47e-15    80    39     0
3033.47  2.07e-14  5.45e-15    80    48     0
3036.13  1.67e-14  5.95e-15    80    38     0
3038.79  1.72e-14  5.32e-15    80    39     0
3041.46  2.39e-14  5.10e-15    80    53     0
3044.12  2.21e-14  5.13e-15    80    48     0
3046.78  2.17e-14  5.17e-15    80    47     0
3049.45  2.00e-14  5.21e-15    79    42     0
3052.11  2.04e-14  5.25e-15    79    42     0
3054.77  1.65e-14  5.52e-15    79    34     0
3057.43  1.76e-14  6.12e-15    79    34     0
3060.10  1.70e-14  6.10e-15    79    33     0
3062.76  1.96e-14  6.91e-15    79    37     0
3065.42  8.16e-15  5.70e-15    79    15     0
3068.09  7.32e-15  5.65e-15    78    13     0
3070.75  1.88e-14  5.80e-15    78    34     0
3073.41  1.81e-14  5.86e-15    78    32     0
3076.07  1.24e-14  5.94e-15    78    21     0
3078.74  2.12e-14  6.14e-15    78    36     0
3081.40  2.09e-14  6.14e-15    78    35     0
3084.06  1.50e-14  6.13e-15    78    25     0
3086.73  1.59e-14  6.29e-15    77    26     0
3089.39  1.96e-14  6.42e-15    77    31     0
3092.05  3.26e-14  7.01e-15    77    51     0
3094.71  1.97e-14  6.55e-15    77    30     0
3097.38  2.34e-14  6.81e-15    77    35     0
3100.04  1.95e-14  6.78e-15    77    28     0
3102.70  2.20e-14  6.90e-15    76    31     0
3105.36  2.01e-14  7.08e-15    76    28     0
3108.03  2.46e-14  7.06e-15    76    34     0
3110.69  2.91e-14  7.12e-15    76    40     0
3113.35  2.88e-14  7.24e-15    76    39     0
3116.02  2.88e-14  7.36e-15    76    38     0
3118.68  1.37e-14  7.25e-15    76    17     0
3121.34  2.70e-14  7.48e-15    75    34     0
3124.00  3.62e-14  8.91e-15    75    45     0
3126.67  2.48e-14  8.12e-15    75    30     0
3129.33  3.40e-14  7.77e-15    75    41     0
3131.99  2.69e-14  7.71e-15    75    32     0
3134.66  2.09e-14  7.74e-15    75    24     0
3137.32  2.14e-14  7.81e-15    74    24     0
3139.98  2.15e-14  8.76e-15    74    24     0
3142.64  3.68e-14  8.40e-15    74    40     0
3145.31  3.09e-14  8.33e-15    74    33     0
3147.97  2.22e-14  8.32e-15    74    23     0
3150.63  3.76e-14  8.63e-15    74    39     0
3153.30  3.45e-14  8.58e-15    74    35     0
3155.96  4.56e-15  8.07e-15    73     4     0
3158.62  1.33e-14  8.30e-15    73    13     0
3161.28  3.12e-14  8.71e-15    73    30     0
3163.95  3.04e-14  8.78e-15    73    28     0
3166.61  3.13e-14  8.95e-15    73    28     0
3169.27  3.09e-14  9.00e-15    72    27     0
3171.93  3.43e-14  1.33e-14    72    29     0
3174.60  3.60e-14  1.11e-14    72    30     0
3177.26  2.74e-14  9.02e-15    72    23     0
3179.92  2.01e-14  9.01e-15    72    16     0
3182.59  3.15e-14  9.51e-15    72    25     0
3185.25  3.03e-14  9.96e-15    71    24     0
3187.91  2.87e-14  9.25e-15    71    22     0
3190.57  4.04e-14  1.07e-14    71    30     0
3193.24  3.82e-14  9.85e-15    71    27     0
3195.90  3.95e-14  9.62e-15    71    28     0
3198.56  3.87e-14  9.69e-15    70    27     0
3201.23  4.40e-14  9.74e-15    70    30     0
3203.89  3.54e-14  9.67e-15    70    24     0
3206.55  5.18e-14  1.25e-14    70    31     0
3209.21  4.91e-14  1.20e-14    70    29     0
3211.88  4.95e-14  1.60e-14    69    30     0
3214.54  2.89e-14  1.11e-14    69    17     0
3217.20  3.13e-14  1.05e-14    69    17     0
3219.87  2.85e-14  1.05e-14    69    15     0
3222.53  3.74e-14  1.02e-14    69    20     0
3225.19  1.40e-14  9.90e-15    68     7     0
3227.85  3.19e-15  9.79e-15    68     1     0
3230.52 -3.15e-15  1.07e-14    68    -1     0
3233.18  5.13e-15  9.77e-15    68     2     0
3235.84  1.59e-14  1.01e-14    67     7     0
3238.50  2.35e-14  1.03e-14    67    10     0
3241.17  2.21e-14  1.13e-14    67    10     0
3243.83  4.66e-14  1.84e-14    67    20     0
3246.49  6.38e-14  1.57e-14    66    28     0
3249.16  6.48e-14  1.10e-14    66    28     0
3251.82  6.10e-14  1.31e-14    66    26     0
3254.48  4.81e-14  1.56e-14    66    20     0
3257.14  3.88e-14  1.78e-14    65    15     0
3259.81  4.58e-14  2.17e-14    65    18     0
3262.47  5.08e-14  2.84e-14    65    20     0
3265.13  6.97e-14  2.17e-14    65    27     0
3267.80  5.50e-14  2.24e-14    64    21     0
3270.46  5.69e-14  2.15e-14    64    20     0
3273.12  3.46e-14  1.72e-14    64    12     0
3275.78  4.48e-14  1.45e-14    63    14     0
3278.45  2.66e-14  1.48e-14    63     8     0
3281.11  7.33e-14  1.73e-14    63    24     0
3283.77  6.34e-14  2.67e-14    63    20     0
3286.44  6.68e-14  1.62e-14    62    20     0
3289.10  4.73e-14  1.87e-14    62    14     0
3291.76  3.39e-14  2.58e-14    62     9     0
3294.42  4.78e-14  2.29e-14    61    13     0
3297.09  4.44e-14  1.69e-14    61    12     0
3299.75  6.98e-14  1.74e-14    61    19     0
3302.41  3.06e-14  1.79e-14    60     8     0
3305.07  2.77e-14  1.88e-14    60     7     0
3307.74  4.25e-14  1.93e-14    59    10     0
3310.40  6.29e-14  2.03e-14    59    15     0
3313.06  6.61e-14  2.03e-14    59    15     0
3315.73  4.31e-14  2.30e-14    58     8     0
3318.39  4.24e-14  2.39e-14    58     8     0
3321.05  7.51e-14  2.61e-14    58    13     0
3323.71  4.94e-14  2.94e-14    57     8     0
3326.38  7.10e-14  2.75e-14    57    12     0
3329.04  4.24e-14  3.16e-14    56     7     0
3331.70  8.51e-14  2.89e-14    56    14     0
3334.37  1.05e-13  2.98e-14    55    16     0
3337.03  1.13e-13  2.80e-14    55    19     0
3339.69  1.04e-13  2.90e-14    54    17     0
3342.35  1.46e-13  3.24e-14    54    21     0
3345.02  1.71e-13  3.44e-14    54    23     0
3347.68  1.52e-13  3.56e-14    53    20     0
