NOT ORIGINAL IUE PROJECT DATA PRODUCT
LWP21158LOWLARGE
HD  197481
20:42:04
-31:31:05
48
NO-TRAIL
ALONG-APER
01199.595
04/09/91
21:51:20
247
05.80
16/01/96
VILSPA
2448504.41065
56
31
1851.19 -6.01e-13  8.97e-13   143   -55     0
1853.85  4.13e-13  8.42e-13   144    40     0
1856.51  5.72e-13  1.12e-12   145    42     0
1859.17  1.16e-13  1.03e-12   146     9     0
1861.84 -3.58e-13  6.46e-13   147   -44     0
1864.50  1.25e-13  5.92e-13   148    16     0
1867.16  1.02e-13  4.57e-13   148    17     0
1869.83  1.44e-13  4.27e-13   149    26     0
1872.49 -4.12e-14  3.80e-13   150    -8     0
1875.15  2.16e-13  3.34e-13   151    50     0
1877.81  1.07e-14  3.12e-13   151     2     0
1880.48 -7.88e-14  3.23e-13   152   -18     0
1883.14 -5.56e-14  3.05e-13   153   -13     0
1885.80 -3.29e-14  2.76e-13   153    -8     0
1888.47 -8.97e-14  2.62e-13   154   -25     0
1891.13 -1.24e-13  2.62e-13   154   -36     0
1893.79  2.15e-14  2.42e-13   155     6     0
1896.45  1.28e-13  2.23e-13   155    42     0
1899.12  5.82e-14  2.13e-13   156    19     0
1901.78 -3.27e-13  2.20e-13   156  -106     0
1904.44 -4.50e-14  2.12e-13   156   -15     0
1907.11  1.42e-15  2.02e-13   157     0     0
1909.77  4.55e-15  1.99e-13   157     1     0
1912.43  6.07e-14  1.88e-13   157    23     0
1915.09  7.90e-14  1.94e-13   157    30     0
1917.76  6.11e-14  1.87e-13   157    24     0
1920.42 -1.99e-14  1.52e-13   158    -9     0
1923.08 -1.31e-13  1.43e-13   158   -61     0
1925.74 -7.62e-14  1.57e-13   158   -32     0
1928.41  5.02e-16  1.51e-13   158     0     0
1931.07 -3.85e-16  1.39e-13   158     0     0
1933.73 -8.20e-14  1.34e-13   158   -39     0
1936.40 -5.93e-14  1.32e-13   158   -28     0
1939.06  5.91e-14  1.28e-13   158    29     0
1941.72  2.66e-14  1.21e-13   158    13     0
1944.38  2.66e-14  1.17e-13   158    14     0
1947.05 -1.54e-14  1.10e-13   158    -8     0
1949.71 -5.31e-14  1.07e-13   158   -30     0
1952.37 -1.02e-14  1.09e-13   158    -5     0
1955.04  3.88e-14  1.05e-13   158    22     0
1957.70  4.73e-14  1.02e-13   157    28     0
1960.36 -6.65e-15  9.76e-14   157    -4     0
1963.02 -3.27e-14  9.44e-14   157   -20     0
1965.69  2.44e-15  8.78e-14   157     1     0
1968.35 -1.91e-14  8.50e-14   157   -13     0
1971.01 -4.15e-14  8.66e-14   156   -27     0
1973.68  2.53e-14  8.42e-14   156    17     0
1976.34  7.34e-15  7.52e-14   156     5     0
1979.00 -3.77e-14  7.29e-14   156   -29     0
1981.66 -6.56e-14  7.41e-14   155   -49     0
1984.33 -4.96e-14  7.19e-14   155   -38     0
1986.99  1.55e-14  6.85e-14   155    12     0
1989.65 -3.01e-15  6.63e-14   154    -2     0
1992.31 -3.52e-14  6.65e-14   154   -28     0
1994.98  1.90e-15  6.48e-14   154     1     0
1997.64 -2.74e-14  6.22e-14   153   -23     0
2000.30 -1.37e-14  6.20e-14   153   -11     0
2002.97 -2.05e-14  6.07e-14   153   -17     0
2005.63 -1.95e-14  5.86e-14   152   -17     0
2008.29 -2.04e-14  5.75e-14   152   -18     0
2010.95  3.42e-15  6.01e-14   151     2     0
2013.62 -6.72e-14  5.92e-14   151   -57     0
2016.28 -3.70e-14  5.27e-14   150   -34     0
2018.94  6.88e-15  5.21e-14   150     6     0
2021.61 -7.37e-15  5.49e-14   150    -6     0
2024.27  1.03e-14  5.44e-14   149     9     0
2026.93  1.45e-14  5.24e-14   149    13     0
2029.59 -4.49e-15  5.16e-14   148    -4     0
2032.26  2.51e-14  5.20e-14   148    22     0
2034.92 -1.66e-15  5.10e-14   147    -1     0
2037.58  1.70e-14  5.06e-14   147    15     0
2040.25 -2.53e-15  5.06e-14   146    -2     0
2042.91  2.18e-14  5.04e-14   146    19     0
2045.57  9.31e-15  5.10e-14   145     8     0
2048.23 -1.54e-14  5.03e-14   145   -13     0
2050.90 -1.68e-15  4.86e-14   144    -1     0
2053.56 -3.79e-14  4.79e-14   144   -34     0
2056.22 -6.07e-15  4.71e-14   143    -5     0
2058.88 -5.12e-14  4.98e-14   143   -47     0
2061.55 -1.17e-14  4.54e-14   142   -10     0
2064.21 -5.86e-15  4.47e-14   142    -5     0
2066.87  2.08e-14  4.46e-14   141    19     0
2069.54 -2.88e-14  4.35e-14   141   -27     0
2072.20 -1.50e-14  4.21e-14   140   -14     0
2074.86 -7.04e-15  4.14e-14   140    -6     0
2077.52 -1.45e-14  4.08e-14   139   -14     0
2080.19 -2.17e-16  4.06e-14   139     0     0
2082.85  5.92e-15  4.01e-14   138     5     0
2085.51  6.23e-15  3.98e-14   138     6     0
2088.18 -1.16e-14  3.93e-14   137   -11     0
2090.84 -3.08e-14  3.82e-14   137   -31     0
2093.50  1.35e-14  3.81e-14   136    13     0
2096.16 -2.61e-15  3.82e-14   136    -2     0
2098.83 -2.78e-14  3.79e-14   135   -27     0
2101.49  2.27e-14  3.81e-14   135    22     0
2104.15  4.49e-15  3.75e-14   134     4     0
2106.82 -2.08e-14  3.76e-14   134   -20     0
2109.48 -8.69e-15  3.73e-14   133    -8     0
2112.14  1.88e-15  3.68e-14   133     1     0
2114.80  7.14e-16  3.65e-14   132     0     0
2117.47 -1.10e-14  3.65e-14   132   -10     0
2120.13 -6.12e-15  3.63e-14   131    -5     0
2122.79  1.52e-14  3.53e-14   131    14     0
2125.45  2.59e-14  3.48e-14   130    25     0
2128.12 -6.01e-15  3.40e-14   130    -5     0
2130.78  4.60e-15  3.39e-14   129     4     0
2133.44 -2.10e-14  3.35e-14   129   -20     0
2136.11  8.87e-17  3.32e-14   129     0     0
2138.77 -7.52e-15  3.29e-14   128    -7     0
2141.43 -1.21e-14  3.19e-14   128   -12     0
2144.09  2.58e-14  3.21e-14   127    26     0
2146.76 -2.97e-14  3.12e-14   127   -29     0
2149.42 -3.68e-14  3.09e-14   126   -37     0
2152.08 -2.12e-14  3.14e-14   126   -20     0
2154.75 -2.22e-15  3.10e-14   125    -2     0
2157.41  6.06e-15  3.00e-14   125     6     0
2160.07 -1.34e-14  3.01e-14   124   -13     0
2162.73  7.73e-15  2.99e-14   124     7     0
2165.40  2.51e-14  2.95e-14   124    25     0
2168.06 -1.49e-14  2.87e-14   123   -15     0
2170.72  1.86e-14  2.86e-14   123    18     0
2173.39 -6.31e-16  2.81e-14   122     0     0
2176.05 -4.21e-15  2.85e-14   122    -4     0
2178.71 -2.39e-14  2.82e-14   122   -23     0
2181.37  7.80e-15  2.86e-14   121     7     0
2184.04  3.28e-15  2.82e-14   121     3     0
2186.70 -8.85e-15  2.69e-14   120    -8     0
2189.36 -1.52e-14  2.67e-14   120   -15     0
2192.02  1.49e-15  2.69e-14   120     1     0
2194.69 -1.32e-16  2.67e-14   119     0     0
2197.35  1.22e-14  2.65e-14   119    12     0
2200.01  5.77e-15  2.63e-14   119     5     0
2202.68 -1.58e-14  2.60e-14   118   -15     0
2205.34 -1.01e-14  2.55e-14   118   -10     0
2208.00  9.26e-15  2.52e-14   118     9     0
2210.66 -4.18e-15  2.55e-14   117    -4     0
2213.33 -1.31e-14  2.52e-14   117   -12     0
2215.99 -1.70e-14  2.39e-14   117   -17     0
2218.65  3.11e-14  2.43e-14   116    31     0
2221.32 -1.85e-14  2.35e-14   116   -18     0
2223.98 -2.85e-15  2.32e-14   116    -2     0
2226.64 -7.93e-15  2.39e-14   115    -7     0
2229.30 -9.22e-15  2.36e-14   115    -9     0
2231.97  7.07e-16  2.15e-14   115     0     0
2234.63 -2.70e-15  2.12e-14   114    -2     0
2237.29  2.58e-14  2.26e-14   114    26     0
2239.96  5.16e-15  2.18e-14   114     5     0
2242.62 -8.29e-15  2.14e-14   114    -8     0
2245.28  9.13e-15  2.15e-14   113     9     0
2247.94  2.20e-14  2.14e-14   113    22     0
2250.61 -3.70e-15  1.99e-14   113    -4     0
2253.27  1.33e-14  1.96e-14   113    14     0
2255.93 -7.63e-15  1.94e-14   112    -8     0
2258.59  2.27e-14  1.94e-14   112    25     0
2261.26 -5.98e-15  1.92e-14   112    -6     0
2263.92  1.08e-14  1.89e-14   112    11     0
2266.58  2.24e-14  1.84e-14   112    25     0
2269.25 -5.62e-15  1.75e-14   111    -6     0
2271.91  1.12e-14  1.77e-14   111    12     0
2274.57 -8.50e-15  1.72e-14   111    -9     0
2277.23 -1.05e-14  1.59e-14   111   -12     0
2279.90  1.05e-15  1.56e-14   111     1     0
2282.56 -1.52e-15  1.59e-14   110    -1     0
2285.22  1.70e-14  1.59e-14   110    20     0
2287.89 -7.96e-15  1.54e-14   110    -9     0
2290.55  1.53e-14  1.53e-14   110    19     0
2293.21 -7.03e-15  1.49e-14   110    -8     0
2295.87  1.15e-14  1.42e-14   110    14     0
2298.54  1.17e-14  1.41e-14   109    15     0
2301.20 -1.97e-15  1.42e-14   109    -2     0
2303.86 -1.03e-14  1.39e-14   109   -13     0
2306.53  1.32e-15  1.39e-14   109     1     0
2309.19  3.14e-14  1.42e-14   109    40     0
2311.85  1.14e-14  1.57e-14   109    15     0
2314.51  9.49e-16  1.23e-14   109     1     0
2317.18  4.72e-15  1.25e-14   108     6     0
2319.84  1.34e-14  1.25e-14   108    18     0
2322.50 -1.66e-15  1.20e-14   108    -2     0
2325.16  1.76e-14  1.17e-14   108    25     0
2327.83  1.12e-14  1.13e-14   108    16     0
2330.49  1.25e-14  1.11e-14   108    18     0
2333.15 -7.84e-15  1.06e-14   108   -11     0
2335.82  1.25e-14  1.04e-14   108    19     0
2338.48  2.30e-14  1.10e-14   108    36     0
2341.14  1.66e-14  1.03e-14   108    26     0
2343.80  7.15e-15  1.01e-14   107    11     0
2346.47  2.48e-14  1.01e-14   107    39     0
2349.13  7.97e-15  9.52e-15   107    12     0
2351.79  9.35e-15  9.47e-15   107    15     0
2354.46  1.58e-14  9.39e-15   107    26     0
2357.12  6.54e-15  8.76e-15   107    11     0
2359.78  3.62e-15  8.53e-15   107     6     0
2362.44  3.37e-14  1.44e-14   107    57     0
2365.11  3.39e-14  1.66e-14   107    58     0
2367.77  1.69e-14  8.71e-15   107    29     0
2370.43  1.83e-14  8.40e-15   107    32     0
2373.09  2.18e-14  8.37e-15   107    38     0
2375.76  3.58e-15  7.55e-15   107     6     0
2378.42  9.69e-15  8.03e-15   107    18     0
2381.08  1.65e-14  9.85e-15   107    30     0
2383.75  2.18e-14  7.74e-15   107    41     0
2386.41  3.01e-14  7.89e-15   107    57     0
2389.07  1.73e-14  9.02e-15   107    33     0
2391.73  5.95e-15  8.88e-15   107    11     0
2394.40  3.48e-14  8.52e-15   107    68     0
2397.06  5.68e-15  6.91e-15   107    11     0
2399.72  1.15e-14  6.84e-15   107    22     0
2402.39  2.45e-14  7.72e-15   107    49     0
2405.05  1.42e-14  8.95e-15   107    28     0
2407.71  2.92e-14  7.79e-15   107    59     0
2410.37  1.08e-14  1.10e-14   107    22     0
2413.04  3.32e-15  6.03e-15   107     7     0
2415.70  2.65e-15  5.82e-15   107     5     0
2418.36 -1.06e-15  5.72e-15   107    -2     0
2421.03 -5.09e-16  6.20e-15   107    -1     0
2423.69  1.55e-14  6.39e-15   107    34     0
2426.35  6.01e-15  6.54e-15   107    13     0
2429.01  1.46e-14  7.14e-15   107    33     0
2431.68  1.62e-14  5.82e-15   107    35     0
2434.34  2.07e-14  7.06e-15   107    46     0
2437.00  8.84e-16  5.99e-15   107     1     0
2439.67  1.30e-14  5.57e-15   107    29     0
2442.33  6.17e-15  5.21e-15   107    14     0
2444.99  2.15e-14  9.22e-15   107    50     0
2447.65  2.13e-14  5.54e-15   107    49     0
2450.32 -1.56e-15  7.07e-15   107    -3     0
2452.98  8.39e-15  5.07e-15   107    20     0
2455.64  4.03e-15  4.72e-15   107     9     0
2458.30  5.99e-15  7.18e-15   107    14     0
2460.97 -7.80e-15  4.59e-15   107   -19     0
2463.63  1.33e-14  5.61e-15   107    33     0
2466.29  3.84e-15  6.18e-15   107     9     0
2468.96  1.54e-14  4.87e-15   107    39     0
2471.62  3.49e-15  5.84e-15   107     9     0
2474.28  1.51e-14  6.79e-15   107    40     0
2476.94  2.53e-14  8.18e-15   107    68     0
2479.61  2.35e-14  7.35e-15   107    64     0
2482.27  8.10e-15  6.04e-15   107    22     0
2484.93  3.59e-15  4.86e-15   107     9     0
2487.60  6.00e-15  5.17e-15   107    16     0
2490.26  1.26e-14  5.07e-15   107    35     0
2492.92  8.32e-15  7.92e-15   107    23     0
2495.58  1.09e-14  4.53e-15   107    30     0
2498.25 -5.84e-16  4.20e-15   107    -1     0
2500.91  6.78e-15  5.63e-15   107    18     0
2503.57  1.89e-14  7.72e-15   107    52     0
2506.24  1.48e-14  7.63e-15   107    41     0
2508.90  2.00e-14  8.06e-15   107    55     0
2511.56  1.01e-14  5.66e-15   107    29     0
2514.22  1.62e-14  3.90e-15   107    47     0
2516.89  3.29e-15  6.75e-15   107     9     0
2519.55  1.41e-14  3.97e-15   108    39     0
2522.21  2.21e-14  6.73e-15   108    64     0
2524.87  5.15e-15  3.74e-15   108    15     0
2527.54  8.51e-15  3.81e-15   108    25     0
2530.20  1.90e-16  5.39e-15   108     0     0
2532.86  5.93e-15  6.39e-15   108    17     0
2535.53  5.41e-15  3.88e-15   108    16     0
2538.19  1.84e-14  7.44e-15   108    56     0
2540.85  6.18e-15  4.54e-15   108    19     0
2543.51  1.07e-14  4.35e-15   108    33     0
2546.18  1.48e-14  5.14e-15   108    47     0
2548.84  2.55e-15  5.46e-15   108     8     0
2551.50  6.14e-15  5.06e-15   108    19     0
2554.17  1.21e-14  5.22e-15   108    39     0
2556.83 -3.85e-15  3.20e-15   108   -13     0
2559.49 -4.78e-15  4.20e-15   108   -16     0
2562.15  1.49e-15  4.77e-15   108     4     0
2564.82  3.91e-15  4.71e-15   108    13     0
2567.48  3.64e-15  3.29e-15   108    12     0
2570.14  4.04e-15  3.49e-15   108    13     0
2572.80  4.87e-15  5.59e-15   108    16     0
2575.47  4.29e-15  5.11e-15   108    14     0
2578.13 -1.15e-15  3.17e-15   108    -3     0
2580.79  1.94e-14  4.76e-15   108    64     0
2583.46  1.67e-14  6.51e-15   108    55     0
2586.12  1.22e-14  6.98e-15   108    41     0
2588.78  1.35e-14  5.60e-15   108    46     0
2591.44  1.45e-14  6.10e-15   108    49     0
2594.11  2.22e-14  8.20e-15   108    76     0
2596.77  2.49e-14  9.64e-15   108    88     0
2599.43  2.84e-14  9.30e-15   107   102     0
2602.10  2.67e-14  6.77e-15   107    96     0
2604.76  1.61e-14  5.89e-15   107    58     0
2607.42  2.04e-14  7.16e-15   107    74     0
2610.08  2.66e-14  1.09e-14   107    95     0
2612.75  2.23e-14  9.04e-15   107    80     0
2615.41  2.37e-14  5.17e-15   107    89     0
2618.07  3.66e-14  9.50e-15   107   138     0
2620.74  2.67e-14  8.09e-15   107   101     0
2623.40  2.39e-14  9.39e-15   107    90     0
2626.06  3.40e-14  1.00e-14   107   127     0
2628.72  3.00e-14  9.90e-15   107   113     0
2631.39  2.76e-14  8.71e-15   107   106     0
2634.05  1.09e-14  6.74e-15   107    42     0
2636.71  1.64e-14  4.28e-15   107    62     0
2639.37  1.11e-15  3.85e-15   107     4     0
2642.04  8.91e-15  2.85e-15   107    34     0
2644.70  1.69e-15  2.82e-15   107     6     0
2647.36  4.18e-15  2.87e-15   107    16     0
2650.03  7.61e-16  3.93e-15   106     2     0
2652.69  1.44e-15  2.73e-15   106     5     0
2655.35  5.92e-15  2.80e-15   106    23     0
2658.01  5.86e-15  2.67e-15   106    23     0
2660.68  8.16e-15  2.74e-15   106    32     0
2663.34  4.01e-15  2.55e-15   106    16     0
2666.00  4.73e-15  3.48e-15   106    18     0
2668.67  1.06e-14  4.86e-15   106    42     0
2671.33  8.56e-15  3.18e-15   106    34     0
2673.99  7.71e-15  4.23e-15   106    31     0
2676.65  4.74e-15  2.75e-15   106    19     0
2679.32  6.19e-15  3.31e-15   105    25     0
2681.98  8.03e-15  2.80e-15   105    32     0
2684.64  2.07e-15  3.49e-15   105     8     0
2687.31  5.77e-15  2.57e-15   105    24     0
2689.97  2.13e-15  2.41e-15   105     8     0
2692.63  5.93e-15  3.22e-15   105    24     0
2695.29  6.12e-15  4.85e-15   105    25     0
2697.96  6.44e-15  2.79e-15   105    26     0
2700.62  6.11e-15  2.68e-15   104    25     0
2703.28  4.73e-15  2.72e-15   104    19     0
2705.94  2.42e-15  2.56e-15   104    10     0
2708.61  7.87e-15  2.87e-15   104    32     0
2711.27  9.76e-15  2.88e-15   104    39     0
2713.93  1.01e-14  4.39e-15   104    40     0
2716.60  1.27e-14  3.57e-15   104    51     0
2719.26  6.62e-15  4.27e-15   104    26     0
2721.92  1.60e-14  5.71e-15   103    63     0
2724.58  1.90e-14  4.83e-15   103    76     0
2727.25  9.60e-15  4.74e-15   103    40     0
2729.91  1.30e-14  4.67e-15   103    54     0
2732.57  1.46e-14  4.03e-15   103    60     0
2735.24  1.34e-14  5.94e-15   103    55     0
2737.90  1.35e-14  4.31e-15   102    56     0
2740.56  1.40e-14  4.69e-15   102    58     0
2743.22  1.41e-14  5.56e-15   102    58     0
2745.89  2.25e-14  6.78e-15   102    94     0
2748.55  2.78e-14  7.06e-15   102   116     0
2751.21  2.22e-14  6.19e-15   102    92     0
2753.88  1.85e-14  5.51e-15   101    77     0
2756.54  1.22e-14  4.92e-15   101    50     0
2759.20  1.68e-14  5.23e-15   101    69     0
2761.86  1.54e-14  5.20e-15   101    64     0
2764.53  9.63e-15  4.78e-15   101    40     0
2767.19  1.31e-14  3.84e-15   100    55     0
2769.85  1.31e-14  3.09e-15   100    55     0
2772.51  9.91e-15  3.68e-15   100    41     0
2775.18  1.18e-14  4.71e-15   100    49     0
2777.84  1.08e-14  3.74e-15   100    45     0
2780.50  1.01e-14  3.83e-15   100    42     0
2783.17  8.43e-15  4.14e-15    99    35     0
2785.83  1.15e-14  5.89e-15    99    47     0
2788.49  4.03e-14  1.50e-14    99   164     0
2791.15  9.45e-14  3.43e-14    99   391     0
2793.82  1.74e-13  5.56e-14    99   715     0
2796.48  1.96e-13  5.65e-14    98   796     0
2799.14  1.91e-13  5.14e-14    98   780     0
2801.81  1.84e-13  4.93e-14    98   754     0
2804.47  1.24e-13  3.61e-14    98   509     0
2807.13  7.84e-14  2.68e-14    97   308     0
2809.79  4.26e-14  1.49e-14    97   168     0
2812.46  1.23e-14  3.98e-15    97    50     0
2815.12  8.98e-15  4.34e-15    97    36     0
2817.78  1.11e-14  2.80e-15    97    45     0
2820.45  1.52e-14  4.16e-15    96    61     0
2823.11  1.03e-14  3.17e-15    96    41     0
2825.77  5.67e-15  2.72e-15    96    23     0
2828.43  7.73e-15  4.20e-15    96    31     0
2831.10  1.53e-14  3.50e-15    95    63     0
2833.76  1.08e-14  3.91e-15    95    44     0
2836.42  1.56e-14  3.82e-15    95    63     0
2839.08  1.09e-14  2.82e-15    95    44     0
2841.75  1.04e-14  2.85e-15    95    42     0
2844.41  9.26e-15  2.96e-15    94    37     0
2847.07  1.04e-14  3.68e-15    94    42     0
2849.74  1.19e-14  4.78e-15    94    48     0
2852.40  1.42e-14  5.07e-15    94    56     0
2855.06  1.16e-14  4.26e-15    93    46     0
2857.72  9.48e-15  4.41e-15    93    38     0
2860.39  1.13e-14  4.49e-15    93    44     0
2863.05  1.65e-14  3.59e-15    93    65     0
2865.71  1.58e-14  3.40e-15    93    62     0
2868.38  9.37e-15  3.47e-15    92    37     0
2871.04  1.65e-14  5.20e-15    92    65     0
2873.70  9.85e-15  4.10e-15    92    39     0
2876.36  1.55e-14  4.75e-15    92    59     0
2879.03  1.79e-14  5.57e-15    91    69     0
2881.69  1.49e-14  4.80e-15    91    57     0
2884.35  1.18e-14  3.83e-15    91    45     0
2887.02  1.11e-14  3.93e-15    91    43     0
2889.68  1.43e-14  4.59e-15    90    55     0
2892.34  1.52e-14  4.39e-15    90    58     0
2895.00  9.58e-15  3.27e-15    90    37     0
2897.67  9.53e-15  3.09e-15    90    36     0
2900.33  1.23e-14  3.32e-15    90    46     0
2902.99  1.41e-14  3.34e-15    89    53     0
2905.65  1.31e-14  3.16e-15    89    49     0
2908.32  1.57e-14  3.72e-15    89    58     0
2910.98  1.80e-14  3.25e-15    89    68     0
2913.64  1.20e-14  3.47e-15    88    45     0
2916.31  8.25e-15  3.08e-15    88    31     0
2918.97  1.74e-14  5.83e-15    88    64     0
2921.63  2.00e-14  6.17e-15    88    72     0
2924.29  1.67e-14  5.72e-15    88    59     0
2926.96  1.82e-14  3.41e-15    87    65     0
2929.62  1.78e-14  5.28e-15    87    63     0
2932.28  1.76e-14  5.33e-15    87    62     0
2934.95  2.21e-14  4.52e-15    87    77     0
2937.61  1.80e-14  3.48e-15    86    63     0
2940.27  1.72e-14  4.18e-15    86    59     0
2942.93  1.81e-14  3.97e-15    86    62     0
2945.60  1.81e-14  6.19e-15    86    60     0
2948.26  2.08e-14  4.49e-15    86    69     0
2950.92  1.93e-14  5.00e-15    85    65     0
2953.59  2.15e-14  5.47e-15    85    71     0
2956.25  2.01e-14  4.06e-15    85    67     0
2958.91  2.22e-14  4.67e-15    85    73     0
2961.57  1.70e-14  5.32e-15    85    55     0
2964.24  1.76e-14  4.24e-15    84    56     0
2966.90  2.13e-14  5.82e-15    84    67     0
2969.56  2.63e-14  6.79e-15    84    82     0
2972.22  2.37e-14  6.34e-15    84    74     0
2974.89  2.57e-14  4.31e-15    84    79     0
2977.55  2.00e-14  5.61e-15    84    59     0
2980.21  2.03e-14  4.83e-15    83    60     0
2982.88  2.18e-14  4.59e-15    83    64     0
2985.54  1.72e-14  5.09e-15    83    50     0
2988.20  1.57e-14  4.03e-15    83    45     0
2990.86  1.96e-14  4.16e-15    83    56     0
2993.53  1.68e-14  4.17e-15    82    47     0
2996.19  1.96e-14  4.27e-15    82    54     0
2998.85  2.10e-14  4.32e-15    82    57     0
3001.52  1.62e-14  4.16e-15    82    45     0
3004.18  1.82e-14  4.69e-15    82    50     0
3006.84  1.44e-14  4.80e-15    82    39     0
3009.50  1.51e-14  4.29e-15    81    40     0
3012.17  1.31e-14  4.44e-15    81    34     0
3014.83  1.33e-14  4.40e-15    81    34     0
3017.49  1.33e-14  4.42e-15    81    34     0
3020.16  1.76e-14  4.60e-15    81    44     0
3022.82  1.81e-14  4.78e-15    81    44     0
3025.48  1.76e-14  4.71e-15    81    42     0
3028.14  2.23e-14  4.85e-15    80    53     0
3030.81  1.82e-14  5.13e-15    80    43     0
3033.47  1.80e-14  5.25e-15    80    42     0
3036.13  2.23e-14  4.95e-15    80    51     0
3038.79  1.96e-14  4.97e-15    80    44     0
3041.46  1.93e-14  5.19e-15    80    42     0
3044.12  1.72e-14  5.05e-15    80    37     0
3046.78  1.41e-14  5.06e-15    80    30     0
3049.45  1.80e-14  5.19e-15    79    38     0
3052.11  2.35e-14  5.31e-15    79    49     0
3054.77  1.33e-14  5.60e-15    79    27     0
3057.43  1.35e-14  6.18e-15    79    26     0
3060.10  1.42e-14  6.07e-15    79    27     0
3062.76  1.46e-14  6.16e-15    79    27     0
3065.42  3.15e-14  6.06e-15    79    59     0
3068.09  2.86e-14  5.97e-15    79    52     0
3070.75  2.36e-14  5.86e-15    79    43     0
3073.41  2.30e-14  5.94e-15    78    41     0
3076.07  1.57e-14  5.97e-15    78    27     0
3078.74  1.86e-14  6.09e-15    78    32     0
3081.40  1.79e-14  6.10e-15    78    30     0
3084.06  2.34e-14  6.25e-15    78    39     0
3086.73  2.25e-14  6.39e-15    78    36     0
3089.39  2.13e-14  6.44e-15    78    34     0
3092.05  2.03e-14  6.48e-15    78    32     0
3094.71  1.73e-14  6.51e-15    78    26     0
3097.38  1.97e-14  6.76e-15    78    29     0
3100.04  3.49e-14  7.01e-15    78    51     0
3102.70  2.71e-14  6.99e-15    77    39     0
3105.36  1.89e-14  7.02e-15    77    27     0
3108.03  2.86e-14  8.51e-15    77    40     0
3110.69  2.28e-14  8.27e-15    77    31     0
3113.35  3.08e-14  7.25e-15    77    42     0
3116.02  2.72e-14  7.37e-15    77    36     0
3118.68  2.85e-14  7.71e-15    77    37     0
3121.34  2.49e-14  7.42e-15    77    32     0
3124.00  2.42e-14  7.51e-15    77    30     0
3126.67  2.16e-14  7.53e-15    77    26     0
3129.33  2.38e-14  8.18e-15    77    29     0
3131.99  3.05e-14  7.78e-15    77    36     0
3134.66  2.67e-14  7.80e-15    77    31     0
3137.32  1.96e-14  7.80e-15    77    22     0
3139.98  2.87e-14  8.01e-15    77    32     0
3142.64  2.30e-14  8.17e-15    77    25     0
3145.31  2.90e-14  8.34e-15    77    31     0
3147.97  3.54e-14  8.57e-15    76    37     0
3150.63  3.86e-14  8.56e-15    76    40     0
3153.30  3.23e-14  1.28e-14    76    33     0
3155.96  4.03e-14  8.82e-15    76    40     0
3158.62  3.57e-14  9.84e-15    76    35     0
3161.28  2.94e-14  9.91e-15    76    28     0
3163.95  3.73e-14  8.97e-15    76    35     0
3166.61  4.13e-14  9.16e-15    76    37     0
3169.27  3.61e-14  9.25e-15    76    32     0
3171.93  3.93e-14  1.11e-14    76    33     0
3174.60  4.82e-14  1.49e-14    76    40     0
3177.26  4.13e-14  1.22e-14    76    35     0
3179.92  5.50e-14  9.57e-15    76    46     0
3182.59  3.30e-14  9.34e-15    76    26     0
3185.25  3.25e-14  1.16e-14    76    26     0
3187.91  3.36e-14  9.51e-15    76    26     0
3190.57  3.73e-14  1.03e-14    76    28     0
3193.24  4.35e-14  1.30e-14    75    31     0
3195.90  4.63e-14  1.11e-14    75    33     0
3198.56  5.30e-14  1.22e-14    75    37     0
3201.23  3.25e-14  1.16e-14    75    22     0
3203.89  3.14e-14  1.02e-14    75    21     0
3206.55  5.00e-14  1.18e-14    75    30     0
3209.21  4.08e-14  1.35e-14    75    24     0
3211.88  4.82e-14  1.65e-14    75    29     0
3214.54  4.37e-14  1.15e-14    75    26     0
3217.20  3.01e-14  1.62e-14    75    16     0
3219.87  3.10e-14  1.39e-14    75    16     0
3222.53  2.67e-14  1.02e-14    74    14     0
3225.19  3.42e-14  1.04e-14    74    18     0
3227.85  2.62e-14  1.41e-14    74    13     0
3230.52  1.47e-14  1.08e-14    74     7     0
3233.18  2.64e-14  1.22e-14    74    13     0
3235.84  3.76e-14  1.71e-14    74    18     0
3238.50  2.22e-14  1.39e-14    74    10     0
3241.17  7.35e-15  1.06e-14    73     3     0
3243.83  1.83e-15  1.43e-14    73     0     0
3246.49  2.30e-14  1.13e-14    73    10     0
3249.16  3.16e-14  1.10e-14    73    13     0
3251.82  3.04e-14  1.16e-14    73    13     0
3254.48  3.62e-14  1.54e-14    73    15     0
3257.14  4.70e-14  1.40e-14    72    19     0
3259.81  6.03e-14  1.78e-14    72    23     0
3262.47  7.39e-14  1.85e-14    72    29     0
3265.13  3.23e-14  1.66e-14    72    12     0
3267.80  4.40e-14  1.38e-14    71    16     0
3270.46  4.90e-14  1.73e-14    71    17     0
3273.12  7.09e-15  1.65e-14    71     2     0
3275.78  4.11e-14  1.66e-14    71    13     0
3278.45  4.70e-14  1.58e-14    70    15     0
3281.11  2.27e-14  1.57e-14    70     7     0
3283.77  1.80e-14  1.49e-14    70     5     0
3286.44  5.56e-14  1.55e-14    69    17     0
3289.10  1.01e-14  2.17e-14    69     3     0
3291.76  2.04e-14  2.87e-14    69     5     0
3294.42 -2.04e-14  1.76e-14    68    -5     0
3297.09  3.05e-15  2.01e-14    68     0     0
3299.75  3.59e-14  2.17e-14    68     9     0
3302.41  4.26e-14  2.16e-14    67    11     0
3305.07  3.41e-14  3.24e-14    67     8     0
3307.74  1.78e-14  1.93e-14    66     4     0
3310.40  4.38e-15  1.99e-14    66     1     0
3313.06 -1.78e-14  2.03e-14    65    -4     0
3315.73 -3.66e-14  2.35e-14    65    -7     0
3318.39  1.35e-14  2.39e-14    64     2     0
3321.05  8.18e-14  2.64e-14    64    15     0
3323.71  2.60e-14  3.14e-14    63     4     0
3326.38 -3.11e-14  2.85e-14    63    -5     0
3329.04  1.74e-15  2.82e-14    62     0     0
3331.70  3.86e-14  2.87e-14    61     6     0
3334.37  5.95e-14  3.18e-14    61     9     0
3337.03  2.58e-14  2.79e-14    60     4     0
3339.69  5.45e-14  2.90e-14    59     9     0
3342.35  7.46e-14  3.25e-14    59    11     0
3345.02  5.86e-14  3.43e-14    58     8     0
3347.68  1.01e-13  3.74e-14    57    13     0
