NOT ORIGINAL IUE PROJECT DATA PRODUCT
LWP21134LOWLARGE
HD  197481
20:42:04
-31:31:05
48
NO-TRAIL
ALONG-APER
01199.595
02/09/91
17:12:13
245
09.50
16/01/96
VILSPA
2448502.21682
59
30
1851.19  2.12e-13  5.13e-13   126    19     0
1853.85  5.47e-13  4.89e-13   125    53     0
1856.51 -1.78e-13  6.29e-13   124   -13     0
1859.17 -9.96e-14  5.82e-13   123    -7     0
1861.84 -1.41e-13  3.65e-13   122   -17     0
1864.50 -5.84e-14  3.34e-13   121    -7     0
1867.16 -2.93e-14  2.58e-13   120    -5     0
1869.83  1.08e-13  2.43e-13   119    19     0
1872.49  5.90e-14  2.15e-13   118    12     0
1875.15 -1.18e-13  1.87e-13   117   -27     0
1877.81 -1.15e-13  1.76e-13   116   -28     0
1880.48 -1.12e-13  1.82e-13   116   -26     0
1883.14  1.03e-13  1.75e-13   115    25     0
1885.80 -9.03e-14  1.56e-13   114   -24     0
1888.47  4.80e-14  1.49e-13   113    13     0
1891.13  1.40e-13  1.47e-13   112    40     0
1893.79  5.56e-14  1.38e-13   112    16     0
1896.45 -8.31e-14  1.24e-13   111   -27     0
1899.12 -1.09e-13  1.19e-13   110   -36     0
1901.78 -1.09e-13  1.26e-13   109   -35     0
1904.44  2.52e-14  1.20e-13   109     8     0
1907.11 -4.78e-14  1.13e-13   108   -16     0
1909.77 -1.42e-13  1.09e-13   107   -50     0
1912.43 -2.00e-14  1.00e-13   107    -7     0
1915.09  8.66e-14  1.02e-13   106    33     0
1917.76  2.12e-14  9.51e-14   106     8     0
1920.42 -1.57e-13  8.42e-14   105   -71     0
1923.08 -1.04e-13  8.01e-14   104   -48     0
1925.74 -3.31e-14  8.77e-14   104   -13     0
1928.41  1.02e-13  8.76e-14   103    44     0
1931.07  5.06e-14  7.93e-14   103    23     0
1933.73  4.06e-15  7.47e-14   102     1     0
1936.40  4.16e-15  7.39e-14   102     2     0
1939.06  2.33e-14  7.18e-14   101    11     0
1941.72  2.76e-14  6.83e-14   101    14     0
1944.38  4.84e-14  6.67e-14   101    25     0
1947.05 -2.74e-14  6.15e-14   100   -15     0
1949.71 -1.05e-14  5.94e-14   100    -6     0
1952.37 -1.01e-14  6.09e-14    99    -5     0
1955.04 -6.46e-14  5.84e-14    99   -37     0
1957.70 -2.51e-14  5.64e-14    99   -14     0
1960.36  3.20e-15  5.44e-14    98     1     0
1963.02  9.52e-15  5.28e-14    98     5     0
1965.69  1.42e-14  4.93e-14    98     9     0
1968.35 -1.95e-13  9.13e-14    97  -132     0
1971.01  5.09e-14  5.00e-14    97    33     0
1973.68  5.88e-14  4.89e-14    97    39     0
1976.34  2.25e-14  4.26e-14    96    16     0
1979.00 -7.23e-14  4.06e-14    96   -55     0
1981.66  2.71e-14  4.21e-14    96    20     0
1984.33  7.48e-14  4.30e-14    95    57     0
1986.99 -2.41e-15  3.79e-14    95    -1     0
1989.65  9.60e-15  3.70e-14    95     7     0
1992.31  1.85e-14  3.74e-14    95    14     0
1994.98 -2.22e-14  3.59e-14    94   -18     0
1997.64  1.84e-14  3.51e-14    94    15     0
2000.30  7.22e-15  3.47e-14    94     6     0
2002.97  3.75e-14  3.49e-14    94    31     0
2005.63  2.30e-14  3.32e-14    94    20     0
2008.29 -2.90e-14  3.18e-14    93   -25     0
2010.95  9.02e-15  3.36e-14    93     7     0
2013.62  3.61e-14  5.21e-14    93    30     0
2016.28  1.72e-14  2.97e-14    93    16     0
2018.94 -3.17e-15  2.88e-14    93    -2     0
2021.61 -1.54e-14  3.04e-14    93   -13     0
2024.27  9.81e-15  3.03e-14    92     8     0
2026.93 -2.93e-14  2.88e-14    92   -26     0
2029.59  3.09e-14  2.97e-14    92    28     0
2032.26 -2.97e-14  2.85e-14    92   -26     0
2034.92  3.88e-15  2.82e-14    92     3     0
2037.58  1.24e-14  2.82e-14    92    11     0
2040.25 -1.67e-14  2.80e-14    92   -15     0
2042.91 -1.36e-15  2.76e-14    91    -1     0
2045.57  8.74e-15  2.84e-14    91     7     0
2048.23  5.89e-15  2.79e-14    91     5     0
2050.90  1.05e-14  2.71e-14    91     9     0
2053.56 -3.09e-15  2.64e-14    91    -2     0
2056.22  2.45e-14  2.70e-14    91    22     0
2058.88  1.42e-14  2.62e-14    91    13     0
2061.55 -3.35e-14  2.51e-14    91   -31     0
2064.21  1.54e-15  2.47e-14    91     1     0
2066.87  2.54e-14  2.49e-14    91    23     0
2069.54 -2.12e-14  2.40e-14    91   -20     0
2072.20 -2.82e-14  2.34e-14    90   -27     0
2074.86  2.66e-14  2.40e-14    90    25     0
2077.52 -1.75e-14  2.25e-14    90   -17     0
2080.19  1.50e-14  2.29e-14    90    14     0
2082.85  2.57e-14  2.33e-14    90    25     0
2085.51  1.55e-14  2.26e-14    90    15     0
2088.18 -3.70e-15  2.18e-14    90    -3     0
2090.84 -8.99e-15  2.21e-14    90    -9     0
2093.50 -2.71e-15  2.09e-14    90    -2     0
2096.16 -3.52e-16  2.11e-14    90     0     0
2098.83  4.90e-14  2.30e-14    90    48     0
2101.49 -7.55e-15  2.08e-14    90    -7     0
2104.15 -1.67e-14  2.06e-14    90   -16     0
2106.82 -8.38e-15  2.07e-14    90    -8     0
2109.48 -2.64e-15  2.46e-14    90    -2     0
2112.14  6.94e-15  2.05e-14    90     6     0
2114.80  2.90e-14  2.14e-14    90    27     0
2117.47 -1.75e-15  2.01e-14    89    -1     0
2120.13  2.27e-14  2.06e-14    89    22     0
2122.79 -1.23e-14  1.93e-14    89   -11     0
2125.45  4.42e-14  2.10e-14    89    43     0
2128.12 -8.23e-15  1.87e-14    89    -8     0
2130.78 -3.01e-16  1.87e-14    89     0     0
2133.44  6.24e-15  1.87e-14    89     6     0
2136.11 -1.20e-14  1.83e-14    89   -11     0
2138.77  1.59e-14  1.88e-14    89    15     0
2141.43  1.58e-14  1.83e-14    89    15     0
2144.09  1.88e-14  1.82e-14    89    18     0
2146.76  3.01e-14  1.84e-14    89    30     0
2149.42  8.60e-15  1.74e-14    89     8     0
2152.08  2.55e-14  1.84e-14    89    24     0
2154.75  5.27e-15  1.72e-14    89     5     0
2157.41  1.09e-14  1.70e-14    89    10     0
2160.07 -4.01e-15  1.66e-14    89    -3     0
2162.73 -1.43e-16  1.64e-14    89     0     0
2165.40  6.31e-15  1.62e-14    89     6     0
2168.06 -1.11e-14  1.58e-14    89   -11     0
2170.72  1.22e-14  1.61e-14    89    12     0
2173.39  2.20e-15  1.55e-14    89     2     0
2176.05 -2.36e-14  1.57e-14    89   -23     0
2178.71 -2.10e-15  1.55e-14    89    -2     0
2181.37 -2.50e-15  1.57e-14    89    -2     0
2184.04  5.08e-15  1.57e-14    88     4     0
2186.70 -7.93e-15  1.48e-14    88    -7     0
2189.36 -6.25e-15  1.47e-14    88    -6     0
2192.02  2.84e-14  1.66e-14    88    27     0
2194.69 -1.64e-14  1.47e-14    88   -16     0
2197.35 -1.67e-14  1.45e-14    88   -16     0
2200.01  1.15e-14  1.50e-14    88    11     0
2202.68 -7.53e-15  1.55e-14    88    -7     0
2205.34  1.63e-14  1.47e-14    88    16     0
2208.00 -4.37e-15  1.39e-14    88    -4     0
2210.66  3.01e-15  1.41e-14    88     2     0
2213.33  1.04e-14  1.42e-14    88    10     0
2215.99 -1.67e-14  1.32e-14    88   -16     0
2218.65  9.53e-15  1.32e-14    88     9     0
2221.32  3.74e-15  1.30e-14    88     3     0
2223.98  1.10e-15  1.54e-14    88     1     0
2226.64 -2.19e-14  1.43e-14    88   -21     0
2229.30 -1.29e-14  1.32e-14    88   -12     0
2231.97  6.02e-15  1.20e-14    88     6     0
2234.63 -4.04e-15  1.17e-14    87    -4     0
2237.29 -1.19e-14  1.22e-14    87   -12     0
2239.96  1.97e-14  1.26e-14    87    20     0
2242.62  9.47e-15  1.22e-14    87     9     0
2245.28  9.69e-15  1.22e-14    87     9     0
2247.94  1.83e-14  1.24e-14    87    18     0
2250.61  6.59e-15  1.11e-14    87     7     0
2253.27  1.12e-14  1.12e-14    87    12     0
2255.93  6.05e-15  1.09e-14    87     6     0
2258.59  2.78e-14  1.18e-14    87    30     0
2261.26  1.96e-14  1.14e-14    87    21     0
2263.92  1.31e-15  1.03e-14    87     1     0
2266.58  1.04e-14  1.03e-14    87    11     0
2269.25  2.16e-14  1.07e-14    87    24     0
2271.91  1.73e-14  1.05e-14    86    19     0
2274.57  1.51e-14  1.01e-14    86    17     0
2277.23  2.10e-14  9.82e-15    86    25     0
2279.90  5.30e-15  8.74e-15    86     6     0
2282.56  3.52e-15  8.90e-15    86     4     0
2285.22  8.52e-15  9.00e-15    86    10     0
2287.89  5.24e-15  8.68e-15    86     6     0
2290.55 -1.23e-14  8.23e-15    86   -15     0
2293.21 -1.78e-15  8.12e-15    86    -2     0
2295.87  4.64e-16  7.72e-15    86     0     0
2298.54  1.15e-14  8.17e-15    86    14     0
2301.20  8.18e-15  8.02e-15    85    10     0
2303.86  8.08e-15  7.86e-15    85    10     0
2306.53 -7.53e-15  9.99e-15    85    -9     0
2309.19  1.21e-15  7.45e-15    85     1     0
2311.85 -5.06e-16  6.91e-15    85     0     0
2314.51  1.01e-14  7.22e-15    85    13     0
2317.18 -2.21e-16  6.85e-15    85     0     0
2319.84  2.08e-15  6.81e-15    85     2     0
2322.50  6.46e-15  6.75e-15    85     8     0
2325.16  7.16e-16  6.24e-15    84     1     0
2327.83  2.93e-15  6.18e-15    84     4     0
2330.49 -3.63e-15  5.93e-15    84    -5     0
2333.15  1.05e-14  6.14e-15    84    15     0
2335.82  3.20e-14  7.09e-15    84    49     0
2338.48  1.84e-14  6.36e-15    84    28     0
2341.14  2.45e-14  6.58e-15    84    38     0
2343.80  1.50e-14  5.99e-15    84    23     0
2346.47  1.54e-14  5.86e-15    84    24     0
2349.13  1.49e-14  5.84e-15    83    24     0
2351.79  1.16e-15  6.13e-15    83     1     0
2354.46  1.36e-14  5.56e-15    83    22     0
2357.12  1.50e-14  5.34e-15    83    25     0
2359.78  2.40e-14  5.87e-15    83    41     0
2362.44  1.53e-14  5.31e-15    83    26     0
2365.11  6.50e-15  6.28e-15    83    11     0
2367.77  1.48e-14  5.23e-15    83    25     0
2370.43 -4.95e-15  4.60e-15    82    -8     0
2373.09  1.55e-14  6.36e-15    82    27     0
2375.76  1.77e-14  4.93e-15    82    32     0
2378.42  3.90e-15  4.14e-15    82     7     0
2381.08  3.07e-14  5.51e-15    82    56     0
2383.75  2.83e-14  5.21e-15    82    52     0
2386.41  1.71e-14  4.75e-15    82    32     0
2389.07  2.29e-14  4.91e-15    81    43     0
2391.73  2.28e-14  5.39e-15    81    44     0
2394.40  2.08e-14  4.67e-15    81    40     0
2397.06  2.75e-14  5.01e-15    81    53     0
2399.72  1.21e-14  4.15e-15    81    24     0
2402.39  2.55e-14  4.77e-15    81    51     0
2405.05  2.73e-14  5.73e-15    81    54     0
2407.71  1.65e-14  4.23e-15    81    33     0
2410.37  1.13e-14  3.78e-15    80    23     0
2413.04  1.75e-14  4.05e-15    80    37     0
2415.70  1.03e-14  3.62e-15    80    22     0
2418.36  5.68e-15  3.30e-15    80    12     0
2421.03  1.24e-14  3.65e-15    80    27     0
2423.69  4.72e-15  3.57e-15    80    10     0
2426.35  2.40e-15  3.04e-15    80     5     0
2429.01  8.50e-15  3.23e-15    79    19     0
2431.68  3.35e-15  3.05e-15    79     7     0
2434.34  1.03e-14  3.42e-15    79    22     0
2437.00  1.09e-14  4.76e-15    79    24     0
2439.67  4.42e-15  2.99e-15    79     9     0
2442.33  3.61e-15  2.88e-15    79     8     0
2444.99  1.17e-14  3.34e-15    78    27     0
2447.65  7.79e-15  3.02e-15    78    18     0
2450.32  7.91e-15  3.00e-15    78    18     0
2452.98  2.73e-15  2.67e-15    78     6     0
2455.64  4.68e-16  3.62e-15    78     1     0
2458.30  6.24e-15  2.72e-15    78    15     0
2460.97  7.17e-15  2.92e-15    78    17     0
2463.63  8.37e-15  2.81e-15    77    20     0
2466.29  1.19e-14  2.91e-15    77    30     0
2468.96  1.18e-14  2.87e-15    77    30     0
2471.62  5.53e-15  2.53e-15    77    14     0
2474.28  1.19e-14  2.77e-15    77    31     0
2476.94  1.72e-14  2.94e-15    77    46     0
2479.61  2.26e-14  3.20e-15    77    61     0
2482.27  1.67e-14  2.94e-15    76    45     0
2484.93  1.63e-14  2.92e-15    76    44     0
2487.60  1.93e-14  3.00e-15    76    52     0
2490.26  1.65e-14  2.84e-15    76    45     0
2492.92  8.09e-15  2.43e-15    76    22     0
2495.58  1.07e-14  2.56e-15    76    29     0
2498.25  2.89e-15  2.18e-15    76     7     0
2500.91  9.82e-15  2.51e-15    75    27     0
2503.57  8.86e-15  2.47e-15    75    24     0
2506.24  1.14e-14  2.57e-15    75    31     0
2508.90  1.64e-14  2.79e-15    75    45     0
2511.56  1.43e-14  2.55e-15    75    41     0
2514.22  8.12e-15  2.21e-15    75    23     0
2516.89  8.75e-15  2.38e-15    75    24     0
2519.55  1.02e-14  2.43e-15    74    28     0
2522.21  9.82e-15  2.29e-15    74    28     0
2524.87  1.58e-14  2.56e-15    74    46     0
2527.54  1.19e-14  2.33e-15    74    34     0
2530.20  1.19e-14  2.34e-15    74    35     0
2532.86  1.39e-14  2.41e-15    74    41     0
2535.53  1.24e-14  2.34e-15    74    37     0
2538.19  1.03e-14  2.35e-15    73    31     0
2540.85  1.09e-14  2.23e-15    73    33     0
2543.51  1.24e-14  2.29e-15    73    38     0
2546.18  7.78e-15  2.01e-15    73    24     0
2548.84  8.27e-15  2.02e-15    73    26     0
2551.50  9.46e-15  2.09e-15    73    29     0
2554.17  1.29e-14  2.21e-15    73    41     0
2556.83  1.13e-14  2.08e-15    73    37     0
2559.49  1.08e-14  2.02e-15    72    36     0
2562.15  1.08e-14  2.05e-15    72    36     0
2564.82  1.08e-14  2.03e-15    72    36     0
2567.48  7.76e-15  1.87e-15    72    26     0
2570.14  8.38e-15  1.89e-15    72    28     0
2572.80  8.38e-15  1.85e-15    72    28     0
2575.47  8.08e-15  1.86e-15    72    27     0
2578.13  1.18e-14  2.06e-15    71    39     0
2580.79  1.47e-14  2.20e-15    71    48     0
2583.46  1.52e-14  2.15e-15    71    50     0
2586.12  1.82e-14  2.32e-15    71    62     0
2588.78  1.63e-14  2.24e-15    71    56     0
2591.44  1.78e-14  2.31e-15    71    60     0
2594.11  2.44e-14  2.53e-15    71    83     0
2596.77  3.95e-14  3.07e-15    71   139     0
2599.43  4.38e-14  3.17e-15    71   156     0
2602.10  3.37e-14  2.82e-15    70   121     0
2604.76  3.01e-14  2.67e-15    70   109     0
2607.42  3.60e-14  2.91e-15    70   131     0
2610.08  3.68e-14  3.02e-15    70   131     0
2612.75  3.62e-14  2.96e-15    70   130     0
2615.41  4.26e-14  3.15e-15    70   159     0
2618.07  4.26e-14  3.11e-15    70   159     0
2620.74  3.79e-14  2.88e-15    70   142     0
2623.40  4.58e-14  3.23e-15    69   173     0
2626.06  5.90e-14  3.71e-15    69   220     0
2628.72  4.85e-14  3.34e-15    69   182     0
2631.39  3.76e-14  2.85e-15    69   144     0
2634.05  2.14e-14  2.65e-15    69    82     0
2636.71  9.93e-15  1.73e-15    69    37     0
2639.37  6.66e-15  1.60e-15    69    25     0
2642.04  1.07e-14  1.79e-15    69    41     0
2644.70  8.30e-15  1.67e-15    69    31     0
2647.36  5.51e-15  1.52e-15    69    21     0
2650.03  8.26e-15  1.68e-15    68    32     0
2652.69  6.97e-15  1.61e-15    68    27     0
2655.35  8.77e-15  1.66e-15    68    34     0
2658.01  8.79e-15  1.67e-15    68    34     0
2660.68  8.72e-15  1.90e-15    68    34     0
2663.34  1.07e-14  1.72e-15    68    42     0
2666.00  1.08e-14  1.76e-15    68    42     0
2668.67  1.25e-14  1.79e-15    68    49     0
2671.33  1.24e-14  1.76e-15    68    49     0
2673.99  9.73e-15  1.66e-15    68    39     0
2676.65  7.22e-15  1.59e-15    68    29     0
2679.32  1.00e-14  1.70e-15    67    40     0
2681.98  1.05e-14  1.70e-15    67    42     0
2684.64  8.93e-15  1.66e-15    67    36     0
2687.31  1.01e-14  1.67e-15    67    41     0
2689.97  1.40e-14  1.79e-15    67    57     0
2692.63  1.11e-14  1.72e-15    67    45     0
2695.29  7.88e-15  1.59e-15    67    32     0
2697.96  1.14e-14  1.75e-15    67    46     0
2700.62  9.34e-15  1.66e-15    67    38     0
2703.28  9.94e-15  1.68e-15    67    40     0
2705.94  1.13e-14  1.74e-15    67    46     0
2708.61  1.39e-14  1.85e-15    67    57     0
2711.27  2.04e-14  2.14e-15    66    81     0
2713.93  1.76e-14  1.99e-15    66    70     0
2716.60  1.57e-14  1.94e-15    66    63     0
2719.26  1.29e-14  1.85e-15    66    52     0
2721.92  1.39e-14  1.88e-15    66    55     0
2724.58  1.76e-14  2.05e-15    66    70     0
2727.25  2.13e-14  2.13e-15    66    88     0
2729.91  1.96e-14  2.04e-15    66    82     0
2732.57  2.20e-14  2.12e-15    66    91     0
2735.24  2.37e-14  2.22e-15    66    97     0
2737.90  1.99e-14  2.43e-15    66    81     0
2740.56  2.57e-14  2.34e-15    66   106     0
2743.22  2.82e-14  2.36e-15    66   116     0
2745.89  3.03e-14  2.42e-15    66   126     0
2748.55  2.88e-14  2.29e-15    66   120     0
2751.21  3.23e-14  2.50e-15    66   134     0
2753.88  2.27e-14  2.17e-15    65    94     0
2756.54  2.39e-14  2.31e-15    65    99     0
2759.20  2.29e-14  2.21e-15    65    94     0
2761.86  1.70e-14  1.98e-15    65    70     0
2764.53  1.40e-14  1.88e-15    65    58     0
2767.19  1.62e-14  1.94e-15    65    68     0
2769.85  1.30e-14  1.80e-15    65    54     0
2772.51  1.76e-14  2.00e-15    65    72     0
2775.18  1.85e-14  2.05e-15    65    77     0
2777.84  1.73e-14  1.99e-15    65    72     0
2780.50  1.73e-14  1.99e-15    65    72     0
2783.17  1.61e-14  1.97e-15    65    66     0
2785.83  2.61e-14  2.65e-15    65   106     0
2788.49  4.46e-14  4.43e-15    65   180     0
2791.15  7.91e-14  9.85e-15    65   325     0
2793.82  1.89e-13  1.37e-14    65   771     0
2796.48  2.40e-13  1.79e-14    65   968     0
2799.14  2.01e-13  1.69e-14    65   816     0
2801.81  1.91e-13  1.49e-14    64   780     0
2804.47  1.24e-13  7.13e-15    64   506     0
2807.13  5.30e-14  8.01e-15    64   207     0
2809.79  2.71e-14  2.42e-15    64   106     0
2812.46  1.28e-14  1.91e-15    64    52     0
2815.12  1.09e-14  1.82e-15    64    44     0
2817.78  1.43e-14  1.95e-15    64    58     0
2820.45  1.25e-14  1.92e-15    64    50     0
2823.11  1.02e-14  1.83e-15    64    41     0
2825.77  1.62e-14  2.05e-15    64    65     0
2828.43  1.58e-14  2.03e-15    64    63     0
2831.10  1.74e-14  2.06e-15    64    71     0
2833.76  1.40e-14  1.96e-15    64    57     0
2836.42  1.35e-14  1.95e-15    64    54     0
2839.08  1.21e-14  1.90e-15    64    49     0
2841.75  1.55e-14  2.03e-15    64    62     0
2844.41  1.57e-14  2.05e-15    64    62     0
2847.07  1.67e-14  2.06e-15    64    67     0
2849.74  2.34e-14  2.35e-15    64    94     0
2852.40  2.51e-14  2.41e-15    64    99     0
2855.06  1.76e-14  2.11e-15    63    70     0
2857.72  1.50e-14  2.03e-15    63    59     0
2860.39  1.73e-14  2.14e-15    63    68     0
2863.05  1.58e-14  2.09e-15    63    61     0
2865.71  1.51e-14  2.07e-15    63    59     0
2868.38  1.99e-14  2.24e-15    63    77     0
2871.04  1.86e-14  2.17e-15    63    73     0
2873.70  2.00e-14  2.23e-15    63    79     0
2876.36  2.23e-14  2.33e-15    63    85     0
2879.03  2.33e-14  2.40e-15    63    89     0
2881.69  1.93e-14  2.21e-15    63    73     0
2884.35  1.79e-14  2.18e-15    63    68     0
2887.02  1.58e-14  2.14e-15    63    60     0
2889.68  1.52e-14  2.13e-15    63    58     0
2892.34  1.77e-14  2.20e-15    63    68     0
2895.00  1.79e-14  2.21e-15    63    68     0
2897.67  1.42e-14  2.09e-15    63    54     0
2900.33  1.47e-14  2.14e-15    62    55     0
2902.99  1.74e-14  2.23e-15    62    65     0
2905.65  1.52e-14  2.16e-15    62    57     0
2908.32  1.41e-14  2.13e-15    62    52     0
2910.98  1.58e-14  2.17e-15    62    59     0
2913.64  1.90e-14  2.27e-15    62    71     0
2916.31  1.77e-14  2.26e-15    62    66     0
2918.97  2.24e-14  2.42e-15    62    82     0
2921.63  2.59e-14  2.59e-15    62    92     0
2924.29  2.66e-14  2.63e-15    62    94     0
2926.96  2.96e-14  2.69e-15    62   105     0
2929.62  2.46e-14  2.56e-15    62    86     0
2932.28  2.06e-14  2.46e-15    62    72     0
2934.95  1.94e-14  2.44e-15    62    67     0
2937.61  2.17e-14  2.51e-15    61    75     0
2940.27  2.21e-14  2.55e-15    61    75     0
2942.93  2.28e-14  2.58e-15    61    77     0
2945.60  2.05e-14  2.55e-15    61    68     0
2948.26  2.06e-14  2.56e-15    61    68     0
2950.92  2.24e-14  2.61e-15    61    75     0
2953.59  2.35e-14  3.20e-15    61    78     0
2956.25  2.12e-14  2.58e-15    61    70     0
2958.91  2.06e-14  2.57e-15    61    68     0
2961.57  2.23e-14  2.66e-15    61    71     0
2964.24  2.10e-14  2.62e-15    61    66     0
2966.90  2.07e-14  2.65e-15    60    65     0
2969.56  2.07e-14  2.68e-15    60    64     0
2972.22  2.33e-14  2.76e-15    60    72     0
2974.89  2.54e-14  2.84e-15    60    77     0
2977.55  2.37e-14  2.86e-15    60    70     0
2980.21  2.72e-14  2.96e-15    60    81     0
2982.88  2.52e-14  2.91e-15    60    74     0
2985.54  2.29e-14  2.87e-15    60    66     0
2988.20  1.86e-14  2.76e-15    60    53     0
2990.86  1.56e-14  2.68e-15    59    44     0
2993.53  1.44e-14  2.65e-15    59    40     0
2996.19  1.74e-14  2.83e-15    59    47     0
2998.85  2.26e-14  3.02e-15    59    61     0
3001.52  1.83e-14  2.82e-15    59    50     0
3004.18  1.77e-14  2.82e-15    59    48     0
3006.84  1.68e-14  2.84e-15    59    45     0
3009.50  1.87e-14  2.91e-15    59    49     0
3012.17  1.76e-14  2.93e-15    58    45     0
3014.83  1.51e-14  2.88e-15    58    38     0
3017.49  1.70e-14  2.96e-15    58    43     0
3020.16  1.71e-14  3.01e-15    58    42     0
3022.82  1.91e-14  3.11e-15    58    46     0
3025.48  1.59e-14  3.06e-15    58    38     0
3028.14  2.14e-14  3.25e-15    58    50     0
3030.81  2.27e-14  3.30e-15    57    53     0
3033.47  2.19e-14  3.30e-15    57    51     0
3036.13  2.35e-14  3.38e-15    57    53     0
3038.79  2.36e-14  3.39e-15    57    53     0
3041.46  2.47e-14  3.47e-15    57    54     0
3044.12  2.21e-14  3.44e-15    57    48     0
3046.78  1.78e-14  3.34e-15    56    38     0
3049.45  2.30e-14  3.54e-15    56    48     0
3052.11  1.71e-14  3.49e-15    56    35     0
3054.77  1.20e-14  4.13e-15    56    24     0
3057.43  1.97e-14  6.24e-15    56    38 -4096
3060.10  1.99e-14  4.66e-15    55    38     0
3062.76  2.29e-14  4.58e-15    55    43     0
3065.42  2.45e-14  3.90e-15    55    45     0
3068.09  1.91e-14  3.76e-15    55    35     0
3070.75  1.94e-14  3.77e-15    55    35     0
3073.41  2.55e-14  4.01e-15    54    45     0
3076.07  3.19e-14  4.25e-15    54    55     0
3078.74  2.60e-14  4.15e-15    54    44     0
3081.40  2.58e-14  4.15e-15    54    43     0
3084.06  2.59e-14  4.19e-15    54    43     0
3086.73  2.80e-14  4.33e-15    53    45     0
3089.39  2.81e-14  4.39e-15    53    44     0
3092.05  2.97e-14  4.46e-15    53    46     0
3094.71  2.23e-14  4.28e-15    53    34     0
3097.38  2.00e-14  4.30e-15    52    29     0
3100.04  2.17e-14  4.40e-15    52    31     0
3102.70  2.11e-14  4.40e-15    52    30     0
3105.36  2.65e-14  4.61e-15    52    37     0
3108.03  3.05e-14  4.79e-15    51    42     0
3110.69  3.51e-14  4.92e-15    51    48     0
3113.35  3.14e-14  4.86e-15    51    42     0
3116.02  2.29e-14  4.68e-15    51    30     0
3118.68  2.33e-14  4.72e-15    50    30     0
3121.34  2.94e-14  4.95e-15    50    37     0
3124.00  2.43e-14  4.84e-15    50    30     0
3126.67  3.42e-14  5.14e-15    50    42     0
3129.33  3.78e-14  5.32e-15    49    46     0
3131.99  3.57e-14  5.30e-15    49    42     0
3134.66  3.11e-14  5.18e-15    49    36     0
3137.32  2.71e-14  5.10e-15    48    31     0
3139.98  3.10e-14  5.23e-15    48    35     0
3142.64  2.77e-14  5.30e-15    48    30     0
3145.31  3.43e-14  5.54e-15    47    36     0
3147.97  3.53e-14  5.64e-15    47    36     0
3150.63  3.57e-14  5.54e-15    47    37     0
3153.30  2.91e-14  5.40e-15    47    29     0
3155.96  2.91e-14  5.43e-15    46    29     0
3158.62  3.44e-14  5.59e-15    46    34     0
3161.28  3.68e-14  5.80e-15    46    35     0
3163.95  4.67e-14  6.12e-15    45    43     0
3166.61  5.25e-14  6.41e-15    45    47     0
3169.27  5.55e-14  6.56e-15    45    49     0
3171.93  6.55e-14  6.93e-15    44    56     0
3174.60  7.38e-14  7.47e-15    44    61     0
3177.26  5.36e-14  6.49e-15    44    45     0
3179.92  5.09e-14  6.49e-15    43    42     0
3182.59  4.97e-14  6.50e-15    43    40     0
3185.25  4.00e-14  6.19e-15    43    31     0
3187.91  3.52e-14  6.07e-15    42    27     0
3190.57  5.20e-14  6.66e-15    42    38     0
3193.24  5.22e-14  6.78e-15    42    38     0
3195.90  4.44e-14  6.45e-15    41    32     0
3198.56  4.07e-14  6.36e-15    41    28     0
3201.23  2.96e-14  5.94e-15    40    20     0
3203.89  3.36e-14  6.12e-15    40    22     0
3206.55  3.48e-14  6.69e-15    40    21     0
3209.21  4.20e-14  6.91e-15    39    24     0
3211.88  3.39e-14  6.64e-15    39    20     0
3214.54  2.89e-14  6.17e-15    39    17     0
3217.20  3.95e-14  6.73e-15    38    22     0
3219.87  2.80e-14  6.43e-15    38    15     0
3222.53  4.63e-14  6.71e-15    37    25     0
3225.19  5.55e-14  7.72e-15    37    29     0
3227.85  4.20e-14  6.65e-15    37    22     0
3230.52  4.49e-14  6.57e-15    36    23     0
3233.18  4.96e-14  6.74e-15    36    25     0
3235.84  3.70e-14  6.54e-15    35    17     0
3238.50  3.28e-14  6.45e-15    35    15     0
3241.17  2.58e-14  6.31e-15    35    11     0
3243.83  3.80e-14  6.63e-15    34    16     0
3246.49  3.34e-14  6.46e-15    34    14     0
3249.16  3.40e-14  6.63e-15    33    14     0
3251.82  3.96e-14  6.70e-15    33    17     0
3254.48  6.01e-14  6.98e-15    33    25     0
3257.14  6.54e-14  7.24e-15    32    26     0
3259.81  6.69e-14  7.39e-15    32    26     0
3262.47  5.04e-14  7.25e-15    31    20     0
3265.13  3.91e-14  7.48e-15    31    15     0
3267.80  5.01e-14  7.68e-15    31    19     0
3270.46  4.03e-14  7.93e-15    30    14     0
3273.12  3.99e-14  8.11e-15    30    14     0
3275.78  4.84e-14  9.41e-15    29    15     0
3278.45  4.74e-14  8.97e-15    29    15     0
3281.11  1.30e-14  8.75e-15    28     4     0
3283.77  2.81e-14  8.97e-15    28     9     0
3286.44  4.96e-14  9.49e-15    28    15     0
3289.10  2.95e-14  9.68e-15    27     8     0
3291.76  3.00e-14  1.03e-14    27     8     0
3294.42  4.65e-14  1.06e-14    26    12     0
3297.09  3.25e-14  1.03e-14    26     9     0
3299.75  3.88e-14  1.06e-14    25    10     0
3302.41  5.29e-14  1.10e-14    25    14     0
3305.07  5.06e-14  1.14e-14    25    12     0
3307.74  6.00e-14  1.17e-14    24    14     0
3310.40  2.92e-14  1.19e-14    24     7     0
3313.06  3.28e-14  1.24e-14    23     7     0
3315.73  3.47e-14  1.41e-14    23     7     0
3318.39  5.06e-14  1.46e-14    23    10     0
3321.05  1.90e-14  1.61e-14    22     3     0
3323.71  4.47e-14  1.68e-14    22     7     0
3326.38  5.41e-14  1.66e-14    21     9     0
3329.04  6.50e-14  1.72e-14    21    11     0
3331.70  7.62e-14  1.76e-14    20    12     0
3334.37  7.57e-14  1.82e-14    20    12     0
3337.03  9.36e-14  2.12e-14    20    15     0
3339.69  8.75e-14  2.07e-14    19    14     0
3342.35  8.37e-14  2.10e-14    19    12     0
3345.02  9.60e-14  2.18e-14    18    13     0
3347.68  9.92e-14  2.84e-14    18    13     0
