NOT ORIGINAL IUE PROJECT DATA PRODUCT
LWP21142LOWLARGE
HD  197481
20:42:04
-31:31:05
48
NO-TRAIL
NO
599.531
03/09/91
06:28:54
246
5.81
26/05/96
GSFC
2448502.77007
55
29
1851.19 -5.77e-13  7.35e-13   116   -26     0
1853.85  6.44e-13  7.10e-13   115    31     0
1856.51 -2.15e-13  9.11e-13   115    -7     0
1859.17 -5.80e-13  8.43e-13   114   -22     0
1861.84 -1.83e-14  5.29e-13   114    -1     0
1864.50  4.41e-13  5.02e-13   113    29     0
1867.16 -5.66e-13  3.74e-13   113   -49     0
1869.83 -1.28e-13  3.49e-13   112   -11     0
1872.49  2.63e-13  3.23e-13   112    27     0
1875.15  4.94e-14  2.74e-13   111     5     0
1877.81 -1.98e-13  2.55e-13   110   -24     0
1880.48 -3.14e-13  2.64e-13   110   -37     0
1883.14  1.98e-13  2.58e-13   109    24     0
1885.80 -3.67e-14  2.26e-13   109    -4     0
1888.47 -1.64e-13  2.15e-13   108   -23     0
1891.13 -4.61e-14  2.07e-13   108    -6     0
1893.79 -1.32e-14  1.98e-13   107    -1     0
1896.45 -1.46e-15  1.80e-13   107     0     0
1899.12  5.81e-14  1.76e-13   106     9     0
1901.78 -8.44e-14  1.80e-13   105   -13     0
1904.44 -5.78e-14  1.73e-13   105    -9     0
1907.11  2.02e-14  1.65e-13   104     3     0
1909.77  9.82e-14  1.64e-13   104    17     0
1912.43  1.04e-13  1.50e-13   103    20     0
1915.09  4.28e-14  1.45e-13   102     8     0
1917.76 -1.43e-14  1.38e-13   102    -2     0
1920.42 -2.07e-14  1.21e-13   101    -4     0
1923.08 -7.43e-14  1.17e-13   101   -17     0
1925.74  1.63e-14  1.28e-13   100     3     0
1928.41  1.77e-15  1.23e-13   100     0     0
1931.07  4.04e-15  1.13e-13    99     0     0
1933.73 -3.17e-14  1.09e-13    98    -7     0
1936.40  1.78e-14  1.08e-13    98     4     0
1939.06  9.16e-15  1.04e-13    97     2     0
1941.72 -3.47e-14  9.84e-14    97    -9     0
1944.38  6.79e-14  9.81e-14    96    18     0
1947.05 -2.72e-15  8.97e-14    95     0     0
1949.71  6.99e-15  8.70e-14    95     2     0
1952.37 -7.86e-14  8.89e-14    94   -22     0
1955.04  2.55e-14  8.63e-14    94     7     0
1957.70 -1.24e-14  8.24e-14    93    -3     0
1960.36  5.17e-14  8.18e-14    93    15     0
1963.02  1.23e-13  8.26e-14    92    38     0
1965.69 -8.19e-14  7.14e-14    91   -27     0
1968.35  1.92e-14  7.00e-14    91     6     0
1971.01  2.06e-13  8.12e-14    90    68     0
1973.68  2.10e-14  6.92e-14    90     7     0
1976.34  5.58e-14  6.44e-14    89    21     0
1979.00  3.06e-14  6.08e-14    89    11     0
1981.66 -6.76e-14  6.02e-14    88   -25     0
1984.33 -1.50e-14  5.83e-14    87    -5     0
1986.99  6.86e-14  5.91e-14    87    27     0
1989.65  4.51e-14  5.64e-14    86    18     0
1992.31 -3.35e-14  5.39e-14    86   -13     0
1994.98  1.63e-14  5.34e-14    85     6     0
1997.64 -1.33e-14  5.04e-14    85    -5     0
2000.30 -1.98e-14  5.02e-14    84    -8     0
2002.97 -2.40e-14  4.92e-14    84   -10     0
2005.63 -2.77e-14  4.74e-14    83   -12     0
2008.29 -7.57e-15  4.66e-14    83    -3     0
2010.95  4.70e-14  5.13e-14    82    19     0
2013.62  2.50e-14  4.93e-14    82    10     0
2016.28 -7.05e-14  4.26e-14    81   -33     0
2018.94 -5.48e-14  4.21e-14    81   -26     0
2021.61 -1.50e-14  4.44e-14    80    -6     0
2024.27  6.37e-14  4.73e-14    80    28     0
2026.93 -3.34e-14  4.22e-14    79   -15     0
2029.59 -1.49e-14  4.17e-14    79    -6     0
2032.26 -3.61e-14  4.17e-14    78   -16     0
2034.92  1.84e-14  4.20e-14    78     8     0
2037.58  2.65e-14  4.23e-14    77    12     0
2040.25  1.93e-14  4.20e-14    77     8     0
2042.91 -2.94e-14  4.04e-14    76   -13     0
2045.57 -1.21e-14  4.11e-14    76    -5     0
2048.23  1.89e-14  4.17e-14    75     8     0
2050.90  5.31e-14  4.19e-14    75    24     0
2053.56  3.27e-14  4.04e-14    74    15     0
2056.22 -4.90e-14  3.80e-14    74   -22     0
2058.88 -2.46e-14  3.74e-14    73   -11     0
2061.55  5.35e-15  3.68e-14    73     2     0
2064.21  6.85e-14  4.05e-14    72    32     0
2066.87  3.04e-14  3.75e-14    72    14     0
2069.54 -1.96e-14  3.50e-14    72    -9     0
2072.20 -7.65e-15  3.39e-14    71    -3     0
2074.86 -3.73e-14  3.34e-14    71   -18     0
2077.52  1.60e-14  3.35e-14    70     7     0
2080.19  5.82e-15  3.29e-14    70     2     0
2082.85  1.14e-14  3.28e-14    69     5     0
2085.51  4.05e-14  3.48e-14    69    20     0
2088.18  1.93e-14  3.29e-14    69     9     0
2090.84  1.08e-14  3.10e-14    68     5     0
2093.50  6.26e-15  3.08e-14    68     3     0
2096.16 -4.38e-14  3.07e-14    67   -21     0
2098.83  2.01e-14  3.17e-14    67     9     0
2101.49 -1.23e-14  3.03e-14    67    -6     0
2104.15 -2.90e-14  3.01e-14    66   -14     0
2106.82 -3.57e-14  3.02e-14    66   -17     0
2109.48 -1.22e-14  2.99e-14    66    -5     0
2112.14  5.11e-14  3.28e-14    65    24     0
2114.80 -3.73e-15  2.93e-14    65    -1     0
2117.47  1.51e-14  3.02e-14    64     7     0
2120.13 -1.95e-14  2.84e-14    64    -9     0
2122.79 -1.87e-14  2.81e-14    64    -9     0
2125.45  3.01e-14  2.95e-14    63    14     0
2128.12 -7.27e-15  2.73e-14    63    -3     0
2130.78  1.56e-14  2.78e-14    63     7     0
2133.44  2.02e-15  2.69e-14    62     0     0
2136.11 -4.19e-15  2.66e-14    62    -2     0
2138.77  1.35e-14  2.68e-14    62     6     0
2141.43 -8.43e-15  2.55e-14    61    -4     0
2144.09  8.92e-15  2.58e-14    61     4     0
2146.76 -2.56e-14  2.50e-14    61   -12     0
2149.42 -1.70e-14  2.47e-14    61    -8     0
2152.08  1.89e-14  2.60e-14    60     9     0
2154.75 -4.40e-15  2.48e-14    60    -2     0
2157.41  8.72e-15  2.44e-14    60     4     0
2160.07  6.87e-14  2.90e-14    59    34     0
2162.73 -1.91e-14  2.39e-14    59    -9     0
2165.40 -1.28e-14  2.32e-14    59    -6     0
2168.06  1.03e-14  2.36e-14    59     5     0
2170.72 -3.60e-15  2.27e-14    58    -1     0
2173.39  4.48e-14  2.53e-14    58    22     0
2176.05 -4.95e-15  2.28e-14    58    -2     0
2178.71 -1.29e-14  2.26e-14    58    -6     0
2181.37 -8.32e-16  2.27e-14    57     0     0
2184.04  3.07e-14  2.46e-14    57    14     0
2186.70 -1.98e-14  2.15e-14    57    -9     0
2189.36  8.17e-15  2.21e-14    57     4     0
2192.02  1.90e-14  2.27e-14    56     9     0
2194.69  3.02e-14  4.37e-14    56    14     0
2197.35 -7.84e-15  2.29e-14    56    -3     0
2200.01 -1.31e-14  2.10e-14    56    -6     0
2202.68 -3.69e-15  2.07e-14    56    -1     0
2205.34 -1.40e-14  2.03e-14    55    -6     0
2208.00  2.79e-15  2.01e-14    55     1     0
2210.66  4.80e-15  2.15e-14    55     2     0
2213.33  1.37e-14  2.09e-14    55     6     0
2215.99 -1.27e-14  1.90e-14    55    -6     0
2218.65  7.65e-14  2.39e-14    54    39     0
2221.32  5.72e-14  2.72e-14    54    29     0
2223.98 -4.48e-14  1.85e-14    54   -22     0
2226.64 -2.71e-14  1.90e-14    54   -13     0
2229.30  6.84e-15  1.90e-14    54     3     0
2231.97 -1.85e-14  1.94e-14    54    -9     0
2234.63 -7.09e-17  2.11e-14    53     0     0
2237.29  1.33e-14  2.09e-14    53     6     0
2239.96 -1.23e-15  1.73e-14    53     0     0
2242.62  2.08e-14  3.47e-14    53    10     0
2245.28 -9.78e-15  1.70e-14    53    -5     0
2247.94  1.82e-14  1.75e-14    53     9     0
2250.61 -7.24e-15  1.57e-14    52    -3     0
2253.27  1.58e-14  1.65e-14    52     8     0
2255.93  4.22e-14  1.77e-14    52    23     0
2258.59  2.27e-14  1.99e-14    52    12     0
2261.26  1.11e-14  2.48e-14    52     5     0
2263.92 -2.25e-14  1.54e-14    52   -12     0
2266.58 -7.39e-15  1.46e-14    52    -4     0
2269.25  3.07e-14  1.71e-14    52    17     0
2271.91 -8.27e-15  1.40e-14    51    -4     0
2274.57  3.56e-14  2.23e-14    51    20     0
2277.23  1.03e-15  1.29e-14    51     0     0
2279.90  3.46e-15  1.26e-14    51     2     0
2282.56  2.00e-14  2.36e-14    51    12     0
2285.22  1.69e-14  1.91e-14    51    10     0
2287.89 -2.13e-14  1.22e-14    51   -12     0
2290.55 -1.19e-14  1.19e-14    51    -7     0
2293.21  1.59e-14  1.53e-14    51     9     0
2295.87 -1.71e-14  2.53e-14    50   -11     0
2298.54  5.31e-15  2.45e-14    50     3     0
2301.20  1.25e-14  1.33e-14    50     7     0
2303.86 -2.02e-14  1.50e-14    50   -12     0
2306.53  7.96e-15  1.15e-14    50     5     0
2309.19  6.35e-15  1.33e-14    50     4     0
2311.85  1.10e-14  2.51e-14    50     7     0
2314.51 -3.48e-15  9.74e-15    50    -2     0
2317.18 -1.74e-14  1.48e-14    50   -11     0
2319.84  1.48e-14  1.89e-14    50    10     0
2322.50  4.73e-15  1.31e-14    50     3     0
2325.16 -5.06e-15  1.25e-14    50    -3     0
2327.83  1.53e-14  1.34e-14    50    11     0
2330.49  6.18e-16  1.83e-14    49     0     0
2333.15  1.48e-14  1.52e-14    49    11     0
2335.82  1.88e-14  1.43e-14    49    14     0
2338.48  4.55e-15  1.69e-14    49     3     0
2341.14  2.77e-15  8.66e-15    49     2     0
2343.80  2.80e-14  1.22e-14    49    22     0
2346.47  1.89e-14  8.96e-15    49    15     0
2349.13  5.46e-14  2.00e-14    49    44     0
2351.79  2.03e-14  8.88e-15    49    16     0
2354.46  3.47e-14  9.67e-15    49    28     0
2357.12  9.73e-15  1.35e-14    49     8     0
2359.78  9.97e-15  9.28e-15    49     8     0
2362.44  2.52e-14  1.81e-14    49    21     0
2365.11  1.05e-14  2.00e-14    49     8     0
2367.77  5.83e-15  1.12e-14    49     5     0
2370.43  4.14e-15  8.81e-15    49     3     0
2373.09 -1.12e-14  1.08e-14    49   -10     0
2375.76  2.04e-14  8.05e-15    49    19     0
2378.42  2.00e-14  1.15e-14    49    18     0
2381.08  3.17e-14  1.17e-14    49    29     0
2383.75  2.25e-14  7.86e-15    49    21     0
2386.41  4.27e-14  1.97e-14    49    40     0
2389.07  2.79e-14  1.46e-14    48    26     0
2391.73  3.55e-14  1.04e-14    48    34     0
2394.40  1.33e-14  1.43e-14    48    13     0
2397.06  1.13e-14  1.28e-14    48    11     0
2399.72  3.77e-14  9.31e-15    48    37     0
2402.39  2.21e-14  9.38e-15    48    22     0
2405.05 -1.83e-15  1.05e-14    48    -1     0
2407.71  3.41e-14  1.51e-14    48    34     0
2410.37  1.65e-14  1.07e-14    48    17     0
2413.04  3.31e-14  1.28e-14    48    35     0
2415.70  7.47e-15  1.11e-14    48     8     0
2418.36 -2.82e-15  5.15e-15    48    -3     0
2421.03  2.87e-15  7.83e-15    48     3     0
2423.69  2.27e-14  1.26e-14    48    25     0
2426.35  9.06e-15  7.94e-15    48    10     0
2429.01  1.26e-15  1.06e-14    48     1     0
2431.68  5.88e-15  6.36e-15    48     6     0
2434.34  1.02e-14  9.60e-15    48    11     0
2437.00  9.39e-15  9.78e-15    48    10     0
2439.67  1.50e-14  9.44e-15    48    17     0
2442.33  7.38e-15  6.45e-15    48     8     0
2444.99  1.03e-14  7.75e-15    48    12     0
2447.65  1.25e-14  9.88e-15    48    14     0
2450.32 -6.34e-15  7.47e-15    48    -7     0
2452.98 -5.02e-15  6.94e-15    48    -6     0
2455.64  1.33e-14  5.49e-15    48    16     0
2458.30  7.00e-15  5.00e-15    48     8     0
2460.97  1.07e-14  7.03e-15    48    13     0
2463.63  7.41e-15  5.45e-15    48     9     0
2466.29 -9.66e-16  5.86e-15    48    -1     0
2468.96  1.06e-14  7.60e-15    48    13     0
2471.62  3.66e-15  4.68e-15    48     4     0
2474.28  1.94e-14  6.77e-15    48    25     0
2476.94  2.23e-14  7.42e-15    48    30     0
2479.61  1.06e-14  4.00e-15    48    14     0
2482.27  1.37e-14  9.85e-15    48    18     0
2484.93  1.61e-14  4.12e-15    48    22     0
2487.60  7.65e-15  6.50e-15    48    10     0
2490.26  2.72e-15  5.03e-15    48     3     0
2492.92  1.93e-14  9.23e-15    48    26     0
2495.58  2.24e-14  6.02e-15    47    30     0
2498.25  3.73e-15  5.10e-15    47     5     0
2500.91  1.57e-14  7.57e-15    47    21     0
2503.57  9.63e-15  8.32e-15    47    13     0
2506.24  8.06e-15  6.89e-15    47    11     0
2508.90  7.27e-15  7.18e-15    47    10     0
2511.56  1.12e-14  6.72e-15    47    16     0
2514.22  1.48e-14  8.01e-15    47    21     0
2516.89  7.28e-15  4.56e-15    47    10     0
2519.55  2.52e-14  7.08e-15    47    35     0
2522.21  8.33e-15  6.56e-15    47    12     0
2524.87  1.28e-14  3.59e-15    47    19     0
2527.54  1.85e-14  6.29e-15    47    27     0
2530.20  1.24e-14  3.41e-15    47    18     0
2532.86  4.91e-15  4.86e-15    47     7     0
2535.53  2.89e-15  5.44e-15    47     4     0
2538.19  8.64e-15  3.44e-15    47    13     0
2540.85  2.53e-14  4.35e-15    47    39     0
2543.51  1.73e-14  5.59e-15    47    27     0
2546.18  1.96e-14  3.71e-15    47    31     0
2548.84  7.35e-15  5.22e-15    47    11     0
2551.50  8.34e-15  3.31e-15    47    13     0
2554.17  3.54e-15  3.90e-15    47     5     0
2556.83  4.26e-15  2.57e-15    47     7     0
2559.49  4.03e-15  4.94e-15    47     6     0
2562.15  2.28e-14  8.05e-15    46    38     0
2564.82  6.32e-15  4.66e-15    46    10     0
2567.48  7.18e-15  4.86e-15    46    12     0
2570.14  1.41e-14  5.77e-15    46    24     0
2572.80  1.04e-14  6.14e-15    46    17     0
2575.47  9.35e-15  5.41e-15    46    15     0
2578.13  1.19e-14  4.42e-15    46    20     0
2580.79  1.35e-14  3.13e-15    46    22     0
2583.46  3.54e-14  8.04e-15    46    59     0
2586.12  7.11e-15  4.80e-15    46    12     0
2588.78  3.39e-14  6.79e-15    46    58     0
2591.44  9.68e-15  5.10e-15    46    16     0
2594.11  2.46e-14  3.84e-15    46    42     0
2596.77  2.67e-14  5.78e-15    46    47     0
2599.43  4.41e-14  1.00e-14    46    79     0
2602.10  2.62e-14  8.08e-15    46    47     0
2604.76  1.92e-14  4.88e-15    45    35     0
2607.42  1.82e-14  5.73e-15    45    33     0
2610.08  3.17e-14  5.35e-15    45    57     0
2612.75  3.85e-14  4.81e-15    45    69     0
2615.41  3.78e-14  4.29e-15    45    71     0
2618.07  3.91e-14  7.90e-15    45    73     0
2620.74  4.01e-14  4.63e-15    45    76     0
2623.40  4.25e-14  9.97e-15    45    81     0
2626.06  4.49e-14  6.45e-15    45    84     0
2628.72  5.43e-14  1.17e-14    45   102     0
2631.39  4.71e-14  7.66e-15    45    91     0
2634.05  2.96e-14  4.23e-15    45    57     0
2636.71  2.25e-14  3.31e-15    45    43     0
2639.37  6.39e-15  3.89e-15    44    12     0
2642.04  1.03e-14  2.65e-15    44    19     0
2644.70  9.60e-15  4.24e-15    44    18     0
2647.36  3.47e-15  2.14e-15    44     6     0
2650.03  7.27e-15  2.36e-15    44    14     0
2652.69  5.64e-15  2.25e-15    44    11     0
2655.35  5.93e-15  2.28e-15    44    11     0
2658.01  5.19e-15  3.26e-15    44    10     0
2660.68  1.16e-14  2.68e-15    44    23     0
2663.34  1.27e-14  2.65e-15    44    25     0
2666.00  1.78e-14  3.05e-15    43    35     0
2668.67  6.76e-15  2.65e-15    43    13     0
2671.33  1.62e-14  2.84e-15    43    32     0
2673.99  6.00e-15  2.47e-15    43    12     0
2676.65  2.71e-15  2.01e-15    43     5     0
2679.32  2.32e-15  1.98e-15    43     4     0
2681.98  9.47e-15  3.90e-15    43    19     0
2684.64  8.12e-15  2.35e-15    43    16     0
2687.31  1.30e-14  2.54e-15    43    27     0
2689.97  6.66e-15  2.19e-15    42    13     0
2692.63  9.34e-15  2.39e-15    42    19     0
2695.29  1.07e-14  2.47e-15    42    22     0
2697.96  7.40e-15  2.27e-15    42    15     0
2700.62  6.82e-15  2.40e-15    42    14     0
2703.28  8.38e-15  2.36e-15    42    17     0
2705.94  8.61e-15  2.32e-15    42    17     0
2708.61  9.28e-15  2.57e-15    42    19     0
2711.27  1.04e-14  2.50e-15    41    21     0
2713.93  1.90e-14  4.43e-15    41    38     0
2716.60  1.97e-14  3.38e-15    41    40     0
2719.26  1.13e-14  2.54e-15    41    22     0
2721.92  1.28e-14  2.68e-15    41    25     0
2724.58  1.47e-14  2.74e-15    41    29     0
2727.25  1.55e-14  2.72e-15    41    32     0
2729.91  2.52e-14  4.84e-15    41    53     0
2732.57  2.33e-14  5.04e-15    40    48     0
2735.24  1.91e-14  3.04e-15    40    39     0
2737.90  1.32e-14  2.60e-15    40    27     0
2740.56  2.15e-14  3.17e-15    40    44     0
2743.22  3.20e-14  5.96e-15    40    66     0
2745.89  2.86e-14  4.25e-15    40    60     0
2748.55  3.37e-14  3.71e-15    40    70     0
2751.21  3.30e-14  4.00e-15    39    69     0
2753.88  2.47e-14  5.30e-15    39    51     0
2756.54  1.39e-14  2.71e-15    39    28     0
2759.20  2.02e-14  3.32e-15    39    42     0
2761.86  2.06e-14  3.63e-15    39    43     0
2764.53  1.77e-14  2.84e-15    39    37     0
2767.19  1.50e-14  2.68e-15    39    31     0
2769.85  1.39e-14  3.08e-15    38    29     0
2772.51  1.73e-14  2.87e-15    38    36     0
2775.18  1.87e-14  3.60e-15    38    39     0
2777.84  1.19e-14  3.45e-15    38    25     0
2780.50  1.30e-14  2.70e-15    38    27     0
2783.17  1.29e-14  2.76e-15    38    27     0
2785.83  1.46e-14  2.70e-15    38    30     0
2788.49  3.37e-14  4.84e-15    37    68     0
2791.15  6.79e-14  8.94e-15    37   140     0
2793.82  1.62e-13  1.76e-14    37   334     0
2796.48  2.30e-13  2.06e-14    37   468     0
2799.14  2.11e-13  1.81e-14    37   429     0
2801.81  1.94e-13  1.85e-14    37   398     0
2804.47  1.55e-13  9.59e-15    37   319     0
2807.13  1.06e-13  1.36e-14    36   209     0
2809.79  4.38e-14  4.41e-15    36    86     0
2812.46  1.54e-14  4.03e-15    36    31     0
2815.12  1.10e-14  2.58e-15    36    22     0
2817.78  1.08e-14  2.57e-15    36    22     0
2820.45  1.26e-14  2.69e-15    36    25     0
2823.11  1.33e-14  2.73e-15    35    26     0
2825.77  1.22e-14  2.65e-15    35    24     0
2828.43  1.09e-14  2.59e-15    35    22     0
2831.10  1.33e-14  3.14e-15    35    27     0
2833.76  1.09e-14  2.60e-15    35    22     0
2836.42  1.64e-14  2.87e-15    35    33     0
2839.08  1.60e-14  2.87e-15    35    32     0
2841.75  1.53e-14  2.84e-15    34    30     0
2844.41  1.27e-14  2.70e-15    34    25     0
2847.07  1.78e-14  2.95e-15    34    36     0
2849.74  1.60e-14  2.87e-15    34    32     0
2852.40  1.91e-14  3.06e-15    34    38     0
2855.06  1.97e-14  3.06e-15    34    39     0
2857.72  1.40e-14  2.75e-15    33    28     0
2860.39  1.27e-14  2.75e-15    33    25     0
2863.05  1.05e-14  3.06e-15    33    20     0
2865.71  1.21e-14  2.72e-15    33    23     0
2868.38  1.83e-14  3.07e-15    33    36     0
2871.04  1.69e-14  3.01e-15    33    33     0
2873.70  2.13e-14  3.38e-15    33    42     0
2876.36  2.43e-14  3.74e-15    32    47     0
2879.03  2.25e-14  3.74e-15    32    43     0
2881.69  1.96e-14  3.13e-15    32    37     0
2884.35  2.32e-14  3.32e-15    32    44     0
2887.02  2.05e-14  3.19e-15    32    39     0
2889.68  1.48e-14  2.93e-15    32    28     0
2892.34  1.09e-14  2.75e-15    32    21     0
2895.00  1.56e-14  2.98e-15    31    30     0
2897.67  1.19e-14  2.80e-15    31    22     0
2900.33  1.31e-14  2.85e-15    31    25     0
2902.99  1.49e-14  2.95e-15    31    28     0
2905.65  1.16e-14  2.84e-15    31    21     0
2908.32  8.52e-15  2.70e-15    31    16     0
2910.98  1.13e-14  2.80e-15    31    21     0
2913.64  1.51e-14  3.00e-15    30    28     0
2916.31  1.39e-14  2.96e-15    30    26     0
2918.97  1.65e-14  3.09e-15    30    30     0
2921.63  2.79e-14  3.69e-15    30    50     0
2924.29  2.41e-14  3.53e-15    30    43     0
2926.96  2.49e-14  3.55e-15    30    44     0
2929.62  2.06e-14  3.41e-15    30    36     0
2932.28  1.88e-14  3.41e-15    29    33     0
2934.95  1.57e-14  3.20e-15    29    27     0
2937.61  1.87e-14  3.32e-15    29    32     0
2940.27  2.17e-14  3.49e-15    29    37     0
2942.93  1.99e-14  3.39e-15    29    34     0
2945.60  2.09e-14  3.54e-15    29    35     0
2948.26  2.51e-14  3.75e-15    29    41     0
2950.92  2.33e-14  5.09e-15    29    39     0
2953.59  1.87e-14  5.14e-15    28    31     0
2956.25  1.88e-14  3.56e-15    28    31     0
2958.91  1.75e-14  3.37e-15    28    29     0
2961.57  1.72e-14  3.45e-15    28    27     0
2964.24  1.85e-14  3.52e-15    28    29     0
2966.90  2.31e-14  3.76e-15    28    36     0
2969.56  2.60e-14  3.94e-15    28    40     0
2972.22  2.45e-14  3.88e-15    28    38     0
2974.89  2.04e-14  3.73e-15    27    31     0
2977.55  2.28e-14  3.90e-15    27    34     0
2980.21  2.46e-14  3.96e-15    27    36     0
2982.88  2.65e-14  4.06e-15    27    39     0
2985.54  3.16e-14  4.34e-15    27    46     0
2988.20  2.88e-14  4.33e-15    27    41     0
2990.86  2.82e-14  4.26e-15    27    40     0
2993.53  2.16e-14  3.96e-15    27    30     0
2996.19  1.76e-14  3.90e-15    27    24     0
2998.85  1.64e-14  3.87e-15    26    22     0
3001.52  2.30e-14  4.10e-15    26    32     0
3004.18  2.49e-14  4.21e-15    26    34     0
3006.84  1.91e-14  4.00e-15    26    25     0
3009.50  1.74e-14  3.96e-15    26    23     0
3012.17  1.31e-14  3.81e-15    26    17     0
3014.83  1.47e-14  3.92e-15    26    18     0
3017.49  2.47e-14  4.38e-15    26    31     0
3020.16  1.83e-14  4.18e-15    26    22     0
3022.82  1.90e-14  4.23e-15    26    23     0
3025.48  2.45e-14  4.58e-15    26    29     0
3028.14  1.79e-14  4.31e-15    25    21     0
3030.81  2.22e-14  4.48e-15    25    26     0
3033.47  1.65e-14  4.28e-15    25    19     0
3036.13  2.02e-14  4.51e-15    25    23     0
3038.79  2.26e-14  4.64e-15    25    25     0
3041.46  1.27e-14  4.25e-15    25    14     0
3044.12  1.43e-14  4.36e-15    25    15     0
3046.78  1.11e-14  4.26e-15    25    12     0
3049.45  1.32e-14  4.41e-15    25    14     0
3052.11  1.53e-14  4.52e-15    25    16     0
3054.77  4.62e-14  2.56e-14    25    47 -4096
3057.43 -9.90e-14  4.77e-14    25   -97 -4096
3060.10  8.66e-14  3.30e-14    25    84 -4096
3062.76  1.57e-13  1.01e-13    24   149 -4096
3065.42  1.29e-14  6.20e-15    24    12     0
3068.09  2.01e-14  5.19e-15    24    18     0
3070.75  2.11e-14  5.23e-15    24    19     0
3073.41  2.00e-14  5.21e-15    24    18     0
3076.07  2.43e-14  5.54e-15    24    21     0
3078.74  3.29e-14  5.94e-15    24    28     0
3081.40  2.63e-14  5.68e-15    24    22     0
3084.06  1.84e-14  5.38e-15    24    15     0
3086.73  1.94e-14  5.54e-15    24    15     0
3089.39  1.88e-14  5.57e-15    24    15     0
3092.05  1.28e-14  5.29e-15    24    10     0
3094.71  1.52e-14  5.46e-15    24    11     0
3097.38  1.44e-14  5.60e-15    24    10     0
3100.04  2.15e-14  5.94e-15    24    15     0
3102.70  2.46e-14  6.12e-15    24    17     0
3105.36  3.18e-14  6.54e-15    24    22     0
3108.03  2.60e-14  6.31e-15    24    18     0
3110.69  2.32e-14  6.19e-15    23    16     0
3113.35  2.29e-14  6.26e-15    23    15     0
3116.02  2.89e-14  6.65e-15    23    19     0
3118.68  3.15e-14  6.85e-15    23    20     0
3121.34  2.81e-14  6.69e-15    23    18     0
3124.00  2.71e-14  6.73e-15    23    17     0
3126.67  2.15e-14  6.50e-15    23    13     0
3129.33  1.74e-14  6.36e-15    23    10     0
3131.99  2.42e-14  6.68e-15    23    14     0
3134.66  1.40e-14  6.24e-15    23     8     0
3137.32  1.30e-14  6.25e-15    23     7     0
3139.98  1.78e-14  6.60e-15    23    10     0
3142.64  2.71e-14  7.19e-15    23    14     0
3145.31  2.33e-14  7.09e-15    23    12     0
3147.97  2.64e-14  7.31e-15    23    13     0
3150.63  2.37e-14  7.06e-15    23    12     0
3153.30  2.02e-14  7.08e-15    23    10     0
3155.96  1.71e-14  6.81e-15    23     8     0
3158.62  3.11e-14  7.57e-15    23    15     0
3161.28  2.72e-14  7.52e-15    23    13     0
3163.95  2.60e-14  7.54e-15    23    12     0
3166.61  2.26e-14  7.50e-15    23    10     0
3169.27  3.04e-14  7.89e-15    23    13     0
3171.93  3.34e-14  8.13e-15    23    14     0
3174.60  3.05e-14  8.36e-15    22    12     0
3177.26  3.39e-14  8.07e-15    22    14     0
3179.92  2.79e-14  7.82e-15    22    11     0
3182.59  4.08e-14  8.60e-15    22    16     0
3185.25  3.05e-14  8.05e-15    22    12     0
3187.91  3.23e-14  8.12e-15    22    12     0
3190.57  3.16e-14  8.29e-15    22    11     0
3193.24  4.74e-14  8.97e-15    22    17     0
3195.90  3.36e-14  8.28e-15    22    12     0
3198.56  4.47e-14  8.87e-15    22    15     0
3201.23  4.64e-14  8.83e-15    22    16     0
3203.89  5.01e-14  1.16e-14    22    17     0
3206.55  4.72e-14  9.52e-15    22    14     0
3209.21  4.36e-14  9.45e-15    22    13     0
3211.88  4.23e-14  9.05e-15    22    13     0
3214.54  3.32e-14  8.61e-15    22     9     0
3217.20  3.75e-14  9.16e-15    22    10     0
3219.87  2.42e-14  8.53e-15    21     6     0
3222.53  1.56e-14  7.87e-15    21     4     0
3225.19  1.82e-14  7.98e-15    21     4     0
3227.85  1.28e-14  7.76e-15    21     3     0
3230.52  1.29e-14  7.63e-15    21     3     0
3233.18  1.17e-14  7.66e-15    21     2     0
3235.84  2.83e-14  8.57e-15    21     6     0
3238.50  3.50e-14  9.13e-15    21     8     0
3241.17  3.24e-14  8.96e-15    21     7     0
3243.83  3.47e-14  8.91e-15    21     7     0
3246.49  4.24e-14  8.94e-15    21     9     0
3249.16  3.42e-14  8.87e-15    20     7     0
3251.82  3.56e-14  8.99e-15    20     7     0
3254.48  3.19e-14  9.22e-15    20     6     0
3257.14  4.83e-14  9.60e-15    20     9     0
3259.81  3.50e-14  9.90e-15    20     6     0
3262.47  1.63e-14  9.81e-15    20     3     0
3265.13  2.91e-14  9.95e-15    20     5     0
3267.80  2.28e-14  1.02e-14    19     4     0
3270.46  4.39e-14  1.08e-14    19     8     0
3273.12  2.60e-14  1.08e-14    19     4     0
3275.78  1.10e-14  1.18e-14    19     1     0
3278.45  1.35e-14  1.20e-14    19     2     0
3281.11  2.26e-14  1.17e-14    19     3     0
3283.77  3.75e-14  1.20e-14    18     6     0
3286.44  3.63e-14  1.26e-14    18     5     0
3289.10  3.73e-14  1.29e-14    18     5     0
3291.76  5.56e-14  1.37e-14    18     7     0
3294.42  6.70e-14  1.41e-14    18     9     0
3297.09  5.04e-14  1.37e-14    17     7     0
3299.75  3.05e-14  1.41e-14    17     4     0
3302.41  1.28e-14  1.45e-14    17     1     0
3305.07  2.56e-14  1.51e-14    17     3     0
3307.74  2.10e-14  1.56e-14    16     2     0
3310.40  4.71e-14  1.59e-14    16     5     0
3313.06  5.28e-14  1.65e-14    16     6     0
3315.73  4.33e-14  1.87e-14    15     4     0
3318.39  6.77e-15  1.94e-14    15     0     0
3321.05  2.60e-14  2.13e-14    15     2     0
3323.71  2.20e-14  2.27e-14    15     1     0
3326.38  4.04e-14  2.20e-14    14     3     0
3329.04  2.11e-14  2.29e-14    14     1     0
3331.70  1.72e-15  2.33e-14    13     0     0
3334.37  5.84e-14  2.42e-14    13     4     0
3337.03  8.52e-14  2.27e-14    13     7     0
3339.69  6.03e-14  2.35e-14    12     4     0
3342.35  8.91e-14  2.63e-14    12     6     0
3345.02  1.26e-14  2.79e-14    11     0     0
3347.68  1.19e-13  3.26e-14    11     8     0
