NOT ORIGINAL IUE PROJECT DATA PRODUCT
LWP21140LOWLARGE
HD  197481
20:42:04
-31:31:05
48
NO-TRAIL
X-OFFSETS
1199.063
03/09/91
02:43:43
246
6.82
20/09/95
GSFC
2448502.61369
60
32
1851.19  8.00e-14  7.05e-13   226     7     0
1853.85 -2.97e-13  6.56e-13   226   -29     0
1856.51  1.12e-13  8.73e-13   225     8     0
1859.17 -3.60e-13  8.05e-13   224   -28     0
1861.84  2.24e-13  5.10e-13   223    27     0
1864.50 -1.41e-13  4.62e-13   223   -19     0
1867.16  6.03e-14  3.58e-13   222    10     0
1869.83 -1.64e-13  3.32e-13   221   -30     0
1872.49 -9.27e-14  2.97e-13   221   -19     0
1875.15 -2.33e-14  2.59e-13   220    -5     0
1877.81 -1.02e-13  2.43e-13   219   -25     0
1880.48 -8.34e-15  2.51e-13   218    -1     0
1883.14  5.41e-14  2.39e-13   218    13     0
1885.80  1.17e-14  2.15e-13   217     3     0
1888.47  4.05e-13  2.14e-13   216   115     0
1891.13 -1.43e-13  1.97e-13   216   -41     0
1893.79 -3.16e-14  1.88e-13   215    -9     0
1896.45  2.37e-13  1.77e-13   214    77     0
1899.12  2.53e-14  1.65e-13   214     8     0
1901.78  1.04e-13  1.73e-13   213    33     0
1904.44 -3.78e-14  1.64e-13   212   -12     0
1907.11  1.01e-15  1.56e-13   212     0     0
1909.77 -6.22e-14  1.51e-13   211   -22     0
1912.43  1.23e-13  1.41e-13   211    47     0
1915.09 -3.67e-14  1.37e-13   210   -14     0
1917.76 -1.42e-13  1.33e-13   209   -57     0
1920.42  1.49e-14  1.25e-13   209     6     0
1923.08 -4.07e-16  1.11e-13   208     0     0
1925.74  1.42e-14  1.21e-13   207     6     0
1928.41 -4.83e-14  1.16e-13   207   -21     0
1931.07 -1.74e-14  1.07e-13   206    -8     0
1933.73 -2.95e-13  1.06e-13   206  -143     0
1936.40  5.21e-14  1.03e-13   205    25     0
1939.06  7.59e-15  9.82e-14   204     3     0
1941.72  9.97e-14  9.57e-14   204    52     0
1944.38  1.11e-13  9.26e-14   203    59     0
1947.05 -6.39e-14  8.47e-14   203   -36     0
1949.71  1.14e-13  8.47e-14   202    66     0
1952.37 -3.15e-14  8.39e-14   202   -17     0
1955.04  7.15e-14  8.21e-14   201    41     0
1957.70 -2.01e-14  7.77e-14   200   -11     0
1960.36  7.46e-14  7.67e-14   200    45     0
1963.02 -3.51e-14  7.23e-14   199   -21     0
1965.69  6.60e-15  6.74e-14   199     4     0
1968.35 -3.38e-14  6.51e-14   198   -23     0
1971.01  1.46e-14  6.66e-14   198     9     0
1973.68  1.07e-14  6.43e-14   197     7     0
1976.34  2.49e-14  5.81e-14   197    18     0
1979.00  9.93e-15  5.59e-14   196     7     0
1981.66 -5.87e-14  5.66e-14   196   -44     0
1984.33  1.92e-14  5.54e-14   195    14     0
1986.99 -4.79e-14  5.20e-14   195   -38     0
1989.65  7.05e-14  5.27e-14   194    57     0
1992.31 -1.70e-14  5.07e-14   194   -13     0
1994.98 -1.38e-14  4.94e-14   193   -11     0
1997.64 -9.76e-15  4.73e-14   193    -8     0
2000.30  2.25e-14  4.78e-14   192    19     0
2002.97 -2.84e-15  4.62e-14   192    -2     0
2005.63 -2.22e-14  4.45e-14   192   -19     0
2008.29  6.13e-15  4.38e-14   191     5     0
2010.95  3.94e-15  4.57e-14   191     3     0
2013.62  3.49e-14  4.60e-14   190    29     0
2016.28 -1.47e-14  4.00e-14   190   -13     0
2018.94 -3.67e-14  3.95e-14   189   -34     0
2021.61  1.38e-14  4.20e-14   189    12     0
2024.27 -9.44e-16  4.12e-14   188     0     0
2026.93  5.29e-15  3.97e-14   188     4     0
2029.59  5.47e-14  4.08e-14   188    50     0
2032.26  1.89e-14  3.96e-14   187    17     0
2034.92 -2.07e-14  3.86e-14   187   -18     0
2037.58 -3.89e-14  3.80e-14   186   -35     0
2040.25  1.61e-14  3.88e-14   186    14     0
2042.91  1.52e-14  3.83e-14   186    13     0
2045.57 -2.02e-14  3.86e-14   185   -17     0
2048.23  9.66e-15  3.83e-14   185     8     0
2050.90 -2.70e-14  3.67e-14   185   -24     0
2053.56 -3.93e-15  3.62e-14   184    -3     0
2056.22 -2.23e-14  3.56e-14   184   -20     0
2058.88  7.62e-15  3.52e-14   184     7     0
2061.55 -2.36e-14  3.43e-14   183   -22     0
2064.21  4.06e-14  3.50e-14   183    38     0
2066.87 -6.37e-15  3.33e-14   183    -6     0
2069.54 -5.66e-15  3.28e-14   182    -5     0
2072.20  1.25e-15  3.17e-14   182     1     0
2074.86  8.89e-15  3.14e-14   182     8     0
2077.52 -1.82e-14  3.07e-14   181   -17     0
2080.19  7.13e-15  3.07e-14   181     7     0
2082.85  2.14e-14  3.09e-14   181    21     0
2085.51  1.32e-14  3.04e-14   180    12     0
2088.18  1.51e-14  3.01e-14   180    14     0
2090.84  3.43e-15  2.88e-14   180     3     0
2093.50  1.01e-15  2.85e-14   179     1     0
2096.16 -1.63e-14  2.88e-14   179   -16     0
2098.83  4.97e-15  2.87e-14   179     4     0
2101.49  2.44e-14  2.92e-14   179    23     0
2104.15 -1.16e-14  2.82e-14   178   -11     0
2106.82 -2.57e-14  2.83e-14   178   -24     0
2109.48  8.26e-15  2.82e-14   178     7     0
2112.14 -7.92e-15  2.77e-14   178    -7     0
2114.80 -2.94e-15  2.75e-14   177    -2     0
2117.47 -1.92e-14  2.74e-14   177   -18     0
2120.13 -1.96e-14  2.67e-14   177   -19     0
2122.79  1.28e-14  2.68e-14   177    12     0
2125.45  2.40e-14  2.68e-14   176    23     0
2128.12  1.94e-14  2.61e-14   176    19     0
2130.78  2.42e-15  2.55e-14   176     2     0
2133.44  9.33e-16  2.52e-14   176     0     0
2136.11  1.41e-14  2.54e-14   175    13     0
2138.77 -3.13e-16  2.47e-14   175     0     0
2141.43  8.46e-15  2.42e-14   175     8     0
2144.09 -6.61e-15  2.37e-14   175    -6     0
2146.76 -1.77e-15  2.35e-14   175    -1     0
2149.42 -1.07e-14  2.32e-14   174   -10     0
2152.08 -2.85e-15  2.36e-14   174    -2     0
2154.75 -1.11e-14  2.33e-14   174   -10     0
2157.41 -2.33e-15  2.25e-14   174    -2     0
2160.07  1.48e-15  2.26e-14   174     1     0
2162.73 -8.14e-15  2.24e-14   173    -8     0
2165.40 -6.03e-15  2.18e-14   173    -6     0
2168.06 -4.53e-15  2.16e-14   173    -4     0
2170.72 -1.67e-14  2.13e-14   173   -16     0
2173.39  1.32e-14  2.16e-14   173    13     0
2176.05 -1.01e-14  2.14e-14   173    -9     0
2178.71  1.46e-14  2.17e-14   172    14     0
2181.37 -5.99e-15  2.14e-14   172    -5     0
2184.04 -2.63e-15  2.12e-14   172    -2     0
2186.70 -1.80e-16  2.02e-14   172     0     0
2189.36  2.44e-14  2.06e-14   172    24     0
2192.02  1.61e-14  2.07e-14   172    15     0
2194.69  5.11e-15  2.00e-14   172     5     0
2197.35 -1.31e-14  1.98e-14   171   -12     0
2200.01  1.85e-14  2.04e-14   171    18     0
2202.68  3.63e-14  2.09e-14   171    35     0
2205.34  9.10e-15  1.95e-14   171     9     0
2208.00  1.87e-14  2.17e-14   171    18     0
2210.66  7.76e-15  1.93e-14   171     7     0
2213.33  1.78e-14  1.95e-14   171    17     0
2215.99  7.16e-15  1.82e-14   170     7     0
2218.65  2.08e-14  1.84e-14   170    21     0
2221.32  1.08e-14  1.80e-14   170    11     0
2223.98  1.96e-14  1.82e-14   170    19     0
2226.64  2.40e-14  1.88e-14   170    23     0
2229.30  4.78e-14  1.95e-14   170    47     0
2231.97  1.82e-14  1.67e-14   170    19     0
2234.63  1.83e-14  1.66e-14   170    19     0
2237.29 -3.07e-16  1.67e-14   170     0     0
2239.96  3.24e-14  1.73e-14   170    33     0
2242.62  1.81e-15  1.61e-14   169     1     0
2245.28  1.66e-14  1.64e-14   169    17     0
2247.94  2.09e-14  1.65e-14   169    21     0
2250.61  1.09e-14  1.54e-14   169    11     0
2253.27  1.26e-14  1.50e-14   169    13     0
2255.93  4.28e-15  1.46e-14   169     4     0
2258.59 -1.17e-14  1.43e-14   169   -12     0
2261.26  6.42e-14  1.64e-14   169    69     0
2263.92 -2.03e-14  1.42e-14   169   -22     0
2266.58  2.34e-14  1.43e-14   169    26     0
2269.25  3.29e-14  1.45e-14   169    37     0
2271.91 -4.08e-15  1.33e-14   169    -4     0
2274.57  1.13e-14  1.32e-14   168    12     0
2277.23 -2.21e-14  1.21e-14   168   -27     0
2279.90  3.83e-16  1.18e-14   168     0     0
2282.56  2.63e-15  1.21e-14   168     3     0
2285.22  3.75e-15  1.18e-14   168     4     0
2287.89  2.97e-14  1.26e-14   168    36     0
2290.55  6.39e-15  1.16e-14   168     7     0
2293.21  1.28e-14  1.17e-14   168    15     0
2295.87 -1.02e-14  1.08e-14   168   -13     0
2298.54  5.63e-15  1.08e-14   168     7     0
2301.20  9.56e-15  1.10e-14   168    12     0
2303.86  9.95e-15  1.09e-14   168    12     0
2306.53  1.26e-14  1.09e-14   168    16     0
2309.19  1.80e-14  1.28e-14   168    23     0
2311.85 -5.48e-15  9.58e-15   168    -7     0
2314.51  1.31e-14  9.80e-15   167    18     0
2317.18  3.86e-15  9.60e-15   167     5     0
2319.84  1.28e-14  9.67e-15   167    17     0
2322.50  7.78e-15  1.04e-14   167    10     0
2325.16  1.93e-14  9.40e-15   167    27     0
2327.83 -8.34e-16  8.61e-15   167    -1     0
2330.49  1.32e-14  8.69e-15   167    19     0
2333.15  3.59e-14  9.35e-15   167    54     0
2335.82  2.42e-16  9.01e-15   167     0     0
2338.48  2.13e-14  8.39e-15   167    33     0
2341.14  1.84e-14  8.18e-15   167    28     0
2343.80  3.71e-14  8.83e-15   167    59     0
2346.47  1.61e-14  9.41e-15   167    25     0
2349.13  2.70e-14  8.58e-15   167    43     0
2351.79  1.70e-14  7.73e-15   167    27     0
2354.46 -3.01e-15  6.97e-15   167    -4     0
2357.12  3.09e-14  9.83e-15   167    53     0
2359.78  2.85e-14  7.66e-15   167    49     0
2362.44  6.15e-15  6.74e-15   167    10     0
2365.11  4.20e-14  8.56e-15   167    71     0
2367.77  3.38e-14  7.60e-15   166    58     0
2370.43  8.96e-15  6.82e-15   166    15     0
2373.09  1.80e-14  6.73e-15   166    32     0
2375.76  1.61e-14  6.39e-15   166    30     0
2378.42  1.46e-14  8.94e-15   166    27     0
2381.08  1.79e-14  6.38e-15   166    33     0
2383.75  5.96e-14  7.95e-15   166   112     0
2386.41  6.13e-14  8.21e-15   166   116     0
2389.07  1.68e-14  6.97e-15   166    32     0
2391.73  1.33e-14  5.71e-15   166    26     0
2394.40  3.83e-14  7.45e-15   166    75     0
2397.06  2.15e-14  6.54e-15   166    42     0
2399.72  2.60e-14  6.11e-15   166    51     0
2402.39  3.58e-14  6.64e-15   166    72     0
2405.05  2.54e-14  8.17e-15   166    50     0
2407.71  3.23e-14  6.09e-15   166    65     0
2410.37  2.58e-14  5.68e-15   166    54     0
2413.04  7.78e-15  4.78e-15   166    16     0
2415.70  9.76e-15  4.85e-15   166    21     0
2418.36  1.22e-14  4.82e-15   166    26     0
2421.03  8.94e-15  7.89e-15   165    19     0
2423.69  8.40e-15  4.79e-15   165    18     0
2426.35  1.37e-14  5.51e-15   165    30     0
2429.01  1.81e-14  4.79e-15   165    41     0
2431.68  5.29e-15  7.25e-15   165    11     0
2434.34  1.73e-14  4.86e-15   165    38     0
2437.00  1.81e-14  4.78e-15   165    40     0
2439.67  1.31e-14  4.54e-15   165    29     0
2442.33  1.72e-14  4.60e-15   165    39     0
2444.99  1.33e-14  4.41e-15   165    31     0
2447.65  1.15e-14  5.24e-15   165    26     0
2450.32  1.41e-14  4.96e-15   165    33     0
2452.98  1.48e-14  4.28e-15   165    35     0
2455.64  9.34e-15  6.82e-15   165    23     0
2458.30  3.71e-15  3.61e-15   165     9     0
2460.97  7.22e-15  4.14e-15   165    17     0
2463.63  1.44e-14  4.32e-15   165    36     0
2466.29  1.00e-14  7.26e-15   164    25     0
2468.96  9.02e-15  4.02e-15   164    23     0
2471.62  1.52e-14  3.83e-15   164    39     0
2474.28  1.73e-14  4.14e-15   164    46     0
2476.94  2.38e-14  5.71e-15   164    64     0
2479.61  2.06e-14  5.49e-15   164    56     0
2482.27  3.16e-14  4.25e-15   164    86     0
2484.93  1.34e-14  3.60e-15   164    36     0
2487.60  2.04e-14  4.68e-15   164    55     0
2490.26  2.20e-14  4.67e-15   164    61     0
2492.92  2.42e-14  3.91e-15   164    67     0
2495.58  1.07e-14  5.01e-15   164    29     0
2498.25  1.90e-15  3.39e-15   164     5     0
2500.91  2.38e-14  4.35e-15   164    66     0
2503.57  1.02e-14  3.49e-15   163    28     0
2506.24  2.01e-14  4.18e-15   163    55     0
2508.90  1.67e-14  5.95e-15   163    46     0
2511.56  8.24e-15  5.64e-15   163    23     0
2514.22  2.21e-14  3.59e-15   163    64     0
2516.89  1.98e-14  5.05e-15   163    55     0
2519.55  2.47e-14  5.22e-15   163    69     0
2522.21  1.08e-14  3.31e-15   163    31     0
2524.87  8.88e-15  3.42e-15   163    26     0
2527.54  1.17e-14  3.07e-15   163    34     0
2530.20  1.81e-14  3.29e-15   163    53     0
2532.86  7.52e-15  3.99e-15   163    22     0
2535.53  1.39e-14  3.35e-15   162    41     0
2538.19  1.48e-14  5.48e-15   162    45     0
2540.85  1.91e-14  3.34e-15   162    58     0
2543.51  2.34e-14  4.47e-15   162    73     0
2546.18  3.37e-15  2.90e-15   162    10     0
2548.84  1.54e-14  2.94e-15   162    49     0
2551.50  1.40e-14  3.03e-15   162    44     0
2554.17  4.66e-15  3.63e-15   162    15     0
2556.83  1.18e-14  4.46e-15   162    39     0
2559.49  8.65e-15  3.39e-15   162    29     0
2562.15  2.08e-14  3.54e-15   161    69     0
2564.82  9.84e-15  3.54e-15   161    33     0
2567.48  1.36e-14  2.70e-15   161    46     0
2570.14  1.22e-14  2.67e-15   161    41     0
2572.80  1.27e-14  2.90e-15   161    43     0
2575.47  1.29e-14  3.20e-15   161    43     0
2578.13  1.41e-14  2.86e-15   161    47     0
2580.79  2.10e-14  3.04e-15   161    70     0
2583.46  2.81e-14  4.48e-15   161    94     0
2586.12  2.41e-14  4.75e-15   160    82     0
2588.78  2.90e-14  3.30e-15   160   100     0
2591.44  1.65e-14  3.26e-15   160    56     0
2594.11  2.15e-14  2.90e-15   160    74     0
2596.77  3.37e-14  3.29e-15   160   120     0
2599.43  5.23e-14  3.96e-15   160   188     0
2602.10  4.71e-14  3.81e-15   160   170     0
2604.76  3.14e-14  4.36e-15   160   114     0
2607.42  3.29e-14  3.98e-15   159   120     0
2610.08  3.47e-14  3.38e-15   159   124     0
2612.75  4.96e-14  4.07e-15   159   179     0
2615.41  3.99e-14  5.92e-15   159   149     0
2618.07  4.56e-14  3.55e-15   159   171     0
2620.74  4.84e-14  3.94e-15   159   183     0
2623.40  4.60e-14  3.67e-15   159   174     0
2626.06  3.99e-14  4.70e-15   158   150     0
2628.72  6.35e-14  6.46e-15   158   239     0
2631.39  4.39e-14  3.38e-15   158   169     0
2634.05  2.75e-14  2.83e-15   158   106     0
2636.71  1.86e-14  3.41e-15   158    71     0
2639.37  1.80e-14  3.10e-15   158    69     0
2642.04  1.19e-14  2.59e-15   158    46     0
2644.70  1.54e-14  2.43e-15   157    59     0
2647.36  8.19e-15  2.18e-15   157    32     0
2650.03  7.74e-15  2.14e-15   157    30     0
2652.69  9.58e-15  2.21e-15   157    37     0
2655.35  8.38e-15  2.15e-15   157    32     0
2658.01  1.06e-14  2.23e-15   157    41     0
2660.68  9.21e-15  2.12e-15   157    36     0
2663.34  1.05e-14  2.16e-15   156    42     0
2666.00  1.04e-14  2.17e-15   156    41     0
2668.67  1.55e-14  2.74e-15   156    62     0
2671.33  1.43e-14  2.54e-15   156    57     0
2673.99  1.03e-14  2.19e-15   156    41     0
2676.65  1.22e-14  2.21e-15   156    49     0
2679.32  1.01e-14  2.13e-15   156    41     0
2681.98  1.02e-14  2.12e-15   155    42     0
2684.64  1.58e-14  2.31e-15   155    65     0
2687.31  1.04e-14  2.12e-15   155    43     0
2689.97  1.16e-14  2.16e-15   155    48     0
2692.63  1.70e-14  3.28e-15   155    70     0
2695.29  1.63e-14  2.34e-15   155    67     0
2697.96  1.06e-14  2.12e-15   154    43     0
2700.62  1.20e-14  2.20e-15   154    49     0
2703.28  9.34e-15  2.14e-15   154    38     0
2705.94  1.05e-14  2.14e-15   154    43     0
2708.61  1.26e-14  2.22e-15   154    52     0
2711.27  1.55e-14  2.36e-15   154    62     0
2713.93  1.65e-14  2.39e-15   153    66     0
2716.60  1.67e-14  2.37e-15   153    67     0
2719.26  1.51e-14  2.50e-15   153    61     0
2721.92  1.56e-14  2.38e-15   153    62     0
2724.58  2.36e-14  2.64e-15   153    94     0
2727.25  2.05e-14  2.44e-15   153    86     0
2729.91  2.63e-14  2.63e-15   152   111     0
2732.57  2.37e-14  2.55e-15   152    99     0
2735.24  2.35e-14  2.70e-15   152    97     0
2737.90  2.57e-14  2.60e-15   152   106     0
2740.56  2.74e-14  2.65e-15   152   113     0
2743.22  3.50e-14  2.89e-15   152   145     0
2745.89  3.55e-14  2.90e-15   151   149     0
2748.55  3.46e-14  2.90e-15   151   145     0
2751.21  3.76e-14  2.93e-15   151   156     0
2753.88  3.07e-14  2.73e-15   151   128     0
2756.54  2.44e-14  2.57e-15   151   101     0
2759.20  3.02e-14  2.78e-15   151   125     0
2761.86  2.01e-14  2.42e-15   150    83     0
2764.53  1.41e-14  2.27e-15   150    58     0
2767.19  1.54e-14  2.26e-15   150    65     0
2769.85  1.91e-14  2.41e-15   150    80     0
2772.51  1.62e-14  2.34e-15   150    67     0
2775.18  1.59e-14  2.36e-15   150    67     0
2777.84  1.82e-14  2.37e-15   149    76     0
2780.50  1.81e-14  2.36e-15   149    76     0
2783.17  1.86e-14  2.41e-15   149    77     0
2785.83  2.33e-14  2.57e-15   149    95     0
2788.49  3.82e-14  3.01e-15   149   155     0
2791.15  7.91e-14  5.69e-15   149   327     0
2793.82  1.68e-13  9.27e-15   148   690     0
2796.48  2.62e-13  1.41e-14   148  1063     0
2799.14  2.59e-13  1.60e-14   148  1055     0
2801.81  2.28e-13  1.52e-14   148   935     0
2804.47  2.06e-13  1.28e-14   148   847     0
2807.13  1.44e-13  9.93e-15   148   566     0
2809.79  5.02e-14  5.90e-15   147   198     0
2812.46  1.88e-14  2.48e-15   147    76     0
2815.12  1.35e-14  2.32e-15   147    55     0
2817.78  1.19e-14  2.26e-15   147    48     0
2820.45  1.60e-14  2.41e-15   147    64     0
2823.11  1.34e-14  2.35e-15   147    54     0
2825.77  1.41e-14  2.36e-15   146    57     0
2828.43  1.97e-14  2.51e-15   146    80     0
2831.10  1.48e-14  2.35e-15   146    60     0
2833.76  1.53e-14  2.39e-15   146    62     0
2836.42  1.89e-14  2.49e-15   146    77     0
2839.08  1.84e-14  2.47e-15   146    75     0
2841.75  1.82e-14  2.50e-15   145    73     0
2844.41  1.82e-14  2.51e-15   145    73     0
2847.07  2.30e-14  3.09e-15   145    93     0
2849.74  1.80e-14  3.40e-15   145    73     0
2852.40  2.16e-14  3.56e-15   145    86     0
2855.06  2.68e-14  3.20e-15   145   108     0
2857.72  2.00e-14  2.96e-15   145    80     0
2860.39  2.29e-14  2.69e-15   144    90     0
2863.05  1.98e-14  2.61e-15   144    78     0
2865.71  2.04e-14  2.60e-15   144    80     0
2868.38  2.12e-14  2.61e-15   144    83     0
2871.04  1.99e-14  2.56e-15   144    79     0
2873.70  1.15e-14  2.37e-15   144    45     0
2876.36  1.93e-14  2.63e-15   143    74     0
2879.03  2.31e-14  2.75e-15   143    88     0
2881.69  2.59e-14  2.84e-15   143    99     0
2884.35  2.84e-14  2.89e-15   143   108     0
2887.02  2.16e-14  2.70e-15   143    83     0
2889.68  2.03e-14  2.67e-15   143    78     0
2892.34  2.04e-14  2.66e-15   143    78     0
2895.00  1.48e-14  2.52e-15   142    57     0
2897.67  1.78e-14  2.61e-15   142    68     0
2900.33  1.84e-14  2.64e-15   142    70     0
2902.99  1.70e-14  2.60e-15   142    64     0
2905.65  1.88e-14  2.69e-15   142    70     0
2908.32  1.70e-14  2.65e-15   142    63     0
2910.98  1.76e-14  2.65e-15   142    66     0
2913.64  1.42e-14  2.56e-15   142    53     0
2916.31  1.72e-14  2.66e-15   141    64     0
2918.97  1.94e-14  2.73e-15   141    72     0
2921.63  2.53e-14  2.96e-15   141    91     0
2924.29  2.63e-14  3.02e-15   141    94     0
2926.96  2.31e-14  2.92e-15   141    82     0
2929.62  2.58e-14  3.02e-15   141    91     0
2932.28  2.97e-14  3.13e-15   141   104     0
2934.95  3.08e-14  3.19e-15   140   107     0
2937.61  2.71e-14  3.09e-15   140    94     0
2940.27  2.41e-14  3.03e-15   140    83     0
2942.93  2.05e-14  2.97e-15   140    70     0
2945.60  2.40e-14  3.11e-15   140    80     0
2948.26  2.27e-14  3.08e-15   140    75     0
2950.92  2.22e-14  3.05e-15   140    74     0
2953.59  2.28e-14  3.08e-15   140    76     0
2956.25  2.60e-14  3.17e-15   140    86     0
2958.91  2.71e-14  3.21e-15   139    89     0
2961.57  2.68e-14  3.26e-15   139    86     0
2964.24  3.03e-14  3.38e-15   139    97     0
2966.90  2.67e-14  3.30e-15   139    84     0
2969.56  2.93e-14  3.40e-15   139    91     0
2972.22  2.90e-14  3.39e-15   139    90     0
2974.89  2.97e-14  3.44e-15   139    91     0
2977.55  3.07e-14  3.56e-15   139    91     0
2980.21  2.65e-14  3.44e-15   139    79     0
2982.88  3.16e-14  3.60e-15   138    94     0
2985.54  2.57e-14  3.48e-15   138    75     0
2988.20  2.76e-14  3.56e-15   138    80     0
2990.86  2.51e-14  3.53e-15   138    72     0
2993.53  1.94e-14  3.40e-15   138    55     0
2996.19  1.96e-14  3.48e-15   138    54     0
2998.85  2.62e-14  3.69e-15   138    71     0
3001.52  2.99e-14  3.70e-15   138    83     0
3004.18  2.71e-14  3.67e-15   138    74     0
3006.84  2.43e-14  3.64e-15   138    65     0
3009.50  1.99e-14  3.58e-15   138    53     0
3012.17  2.20e-14  3.69e-15   137    57     0
3014.83  2.12e-14  3.70e-15   137    54     0
3017.49  2.18e-14  3.75e-15   137    55     0
3020.16  2.36e-14  3.84e-15   137    59     0
3022.82  2.57e-14  3.95e-15   137    63     0
3025.48  2.17e-14  3.92e-15   137    52     0
3028.14  2.50e-14  4.04e-15   137    59     0
3030.81  2.67e-14  4.04e-15   137    63     0
3033.47  2.65e-14  4.10e-15   137    61     0
3036.13  3.10e-14  4.28e-15   137    71     0
3038.79  2.99e-14  4.29e-15   137    67     0
3041.46  2.79e-14  4.31e-15   137    62     0
3044.12  2.57e-14  4.30e-15   136    56     0
3046.78  1.97e-14  4.18e-15   136    42     0
3049.45  2.74e-14  4.42e-15   136    58     0
3052.11  3.24e-14  4.58e-15   136    68     0
3054.77  2.81e-14  4.57e-15   136    57     0
3057.43  2.95e-14  4.93e-15   136    58     0
3060.10  3.68e-14  5.68e-15   136    71     0
3062.76  3.01e-14  5.11e-15   136    57     0
3065.42  1.87e-14  4.66e-15   136    35     0
3068.09  2.36e-14  4.80e-15   136    43     0
3070.75  3.27e-14  5.03e-15   136    60     0
3073.41  3.13e-14  5.07e-15   136    56     0
3076.07  2.52e-14  5.04e-15   136    44     0
3078.74  3.23e-14  5.29e-15   135    55     0
3081.40  2.94e-14  5.22e-15   135    50     0
3084.06  2.79e-14  5.26e-15   135    46     0
3086.73  2.80e-14  5.35e-15   135    45     0
3089.39  2.16e-14  5.26e-15   135    34     0
3092.05  3.18e-14  5.57e-15   135    50     0
3094.71  2.45e-14  5.44e-15   135    38     0
3097.38  3.15e-14  5.75e-15   135    47     0
3100.04  3.24e-14  5.83e-15   135    47     0
3102.70  3.08e-14  5.82e-15   135    44     0
3105.36  3.22e-14  5.92e-15   135    46     0
3108.03  3.35e-14  6.06e-15   135    47     0
3110.69  3.60e-14  6.11e-15   135    50     0
3113.35  4.63e-14  6.45e-15   135    63     0
3116.02  5.11e-14  6.68e-15   134    67     0
3118.68  3.75e-14  6.44e-15   134    48     0
3121.34  3.31e-14  6.34e-15   134    42     0
3124.00  3.46e-14  6.46e-15   134    43     0
3126.67  3.45e-14  6.48e-15   134    43     0
3129.33  4.01e-14  6.67e-15   134    49     0
3131.99  3.28e-14  6.58e-15   134    39     0
3134.66  3.48e-14  6.69e-15   134    41     0
3137.32  2.94e-14  6.62e-15   134    34     0
3139.98  2.83e-14  6.67e-15   134    32     0
3142.64  4.10e-14  7.18e-15   134    44     0
3145.31  3.91e-14  7.19e-15   134    41     0
3147.97  3.73e-14  7.27e-15   133    39     0
3150.63  4.09e-14  7.23e-15   133    43     0
3153.30  4.02e-14  7.30e-15   133    41     0
3155.96  3.12e-14  7.12e-15   133    31     0
3158.62  3.26e-14  7.23e-15   133    32     0
3161.28  3.61e-14  7.50e-15   133    34     0
3163.95  4.05e-14  7.68e-15   133    38     0
3166.61  4.36e-14  7.87e-15   133    39     0
3169.27  5.00e-14  8.11e-15   133    44     0
3171.93  3.70e-14  8.00e-15   132    31     0
3174.60  3.83e-14  8.12e-15   132    32     0
3177.26  4.89e-14  8.21e-15   132    41     0
3179.92  4.48e-14  8.19e-15   132    37     0
3182.59  5.37e-14  8.49e-15   132    43     0
3185.25  5.63e-14  8.56e-15   132    45     0
3187.91  4.29e-14  8.25e-15   132    33     0
3190.57  5.13e-14  8.69e-15   132    38     0
3193.24  4.81e-14  8.69e-15   131    35     0
3195.90  4.04e-14  8.42e-15   131    29     0
3198.56  5.10e-14  8.78e-15   131    36     0
3201.23  5.13e-14  8.74e-15   131    36     0
3203.89  4.89e-14  8.83e-15   131    33     0
3206.55  7.03e-14  1.02e-14   131    43     0
3209.21  6.68e-14  1.02e-14   130    39     0
3211.88  6.14e-14  9.58e-15   130    37     0
3214.54  4.00e-14  9.13e-15   130    23     0
3217.20  4.02e-14  9.52e-15   130    22     0
3219.87  4.60e-14  9.78e-15   130    25     0
3222.53  4.36e-14  9.39e-15   130    24     0
3225.19  4.16e-14  9.41e-15   129    22     0
3227.85  3.47e-14  9.27e-15   129    18     0
3230.52  3.53e-14  9.16e-15   129    18     0
3233.18  6.01e-14  9.85e-15   129    30     0
3235.84  7.02e-14  1.04e-14   128    33     0
3238.50  6.11e-14  1.02e-14   128    28     0
3241.17  5.56e-14  1.00e-14   128    25     0
3243.83  5.12e-14  9.96e-15   128    22     0
3246.49  2.83e-14  8.96e-15   127    12     0
3249.16  5.42e-14  9.61e-15   127    23     0
3251.82  5.03e-14  9.39e-15   127    21     0
3254.48  3.91e-14  9.14e-15   127    16     0
3257.14  2.24e-14  1.02e-14   126     9     0
3259.81  4.33e-14  1.30e-14   126    17     0
3262.47  5.49e-14  9.37e-15   126    22     0
3265.13  5.06e-14  9.49e-15   125    19     0
3267.80  4.63e-14  9.46e-15   125    17     0
3270.46  6.28e-14  9.80e-15   125    22     0
3273.12  4.76e-14  1.11e-14   124    17     0
3275.78  4.76e-14  1.05e-14   124    15     0
3278.45  7.13e-14  1.07e-14   124    23     0
3281.11  9.63e-14  1.05e-14   123    31     0
3283.77  6.96e-14  1.26e-14   123    22     0
3286.44  8.07e-14  1.13e-14   122    24     0
3289.10  6.77e-14  1.16e-14   122    20     0
3291.76  4.21e-14  1.49e-14   121    11     0
3294.42  3.39e-14  1.46e-14   121     9     0
3297.09  4.88e-14  1.24e-14   121    13     0
3299.75  1.05e-13  1.56e-14   120    28     0
3302.41  1.39e-13  2.27e-14   120    37     0
3305.07  1.75e-13  2.34e-14   119    45     0
3307.74  9.72e-14  1.41e-14   119    24     0
3310.40  8.76e-14  1.43e-14   118    21     0
3313.06  7.29e-14  1.97e-14   118    17     0
3315.73  5.09e-14  1.68e-14   117    10     0
3318.39  4.86e-14  2.01e-14   116     9     0
3321.05  9.50e-14  1.91e-14   116    17     0
3323.71  6.52e-14  1.98e-14   115    11     0
3326.38  1.92e-14  1.99e-14   115     3     0
3329.04  3.79e-14  2.06e-14   114     6     0
3331.70 -3.75e-15  2.10e-14   113     0     0
3334.37  1.14e-14  2.18e-14   113     1     0
3337.03  5.26e-14  2.06e-14   112     9     0
3339.69  1.17e-13  2.13e-14   111    19     0
3342.35  1.43e-13  2.38e-14   111    21     0
3345.02  9.51e-14  2.52e-14   110    13     0
3347.68  1.24e-13  2.60e-14   109    16     0
