NOT ORIGINAL IUE PROJECT DATA PRODUCT
LWP21137LOWLARGE
HD  197481
20:42:04
-31:31:05
48
NO-TRAIL
ALONG-APER
01199.595
02/09/91
21:26:12
245
08.80
16/01/96
VILSPA
2448502.39319
59
30
1851.19  3.38e-13  6.31e-13    80    31     0
1853.85  8.03e-13  6.00e-13    80    78     0
1856.51  2.25e-13  7.77e-13    81    16     0
1859.17 -2.12e-14  7.14e-13    81    -1     0
1861.84  2.94e-13  4.55e-13    81    36     0
1864.50  2.90e-13  4.15e-13    82    39     0
1867.16 -3.10e-13  3.16e-13    82   -53     0
1869.83  4.28e-13  3.06e-13    82    78     0
1872.49  1.82e-14  2.64e-13    83     3     0
1875.15  7.06e-14  2.31e-13    83    16     0
1877.81  5.14e-14  2.16e-13    83    12     0
1880.48 -2.20e-13  2.23e-13    83   -51     0
1883.14  1.27e-13  2.13e-13    84    31     0
1885.80 -8.47e-14  1.91e-13    84   -22     0
1888.47 -2.57e-13  2.42e-13    84   -72     0
1891.13  2.35e-13  1.81e-13    84    68     0
1893.79  1.48e-13  1.71e-13    85    44     0
1896.45  2.35e-15  1.52e-13    85     0     0
1899.12  4.27e-14  1.47e-13    85    14     0
1901.78 -2.70e-13  1.53e-13    85   -87     0
1904.44  6.12e-14  1.47e-13    85    20     0
1907.11  7.15e-14  1.40e-13    86    24     0
1909.77 -8.31e-15  1.34e-13    86    -2     0
1912.43 -3.12e-15  1.24e-13    86    -1     0
1915.09  1.35e-13  1.32e-13    86    52     0
1917.76  1.62e-13  1.22e-13    86    65     0
1920.42 -3.48e-14  1.02e-13    86   -15     0
1923.08 -1.73e-13  9.79e-14    87   -80     0
1925.74  4.14e-14  1.08e-13    87    17     0
1928.41  2.18e-14  1.04e-13    87     9     0
1931.07  9.27e-14  9.73e-14    87    43     0
1933.73 -1.30e-13  1.52e-13    87   -62     0
1936.40 -9.25e-14  9.03e-14    87   -44     0
1939.06  6.80e-14  8.87e-14    87    33     0
1941.72  4.35e-14  8.36e-14    87    22     0
1944.38  8.96e-14  8.24e-14    87    48     0
1947.05 -9.71e-15  7.51e-14    87    -5     0
1949.71  3.91e-14  7.36e-14    88    22     0
1952.37 -1.37e-14  7.44e-14    88    -7     0
1955.04 -6.88e-14  7.12e-14    88   -39     0
1957.70  4.76e-14  7.03e-14    88    28     0
1960.36 -6.40e-14  6.63e-14    88   -39     0
1963.02 -2.89e-16  6.41e-14    88     0     0
1965.69  6.19e-14  6.15e-14    88    41     0
1968.35 -6.11e-14  5.98e-14    88   -41     0
1971.01  1.71e-14  5.92e-14    88    11     0
1973.68  4.19e-14  5.81e-14    88    28     0
1976.34  3.90e-14  5.22e-14    88    29     0
1979.00 -8.38e-14  4.93e-14    88   -64     0
1981.66  1.92e-14  5.06e-14    88    14     0
1984.33  7.30e-14  5.11e-14    88    55     0
1986.99  4.23e-14  4.74e-14    88    33     0
1989.65 -7.91e-15  4.48e-14    88    -6     0
1992.31  7.11e-15  4.51e-14    88     5     0
1994.98 -6.31e-15  4.37e-14    88    -5     0
1997.64  1.01e-15  4.19e-14    88     0     0
2000.30  2.71e-14  4.26e-14    88    22     0
2002.97  2.25e-14  4.16e-14    88    19     0
2005.63  3.48e-14  4.06e-14    88    30     0
2008.29  2.98e-14  3.97e-14    88    26     0
2010.95  5.79e-15  4.05e-14    88     4     0
2013.62  3.72e-14  4.41e-14    88    31     0
2016.28  4.96e-14  3.68e-14    88    46     0
2018.94  1.32e-14  3.52e-14    88    12     0
2021.61 -7.06e-17  3.69e-14    88     0     0
2024.27  4.71e-14  3.80e-14    88    41     0
2026.93 -2.32e-16  3.50e-14    87     0     0
2029.59  1.51e-14  3.50e-14    87    13     0
2032.26 -9.79e-15  3.45e-14    87    -8     0
2034.92  6.07e-15  3.42e-14    87     5     0
2037.58  2.91e-14  3.46e-14    87    26     0
2040.25 -1.82e-14  3.39e-14    87   -16     0
2042.91 -1.27e-14  3.34e-14    87   -11     0
2045.57  2.48e-14  3.48e-14    87    21     0
2048.23 -2.47e-14  3.36e-14    87   -21     0
2050.90 -6.35e-15  3.24e-14    87    -5     0
2053.56 -1.34e-14  3.20e-14    87   -12     0
2056.22  1.83e-14  3.21e-14    87    16     0
2058.88  3.37e-14  3.23e-14    87    31     0
2061.55 -2.13e-14  3.03e-14    87   -19     0
2064.21  1.09e-14  3.01e-14    87    10     0
2066.87  2.44e-14  3.03e-14    86    23     0
2069.54 -3.82e-14  2.89e-14    86   -36     0
2072.20 -1.70e-14  2.80e-14    86   -16     0
2074.86  8.92e-15  2.78e-14    86     8     0
2077.52  1.23e-14  2.74e-14    86    12     0
2080.19  3.47e-15  2.70e-14    86     3     0
2082.85  4.39e-15  2.67e-14    86     4     0
2085.51  1.42e-14  2.69e-14    86    13     0
2088.18 -5.90e-15  2.61e-14    86    -5     0
2090.84 -2.69e-14  2.53e-14    86   -27     0
2093.50  2.16e-14  2.58e-14    86    21     0
2096.16  6.32e-15  2.54e-14    86     6     0
2098.83  2.71e-15  2.54e-14    85     2     0
2101.49  3.17e-14  2.59e-14    85    31     0
2104.15 -1.36e-14  2.48e-14    85   -13     0
2106.82 -7.04e-15  2.48e-14    85    -6     0
2109.48  1.39e-14  2.49e-14    85    13     0
2112.14  8.74e-15  2.45e-14    85     8     0
2114.80  3.37e-14  2.53e-14    85    32     0
2117.47  1.45e-14  2.46e-14    85    13     0
2120.13  1.48e-14  2.39e-14    85    14     0
2122.79 -9.13e-15  2.31e-14    85    -8     0
2125.45  4.34e-14  2.41e-14    84    42     0
2128.12  2.39e-14  2.32e-14    84    23     0
2130.78 -9.78e-15  2.23e-14    84    -9     0
2133.44 -7.28e-16  2.20e-14    84     0     0
2136.11  1.14e-14  2.22e-14    84    11     0
2138.77 -1.54e-14  2.16e-14    84   -15     0
2141.43  1.84e-14  2.17e-14    84    18     0
2144.09  2.11e-14  2.14e-14    84    21     0
2146.76 -4.79e-15  2.05e-14    84    -4     0
2149.42  1.34e-14  2.07e-14    84    13     0
2152.08  2.90e-14  2.17e-14    83    28     0
2154.75  8.78e-15  2.06e-14    83     8     0
2157.41 -1.48e-14  1.96e-14    83   -14     0
2160.07  1.46e-14  2.02e-14    83    14     0
2162.73  2.63e-14  2.05e-14    83    26     0
2165.40  4.63e-15  1.91e-14    83     4     0
2168.06  3.29e-15  1.88e-14    83     3     0
2170.72  9.64e-15  1.89e-14    83     9     0
2173.39  9.75e-15  1.87e-14    83     9     0
2176.05  4.12e-15  1.87e-14    83     4     0
2178.71  6.32e-17  1.84e-14    82     0     0
2181.37 -6.18e-15  1.86e-14    82    -5     0
2184.04  1.30e-14  1.89e-14    82    12     0
2186.70  3.81e-15  1.76e-14    82     3     0
2189.36 -3.33e-15  1.73e-14    82    -3     0
2192.02 -7.20e-16  1.75e-14    82     0     0
2194.69  2.06e-15  1.73e-14    82     2     0
2197.35 -7.71e-15  1.71e-14    82    -7     0
2200.01  6.78e-15  1.73e-14    82     6     0
2202.68 -8.95e-16  1.69e-14    82     0     0
2205.34  2.96e-14  1.77e-14    81    29     0
2208.00  1.81e-14  1.70e-14    81    18     0
2210.66  1.15e-14  1.69e-14    81    11     0
2213.33  1.89e-14  1.70e-14    81    18     0
2215.99  1.14e-14  1.59e-14    81    11     0
2218.65  1.10e-15  1.53e-14    81     1     0
2221.32  1.87e-14  1.58e-14    81    18     0
2223.98  5.47e-15  1.52e-14    81     5     0
2226.64  3.88e-15  1.54e-14    81     3     0
2229.30  1.93e-14  1.59e-14    81    18     0
2231.97  2.86e-14  1.48e-14    80    30     0
2234.63  1.33e-14  1.42e-14    80    14     0
2237.29 -1.59e-14  1.42e-14    80   -16     0
2239.96  5.13e-15  1.41e-14    80     5     0
2242.62 -5.60e-15  1.37e-14    80    -5     0
2245.28  2.96e-15  1.38e-14    80     3     0
2247.94  1.86e-14  1.41e-14    80    19     0
2250.61  8.13e-15  1.29e-14    80     8     0
2253.27  2.74e-14  1.34e-14    80    29     0
2255.93  1.37e-14  1.29e-14    80    14     0
2258.59 -1.14e-15  1.21e-14    80    -1     0
2261.26  2.05e-14  1.30e-14    79    22     0
2263.92  1.40e-14  1.26e-14    79    15     0
2266.58  1.50e-14  1.20e-14    79    16     0
2269.25  7.00e-15  1.14e-14    79     7     0
2271.91  1.94e-14  1.21e-14    79    21     0
2274.57  8.90e-15  1.13e-14    79    10     0
2277.23  2.01e-14  1.10e-14    79    24     0
2279.90  7.41e-15  1.02e-14    79     9     0
2282.56  1.35e-14  1.07e-14    79    16     0
2285.22  5.55e-15  1.01e-14    79     6     0
2287.89  8.88e-15  1.01e-14    79    10     0
2290.55  3.09e-16  9.53e-15    79     0     0
2293.21  8.31e-15  9.62e-15    78    10     0
2295.87  4.08e-15  8.93e-15    78     5     0
2298.54  1.12e-14  9.27e-15    78    14     0
2301.20  1.52e-14  9.46e-15    78    19     0
2303.86  5.81e-15  9.00e-15    78     7     0
2306.53  1.53e-14  9.30e-15    78    19     0
2309.19  1.90e-14  9.33e-15    78    24     0
2311.85  4.82e-15  8.03e-15    78     6     0
2314.51  3.60e-15  7.87e-15    78     4     0
2317.18  3.81e-15  7.96e-15    78     5     0
2319.84  1.76e-14  8.31e-15    78    24     0
2322.50  2.01e-14  8.43e-15    78    27     0
2325.16  1.01e-14  7.58e-15    77    14     0
2327.83  1.71e-14  7.70e-15    77    25     0
2330.49  1.30e-14  7.35e-15    77    19     0
2333.15  1.27e-14  7.11e-15    77    19     0
2335.82  2.20e-14  7.33e-15    77    34     0
2338.48  1.76e-14  7.03e-15    77    27     0
2341.14  2.02e-14  7.03e-15    77    31     0
2343.80  2.45e-14  7.13e-15    77    39     0
2346.47  1.37e-14  6.50e-15    77    21     0
2349.13  2.71e-14  7.01e-15    77    43     0
2351.79  8.12e-15  6.12e-15    77    13     0
2354.46  4.60e-15  5.83e-15    77     7     0
2357.12  1.07e-14  5.82e-15    77    18     0
2359.78  1.92e-14  5.96e-15    77    33     0
2362.44  1.63e-14  5.98e-15    76    27     0
2365.11  1.78e-14  6.00e-15    76    30     0
2367.77  1.43e-14  5.73e-15    76    24     0
2370.43  1.06e-14  5.52e-15    76    18     0
2373.09  2.34e-14  5.90e-15    76    41     0
2375.76  1.91e-14  5.46e-15    76    35     0
2378.42  9.79e-15  4.96e-15    76    18     0
2381.08  1.91e-14  5.27e-15    76    35     0
2383.75  4.19e-14  6.11e-15    76    78     0
2386.41  4.33e-14  6.20e-15    76    81     0
2389.07  3.64e-14  5.86e-15    76    69     0
2391.73  2.57e-14  5.23e-15    76    49     0
2394.40  3.08e-14  5.42e-15    76    60     0
2397.06  3.04e-14  5.33e-15    76    59     0
2399.72  1.95e-14  4.79e-15    75    38     0
2402.39  2.59e-14  4.92e-15    75    52     0
2405.05  2.25e-14  4.86e-15    75    44     0
2407.71  3.03e-14  5.15e-15    75    61     0
2410.37  2.19e-14  4.64e-15    75    46     0
2413.04  1.59e-14  4.25e-15    75    34     0
2415.70  9.06e-15  3.91e-15    75    19     0
2418.36  9.40e-15  3.83e-15    75    20     0
2421.03  1.12e-14  3.95e-15    75    24     0
2423.69  7.63e-15  3.67e-15    75    16     0
2426.35  5.72e-15  3.53e-15    75    12     0
2429.01  7.66e-15  3.52e-15    75    17     0
2431.68  4.14e-15  3.52e-15    75     9     0
2434.34  7.05e-15  3.56e-15    75    15     0
2437.00  1.24e-14  3.71e-15    75    27     0
2439.67  1.32e-14  3.73e-15    75    29     0
2442.33  9.91e-15  3.43e-15    74    22     0
2444.99  1.83e-14  3.78e-15    74    42     0
2447.65  1.21e-14  3.53e-15    74    28     0
2450.32  6.18e-15  3.18e-15    74    14     0
2452.98  9.14e-15  3.29e-15    74    21     0
2455.64  9.80e-15  3.19e-15    74    24     0
2458.30  1.44e-14  3.77e-15    74    35     0
2460.97  1.30e-14  3.25e-15    74    32     0
2463.63  1.53e-14  3.34e-15    74    38     0
2466.29  1.61e-14  3.30e-15    74    40     0
2468.96  1.31e-14  3.13e-15    74    33     0
2471.62  1.71e-14  3.21e-15    74    44     0
2474.28  1.57e-14  3.10e-15    74    41     0
2476.94  1.68e-14  3.08e-15    74    45     0
2479.61  2.50e-14  3.32e-15    73    68     0
2482.27  2.01e-14  3.15e-15    73    54     0
2484.93  1.59e-14  3.03e-15    73    43     0
2487.60  1.44e-14  2.94e-15    73    38     0
2490.26  2.15e-14  3.18e-15    73    59     0
2492.92  1.33e-14  2.81e-15    73    36     0
2495.58  1.08e-14  3.29e-15    73    29     0
2498.25  1.32e-14  2.84e-15    73    36     0
2500.91  1.33e-14  2.77e-15    73    36     0
2503.57  1.52e-14  2.86e-15    73    42     0
2506.24  1.12e-14  2.72e-15    73    30     0
2508.90  1.54e-14  2.83e-15    73    42     0
2511.56  1.81e-14  2.84e-15    73    52     0
2514.22  1.29e-14  2.82e-15    73    37     0
2516.89  1.60e-14  2.80e-15    73    44     0
2519.55  1.55e-14  2.74e-15    72    43     0
2522.21  1.58e-14  3.68e-15    72    46     0
2524.87  1.68e-14  2.78e-15    72    49     0
2527.54  1.92e-14  3.10e-15    72    56     0
2530.20  1.59e-14  2.66e-15    72    46     0
2532.86  1.31e-14  2.53e-15    72    38     0
2535.53  1.30e-14  2.48e-15    72    39     0
2538.19  1.57e-14  2.56e-15    72    47     0
2540.85  1.70e-14  3.03e-15    72    52     0
2543.51  1.51e-14  2.45e-15    72    47     0
2546.18  1.37e-14  2.38e-15    72    43     0
2548.84  1.29e-14  2.30e-15    72    41     0
2551.50  1.29e-14  2.37e-15    72    41     0
2554.17  1.29e-14  2.29e-15    71    41     0
2556.83  9.46e-15  2.19e-15    71    31     0
2559.49  7.84e-15  2.12e-15    71    26     0
2562.15  1.01e-14  2.76e-15    71    33     0
2564.82  1.67e-14  2.36e-15    71    55     0
2567.48  1.99e-14  2.50e-15    71    67     0
2570.14  1.01e-14  2.09e-15    71    34     0
2572.80  1.46e-14  2.27e-15    71    49     0
2575.47  1.34e-14  2.21e-15    71    44     0
2578.13  1.23e-14  2.47e-15    71    41     0
2580.79  1.83e-14  2.67e-15    71    61     0
2583.46  2.11e-14  2.53e-15    71    70     0
2586.12  3.14e-14  2.88e-15    70   107     0
2588.78  3.56e-14  2.98e-15    70   122     0
2591.44  2.83e-14  3.66e-15    70    96     0
2594.11  2.34e-14  2.57e-15    70    80     0
2596.77  3.89e-14  4.11e-15    70   138     0
2599.43  5.10e-14  3.55e-15    70   182     0
2602.10  4.65e-14  3.27e-15    70   167     0
2604.76  3.52e-14  2.82e-15    70   127     0
2607.42  3.42e-14  2.91e-15    70   125     0
2610.08  4.05e-14  3.10e-15    70   145     0
2612.75  3.59e-14  2.86e-15    69   129     0
2615.41  4.70e-14  3.16e-15    69   175     0
2618.07  4.53e-14  3.30e-15    69   170     0
2620.74  4.21e-14  3.19e-15    69   158     0
2623.40  4.18e-14  3.74e-15    69   158     0
2626.06  5.21e-14  3.31e-15    69   195     0
2628.72  6.22e-14  3.74e-15    69   233     0
2631.39  5.35e-14  4.12e-15    69   206     0
2634.05  4.30e-14  3.13e-15    69   166     0
2636.71  1.41e-14  1.97e-15    69    53     0
2639.37  7.95e-15  1.78e-15    68    30     0
2642.04  6.46e-15  1.72e-15    68    24     0
2644.70  3.69e-15  1.91e-15    68    14     0
2647.36  3.84e-15  1.55e-15    68    15     0
2650.03  5.53e-15  1.62e-15    68    21     0
2652.69  7.83e-15  2.47e-15    68    30     0
2655.35  9.38e-15  1.77e-15    68    36     0
2658.01  8.58e-15  1.75e-15    68    33     0
2660.68  1.04e-14  1.77e-15    68    41     0
2663.34  7.68e-15  1.74e-15    67    30     0
2666.00  1.10e-14  1.80e-15    67    43     0
2668.67  1.54e-14  1.98e-15    67    61     0
2671.33  1.49e-14  1.93e-15    67    59     0
2673.99  1.03e-14  1.77e-15    67    41     0
2676.65  7.59e-15  1.65e-15    67    30     0
2679.32  1.11e-14  1.78e-15    67    45     0
2681.98  1.05e-14  1.75e-15    67    42     0
2684.64  1.05e-14  1.77e-15    67    42     0
2687.31  8.28e-15  1.65e-15    66    34     0
2689.97  1.04e-14  1.74e-15    66    42     0
2692.63  1.41e-14  1.86e-15    66    58     0
2695.29  1.29e-14  1.83e-15    66    53     0
2697.96  1.37e-14  1.85e-15    66    56     0
2700.62  1.26e-14  1.81e-15    66    51     0
2703.28  1.16e-14  1.81e-15    66    47     0
2705.94  1.24e-14  1.82e-15    66    51     0
2708.61  1.16e-14  1.78e-15    65    47     0
2711.27  1.46e-14  1.92e-15    65    58     0
2713.93  2.21e-14  2.27e-15    65    88     0
2716.60  2.10e-14  2.18e-15    65    85     0
2719.26  1.68e-14  3.12e-15    65    67     0
2721.92  2.03e-14  3.10e-15    65    80     0
2724.58  1.89e-14  2.09e-15    65    75     0
2727.25  2.11e-14  2.11e-15    65    88     0
2729.91  1.92e-14  2.04e-15    64    80     0
2732.57  2.20e-14  2.14e-15    64    91     0
2735.24  2.99e-14  2.42e-15    64   123     0
2737.90  2.69e-14  2.36e-15    64   111     0
2740.56  2.86e-14  2.38e-15    64   118     0
2743.22  3.66e-14  2.62e-15    64   151     0
2745.89  3.51e-14  2.53e-15    64   147     0
2748.55  4.10e-14  2.71e-15    63   171     0
2751.21  3.82e-14  2.65e-15    63   158     0
2753.88  3.14e-14  2.44e-15    63   130     0
2756.54  2.96e-14  2.40e-15    63   122     0
2759.20  2.89e-14  2.39e-15    63   120     0
2761.86  2.38e-14  2.22e-15    63    99     0
2764.53  2.13e-14  2.14e-15    62    88     0
2767.19  2.08e-14  2.07e-15    62    88     0
2769.85  1.56e-14  1.92e-15    62    66     0
2772.51  1.72e-14  1.97e-15    62    71     0
2775.18  2.04e-14  2.09e-15    62    85     0
2777.84  1.69e-14  1.98e-15    62    70     0
2780.50  1.46e-14  1.91e-15    62    61     0
2783.17  1.78e-14  2.02e-15    61    74     0
2785.83  2.13e-14  2.16e-15    61    87     0
2788.49  3.28e-14  2.53e-15    61   133     0
2791.15  6.53e-14  3.38e-15    61   269     0
2793.82  1.66e-13  9.89e-15    61   681     0
2796.48  2.72e-13  1.25e-14    61  1101     0
2799.14  2.56e-13  1.65e-14    60  1039     0
2801.81  2.34e-13  1.56e-14    60   958     0
2804.47  2.14e-13  1.63e-14    60   878     0
2807.13  1.49e-13  1.19e-14    60   582     0
2809.79  4.29e-14  3.75e-15    60   168     0
2812.46  1.65e-14  2.01e-15    60    67     0
2815.12  1.18e-14  1.87e-15    59    48     0
2817.78  1.67e-14  2.02e-15    59    67     0
2820.45  1.97e-14  2.15e-15    59    79     0
2823.11  1.57e-14  2.03e-15    59    63     0
2825.77  1.19e-14  1.85e-15    59    48     0
2828.43  1.31e-14  1.89e-15    59    53     0
2831.10  1.49e-14  1.98e-15    58    61     0
2833.76  1.39e-14  1.95e-15    58    57     0
2836.42  1.83e-14  2.10e-15    58    74     0
2839.08  1.70e-14  2.06e-15    58    69     0
2841.75  1.06e-14  1.87e-15    58    42     0
2844.41  1.35e-14  1.97e-15    58    54     0
2847.07  2.06e-14  2.18e-15    57    83     0
2849.74  2.44e-14  2.31e-15    57    98     0
2852.40  2.86e-14  2.44e-15    57   113     0
2855.06  2.66e-14  2.38e-15    57   107     0
2857.72  2.10e-14  2.20e-15    57    84     0
2860.39  1.78e-14  2.14e-15    57    70     0
2863.05  1.94e-14  2.20e-15    56    76     0
2865.71  1.85e-14  2.16e-15    56    73     0
2868.38  2.27e-14  2.28e-15    56    89     0
2871.04  1.65e-14  2.09e-15    56    65     0
2873.70  1.77e-14  2.14e-15    56    69     0
2876.36  2.08e-14  2.28e-15    55    80     0
2879.03  2.25e-14  2.34e-15    55    86     0
2881.69  2.78e-14  2.49e-15    55   106     0
2884.35  2.59e-14  2.45e-15    55    99     0
2887.02  2.06e-14  2.27e-15    55    79     0
2889.68  1.72e-14  2.18e-15    54    66     0
2892.34  1.43e-14  2.09e-15    54    55     0
2895.00  1.53e-14  2.10e-15    54    59     0
2897.67  1.69e-14  2.17e-15    54    64     0
2900.33  1.88e-14  2.23e-15    54    71     0
2902.99  1.79e-14  2.22e-15    53    67     0
2905.65  1.52e-14  2.15e-15    53    57     0
2908.32  1.46e-14  2.14e-15    53    54     0
2910.98  1.58e-14  2.16e-15    53    59     0
2913.64  1.77e-14  2.24e-15    53    66     0
2916.31  1.67e-14  2.22e-15    53    62     0
2918.97  2.42e-14  2.45e-15    52    90     0
2921.63  2.18e-14  2.43e-15    52    78     0
2924.29  2.33e-14  2.50e-15    52    82     0
2926.96  3.15e-14  2.72e-15    52   112     0
2929.62  2.66e-14  2.59e-15    52    94     0
2932.28  2.63e-14  2.61e-15    51    92     0
2934.95  2.77e-14  2.68e-15    51    96     0
2937.61  2.80e-14  2.67e-15    51    97     0
2940.27  2.35e-14  2.57e-15    51    81     0
2942.93  2.35e-14  2.58e-15    51    80     0
2945.60  2.67e-14  2.70e-15    50    89     0
2948.26  2.34e-14  2.63e-15    50    77     0
2950.92  2.23e-14  2.58e-15    50    74     0
2953.59  2.46e-14  2.66e-15    50    82     0
2956.25  2.48e-14  2.68e-15    49    82     0
2958.91  2.15e-14  2.58e-15    49    71     0
2961.57  2.07e-14  2.60e-15    49    66     0
2964.24  2.26e-14  2.69e-15    49    72     0
2966.90  2.53e-14  2.73e-15    49    80     0
2969.56  3.15e-14  2.97e-15    48    98     0
2972.22  2.53e-14  2.80e-15    48    78     0
2974.89  2.70e-14  2.86e-15    48    83     0
2977.55  2.88e-14  3.01e-15    48    85     0
2980.21  2.77e-14  2.96e-15    48    83     0
2982.88  2.29e-14  2.82e-15    47    67     0
2985.54  2.54e-14  2.91e-15    47    74     0
2988.20  2.68e-14  3.00e-15    47    77     0
2990.86  2.53e-14  2.98e-15    47    72     0
2993.53  2.30e-14  2.93e-15    47    65     0
2996.19  2.30e-14  3.00e-15    46    63     0
2998.85  2.79e-14  3.17e-15    46    76     0
3001.52  2.48e-14  3.02e-15    46    68     0
3004.18  2.19e-14  2.97e-15    46    60     0
3006.84  1.86e-14  2.90e-15    45    50     0
3009.50  1.95e-14  2.97e-15    45    52     0
3012.17  2.14e-14  3.08e-15    45    55     0
3014.83  1.96e-14  3.06e-15    45    50     0
3017.49  2.11e-14  3.11e-15    45    53     0
3020.16  2.52e-14  3.28e-15    44    62     0
3022.82  2.56e-14  3.29e-15    44    62     0
3025.48  2.48e-14  3.32e-15    44    59     0
3028.14  2.89e-14  3.50e-15    44    68     0
3030.81  3.09e-14  3.54e-15    43    73     0
3033.47  2.84e-14  3.52e-15    43    66     0
3036.13  2.18e-14  3.36e-15    43    49     0
3038.79  2.10e-14  3.38e-15    43    47     0
3041.46  2.13e-14  3.43e-15    43    47     0
3044.12  2.34e-14  3.54e-15    42    51     0
3046.78  2.15e-14  3.50e-15    42    46     0
3049.45  2.75e-14  3.70e-15    42    58     0
3052.11  2.07e-14  3.73e-15    42    43     0
3054.77  1.68e-14  4.15e-15    41    34     0
3057.43  2.64e-14  6.13e-15    41    51     0
3060.10  1.99e-14  4.98e-15    41    38     0
3062.76  2.72e-14  4.78e-15    41    51     0
3065.42  2.59e-14  3.99e-15    40    48     0
3068.09  2.22e-14  3.96e-15    40    40     0
3070.75  2.25e-14  3.95e-15    40    41     0
3073.41  2.17e-14  3.99e-15    40    39     0
3076.07  2.17e-14  4.08e-15    40    37     0
3078.74  2.41e-14  4.20e-15    39    41     0
3081.40  2.49e-14  4.21e-15    39    42     0
3084.06  2.54e-14  4.30e-15    39    42     0
3086.73  2.24e-14  4.28e-15    39    36     0
3089.39  2.43e-14  4.40e-15    38    38     0
3092.05  2.93e-14  4.54e-15    38    46     0
3094.71  3.12e-14  4.64e-15    38    48     0
3097.38  2.85e-14  4.72e-15    38    42     0
3100.04  3.25e-14  4.86e-15    37    47     0
3102.70  3.23e-14  4.89e-15    37    46     0
3105.36  3.29e-14  4.95e-15    37    46     0
3108.03  4.04e-14  5.21e-15    37    56     0
3110.69  4.05e-14  5.16e-15    36    56     0
3113.35  3.90e-14  5.22e-15    36    53     0
3116.02  3.22e-14  5.11e-15    36    42     0
3118.68  3.11e-14  5.12e-15    36    40     0
3121.34  3.65e-14  5.33e-15    35    47     0
3124.00  3.02e-14  5.22e-15    35    38     0
3126.67  2.27e-14  5.04e-15    35    28     0
3129.33  2.03e-14  5.02e-15    35    24     0
3131.99  3.16e-14  5.38e-15    34    37     0
3134.66  3.12e-14  5.38e-15    34    36     0
3137.32  2.59e-14  5.31e-15    34    29     0
3139.98  3.72e-14  5.68e-15    34    42     0
3142.64  3.62e-14  5.81e-15    33    39     0
3145.31  3.54e-14  5.83e-15    33    37     0
3147.97  3.97e-14  6.04e-15    33    41     0
3150.63  4.16e-14  5.99e-15    33    43     0
3153.30  4.07e-14  6.02e-15    32    41     0
3155.96  3.25e-14  5.84e-15    32    32     0
3158.62  3.97e-14  6.09e-15    32    39     0
3161.28  4.66e-14  6.40e-15    32    44     0
3163.95  5.05e-14  6.53e-15    31    47     0
3166.61  3.99e-14  6.31e-15    31    36     0
3169.27  2.68e-14  6.03e-15    31    23     0
3171.93  2.56e-14  6.12e-15    30    21     0
3174.60  4.38e-14  6.66e-15    30    36     0
3177.26  4.97e-14  6.65e-15    30    42     0
3179.92  5.03e-14  6.64e-15    30    41     0
3182.59  4.73e-14  6.74e-15    29    38     0
3185.25  4.56e-14  6.65e-15    29    36     0
3187.91  5.01e-14  6.83e-15    29    39     0
3190.57  6.16e-14  7.32e-15    28    46     0
3193.24  5.34e-14  7.11e-15    28    38     0
3195.90  5.60e-14  7.07e-15    28    40     0
3198.56  5.93e-14  7.25e-15    28    42     0
3201.23  4.29e-14  6.80e-15    27    30     0
3203.89  5.20e-14  6.97e-15    27    35     0
3206.55  3.83e-14  8.04e-15    27    23     0
3209.21  3.76e-14  7.24e-15    26    22     0
3211.88  4.84e-14  7.18e-15    26    29     0
3214.54  3.93e-14  7.01e-15    26    23     0
3217.20  3.67e-14  7.13e-15    26    20     0
3219.87  4.65e-14  7.47e-15    25    25     0
3222.53  4.39e-14  7.14e-15    25    24     0
3225.19  4.21e-14  7.01e-15    25    22     0
3227.85  4.11e-14  7.21e-15    24    21     0
3230.52  2.79e-14  6.60e-15    24    14     0
3233.18  2.84e-14  8.58e-15    24    14     0
3235.84  4.91e-14  1.13e-14    23    23     0
3238.50  4.16e-14  7.37e-15    23    19     0
3241.17  4.17e-14  7.46e-15    23    19     0
3243.83  4.82e-14  7.67e-15    22    21     0
3246.49  3.86e-14  7.63e-15    22    17     0
3249.16  4.15e-14  8.41e-15    22    18     0
3251.82  4.25e-14  7.96e-15    21    18     0
3254.48  5.11e-14  8.38e-15    21    21     0
3257.14  7.01e-14  9.48e-15    21    28     0
3259.81  6.97e-14  9.38e-15    20    27     0
3262.47  7.45e-14  9.22e-15    20    29     0
3265.13  6.15e-14  9.54e-15    20    23     0
3267.80  4.52e-14  9.16e-15    19    17     0
3270.46  3.15e-14  1.12e-14    19    11     0
3273.12  4.43e-14  1.10e-14    19    15     0
3275.78  5.26e-14  1.06e-14    18    17     0
3278.45  6.71e-14  1.21e-14    18    21     0
3281.11  6.48e-14  1.06e-14    17    21     0
3283.77  6.96e-14  1.15e-14    17    22     0
3286.44  4.78e-14  1.14e-14    17    14     0
3289.10  4.84e-14  1.18e-14    16    14     0
3291.76  5.96e-14  1.25e-14    16    16     0
3294.42  8.34e-14  1.29e-14    16    22     0
3297.09  1.06e-13  1.27e-14    15    30     0
3299.75  8.84e-14  1.29e-14    15    24     0
3302.41  9.34e-14  1.33e-14    14    24     0
3305.07  1.04e-13  1.39e-14    14    26     0
3307.74  6.91e-14  1.44e-14    14    17     0
3310.40  1.11e-13  1.46e-14    13    27     0
3313.06  1.07e-13  1.52e-14    13    25     0
3315.73  7.26e-14  1.73e-14    12    15     0
3318.39  7.55e-14  1.79e-14    12    15     0
3321.05  6.33e-14  2.52e-14    11    11     0
3323.71  3.72e-14  2.25e-14    11     6     0
3326.38  9.13e-14  2.05e-14    10    16     0
3329.04  1.10e-13  2.13e-14    10    18     0
3331.70  1.31e-13  2.19e-14    10    21     0
3334.37  1.61e-13  2.26e-14     9    25     0
3337.03  9.87e-14  2.12e-14     9    16     0
3339.69  8.96e-14  2.21e-14     8    14     0
3342.35  6.42e-14  2.47e-14     8     9     0
3345.02  5.76e-14  2.62e-14     7     8     0
3347.68  1.29e-13  2.72e-14     7    17     0
