NOT ORIGINAL IUE PROJECT DATA PRODUCT
LWP21141LOWLARGE
HD  197481
20:42:04
-31:31:05
48
NO-TRAIL
X-OFFSETS
1199.063
03/09/91
04:26:32
246
6.49
20/09/95
GSFC
2448502.68509
63
31
1851.19 -2.64e-14  7.46e-13   213    -2     0
1853.85 -1.93e-13  6.95e-13   212   -19     0
1856.51  4.35e-13  9.32e-13   211    31     0
1859.17 -6.25e-13  8.53e-13   210   -49     0
1861.84  2.95e-13  5.41e-13   209    36     0
1864.50 -1.01e-13  4.89e-13   208   -13     0
1867.16  6.85e-15  3.78e-13   207     1     0
1869.83  1.50e-13  3.55e-13   206    27     0
1872.49 -5.01e-14  3.14e-13   205   -10     0
1875.15  1.01e-13  2.76e-13   204    23     0
1877.81 -2.35e-13  2.57e-13   204   -58     0
1880.48 -7.01e-14  2.66e-13   203   -16     0
1883.14 -2.58e-14  2.51e-13   202    -6     0
1885.80  1.28e-13  2.30e-13   201    34     0
1888.47  3.56e-13  2.23e-13   200   100     0
1891.13 -7.25e-14  2.08e-13   199   -21     0
1893.79 -1.36e-13  1.99e-13   198   -41     0
1896.45  1.21e-13  1.83e-13   197    39     0
1899.12 -1.19e-13  1.74e-13   196   -40     0
1901.78  1.15e-13  1.83e-13   195    37     0
1904.44 -1.95e-13  1.74e-13   194   -65     0
1907.11 -1.02e-13  1.65e-13   194   -35     0
1909.77  3.43e-14  1.60e-13   193    12     0
1912.43  1.33e-13  1.49e-13   192    51     0
1915.09 -9.36e-14  1.45e-13   191   -36     0
1917.76 -5.59e-14  1.44e-13   190   -22     0
1920.42  2.39e-14  1.28e-13   189    10     0
1923.08  1.12e-13  1.20e-13   189    52     0
1925.74  7.80e-14  1.29e-13   188    33     0
1928.41  3.19e-14  1.23e-13   187    13     0
1931.07 -4.57e-14  1.13e-13   186   -21     0
1933.73 -3.88e-14  1.08e-13   185   -18     0
1936.40 -2.13e-15  1.07e-13   185    -1     0
1939.06  7.88e-14  1.05e-13   184    39     0
1941.72  2.30e-14  9.82e-14   183    12     0
1944.38  1.64e-13  9.79e-14   182    88     0
1947.05 -8.61e-14  8.90e-14   182   -48     0
1949.71  7.69e-14  8.77e-14   181    44     0
1952.37  2.10e-15  8.82e-14   180     1     0
1955.04  1.26e-13  8.77e-14   179    72     0
1957.70 -2.21e-14  8.16e-14   179   -13     0
1960.36  5.18e-14  7.97e-14   178    31     0
1963.02 -1.40e-14  7.59e-14   177    -8     0
1965.69  1.15e-14  7.07e-14   177     7     0
1968.35 -7.11e-14  6.82e-14   176   -48     0
1971.01  6.34e-14  7.11e-14   175    42     0
1973.68  3.00e-14  6.77e-14   175    20     0
1976.34 -2.03e-15  6.02e-14   174    -1     0
1979.00  2.50e-14  5.86e-14   173    19     0
1981.66 -4.56e-14  5.93e-14   173   -34     0
1984.33  4.45e-15  5.75e-14   172     3     0
1986.99 -4.17e-14  5.44e-14   172   -33     0
1989.65  5.41e-14  5.44e-14   171    44     0
1992.31 -7.30e-15  5.30e-14   170    -5     0
1994.98 -2.46e-14  5.16e-14   170   -20     0
1997.64  2.94e-14  5.03e-14   169    25     0
2000.30  3.10e-14  5.01e-14   169    26     0
2002.97 -2.06e-14  4.82e-14   168   -17     0
2005.63  1.05e-14  4.66e-14   167     9     0
2008.29  1.93e-14  4.61e-14   167    17     0
2010.95 -1.44e-14  4.76e-14   166   -12     0
2013.62  5.50e-14  4.84e-14   166    46     0
2016.28 -1.66e-14  4.17e-14   165   -15     0
2018.94  1.03e-14  4.14e-14   165     9     0
2021.61  2.17e-14  4.40e-14   164    19     0
2024.27  2.09e-14  4.34e-14   164    18     0
2026.93  5.30e-14  4.28e-14   163    48     0
2029.59  4.50e-14  4.19e-14   163    41     0
2032.26 -1.38e-14  4.07e-14   162   -12     0
2034.92  1.54e-17  4.02e-14   162     0     0
2037.58 -3.62e-14  3.96e-14   161   -33     0
2040.25 -2.07e-15  3.98e-14   161    -1     0
2042.91  9.96e-16  3.93e-14   160     0     0
2045.57  3.99e-14  4.16e-14   160    35     0
2048.23  4.62e-14  5.53e-14   159    41     0
2050.90 -5.71e-14  3.81e-14   159   -52     0
2053.56  2.32e-14  3.80e-14   158    21     0
2056.22 -3.03e-14  3.69e-14   158   -27     0
2058.88 -2.56e-14  3.63e-14   158   -23     0
2061.55 -4.67e-14  3.56e-14   157   -43     0
2064.21  6.64e-14  3.71e-14   157    62     0
2066.87 -7.80e-16  3.45e-14   156     0     0
2069.54  5.88e-15  3.40e-14   156     5     0
2072.20  3.70e-15  3.29e-14   156     3     0
2074.86  2.17e-14  3.30e-14   155    21     0
2077.52 -2.71e-14  3.18e-14   155   -26     0
2080.19  2.19e-14  3.22e-14   154    21     0
2082.85  4.25e-14  3.26e-14   154    41     0
2085.51  1.06e-14  3.12e-14   154    10     0
2088.18  1.92e-14  3.11e-14   153    18     0
2090.84  2.56e-14  3.04e-14   153    25     0
2093.50  3.87e-15  2.95e-14   153     3     0
2096.16 -9.30e-15  2.97e-14   152    -9     0
2098.83 -6.05e-15  2.94e-14   152    -5     0
2101.49  2.50e-14  2.99e-14   152    24     0
2104.15 -3.27e-15  2.90e-14   151    -3     0
2106.82 -2.66e-15  2.91e-14   151    -2     0
2109.48  5.75e-14  3.09e-14   151    55     0
2112.14  1.78e-14  2.90e-14   150    17     0
2114.80 -2.26e-14  2.82e-14   150   -21     0
2117.47  6.17e-15  2.82e-14   150     5     0
2120.13 -3.32e-14  2.74e-14   149   -32     0
2122.79  4.99e-15  2.72e-14   149     4     0
2125.45  2.92e-14  2.74e-14   149    28     0
2128.12  2.00e-14  2.66e-14   148    19     0
2130.78 -1.14e-14  2.61e-14   148   -11     0
2133.44  3.40e-15  2.59e-14   148     3     0
2136.11  1.79e-15  2.56e-14   148     1     0
2138.77 -9.31e-16  2.53e-14   147     0     0
2141.43  1.70e-14  2.50e-14   147    17     0
2144.09  2.96e-14  2.54e-14   147    29     0
2146.76 -2.11e-14  2.40e-14   147   -21     0
2149.42 -1.09e-15  2.37e-14   146    -1     0
2152.08  2.22e-14  2.48e-14   146    21     0
2154.75 -1.92e-14  2.38e-14   146   -18     0
2157.41 -2.56e-15  2.30e-14   146    -2     0
2160.07  1.94e-14  2.37e-14   145    19     0
2162.73 -2.25e-15  2.28e-14   145    -2     0
2165.40  2.16e-15  2.22e-14   145     2     0
2168.06  1.30e-14  2.24e-14   145    13     0
2170.72 -1.98e-14  2.17e-14   145   -20     0
2173.39  1.83e-14  2.22e-14   144    18     0
2176.05 -1.69e-14  2.18e-14   144   -16     0
2178.71 -1.02e-14  2.16e-14   144   -10     0
2181.37 -6.18e-15  2.18e-14   144    -6     0
2184.04  9.36e-15  2.19e-14   143     9     0
2186.70  1.96e-15  2.06e-14   143     1     0
2189.36  3.04e-14  2.46e-14   143    30     0
2192.02  4.31e-14  2.21e-14   143    42     0
2194.69  4.80e-14  2.20e-14   143    47     0
2197.35 -9.96e-15  2.01e-14   143    -9     0
2200.01  3.75e-15  2.01e-14   142     3     0
2202.68  1.64e-14  2.04e-14   142    16     0
2205.34 -2.40e-15  1.94e-14   142    -2     0
2208.00  2.10e-14  1.98e-14   142    20     0
2210.66 -1.58e-14  1.94e-14   142   -15     0
2213.33 -1.93e-15  1.91e-14   142    -1     0
2215.99  1.82e-15  1.82e-14   141     1     0
2218.65  2.23e-14  1.86e-14   141    22     0
2221.32  7.40e-15  1.80e-14   141     7     0
2223.98  3.46e-15  1.76e-14   141     3     0
2226.64  2.52e-14  1.88e-14   141    24     0
2229.30  2.99e-14  1.89e-14   141    29     0
2231.97 -9.89e-15  1.63e-14   140   -10     0
2234.63  1.70e-14  1.67e-14   140    18     0
2237.29  8.10e-15  1.68e-14   140     8     0
2239.96  1.00e-14  1.66e-14   140    10     0
2242.62 -1.09e-14  1.62e-14   140   -11     0
2245.28  1.55e-14  1.64e-14   140    15     0
2247.94 -9.26e-15  1.59e-14   140    -9     0
2250.61  1.57e-14  1.56e-14   140    16     0
2253.27 -1.71e-15  1.48e-14   139    -1     0
2255.93 -1.11e-15  1.47e-14   139    -1     0
2258.59 -7.13e-15  1.43e-14   139    -7     0
2261.26  4.93e-14  1.79e-14   139    53     0
2263.92 -1.08e-14  1.42e-14   139   -11     0
2266.58  2.75e-15  1.36e-14   139     3     0
2269.25  3.68e-14  1.45e-14   139    42     0
2271.91  5.31e-15  1.34e-14   139     6     0
2274.57  6.08e-15  1.31e-14   138     6     0
2277.23 -1.88e-14  1.20e-14   138   -23     0
2279.90  3.65e-15  1.18e-14   138     4     0
2282.56 -4.85e-15  1.20e-14   138    -5     0
2285.22 -7.07e-15  1.18e-14   138    -8     0
2287.89  6.82e-15  1.16e-14   138     8     0
2290.55  2.04e-14  1.21e-14   138    25     0
2293.21  4.71e-15  1.12e-14   138     5     0
2295.87 -8.32e-15  1.26e-14   138   -10     0
2298.54 -3.16e-15  1.05e-14   138    -4     0
2301.20  1.64e-14  1.11e-14   137    20     0
2303.86  8.48e-15  1.07e-14   137    10     0
2306.53  2.06e-14  1.12e-14   137    26     0
2309.19  2.62e-14  1.33e-14   137    33     0
2311.85  6.17e-15  9.62e-15   137     8     0
2314.51  3.60e-15  9.28e-15   137     5     0
2317.18 -4.60e-15  9.42e-15   137    -6     0
2319.84 -1.07e-15  1.19e-14   137    -1     0
2322.50 -5.88e-15  1.26e-14   137    -8     0
2325.16  1.52e-14  8.92e-15   137    22     0
2327.83  8.94e-15  8.66e-15   137    13     0
2330.49  5.60e-15  8.28e-15   136     8     0
2333.15  3.87e-14  9.52e-15   136    59     0
2335.82  1.71e-14  8.24e-15   136    26     0
2338.48  2.95e-14  9.41e-15   136    46     0
2341.14  1.20e-14  1.03e-14   136    18     0
2343.80  2.92e-14  8.35e-15   136    46     0
2346.47  2.80e-14  8.53e-15   136    44     0
2349.13  4.12e-14  8.92e-15   136    66     0
2351.79  1.95e-14  7.75e-15   136    31     0
2354.46  1.22e-14  9.49e-15   136    20     0
2357.12  2.31e-14  7.60e-15   136    39     0
2359.78  2.93e-14  8.27e-15   136    50     0
2362.44  5.76e-15  6.74e-15   136     9     0
2365.11  3.12e-14  9.21e-15   135    53     0
2367.77  1.33e-14  7.09e-15   135    22     0
2370.43  1.05e-14  6.57e-15   135    18     0
2373.09  3.79e-14  1.14e-14   135    67     0
2375.76  3.17e-14  7.33e-15   135    59     0
2378.42  2.59e-14  7.32e-15   135    49     0
2381.08  2.45e-14  6.65e-15   135    45     0
2383.75  5.21e-14  7.58e-15   135    98     0
2386.41  5.76e-14  9.05e-15   135   109     0
2389.07  6.86e-15  6.12e-15   135    13     0
2391.73  1.65e-14  6.65e-15   135    32     0
2394.40  4.55e-14  9.80e-15   135    89     0
2397.06  2.53e-14  8.54e-15   135    50     0
2399.72  2.31e-14  5.87e-15   134    46     0
2402.39  3.12e-14  7.21e-15   134    63     0
2405.05  3.21e-14  8.05e-15   134    64     0
2407.71  3.36e-14  6.03e-15   134    68     0
2410.37  1.37e-14  5.68e-15   134    29     0
2413.04  4.71e-15  6.29e-15   134    10     0
2415.70  7.96e-15  4.55e-15   134    17     0
2418.36  9.26e-15  4.92e-15   134    20     0
2421.03  1.53e-14  7.39e-15   134    33     0
2423.69  1.65e-14  6.72e-15   134    36     0
2426.35  2.31e-14  8.18e-15   134    51     0
2429.01  1.61e-14  7.00e-15   134    36     0
2431.68  1.21e-14  5.70e-15   133    26     0
2434.34  2.62e-14  5.23e-15   133    58     0
2437.00  2.30e-14  4.79e-15   133    51     0
2439.67  7.08e-15  6.54e-15   133    16     0
2442.33  2.03e-14  6.12e-15   133    47     0
2444.99  1.82e-14  6.37e-15   133    42     0
2447.65  1.98e-14  7.38e-15   133    46     0
2450.32  1.19e-14  5.06e-15   133    28     0
2452.98  1.16e-14  6.36e-15   133    27     0
2455.64  1.10e-14  4.03e-15   133    27     0
2458.30  1.22e-14  4.25e-15   133    30     0
2460.97  8.38e-15  3.91e-15   133    20     0
2463.63  1.25e-14  4.27e-15   132    31     0
2466.29  1.69e-14  5.40e-15   132    42     0
2468.96  9.34e-15  3.95e-15   132    24     0
2471.62  1.79e-14  4.39e-15   132    46     0
2474.28  2.00e-14  4.62e-15   132    53     0
2476.94  2.56e-14  5.74e-15   132    69     0
2479.61  2.54e-14  6.97e-15   132    69     0
2482.27  3.15e-14  4.93e-15   132    86     0
2484.93  1.06e-14  3.34e-15   132    28     0
2487.60  1.55e-14  6.26e-15   132    42     0
2490.26  2.69e-14  5.28e-15   132    75     0
2492.92  3.31e-14  6.72e-15   131    92     0
2495.58  1.76e-14  3.52e-15   131    48     0
2498.25  5.15e-15  3.78e-15   131    14     0
2500.91  2.08e-14  4.55e-15   131    57     0
2503.57  1.87e-14  6.31e-15   131    52     0
2506.24  1.45e-14  5.31e-15   131    40     0
2508.90  2.51e-14  6.82e-15   131    69     0
2511.56  1.23e-14  5.59e-15   131    35     0
2514.22  2.10e-14  4.43e-15   131    61     0
2516.89  1.78e-14  4.50e-15   131    49     0
2519.55  2.39e-14  5.23e-15   130    67     0
2522.21  1.26e-14  4.26e-15   130    36     0
2524.87  1.61e-14  4.10e-15   130    47     0
2527.54  1.79e-14  3.55e-15   130    52     0
2530.20  2.02e-14  3.26e-15   130    59     0
2532.86  2.02e-14  3.64e-15   130    60     0
2535.53  2.31e-14  4.44e-15   130    69     0
2538.19  2.13e-14  4.51e-15   130    65     0
2540.85  2.19e-14  3.33e-15   130    67     0
2543.51  2.74e-14  4.89e-15   129    85     0
2546.18  9.50e-15  2.64e-15   129    30     0
2548.84  1.68e-14  3.51e-15   129    54     0
2551.50  1.68e-14  3.71e-15   129    53     0
2554.17  9.56e-15  4.85e-15   129    30     0
2556.83  1.24e-14  4.73e-15   129    41     0
2559.49  1.13e-14  2.80e-15   129    38     0
2562.15  2.37e-14  5.99e-15   129    79     0
2564.82  1.10e-14  3.56e-15   128    37     0
2567.48  1.62e-14  2.93e-15   128    55     0
2570.14  1.99e-14  3.05e-15   128    68     0
2572.80  1.59e-14  2.72e-15   128    54     0
2575.47  1.82e-14  2.82e-15   128    61     0
2578.13  1.73e-14  2.78e-15   128    58     0
2580.79  1.77e-14  2.77e-15   128    59     0
2583.46  3.44e-14  4.73e-15   128   115     0
2586.12  2.93e-14  5.66e-15   127   100     0
2588.78  2.91e-14  5.06e-15   127   100     0
2591.44  2.73e-14  3.61e-15   127    93     0
2594.11  2.91e-14  3.09e-15   127   100     0
2596.77  4.81e-14  5.98e-15   127   171     0
2599.43  5.34e-14  7.81e-15   127   192     0
2602.10  4.41e-14  5.42e-15   127   159     0
2604.76  3.17e-14  3.18e-15   126   115     0
2607.42  3.14e-14  3.83e-15   126   115     0
2610.08  3.94e-14  4.36e-15   126   142     0
2612.75  4.17e-14  3.37e-15   126   150     0
2615.41  3.14e-14  3.01e-15   126   117     0
2618.07  4.01e-14  3.25e-15   126   150     0
2620.74  4.71e-14  4.88e-15   126   178     0
2623.40  6.10e-14  5.73e-15   125   232     0
2626.06  5.30e-14  3.66e-15   125   199     0
2628.72  6.49e-14  8.34e-15   125   244     0
2631.39  4.83e-14  3.92e-15   125   186     0
2634.05  2.65e-14  3.49e-15   125   102     0
2636.71  1.43e-14  2.43e-15   125    54     0
2639.37  1.52e-14  2.39e-15   125    58     0
2642.04  9.47e-15  2.59e-15   124    36     0
2644.70  1.64e-14  2.62e-15   124    63     0
2647.36  1.04e-14  2.13e-15   124    41     0
2650.03  1.05e-14  2.13e-15   124    40     0
2652.69  1.15e-14  2.63e-15   124    45     0
2655.35  1.29e-14  2.23e-15   124    50     0
2658.01  1.76e-14  3.55e-15   123    69     0
2660.68  1.22e-14  2.16e-15   123    48     0
2663.34  1.81e-14  2.49e-15   123    72     0
2666.00  1.38e-14  2.25e-15   123    54     0
2668.67  1.81e-14  2.90e-15   123    72     0
2671.33  1.54e-14  2.24e-15   123    62     0
2673.99  1.09e-14  2.10e-15   123    44     0
2676.65  1.58e-14  2.24e-15   122    64     0
2679.32  8.01e-15  1.97e-15   122    32     0
2681.98  8.51e-15  2.18e-15   122    34     0
2684.64  1.58e-14  2.45e-15   122    65     0
2687.31  1.40e-14  2.14e-15   122    58     0
2689.97  1.55e-14  2.35e-15   122    64     0
2692.63  1.56e-14  2.23e-15   121    64     0
2695.29  1.72e-14  2.29e-15   121    71     0
2697.96  1.29e-14  2.14e-15   121    53     0
2700.62  2.18e-14  2.47e-15   121    89     0
2703.28  1.82e-14  2.31e-15   121    74     0
2705.94  1.69e-14  2.28e-15   121    70     0
2708.61  1.77e-14  2.26e-15   120    72     0
2711.27  2.10e-14  2.46e-15   120    84     0
2713.93  2.02e-14  2.45e-15   120    80     0
2716.60  1.73e-14  2.32e-15   120    70     0
2719.26  2.19e-14  2.46e-15   120    88     0
2721.92  2.41e-14  2.54e-15   120    96     0
2724.58  2.30e-14  2.51e-15   119    92     0
2727.25  1.93e-14  2.32e-15   119    81     0
2729.91  2.11e-14  2.34e-15   119    89     0
2732.57  2.72e-14  2.58e-15   119   113     0
2735.24  3.17e-14  2.86e-15   119   131     0
2737.90  2.80e-14  2.61e-15   118   116     0
2740.56  2.94e-14  2.63e-15   118   122     0
2743.22  3.75e-14  2.89e-15   118   155     0
2745.89  3.85e-14  2.93e-15   118   161     0
2748.55  3.77e-14  3.03e-15   118   158     0
2751.21  3.61e-14  2.83e-15   118   150     0
2753.88  3.27e-14  2.73e-15   117   136     0
2756.54  2.89e-14  2.61e-15   117   120     0
2759.20  2.72e-14  2.59e-15   117   113     0
2761.86  2.36e-14  2.50e-15   117    98     0
2764.53  2.13e-14  2.42e-15   117    89     0
2767.19  2.25e-14  2.43e-15   117    95     0
2769.85  2.17e-14  2.42e-15   116    92     0
2772.51  1.83e-14  2.31e-15   116    76     0
2775.18  1.96e-14  2.34e-15   116    82     0
2777.84  2.06e-14  2.39e-15   116    86     0
2780.50  1.53e-14  2.22e-15   116    64     0
2783.17  1.69e-14  2.27e-15   116    70     0
2785.83  2.92e-14  2.70e-15   115   119     0
2788.49  5.26e-14  3.32e-15   115   214     0
2791.15  1.03e-13  7.36e-15   115   425     0
2793.82  1.95e-13  1.12e-14   115   800     0
2796.48  2.70e-13  1.52e-14   115  1095     0
2799.14  2.31e-13  1.67e-14   114   942     0
2801.81  1.96e-13  1.01e-14   114   802     0
2804.47  1.96e-13  1.38e-14   114   806     0
2807.13  1.06e-13  6.79e-15   114   415     0
2809.79  4.11e-14  4.38e-15   114   162     0
2812.46  2.21e-14  2.51e-15   114    90     0
2815.12  1.98e-14  2.42e-15   113    80     0
2817.78  1.65e-14  2.30e-15   113    67     0
2820.45  1.79e-14  2.40e-15   113    72     0
2823.11  1.99e-14  2.43e-15   113    80     0
2825.77  1.86e-14  2.42e-15   113    75     0
2828.43  2.10e-14  2.48e-15   113    85     0
2831.10  2.05e-14  2.41e-15   112    84     0
2833.76  2.01e-14  2.45e-15   112    82     0
2836.42  2.22e-14  2.51e-15   112    91     0
2839.08  2.39e-14  2.55e-15   112    97     0
2841.75  2.10e-14  2.46e-15   112    84     0
2844.41  2.26e-14  2.55e-15   112    91     0
2847.07  2.42e-14  3.12e-15   111    98     0
2849.74  1.76e-14  4.14e-15   111    71 -4096
2852.40  3.65e-14  4.87e-15   111   145 -4096
2855.06  2.15e-14  3.09e-15   111    86     0
2857.72  2.26e-14  3.11e-15   111    90     0
2860.39  2.43e-14  2.65e-15   111    96     0
2863.05  2.36e-14  2.64e-15   110    93     0
2865.71  2.12e-14  2.57e-15   110    83     0
2868.38  2.40e-14  2.65e-15   110    94     0
2871.04  2.50e-14  2.66e-15   110    99     0
2873.70  2.16e-14  2.57e-15   110    85     0
2876.36  2.62e-14  2.74e-15   110   101     0
2879.03  3.38e-14  2.96e-15   109   130     0
2881.69  2.67e-14  2.78e-15   109   102     0
2884.35  2.71e-14  2.79e-15   109   104     0
2887.02  2.30e-14  2.67e-15   109    89     0
2889.68  1.88e-14  2.53e-15   109    72     0
2892.34  1.48e-14  2.45e-15   109    57     0
2895.00  1.76e-14  2.51e-15   108    68     0
2897.67  1.98e-14  2.59e-15   108    76     0
2900.33  2.21e-14  2.65e-15   108    84     0
2902.99  2.27e-14  2.70e-15   108    86     0
2905.65  2.34e-14  2.73e-15   108    88     0
2908.32  1.82e-14  2.61e-15   108    68     0
2910.98  2.07e-14  2.65e-15   107    78     0
2913.64  1.95e-14  2.62e-15   107    73     0
2916.31  2.25e-14  2.72e-15   107    84     0
2918.97  2.03e-14  2.68e-15   107    75     0
2921.63  2.39e-14  2.86e-15   107    86     0
2924.29  3.19e-14  3.08e-15   107   114     0
2926.96  3.32e-14  3.09e-15   107   119     0
2929.62  3.10e-14  3.07e-15   106   110     0
2932.28  2.63e-14  2.97e-15   106    92     0
2934.95  2.44e-14  2.93e-15   106    85     0
2937.61  2.54e-14  2.94e-15   106    88     0
2940.27  2.44e-14  2.96e-15   106    84     0
2942.93  2.82e-14  3.07e-15   106    96     0
2945.60  3.30e-14  3.26e-15   105   110     0
2948.26  2.80e-14  3.12e-15   105    93     0
2950.92  2.69e-14  3.08e-15   105    90     0
2953.59  2.37e-14  3.01e-15   105    79     0
2956.25  2.25e-14  2.99e-15   105    75     0
2958.91  2.07e-14  2.95e-15   105    68     0
2961.57  2.46e-14  3.11e-15   105    79     0
2964.24  2.38e-14  3.12e-15   104    76     0
2966.90  2.63e-14  3.21e-15   104    83     0
2969.56  2.96e-14  3.32e-15   104    92     0
2972.22  2.96e-14  3.31e-15   104    92     0
2974.89  2.85e-14  3.32e-15   104    87     0
2977.55  2.93e-14  3.44e-15   104    87     0
2980.21  2.80e-14  3.38e-15   104    84     0
2982.88  2.91e-14  3.44e-15   104    86     0
2985.54  2.23e-14  3.27e-15   103    65     0
2988.20  2.50e-14  3.40e-15   103    72     0
2990.86  2.89e-14  3.50e-15   103    82     0
2993.53  2.48e-14  3.43e-15   103    70     0
2996.19  2.73e-14  3.58e-15   103    75     0
2998.85  3.15e-14  3.71e-15   103    86     0
3001.52  3.27e-14  3.67e-15   103    91     0
3004.18  2.89e-14  3.58e-15   102    79     0
3006.84  2.73e-14  3.59e-15   102    74     0
3009.50  2.53e-14  3.60e-15   102    67     0
3012.17  2.40e-14  3.63e-15   102    62     0
3014.83  2.29e-14  3.64e-15   102    58     0
3017.49  2.32e-14  3.66e-15   102    59     0
3020.16  2.38e-14  3.73e-15   102    59     0
3022.82  2.86e-14  3.88e-15   101    70     0
3025.48  2.84e-14  3.97e-15   101    68     0
3028.14  2.85e-14  4.02e-15   101    67     0
3030.81  2.76e-14  3.97e-15   101    65     0
3033.47  2.47e-14  3.95e-15   101    57     0
3036.13  2.67e-14  4.06e-15   101    61     0
3038.79  3.16e-14  4.21e-15   101    71     0
3041.46  3.45e-14  4.32e-15   101    76     0
3044.12  2.62e-14  4.17e-15   100    57     0
3046.78  2.30e-14  4.10e-15   100    49     0
3049.45  2.88e-14  4.31e-15   100    61     0
3052.11  3.26e-14  4.45e-15   100    68     0
3054.77  3.28e-14  4.58e-15   100    67     0
3057.43  2.75e-14  4.75e-15   100    54     0
3060.10  3.15e-14  5.17e-15   100    61     0
3062.76  3.20e-14  4.99e-15   100    61     0
3065.42  3.00e-14  4.77e-15    99    56     0
3068.09  3.36e-14  4.90e-15    99    61     0
3070.75  4.46e-14  5.16e-15    99    82     0
3073.41  4.60e-14  5.25e-15    99    83     0
3076.07  4.09e-14  5.21e-15    99    71     0
3078.74  3.29e-14  5.10e-15    99    56     0
3081.40  3.57e-14  5.20e-15    99    61     0
3084.06  3.13e-14  5.15e-15    98    52     0
3086.73  3.19e-14  5.27e-15    98    52     0
3089.39  2.96e-14  5.26e-15    98    47     0
3092.05  3.48e-14  5.44e-15    98    55     0
3094.71  3.43e-14  5.49e-15    98    53     0
3097.38  2.88e-14  5.49e-15    98    43     0
3100.04  2.39e-14  5.40e-15    98    35     0
3102.70  3.17e-14  5.64e-15    97    46     0
3105.36  4.53e-14  6.04e-15    97    64     0
3108.03  4.26e-14  6.04e-15    97    59     0
3110.69  4.08e-14  5.98e-15    97    57     0
3113.35  3.57e-14  5.95e-15    97    48     0
3116.02  3.54e-14  6.05e-15    97    47     0
3118.68  3.63e-14  6.16e-15    97    47     0
3121.34  3.40e-14  6.12e-15    96    44     0
3124.00  3.02e-14  6.08e-15    96    38     0
3126.67  2.81e-14  6.06e-15    96    35     0
3129.33  3.16e-14  6.23e-15    96    38     0
3131.99  3.39e-14  6.32e-15    96    40     0
3134.66  3.26e-14  6.35e-15    96    38     0
3137.32  3.24e-14  6.39e-15    95    37     0
3139.98  3.10e-14  6.44e-15    95    35     0
3142.64  3.97e-14  6.82e-15    95    43     0
3145.31  3.32e-14  6.75e-15    95    35     0
3147.97  2.70e-14  6.68e-15    95    28     0
3150.63  3.78e-14  6.82e-15    94    40     0
3153.30  4.43e-14  7.09e-15    94    45     0
3155.96  3.92e-14  6.99e-15    94    39     0
3158.62  4.07e-14  7.11e-15    94    40     0
3161.28  3.47e-14  7.07e-15    94    33     0
3163.95  4.24e-14  7.36e-15    94    39     0
3166.61  5.65e-14  7.80e-15    93    51     0
3169.27  7.11e-14  8.22e-15    93    63     0
3171.93  6.27e-14  8.21e-15    93    54     0
3174.60  6.13e-14  8.24e-15    93    51     0
3177.26  6.01e-14  8.01e-15    92    51     0
3179.92  5.80e-14  8.01e-15    92    48     0
3182.59  5.88e-14  8.15e-15    92    47     0
3185.25  4.99e-14  7.91e-15    92    40     0
3187.91  3.50e-14  7.64e-15    92    27     0
3190.57  3.70e-14  7.92e-15    91    27     0
3193.24  5.48e-14  8.36e-15    91    40     0
3195.90  4.47e-14  8.05e-15    91    32     0
3198.56  5.59e-14  8.41e-15    91    39     0
3201.23  5.92e-14  8.47e-15    90    41     0
3203.89  5.12e-14  8.32e-15    90    35     0
3206.55  6.07e-14  9.27e-15    90    37     0
3209.21  5.11e-14  9.04e-15    89    30     0
3211.88  3.68e-14  8.28e-15    89    22     0
3214.54  4.06e-14  8.48e-15    89    24     0
3217.20  5.36e-14  9.15e-15    89    30     0
3219.87  6.33e-14  9.47e-15    88    34     0
3222.53  4.87e-14  8.76e-15    88    27     0
3225.19  4.02e-14  8.59e-15    88    21     0
3227.85  4.57e-14  8.79e-15    87    24     0
3230.52  5.81e-14  8.93e-15    87    30     0
3233.18  5.83e-14  8.98e-15    87    29     0
3235.84  4.03e-14  8.77e-15    86    19     0
3238.50  4.03e-14  8.77e-15    86    18     0
3241.17  3.27e-14  8.40e-15    86    14     0
3243.83  4.61e-14  8.79e-15    85    20     0
3246.49  4.44e-14  8.45e-15    85    19     0
3249.16  4.08e-14  8.39e-15    85    17     0
3251.82  5.28e-14  8.55e-15    84    22     0
3254.48  4.43e-14  8.44e-15    84    18     0
3257.14  3.70e-14  8.76e-15    83    15     0
3259.81  7.32e-14  9.14e-15    83    28     0
3262.47  6.92e-14  8.84e-15    83    27     0
3265.13  8.80e-14  9.43e-15    82    34     0
3267.80  7.84e-14  1.02e-14    82    29     0
3270.46  8.23e-14  9.75e-15    81    30     0
3273.12  5.55e-14  1.29e-14    81    19     0
3275.78  3.29e-14  1.38e-14    80    10     0
3278.45  4.01e-14  1.11e-14    80    13     0
3281.11  4.79e-14  1.07e-14    79    15     0
3283.77  5.95e-14  1.21e-14    79    19     0
3286.44  6.26e-14  1.23e-14    78    19     0
3289.10  8.33e-14  1.19e-14    78    25     0
3291.76  5.25e-14  1.26e-14    77    14     0
3294.42  4.89e-14  1.30e-14    77    13     0
3297.09  4.88e-14  1.26e-14    76    13     0
3299.75  3.80e-14  1.37e-14    75    10     0
3302.41  4.45e-14  1.34e-14    75    11     0
3305.07  6.56e-14  1.39e-14    74    16     0
3307.74  4.47e-14  1.44e-14    74    11     0
3310.40  5.62e-14  1.47e-14    73    13     0
3313.06  4.58e-14  1.52e-14    72    10     0
3315.73  6.22e-14  1.73e-14    72    12     0
3318.39  5.61e-14  1.80e-14    71    11     0
3321.05  9.96e-14  1.96e-14    70    18     0
3323.71  9.59e-14  2.03e-14    70    16     0
3326.38  6.85e-14  2.04e-14    69    12     0
3329.04  9.89e-14  2.12e-14    68    16     0
3331.70  8.10e-14  2.16e-14    67    13     0
3334.37  7.81e-14  2.24e-14    67    12     0
3337.03  2.13e-14  2.10e-14    66     3     0
3339.69  3.78e-14  2.19e-14    65     6     0
3342.35  1.33e-13  2.44e-14    64    19     0
3345.02  1.51e-13  2.59e-14    63    21     0
3347.68  1.71e-13  2.68e-14    63    23     0
