NOT ORIGINAL IUE PROJECT DATA PRODUCT
LWP21135LOWLARGE
HD  197481
20:42:04
-31:31:05
48
NO-TRAIL
ALONG-APER
01199.595
02/09/91
18:38:41
245
09.20
16/01/96
VILSPA
2448502.27686
59
30
1851.19  2.25e-13  5.45e-13   121    20     0
1853.85  7.58e-13  5.24e-13   120    74     0
1856.51 -2.43e-13  6.68e-13   120   -17     0
1859.17 -3.18e-13  6.17e-13   119   -24     0
1861.84  2.15e-13  3.93e-13   119    26     0
1864.50  4.56e-14  3.54e-13   118     6     0
1867.16  1.50e-13  2.77e-13   117    25     0
1869.83  2.59e-13  2.62e-13   117    47     0
1872.49  1.13e-13  2.33e-13   116    23     0
1875.15 -7.30e-14  1.98e-13   116   -16     0
1877.81  3.70e-14  1.87e-13   115     9     0
1880.48 -1.62e-13  1.93e-13   115   -38     0
1883.14  6.91e-14  1.84e-13   115    17     0
1885.80 -1.56e-13  1.65e-13   114   -42     0
1888.47 -1.26e-14  1.56e-13   114    -3     0
1891.13  1.62e-13  1.56e-13   113    47     0
1893.79  6.95e-14  1.46e-13   113    20     0
1896.45 -6.69e-14  1.31e-13   112   -21     0
1899.12 -8.30e-14  1.26e-13   112   -28     0
1901.78 -2.16e-13  1.43e-13   111   -69     0
1904.44 -3.04e-14  1.26e-13   111   -10     0
1907.11  1.06e-13  1.23e-13   111    36     0
1909.77  1.95e-14  1.16e-13   110     6     0
1912.43 -4.13e-14  1.06e-13   110   -15     0
1915.09  1.52e-13  1.13e-13   109    59     0
1917.76  8.34e-14  1.03e-13   109    33     0
1920.42 -1.36e-13  8.78e-14   109   -61     0
1923.08 -1.64e-13  8.46e-14   108   -76     0
1925.74 -5.91e-14  9.26e-14   108   -24     0
1928.41  5.08e-14  9.06e-14   108    22     0
1931.07  6.48e-14  8.41e-14   107    30     0
1933.73 -8.72e-14  7.89e-14   107   -42     0
1936.40 -2.94e-14  7.80e-14   106   -14     0
1939.06  5.48e-14  7.67e-14   106    27     0
1941.72  6.23e-15  7.13e-14   106     3     0
1944.38  4.19e-14  7.02e-14   105    22     0
1947.05 -4.84e-15  6.49e-14   105    -2     0
1949.71 -2.40e-14  6.27e-14   105   -13     0
1952.37 -3.96e-15  6.43e-14   105    -2     0
1955.04 -4.66e-14  6.16e-14   104   -26     0
1957.70 -3.32e-14  5.95e-14   104   -19     0
1960.36 -3.76e-14  5.73e-14   104   -22     0
1963.02  3.13e-14  5.65e-14   103    19     0
1965.69  2.81e-14  5.24e-14   103    18     0
1968.35 -1.91e-13  5.35e-14   103  -130     0
1971.01  4.94e-14  5.24e-14   103    32     0
1973.68  3.10e-14  5.02e-14   102    21     0
1976.34  2.59e-14  4.50e-14   102    19     0
1979.00 -4.51e-14  4.26e-14   102   -34     0
1981.66  1.37e-14  4.38e-14   101    10     0
1984.33  4.63e-14  4.38e-14   101    35     0
1986.99 -4.20e-15  3.98e-14   101    -3     0
1989.65 -3.55e-15  3.87e-14   101    -2     0
1992.31  6.81e-15  3.90e-14   101     5     0
1994.98 -1.35e-14  3.78e-14   100   -11     0
1997.64  2.35e-14  3.72e-14   100    19     0
2000.30  6.66e-15  3.62e-14   100     5     0
2002.97  4.94e-14  3.70e-14   100    42     0
2005.63  3.45e-14  3.53e-14    99    30     0
2008.29 -6.81e-15  3.35e-14    99    -6     0
2010.95  8.92e-15  3.51e-14    99     7     0
2013.62  5.82e-14  3.70e-14    99    49     0
2016.28  1.15e-14  3.09e-14    99    10     0
2018.94  1.24e-14  3.06e-14    98    11     0
2021.61 -2.05e-14  3.19e-14    98   -18     0
2024.27  1.03e-14  3.18e-14    98     9     0
2026.93  2.19e-15  3.03e-14    98     2     0
2029.59  4.51e-14  3.17e-14    98    41     0
2032.26 -1.27e-15  2.99e-14    97    -1     0
2034.92  1.78e-14  3.02e-14    97    16     0
2037.58  2.46e-14  3.00e-14    97    22     0
2040.25 -8.49e-15  2.93e-14    97    -7     0
2042.91 -2.48e-14  2.90e-14    97   -22     0
2045.57  4.85e-15  2.95e-14    97     4     0
2048.23 -1.23e-14  2.91e-14    97   -10     0
2050.90  9.01e-15  2.83e-14    96     8     0
2053.56  1.82e-14  2.83e-14    96    16     0
2056.22  2.34e-14  2.82e-14    96    21     0
2058.88  5.79e-15  2.70e-14    96     5     0
2061.55 -3.79e-14  2.62e-14    96   -35     0
2064.21  4.36e-15  2.59e-14    96     4     0
2066.87  1.62e-14  2.59e-14    96    15     0
2069.54 -3.67e-14  2.52e-14    95   -34     0
2072.20 -2.32e-14  2.43e-14    95   -22     0
2074.86  2.43e-14  2.48e-14    95    23     0
2077.52 -9.65e-15  2.35e-14    95    -9     0
2080.19  2.10e-14  2.42e-14    95    20     0
2082.85  4.55e-14  2.51e-14    95    44     0
2085.51  2.97e-14  2.42e-14    95    29     0
2088.18  1.55e-14  2.31e-14    95    15     0
2090.84  2.83e-15  2.26e-14    94     2     0
2093.50  1.00e-14  2.21e-14    94    10     0
2096.16 -6.19e-15  2.20e-14    94    -6     0
2098.83  4.05e-14  2.34e-14    94    39     0
2101.49  1.75e-14  2.23e-14    94    17     0
2104.15  4.70e-15  2.16e-14    94     4     0
2106.82 -8.32e-15  2.16e-14    94    -8     0
2109.48  6.90e-15  2.18e-14    94     6     0
2112.14 -1.16e-14  2.11e-14    94   -11     0
2114.80  3.35e-14  2.24e-14    94    32     0
2117.47  4.60e-15  2.11e-14    93     4     0
2120.13  2.02e-14  2.12e-14    93    19     0
2122.79 -3.10e-14  2.01e-14    93   -30     0
2125.45  4.57e-14  2.17e-14    93    44     0
2128.12  1.26e-14  2.00e-14    93    12     0
2130.78 -1.34e-14  1.94e-14    93   -13     0
2133.44  6.93e-16  1.92e-14    93     0     0
2136.11 -7.43e-15  1.90e-14    93    -7     0
2138.77 -5.17e-15  1.88e-14    93    -5     0
2141.43  1.98e-14  1.92e-14    93    19     0
2144.09  1.96e-15  1.81e-14    93     1     0
2146.76  3.32e-14  1.93e-14    93    33     0
2149.42  1.37e-14  1.83e-14    93    13     0
2152.08  2.67e-14  1.92e-14    92    26     0
2154.75  1.07e-16  1.78e-14    92     0     0
2157.41 -2.20e-15  1.72e-14    92    -2     0
2160.07  1.58e-14  1.78e-14    92    15     0
2162.73  7.54e-15  1.74e-14    92     7     0
2165.40  9.86e-15  1.68e-14    92     9     0
2168.06 -6.91e-15  1.64e-14    92    -6     0
2170.72  1.18e-14  1.67e-14    92    11     0
2173.39 -7.77e-16  1.61e-14    92     0     0
2176.05 -9.13e-15  1.63e-14    92    -8     0
2178.71  1.70e-14  1.69e-14    92    16     0
2181.37 -9.10e-15  1.63e-14    92    -8     0
2184.04  1.07e-14  1.65e-14    92    10     0
2186.70 -1.84e-15  1.54e-14    92    -1     0
2189.36 -2.34e-14  1.52e-14    92   -23     0
2192.02  1.38e-14  1.59e-14    92    13     0
2194.69  1.08e-15  1.52e-14    92     1     0
2197.35 -1.41e-14  1.51e-14    92   -13     0
2200.01  1.20e-14  1.56e-14    92    11     0
2202.68 -2.23e-15  1.49e-14    91    -2     0
2205.34  8.83e-15  1.49e-14    91     8     0
2208.00  7.80e-15  1.45e-14    91     7     0
2210.66  2.77e-15  1.48e-14    91     2     0
2213.33  7.02e-15  1.46e-14    91     6     0
2215.99 -1.77e-14  1.37e-14    91   -17     0
2218.65  1.30e-14  1.38e-14    91    13     0
2221.32  9.16e-15  1.38e-14    91     9     0
2223.98  2.93e-15  1.33e-14    91     2     0
2226.64 -9.77e-15  1.36e-14    91    -9     0
2229.30  4.27e-15  1.35e-14    91     4     0
2231.97  8.55e-15  1.26e-14    91     9     0
2234.63  4.31e-15  1.23e-14    91     4     0
2237.29 -3.26e-14  1.26e-14    91   -33     0
2239.96  1.19e-14  1.28e-14    91    12     0
2242.62  4.87e-15  1.23e-14    91     5     0
2245.28  6.04e-15  1.24e-14    91     6     0
2247.94  1.54e-14  1.26e-14    91    15     0
2250.61  4.97e-15  1.14e-14    91     5     0
2253.27  2.18e-14  1.21e-14    91    23     0
2255.93  8.84e-15  1.14e-14    91     9     0
2258.59  1.22e-14  1.12e-14    91    13     0
2261.26  1.94e-14  1.18e-14    91    20     0
2263.92  1.07e-14  1.12e-14    91    11     0
2266.58  1.44e-14  1.09e-14    91    16     0
2269.25  1.23e-14  1.07e-14    91    14     0
2271.91  1.03e-14  1.04e-14    91    11     0
2274.57 -8.07e-16  9.81e-15    91     0     0
2277.23  2.96e-14  1.06e-14    91    36     0
2279.90  4.95e-15  9.06e-15    90     6     0
2282.56 -1.16e-15  9.07e-15    90    -1     0
2285.22 -3.14e-16  8.90e-15    90     0     0
2287.89  1.30e-14  9.42e-15    90    15     0
2290.55 -1.99e-15  8.55e-15    90    -2     0
2293.21  1.21e-14  8.85e-15    90    15     0
2295.87  8.34e-16  8.35e-15    90     1     0
2298.54  3.07e-15  8.05e-15    90     3     0
2301.20  3.67e-15  8.14e-15    90     4     0
2303.86  3.03e-15  8.01e-15    90     3     0
2306.53  4.80e-15  1.03e-14    90     6     0
2309.19  1.25e-14  8.18e-15    90    15     0
2311.85 -1.79e-15  7.18e-15    90    -2     0
2314.51  2.27e-15  7.10e-15    90     3     0
2317.18 -5.63e-15  7.12e-15    90    -7     0
2319.84 -7.63e-16  6.94e-15    90    -1     0
2322.50  1.10e-14  7.31e-15    90    15     0
2325.16  1.24e-15  6.49e-15    90     1     0
2327.83  6.90e-15  6.57e-15    90    10     0
2330.49 -7.04e-15  6.17e-15    90   -10     0
2333.15  7.99e-15  6.39e-15    90    12     0
2335.82  2.15e-14  6.92e-15    90    33     0
2338.48  1.57e-14  6.49e-15    90    24     0
2341.14  2.76e-14  6.98e-15    90    43     0
2343.80  1.94e-14  6.36e-15    90    30     0
2346.47  4.98e-15  5.56e-15    90     7     0
2349.13  1.71e-14  6.07e-15    90    27     0
2351.79  7.47e-15  5.59e-15    90    12     0
2354.46  9.10e-15  5.55e-15    90    14     0
2357.12  2.83e-15  5.00e-15    90     4     0
2359.78  5.41e-15  5.04e-15    90     9     0
2362.44  3.08e-15  4.89e-15    89     5     0
2365.11  4.94e-15  4.94e-15    89     8     0
2367.77  8.74e-15  5.12e-15    89    15     0
2370.43 -1.21e-14  4.66e-15    89   -21     0
2373.09  6.54e-15  4.78e-15    89    11     0
2375.76  1.82e-14  5.14e-15    89    33     0
2378.42  4.41e-15  4.29e-15    89     8     0
2381.08  1.78e-14  5.11e-15    89    33     0
2383.75  2.95e-14  5.47e-15    89    55     0
2386.41  3.15e-14  5.63e-15    89    59     0
2389.07  2.49e-14  5.13e-15    89    47     0
2391.73  1.79e-14  4.64e-15    89    34     0
2394.40  1.51e-14  4.53e-15    89    29     0
2397.06  2.73e-14  5.12e-15    89    53     0
2399.72  1.06e-14  4.26e-15    89    21     0
2402.39  1.14e-14  4.19e-15    89    22     0
2405.05  2.43e-14  5.42e-15    89    48     0
2407.71  3.00e-14  5.05e-15    89    60     0
2410.37  1.67e-14  4.15e-15    89    35     0
2413.04  7.10e-15  3.62e-15    89    15     0
2415.70  6.04e-15  3.53e-15    89    13     0
2418.36  1.19e-14  3.73e-15    89    26     0
2421.03  1.60e-14  3.89e-15    89    34     0
2423.69  2.59e-15  3.23e-15    89     5     0
2426.35  6.72e-15  3.36e-15    88    15     0
2429.01  1.01e-14  3.47e-15    88    22     0
2431.68  4.20e-15  3.28e-15    88     9     0
2434.34  3.61e-15  3.20e-15    88     8     0
2437.00  1.21e-14  3.52e-15    88    27     0
2439.67  7.22e-15  3.20e-15    88    16     0
2442.33  6.28e-15  3.15e-15    88    14     0
2444.99  3.32e-15  2.95e-15    88     7     0
2447.65  7.40e-15  3.17e-15    88    17     0
2450.32  6.99e-15  3.11e-15    88    16     0
2452.98  4.43e-15  2.90e-15    88    10     0
2455.64  5.23e-15  2.83e-15    88    12     0
2458.30  8.94e-15  3.01e-15    88    22     0
2460.97  5.01e-15  3.01e-15    88    12     0
2463.63  7.52e-15  2.87e-15    88    18     0
2466.29  8.30e-15  2.89e-15    88    21     0
2468.96  6.25e-15  2.75e-15    88    16     0
2471.62  3.13e-15  2.51e-15    88     8     0
2474.28  1.28e-14  2.93e-15    87    33     0
2476.94  1.28e-14  2.91e-15    87    34     0
2479.61  1.15e-14  2.77e-15    87    31     0
2482.27  1.37e-14  2.85e-15    87    37     0
2484.93  2.07e-14  3.19e-15    87    56     0
2487.60  1.50e-14  2.98e-15    87    40     0
2490.26  1.68e-14  2.97e-15    87    46     0
2492.92  1.01e-14  2.66e-15    87    27     0
2495.58  1.28e-14  2.75e-15    87    35     0
2498.25  8.67e-15  2.56e-15    87    23     0
2500.91  5.43e-15  2.39e-15    87    15     0
2503.57  5.28e-15  2.29e-15    87    14     0
2506.24  1.14e-14  2.60e-15    87    31     0
2508.90  1.06e-14  2.60e-15    87    29     0
2511.56  1.19e-14  2.57e-15    87    34     0
2514.22  1.47e-14  2.65e-15    86    42     0
2516.89  1.04e-14  2.52e-15    86    28     0
2519.55  6.64e-15  2.33e-15    86    18     0
2522.21  7.23e-15  2.30e-15    86    21     0
2524.87  1.08e-14  2.41e-15    86    32     0
2527.54  1.23e-14  2.51e-15    86    35     0
2530.20  1.10e-14  2.42e-15    86    32     0
2532.86  7.16e-15  2.25e-15    86    21     0
2535.53  1.00e-14  2.27e-15    86    30     0
2538.19  1.33e-14  2.39e-15    86    40     0
2540.85  1.31e-14  2.39e-15    86    40     0
2543.51  1.10e-14  2.30e-15    86    34     0
2546.18  1.42e-14  2.42e-15    86    44     0
2548.84  1.08e-14  2.72e-15    85    34     0
2551.50  1.27e-14  2.35e-15    85    40     0
2554.17  9.85e-15  2.17e-15    85    31     0
2556.83  1.26e-15  1.70e-15    85     4     0
2559.49  4.65e-15  1.86e-15    85    15     0
2562.15  1.27e-14  2.21e-15    85    42     0
2564.82  1.02e-14  2.12e-15    85    33     0
2567.48  7.55e-15  1.98e-15    85    25     0
2570.14  9.39e-15  2.01e-15    85    32     0
2572.80  8.52e-15  2.00e-15    85    29     0
2575.47  1.45e-14  2.26e-15    85    48     0
2578.13  1.40e-14  2.22e-15    85    47     0
2580.79  1.78e-14  2.42e-15    84    59     0
2583.46  2.12e-14  2.52e-15    84    70     0
2586.12  2.49e-14  2.81e-15    84    84     0
2588.78  1.71e-14  2.29e-15    84    58     0
2591.44  2.03e-14  2.49e-15    84    69     0
2594.11  1.74e-14  2.37e-15    84    59     0
2596.77  2.65e-14  2.71e-15    84    94     0
2599.43  4.14e-14  3.22e-15    84   148     0
2602.10  4.35e-14  3.30e-15    84   156     0
2604.76  2.52e-14  2.56e-15    84    91     0
2607.42  2.41e-14  2.52e-15    83    88     0
2610.08  3.13e-14  2.83e-15    83   112     0
2612.75  3.39e-14  2.91e-15    83   122     0
2615.41  4.14e-14  3.11e-15    83   154     0
2618.07  3.86e-14  4.11e-15    83   144     0
2620.74  3.30e-14  2.81e-15    83   124     0
2623.40  3.56e-14  2.86e-15    83   134     0
2626.06  5.05e-14  3.40e-15    83   188     0
2628.72  4.63e-14  3.29e-15    83   173     0
2631.39  4.84e-14  3.33e-15    83   186     0
2634.05  3.73e-14  2.97e-15    82   144     0
2636.71  1.97e-14  2.26e-15    82    75     0
2639.37  9.78e-15  1.85e-15    82    37     0
2642.04  7.71e-15  1.75e-15    82    29     0
2644.70  6.53e-15  1.71e-15    82    25     0
2647.36  8.50e-15  1.73e-15    82    33     0
2650.03  9.37e-15  1.92e-15    82    36     0
2652.69  5.18e-15  1.63e-15    82    20     0
2655.35  7.10e-15  1.66e-15    82    27     0
2658.01  6.40e-15  1.68e-15    82    24     0
2660.68  7.86e-15  1.71e-15    81    31     0
2663.34  1.07e-14  1.83e-15    81    42     0
2666.00  1.10e-14  1.84e-15    81    43     0
2668.67  1.24e-14  1.89e-15    81    49     0
2671.33  1.38e-14  1.97e-15    81    55     0
2673.99  7.78e-15  1.70e-15    81    31     0
2676.65  6.14e-15  1.62e-15    81    24     0
2679.32  8.83e-15  1.74e-15    81    35     0
2681.98  9.25e-15  1.74e-15    81    37     0
2684.64  1.04e-14  1.80e-15    80    42     0
2687.31  9.42e-15  1.72e-15    80    38     0
2689.97  1.38e-14  1.88e-15    80    57     0
2692.63  1.24e-14  1.85e-15    80    51     0
2695.29  8.54e-15  1.71e-15    80    35     0
2697.96  1.14e-14  1.80e-15    80    46     0
2700.62  7.86e-15  1.68e-15    80    32     0
2703.28  1.24e-14  1.89e-15    80    50     0
2705.94  1.10e-14  1.81e-15    79    45     0
2708.61  1.33e-14  1.93e-15    79    54     0
2711.27  1.44e-14  1.98e-15    79    57     0
2713.93  1.42e-14  2.00e-15    79    56     0
2716.60  1.69e-14  2.02e-15    79    68     0
2719.26  1.43e-14  1.96e-15    79    57     0
2721.92  1.52e-14  2.04e-15    79    60     0
2724.58  1.26e-14  1.93e-15    79    50     0
2727.25  1.63e-14  1.99e-15    79    67     0
2729.91  1.78e-14  2.07e-15    78    74     0
2732.57  2.27e-14  2.23e-15    78    94     0
2735.24  2.78e-14  2.42e-15    78   114     0
2737.90  1.81e-14  2.10e-15    78    74     0
2740.56  2.04e-14  2.16e-15    78    84     0
2743.22  2.34e-14  2.27e-15    78    96     0
2745.89  2.65e-14  2.42e-15    78   110     0
2748.55  3.05e-14  3.20e-15    78   127     0
2751.21  3.39e-14  2.64e-15    77   140     0
2753.88  2.75e-14  2.42e-15    77   114     0
2756.54  2.59e-14  2.37e-15    77   107     0
2759.20  2.32e-14  2.30e-15    77    96     0
2761.86  1.91e-14  2.15e-15    77    79     0
2764.53  1.81e-14  2.12e-15    77    75     0
2767.19  1.75e-14  2.08e-15    77    74     0
2769.85  1.44e-14  1.97e-15    77    60     0
2772.51  1.58e-14  3.31e-15    76    65     0
2775.18  1.59e-14  3.40e-15    76    66     0
2777.84  1.55e-14  2.21e-15    76    64     0
2780.50  1.40e-14  1.97e-15    76    58     0
2783.17  1.36e-14  1.98e-15    76    56     0
2785.83  1.76e-14  2.12e-15    76    72     0
2788.49  2.36e-14  2.34e-15    76    95     0
2791.15  5.18e-14  3.70e-15    75   213     0
2793.82  1.29e-13  9.29e-15    75   526     0
2796.48  2.19e-13  1.76e-14    75   886     0
2799.14  1.90e-13  1.83e-14    75   770     0
2801.81  1.97e-13  1.93e-14    75   802     0
2804.47  1.61e-13  1.49e-14    75   659     0
2807.13  1.39e-13  1.26e-14    75   543     0
2809.79  4.93e-14  5.30e-15    75   193     0
2812.46  1.87e-14  2.21e-15    74    76     0
2815.12  9.42e-15  1.89e-15    74    38     0
2817.78  9.98e-15  1.90e-15    74    40     0
2820.45  1.46e-14  2.08e-15    74    58     0
2823.11  1.34e-14  2.05e-15    74    53     0
2825.77  1.57e-14  2.12e-15    74    63     0
2828.43  1.59e-14  2.12e-15    74    64     0
2831.10  1.55e-14  2.10e-15    73    63     0
2833.76  1.51e-14  2.11e-15    73    61     0
2836.42  1.20e-14  2.00e-15    73    48     0
2839.08  9.81e-15  1.94e-15    73    39     0
2841.75  1.06e-14  1.97e-15    73    42     0
2844.41  1.64e-14  2.19e-15    73    65     0
2847.07  1.43e-14  2.11e-15    73    58     0
2849.74  1.66e-14  2.18e-15    72    67     0
2852.40  2.12e-14  2.35e-15    72    84     0
2855.06  2.05e-14  2.31e-15    72    82     0
2857.72  1.69e-14  2.20e-15    72    67     0
2860.39  1.50e-14  2.19e-15    72    59     0
2863.05  1.57e-14  2.21e-15    72    61     0
2865.71  1.60e-14  2.21e-15    72    63     0
2868.38  1.60e-14  2.22e-15    71    62     0
2871.04  1.22e-14  2.08e-15    71    48     0
2873.70  1.52e-14  2.20e-15    71    60     0
2876.36  1.82e-14  2.32e-15    71    70     0
2879.03  1.75e-14  2.33e-15    71    67     0
2881.69  1.82e-14  2.35e-15    71    70     0
2884.35  1.41e-14  2.20e-15    71    53     0
2887.02  1.42e-14  2.21e-15    70    54     0
2889.68  1.63e-14  2.30e-15    70    62     0
2892.34  1.81e-14  2.35e-15    70    69     0
2895.00  1.84e-14  2.35e-15    70    71     0
2897.67  1.63e-14  2.29e-15    70    62     0
2900.33  1.59e-14  2.30e-15    70    60     0
2902.99  1.55e-14  2.30e-15    70    58     0
2905.65  1.58e-14  2.32e-15    69    59     0
2908.32  1.58e-14  2.34e-15    69    59     0
2910.98  1.52e-14  2.30e-15    69    57     0
2913.64  1.36e-14  2.27e-15    69    51     0
2916.31  1.52e-14  2.32e-15    69    56     0
2918.97  1.90e-14  2.46e-15    69    70     0
2921.63  1.67e-14  2.45e-15    69    60     0
2924.29  2.12e-14  2.60e-15    68    75     0
2926.96  2.76e-14  2.79e-15    68    98     0
2929.62  3.20e-14  2.88e-15    68   113     0
2932.28  2.27e-14  2.67e-15    68    79     0
2934.95  1.89e-14  2.57e-15    68    65     0
2937.61  2.33e-14  2.68e-15    68    81     0
2940.27  2.59e-14  2.81e-15    67    89     0
2942.93  2.79e-14  2.88e-15    67    95     0
2945.60  2.47e-14  2.81e-15    67    82     0
2948.26  2.15e-14  2.75e-15    67    71     0
2950.92  2.09e-14  2.71e-15    67    69     0
2953.59  2.34e-14  2.80e-15    67    78     0
2956.25  2.28e-14  2.77e-15    67    75     0
2958.91  2.10e-14  2.76e-15    66    69     0
2961.57  2.22e-14  2.82e-15    66    71     0
2964.24  2.41e-14  2.92e-15    66    76     0
2966.90  2.33e-14  2.91e-15    66    73     0
2969.56  2.52e-14  3.00e-15    66    78     0
2972.22  2.33e-14  2.95e-15    66    72     0
2974.89  2.18e-14  2.94e-15    65    67     0
2977.55  1.85e-14  2.91e-15    65    54     0
2980.21  2.07e-14  2.96e-15    65    62     0
2982.88  2.34e-14  3.06e-15    65    69     0
2985.54  2.65e-14  3.16e-15    65    77     0
2988.20  2.94e-14  3.27e-15    65    84     0
2990.86  2.40e-14  3.17e-15    64    68     0
2993.53  1.87e-14  3.03e-15    64    52     0
2996.19  1.82e-14  3.09e-15    64    49     0
2998.85  2.98e-14  3.43e-15    64    81     0
3001.52  2.59e-14  3.27e-15    64    71     0
3004.18  2.41e-14  3.26e-15    64    66     0
3006.84  2.10e-14  3.21e-15    63    56     0
3009.50  1.84e-14  3.15e-15    63    48     0
3012.17  1.83e-14  3.22e-15    63    47     0
3014.83  1.72e-14  3.22e-15    63    44     0
3017.49  1.65e-14  3.21e-15    63    42     0
3020.16  2.07e-14  3.39e-15    63    51     0
3022.82  2.20e-14  3.45e-15    62    54     0
3025.48  1.60e-14  3.34e-15    62    38     0
3028.14  2.12e-14  3.54e-15    62    50     0
3030.81  2.37e-14  3.60e-15    62    56     0
3033.47  2.21e-14  3.60e-15    62    51     0
3036.13  2.28e-14  3.65e-15    62    52     0
3038.79  2.21e-14  3.68e-15    61    49     0
3041.46  2.05e-14  3.67e-15    61    45     0
3044.12  2.14e-14  3.74e-15    61    46     0
3046.78  2.47e-14  3.87e-15    61    53     0
3049.45  2.97e-14  4.06e-15    61    62     0
3052.11  2.49e-14  4.57e-15    60    52     0
3054.77  1.89e-14  4.56e-15    60    38     0
3057.43  2.42e-14  6.78e-15    60    47     0
3060.10  1.86e-14  5.42e-15    60    36     0
3062.76  2.31e-14  5.67e-15    60    43     0
3065.42  2.55e-14  4.30e-15    60    47     0
3068.09  2.08e-14  4.19e-15    59    38     0
3070.75  2.33e-14  4.28e-15    59    42     0
3073.41  2.34e-14  4.32e-15    59    42     0
3076.07  2.98e-14  4.60e-15    59    51     0
3078.74  2.64e-14  4.56e-15    59    45     0
3081.40  2.87e-14  4.65e-15    58    48     0
3084.06  2.96e-14  4.73e-15    58    49     0
3086.73  3.02e-14  4.83e-15    58    49     0
3089.39  2.33e-14  4.68e-15    58    37     0
3092.05  3.06e-14  4.93e-15    58    48     0
3094.71  3.67e-14  5.15e-15    57    56     0
3097.38  3.27e-14  5.18e-15    57    48     0
3100.04  3.05e-14  5.14e-15    57    44     0
3102.70  2.33e-14  4.98e-15    57    33     0
3105.36  2.33e-14  5.05e-15    57    33     0
3108.03  3.48e-14  5.42e-15    56    48     0
3110.69  3.53e-14  5.42e-15    56    49     0
3113.35  3.11e-14  5.39e-15    56    42     0
3116.02  2.83e-14  5.38e-15    56    37     0
3118.68  3.22e-14  5.57e-15    56    41     0
3121.34  4.07e-14  5.79e-15    55    52     0
3124.00  3.47e-14  5.70e-15    55    43     0
3126.67  2.39e-14  5.42e-15    55    29     0
3129.33  2.17e-14  5.42e-15    55    26     0
3131.99  2.36e-14  5.51e-15    54    28     0
3134.66  2.81e-14  5.63e-15    54    33     0
3137.32  3.07e-14  5.83e-15    54    35     0
3139.98  2.40e-14  5.70e-15    54    27     0
3142.64  2.59e-14  5.88e-15    53    28     0
3145.31  3.36e-14  6.16e-15    53    35     0
3147.97  4.82e-14  6.67e-15    53    50     0
3150.63  4.57e-14  6.50e-15    53    48     0
3153.30  4.66e-14  6.59e-15    53    47     0
3155.96  2.89e-14  6.13e-15    52    29     0
3158.62  2.59e-14  6.10e-15    52    25     0
3161.28  3.65e-14  6.53e-15    52    34     0
3163.95  3.30e-14  6.48e-15    52    30     0
3166.61  3.19e-14  6.56e-15    51    28     0
3169.27  3.85e-14  6.77e-15    51    34     0
3171.93  3.59e-14  6.87e-15    51    30     0
3174.60  4.64e-14  7.19e-15    50    39     0
3177.26  4.44e-14  6.97e-15    50    37     0
3179.92  4.59e-14  7.07e-15    50    38     0
3182.59  4.94e-14  7.27e-15    50    39     0
3185.25  4.81e-14  7.17e-15    49    38     0
3187.91  5.32e-14  7.34e-15    49    41     0
3190.57  6.83e-14  7.98e-15    49    51     0
3193.24  5.80e-14  7.71e-15    49    42     0
3195.90  4.82e-14  7.37e-15    48    35     0
3198.56  5.34e-14  7.54e-15    48    37     0
3201.23  4.23e-14  7.21e-15    48    29     0
3203.89  3.57e-14  7.03e-15    47    24     0
3206.55  4.76e-14  7.96e-15    47    29     0
3209.21  5.29e-14  8.11e-15    47    31     0
3211.88  6.27e-14  8.21e-15    47    38     0
3214.54  5.95e-14  8.22e-15    46    35     0
3217.20  6.31e-14  8.42e-15    46    35     0
3219.87  4.45e-14  7.90e-15    46    24     0
3222.53  4.02e-14  7.55e-15    45    22     0
3225.19  3.43e-14  7.36e-15    45    18     0
3227.85  4.68e-14  7.70e-15    45    24     0
3230.52  6.58e-14  8.13e-15    44    34     0
3233.18  7.67e-14  8.41e-15    44    38     0
3235.84  6.31e-14  8.10e-15    44    30     0
3238.50  4.13e-14  1.02e-14    43    19     0
3241.17  3.33e-14  8.15e-15    43    15     0
3243.83  6.21e-14  8.17e-15    43    27     0
3246.49  6.74e-14  8.14e-15    42    30     0
3249.16  5.62e-14  7.90e-15    42    24     0
3251.82  4.30e-14  7.99e-15    42    18     0
3254.48  5.26e-14  8.20e-15    41    22     0
3257.14  6.85e-14  8.60e-15    41    27     0
3259.81  6.14e-14  9.03e-15    41    24     0
3262.47  4.26e-14  8.86e-15    40    17     0
3265.13  3.76e-14  9.16e-15    40    14     0
3267.80  8.17e-14  9.21e-15    39    31     0
3270.46  7.28e-14  9.62e-15    39    26     0
3273.12  4.05e-14  9.71e-15    39    14     0
3275.78  4.38e-14  1.16e-14    38    14     0
3278.45  5.63e-14  1.08e-14    38    18     0
3281.11  5.47e-14  1.05e-14    37    18     0
3283.77  7.30e-14  1.08e-14    37    23     0
3286.44  7.90e-14  1.40e-14    37    24     0
3289.10  4.96e-14  1.16e-14    36    14     0
3291.76  5.07e-14  1.24e-14    36    14     0
3294.42  5.92e-14  1.28e-14    35    16     0
3297.09  6.30e-14  1.24e-14    35    17     0
3299.75  6.46e-14  1.28e-14    35    17     0
3302.41  7.26e-14  1.31e-14    34    19     0
3305.07  8.32e-14  1.37e-14    34    21     0
3307.74  7.21e-14  1.43e-14    33    17     0
3310.40  7.84e-14  1.44e-14    33    19     0
3313.06  2.75e-14  1.50e-14    32     6     0
3315.73  3.55e-14  1.70e-14    32     7     0
3318.39  8.63e-14  1.77e-14    31    17     0
3321.05  6.75e-14  1.94e-14    31    12     0
3323.71  4.18e-14  2.23e-14    30     7     0
3326.38  7.94e-14  2.01e-14    30    13     0
3329.04  6.92e-14  2.09e-14    29    11     0
3331.70  6.33e-14  2.13e-14    29    10     0
3334.37  5.79e-14  2.22e-14    28     9     0
3337.03  7.99e-14  2.08e-14    28    13     0
3339.69  1.35e-13  2.17e-14    27    22     0
3342.35  1.15e-13  2.42e-14    27    16     0
3345.02  4.00e-14  2.58e-14    26     5     0
3347.68  6.73e-14  2.66e-14    26     9     0
