NOT ORIGINAL IUE PROJECT DATA PRODUCT
LWP21149LOWLARGE
HD  197481
20:42:04
-31:31:05
48
NO-TRAIL
X-OFFSETS
1199.063
04/09/91
02:28:16
247
6.15
26/05/96
GSFC
2448503.60296
55
30
1851.19  4.06e-13  9.01e-13   145    37     0
1853.85  2.88e-13  8.40e-13   144    28     0
1856.51 -5.85e-13  1.11e-12   143   -42     0
1859.17 -9.25e-13  1.03e-12   142   -72     0
1861.84  3.89e-13  6.50e-13   142    48     0
1864.50 -2.75e-13  5.90e-13   141   -37     0
1867.16  1.19e-13  4.57e-13   140    20     0
1869.83  1.76e-13  4.26e-13   140    32     0
1872.49  1.17e-13  3.81e-13   139    24     0
1875.15  4.81e-14  3.31e-13   138    11     0
1877.81 -2.00e-13  3.11e-13   137   -49     0
1880.48 -1.61e-13  3.22e-13   137   -38     0
1883.14  5.52e-14  3.05e-13   136    13     0
1885.80  1.70e-13  2.77e-13   135    46     0
1888.47  4.06e-13  2.67e-13   135   115     0
1891.13 -8.80e-14  2.52e-13   134   -25     0
1893.79  4.45e-14  2.41e-13   133    13     0
1896.45  1.90e-13  2.22e-13   133    62     0
1899.12 -1.48e-13  2.11e-13   132   -50     0
1901.78  7.10e-14  2.20e-13   131    23     0
1904.44 -2.15e-13  2.11e-13   131   -71     0
1907.11 -7.70e-14  2.01e-13   130   -26     0
1909.77 -3.35e-14  1.94e-13   129   -12     0
1912.43  1.83e-13  1.80e-13   129    71     0
1915.09 -6.99e-14  1.87e-13   128   -27     0
1917.76 -3.90e-14  1.85e-13   127   -15 -4096
1920.42  1.87e-13  1.64e-13   127    85 -4096
1923.08 -6.26e-14  1.45e-13   126   -29     0
1925.74  9.50e-14  1.57e-13   125    40     0
1928.41 -8.24e-14  1.50e-13   125   -36     0
1931.07  3.07e-14  1.38e-13   124    14     0
1933.73 -2.48e-14  1.32e-13   124   -12     0
1936.40  1.66e-14  1.31e-13   123     8     0
1939.06  7.47e-15  1.26e-13   122     3     0
1941.72  4.16e-14  1.20e-13   122    21     0
1944.38  1.21e-13  1.17e-13   121    64     0
1947.05 -6.33e-14  1.09e-13   121   -35     0
1949.71  4.50e-14  1.06e-13   120    26     0
1952.37 -7.67e-14  1.08e-13   119   -43     0
1955.04  1.02e-13  1.05e-13   119    59     0
1957.70  3.80e-14  1.01e-13   118    22     0
1960.36  3.92e-14  9.69e-14   118    24     0
1963.02 -5.91e-14  9.32e-14   117   -37     0
1965.69 -2.64e-14  8.67e-14   117   -17     0
1968.35 -1.74e-14  8.39e-14   116   -11     0
1971.01  3.43e-14  8.59e-14   116    22     0
1973.68  1.19e-13  8.47e-14   115    81     0
1976.34  1.99e-14  7.44e-14   115    15     0
1979.00  4.24e-14  7.25e-14   114    32     0
1981.66 -3.73e-14  7.31e-14   113   -28     0
1984.33  3.84e-15  7.09e-14   113     2     0
1986.99 -4.18e-14  6.72e-14   112   -33     0
1989.65  1.12e-13  6.73e-14   112    92     0
1992.31 -1.74e-14  6.54e-14   111   -14     0
1994.98 -4.13e-14  6.38e-14   111   -34     0
1997.64 -5.68e-15  6.12e-14   110    -4     0
2000.30  2.18e-14  6.13e-14   110    18     0
2002.97 -1.67e-14  5.97e-14   109   -14     0
2005.63 -1.32e-14  5.76e-14   109   -11     0
2008.29  4.46e-14  5.73e-14   109    39     0
2010.95  2.03e-14  5.91e-14   108    17     0
2013.62  1.41e-14  5.82e-14   108    11     0
2016.28 -2.24e-14  5.18e-14   107   -21     0
2018.94 -1.63e-14  5.11e-14   107   -15     0
2021.61 -1.04e-14  5.39e-14   106    -9     0
2024.27  9.05e-15  5.34e-14   106     8     0
2026.93  6.54e-15  5.12e-14   105     6     0
2029.59  7.04e-14  5.18e-14   105    64     0
2032.26 -7.18e-15  5.06e-14   105    -6     0
2034.92 -2.08e-14  5.00e-14   104   -19     0
2037.58 -1.45e-14  4.93e-14   104   -13     0
2040.25  1.11e-14  4.98e-14   103    10     0
2042.91  1.53e-14  4.92e-14   103    13     0
2045.57 -2.29e-14  4.99e-14   103   -20     0
2048.23  9.77e-15  4.93e-14   102     8     0
2050.90 -4.80e-14  4.76e-14   102   -43     0
2053.56  1.26e-14  4.69e-14   101    11     0
2056.22 -6.35e-14  4.61e-14   101   -58     0
2058.88 -1.99e-14  4.54e-14   101   -18     0
2061.55 -1.88e-14  4.44e-14   100   -17     0
2064.21  5.95e-14  4.45e-14   100    56     0
2066.87 -1.51e-14  4.32e-14   100   -14     0
2069.54  7.89e-16  4.25e-14    99     0     0
2072.20  4.87e-15  4.12e-14    99     4     0
2074.86  1.00e-14  4.06e-14    98     9     0
2077.52 -2.71e-14  3.98e-14    98   -26     0
2080.19  4.35e-15  3.96e-14    98     4     0
2082.85  2.84e-14  3.95e-14    97    28     0
2085.51  1.70e-14  3.91e-14    97    16     0
2088.18  5.02e-15  3.84e-14    97     4     0
2090.84  1.76e-14  3.75e-14    96    17     0
2093.50 -1.79e-14  3.69e-14    96   -18     0
2096.16  1.74e-15  3.73e-14    96     1     0
2098.83 -3.24e-15  3.70e-14    96    -3     0
2101.49 -1.32e-14  3.68e-14    95   -12     0
2104.15  1.37e-15  3.65e-14    95     1     0
2106.82 -3.25e-14  3.66e-14    95   -31     0
2109.48  3.73e-14  3.70e-14    94    35     0
2112.14 -1.85e-14  3.59e-14    94   -17     0
2114.80 -4.52e-14  3.56e-14    94   -43     0
2117.47 -3.83e-15  3.55e-14    94    -3     0
2120.13 -4.00e-14  3.53e-14    93   -39     0
2122.79 -1.53e-14  3.58e-14    93   -14     0
2125.45  5.74e-14  3.70e-14    93    56     0
2128.12 -2.13e-14  3.47e-14    92   -21     0
2130.78 -1.82e-14  3.37e-14    92   -17     0
2133.44 -2.52e-15  3.26e-14    92    -2     0
2136.11  5.35e-14  3.34e-14    92    52     0
2138.77 -3.82e-15  3.20e-14    91    -3     0
2141.43  4.32e-15  3.11e-14    91     4     0
2144.09  1.20e-14  3.09e-14    91    12     0
2146.76 -2.14e-14  3.04e-14    91   -21     0
2149.42  8.16e-15  3.01e-14    91     8     0
2152.08  9.20e-15  3.06e-14    90     9     0
2154.75 -2.63e-14  3.02e-14    90   -25     0
2157.41  3.70e-15  2.91e-14    90     3     0
2160.07  1.93e-14  2.96e-14    90    19     0
2162.73 -6.58e-15  2.89e-14    89    -6     0
2165.40  1.20e-14  2.83e-14    89    12     0
2168.06  5.04e-15  2.79e-14    89     5     0
2170.72 -5.37e-15  2.76e-14    89    -5     0
2173.39  1.51e-14  2.76e-14    89    15     0
2176.05 -9.14e-15  2.77e-14    88    -9     0
2178.71 -8.38e-15  2.74e-14    88    -8     0
2181.37 -2.38e-15  2.77e-14    88    -2     0
2184.04 -2.40e-14  2.74e-14    88   -23     0
2186.70  2.66e-15  2.61e-14    88     2     0
2189.36 -1.46e-14  2.59e-14    88   -14     0
2192.02  1.17e-14  2.63e-14    87    11     0
2194.69  2.59e-14  2.62e-14    87    25     0
2197.35 -1.38e-14  2.56e-14    87   -13     0
2200.01  2.02e-14  2.59e-14    87    19     0
2202.68  7.95e-16  2.52e-14    87     0     0
2205.34  2.61e-18  2.47e-14    87     0     0
2208.00 -1.61e-14  2.44e-14    86   -16     0
2210.66 -1.24e-14  2.47e-14    86   -12     0
2213.33 -4.29e-15  2.44e-14    86    -4     0
2215.99 -6.21e-15  2.32e-14    86    -6     0
2218.65  5.62e-15  2.29e-14    86     5     0
2221.32 -1.62e-14  2.28e-14    86   -16     0
2223.98 -3.48e-14  2.25e-14    86   -35     0
2226.64 -8.27e-15  2.31e-14    85    -8     0
2229.30  2.42e-14  2.30e-14    85    23     0
2231.97 -1.72e-14  2.08e-14    85   -18     0
2234.63 -2.69e-15  2.05e-14    85    -2     0
2237.29  1.24e-14  2.16e-14    85    12     0
2239.96 -8.70e-16  2.10e-14    85     0     0
2242.62 -1.63e-14  2.07e-14    85   -16     0
2245.28  1.49e-15  2.07e-14    85     1     0
2247.94  1.11e-14  2.05e-14    84    11     0
2250.61 -1.04e-14  1.92e-14    84   -11     0
2253.27 -6.30e-15  1.88e-14    84    -6     0
2255.93  3.14e-14  1.93e-14    84    34     0
2258.59 -7.18e-15  1.83e-14    84    -7     0
2261.26  2.74e-14  1.90e-14    84    29     0
2263.92  9.69e-15  1.82e-14    84    10     0
2266.58 -6.10e-15  1.73e-14    84    -6     0
2269.25  2.10e-14  1.73e-14    84    24     0
2271.91 -9.86e-15  1.70e-14    83   -11     0
2274.57  3.94e-15  1.66e-14    83     4     0
2277.23 -1.03e-14  1.54e-14    83   -12     0
2279.90  1.78e-14  2.20e-14    83    22     0
2282.56 -1.92e-14  1.54e-14    83   -23     0
2285.22 -2.01e-14  1.51e-14    83   -24     0
2287.89  2.37e-14  1.52e-14    83    28     0
2290.55  1.30e-14  1.46e-14    83    16     0
2293.21  1.62e-14  1.45e-14    83    20     0
2295.87 -1.99e-14  1.45e-14    83   -25     0
2298.54 -3.97e-15  1.34e-14    83    -5     0
2301.20  2.58e-14  1.40e-14    83    32     0
2303.86 -1.19e-14  1.58e-14    82   -15     0
2306.53  1.31e-14  1.35e-14    82    16     0
2309.19  3.38e-14  1.70e-14    82    43     0
2311.85  1.03e-14  1.53e-14    82    14     0
2314.51  1.85e-14  1.21e-14    82    25     0
2317.18 -1.06e-15  1.20e-14    82    -1     0
2319.84 -4.93e-15  1.23e-14    82    -6     0
2322.50 -2.23e-15  1.15e-14    82    -3     0
2325.16 -4.48e-15  1.10e-14    82    -6     0
2327.83  1.39e-14  1.08e-14    82    20     0
2330.49  2.81e-15  1.04e-14    82     4     0
2333.15  5.05e-15  1.03e-14    82     7     0
2335.82  8.10e-16  1.04e-14    82     1     0
2338.48  1.94e-14  1.08e-14    82    30     0
2341.14  5.22e-15  1.51e-14    82     8     0
2343.80  1.78e-14  9.67e-15    82    28     0
2346.47 -1.01e-15  1.01e-14    81    -1     0
2349.13  2.73e-14  1.38e-14    81    44     0
2351.79  9.07e-15  9.04e-15    81    14     0
2354.46 -5.75e-15  9.33e-15    81    -9     0
2357.12  2.70e-14  8.88e-15    81    46     0
2359.78 -5.52e-15  8.51e-15    81    -9     0
2362.44  1.18e-14  1.06e-14    81    20     0
2365.11  2.91e-14  2.25e-14    81    49     0
2367.77  4.62e-15  8.01e-15    81     7     0
2370.43  8.90e-15  1.03e-14    81    15     0
2373.09  1.65e-14  1.29e-14    81    29     0
2375.76  2.82e-14  1.15e-14    81    52     0
2378.42  2.17e-14  7.47e-15    81    41     0
2381.08 -9.54e-16  7.12e-15    81    -1     0
2383.75  2.13e-14  1.06e-14    81    40     0
2386.41  3.87e-14  1.34e-14    81    73     0
2389.07  1.25e-14  1.25e-14    81    23     0
2391.73  4.45e-15  1.11e-14    81     8     0
2394.40  2.31e-14  9.82e-15    81    45     0
2397.06  2.09e-14  1.20e-14    81    41     0
2399.72  2.79e-14  8.13e-15    81    55     0
2402.39  1.86e-14  8.01e-15    81    37     0
2405.05  1.58e-14  8.90e-15    81    31     0
2407.71  2.52e-14  6.55e-15    81    51     0
2410.37  2.02e-14  9.18e-15    80    43     0
2413.04  3.90e-15  5.66e-15    80     8     0
2415.70  2.82e-15  5.52e-15    80     6     0
2418.36  1.43e-14  6.49e-15    80    31     0
2421.03 -3.81e-15  9.85e-15    80    -8     0
2423.69 -5.01e-15  9.00e-15    80   -11     0
2426.35  1.42e-14  8.07e-15    80    31     0
2429.01  1.10e-14  6.39e-15    80    25     0
2431.68  1.57e-14  8.53e-15    80    34     0
2434.34  1.05e-14  7.44e-15    80    23     0
2437.00  8.65e-15  6.01e-15    80    19     0
2439.67  1.59e-15  8.72e-15    80     3     0
2442.33 -3.10e-15  4.83e-15    80    -7     0
2444.99 -5.59e-15  8.22e-15    80   -13     0
2447.65 -8.68e-15  4.91e-15    80   -20     0
2450.32 -3.02e-15  4.72e-15    80    -7     0
2452.98  7.53e-15  7.41e-15    80    18     0
2455.64  7.62e-15  5.74e-15    80    18     0
2458.30 -8.02e-15  5.86e-15    80   -20     0
2460.97  8.89e-16  7.75e-15    80     2     0
2463.63  7.97e-15  7.94e-15    80    20     0
2466.29  6.11e-15  7.31e-15    80    15     0
2468.96 -1.00e-15  6.28e-15    80    -2     0
2471.62  9.09e-15  8.31e-15    80    23     0
2474.28  1.36e-14  6.40e-15    80    36     0
2476.94  6.89e-15  6.80e-15    80    18     0
2479.61  1.20e-15  7.04e-15    80     3     0
2482.27  9.13e-15  7.82e-15    80    24     0
2484.93  9.13e-15  5.19e-15    80    24     0
2487.60  4.95e-15  6.68e-15    79    13     0
2490.26  4.96e-15  5.91e-15    79    13     0
2492.92  1.20e-14  5.46e-15    79    33     0
2495.58  1.10e-14  5.89e-15    79    30     0
2498.25 -5.92e-15  5.48e-15    79   -16     0
2500.91  9.33e-15  6.29e-15    79    26     0
2503.57 -3.32e-15  6.61e-15    79    -9     0
2506.24  5.53e-15  6.01e-15    79    15     0
2508.90  6.87e-15  5.88e-15    79    19     0
2511.56  2.11e-15  5.17e-15    79     6     0
2514.22  6.46e-15  5.51e-15    79    18     0
2516.89  4.24e-15  4.42e-15    79    11     0
2519.55  1.16e-14  4.07e-15    79    32     0
2522.21  3.50e-15  5.62e-15    79    10     0
2524.87  2.47e-15  5.38e-15    79     7     0
2527.54  4.53e-15  3.41e-15    79    13     0
2530.20 -2.21e-15  5.30e-15    79    -6     0
2532.86 -2.83e-15  5.85e-15    79    -8     0
2535.53 -8.05e-16  5.91e-15    79    -2     0
2538.19  8.01e-15  6.63e-15    79    24     0
2540.85  2.63e-16  5.72e-15    79     0     0
2543.51  7.30e-15  4.71e-15    79    22     0
2546.18  2.40e-15  4.25e-15    79     7     0
2548.84  6.33e-15  4.52e-15    79    20     0
2551.50  8.80e-15  4.58e-15    78    28     0
2554.17 -1.03e-15  5.82e-15    78    -3     0
2556.83  6.57e-15  7.70e-15    78    22     0
2559.49  4.96e-15  5.83e-15    78    16     0
2562.15  8.49e-15  5.66e-15    78    28     0
2564.82 -2.08e-15  4.89e-15    78    -7     0
2567.48  6.07e-15  4.06e-15    78    20     0
2570.14  4.68e-15  3.16e-15    78    16     0
2572.80 -6.39e-16  3.96e-15    78    -2     0
2575.47  1.52e-15  4.23e-15    78     5     0
2578.13  3.81e-15  4.82e-15    78    12     0
2580.79  5.43e-15  5.08e-15    78    18     0
2583.46  1.22e-14  6.50e-15    78    40     0
2586.12  8.27e-15  6.05e-15    78    28     0
2588.78  3.01e-14  7.13e-15    78   104     0
2591.44  7.79e-15  5.43e-15    78    26     0
2594.11  8.65e-16  4.47e-15    78     2     0
2596.77  1.24e-14  5.21e-15    78    44     0
2599.43  1.84e-14  7.77e-15    78    66     0
2602.10  2.85e-14  1.15e-14    77   103     0
2604.76  1.19e-14  6.35e-15    77    43     0
2607.42  5.65e-15  5.93e-15    77    20     0
2610.08  2.14e-14  5.72e-15    77    77     0
2612.75  2.74e-14  1.09e-14    77    99     0
2615.41  1.28e-14  8.75e-15    77    48     0
2618.07  1.71e-14  7.78e-15    77    64     0
2620.74  1.89e-14  1.01e-14    77    71     0
2623.40  2.83e-14  7.18e-15    77   107     0
2626.06  1.09e-14  6.40e-15    77    40     0
2628.72  2.66e-14  1.21e-14    77   100     0
2631.39  2.53e-14  9.26e-15    77    97     0
2634.05  1.61e-14  8.24e-15    77    62     0
2636.71  2.12e-14  9.50e-15    77    81     0
2639.37  8.83e-15  4.14e-15    77    34     0
2642.04  9.33e-15  5.79e-15    76    36     0
2644.70  6.02e-15  5.02e-15    76    23     0
2647.36  6.85e-15  2.70e-15    76    26     0
2650.03  1.07e-15  2.86e-15    76     4     0
2652.69  8.52e-15  3.74e-15    76    33     0
2655.35  7.14e-16  2.94e-15    76     2     0
2658.01  5.64e-15  2.54e-15    76    22     0
2660.68  3.22e-15  2.40e-15    76    12     0
2663.34  9.19e-15  3.94e-15    76    36     0
2666.00  3.45e-15  2.66e-15    76    13     0
2668.67  6.23e-15  3.90e-15    76    24     0
2671.33  7.59e-15  4.55e-15    76    30     0
2673.99  5.01e-15  3.14e-15    76    20     0
2676.65  1.14e-14  4.03e-15    75    46     0
2679.32  9.09e-15  3.79e-15    75    37     0
2681.98  8.27e-15  4.18e-15    75    33     0
2684.64  8.86e-15  4.13e-15    75    36     0
2687.31  6.96e-15  2.96e-15    75    28     0
2689.97 -6.80e-17  2.63e-15    75     0     0
2692.63  1.63e-15  2.48e-15    75     6     0
2695.29  1.06e-14  4.07e-15    75    43     0
2697.96  6.92e-15  3.36e-15    75    28     0
2700.62  3.08e-15  3.93e-15    75    12     0
2703.28  5.09e-15  2.36e-15    75    20     0
2705.94  6.12e-15  3.02e-15    75    25     0
2708.61  7.04e-15  3.28e-15    74    29     0
2711.27  2.86e-15  3.05e-15    74    11     0
2713.93  7.84e-15  3.28e-15    74    31     0
2716.60  5.72e-15  4.97e-15    74    23     0
2719.26  8.48e-15  3.58e-15    74    34     0
2721.92  2.42e-15  2.56e-15    74     9     0
2724.58  6.40e-15  2.66e-15    74    25     0
2727.25  6.11e-15  3.16e-15    74    25     0
2729.91  1.23e-14  3.96e-15    74    51     0
2732.57  1.56e-14  4.42e-15    74    65     0
2735.24  1.56e-14  5.21e-15    73    64     0
2737.90  1.60e-14  5.88e-15    73    66     0
2740.56  1.39e-14  5.72e-15    73    57     0
2743.22  1.59e-14  4.28e-15    73    66     0
2745.89  1.81e-14  6.49e-15    73    75     0
2748.55  1.82e-14  5.71e-15    73    76     0
2751.21  1.86e-14  5.69e-15    73    77     0
2753.88  1.20e-14  4.50e-15    73    50     0
2756.54  8.64e-15  4.89e-15    73    35     0
2759.20  1.26e-14  6.08e-15    73    52     0
2761.86  1.21e-14  5.43e-15    72    50     0
2764.53  8.57e-15  4.15e-15    72    35     0
2767.19  6.98e-15  2.73e-15    72    29     0
2769.85  1.21e-14  2.74e-15    72    51     0
2772.51  5.00e-15  2.44e-15    72    20     0
2775.18  5.90e-15  2.84e-15    72    24     0
2777.84  7.87e-15  2.89e-15    72    33     0
2780.50  8.12e-15  3.33e-15    72    34     0
2783.17  6.41e-15  3.13e-15    72    26     0
2785.83  1.13e-14  4.04e-15    72    46     0
2788.49  1.26e-14  5.20e-15    71    51     0
2791.15  2.11e-14  7.09e-15    71    87     0
2793.82  4.43e-14  1.55e-14    71   182     0
2796.48  1.14e-13  4.03e-14    71   463     0
2799.14  1.73e-13  6.36e-14    71   703     0
2801.81  1.47e-13  5.52e-14    71   603     0
2804.47  1.23e-13  4.74e-14    71   505     0
2807.13  1.32e-13  4.58e-14    71   519     0
2809.79  6.95e-14  2.41e-14    71   274     0
2812.46  1.24e-14  5.29e-15    71    50     0
2815.12  7.79e-15  2.67e-15    70    31     0
2817.78  7.80e-15  2.64e-15    70    31     0
2820.45  1.12e-14  3.02e-15    70    45     0
2823.11  7.76e-15  2.86e-15    70    31     0
2825.77  4.53e-15  2.59e-15    70    18     0
2828.43  1.04e-14  3.16e-15    70    42     0
2831.10  7.05e-15  2.64e-15    70    29     0
2833.76  5.01e-15  2.60e-15    70    20     0
2836.42  5.45e-15  2.73e-15    70    22     0
2839.08  1.07e-14  3.29e-15    69    43     0
2841.75  5.57e-15  3.05e-15    69    22     0
2844.41  9.38e-15  3.44e-15    69    37     0
2847.07  9.09e-15  5.26e-15    69    37     0
2849.74  1.18e-14  3.65e-15    69    47 -4096
2852.40  1.73e-14  7.24e-15    69    69 -4096
2855.06  1.58e-14  9.49e-15    69    63     0
2857.72  1.05e-14  4.63e-15    69    42     0
2860.39  1.03e-14  4.25e-15    69    40     0
2863.05  1.23e-14  5.04e-15    68    48     0
2865.71  1.00e-14  3.39e-15    68    39     0
2868.38  1.51e-14  3.01e-15    68    59     0
2871.04  1.08e-14  3.59e-15    68    42     0
2873.70  6.62e-15  2.78e-15    68    26     0
2876.36  1.02e-14  2.89e-15    68    39     0
2879.03  1.09e-14  3.02e-15    68    41     0
2881.69  8.42e-15  5.49e-15    68    32     0
2884.35  1.35e-14  5.94e-15    68    51     0
2887.02  1.15e-14  5.70e-15    67    44     0
2889.68  1.35e-14  3.40e-15    67    52     0
2892.34  1.09e-14  2.92e-15    67    42     0
2895.00  9.98e-15  3.56e-15    67    38     0
2897.67  8.22e-15  5.16e-15    67    31     0
2900.33  1.06e-14  2.96e-15    67    40     0
2902.99  8.07e-15  2.92e-15    67    30     0
2905.65  6.78e-15  3.22e-15    67    25     0
2908.32  8.29e-15  3.04e-15    67    31     0
2910.98  8.64e-15  3.35e-15    66    32     0
2913.64  4.87e-15  2.92e-15    66    18     0
2916.31  7.03e-15  3.36e-15    66    26     0
2918.97  7.71e-15  4.38e-15    66    28     0
2921.63  9.99e-15  4.22e-15    66    36     0
2924.29  1.47e-14  5.24e-15    66    52     0
2926.96  1.35e-14  4.48e-15    66    48     0
2929.62  2.05e-14  6.05e-15    66    72     0
2932.28  1.49e-14  5.26e-15    65    52     0
2934.95  1.21e-14  4.20e-15    65    42     0
2937.61  1.24e-14  3.45e-15    65    43     0
2940.27  1.12e-14  3.54e-15    65    38     0
2942.93  6.11e-15  3.54e-15    65    20     0
2945.60  1.42e-14  4.14e-15    65    47     0
2948.26  6.84e-15  4.67e-15    65    22     0
2950.92  1.81e-14  4.26e-15    65    60     0
2953.59  1.66e-14  3.56e-15    65    55     0
2956.25  1.28e-14  3.73e-15    64    42     0
2958.91  1.14e-14  3.54e-15    64    37     0
2961.57  1.45e-14  4.48e-15    64    47     0
2964.24  1.72e-14  4.84e-15    64    54     0
2966.90  1.17e-14  3.90e-15    64    37     0
2969.56  1.55e-14  5.36e-15    64    48     0
2972.22  1.22e-14  5.12e-15    64    38     0
2974.89  1.19e-14  3.66e-15    64    36     0
2977.55  1.05e-14  3.74e-15    64    31     0
2980.21  8.34e-15  3.68e-15    63    25     0
2982.88  1.25e-14  4.47e-15    63    37     0
2985.54  1.24e-14  4.16e-15    63    36     0
2988.20  1.61e-14  4.97e-15    63    46     0
2990.86  1.73e-14  6.12e-15    63    49     0
2993.53  1.38e-14  5.03e-15    63    39     0
2996.19  6.41e-15  3.94e-15    63    17     0
2998.85  4.21e-15  3.95e-15    63    11     0
3001.52  1.15e-14  3.97e-15    63    32     0
3004.18  1.01e-14  3.98e-15    62    27     0
3006.84  6.18e-15  3.98e-15    62    16     0
3009.50  2.48e-15  4.39e-15    62     6     0
3012.17  6.82e-15  4.12e-15    62    17     0
3014.83  9.98e-15  4.24e-15    62    25     0
3017.49  9.07e-15  4.25e-15    62    23     0
3020.16  6.83e-15  4.27e-15    62    17     0
3022.82  1.43e-14  4.56e-15    62    35     0
3025.48  8.72e-15  4.87e-15    61    21     0
3028.14  1.10e-14  5.14e-15    61    26     0
3030.81  1.41e-14  5.31e-15    61    33     0
3033.47  1.43e-14  4.63e-15    61    33     0
3036.13  8.78e-15  4.80e-15    61    20     0
3038.79  1.48e-14  4.78e-15    61    33     0
3041.46  1.23e-14  4.79e-15    61    27     0
3044.12  1.84e-14  5.00e-15    61    40     0
3046.78  1.50e-14  4.93e-15    61    32     0
3049.45  1.44e-14  4.98e-15    60    30     0
3052.11  1.28e-14  5.00e-15    60    26     0
3054.77  1.30e-15  5.13e-15    60     2     0
3057.43 -3.78e-16  5.64e-15    60     0 -4096
3060.10 -9.58e-16  5.67e-15    60    -1 -4096
3062.76  1.62e-14  6.01e-15    60    30 -4096
3065.42  6.42e-15  5.50e-15    60    12     0
3068.09  7.21e-15  5.46e-15    60    13     0
3070.75  1.38e-14  5.55e-15    59    25     0
3073.41  1.75e-14  5.68e-15    59    31     0
3076.07  8.81e-15  5.68e-15    59    15     0
3078.74  1.86e-14  5.91e-15    59    32     0
3081.40  1.30e-14  5.85e-15    59    22     0
3084.06  1.22e-14  5.89e-15    59    20     0
3086.73  1.16e-14  6.03e-15    59    18     0
3089.39  2.98e-15  5.96e-15    58     4     0
3092.05  2.05e-14  6.28e-15    58    32     0
3094.71  8.38e-15  6.19e-15    58    13     0
3097.38  1.52e-14  6.47e-15    58    22     0
3100.04  1.09e-14  6.44e-15    58    16     0
3102.70  7.88e-15  6.45e-15    58    11     0
3105.36  8.64e-15  6.54e-15    58    12     0
3108.03  1.52e-14  6.72e-15    58    21     0
3110.69  2.16e-14  6.80e-15    57    30     0
3113.35  1.42e-14  7.04e-15    57    19     0
3116.02  2.14e-14  7.47e-15    57    28     0
3118.68  1.37e-14  8.49e-15    57    17     0
3121.34  1.98e-14  7.28e-15    57    25     0
3124.00  2.41e-14  8.26e-15    57    30     0
3126.67  1.50e-14  8.32e-15    56    18     0
3129.33  2.28e-14  7.34e-15    56    27     0
3131.99  8.51e-15  7.17e-15    56    10     0
3134.66  9.91e-15  7.26e-15    56    11     0
3137.32  2.12e-14  7.52e-15    56    24     0
3139.98  2.24e-14  7.67e-15    56    25     0
3142.64  2.00e-14  1.16e-14    55    21     0
3145.31  2.22e-14  8.88e-15    55    23     0
3147.97  1.94e-14  9.60e-15    55    20     0
3150.63  3.88e-14  8.35e-15    55    41     0
3153.30  4.05e-14  9.05e-15    55    41     0
3155.96  1.83e-14  7.98e-15    55    18     0
3158.62  2.05e-14  8.35e-15    54    20     0
3161.28  2.31e-14  8.28e-15    54    22     0
3163.95  2.24e-14  8.33e-15    54    21     0
3166.61  2.27e-14  8.46e-15    54    20     0
3169.27  2.13e-14  8.51e-15    54    19     0
3171.93  2.41e-14  1.13e-14    53    20     0
3174.60  2.99e-14  1.11e-14    53    25     0
3177.26  3.04e-14  9.39e-15    53    25     0
3179.92  1.58e-14  8.57e-15    53    13     0
3182.59  2.36e-14  1.06e-14    53    19     0
3185.25  3.19e-14  1.10e-14    52    25     0
3187.91  2.20e-14  1.04e-14    52    17     0
3190.57  2.15e-14  8.99e-15    52    16     0
3193.24  2.79e-14  9.55e-15    52    20     0
3195.90  3.02e-14  1.20e-14    51    22     0
3198.56  3.75e-14  1.30e-14    51    26     0
3201.23  3.73e-14  1.02e-14    51    26     0
3203.89  2.97e-14  9.11e-15    51    20     0
3206.55  4.19e-14  1.05e-14    50    25     0
3209.21  3.75e-14  1.05e-14    50    22     0
3211.88  2.46e-14  9.76e-15    50    15     0
3214.54  2.71e-14  1.11e-14    50    16     0
3217.20  3.29e-14  9.96e-15    49    18     0
3219.87  1.51e-14  9.73e-15    49     8     0
3222.53  2.75e-14  9.81e-15    49    15     0
3225.19  2.32e-14  9.46e-15    49    12     0
3227.85  1.60e-14  9.33e-15    48     8     0
3230.52  1.58e-14  1.35e-14    48     8     0
3233.18  3.99e-14  1.31e-14    48    20     0
3235.84  1.97e-14  1.21e-14    47     9     0
3238.50  2.09e-14  1.05e-14    47     9     0
3241.17  9.60e-15  1.20e-14    47     4     0
3243.83  2.91e-14  1.09e-14    46    12     0
3246.49  4.62e-14  1.43e-14    46    20     0
3249.16  1.91e-14  1.09e-14    46     8     0
3251.82  1.28e-14  1.11e-14    45     5     0
3254.48  1.81e-14  1.16e-14    45     7     0
3257.14  2.23e-14  1.24e-14    45     9     0
3259.81  2.68e-14  2.04e-14    44    10     0
3262.47  2.99e-14  2.08e-14    44    12 -4096
3265.13  2.82e-14  1.50e-14    44    11 -4096
3267.80  4.23e-14  2.14e-14    43    16 -4096
3270.46  5.37e-14  2.19e-14    43    19 -4096
3273.12  3.75e-14  1.39e-14    42    13     0
3275.78  1.70e-14  1.45e-14    42     5     0
3278.45  3.15e-14  1.48e-14    42    10     0
3281.11  3.79e-14  1.72e-14    41    12     0
3283.77  1.53e-14  1.61e-14    41     4     0
3286.44  5.41e-14  1.56e-14    40    16     0
3289.10  5.96e-14  1.59e-14    40    17     0
3291.76  8.40e-15  1.71e-14    39     2     0
3294.42  3.75e-14  1.75e-14    39    10     0
3297.09  2.87e-14  1.73e-14    38     8     0
3299.75  3.71e-14  1.96e-14    38    10     0
3302.41  7.97e-14  1.79e-14    37    21     0
3305.07  7.57e-14  2.17e-14    37    19     0
3307.74  3.56e-14  1.93e-14    36     8     0
3310.40  5.50e-14  2.16e-14    36    13     0
3313.06  8.63e-14  2.16e-14    35    20     0
3315.73  7.14e-14  2.30e-14    35    14     0
3318.39  7.82e-14  2.39e-14    34    15     0
3321.05  9.36e-14  2.61e-14    34    17     0
3323.71  7.93e-14  2.71e-14    33    14     0
3326.38  6.68e-14  2.72e-14    33    11     0
3329.04  4.22e-14  3.37e-14    32     7     0
3331.70  9.68e-14  3.51e-14    31    16     0
3334.37  8.55e-14  2.98e-14    31    13     0
3337.03  7.43e-14  2.79e-14    30    12     0
3339.69  1.06e-13  3.03e-14    29    17     0
3342.35  9.95e-14  3.49e-14    29    14     0
3345.02  1.58e-13  3.83e-14    28    22     0
3347.68  1.44e-13  3.80e-14    27    19     0
