NOT ORIGINAL IUE PROJECT DATA PRODUCT
LWP21139LOWLARGE
HD  197481
20:42:04
-31:31:05
48
NO-TRAIL
X-OFFSETS
1199.063
03/09/91
01:02:40
246
7.50
26/05/96
GSFC
2448502.54352
61
32
1851.19  6.29e-13  9.12e-13   184    58     0
1853.85 -2.07e-13  8.44e-13   183   -20     0
1856.51  5.65e-13  1.13e-12   183    41     0
1859.17  2.78e-14  1.04e-12   183     2     0
1861.84  2.13e-13  6.54e-13   183    26     0
1864.50 -4.85e-13  5.96e-13   182   -65     0
1867.16  2.46e-13  4.63e-13   182    42     0
1869.83  4.19e-14  4.29e-13   182     7     0
1872.49 -1.80e-13  3.83e-13   182   -36     0
1875.15 -6.58e-14  3.34e-13   181   -15     0
1877.81 -5.47e-14  3.14e-13   181   -13     0
1880.48 -1.18e-13  3.25e-13   181   -27     0
1883.14  5.35e-14  3.08e-13   181    13     0
1885.80 -4.63e-14  2.78e-13   180   -12     0
1888.47 -8.40e-14  2.64e-13   180   -23     0
1891.13 -5.94e-14  2.55e-13   180   -17     0
1893.79  1.62e-13  2.46e-13   180    48     0
1896.45  1.16e-13  2.24e-13   179    38     0
1899.12 -1.39e-13  2.14e-13   179   -47     0
1901.78 -2.94e-14  2.22e-13   179    -9     0
1904.44 -5.97e-14  2.14e-13   179   -19     0
1907.11 -1.76e-14  2.03e-13   178    -6     0
1909.77  6.41e-15  1.96e-13   178     2     0
1912.43  2.14e-13  1.87e-13   178    82     0
1915.09 -2.11e-13  1.90e-13   178   -82     0
1917.76  5.62e-14  1.88e-13   177    22 -4096
1920.42  5.37e-14  1.65e-13   177    24 -4096
1923.08 -5.87e-14  1.47e-13   177   -27     0
1925.74  9.95e-14  1.59e-13   177    42     0
1928.41 -1.06e-13  1.52e-13   177   -46     0
1931.07  1.17e-13  1.42e-13   176    55     0
1933.73 -1.40e-13  1.85e-13   176   -68     0
1936.40  5.53e-14  1.34e-13   176    26     0
1939.06 -1.19e-13  1.28e-13   176   -59     0
1941.72  1.58e-13  1.24e-13   175    82     0
1944.38  9.68e-14  1.19e-13   175    52     0
1947.05 -6.44e-15  1.11e-13   175    -3     0
1949.71 -8.32e-15  1.07e-13   175    -4     0
1952.37  2.68e-14  1.10e-13   174    14     0
1955.04  5.83e-14  1.06e-13   174    33     0
1957.70  1.83e-14  1.02e-13   174    10     0
1960.36  7.40e-14  9.94e-14   174    45     0
1963.02 -9.34e-14  9.51e-14   174   -58     0
1965.69  7.45e-14  8.98e-14   173    49     0
1968.35  2.96e-15  8.57e-14   173     2     0
1971.01 -3.11e-14  8.73e-14   173   -20     0
1973.68  1.26e-14  8.47e-14   173     8     0
1976.34  4.78e-14  7.66e-14   173    36     0
1979.00  2.65e-14  7.38e-14   172    20     0
1981.66 -7.69e-14  7.47e-14   172   -57     0
1984.33  2.62e-14  7.29e-14   172    20     0
1986.99 -3.13e-14  6.88e-14   172   -25     0
1989.65  3.98e-14  6.76e-14   172    32     0
1992.31  2.75e-14  6.76e-14   171    22     0
1994.98 -2.54e-14  6.54e-14   171   -20     0
1997.64  1.05e-14  6.28e-14   171     8     0
2000.30  1.00e-13  6.45e-14   171    84     0
2002.97 -2.70e-15  6.13e-14   171    -2     0
2005.63 -2.01e-14  5.91e-14   170   -17     0
2008.29  3.96e-14  5.87e-14   170    35     0
2010.95 -2.88e-14  6.07e-14   170   -24     0
2013.62  2.02e-14  6.01e-14   170    17     0
2016.28  1.65e-14  5.35e-14   170    15     0
2018.94 -3.66e-14  5.26e-14   169   -34     0
2021.61  2.06e-14  5.59e-14   169    18     0
2024.27 -6.73e-15  5.49e-14   169    -5     0
2026.93 -5.76e-15  5.28e-14   169    -5     0
2029.59  3.37e-14  5.28e-14   169    31     0
2032.26  2.55e-14  5.26e-14   169    23     0
2034.92 -1.85e-14  5.16e-14   168   -16     0
2037.58  4.35e-14  5.17e-14   168    39     0
2040.25  1.14e-14  5.14e-14   168    10     0
2042.91  7.47e-15  5.08e-14   168     6     0
2045.57 -1.09e-14  5.17e-14   168    -9     0
2048.23  3.96e-16  5.10e-14   168     0     0
2050.90 -2.89e-14  4.93e-14   167   -26     0
2053.56 -1.89e-14  4.86e-14   167   -17     0
2056.22 -3.68e-14  4.78e-14   167   -33     0
2058.88  1.52e-14  4.73e-14   167    14     0
2061.55 -2.17e-14  4.61e-14   167   -20     0
2064.21  1.37e-14  4.56e-14   167    12     0
2066.87  1.53e-15  4.49e-14   166     1     0
2069.54  5.35e-15  4.42e-14   166     5     0
2072.20 -2.05e-14  4.28e-14   166   -19     0
2074.86 -2.55e-14  4.22e-14   166   -25     0
2077.52 -6.60e-15  4.15e-14   166    -6     0
2080.19  2.18e-15  4.13e-14   166     2     0
2082.85 -1.25e-14  4.08e-14   166   -12     0
2085.51  2.51e-14  4.10e-14   166    24     0
2088.18  3.12e-14  4.06e-14   165    30     0
2090.84  4.22e-16  3.89e-14   165     0     0
2093.50 -1.92e-14  3.86e-14   165   -19     0
2096.16 -3.97e-15  3.90e-14   165    -3     0
2098.83  8.97e-15  3.88e-14   165     8     0
2101.49  9.99e-15  3.86e-14   165     9     0
2104.15  5.89e-15  3.83e-14   165     5     0
2106.82  1.94e-15  3.84e-14   165     1     0
2109.48  4.08e-14  3.90e-14   164    39     0
2112.14 -9.81e-15  3.76e-14   164    -9     0
2114.80 -2.53e-15  3.74e-14   164    -2     0
2117.47  1.34e-14  3.76e-14   164    12     0
2120.13 -1.48e-14  3.72e-14   164   -14     0
2122.79  1.66e-14  3.80e-14   164    16     0
2125.45  4.95e-15  3.69e-14   164     4     0
2128.12 -1.95e-14  3.57e-14   164   -19     0
2130.78 -2.65e-14  3.48e-14   164   -26     0
2133.44  2.26e-14  3.49e-14   163    22     0
2136.11  5.87e-15  3.42e-14   163     5     0
2138.77  9.64e-15  3.39e-14   163     9     0
2141.43  1.25e-14  3.30e-14   163    12     0
2144.09  1.40e-16  3.25e-14   163     0     0
2146.76 -1.08e-14  3.22e-14   163   -10     0
2149.42  9.91e-15  3.19e-14   163     9     0
2152.08 -7.96e-15  3.24e-14   163    -7     0
2154.75 -6.37e-15  3.20e-14   163    -6     0
2157.41 -4.76e-15  3.09e-14   163    -4     0
2160.07  1.57e-14  3.14e-14   163    15     0
2162.73 -5.92e-15  3.08e-14   162    -5     0
2165.40  2.02e-14  3.05e-14   162    20     0
2168.06 -1.00e-14  2.98e-14   162   -10     0
2170.72  1.26e-16  2.94e-14   162     0     0
2173.39  1.21e-14  2.94e-14   162    12     0
2176.05 -6.14e-15  2.96e-14   162    -6     0
2178.71  6.73e-15  2.94e-14   162     6     0
2181.37 -8.37e-15  2.96e-14   162    -8     0
2184.04 -2.26e-14  2.94e-14   162   -21     0
2186.70 -8.92e-15  2.80e-14   162    -8     0
2189.36 -2.44e-14  2.78e-14   162   -24     0
2192.02 -7.51e-15  2.81e-14   162    -7     0
2194.69  4.79e-14  2.86e-14   162    47     0
2197.35 -1.76e-14  2.75e-14   162   -17     0
2200.01  2.43e-14  2.79e-14   162    23     0
2202.68  2.19e-14  2.75e-14   161    21     0
2205.34 -1.21e-14  2.66e-14   161   -12     0
2208.00  6.12e-15  2.64e-14   161     6     0
2210.66  1.42e-14  2.68e-14   161    13     0
2213.33  6.83e-15  2.64e-14   161     6     0
2215.99  2.52e-14  2.55e-14   161    25     0
2218.65 -2.50e-14  2.48e-14   161   -25     0
2221.32 -3.24e-14  2.47e-14   161   -32     0
2223.98 -1.55e-14  2.44e-14   161   -15     0
2226.64  4.92e-15  2.51e-14   161     4     0
2229.30 -1.42e-14  2.48e-14   161   -13     0
2231.97 -4.03e-15  2.27e-14   161    -4     0
2234.63  3.52e-15  2.24e-14   161     3     0
2237.29  1.30e-14  2.36e-14   161    13     0
2239.96  9.07e-15  2.30e-14   161     9     0
2242.62 -4.24e-15  2.26e-14   161    -4     0
2245.28 -8.25e-15  2.26e-14   161    -8     0
2247.94  1.46e-14  2.25e-14   161    15     0
2250.61 -1.27e-14  2.10e-14   161   -13     0
2253.27 -9.26e-15  2.06e-14   161   -10     0
2255.93  1.76e-14  2.07e-14   161    19     0
2258.59 -1.60e-14  2.01e-14   161   -17     0
2261.26  1.88e-14  2.06e-14   160    20     0
2263.92 -3.14e-17  1.99e-14   160     0     0
2266.58  1.34e-14  1.93e-14   160    15     0
2269.25  2.00e-14  1.91e-14   160    22     0
2271.91 -9.81e-15  1.88e-14   160   -11     0
2274.57 -2.25e-14  1.84e-14   160   -25     0
2277.23 -9.94e-15  1.70e-14   160   -12     0
2279.90  9.55e-15  1.67e-14   160    11     0
2282.56 -1.45e-14  1.70e-14   160   -17     0
2285.22 -2.05e-15  1.67e-14   160    -2     0
2287.89  2.53e-14  1.70e-14   160    30     0
2290.55 -1.41e-14  1.61e-14   160   -17     0
2293.21 -1.19e-14  1.59e-14   160   -14     0
2295.87 -2.64e-14  1.51e-14   160   -34     0
2298.54  2.22e-14  1.53e-14   160    28     0
2301.20  1.15e-14  1.54e-14   160    14     0
2303.86 -3.91e-15  1.50e-14   160    -4     0
2306.53  8.72e-15  1.50e-14   160    11     0
2309.19  4.61e-14  1.56e-14   160    59     0
2311.85 -1.84e-15  1.36e-14   160    -2     0
2314.51  2.29e-15  1.33e-14   160     3     0
2317.18 -1.15e-14  1.35e-14   160   -15     0
2319.84  4.08e-16  1.32e-14   160     0     0
2322.50 -8.61e-15  1.30e-14   160   -11     0
2325.16  2.94e-15  1.24e-14   160     4     0
2327.83  1.16e-14  1.22e-14   160    17     0
2330.49 -4.42e-15  1.18e-14   160    -6     0
2333.15  1.77e-14  1.17e-14   160    26     0
2335.82  1.69e-14  1.37e-14   160    26     0
2338.48  1.87e-14  1.18e-14   160    29     0
2341.14  2.33e-15  1.09e-14   160     3     0
2343.80  2.00e-14  1.10e-14   160    31     0
2346.47  1.60e-14  1.10e-14   160    25     0
2349.13  2.30e-14  1.07e-14   160    37     0
2351.79  3.09e-15  1.02e-14   160     5     0
2354.46 -1.67e-15  9.98e-15   160    -2     0
2357.12  2.19e-14  9.90e-15   160    37     0
2359.78  1.39e-14  9.52e-15   160    24     0
2362.44  1.25e-14  9.59e-15   160    21     0
2365.11  2.65e-14  1.39e-14   160    45     0
2367.77  6.02e-15  9.22e-15   160    10     0
2370.43  1.23e-14  9.03e-15   160    21     0
2373.09  2.47e-14  9.20e-15   160    44     0
2375.76  1.07e-14  8.43e-15   160    19     0
2378.42  9.76e-15  8.27e-15   160    18     0
2381.08  1.23e-14  8.40e-15   160    22     0
2383.75  3.24e-14  1.32e-14   160    60     0
2386.41  3.87e-14  1.29e-14   160    73     0
2389.07  2.80e-14  8.49e-15   160    53     0
2391.73  1.94e-15  7.62e-15   160     3     0
2394.40  4.21e-14  1.22e-14   160    82     0
2397.06  1.87e-14  7.87e-15   160    36     0
2399.72  1.65e-14  7.69e-15   160    32     0
2402.39  1.42e-14  8.36e-15   160    28     0
2405.05  1.26e-14  7.66e-15   160    25     0
2407.71  3.09e-14  9.80e-15   160    62     0
2410.37  9.53e-15  8.87e-15   160    20     0
2413.04  9.01e-15  7.07e-15   160    19     0
2415.70  8.91e-15  8.03e-15   159    19     0
2418.36  1.06e-15  6.34e-15   159     2     0
2421.03  5.17e-15  7.81e-15   159    11     0
2423.69  5.16e-15  6.29e-15   159    11     0
2426.35  1.45e-14  6.40e-15   159    32     0
2429.01  1.40e-14  6.27e-15   159    31     0
2431.68  1.35e-14  7.65e-15   159    29     0
2434.34  1.26e-14  6.39e-15   159    28     0
2437.00  1.14e-14  6.30e-15   159    25     0
2439.67  5.00e-15  6.07e-15   159    11     0
2442.33  2.10e-14  7.50e-15   159    48     0
2444.99  1.17e-14  5.81e-15   159    27     0
2447.65  1.83e-14  6.04e-15   159    42     0
2450.32  6.71e-15  5.58e-15   159    15     0
2452.98  1.52e-14  6.04e-15   159    36     0
2455.64  3.05e-15  6.18e-15   159     7     0
2458.30  8.96e-15  5.28e-15   159    22     0
2460.97  1.29e-14  6.07e-15   159    32     0
2463.63  1.61e-14  6.17e-15   159    40     0
2466.29  1.60e-14  8.07e-15   159    40     0
2468.96  7.80e-16  6.83e-15   159     2     0
2471.62  6.34e-15  5.42e-15   159    16     0
2474.28  9.92e-15  5.97e-15   159    26     0
2476.94  2.04e-14  8.69e-15   159    54     0
2479.61  1.52e-14  6.40e-15   159    41     0
2482.27  2.24e-14  5.42e-15   159    61     0
2484.93  1.73e-14  4.98e-15   159    47     0
2487.60  1.27e-14  5.16e-15   159    34     0
2490.26  1.66e-14  5.23e-15   159    46     0
2492.92  1.48e-14  4.85e-15   159    41     0
2495.58  1.05e-14  4.89e-15   159    28     0
2498.25 -7.67e-15  5.92e-15   159   -21     0
2500.91  1.21e-15  5.72e-15   159     3     0
2503.57  9.02e-15  4.59e-15   159    25     0
2506.24  1.89e-14  6.31e-15   159    52     0
2508.90  2.34e-14  7.31e-15   159    64     0
2511.56  5.29e-15  4.91e-15   159    15     0
2514.22  1.67e-14  7.16e-15   159    48     0
2516.89  1.93e-14  6.72e-15   159    53     0
2519.55  9.76e-15  7.17e-15   159    27     0
2522.21  1.07e-14  5.87e-15   159    31     0
2524.87  5.43e-15  4.65e-15   159    16     0
2527.54  1.40e-14  4.26e-15   159    41     0
2530.20  4.74e-15  5.68e-15   159    13     0
2532.86  2.07e-15  5.29e-15   159     6     0
2535.53  1.58e-14  5.23e-15   159    47     0
2538.19  1.91e-14  7.40e-15   159    58     0
2540.85  1.38e-14  5.83e-15   159    42     0
2543.51  1.66e-14  4.64e-15   159    51     0
2546.18  1.03e-14  4.17e-15   159    32     0
2548.84  1.66e-14  4.85e-15   159    53     0
2551.50  1.50e-14  3.83e-15   159    47     0
2554.17 -2.80e-15  4.77e-15   159    -9     0
2556.83  3.20e-15  5.69e-15   159    10     0
2559.49  9.42e-15  4.70e-15   158    31     0
2562.15  1.35e-14  3.68e-15   158    45     0
2564.82  2.58e-15  6.46e-15   158     8     0
2567.48  1.89e-14  6.72e-15   158    64     0
2570.14  1.70e-14  5.76e-15   158    58     0
2572.80  5.47e-15  3.38e-15   158    18     0
2575.47  6.55e-15  3.78e-15   158    22     0
2578.13  9.76e-15  5.13e-15   158    32     0
2580.79  1.39e-14  4.43e-15   158    46     0
2583.46  2.23e-14  6.94e-15   158    74     0
2586.12  2.27e-14  7.27e-15   158    77     0
2588.78  2.73e-14  6.47e-15   158    93     0
2591.44  1.04e-14  5.70e-15   158    35     0
2594.11  1.54e-14  6.26e-15   158    53     0
2596.77  2.60e-14  7.28e-15   158    92     0
2599.43  3.47e-14  1.33e-14   158   124     0
2602.10  4.47e-14  1.34e-14   158   161     0
2604.76  2.47e-14  7.85e-15   158    89     0
2607.42  2.43e-14  7.56e-15   158    89     0
2610.08  3.42e-14  8.00e-15   158   123     0
2612.75  4.07e-14  1.09e-14   158   147     0
2615.41  3.35e-14  1.11e-14   158   125     0
2618.07  3.73e-14  1.04e-14   158   140     0
2620.74  4.82e-14  1.32e-14   158   182     0
2623.40  5.55e-14  1.36e-14   158   210     0
2626.06  4.02e-14  1.48e-14   158   150     0
2628.72  5.66e-14  1.63e-14   158   213     0
2631.39  4.20e-14  1.27e-14   158   162     0
2634.05  3.50e-14  1.11e-14   157   135     0
2636.71  2.24e-14  7.24e-15   157    85     0
2639.37  2.08e-14  4.02e-15   157    79     0
2642.04  6.99e-15  5.08e-15   157    26     0
2644.70  1.20e-14  3.18e-15   157    46     0
2647.36  2.18e-15  4.76e-15   157     8     0
2650.03  6.54e-15  3.34e-15   157    25     0
2652.69  1.34e-14  3.55e-15   157    52     0
2655.35  3.18e-15  3.15e-15   157    12     0
2658.01  1.13e-14  5.01e-15   157    44     0
2660.68  1.12e-14  2.95e-15   157    44     0
2663.34  3.78e-15  2.83e-15   157    15     0
2666.00  8.45e-15  2.90e-15   157    33     0
2668.67  1.83e-14  3.13e-15   157    73     0
2671.33  1.40e-14  5.13e-15   157    56     0
2673.99  8.87e-15  4.59e-15   157    35     0
2676.65  6.63e-15  3.87e-15   157    26     0
2679.32  3.14e-15  2.74e-15   157    12     0
2681.98  3.80e-15  2.76e-15   157    15     0
2684.64  8.39e-15  3.87e-15   157    34     0
2687.31  1.04e-14  2.97e-15   157    43     0
2689.97  7.31e-15  3.61e-15   156    30     0
2692.63  9.01e-15  3.26e-15   156    37     0
2695.29  7.97e-15  3.82e-15   156    32     0
2697.96  7.53e-15  2.92e-15   156    31     0
2700.62  4.76e-15  4.35e-15   156    19     0
2703.28  7.81e-15  2.90e-15   156    32     0
2705.94  7.58e-15  4.39e-15   156    31     0
2708.61  1.24e-14  5.17e-15   156    50     0
2711.27  8.81e-15  4.57e-15   156    35     0
2713.93  1.22e-14  4.60e-15   156    48     0
2716.60  1.57e-14  5.22e-15   156    63     0
2719.26  2.01e-14  4.19e-15   156    81     0
2721.92  1.17e-14  3.12e-15   156    46     0
2724.58  1.96e-14  6.51e-15   156    78     0
2727.25  2.20e-14  7.88e-15   156    92     0
2729.91  1.47e-14  4.34e-15   156    61     0
2732.57  2.57e-14  7.56e-15   156   107     0
2735.24  2.71e-14  8.26e-15   156   111     0
2737.90  2.58e-14  7.64e-15   156   106     0
2740.56  2.24e-14  7.32e-15   155    93     0
2743.22  2.60e-14  6.51e-15   155   108     0
2745.89  2.99e-14  8.89e-15   155   125     0
2748.55  3.23e-14  8.34e-15   155   135     0
2751.21  2.45e-14  8.76e-15   155   102     0
2753.88  2.22e-14  7.00e-15   155    92     0
2756.54  2.33e-14  6.97e-15   155    97     0
2759.20  2.49e-14  8.07e-15   155   103     0
2761.86  2.06e-14  7.02e-15   155    85     0
2764.53  1.32e-14  5.59e-15   155    54     0
2767.19  1.88e-14  5.39e-15   155    79     0
2769.85  1.62e-14  4.96e-15   155    68     0
2772.51  1.56e-14  4.10e-15   155    64     0
2775.18  1.41e-14  2.98e-15   155    59     0
2777.84  1.30e-14  3.92e-15   155    54     0
2780.50  1.21e-14  2.94e-15   155    51     0
2783.17  1.03e-14  3.00e-15   155    43     0
2785.83  1.52e-14  4.45e-15   155    62     0
2788.49  2.57e-14  7.43e-15   154   104     0
2791.15  4.86e-14  1.33e-14   154   200     0
2793.82  1.15e-13  3.10e-14   154   471     0
2796.48  2.38e-13  6.61e-14   154   964     0
2799.14  2.90e-13  8.44e-14   154  1179     0
2801.81  2.15e-13  6.28e-14   154   881     0
2804.47  2.11e-13  6.06e-14   154   869     0
2807.13  1.94e-13  5.84e-14   154   760     0
2809.79  7.16e-14  2.29e-14   154   282     0
2812.46  1.53e-14  4.84e-15   154    62     0
2815.12  1.13e-14  3.19e-15   154    46     0
2817.78  1.06e-14  3.53e-15   154    43     0
2820.45  1.38e-14  3.76e-15   154    55     0
2823.11  1.23e-14  4.06e-15   154    49     0
2825.77  1.26e-14  4.01e-15   154    50     0
2828.43  1.52e-14  5.76e-15   154    61     0
2831.10  4.75e-15  4.54e-15   154    19     0
2833.76  9.42e-15  3.20e-15   154    38     0
2836.42  1.24e-14  4.11e-15   153    50     0
2839.08  1.44e-14  4.38e-15   153    58     0
2841.75  1.53e-14  4.30e-15   153    61     0
2844.41  1.60e-14  5.17e-15   153    64     0
2847.07  1.45e-14  6.17e-15   153    59     0
2849.74  1.39e-14  6.54e-15   153    56 -4096
2852.40  1.60e-14  6.13e-15   153    63 -4096
2855.06  2.01e-14  7.43e-15   153    81     0
2857.72  1.34e-14  5.28e-15   153    54     0
2860.39  1.46e-14  4.41e-15   153    57     0
2863.05  1.57e-14  5.34e-15   153    61     0
2865.71  1.48e-14  4.75e-15   153    58     0
2868.38  1.64e-14  4.90e-15   153    64     0
2871.04  1.70e-14  6.15e-15   153    67     0
2873.70  1.16e-14  5.00e-15   153    45     0
2876.36  1.50e-14  5.10e-15   153    57     0
2879.03  1.66e-14  5.74e-15   153    64     0
2881.69  2.17e-14  5.73e-15   153    83     0
2884.35  2.18e-14  5.40e-15   152    83     0
2887.02  1.15e-14  3.66e-15   152    44     0
2889.68  1.15e-14  3.33e-15   152    44     0
2892.34  1.04e-14  3.31e-15   152    40     0
2895.00  8.25e-15  3.35e-15   152    31     0
2897.67  8.06e-15  4.43e-15   152    31     0
2900.33  1.22e-14  5.60e-15   152    46     0
2902.99  1.17e-14  4.74e-15   152    44     0
2905.65  8.06e-15  3.39e-15   152    30     0
2908.32  8.68e-15  3.41e-15   152    32     0
2910.98  1.10e-14  3.87e-15   152    41     0
2913.64  1.35e-14  3.57e-15   152    50     0
2916.31  1.07e-14  3.67e-15   152    40     0
2918.97  1.78e-14  4.14e-15   152    66     0
2921.63  2.17e-14  4.40e-15   152    77     0
2924.29  1.81e-14  5.14e-15   152    64     0
2926.96  2.24e-14  7.08e-15   152    80     0
2929.62  3.04e-14  8.54e-15   152   108     0
2932.28  2.78e-14  8.08e-15   151    97     0
2934.95  1.97e-14  6.54e-15   151    68     0
2937.61  1.76e-14  5.86e-15   151    61     0
2940.27  1.33e-14  3.83e-15   151    46     0
2942.93  1.27e-14  4.92e-15   151    43     0
2945.60  2.07e-14  6.29e-15   151    69     0
2948.26  2.05e-14  6.73e-15   151    68     0
2950.92  2.62e-14  6.27e-15   151    88     0
2953.59  2.16e-14  6.73e-15   151    72     0
2956.25  2.52e-14  6.80e-15   151    83     0
2958.91  2.54e-14  5.51e-15   151    84     0
2961.57  2.22e-14  5.41e-15   151    71     0
2964.24  2.09e-14  5.13e-15   151    66     0
2966.90  2.24e-14  6.56e-15   151    71     0
2969.56  2.53e-14  6.30e-15   151    79     0
2972.22  2.29e-14  7.56e-15   151    71     0
2974.89  2.06e-14  5.94e-15   151    63     0
2977.55  1.76e-14  4.56e-15   151    52     0
2980.21  1.20e-14  4.50e-15   151    36     0
2982.88  1.45e-14  6.27e-15   151    43     0
2985.54  2.06e-14  7.60e-15   150    60     0
2988.20  2.29e-14  7.91e-15   150    66     0
2990.86  2.01e-14  5.77e-15   150    57     0
2993.53  1.77e-14  6.07e-15   150    50     0
2996.19  2.12e-14  7.10e-15   150    58     0
2998.85  1.94e-14  4.72e-15   150    52     0
3001.52  2.54e-14  4.72e-15   150    70     0
3004.18  1.92e-14  4.65e-15   150    52     0
3006.84  1.47e-14  4.67e-15   150    39     0
3009.50  1.93e-14  7.12e-15   150    51     0
3012.17  2.46e-14  6.77e-15   150    64     0
3014.83  1.88e-14  4.93e-15   150    48     0
3017.49  1.13e-14  5.10e-15   150    28     0
3020.16  1.44e-14  4.99e-15   150    35     0
3022.82  2.17e-14  5.15e-15   150    53     0
3025.48  1.80e-14  5.19e-15   150    43     0
3028.14  1.86e-14  5.54e-15   150    44     0
3030.81  2.94e-14  9.71e-15   149    69     0
3033.47  2.48e-14  6.55e-15   149    58     0
3036.13  1.86e-14  5.91e-15   149    42     0
3038.79  2.04e-14  5.48e-15   149    46     0
3041.46  2.62e-14  5.64e-15   149    58     0
3044.12  2.28e-14  5.66e-15   149    49     0
3046.78  1.69e-14  5.65e-15   149    36     0
3049.45  1.91e-14  5.73e-15   149    40     0
3052.11  2.72e-14  7.37e-15   149    57     0
3054.77  2.18e-14  6.40e-15   149    44     0
3057.43  2.29e-14  6.81e-15   149    44 -4096
3060.10  2.54e-14  6.88e-15   149    49 -4096
3062.76  3.06e-14  7.99e-15   149    58     0
3065.42  2.79e-14  7.02e-15   149    52     0
3068.09  2.98e-14  7.08e-15   149    54     0
3070.75  2.51e-14  6.65e-15   148    46     0
3073.41  2.01e-14  6.64e-15   148    36     0
3076.07  8.83e-15  6.52e-15   148    15     0
3078.74  1.99e-14  6.77e-15   148    34     0
3081.40  2.54e-14  6.86e-15   148    43     0
3084.06  1.78e-14  6.84e-15   148    29     0
3086.73  2.36e-14  7.10e-15   148    38     0
3089.39  2.94e-14  8.42e-15   148    47     0
3092.05  3.21e-14  7.37e-15   148    50     0
3094.71  2.31e-14  7.41e-15   148    35     0
3097.38  3.24e-14  7.68e-15   148    48     0
3100.04  2.69e-14  7.65e-15   148    39     0
3102.70  2.96e-14  7.79e-15   147    43     0
3105.36  2.83e-14  7.87e-15   147    40     0
3108.03  3.72e-14  8.06e-15   147    52     0
3110.69  3.59e-14  9.21e-15   147    50     0
3113.35  3.16e-14  9.54e-15   147    43     0
3116.02  3.24e-14  1.03e-14   147    43     0
3118.68  1.84e-14  9.66e-15   147    23     0
3121.34  3.66e-14  1.07e-14   147    47     0
3124.00  2.13e-14  9.63e-15   147    26     0
3126.67  1.49e-14  8.65e-15   147    18     0
3129.33  1.79e-14  8.46e-15   146    21     0
3131.99  9.03e-15  8.40e-15   146    10     0
3134.66  1.65e-14  8.58e-15   146    19     0
3137.32  3.46e-15  8.51e-15   146     4     0
3139.98  1.71e-15  8.60e-15   146     1     0
3142.64  1.23e-14  9.02e-15   146    13     0
3145.31  2.78e-14  9.35e-15   146    29     0
3147.97  1.98e-14  9.37e-15   145    20     0
3150.63  2.89e-14  9.35e-15   145    30     0
3153.30  2.01e-14  9.34e-15   145    20     0
3155.96  7.73e-15  1.12e-14   145     7     0
3158.62  2.49e-14  1.01e-14   145    24     0
3161.28  3.56e-14  1.00e-14   145    34     0
3163.95  2.99e-14  9.98e-15   145    28     0
3166.61  2.51e-14  1.01e-14   144    22     0
3169.27  1.09e-14  1.00e-14   144     9     0
3171.93  1.96e-14  1.04e-14   144    16     0
3174.60  3.16e-14  1.07e-14   144    26     0
3177.26  4.01e-14  1.06e-14   144    34     0
3179.92  3.64e-14  1.13e-14   144    30     0
3182.59  4.89e-14  1.19e-14   143    39     0
3185.25  5.49e-14  1.30e-14   143    44     0
3187.91  3.22e-14  1.12e-14   143    25     0
3190.57  2.77e-14  1.22e-14   143    20     0
3193.24  3.75e-14  1.16e-14   143    27     0
3195.90  3.27e-14  1.12e-14   142    23     0
3198.56  5.40e-14  1.53e-14   142    38     0
3201.23  5.62e-14  1.68e-14   142    39     0
3203.89  5.77e-14  1.37e-14   142    39     0
3206.55  6.69e-14  1.30e-14   142    40     0
3209.21  4.93e-14  1.28e-14   141    29     0
3211.88  3.52e-14  1.20e-14   141    21     0
3214.54  2.12e-14  1.19e-14   141    12     0
3217.20  2.18e-14  1.26e-14   141    12     0
3219.87  3.34e-14  1.27e-14   140    18     0
3222.53  3.85e-14  1.41e-14   140    21     0
3225.19  2.35e-14  1.36e-14   140    12     0
3227.85  7.43e-15  1.24e-14   139     3     0
3230.52 -1.30e-15  1.73e-14   139     0     0
3233.18  7.96e-15  1.89e-14   139     4     0
3235.84  2.11e-14  1.51e-14   139    10     0
3238.50  3.63e-14  1.36e-14   138    16     0
3241.17  5.00e-14  1.70e-14   138    22     0
3243.83  6.46e-14  1.67e-14   138    28     0
3246.49  4.94e-14  1.50e-14   137    22     0
3249.16  4.57e-14  1.52e-14   137    19     0
3251.82  4.20e-14  1.59e-14   137    18     0
3254.48  1.42e-14  1.58e-14   136     5     0
3257.14  4.80e-15  1.74e-14   136     1     0
3259.81  2.59e-14  2.10e-14   136    10     0
3262.47  2.76e-14  1.54e-14   135    11 -4096
3265.13  2.37e-14  1.46e-14   135     9 -4096
3267.80 -1.19e-14  1.96e-14   134    -4 -4096
3270.46  5.95e-14  2.29e-14   134    21 -4096
3273.12  5.34e-14  1.50e-14   134    19     0
3275.78  4.30e-14  1.46e-14   133    14     0
3278.45  2.93e-14  1.48e-14   133     9     0
3281.11  3.19e-15  1.45e-14   132     1     0
3283.77  5.11e-15  1.48e-14   132     1     0
3286.44  4.09e-14  2.33e-14   131    12     0
3289.10  6.19e-14  2.81e-14   131    18     0
3291.76  5.83e-14  2.46e-14   131    16     0
3294.42  7.56e-14  2.16e-14   130    20     0
3297.09  8.55e-14  1.70e-14   130    24     0
3299.75  9.44e-14  2.06e-14   129    25     0
3302.41  7.68e-14  1.87e-14   129    20     0
3305.07  4.01e-14  2.51e-14   128    10     0
3307.74 -8.60e-15  1.93e-14   127    -2     0
3310.40 -7.27e-15  1.96e-14   127    -1     0
3313.06 -1.34e-14  2.03e-14   126    -3     0
3315.73 -3.09e-14  2.31e-14   126    -6     0
3318.39 -6.62e-14  2.42e-14   125   -13     0
3321.05 -3.25e-14  2.72e-14   125    -5     0
3323.71 -4.19e-14  2.74e-14   124    -7     0
3326.38  5.79e-15  2.72e-14   123     1     0
3329.04  1.81e-16  3.34e-14   123     0     0
3331.70 -2.97e-14  2.88e-14   122    -4     0
3334.37 -4.34e-14  3.06e-14   121    -6     0
3337.03  2.60e-14  3.61e-14   121     4     0
3339.69  6.53e-14  4.96e-14   120    10     0
3342.35  1.05e-13  3.25e-14   119    15     0
3345.02  8.11e-14  3.44e-14   119    11     0
3347.68  4.46e-14  3.56e-14   118     6     0
