NOT ORIGINAL IUE PROJECT DATA PRODUCT
LWP23884LOWLARGE
HD  197481
20:42:04
-31:31:05
48
NO-TRAIL
X-OFFSETS
1199.063
09/09/92
10:54:34
253
9.17
25/05/96
GSFC
2448874.95456
60
32
1851.19  1.33e-12  9.78e-13   126   114     0
1853.85  1.38e-12  9.13e-13   126   126     0
1856.51  1.44e-12  1.34e-12   127    88     0
1859.17 -8.29e-14  1.23e-12   127    -5     0
1861.84 -7.05e-14  6.88e-13   128    -8     0
1864.50  4.97e-13  6.35e-13   128    62     0
1867.16  6.34e-14  4.69e-13   129    10     0
1869.83  4.39e-13  4.42e-13   129    78     0
1872.49  2.68e-13  3.91e-13   130    53     0
1875.15 -2.68e-14  3.34e-13   130    -6     0
1877.81 -6.12e-13  3.51e-13   131  -149     0
1880.48  4.94e-15  3.30e-13   131     1     0
1883.14  4.50e-14  3.12e-13   132    10     0
1885.80 -7.54e-13  6.55e-13   132  -201     0
1888.47  1.66e-13  2.68e-13   133    46     0
1891.13  2.37e-13  2.60e-13   133    67     0
1893.79  4.02e-13  2.52e-13   134   119     0
1896.45  5.71e-14  2.23e-13   134    18     0
1899.12 -4.08e-13  2.57e-13   135  -137     0
1901.78  2.70e-13  2.28e-13   135    85     0
1904.44  3.47e-13  2.22e-13   136   113     0
1907.11 -8.48e-14  2.05e-13   136   -28     0
1909.77  3.24e-13  2.03e-13   137   113     0
1912.43  7.39e-14  1.90e-13   137    28     0
1915.09  6.76e-14  1.91e-13   138    26     0
1917.76  1.75e-14  1.89e-13   138     6 -4096
1920.42  5.01e-14  1.59e-13   139    22     0
1923.08 -7.53e-13  6.63e-13   139  -352     0
1925.74  1.42e-13  1.61e-13   140    58     0
1928.41  2.81e-13  1.58e-13   140   120     0
1931.07  6.73e-14  1.88e-13   140    31     0
1933.73 -3.58e-14  1.52e-13   141   -17     0
1936.40 -1.31e-13  1.34e-13   141   -62     0
1939.06  9.01e-14  1.31e-13   142    44     0
1941.72  1.01e-13  1.24e-13   142    52     0
1944.38  1.33e-13  1.20e-13   143    70     0
1947.05  5.70e-14  1.12e-13   143    31     0
1949.71 -4.65e-15  1.07e-13   144    -2     0
1952.37  8.05e-14  1.12e-13   144    44     0
1955.04  1.33e-13  1.09e-13   144    75     0
1957.70  2.31e-14  1.03e-13   145    13     0
1960.36  3.43e-14  9.97e-14   145    20     0
1963.02  1.03e-13  9.76e-14   146    63     0
1965.69 -2.33e-15  8.87e-14   146    -1     0
1968.35 -1.64e-13  1.68e-13   146  -110     0
1971.01  1.39e-13  9.06e-14   147    90     0
1973.68  1.36e-13  8.79e-14   147    91     0
1976.34  4.75e-14  7.65e-14   148    35     0
1979.00 -6.01e-14  7.34e-14   148   -45     0
1981.66  1.30e-13  7.74e-14   148    95     0
1984.33  3.30e-14  7.34e-14   149    24     0
1986.99 -2.72e-15  6.90e-14   149    -2     0
1989.65  2.17e-14  6.73e-14   150    17     0
1992.31  1.85e-14  6.79e-14   150    14     0
1994.98  2.83e-14  6.63e-14   150    22     0
1997.64 -2.52e-14  6.31e-14   151   -21     0
2000.30  9.21e-14  6.49e-14   151    76     0
2002.97 -1.04e-14  6.19e-14   151    -8     0
2005.63  9.81e-14  6.13e-14   152    85     0
2008.29  2.13e-14  5.87e-14   152    18     0
2010.95 -6.66e-14  6.20e-14   153   -54     0
2013.62  1.37e-13  6.32e-14   153   113     0
2016.28  2.42e-14  5.35e-14   153    22     0
2018.94 -2.64e-14  5.26e-14   154   -24     0
2021.61  3.21e-14  5.67e-14   154    27     0
2024.27  1.60e-14  5.57e-14   154    14     0
2026.93  4.10e-15  5.32e-14   155     3     0
2029.59  1.34e-13  5.51e-14   155   121     0
2032.26 -7.23e-14  5.27e-14   155   -65     0
2034.92  7.67e-14  5.33e-14   156    69     0
2037.58  6.84e-15  5.14e-14   156     6     0
2040.25 -9.14e-15  5.18e-14   156    -8     0
2042.91  3.49e-14  5.18e-14   157    31     0
2045.57 -6.71e-14  5.26e-14   157   -57     0
2048.23  3.93e-14  5.26e-14   157    34     0
2050.90 -1.28e-14  4.99e-14   158   -11     0
2053.56  2.64e-14  4.96e-14   158    23     0
2056.22  6.00e-14  4.97e-14   158    54     0
2058.88  5.46e-14  4.89e-14   159    49     0
2061.55 -1.14e-13  1.02e-13   159  -104     0
2064.21 -7.52e-14  8.09e-14   159   -69     0
2066.87  2.80e-14  4.58e-14   160    26     0
2069.54 -2.14e-14  4.49e-14   160   -19     0
2072.20  5.33e-15  4.33e-14   160     5     0
2074.86  1.45e-14  4.28e-14   161    14     0
2077.52  5.64e-14  4.31e-14   161    54     0
2080.19  2.98e-14  4.23e-14   161    28     0
2082.85 -2.14e-14  4.13e-14   161   -20     0
2085.51  7.11e-14  4.27e-14   162    68     0
2088.18 -5.14e-14  4.08e-14   162   -49     0
2090.84  1.08e-14  3.96e-14   162    10     0
2093.50  1.77e-14  3.93e-14   163    17     0
2096.16 -5.53e-15  3.96e-14   163    -5     0
2098.83  1.50e-14  3.95e-14   163    14     0
2101.49  2.85e-14  3.95e-14   163    27     0
2104.15  2.32e-14  3.93e-14   164    22     0
2106.82 -9.51e-15  3.91e-14   164    -9     0
2109.48 -1.04e-14  3.89e-14   164    -9     0
2112.14  3.43e-14  3.90e-14   164    32     0
2114.80 -7.31e-15  3.81e-14   165    -6     0
2117.47  7.60e-14  3.95e-14   165    71     0
2120.13  5.42e-14  3.89e-14   165    52     0
2122.79  2.72e-14  3.89e-14   165    26     0
2125.45  2.17e-15  3.67e-14   166     2     0
2128.12  6.53e-16  3.55e-14   166     0     0
2130.78  1.33e-14  3.55e-14   166    12     0
2133.44  1.65e-14  3.53e-14   166    15     0
2136.11  4.63e-15  3.48e-14   167     4     0
2138.77  2.10e-14  3.48e-14   167    20     0
2141.43  9.93e-15  3.34e-14   167     9     0
2144.09  2.14e-14  3.35e-14   167    21     0
2146.76  2.45e-14  3.30e-14   168    24     0
2149.42  1.94e-14  3.26e-14   168    19     0
2152.08 -2.80e-14  3.31e-14   168   -26     0
2154.75  4.30e-14  3.36e-14   168    41     0
2157.41 -3.16e-14  3.15e-14   168   -31     0
2160.07  1.55e-14  3.21e-14   169    15     0
2162.73 -5.40e-14  3.15e-14   169   -52     0
2165.40 -2.48e-15  3.07e-14   169    -2     0
2168.06 -2.56e-15  3.04e-14   169    -2     0
2170.72  4.06e-14  3.09e-14   169    40     0
2173.39  2.00e-14  3.01e-14   170    19     0
2176.05  8.84e-15  3.04e-14   170     8     0
2178.71  1.45e-14  3.01e-14   170    14     0
2181.37  6.20e-15  3.06e-14   170     5     0
2184.04  1.48e-14  3.04e-14   170    14     0
2186.70  1.68e-13  1.38e-13   171   166     0
2189.36  2.53e-13  1.98e-13   171   250     0
2192.02  2.54e-13  2.90e-13   171   245     0
2194.69  2.64e-14  2.90e-14   171    25     0
2197.35  3.16e-15  2.83e-14   171     3     0
2200.01  1.64e-14  2.84e-14   172    15     0
2202.68  2.22e-14  2.83e-14   172    21     0
2205.34  4.19e-14  2.80e-14   172    40     0
2208.00 -2.94e-14  2.71e-14   172   -28     0
2210.66 -2.20e-14  2.75e-14   172   -21     0
2213.33  2.97e-14  2.76e-14   172    28     0
2215.99  6.70e-15  2.58e-14   172     6     0
2218.65  2.08e-14  2.59e-14   173    20     0
2221.32  7.76e-15  2.55e-14   173     7     0
2223.98  4.59e-15  2.52e-14   173     4     0
2226.64 -4.45e-14  2.60e-14   173   -42     0
2229.30 -3.06e-15  2.57e-14   173    -2     0
2231.97  1.74e-15  2.39e-14   173     1     0
2234.63 -1.97e-14  2.31e-14   173   -20     0
2237.29 -1.52e-14  2.42e-14   174   -15     0
2239.96 -8.30e-15  2.38e-14   174    -8     0
2242.62  1.75e-15  2.34e-14   174     1     0
2245.28 -1.67e-14  2.35e-14   174   -16     0
2247.94  3.15e-14  2.36e-14   174    31     0
2250.61  9.46e-15  2.17e-14   174    10     0
2253.27  1.31e-14  2.14e-14   174    14     0
2255.93  1.96e-15  2.13e-14   174     2     0
2258.59  1.41e-14  2.10e-14   174    15     0
2261.26  1.00e-14  2.14e-14   175    10     0
2263.92  9.43e-15  2.09e-14   175    10     0
2266.58  3.98e-15  1.99e-14   175     4     0
2269.25  1.17e-14  1.96e-14   175    13     0
2271.91 -2.57e-14  1.96e-14   175   -28     0
2274.57  3.73e-15  1.92e-14   175     4     0
2277.23 -2.28e-15  1.77e-14   175    -2     0
2279.90 -3.15e-14  1.73e-14   175   -38     0
2282.56 -2.21e-14  1.78e-14   175   -25     0
2285.22 -3.06e-15  1.75e-14   175    -3     0
2287.89 -1.95e-14  1.72e-14   175   -23     0
2290.55 -1.01e-14  1.68e-14   175   -12     0
2293.21  8.79e-15  1.66e-14   176    10     0
2295.87  2.73e-14  1.67e-14   176    34     0
2298.54 -3.46e-14  1.55e-14   176   -44     0
2301.20  6.76e-15  1.59e-14   176     8     0
2303.86  1.55e-14  1.58e-14   176    19     0
2306.53  3.98e-15  1.57e-14   176     4     0
2309.19 -9.51e-15  1.53e-14   176   -11     0
2311.85 -7.02e-15  1.42e-14   176    -9     0
2314.51  9.91e-15  1.41e-14   176    13     0
2317.18  1.49e-14  1.43e-14   176    19     0
2319.84 -1.61e-14  1.38e-14   176   -21     0
2322.50  1.51e-14  1.40e-14   176    20     0
2325.16  2.89e-14  1.35e-14   176    41     0
2327.83  7.85e-15  1.27e-14   176    11     0
2330.49  2.60e-15  1.23e-14   176     3     0
2333.15  4.93e-15  1.20e-14   176     7     0
2335.82  7.50e-15  1.17e-14   176    11     0
2338.48  1.04e-14  1.15e-14   176    16     0
2341.14  2.70e-15  1.14e-14   176     4     0
2343.80  1.00e-14  1.12e-14   176    15     0
2346.47  1.30e-14  1.13e-14   176    20     0
2349.13  6.54e-15  1.09e-14   176    10     0
2351.79  1.83e-14  1.11e-14   176    28     0
2354.46 -9.18e-16  1.09e-14   176    -1     0
2357.12  2.64e-16  1.02e-14   176     0     0
2359.78  1.47e-14  1.01e-14   176    24     0
2362.44  5.56e-15  1.18e-14   176     9     0
2365.11 -3.68e-15  9.91e-15   176    -6     0
2367.77  1.42e-14  9.94e-15   176    23     0
2370.43  7.70e-15  9.68e-15   176    13     0
2373.09 -2.83e-15  9.20e-15   176    -4     0
2375.76  2.47e-14  9.12e-15   176    45     0
2378.42  1.62e-14  1.17e-14   176    30     0
2381.08  3.40e-14  1.23e-14   176    61     0
2383.75  2.52e-14  9.14e-15   176    46     0
2386.41  1.27e-14  8.60e-15   176    23     0
2389.07  2.12e-14  8.63e-15   176    39     0
2391.73  2.06e-14  8.41e-15   176    39     0
2394.40  3.59e-14  8.62e-15   176    69     0
2397.06  2.18e-14  8.23e-15   176    42     0
2399.72  1.58e-14  7.94e-15   176    30     0
2402.39  5.82e-15  9.53e-15   176    11     0
2405.05  2.42e-14  1.00e-14   176    47     0
2407.71  3.45e-14  9.58e-15   176    67     0
2410.37  1.84e-14  1.08e-14   176    38     0
2413.04  5.69e-15  7.43e-15   175    11     0
2415.70 -9.28e-17  6.77e-15   175     0     0
2418.36  9.42e-16  6.66e-15   175     2     0
2421.03  2.22e-15  6.66e-15   175     4     0
2423.69  1.05e-16  7.13e-15   175     0     0
2426.35  2.57e-15  7.01e-15   175     5     0
2429.01  7.21e-15  6.41e-15   175    15     0
2431.68  6.08e-15  6.73e-15   175    13     0
2434.34  3.39e-15  6.39e-15   175     7     0
2437.00  1.01e-14  6.43e-15   175    22     0
2439.67  1.41e-14  6.50e-15   175    31     0
2442.33  1.26e-14  6.22e-15   175    28     0
2444.99 -4.65e-15  5.92e-15   175   -10     0
2447.65  2.12e-15  5.93e-15   174     4     0
2450.32  2.81e-15  5.81e-15   174     6     0
2452.98 -2.28e-15  5.96e-15   174    -5     0
2455.64 -2.42e-15  5.48e-15   174    -5     0
2458.30  3.10e-15  5.41e-15   174     7     0
2460.97 -1.27e-15  5.38e-15   174    -3     0
2463.63  8.33e-15  5.45e-15   174    20     0
2466.29  8.55e-15  5.49e-15   174    21     0
2468.96  1.51e-14  7.70e-15   174    37     0
2471.62  3.43e-15  5.05e-15   174     8     0
2474.28  1.10e-14  5.14e-15   173    28     0
2476.94  1.81e-14  7.56e-15   173    47     0
2479.61  8.66e-15  4.87e-15   173    23     0
2482.27  2.02e-15  4.75e-15   173     5     0
2484.93  6.07e-15  5.03e-15   173    16     0
2487.60  6.60e-15  5.25e-15   173    17     0
2490.26  8.62e-15  5.36e-15   173    23     0
2492.92  3.52e-15  6.10e-15   173     9     0
2495.58  7.55e-15  4.71e-15   172    20     0
2498.25  3.50e-15  4.61e-15   172     9     0
2500.91  1.34e-14  4.84e-15   172    36     0
2503.57  8.01e-15  4.60e-15   172    21     0
2506.24  9.61e-15  4.66e-15   172    26     0
2508.90  1.24e-14  5.18e-15   172    33     0
2511.56  1.27e-14  5.23e-15   172    36     0
2514.22  3.53e-15  6.06e-15   171    10     0
2516.89  1.55e-14  6.93e-15   171    42     0
2519.55  7.06e-15  5.61e-15   171    19     0
2522.21  5.52e-15  4.56e-15   171    15     0
2524.87  8.74e-15  4.23e-15   171    25     0
2527.54  1.33e-14  4.41e-15   171    38     0
2530.20  6.44e-15  4.18e-15   171    18     0
2532.86  1.25e-14  6.56e-15   170    36     0
2535.53  7.18e-15  4.10e-15   170    21     0
2538.19  1.01e-14  4.14e-15   170    30     0
2540.85  1.82e-14  6.34e-15   170    54     0
2543.51  6.36e-15  3.89e-15   170    19     0
2546.18  5.84e-15  3.97e-15   170    18     0
2548.84  7.91e-15  4.53e-15   169    24     0
2551.50  1.34e-14  4.75e-15   169    41     0
2554.17  4.08e-15  5.70e-15   169    12     0
2556.83  1.53e-14  3.80e-15   169    50     0
2559.49  1.48e-14  4.15e-15   169    49     0
2562.15  1.41e-14  4.47e-15   169    46     0
2564.82  1.37e-14  3.76e-15   168    44     0
2567.48  8.86e-15  4.15e-15   168    29     0
2570.14  8.76e-15  4.79e-15   168    29     0
2572.80  9.77e-15  4.63e-15   168    32     0
2575.47  5.83e-15  3.53e-15   168    19     0
2578.13  1.28e-14  6.11e-15   168    42     0
2580.79  1.31e-14  4.89e-15   167    42     0
2583.46  1.03e-14  5.95e-15   167    33     0
2586.12  2.63e-14  7.61e-15   167    88     0
2588.78  2.22e-14  6.01e-15   167    74     0
2591.44  1.50e-14  5.69e-15   167    49     0
2594.11  2.19e-14  4.91e-15   167    73     0
2596.77  3.48e-14  8.67e-15   166   121     0
2599.43  4.21e-14  1.03e-14   166   147     0
2602.10  4.23e-14  1.13e-14   166   149     0
2604.76  2.43e-14  6.68e-15   166    86     0
2607.42  2.93e-14  7.84e-15   166   105     0
2610.08  2.74e-14  9.17e-15   165    96     0
2612.75  3.87e-14  1.08e-14   165   136     0
2615.41  3.82e-14  1.03e-14   165   140     0
2618.07  3.24e-14  1.10e-14   165   119     0
2620.74  3.99e-14  1.17e-14   165   148     0
2623.40  4.29e-14  9.47e-15   165   159     0
2626.06  4.46e-14  1.11e-14   164   164     0
2628.72  5.81e-14  1.29e-14   164   214     0
2631.39  4.28e-14  1.18e-14   164   162     0
2634.05  2.86e-14  7.44e-15   164   108     0
2636.71  1.63e-14  5.32e-15   164    61     0
2639.37  6.52e-15  3.28e-15   163    24     0
2642.04  6.65e-15  5.06e-15   163    25     0
2644.70  2.22e-15  3.24e-15   163     8     0
2647.36  6.82e-15  3.11e-15   163    26     0
2650.03  1.13e-14  3.34e-15   163    42     0
2652.69  5.78e-15  3.08e-15   162    22     0
2655.35 -3.67e-15  2.91e-15   162   -13     0
2658.01  6.38e-15  3.30e-15   162    24     0
2660.68  1.42e-14  3.88e-15   162    55     0
2663.34  1.53e-14  4.34e-15   162    60     0
2666.00  1.24e-14  3.68e-15   162    48     0
2668.67  1.04e-14  3.65e-15   161    40     0
2671.33  5.79e-15  4.58e-15   161    22     0
2673.99  8.78e-15  3.46e-15   161    34     0
2676.65  8.57e-15  3.08e-15   161    34     0
2679.32  5.75e-15  3.12e-15   161    23     0
2681.98  7.46e-15  2.90e-15   160    29     0
2684.64  1.37e-14  3.75e-15   160    55     0
2687.31  7.80e-15  3.44e-15   160    31     0
2689.97  8.39e-15  5.21e-15   160    34     0
2692.63  1.50e-14  5.92e-15   160    60     0
2695.29  1.11e-14  3.50e-15   159    44     0
2697.96  7.53e-15  3.36e-15   159    30     0
2700.62  7.25e-15  3.68e-15   159    29     0
2703.28  1.83e-14  3.55e-15   159    73     0
2705.94  1.79e-14  3.31e-15   159    72     0
2708.61  1.78e-14  3.41e-15   159    71     0
2711.27  1.17e-14  3.17e-15   158    45     0
2713.93  1.07e-14  3.30e-15   158    41     0
2716.60  1.73e-14  4.26e-15   158    69     0
2719.26  1.76e-14  5.56e-15   158    70     0
2721.92  2.12e-14  4.70e-15   158    82     0
2724.58  2.21e-14  5.78e-15   158    86     0
2727.25  2.35e-14  5.89e-15   157    97     0
2729.91  2.13e-14  5.95e-15   157    88     0
2732.57  2.80e-14  6.26e-15   157   114     0
2735.24  2.34e-14  5.83e-15   157    94     0
2737.90  2.36e-14  7.25e-15   157    96     0
2740.56  2.46e-14  6.56e-15   156   100     0
2743.22  2.75e-14  7.45e-15   156   112     0
2745.89  3.40e-14  9.22e-15   156   140     0
2748.55  3.23e-14  7.68e-15   156   133     0
2751.21  3.37e-14  7.43e-15   156   138     0
2753.88  2.59e-14  6.86e-15   156   106     0
2756.54  2.93e-14  7.65e-15   156   119     0
2759.20  3.18e-14  7.32e-15   155   129     0
2761.86  1.39e-14  5.96e-15   155    57     0
2764.53  1.55e-14  3.53e-15   155    63     0
2767.19  2.03e-14  6.09e-15   155    84     0
2769.85  1.54e-14  4.78e-15   155    64     0
2772.51  1.71e-14  6.13e-15   155    69     0
2775.18  1.71e-14  3.29e-15   154    70     0
2777.84  2.07e-14  4.91e-15   154    85     0
2780.50  1.94e-14  4.82e-15   154    80     0
2783.17  2.33e-14  4.07e-15   154    95     0
2785.83  2.58e-14  6.20e-15   154   103     0
2788.49  3.26e-14  9.50e-15   154   130     0
2791.15  7.28e-14  1.92e-14   154   296     0
2793.82  1.80e-13  4.77e-14   153   728     0
2796.48  2.87e-13  7.83e-14   153  1146     0
2799.14  2.56e-13  6.85e-14   153  1023     0
2801.81  2.11e-13  5.74e-14   153   852     0
2804.47  2.10e-13  5.58e-14   153   850     0
2807.13  1.29e-13  3.49e-14   153   493     0
2809.79  3.67e-14  9.73e-15   153   141     0
2812.46  9.99e-15  4.14e-15   153    40     0
2815.12  1.21e-14  3.33e-15   152    48     0
2817.78  1.15e-14  3.12e-15   152    45     0
2820.45  1.49e-14  3.21e-15   152    59     0
2823.11  7.88e-15  3.09e-15   152    31     0
2825.77  1.40e-14  4.36e-15   152    55     0
2828.43  1.36e-14  5.05e-15   152    54     0
2831.10  7.33e-15  4.61e-15   152    29     0
2833.76  1.21e-14  3.70e-15   152    48     0
2836.42  9.87e-15  3.11e-15   151    39     0
2839.08  1.25e-14  4.92e-15   151    50     0
2841.75  1.73e-14  5.54e-15   151    68     0
2844.41  1.21e-14  3.48e-15   151    47     0
2847.07  1.74e-14  5.16e-15   151    69 -4096
2849.74  1.91e-14  6.15e-15   151    76 -4096
2852.40  2.41e-14  7.77e-15   151    94 -4096
2855.06  2.28e-14  8.24e-15   151    90     0
2857.72  1.13e-14  4.82e-15   151    44     0
2860.39  1.39e-14  4.26e-15   151    54     0
2863.05  1.50e-14  4.86e-15   151    58     0
2865.71  1.18e-14  4.13e-15   150    45     0
2868.38  1.50e-14  4.42e-15   150    58     0
2871.04  1.27e-14  3.84e-15   150    49     0
2873.70  1.06e-14  3.48e-15   150    41     0
2876.36  1.61e-14  5.45e-15   150    60     0
2879.03  1.95e-14  5.15e-15   150    73     0
2881.69  2.54e-14  6.69e-15   150    96     0
2884.35  1.93e-14  7.25e-15   150    72     0
2887.02  1.42e-14  5.33e-15   150    53     0
2889.68  1.59e-14  3.81e-15   150    60     0
2892.34  1.35e-14  4.67e-15   150    51     0
2895.00  1.69e-14  5.30e-15   150    64     0
2897.67  1.30e-14  4.65e-15   150    49     0
2900.33  1.42e-14  3.86e-15   150    53     0
2902.99  1.63e-14  3.50e-15   150    60     0
2905.65  1.37e-14  3.56e-15   150    50     0
2908.32  1.57e-14  3.84e-15   149    57     0
2910.98  9.94e-15  5.04e-15   149    37     0
2913.64  1.79e-14  4.06e-15   149    66     0
2916.31  1.77e-14  4.67e-15   149    65     0
2918.97  2.02e-14  4.06e-15   149    74     0
2921.63  2.24e-14  6.81e-15   149    79     0
2924.29  2.45e-14  7.47e-15   149    86     0
2926.96  2.71e-14  7.56e-15   149    95     0
2929.62  2.53e-14  6.74e-15   149    88     0
2932.28  2.06e-14  4.99e-15   149    71     0
2934.95  2.57e-14  5.32e-15   149    87     0
2937.61  1.93e-14  5.77e-15   149    66     0
2940.27  2.09e-14  5.95e-15   149    71     0
2942.93  2.09e-14  5.68e-15   149    70     0
2945.60  2.29e-14  6.36e-15   149    75     0
2948.26  2.18e-14  6.61e-15   149    71     0
2950.92  2.75e-14  5.52e-15   149    91     0
2953.59  2.52e-14  6.85e-15   149    83     0
2956.25  2.98e-14  6.28e-15   149    97     0
2958.91  2.61e-14  4.99e-15   149    85     0
2961.57  1.98e-14  6.09e-15   149    63     0
2964.24  1.97e-14  6.05e-15   149    61     0
2966.90  2.55e-14  6.07e-15   149    79     0
2969.56  3.37e-14  9.73e-15   149   103     0
2972.22  2.32e-14  5.85e-15   149    71     0
2974.89  2.72e-14  5.40e-15   149    82     0
2977.55  2.38e-14  5.87e-15   149    69     0
2980.21  2.47e-14  5.69e-15   149    72     0
2982.88  2.62e-14  7.85e-15   149    76     0
2985.54  2.92e-14  6.90e-15   149    84     0
2988.20  1.79e-14  6.34e-15   149    51     0
2990.86  2.03e-14  5.57e-15   149    57     0
2993.53  1.21e-14  4.52e-15   149    33     0
2996.19  2.21e-14  6.36e-15   150    59     0
2998.85  3.22e-14  5.40e-15   150    86     0
3001.52  3.22e-14  4.92e-15   150    88     0
3004.18  2.23e-14  5.03e-15   150    60     0
3006.84  1.97e-14  7.34e-15   150    52     0
3009.50  1.78e-14  7.47e-15   150    46     0
3012.17  1.97e-14  5.04e-15   150    50     0
3014.83  1.58e-14  4.96e-15   150    40     0
3017.49  1.88e-14  5.71e-15   150    47     0
3020.16  2.04e-14  6.24e-15   150    50     0
3022.82  1.74e-14  6.65e-15   150    42     0
3025.48  1.27e-14  5.32e-15   150    30     0
3028.14  1.77e-14  5.34e-15   150    41     0
3030.81  3.03e-14  5.98e-15   150    71     0
3033.47  2.51e-14  7.60e-15   150    57     0
3036.13  2.42e-14  9.74e-15   150    54     0
3038.79  1.88e-14  6.80e-15   150    41     0
3041.46  2.17e-14  5.65e-15   150    47     0
3044.12  2.02e-14  5.72e-15   151    43     0
3046.78  2.61e-14  5.86e-15   151    55     0
3049.45  2.80e-14  5.96e-15   151    58     0
3052.11  2.30e-14  6.40e-15   151    47     0
3054.77  2.47e-14  6.60e-15   151    50     0
3057.43  1.92e-14  7.05e-15   151    37 -4096
3060.10  2.37e-14  7.40e-15   151    45 -4096
3062.76  3.09e-14  9.38e-15   151    58     0
3065.42  1.39e-14  6.38e-15   151    25     0
3068.09  2.77e-14  6.70e-15   151    50     0
3070.75  3.09e-14  8.65e-15   151    56     0
3073.41  3.01e-14  9.91e-15   151    53     0
3076.07  2.43e-14  8.52e-15   152    41     0
3078.74  3.10e-14  1.03e-14   152    52     0
3081.40  2.37e-14  9.05e-15   152    40     0
3084.06  2.21e-14  7.15e-15   152    36     0
3086.73  2.86e-14  7.29e-15   152    46     0
3089.39  2.78e-14  7.39e-15   152    43     0
3092.05  2.92e-14  7.46e-15   152    45     0
3094.71  2.47e-14  7.71e-15   152    37     0
3097.38  3.26e-14  8.08e-15   152    48     0
3100.04  3.77e-14  8.53e-15   152    54     0
3102.70  4.06e-14  8.18e-15   152    58     0
3105.36  3.17e-14  8.12e-15   152    44     0
3108.03  3.43e-14  8.20e-15   153    47     0
3110.69  3.51e-14  8.30e-15   153    48     0
3113.35  2.97e-14  9.93e-15   153    40     0
3116.02  3.12e-14  8.55e-15   153    40     0
3118.68  1.63e-14  8.35e-15   153    20     0
3121.34  2.41e-14  8.52e-15   153    30     0
3124.00  2.89e-14  8.73e-15   153    36     0
3126.67  2.12e-14  8.59e-15   153    26     0
3129.33  3.14e-14  8.82e-15   153    38     0
3131.99  3.46e-14  1.09e-14   153    41     0
3134.66  4.29e-14  9.47e-15   153    50     0
3137.32  4.49e-14  9.32e-15   153    51     0
3139.98  4.64e-14  9.49e-15   154    52     0
3142.64  5.41e-14  9.90e-15   154    58     0
3145.31  4.24e-14  1.06e-14   154    44     0
3147.97  4.34e-14  1.19e-14   154    44     0
3150.63  4.37e-14  1.03e-14   154    45     0
3153.30  3.94e-14  1.00e-14   154    40     0
3155.96  4.83e-14  1.89e-14   154    48     0
3158.62  4.50e-14  1.27e-14   154    44     0
3161.28  3.50e-14  1.26e-14   154    33     0
3163.95  2.01e-14  1.31e-14   154    18     0
3166.61  2.50e-14  1.06e-14   154    22     0
3169.27  2.18e-14  1.04e-14   154    19     0
3171.93  3.97e-14  1.15e-14   154    33     0
3174.60  4.96e-14  1.13e-14   154    41     0
3177.26  5.13e-14  1.11e-14   154    43     0
3179.92  4.99e-14  1.16e-14   154    41     0
3182.59  6.40e-14  1.16e-14   155    51     0
3185.25  7.80e-14  1.18e-14   155    62     0
3187.91  5.61e-14  1.14e-14   155    43     0
3190.57  5.63e-14  1.29e-14   155    41     0
3193.24  5.82e-14  1.20e-14   155    42     0
3195.90  5.50e-14  1.18e-14   155    39     0
3198.56  6.22e-14  1.20e-14   155    44     0
3201.23  5.00e-14  1.18e-14   155    34     0
3203.89  3.54e-14  1.19e-14   155    24     0
3206.55  5.69e-14  1.78e-14   155    34     0
3209.21  8.11e-14  1.92e-14   155    47     0
3211.88  6.56e-14  1.94e-14   155    40     0
3214.54  5.57e-14  1.85e-14   155    33     0
3217.20  6.49e-14  1.37e-14   155    36     0
3219.87  6.99e-14  1.39e-14   155    37     0
3222.53  7.19e-14  1.44e-14   155    39     0
3225.19  4.14e-14  1.30e-14   155    22     0
3227.85  2.97e-14  1.29e-14   154    15     0
3230.52  3.87e-14  1.53e-14   154    20     0
3233.18  2.74e-14  1.67e-14   154    13     0
3235.84  1.39e-14  1.53e-14   154     6     0
3238.50  3.14e-14  1.34e-14   154    14     0
3241.17  2.82e-14  1.45e-14   154    12     0
3243.83  6.92e-14  1.68e-14   154    30     0
3246.49  5.51e-14  1.33e-14   154    24     0
3249.16  5.24e-14  1.46e-14   154    22     0
3251.82  6.58e-14  1.32e-14   154    28     0
3254.48  5.62e-14  1.84e-14   154    23     0
3257.14  8.05e-14  1.46e-14   153    32     0
3259.81  9.66e-14  2.07e-14   153    38 -4096
3262.47  8.78e-14  2.53e-14   153    35 -4096
3265.13  6.47e-14  1.47e-14   153    25 -4096
3267.80  5.42e-14  2.58e-14   153    20 -4096
3270.46  9.37e-14  2.11e-14   153    34     0
3273.12  4.67e-14  1.64e-14   152    16     0
3275.78  2.70e-14  1.48e-14   152     8     0
3278.45  5.14e-14  1.55e-14   152    16     0
3281.11  6.24e-14  2.25e-14   152    20     0
3283.77  5.29e-14  2.62e-14   152    17     0
3286.44  8.97e-14  2.91e-14   151    27     0
3289.10  4.48e-14  2.82e-14   151    13     0
3291.76  6.35e-14  2.79e-14   151    17     0
3294.42  6.49e-14  2.16e-14   151    17     0
3297.09  7.49e-14  2.77e-14   150    21     0
3299.75  5.53e-14  2.33e-14   150    15     0
3302.41  4.87e-14  1.81e-14   150    13     0
3305.07  3.31e-14  2.49e-14   149     8     0
3307.74  3.96e-14  2.01e-14   149     9     0
3310.40  3.34e-14  3.14e-14   149     8     0
3313.06  2.09e-14  2.86e-14   148     4     0
3315.73  4.09e-14  2.68e-14   148     8     0
3318.39 -5.85e-15  2.66e-14   147    -1     0
3321.05  2.34e-14  3.82e-14   147     4     0
3323.71  6.62e-14  2.93e-14   147    11     0
3326.38  9.37e-14  3.35e-14   146    16     0
3329.04  5.46e-14  3.86e-14   146     9     0
3331.70  7.68e-14  3.01e-14   145    12     0
3334.37  7.19e-14  3.03e-14   145    11     0
3337.03  3.88e-14  2.81e-14   144     6     0
3339.69  3.34e-14  2.90e-14   144     5     0
3342.35 -1.89e-14  3.28e-14   143    -2     0
3345.02 -1.88e-14  3.48e-14   143    -2     0
3347.68  5.81e-14  3.60e-14   142     7     0
