NOT ORIGINAL IUE PROJECT DATA PRODUCT
LWP23885LOWLARGE
HD  197481
20:42:04
-31:31:05
48
NO-TRAIL
X-OFFSETS
1199.063
09/09/92
12:29:35
253
8.50
25/05/96
GSFC
2448875.02054
112
32
1851.19 -1.51e-13  6.10e-13   147   -13     0
1853.85  2.28e-13  5.75e-13   147    20     0
1856.51  2.96e-13  8.46e-13   147    18     0
1859.17  3.90e-13  7.85e-13   148    25     0
1861.84 -1.45e-13  4.34e-13   148   -16     0
1864.50  1.79e-13  4.02e-13   148    22     0
1867.16  4.68e-14  2.96e-13   148     7     0
1869.83 -4.72e-13  2.75e-13   148   -84     0
1872.49  1.60e-13  2.49e-13   148    32     0
1875.15  4.58e-14  2.11e-13   148    10     0
1877.81  1.15e-13  2.00e-13   149    28     0
1880.48  3.24e-13  2.18e-13   149    74     0
1883.14  5.03e-14  1.97e-13   149    12     0
1885.80  1.46e-13  1.80e-13   149    39     0
1888.47  3.53e-14  1.67e-13   149     9     0
1891.13 -7.14e-14  1.60e-13   150   -20     0
1893.79  1.93e-13  1.60e-13   150    57     0
1896.45  1.82e-13  1.45e-13   150    59     0
1899.12 -2.49e-14  1.33e-13   150    -8     0
1901.78 -3.59e-14  1.39e-13   151   -11     0
1904.44  1.15e-13  1.38e-13   151    37     0
1907.11 -6.97e-14  1.27e-13   151   -23     0
1909.77  1.49e-13  1.28e-13   151    52     0
1912.43  8.18e-14  1.23e-13   151    31     0
1915.09 -4.40e-14  1.56e-13   152   -16     0
1917.76  4.17e-13  2.47e-13   152   165 -4096
1920.42  1.54e-13  1.37e-13   152    70     0
1923.08 -4.14e-14  9.37e-14   152   -19     0
1925.74  2.36e-14  9.83e-14   153     9     0
1928.41  8.81e-14  9.76e-14   153    37     0
1931.07  8.84e-14  8.91e-14   153    41     0
1933.73  5.24e-14  8.52e-14   154    25     0
1936.40  2.41e-14  8.29e-14   154    11     0
1939.06 -1.59e-14  7.90e-14   154    -7     0
1941.72  8.35e-14  7.77e-14   154    43     0
1944.38  6.40e-14  7.45e-14   155    33     0
1947.05  6.05e-14  7.01e-14   155    33     0
1949.71  2.40e-14  6.62e-14   155    13     0
1952.37  3.74e-14  6.90e-14   155    20     0
1955.04  4.10e-14  6.61e-14   156    23     0
1957.70  5.60e-14  6.47e-14   156    32     0
1960.36  6.87e-14  6.29e-14   156    41     0
1963.02 -1.33e-15  5.81e-14   157     0     0
1965.69  7.20e-14  5.65e-14   157    47     0
1968.35  2.49e-14  5.28e-14   157    16     0
1971.01  3.16e-14  5.45e-14   157    20     0
1973.68  3.24e-14  5.26e-14   158    21     0
1976.34  3.58e-14  4.70e-14   158    26     0
1979.00  2.14e-14  4.49e-14   158    16     0
1981.66  6.60e-14  4.80e-14   159    48     0
1984.33  2.64e-14  4.47e-14   159    19     0
1986.99  4.45e-14  4.33e-14   159    35     0
1989.65  6.60e-14  4.30e-14   159    53     0
1992.31  4.72e-14  4.24e-14   160    37     0
1994.98  6.41e-14  4.21e-14   160    51     0
1997.64  2.08e-14  3.83e-14   160    17     0
2000.30  8.14e-14  4.14e-14   161    67     0
2002.97  2.17e-14  3.77e-14   161    18     0
2005.63  5.55e-14  3.76e-14   161    48     0
2008.29  2.43e-14  3.55e-14   162    21     0
2010.95  6.18e-14  3.93e-14   162    50     0
2013.62  5.24e-14  3.83e-14   162    43     0
2016.28  1.65e-15  3.15e-14   162     1     0
2018.94  3.98e-14  3.28e-14   163    37     0
2021.61  6.39e-14  3.61e-14   163    55     0
2024.27  7.33e-14  3.62e-14   163    64     0
2026.93  4.68e-14  3.35e-14   163    42     0
2029.59  2.07e-14  3.18e-14   164    18     0
2032.26  5.27e-14  3.34e-14   164    47     0
2034.92  7.72e-14  3.41e-14   164    69     0
2037.58  6.24e-14  3.31e-14   165    56     0
2040.25  2.27e-14  3.13e-14   165    20     0
2042.91  6.10e-14  3.27e-14   165    54     0
2045.57  2.33e-14  3.18e-14   165    20     0
2048.23  5.88e-14  3.32e-14   166    50     0
2050.90  5.34e-14  3.16e-14   166    47     0
2053.56  5.83e-14  3.16e-14   166    52     0
2056.22  5.39e-14  3.09e-14   166    48     0
2058.88  5.55e-14  3.05e-14   167    50     0
2061.55  5.59e-14  3.47e-14   167    51     0
2064.21  3.87e-14  2.87e-14   167    35     0
2066.87  5.63e-14  2.92e-14   167    52     0
2069.54  3.48e-14  2.76e-14   168    32     0
2072.20  5.15e-14  2.76e-14   168    49     0
2074.86  4.18e-14  2.67e-14   168    40     0
2077.52  4.79e-14  2.65e-14   168    46     0
2080.19  3.53e-14  2.58e-14   169    34     0
2082.85  4.96e-14  2.63e-14   169    48     0
2085.51  6.24e-14  2.69e-14   169    60     0
2088.18  3.94e-14  2.53e-14   169    38     0
2090.84  2.93e-14  2.40e-14   170    29     0
2093.50  5.26e-14  2.49e-14   170    52     0
2096.16  5.00e-14  2.51e-14   170    48     0
2098.83  8.20e-14  2.68e-14   170    79     0
2101.49  4.66e-14  2.43e-14   170    44     0
2104.15  7.65e-14  2.62e-14   171    73     0
2106.82  5.39e-14  2.50e-14   171    51     0
2109.48  5.77e-14  2.49e-14   171    54     0
2112.14  4.79e-14  2.43e-14   171    45     0
2114.80  6.54e-14  2.51e-14   171    62     0
2117.47  3.99e-14  2.35e-14   172    37     0
2120.13  5.86e-14  2.40e-14   172    56     0
2122.79  6.64e-14  2.44e-14   172    63     0
2125.45  3.32e-14  2.16e-14   172    32     0
2128.12  6.45e-14  2.32e-14   172    62     0
2130.78  4.12e-14  2.20e-14   172    39     0
2133.44  4.80e-14  2.23e-14   173    46     0
2136.11  6.75e-14  2.32e-14   173    65     0
2138.77  6.41e-14  2.25e-14   173    62     0
2141.43  6.39e-14  2.21e-14   173    63     0
2144.09  8.59e-14  2.30e-14   173    85     0
2146.76  6.32e-14  2.17e-14   173    62     0
2149.42  3.64e-14  2.00e-14   174    36     0
2152.08  3.45e-14  2.03e-14   174    33     0
2154.75  5.36e-14  2.12e-14   174    51     0
2157.41  2.35e-14  1.86e-14   174    23     0
2160.07  6.00e-14  2.06e-14   174    58     0
2162.73  5.68e-14  2.03e-14   174    55     0
2165.40  4.84e-14  1.96e-14   174    48     0
2168.06  5.28e-14  1.97e-14   175    52     0
2170.72  5.21e-14  1.92e-14   175    52     0
2173.39  3.57e-14  1.83e-14   175    35     0
2176.05  6.06e-14  2.01e-14   175    58     0
2178.71  3.02e-14  1.82e-14   175    29     0
2181.37  3.98e-14  1.88e-14   175    37     0
2184.04  6.73e-14  2.02e-14   175    64     0
2186.70  7.69e-14  1.99e-14   175    76     0
2189.36  4.87e-14  1.83e-14   175    48     0
2192.02  4.83e-14  1.84e-14   175    46     0
2194.69  4.81e-14  1.80e-14   176    46     0
2197.35  3.58e-14  1.72e-14   176    34     0
2200.01  4.62e-14  1.79e-14   176    44     0
2202.68  2.41e-14  1.65e-14   176    23     0
2205.34  6.10e-14  1.79e-14   176    59     0
2208.00  7.17e-14  1.84e-14   176    70     0
2210.66  2.82e-14  1.64e-14   176    26     0
2213.33  3.78e-14  1.69e-14   176    36     0
2215.99  4.94e-14  1.67e-14   176    49     0
2218.65  3.89e-14  1.60e-14   176    39     0
2221.32  3.30e-14  1.55e-14   176    32     0
2223.98  5.05e-14  1.64e-14   176    50     0
2226.64  4.17e-14  1.60e-14   176    40     0
2229.30  2.81e-14  1.53e-14   176    27     0
2231.97  3.19e-14  1.39e-14   176    33     0
2234.63  4.33e-14  1.47e-14   176    45     0
2237.29  4.79e-14  1.55e-14   176    47     0
2239.96  3.19e-14  1.44e-14   176    32     0
2242.62  1.49e-14  1.32e-14   176    15     0
2245.28  3.40e-14  1.44e-14   176    34     0
2247.94  6.21e-14  1.57e-14   176    62     0
2250.61  2.44e-14  1.29e-14   176    25     0
2253.27  5.08e-14  1.43e-14   176    54     0
2255.93  6.19e-14  1.49e-14   176    65     0
2258.59  5.26e-14  1.39e-14   176    56     0
2261.26  6.35e-14  1.49e-14   176    66     0
2263.92  4.23e-14  1.34e-14   176    45     0
2266.58  4.90e-14  1.32e-14   176    53     0
2269.25  4.31e-14  1.28e-14   176    48     0
2271.91  5.09e-14  1.29e-14   176    55     0
2274.57  6.82e-14  1.42e-14   176    75     0
2277.23  3.76e-14  1.13e-14   176    45     0
2279.90  4.86e-14  1.19e-14   176    59     0
2282.56  4.46e-14  1.17e-14   176    52     0
2285.22  5.18e-14  1.16e-14   176    61     0
2287.89  4.78e-14  1.16e-14   176    56     0
2290.55  3.72e-14  1.08e-14   176    45     0
2293.21  4.51e-14  1.13e-14   176    54     0
2295.87  4.92e-14  1.11e-14   176    62     0
2298.54  5.40e-14  1.13e-14   176    69     0
2301.20  5.58e-14  1.14e-14   176    69     0
2303.86  5.10e-14  1.10e-14   176    63     0
2306.53  6.86e-14  1.20e-14   176    85     0
2309.19  5.21e-14  1.07e-14   176    65     0
2311.85  6.82e-14  1.10e-14   176    91     0
2314.51  5.51e-14  1.04e-14   176    75     0
2317.18  4.73e-14  1.01e-14   175    62     0
2319.84  5.35e-14  9.88e-15   175    71     0
2322.50  3.93e-14  9.30e-15   175    53     0
2325.16  4.51e-14  9.30e-15   175    64     0
2327.83  6.23e-14  1.01e-14   175    90     0
2330.49  5.83e-14  9.77e-15   175    85     0
2333.15  6.67e-14  9.92e-15   175    99     0
2335.82  7.41e-14  1.03e-14   175   112     0
2338.48  8.29e-14  1.06e-14   175   128     0
2341.14  5.27e-14  8.85e-15   175    80     0
2343.80  6.19e-14  9.09e-15   174    96     0
2346.47  4.10e-14  7.84e-15   174    63     0
2349.13  5.09e-14  8.45e-15   174    80     0
2351.79  6.16e-14  8.96e-15   174    97     0
2354.46  5.09e-14  7.97e-15   174    81     0
2357.12  4.87e-14  7.86e-15   174    81     0
2359.78  6.19e-14  8.54e-15   174   104     0
2362.44  8.53e-14  9.91e-15   174   142     0
2365.11  7.87e-14  9.73e-15   173   130     0
2367.77  7.83e-14  9.38e-15   173   131     0
2370.43  7.96e-14  9.04e-15   173   137     0
2373.09  7.71e-14  8.98e-15   173   134     0
2375.76  5.96e-14  7.83e-15   173   109     0
2378.42  5.65e-14  7.58e-15   173   104     0
2381.08  9.06e-14  9.37e-15   173   165     0
2383.75  8.00e-14  8.69e-15   172   147     0
2386.41  8.06e-14  8.60e-15   172   148     0
2389.07  9.14e-14  9.22e-15   172   170     0
2391.73  8.10e-14  8.44e-15   172   154     0
2394.40  8.29e-14  8.44e-15   172   160     0
2397.06  7.82e-14  8.10e-15   172   150     0
2399.72  8.21e-14  8.36e-15   171   159     0
2402.39  8.06e-14  8.21e-15   171   159     0
2405.05  7.77e-14  8.04e-15   171   151     0
2407.71  9.10e-14  8.62e-15   171   179     0
2410.37  9.17e-14  8.47e-15   171   190     0
2413.04  7.69e-14  7.71e-15   171   161     0
2415.70  9.15e-14  8.42e-15   170   194     0
2418.36  6.92e-14  7.02e-15   170   148     0
2421.03  4.67e-14  5.84e-15   170    99     0
2423.69  4.69e-14  6.82e-15   170   101     0
2426.35  4.83e-14  5.91e-15   170   106     0
2429.01  6.15e-14  6.71e-15   169   136     0
2431.68  6.57e-14  6.79e-15   169   142     0
2434.34  6.34e-14  6.62e-15   169   138     0
2437.00  7.38e-14  7.18e-15   169   161     0
2439.67  6.81e-14  6.83e-15   169   150     0
2442.33  7.30e-14  6.92e-15   169   165     0
2444.99  5.88e-14  6.34e-15   168   134     0
2447.65  7.16e-14  6.71e-15   168   162     0
2450.32  7.00e-14  6.61e-15   168   162     0
2452.98  5.39e-14  5.72e-15   168   126     0
2455.64  7.29e-14  6.49e-15   167   176     0
2458.30  7.65e-14  6.74e-15   167   187     0
2460.97  6.92e-14  6.79e-15   167   168     0
2463.63  6.54e-14  6.10e-15   167   161     0
2466.29  5.96e-14  5.78e-15   167   147     0
2468.96  7.32e-14  6.55e-15   166   184     0
2471.62  6.90e-14  6.15e-15   166   176     0
2474.28  6.29e-14  5.80e-15   166   163     0
2476.94  8.44e-14  8.12e-15   166   222     0
2479.61  8.44e-14  6.70e-15   166   225     0
2482.27  6.11e-14  5.57e-15   165   162     0
2484.93  7.52e-14  6.07e-15   165   200     0
2487.60  7.12e-14  5.94e-15   165   188     0
2490.26  6.63e-14  5.79e-15   165   180     0
2492.92  7.91e-14  6.35e-15   164   214     0
2495.58  7.44e-14  5.98e-15   164   200     0
2498.25  7.22e-14  5.91e-15   164   194     0
2500.91  7.32e-14  6.08e-15   164   200     0
2503.57  8.00e-14  7.55e-15   164   218     0
2506.24  5.86e-14  5.17e-15   163   158     0
2508.90  6.22e-14  5.72e-15   163   168     0
2511.56  6.83e-14  5.52e-15   163   194     0
2514.22  7.67e-14  5.91e-15   163   221     0
2516.89  7.55e-14  5.89e-15   162   205     0
2519.55  6.63e-14  5.45e-15   162   182     0
2522.21  6.83e-14  5.50e-15   162   195     0
2524.87  7.87e-14  5.85e-15   162   228     0
2527.54  8.14e-14  5.96e-15   162   234     0
2530.20  8.96e-14  6.33e-15   161   258     0
2532.86  8.65e-14  6.19e-15   161   251     0
2535.53  7.09e-14  5.52e-15   161   209     0
2538.19  8.70e-14  6.71e-15   161   259     0
2540.85  8.90e-14  6.32e-15   160   268     0
2543.51  8.11e-14  6.65e-15   160   248     0
2546.18  7.16e-14  5.82e-15   160   222     0
2548.84  7.41e-14  5.99e-15   160   233     0
2551.50  7.63e-14  5.44e-15   159   236     0
2554.17  7.10e-14  5.40e-15   159   222     0
2556.83  6.12e-14  4.70e-15   159   202     0
2559.49  6.31e-14  4.75e-15   159   209     0
2562.15  6.90e-14  5.00e-15   158   225     0
2564.82  7.16e-14  5.00e-15   158   234     0
2567.48  6.62e-14  5.19e-15   158   220     0
2570.14  6.66e-14  5.15e-15   158   223     0
2572.80  7.40e-14  5.14e-15   158   248     0
2575.47  7.87e-14  5.36e-15   157   259     0
2578.13  7.02e-14  5.43e-15   157   231     0
2580.79  7.63e-14  5.19e-15   157   249     0
2583.46  5.88e-14  4.43e-15   157   192     0
2586.12  8.93e-14  5.75e-15   156   299     0
2588.78  7.65e-14  5.17e-15   156   258     0
2591.44  8.49e-14  5.49e-15   156   282     0
2594.11  8.43e-14  7.62e-15   156   283     0
2596.77  9.70e-14  7.85e-15   155   337     0
2599.43  1.07e-13  6.61e-15   155   377     0
2602.10  1.06e-13  6.14e-15   155   373     0
2604.76  9.88e-14  5.84e-15   155   351     0
2607.42  8.96e-14  5.56e-15   154   322     0
2610.08  8.95e-14  5.56e-15   154   314     0
2612.75  1.05e-13  5.96e-15   154   371     0
2615.41  1.09e-13  6.34e-15   154   402     0
2618.07  9.89e-14  5.63e-15   154   364     0
2620.74  9.23e-14  6.14e-15   153   342     0
2623.40  1.02e-13  7.83e-15   153   379     0
2626.06  1.26e-13  9.64e-15   153   463     0
2628.72  1.25e-13  7.75e-15   153   462     0
2631.39  1.20e-13  1.11e-14   152   454     0
2634.05  1.06e-13  6.98e-15   152   404     0
2636.71  8.46e-14  6.07e-15   152   317     0
2639.37  6.44e-14  5.81e-15   152   242     0
2642.04  6.58e-14  5.49e-15   151   248     0
2644.70  6.24e-14  4.75e-15   151   236     0
2647.36  6.22e-14  4.12e-15   151   240     0
2650.03  7.08e-14  6.03e-15   151   269     0
2652.69  6.03e-14  5.88e-15   151   230     0
2655.35  6.81e-14  4.82e-15   150   260     0
2658.01  6.89e-14  5.88e-15   150   263     0
2660.68  7.03e-14  4.76e-15   150   275     0
2663.34  7.08e-14  4.35e-15   150   278     0
2666.00  7.47e-14  5.34e-15   150   290     0
2668.67  7.25e-14  4.40e-15   149   282     0
2671.33  7.15e-14  4.36e-15   149   281     0
2673.99  6.65e-14  5.12e-15   149   263     0
2676.65  6.52e-14  4.09e-15   149   260     0
2679.32  6.68e-14  4.11e-15   148   267     0
2681.98  6.72e-14  4.06e-15   148   269     0
2684.64  6.90e-14  4.20e-15   148   278     0
2687.31  6.70e-14  4.06e-15   148   273     0
2689.97  6.34e-14  3.92e-15   148   259     0
2692.63  6.85e-14  4.09e-15   147   278     0
2695.29  6.92e-14  4.31e-15   147   280     0
2697.96  5.67e-14  3.67e-15   147   229     0
2700.62  5.96e-14  3.91e-15   147   240     0
2703.28  6.31e-14  5.67e-15   147   253     0
2705.94  6.79e-14  4.07e-15   146   276     0
2708.61  6.93e-14  4.08e-15   146   280     0
2711.27  7.84e-14  4.78e-15   146   308     0
2713.93  7.44e-14  5.62e-15   146   292     0
2716.60  8.16e-14  6.12e-15   146   326     0
2719.26  7.48e-14  4.28e-15   145   298     0
2721.92  8.05e-14  4.68e-15   145   314     0
2724.58  8.32e-14  4.55e-15   145   327     0
2727.25  8.24e-14  4.41e-15   145   340     0
2729.91  8.55e-14  4.47e-15   145   355     0
2732.57  9.23e-14  4.69e-15   144   379     0
2735.24  8.81e-14  4.56e-15   144   357     0
2737.90  9.49e-14  4.72e-15   144   385     0
2740.56  9.10e-14  5.25e-15   144   371     0
2743.22  9.34e-14  4.68e-15   144   381     0
2745.89  1.05e-13  4.93e-15   144   433     0
2748.55  1.08e-13  4.99e-15   143   444     0
2751.21  1.12e-13  5.14e-15   143   460     0
2753.88  1.13e-13  5.14e-15   143   464     0
2756.54  1.01e-13  4.83e-15   143   412     0
2759.20  1.04e-13  4.91e-15   143   425     0
2761.86  9.38e-14  4.63e-15   143   384     0
2764.53  7.71e-14  4.16e-15   142   316     0
2767.19  8.53e-14  4.36e-15   142   355     0
2769.85  8.40e-14  4.31e-15   142   349     0
2772.51  9.38e-14  4.62e-15   142   382     0
2775.18  8.84e-14  4.41e-15   142   365     0
2777.84  8.83e-14  4.38e-15   142   363     0
2780.50  7.84e-14  4.10e-15   141   325     0
2783.17  7.33e-14  3.96e-15   141   301     0
2785.83  7.96e-14  4.61e-15   141   320     0
2788.49  8.25e-14  4.59e-15   141   329     0
2791.15  1.00e-13  5.36e-15   141   407     0
2793.82  1.47e-13  5.62e-15   141   594     0
2796.48  2.89e-13  8.49e-15   140  1154     0
2799.14  4.03e-13  1.26e-14   140  1613     0
2801.81  3.50e-13  1.15e-14   140  1414     0
2804.47  2.89e-13  1.61e-14   140  1171     0
2807.13  2.95e-13  2.03e-14   140  1130     0
2809.79  1.88e-13  7.30e-15   140   725     0
2812.46  1.08e-13  4.77e-15   140   431     0
2815.12  8.59e-14  4.26e-15   139   344     0
2817.78  8.34e-14  4.21e-15   139   334     0
2820.45  8.20e-14  4.20e-15   139   325     0
2823.11  7.88e-14  4.10e-15   139   312     0
2825.77  8.00e-14  4.10e-15   139   319     0
2828.43  8.27e-14  4.18e-15   139   330     0
2831.10  7.92e-14  4.06e-15   139   319     0
2833.76  7.14e-14  3.84e-15   138   287     0
2836.42  7.82e-14  4.05e-15   138   314     0
2839.08  7.72e-14  4.02e-15   138   309     0
2841.75  8.44e-14  4.21e-15   138   334     0
2844.41  9.01e-14  4.32e-15   138   356     0
2847.07  8.09e-14  4.26e-15   138   323     0
2849.74  8.30e-14  4.19e-15   138   331     0
2852.40  8.93e-14  4.33e-15   138   350     0
2855.06  9.64e-14  4.44e-15   138   383     0
2857.72  8.56e-14  4.20e-15   137   339     0
2860.39  8.48e-14  4.21e-15   137   329     0
2863.05  8.17e-14  4.14e-15   137   316     0
2865.71  8.81e-14  4.24e-15   137   343     0
2868.38  8.46e-14  4.17e-15   137   328     0
2871.04  8.09e-14  4.06e-15   137   316     0
2873.70  8.03e-14  4.05e-15   137   313     0
2876.36  8.38e-14  4.18e-15   137   317     0
2879.03  9.56e-14  4.41e-15   137   361     0
2881.69  9.54e-14  4.43e-15   136   360     0
2884.35  8.79e-14  4.27e-15   136   331     0
2887.02  8.47e-14  4.17e-15   136   322     0
2889.68  8.88e-14  4.25e-15   136   337     0
2892.34  8.41e-14  4.14e-15   136   319     0
2895.00  8.27e-14  4.34e-15   136   315     0
2897.67  7.90e-14  4.01e-15   136   300     0
2900.33  7.64e-14  3.97e-15   136   287     0
2902.99  8.21e-14  4.10e-15   136   307     0
2905.65  7.82e-14  4.03e-15   136   290     0
2908.32  7.39e-14  3.92e-15   136   273     0
2910.98  7.08e-14  3.81e-15   135   264     0
2913.64  7.39e-14  3.93e-15   135   274     0
2916.31  7.32e-14  3.90e-15   135   271     0
2918.97  8.32e-14  4.14e-15   135   305     0
2921.63  8.81e-14  4.32e-15   135   312     0
2924.29  8.09e-14  4.19e-15   135   284     0
2926.96  8.70e-14  4.30e-15   135   307     0
2929.62  9.49e-14  4.48e-15   135   331     0
2932.28  9.38e-14  4.46e-15   135   325     0
2934.95  9.43e-14  4.50e-15   135   323     0
2937.61  9.07e-14  4.40e-15   135   312     0
2940.27  8.98e-14  4.41e-15   135   306     0
2942.93  9.48e-14  4.53e-15   135   319     0
2945.60  9.26e-14  4.54e-15   134   305     0
2948.26  8.87e-14  4.45e-15   134   291     0
2950.92  8.40e-14  4.34e-15   134   278     0
2953.59  8.73e-14  4.41e-15   134   288     0
2956.25  9.61e-14  4.58e-15   134   315     0
2958.91  9.33e-14  4.53e-15   134   304     0
2961.57  8.84e-14  4.48e-15   134   281     0
2964.24  7.85e-14  4.30e-15   134   247     0
2966.90  8.53e-14  4.46e-15   134   266     0
2969.56  9.07e-14  4.59e-15   134   279     0
2972.22  9.03e-14  4.56e-15   134   278     0
2974.89  8.37e-14  4.46e-15   134   254     0
2977.55  8.38e-14  4.55e-15   134   246     0
2980.21  8.59e-14  4.56e-15   134   254     0
2982.88  8.78e-14  4.62e-15   134   257     0
2985.54  9.84e-14  4.87e-15   133   284     0
2988.20  9.38e-14  4.80e-15   133   267     0
2990.86  9.38e-14  4.81e-15   133   264     0
2993.53  8.79e-14  4.71e-15   133   246     0
2996.19  8.11e-14  4.65e-15   133   219     0
2998.85  8.54e-14  4.76e-15   133   229     0
3001.52  9.51e-14  4.89e-15   133   260     0
3004.18  9.51e-14  4.91e-15   133   258     0
3006.84  8.83e-14  4.78e-15   133   235     0
3009.50  8.45e-14  4.74e-15   133   222     0
3012.17  8.37e-14  4.81e-15   133   215     0
3014.83  7.82e-14  4.68e-15   133   198     0
3017.49  7.75e-14  4.71e-15   133   195     0
3020.16  8.68e-14  4.97e-15   133   213     0
3022.82  9.74e-14  5.23e-15   133   236     0
3025.48  9.07e-14  5.16e-15   133   214     0
3028.14  8.63e-14  5.08e-15   133   201     0
3030.81  8.95e-14  5.15e-15   133   209     0
3033.47  8.84e-14  5.18e-15   133   204     0
3036.13  8.20e-14  5.05e-15   133   185     0
3038.79  7.88e-14  5.03e-15   132   175     0
3041.46  9.45e-14  5.44e-15   132   207     0
3044.12  8.98e-14  5.38e-15   132   194     0
3046.78  8.99e-14  5.43e-15   132   191     0
3049.45  1.03e-13  5.74e-15   132   216     0
3052.11  9.71e-14  5.66e-15   132   202     0
3054.77  9.71e-14  5.74e-15   132   198     0
3057.43  9.71e-14  6.17e-15   132   187     0
3060.10  8.98e-14  5.86e-15   132   171     0
3062.76  9.54e-14  6.03e-15   132   179     0
3065.42  8.90e-14  5.82e-15   132   164     0
3068.09  9.10e-14  5.92e-15   132   165     0
3070.75  8.79e-14  5.86e-15   132   159     0
3073.41  8.35e-14  5.82e-15   132   149     0
3076.07  9.41e-14  6.19e-15   132   162     0
3078.74  9.98e-14  6.41e-15   132   169     0
3081.40  9.23e-14  6.21e-15   132   156     0
3084.06  9.45e-14  6.32e-15   132   156     0
3086.73  9.72e-14  6.51e-15   132   156     0
3089.39  9.37e-14  6.48e-15   132   148     0
3092.05  9.36e-14  6.53e-15   132   146     0
3094.71  8.48e-14  6.37e-15   132   130     0
3097.38  1.00e-13  6.90e-15   131   148     0
3100.04  1.07e-13  7.12e-15   131   156     0
3102.70  1.02e-13  7.05e-15   131   145     0
3105.36  9.79e-14  7.01e-15   131   138     0
3108.03  9.58e-14  7.00e-15   131   132     0
3110.69  1.08e-13  7.26e-15   131   148     0
3113.35  1.06e-13  7.31e-15   131   143     0
3116.02  9.72e-14  7.25e-15   131   127     0
3118.68  1.12e-13  7.67e-15   131   143     0
3121.34  1.24e-13  7.99e-15   131   158     0
3124.00  1.04e-13  7.58e-15   131   129     0
3126.67  9.66e-14  7.41e-15   131   119     0
3129.33  1.07e-13  7.69e-15   131   129     0
3131.99  1.02e-13  7.67e-15   131   121     0
3134.66  1.12e-13  7.88e-15   131   131     0
3137.32  1.01e-13  7.79e-15   131   116     0
3139.98  1.05e-13  7.97e-15   131   118     0
3142.64  1.14e-13  8.38e-15   131   122     0
3145.31  1.05e-13  8.23e-15   130   111     0
3147.97  1.24e-13  8.82e-15   130   127     0
3150.63  1.19e-13  8.54e-15   130   124     0
3153.30  1.10e-13  8.39e-15   130   112     0
3155.96  1.10e-13  8.43e-15   130   110     0
3158.62  1.09e-13  8.51e-15   130   107     0
3161.28  1.17e-13  8.88e-15   130   111     0
3163.95  1.07e-13  8.66e-15   130    99     0
3166.61  9.98e-14  8.60e-15   130    90     0
3169.27  9.11e-14  8.46e-15   130    80     0
3171.93  1.14e-13  9.30e-15   130    97     0
3174.60  1.20e-13  9.51e-15   130    99     0
3177.26  1.20e-13  9.35e-15   130   101     0
3179.92  1.15e-13  9.25e-15   130    94     0
3182.59  1.32e-13  9.82e-15   129   106     0
3185.25  1.38e-13  1.00e-14   129   110     0
3187.91  1.39e-13  1.01e-14   129   108     0
3190.57  1.52e-13  1.07e-14   129   112     0
3193.24  1.62e-13  1.11e-14   129   117     0
3195.90  1.44e-13  1.05e-14   129   104     0
3198.56  1.33e-13  1.03e-14   129    94     0
3201.23  1.18e-13  9.86e-15   129    82     0
3203.89  1.17e-13  9.86e-15   129    79     0
3206.55  1.31e-13  1.10e-14   129    79     0
3209.21  1.13e-13  1.06e-14   129    66     0
3211.88  1.04e-13  9.96e-15   128    63     0
3214.54  1.09e-13  1.02e-14   128    64     0
3217.20  1.32e-13  1.13e-14   128    73     0
3219.87  1.28e-13  1.12e-14   128    68     0
3222.53  1.04e-13  1.02e-14   128    57     0
3225.19  9.59e-14  1.00e-14   128    51     0
3227.85  1.11e-13  1.05e-14   128    58     0
3230.52  1.52e-13  1.16e-14   128    79     0
3233.18  1.68e-13  1.21e-14   128    85     0
3235.84  1.46e-13  1.18e-14   127    69     0
3238.50  1.21e-13  1.12e-14   127    55     0
3241.17  9.60e-14  1.04e-14   127    43     0
3243.83  1.15e-13  1.09e-14   127    51     0
3246.49  1.12e-13  1.25e-14   127    50     0
3249.16  1.16e-13  1.19e-14   127    50     0
3251.82  9.90e-14  1.01e-14   127    42     0
3254.48  1.08e-13  1.04e-14   126    45     0
3257.14  1.32e-13  1.15e-14   126    53     0
3259.81  1.34e-13  1.56e-14   126    53     0
3262.47  1.46e-13  1.73e-14   126    59     0
3265.13  1.12e-13  1.75e-14   126    43     0
3267.80  8.76e-14  2.05e-14   126    33     0
3270.46  9.04e-14  1.45e-14   126    33     0
3273.12  8.15e-14  1.20e-14   125    29     0
3275.78  1.13e-13  1.05e-14   125    37     0
3278.45  1.46e-13  1.33e-14   125    46     0
3281.11  1.32e-13  1.14e-14   125    43     0
3283.77  1.22e-13  1.36e-14   125    39     0
3286.44  1.40e-13  1.37e-14   125    42     0
3289.10  1.46e-13  1.30e-14   124    43     0
3291.76  1.29e-13  1.08e-14   124    36     0
3294.42  1.10e-13  1.11e-14   124    29     0
3297.09  1.20e-13  1.07e-14   124    34     0
3299.75  1.26e-13  1.11e-14   124    34     0
3302.41  1.16e-13  1.09e-14   124    31     0
3305.07  9.25e-14  1.17e-14   123    23     0
3307.74  1.03e-13  1.24e-14   123    25     0
3310.40  8.93e-14  1.35e-14   123    21     0
3313.06  9.34e-14  1.29e-14   123    22     0
3315.73  1.68e-13  1.91e-14   123    34     0
3318.39  1.61e-13  1.98e-14   122    31     0
3321.05  1.64e-13  2.41e-14   122    29     0
3323.71  1.52e-13  1.85e-14   122    26     0
3326.38  2.06e-13  2.24e-14   122    35     0
3329.04  2.24e-13  2.15e-14   122    37     0
3331.70  1.84e-13  1.80e-14   121    30     0
3334.37  1.52e-13  1.87e-14   121    24     0
3337.03  1.34e-13  1.76e-14   121    23     0
3339.69  1.32e-13  2.42e-14   121    21     0
3342.35  1.78e-13  2.03e-14   120    26     0
3345.02  1.87e-13  2.16e-14   120    25     0
3347.68  1.74e-13  2.23e-14   120    23     0
