NOT ORIGINAL IUE PROJECT DATA PRODUCT
LWP23879LOWLARGE
HD  197481
20:42:04
-31:31:05
48
NO-TRAIL
X-OFFSETS
1199.063
09/09/92
02:32:50
253
9.17
25/05/96
GSFC
2448874.60613
60
32
1851.19  4.66e-14  9.71e-13   165     4     0
1853.85  4.70e-13  9.09e-13   165    42     0
1856.51 -3.73e-13  1.35e-12   165   -22     0
1859.17 -7.54e-13  1.24e-12   165   -49     0
1861.84 -1.75e-13  6.93e-13   165   -20     0
1864.50  8.54e-14  6.34e-13   165    10     0
1867.16  2.30e-13  4.73e-13   164    38     0
1869.83 -4.29e-13  4.40e-13   164   -77     0
1872.49 -1.73e-13  3.91e-13   164   -34     0
1875.15 -3.85e-14  3.36e-13   164    -8     0
1877.81 -7.96e-13  4.16e-13   164  -194     0
1880.48  1.38e-13  3.95e-13   164    31     0
1883.14 -2.84e-15  3.15e-13   163     0     0
1885.80 -2.67e-13  2.82e-13   163   -71     0
1888.47  1.85e-13  2.70e-13   163    51     0
1891.13  1.71e-13  2.61e-13   163    48     0
1893.79  3.84e-13  2.53e-13   163   114     0
1896.45 -1.21e-14  2.24e-13   163    -3     0
1899.12 -4.34e-13  2.99e-13   162  -145     0
1901.78  3.02e-13  2.30e-13   162    95     0
1904.44  2.82e-13  2.22e-13   162    92     0
1907.11 -8.16e-14  2.06e-13   162   -27     0
1909.77  2.29e-13  2.03e-13   162    80     0
1912.43 -1.60e-13  1.95e-13   162   -61     0
1915.09 -1.05e-13  1.92e-13   161   -40     0
1917.76 -2.24e-13  2.44e-13   161   -88 -4096
1920.42 -4.03e-14  1.72e-13   161   -18     0
1923.08 -1.92e-13  1.44e-13   161   -89     0
1925.74  1.36e-13  1.62e-13   161    56     0
1928.41  2.70e-13  1.58e-13   161   115     0
1931.07  3.32e-13  1.46e-13   160   154     0
1933.73  2.10e-13  1.39e-13   160   100     0
1936.40 -3.16e-13  1.35e-13   160  -151     0
1939.06  1.86e-13  1.33e-13   160    91     0
1941.72  5.88e-14  1.24e-13   160    30     0
1944.38  9.07e-14  1.20e-13   160    48     0
1947.05 -4.60e-14  1.12e-13   160   -25     0
1949.71  1.60e-14  1.08e-13   159     9     0
1952.37 -2.30e-14  1.12e-13   159   -12     0
1955.04 -7.77e-15  1.07e-13   159    -4     0
1957.70 -2.55e-14  1.03e-13   159   -14     0
1960.36  7.69e-15  9.98e-14   159     4     0
1963.02  4.17e-14  9.67e-14   159    25     0
1965.69 -5.36e-15  8.92e-14   158    -3     0
1968.35 -1.70e-13  1.68e-13   158  -115     0
1971.01  5.37e-14  8.90e-14   158    34     0
1973.68  6.89e-14  8.68e-14   158    45     0
1976.34  5.93e-14  7.69e-14   158    44     0
1979.00 -2.08e-13  7.37e-14   158  -159     0
1981.66  1.34e-13  7.76e-14   158    98     0
1984.33  2.06e-14  7.36e-14   157    15     0
1986.99  2.20e-15  6.93e-14   157     1     0
1989.65  7.76e-14  6.86e-14   157    62     0
1992.31 -3.74e-14  6.79e-14   157   -29     0
1994.98  2.17e-15  6.62e-14   157     1     0
1997.64  3.82e-14  6.36e-14   157    31     0
2000.30  7.30e-14  6.45e-14   157    60     0
2002.97 -1.48e-14  6.20e-14   156   -12     0
2005.63  7.75e-14  6.09e-14   156    67     0
2008.29  1.79e-14  5.86e-14   156    15     0
2010.95 -8.88e-15  6.21e-14   156    -7     0
2013.62  1.15e-13  6.26e-14   156    95     0
2016.28 -4.37e-14  5.34e-14   156   -40     0
2018.94 -2.02e-14  5.27e-14   156   -18     0
2021.61  6.42e-14  5.74e-14   156    55     0
2024.27 -2.27e-14  5.56e-14   155   -19     0
2026.93  1.39e-14  5.32e-14   155    12     0
2029.59  1.29e-13  5.49e-14   155   117     0
2032.26 -7.91e-14  5.27e-14   155   -71     0
2034.92  1.56e-13  5.49e-14   155   140     0
2037.58  4.91e-14  5.21e-14   155    44     0
2040.25 -4.39e-14  5.18e-14   155   -39     0
2042.91  4.97e-14  5.20e-14   155    44     0
2045.57 -2.58e-14  5.26e-14   155   -22     0
2048.23  5.27e-15  5.19e-14   154     4     0
2050.90 -2.30e-14  4.99e-14   154   -20     0
2053.56  5.13e-14  5.01e-14   154    45     0
2056.22  8.56e-14  5.00e-14   154    77     0
2058.88 -1.80e-14  4.78e-14   154   -16     0
2061.55 -1.47e-14  4.67e-14   154   -13     0
2064.21  6.91e-14  4.69e-14   154    63     0
2066.87 -3.88e-14  4.54e-14   154   -35     0
2069.54 -2.63e-14  4.47e-14   154   -24     0
2072.20 -1.52e-14  4.32e-14   153   -14     0
2074.86  1.21e-13  4.49e-14   153   116     0
2077.52 -3.70e-15  4.18e-14   153    -3     0
2080.19  1.10e-14  4.17e-14   153    10     0
2082.85  6.33e-14  4.23e-14   153    61     0
2085.51  6.19e-14  4.23e-14   153    59     0
2088.18 -1.11e-13  4.06e-14   153  -107     0
2090.84  1.22e-14  4.04e-14   153    12     0
2093.50  3.21e-14  3.93e-14   153    31     0
2096.16  1.83e-14  3.94e-14   153    17     0
2098.83 -5.17e-14  3.91e-14   153   -50     0
2101.49  8.13e-14  4.05e-14   152    78     0
2104.15  5.39e-14  3.96e-14   152    51     0
2106.82 -2.25e-14  3.89e-14   152   -21     0
2109.48  8.01e-16  3.86e-14   152     0     0
2112.14  3.87e-14  3.86e-14   152    36     0
2114.80 -5.90e-15  3.78e-14   152    -5     0
2117.47  4.43e-14  3.85e-14   152    41     0
2120.13  6.34e-14  3.95e-14   152    60     0
2122.79 -1.26e-14  3.89e-14   152   -12     0
2125.45  2.19e-14  3.73e-14   152    21     0
2128.12  3.73e-14  3.67e-14   152    36     0
2130.78 -4.11e-15  3.51e-14   152    -3     0
2133.44 -1.35e-14  3.47e-14   152   -13     0
2136.11 -4.61e-15  3.44e-14   152    -4     0
2138.77  1.47e-14  3.41e-14   151    14     0
2141.43  6.47e-15  3.30e-14   151     6     0
2144.09  4.68e-14  3.36e-14   151    46     0
2146.76  2.92e-14  3.26e-14   151    28     0
2149.42  6.28e-15  3.20e-14   151     6     0
2152.08 -8.92e-16  3.27e-14   151     0     0
2154.75  3.39e-14  3.30e-14   151    32     0
2157.41  1.27e-14  3.12e-14   151    12     0
2160.07  3.53e-14  3.21e-14   151    34     0
2162.73 -4.04e-14  3.11e-14   151   -39     0
2165.40  8.38e-15  3.02e-14   151     8     0
2168.06 -3.17e-14  2.99e-14   151   -31     0
2170.72  2.85e-14  3.01e-14   151    28     0
2173.39  3.95e-14  3.00e-14   151    39     0
2176.05  1.40e-14  2.99e-14   151    13     0
2178.71  9.24e-15  3.84e-14   151     8     0
2181.37  1.01e-14  3.42e-14   151     9     0
2184.04 -1.65e-16  2.97e-14   151     0     0
2186.70  2.54e-14  2.86e-14   150    25     0
2189.36 -1.53e-14  2.88e-14   150   -15     0
2192.02 -3.60e-14  2.84e-14   150   -34     0
2194.69 -1.92e-14  2.81e-14   150   -18     0
2197.35 -3.32e-14  2.78e-14   150   -32     0
2200.01  4.20e-14  2.85e-14   150    40     0
2202.68  1.59e-16  2.74e-14   150     0     0
2205.34  3.27e-14  2.73e-14   150    31     0
2208.00 -2.41e-14  2.96e-14   150   -23     0
2210.66 -4.86e-14  2.70e-14   150   -46     0
2213.33 -1.88e-14  2.75e-14   150   -17     0
2215.99 -2.02e-14  2.55e-14   150   -20     0
2218.65 -6.32e-15  2.85e-14   150    -6     0
2221.32  4.40e-14  2.57e-14   150    43     0
2223.98  2.60e-14  2.50e-14   150    25     0
2226.64 -4.49e-14  2.94e-14   150   -43     0
2229.30  1.80e-14  2.53e-14   150    17     0
2231.97  5.34e-16  2.29e-14   150     0     0
2234.63 -3.62e-14  2.24e-14   150   -38     0
2237.29  2.92e-14  2.39e-14   150    29     0
2239.96  1.29e-14  2.34e-14   150    12     0
2242.62  1.22e-14  2.29e-14   150    12     0
2245.28  8.20e-15  2.29e-14   150     8     0
2247.94  2.25e-14  2.28e-14   150    22     0
2250.61  5.31e-16  2.11e-14   150     0     0
2253.27 -1.16e-14  2.14e-14   150   -12     0
2255.93  1.73e-16  2.07e-14   150     0     0
2258.59  6.98e-15  2.03e-14   149     7     0
2261.26  2.88e-14  2.11e-14   149    30     0
2263.92  1.87e-15  2.02e-14   149     1     0
2266.58  3.67e-15  1.99e-14   149     4     0
2269.25  8.47e-16  1.89e-14   149     0     0
2271.91 -4.32e-14  1.90e-14   149   -47     0
2274.57 -1.01e-14  2.03e-14   149   -11     0
2277.23 -4.90e-14  5.25e-14   149   -58     0
2279.90 -3.61e-15  1.68e-14   149    -4     0
2282.56 -2.73e-15  1.72e-14   149    -3     0
2285.22 -3.72e-15  1.69e-14   149    -4     0
2287.89 -2.78e-14  1.67e-14   149   -33     0
2290.55 -9.63e-15  1.62e-14   149   -11     0
2293.21  2.85e-14  2.05e-14   149    34     0
2295.87  1.55e-14  1.86e-14   149    19     0
2298.54 -2.98e-14  1.84e-14   149   -38     0
2301.20  2.54e-14  1.62e-14   149    31     0
2303.86  1.52e-14  1.52e-14   149    18     0
2306.53  1.51e-14  1.53e-14   149    18     0
2309.19  9.77e-15  1.49e-14   149    12     0
2311.85  6.55e-15  1.37e-14   149     8     0
2314.51  1.63e-14  1.37e-14   149    22     0
2317.18  1.25e-14  1.38e-14   149    16     0
2319.84 -7.58e-15  1.33e-14   149   -10     0
2322.50  7.23e-15  1.32e-14   149     9     0
2325.16  2.11e-14  1.28e-14   149    29     0
2327.83  2.28e-14  1.25e-14   149    32     0
2330.49  1.45e-14  1.21e-14   149    21     0
2333.15 -6.20e-15  1.16e-14   149    -9     0
2335.82  6.47e-16  1.35e-14   149     0     0
2338.48  1.97e-14  1.30e-14   149    30     0
2341.14 -1.07e-14  1.16e-14   149   -16     0
2343.80  7.51e-15  1.13e-14   149    11     0
2346.47  1.16e-14  1.50e-14   149    18     0
2349.13  2.14e-14  1.08e-14   149    33     0
2351.79  5.66e-15  1.03e-14   149     8     0
2354.46  1.66e-14  1.26e-14   149    26     0
2357.12  2.08e-14  1.07e-14   149    34     0
2359.78  1.27e-14  1.16e-14   149    21     0
2362.44 -1.07e-14  1.01e-14   149   -17     0
2365.11  1.33e-15  9.42e-15   149     2     0
2367.77  3.13e-14  9.93e-15   148    52     0
2370.43  5.28e-15  9.15e-15   148     9     0
2373.09  4.85e-15  1.13e-14   148     8     0
2375.76  1.58e-14  8.58e-15   148    28     0
2378.42  9.14e-15  9.07e-15   148    16     0
2381.08  9.38e-15  1.13e-14   148    17     0
2383.75  1.07e-14  1.34e-14   148    19     0
2386.41  2.68e-14  1.31e-14   148    49     0
2389.07  2.71e-14  1.30e-14   148    50     0
2391.73  1.05e-14  7.91e-15   148    19     0
2394.40  2.55e-14  9.20e-15   148    49     0
2397.06  9.60e-15  7.60e-15   148    18     0
2399.72  2.62e-14  8.05e-15   148    50     0
2402.39  7.74e-15  8.44e-15   148    15     0
2405.05  1.22e-14  7.43e-15   148    23     0
2407.71  1.23e-14  9.70e-15   148    24     0
2410.37  1.98e-14  7.04e-15   148    41     0
2413.04  1.30e-14  6.78e-15   148    27     0
2415.70  1.05e-14  6.63e-15   148    22     0
2418.36  3.49e-15  6.35e-15   148     7     0
2421.03  2.02e-14  6.72e-15   148    43     0
2423.69  5.71e-15  6.30e-15   148    12     0
2426.35  6.31e-15  6.79e-15   148    13     0
2429.01 -2.86e-15  6.04e-15   148    -6     0
2431.68 -2.14e-15  6.12e-15   148    -4     0
2434.34  7.36e-15  6.17e-15   148    16     0
2437.00  4.42e-15  7.99e-15   148     9     0
2439.67  5.41e-15  6.25e-15   148    11     0
2442.33  6.54e-15  6.14e-15   148    14     0
2444.99  3.44e-15  5.85e-15   148     7     0
2447.65  5.09e-15  5.71e-15   148    11     0
2450.32  5.63e-15  5.55e-15   148    13     0
2452.98  1.30e-14  6.43e-15   147    30     0
2455.64  1.03e-14  5.39e-15   147    25     0
2458.30  2.91e-15  5.13e-15   147     7     0
2460.97  8.52e-15  5.25e-15   147    20     0
2463.63  5.82e-15  5.29e-15   147    14     0
2466.29  1.33e-15  4.98e-15   147     3     0
2468.96  9.38e-15  5.06e-15   147    23     0
2471.62  1.06e-14  5.00e-15   147    27     0
2474.28  6.78e-15  4.78e-15   147    17     0
2476.94  8.12e-15  5.24e-15   147    21     0
2479.61  4.04e-15  4.92e-15   147    10     0
2482.27  1.71e-14  5.40e-15   147    45     0
2484.93  1.63e-14  8.00e-15   147    43     0
2487.60  1.96e-14  6.50e-15   147    51     0
2490.26  6.74e-15  4.45e-15   147    18     0
2492.92  9.61e-15  4.53e-15   147    26     0
2495.58  1.17e-14  6.13e-15   147    31     0
2498.25  1.06e-14  6.42e-15   147    28     0
2500.91  1.15e-14  4.46e-15   147    31     0
2503.57 -7.20e-16  4.24e-15   147    -1     0
2506.24 -8.13e-15  4.27e-15   147   -22     0
2508.90  8.21e-15  4.39e-15   146    22     0
2511.56  1.61e-14  4.34e-15   146    45     0
2514.22  6.93e-15  4.08e-15   146    19     0
2516.89  1.27e-14  5.32e-15   146    34     0
2519.55  1.30e-15  4.16e-15   146     3     0
2522.21  6.28e-15  4.58e-15   146    17     0
2524.87  5.82e-15  3.97e-15   146    16     0
2527.54  8.75e-15  4.07e-15   146    25     0
2530.20  1.36e-14  4.45e-15   146    39     0
2532.86  5.67e-15  3.93e-15   146    16     0
2535.53  1.15e-14  4.09e-15   146    34     0
2538.19  1.64e-14  4.57e-15   146    48     0
2540.85  1.14e-14  3.89e-15   146    34     0
2543.51  1.04e-14  3.80e-15   146    31     0
2546.18  1.18e-14  4.78e-15   146    36     0
2548.84  1.61e-14  3.80e-15   146    50     0
2551.50  1.06e-14  3.74e-15   146    32     0
2554.17  5.45e-15  4.20e-15   145    17     0
2556.83  2.32e-15  3.39e-15   145     7     0
2559.49  4.29e-15  4.06e-15   145    14     0
2562.15  9.77e-15  3.62e-15   145    31     0
2564.82  1.14e-14  3.54e-15   145    37     0
2567.48  1.18e-14  3.48e-15   145    39     0
2570.14  1.31e-14  3.49e-15   145    43     0
2572.80  7.80e-15  3.69e-15   145    26     0
2575.47  4.16e-15  3.33e-15   145    13     0
2578.13  1.14e-14  3.77e-15   145    37     0
2580.79  9.84e-15  3.49e-15   145    32     0
2583.46 -7.88e-17  3.29e-15   145     0     0
2586.12  1.12e-14  4.26e-15   145    37     0
2588.78  2.19e-14  7.34e-15   144    73     0
2591.44  2.53e-14  6.95e-15   144    84     0
2594.11  1.75e-14  3.71e-15   144    58     0
2596.77  1.75e-14  4.23e-15   144    60     0
2599.43  2.65e-14  7.06e-15   144    92     0
2602.10  3.70e-14  9.94e-15   144   130     0
2604.76  3.07e-14  7.97e-15   144   109     0
2607.42  2.88e-14  5.53e-15   144   103     0
2610.08  1.78e-14  5.98e-15   144    62     0
2612.75  2.46e-14  7.88e-15   144    86     0
2615.41  2.96e-14  8.43e-15   144   108     0
2618.07  3.53e-14  9.44e-15   144   130     0
2620.74  2.83e-14  1.04e-14   143   104     0
2623.40  3.25e-14  8.72e-15   143   120     0
2626.06  3.81e-14  1.24e-14   143   140     0
2628.72  4.28e-14  1.09e-14   143   157     0
2631.39  4.13e-14  1.21e-14   143   156     0
2634.05  3.29e-14  1.06e-14   143   125     0
2636.71  3.74e-14  9.72e-15   143   140     0
2639.37  2.50e-14  5.60e-15   143    93     0
2642.04  1.03e-14  4.84e-15   143    38     0
2644.70  1.98e-15  3.07e-15   143     7     0
2647.36  2.12e-15  3.81e-15   143     8     0
2650.03  1.40e-14  3.06e-15   142    53     0
2652.69  7.97e-15  2.91e-15   142    30     0
2655.35  8.07e-15  2.98e-15   142    30     0
2658.01  4.49e-15  2.84e-15   142    17     0
2660.68  4.80e-15  3.03e-15   142    18     0
2663.34  6.23e-15  3.15e-15   142    24     0
2666.00  5.10e-15  2.91e-15   142    19     0
2668.67  9.97e-15  3.89e-15   142    38     0
2671.33  1.09e-14  3.21e-15   142    43     0
2673.99  1.04e-14  2.87e-15   142    40     0
2676.65  6.15e-15  2.78e-15   141    24     0
2679.32  2.81e-15  2.70e-15   141    11     0
2681.98  7.28e-15  2.78e-15   141    29     0
2684.64  4.46e-15  2.73e-15   141    17     0
2687.31  9.55e-15  2.79e-15   141    38     0
2689.97  7.59e-15  2.76e-15   141    30     0
2692.63  8.57e-15  2.78e-15   141    34     0
2695.29  9.34e-15  4.00e-15   141    37     0
2697.96  4.46e-15  3.75e-15   141    18     0
2700.62  6.19e-15  5.06e-15   141    24     0
2703.28  1.50e-14  3.44e-15   140    60     0
2705.94  1.19e-14  2.87e-15   140    48     0
2708.61  1.01e-14  2.87e-15   140    40     0
2711.27  1.09e-14  4.45e-15   140    43     0
2713.93  8.44e-15  3.38e-15   140    33     0
2716.60  1.34e-14  4.56e-15   140    53     0
2719.26  1.34e-14  3.02e-15   140    53     0
2721.92  1.52e-14  3.40e-15   140    59     0
2724.58  1.20e-14  4.79e-15   140    47     0
2727.25  1.40e-14  4.38e-15   139    57     0
2729.91  1.17e-14  4.84e-15   139    48     0
2732.57  1.86e-14  5.18e-15   139    76     0
2735.24  2.24e-14  5.96e-15   139    91     0
2737.90  1.97e-14  5.61e-15   139    79     0
2740.56  1.92e-14  3.95e-15   139    78     0
2743.22  2.25e-14  6.04e-15   139    91     0
2745.89  2.55e-14  8.82e-15   139   104     0
2748.55  2.06e-14  5.49e-15   139    84     0
2751.21  2.18e-14  6.06e-15   138    89     0
2753.88  2.53e-14  6.75e-15   138   103     0
2756.54  2.87e-14  6.37e-15   138   117     0
2759.20  2.12e-14  7.15e-15   138    86     0
2761.86  1.74e-14  6.90e-15   138    71     0
2764.53  1.75e-14  4.82e-15   138    71     0
2767.19  1.85e-14  4.15e-15   138    76     0
2769.85  1.29e-14  4.49e-15   138    53     0
2772.51  1.73e-14  5.64e-15   138    70     0
2775.18  1.39e-14  4.10e-15   137    57     0
2777.84  1.34e-14  3.76e-15   137    55     0
2780.50  1.04e-14  3.08e-15   137    43     0
2783.17  1.47e-14  2.98e-15   137    60     0
2785.83  1.52e-14  3.21e-15   137    61     0
2788.49  1.77e-14  3.98e-15   137    70     0
2791.15  2.64e-14  6.61e-15   137   107     0
2793.82  5.36e-14  1.40e-14   137   216     0
2796.48  1.30e-13  3.68e-14   137   519     0
2799.14  2.46e-13  6.95e-14   136   984     0
2801.81  2.45e-13  6.64e-14   136   986     0
2804.47  1.92e-13  5.61e-14   136   777     0
2807.13  1.92e-13  5.58e-14   136   737     0
2809.79  1.36e-13  3.84e-14   136   522     0
2812.46  5.18e-14  1.74e-14   136   207     0
2815.12  1.89e-14  5.21e-15   136    75     0
2817.78  1.20e-14  4.86e-15   136    48     0
2820.45  1.17e-14  3.43e-15   135    46     0
2823.11  9.26e-15  3.08e-15   135    36     0
2825.77  1.31e-14  3.13e-15   135    52     0
2828.43  1.34e-14  3.92e-15   135    53     0
2831.10  9.78e-15  3.75e-15   135    39     0
2833.76  1.11e-14  3.09e-15   135    44     0
2836.42  1.29e-14  3.10e-15   135    51     0
2839.08  1.33e-14  3.36e-15   135    53     0
2841.75  1.11e-14  3.10e-15   135    44     0
2844.41  1.16e-14  3.28e-15   134    45     0
2847.07  1.39e-14  4.87e-15   134    55 -4096
2849.74  1.32e-14  4.88e-15   134    52 -4096
2852.40  1.88e-14  5.38e-15   134    73 -4096
2855.06  2.09e-14  6.23e-15   134    82     0
2857.72  1.83e-14  5.89e-15   134    72     0
2860.39  1.79e-14  4.42e-15   134    69     0
2863.05  1.45e-14  3.75e-15   134    56     0
2865.71  1.54e-14  3.27e-15   134    59     0
2868.38  1.56e-14  4.17e-15   133    60     0
2871.04  1.28e-14  3.48e-15   133    50     0
2873.70  1.03e-14  3.41e-15   133    40     0
2876.36  1.41e-14  4.16e-15   133    53     0
2879.03  1.48e-14  4.80e-15   133    55     0
2881.69  1.62e-14  3.41e-15   133    61     0
2884.35  1.66e-14  4.03e-15   133    62     0
2887.02  2.03e-14  5.38e-15   133    77     0
2889.68  1.56e-14  3.53e-15   133    59     0
2892.34  1.61e-14  3.37e-15   132    61     0
2895.00  1.96e-14  3.41e-15   132    74     0
2897.67  1.32e-14  3.35e-15   132    50     0
2900.33  1.72e-14  4.21e-15   132    64     0
2902.99  1.72e-14  3.65e-15   132    64     0
2905.65  8.85e-15  3.35e-15   132    32     0
2908.32  1.41e-14  3.43e-15   132    52     0
2910.98  1.51e-14  3.80e-15   132    56     0
2913.64  1.86e-14  3.49e-15   132    69     0
2916.31  1.23e-14  3.46e-15   131    45     0
2918.97  1.67e-14  5.09e-15   131    61     0
2921.63  2.48e-14  5.30e-15   131    87     0
2924.29  1.84e-14  4.69e-15   131    64     0
2926.96  2.39e-14  6.58e-15   131    84     0
2929.62  3.14e-14  8.18e-15   131   109     0
2932.28  3.00e-14  7.24e-15   131   103     0
2934.95  1.70e-14  6.60e-15   131    58     0
2937.61  1.60e-14  5.72e-15   131    55     0
2940.27  1.84e-14  5.65e-15   131    62     0
2942.93  1.96e-14  6.17e-15   130    66     0
2945.60  2.23e-14  4.32e-15   130    73     0
2948.26  1.80e-14  4.32e-15   130    58     0
2950.92  2.26e-14  5.34e-15   130    74     0
2953.59  1.90e-14  6.07e-15   130    62     0
2956.25  2.39e-14  7.85e-15   130    78     0
2958.91  2.90e-14  6.49e-15   130    94     0
2961.57  1.88e-14  4.21e-15   130    59     0
2964.24  1.99e-14  5.00e-15   130    62     0
2966.90  1.85e-14  4.57e-15   129    57     0
2969.56  1.93e-14  5.98e-15   129    59     0
2972.22  1.97e-14  5.88e-15   129    60     0
2974.89  2.01e-14  5.10e-15   129    61     0
2977.55  1.24e-14  4.75e-15   129    36     0
2980.21  1.70e-14  4.25e-15   129    50     0
2982.88  2.06e-14  5.25e-15   129    60     0
2985.54  3.00e-14  6.24e-15   129    86     0
2988.20  1.92e-14  5.92e-15   129    54     0
2990.86  1.61e-14  4.47e-15   129    45     0
2993.53  1.26e-14  4.39e-15   129    35     0
2996.19  1.67e-14  6.71e-15   128    45     0
2998.85  2.85e-14  6.53e-15   128    76     0
3001.52  2.57e-14  4.66e-15   128    70     0
3004.18  1.56e-14  4.54e-15   128    42     0
3006.84  1.84e-14  4.86e-15   128    49     0
3009.50  1.74e-14  5.64e-15   128    45     0
3012.17  1.64e-14  5.21e-15   128    42     0
3014.83  1.63e-14  5.04e-15   128    41     0
3017.49  2.50e-14  5.45e-15   128    62     0
3020.16  2.89e-14  6.05e-15   128    71     0
3022.82  2.24e-14  5.12e-15   127    54     0
3025.48  1.55e-14  5.10e-15   127    36     0
3028.14  1.45e-14  5.14e-15   127    33     0
3030.81  1.84e-14  5.20e-15   127    43     0
3033.47  1.59e-14  5.19e-15   127    36     0
3036.13  1.73e-14  5.30e-15   127    39     0
3038.79  2.22e-14  6.19e-15   127    49     0
3041.46  2.64e-14  6.77e-15   127    57     0
3044.12  2.66e-14  6.01e-15   127    57     0
3046.78  2.11e-14  6.57e-15   127    44     0
3049.45  2.04e-14  5.67e-15   127    42     0
3052.11  1.80e-14  6.49e-15   126    37     0
3054.77  2.59e-14  8.21e-15   126    52 -4096
3057.43  2.30e-14  8.35e-15   126    44 -4096
3060.10  1.85e-14  7.02e-15   126    35 -4096
3062.76  1.61e-14  6.43e-15   126    30     0
3065.42  1.03e-14  6.12e-15   126    19     0
3068.09  2.25e-14  6.88e-15   126    40     0
3070.75  2.62e-14  6.54e-15   126    47     0
3073.41  2.11e-14  6.42e-15   126    37     0
3076.07  2.40e-14  6.63e-15   126    41     0
3078.74  2.62e-14  6.85e-15   126    44     0
3081.40  1.13e-14  6.52e-15   125    19     0
3084.06  1.42e-14  6.65e-15   125    23     0
3086.73  1.88e-14  6.94e-15   125    30     0
3089.39  3.25e-14  7.38e-15   125    51     0
3092.05  1.92e-14  7.26e-15   125    29     0
3094.71  1.78e-14  7.12e-15   125    27     0
3097.38  2.85e-14  7.49e-15   125    41     0
3100.04  3.20e-14  7.59e-15   125    46     0
3102.70  3.50e-14  7.73e-15   125    50     0
3105.36  3.22e-14  7.77e-15   125    45     0
3108.03  3.72e-14  7.93e-15   124    51     0
3110.69  3.34e-14  8.10e-15   124    46     0
3113.35  3.08e-14  7.92e-15   124    41     0
3116.02  2.35e-14  8.00e-15   124    30     0
3118.68  2.41e-14  8.13e-15   124    30     0
3121.34  4.48e-14  8.41e-15   124    57     0
3124.00  2.61e-14  8.37e-15   124    32     0
3126.67  1.75e-14  8.39e-15   124    21     0
3129.33  1.62e-14  8.49e-15   124    19     0
3131.99  3.34e-14  1.08e-14   124    39     0
3134.66  3.26e-14  8.75e-15   123    38     0
3137.32  2.98e-14  8.69e-15   123    34     0
3139.98  3.95e-14  9.15e-15   123    44     0
3142.64  4.81e-14  9.35e-15   123    51     0
3145.31  3.26e-14  9.21e-15   123    34     0
3147.97  2.71e-14  9.26e-15   123    27     0
3150.63  3.89e-14  9.22e-15   123    40     0
3153.30  3.37e-14  9.28e-15   123    34     0
3155.96  1.82e-14  1.32e-14   123    18     0
3158.62  2.88e-14  1.10e-14   122    28     0
3161.28  4.75e-14  1.16e-14   122    45     0
3163.95  4.48e-14  1.07e-14   122    41     0
3166.61  5.86e-14  1.21e-14   122    52     0
3169.27  3.64e-14  1.01e-14   122    32     0
3171.93  5.06e-14  1.14e-14   122    42     0
3174.60  4.39e-14  1.05e-14   122    36     0
3177.26  3.90e-14  1.07e-14   122    32     0
3179.92  4.07e-14  1.06e-14   121    33     0
3182.59  4.74e-14  1.06e-14   121    38     0
3185.25  5.51e-14  1.06e-14   121    43     0
3187.91  4.48e-14  1.09e-14   121    34     0
3190.57  5.14e-14  1.11e-14   121    38     0
3193.24  3.35e-14  1.09e-14   121    24     0
3195.90  3.93e-14  1.42e-14   121    28     0
3198.56  5.77e-14  1.65e-14   120    40     0
3201.23  5.09e-14  1.77e-14   120    35     0
3203.89  3.61e-14  1.51e-14   120    24     0
3206.55  4.08e-14  1.47e-14   120    24     0
3209.21  4.57e-14  1.54e-14   120    26     0
3211.88  3.39e-14  1.43e-14   120    20     0
3214.54  3.89e-14  1.28e-14   119    23     0
3217.20  2.32e-14  1.81e-14   119    12     0
3219.87  5.79e-15  1.18e-14   119     3     0
3222.53  5.97e-15  1.13e-14   119     3     0
3225.19  1.92e-14  1.51e-14   119    10     0
3227.85  4.63e-14  1.44e-14   118    24     0
3230.52  4.02e-14  1.77e-14   118    20     0
3233.18  5.77e-14  1.96e-14   118    29     0
3235.84  3.68e-14  1.56e-14   118    17     0
3238.50  6.05e-14  1.26e-14   118    27     0
3241.17  4.47e-14  1.44e-14   117    20     0
3243.83  6.26e-14  1.37e-14   117    27     0
3246.49  4.45e-14  1.44e-14   117    19     0
3249.16  4.20e-14  1.17e-14   117    18     0
3251.82  5.56e-14  1.23e-14   117    24     0
3254.48  6.25e-14  2.02e-14   116    26     0
3257.14  7.04e-14  1.67e-14   116    28     0
3259.81  4.60e-14  2.26e-14   116    18 -4096
3262.47  2.31e-14  1.59e-14   116     9 -4096
3265.13  4.47e-14  2.13e-14   115    17 -4096
3267.80  2.08e-14  2.57e-14   115     7 -4096
3270.46  3.86e-14  2.15e-14   115    14     0
3273.12  3.34e-14  1.49e-14   115    11     0
3275.78  4.11e-14  1.76e-14   114    13     0
3278.45  6.75e-14  1.93e-14   114    21     0
3281.11  4.47e-14  2.40e-14   114    14     0
3283.77  3.11e-14  1.79e-14   113    10     0
3286.44  8.43e-14  1.56e-14   113    25     0
3289.10  7.52e-14  1.60e-14   113    22     0
3291.76  6.78e-14  1.72e-14   112    18     0
3294.42  6.92e-14  2.46e-14   112    18     0
3297.09  6.70e-14  1.82e-14   112    18     0
3299.75  3.14e-14  2.20e-14   111     8     0
3302.41  6.02e-14  1.86e-14   111    16     0
3305.07  7.38e-14  1.87e-14   111    18     0
3307.74  6.30e-14  2.08e-14   110    15     0
3310.40  8.37e-14  2.09e-14   110    20     0
3313.06  2.75e-14  2.03e-14   110     6     0
3315.73  4.41e-14  2.40e-14   109     9     0
3318.39  5.72e-14  2.47e-14   109    11     0
3321.05  7.53e-14  2.72e-14   108    13     0
3323.71  6.74e-14  2.92e-14   108    11     0
3326.38  5.89e-15  3.01e-14   108     1     0
3329.04  1.07e-13  3.32e-14   107    17     0
3331.70  1.41e-13  3.07e-14   107    23     0
3334.37  8.72e-14  3.03e-14   106    13     0
3337.03  7.31e-14  3.02e-14   106    12     0
3339.69  7.53e-14  3.08e-14   105    12     0
3342.35  5.48e-14  3.28e-14   105     8     0
3345.02  6.53e-14  3.48e-14   105     8     0
3347.68  1.73e-13  3.60e-14   104    23     0
