NOT ORIGINAL IUE PROJECT DATA PRODUCT
LWP23878LOWLARGE
HD  197481
20:42:04
-31:31:05
48
NO-TRAIL
X-OFFSETS
1199.063
09/09/92
00:59:49
253
7.83
25/05/96
GSFC
2448874.54154
61
34
1851.19  7.99e-13  9.80e-13   182    68     0
1853.85  8.81e-13  9.16e-13   182    80     0
1856.51  7.38e-13  1.34e-12   183    45     0
1859.17  9.60e-13  1.25e-12   184    63     0
1861.84  3.36e-13  6.98e-13   185    39     0
1864.50 -1.37e-13  6.35e-13   185   -17     0
1867.16  2.86e-13  4.76e-13   186    48     0
1869.83  3.02e-13  4.44e-13   187    54     0
1872.49  2.41e-13  3.94e-13   187    48     0
1875.15  3.12e-13  3.41e-13   188    72     0
1877.81 -1.57e-13  3.17e-13   188   -38     0
1880.48 -2.61e-13  3.34e-13   189   -60     0
1883.14  2.57e-13  3.19e-13   190    62     0
1885.80 -2.61e-13  4.67e-13   190   -69     0
1888.47 -2.90e-13  3.89e-13   191   -80     0
1891.13  3.39e-13  2.65e-13   191    97     0
1893.79  4.73e-13  2.56e-13   192   140     0
1896.45 -3.32e-14  2.25e-13   192   -10     0
1899.12 -3.87e-13  2.16e-13   193  -130     0
1901.78  4.27e-14  2.27e-13   193    13     0
1904.44  2.37e-13  2.23e-13   194    77     0
1907.11 -7.87e-14  2.08e-13   194   -26     0
1909.77  2.48e-13  2.04e-13   195    87     0
1912.43  1.26e-13  1.98e-13   195    48     0
1915.09  9.64e-15  1.93e-13   196     3     0
1917.76  1.51e-13  1.99e-13   196    59 -4096
1920.42 -1.11e-13  1.61e-13   196   -50     0
1923.08 -7.15e-13  5.38e-13   197  -335     0
1925.74  6.95e-14  1.62e-13   197    28     0
1928.41  2.02e-13  1.59e-13   198    86     0
1931.07  1.85e-13  1.45e-13   198    86     0
1933.73 -3.39e-13  2.96e-13   198  -162     0
1936.40  9.22e-14  1.37e-13   199    44     0
1939.06  4.31e-14  1.32e-13   199    21     0
1941.72  1.96e-13  1.28e-13   199   101     0
1944.38  6.95e-14  1.21e-13   200    36     0
1947.05  9.74e-14  1.14e-13   200    54     0
1949.71 -1.59e-13  1.09e-13   200   -91     0
1952.37  5.79e-14  1.14e-13   201    31     0
1955.04  1.57e-13  1.11e-13   201    89     0
1957.70  7.17e-14  1.06e-13   201    41     0
1960.36  4.18e-14  1.01e-13   201    25     0
1963.02  6.82e-14  9.89e-14   202    41     0
1965.69  6.63e-14  9.13e-14   202    43     0
1968.35 -9.91e-14  1.02e-13   202   -67     0
1971.01  1.06e-13  9.18e-14   203    68     0
1973.68  1.21e-13  8.92e-14   203    80     0
1976.34  5.00e-14  7.79e-14   203    37     0
1979.00 -1.20e-13  7.47e-14   203   -91     0
1981.66  4.14e-14  7.73e-14   204    30     0
1984.33  7.80e-14  7.57e-14   204    58     0
1986.99 -2.14e-14  7.03e-14   204   -16     0
1989.65  1.06e-13  7.04e-14   204    85     0
1992.31  1.77e-14  6.92e-14   204    14     0
1994.98 -1.82e-14  6.73e-14   205   -14     0
1997.64 -3.84e-14  6.44e-14   205   -32     0
2000.30  1.23e-13  6.69e-14   205   102     0
2002.97 -1.64e-14  6.31e-14   205   -13     0
2005.63  6.02e-14  6.18e-14   206    52     0
2008.29  2.83e-14  6.00e-14   206    24     0
2010.95 -1.14e-14  6.29e-14   206    -9     0
2013.62  4.45e-14  6.27e-14   206    36     0
2016.28  4.41e-14  5.53e-14   206    41     0
2018.94 -1.79e-14  5.38e-14   206   -16     0
2021.61  5.95e-15  5.74e-14   207     5     0
2024.27  1.22e-14  5.69e-14   207    10     0
2026.93  3.36e-15  5.44e-14   207     3     0
2029.59  4.25e-14  5.44e-14   207    38     0
2032.26  1.59e-14  5.40e-14   207    14     0
2034.92  6.85e-14  5.45e-14   208    61     0
2037.58  7.09e-14  5.40e-14   208    64     0
2040.25 -4.36e-15  5.30e-14   208    -3     0
2042.91  1.58e-15  5.25e-14   208     1     0
2045.57 -7.18e-15  5.38e-14   208    -6     0
2048.23  3.59e-14  5.38e-14   208    31     0
2050.90  3.68e-14  5.18e-14   209    32     0
2053.56 -1.30e-14  5.05e-14   209   -11     0
2056.22  2.70e-14  5.03e-14   209    24     0
2058.88  9.16e-15  4.91e-14   209     8     0
2061.55 -1.02e-13  1.03e-13   209   -93     0
2064.21 -2.35e-13  2.12e-13   209  -217     0
2066.87  8.68e-15  4.68e-14   210     8     0
2069.54 -2.03e-14  4.60e-14   210   -19     0
2072.20  4.22e-14  4.52e-14   210    40     0
2074.86 -1.55e-14  4.38e-14   210   -15     0
2077.52  4.07e-14  4.38e-14   210    39     0
2080.19  6.00e-15  4.31e-14   210     5     0
2082.85  9.18e-15  4.25e-14   211     8     0
2085.51  5.54e-14  4.34e-14   211    53     0
2088.18 -4.52e-14  4.19e-14   211   -43     0
2090.84  1.38e-14  4.08e-14   211    13     0
2093.50 -9.22e-15  4.03e-14   211    -9     0
2096.16  8.86e-15  4.08e-14   211     8     0
2098.83  2.39e-14  4.08e-14   212    23     0
2101.49 -2.83e-15  4.04e-14   212    -2     0
2104.15  2.15e-14  4.04e-14   212    20     0
2106.82 -8.02e-15  4.03e-14   212    -7     0
2109.48  1.29e-15  4.00e-14   212     1     0
2112.14  3.35e-15  3.96e-14   212     3     0
2114.80 -6.11e-15  3.93e-14   213    -5     0
2117.47  4.37e-14  4.01e-14   213    41     0
2120.13  1.36e-14  3.83e-14   213    13     0
2122.79  2.15e-14  3.90e-14   213    20     0
2125.45  9.91e-15  3.71e-14   213     9     0
2128.12  2.62e-14  3.72e-14   213    25     0
2130.78 -2.33e-14  3.66e-14   214   -22     0
2133.44 -1.02e-14  3.62e-14   214    -9     0
2136.11  2.52e-14  3.64e-14   214    24     0
2138.77  2.43e-14  3.60e-14   214    23     0
2141.43  1.08e-14  3.47e-14   214    10     0
2144.09  3.69e-14  3.49e-14   214    36     0
2146.76  1.20e-14  3.40e-14   215    11     0
2149.42  1.55e-14  3.38e-14   215    15     0
2152.08 -2.13e-14  3.43e-14   215   -20     0
2154.75  4.92e-14  3.50e-14   215    47     0
2157.41  3.07e-15  3.26e-14   215     3     0
2160.07  3.98e-14  3.37e-14   215    38     0
2162.73 -4.67e-15  3.26e-14   216    -4     0
2165.40  2.65e-14  3.23e-14   216    26     0
2168.06 -6.16e-15  3.15e-14   216    -6     0
2170.72 -6.92e-15  3.12e-14   216    -6     0
2173.39  4.93e-14  3.20e-14   216    49     0
2176.05 -5.68e-15  3.15e-14   217    -5     0
2178.71 -8.62e-15  3.12e-14   217    -8     0
2181.37 -3.90e-14  3.17e-14   217   -37     0
2184.04  3.72e-16  3.14e-14   217     0     0
2186.70  6.79e-16  2.98e-14   217     0     0
2189.36 -4.00e-14  2.96e-14   217   -39     0
2192.02 -3.00e-14  3.01e-14   218   -29     0
2194.69  7.83e-16  2.98e-14   218     0     0
2197.35 -2.04e-15  2.94e-14   218    -1     0
2200.01  2.60e-14  2.99e-14   218    25     0
2202.68  7.93e-15  2.92e-14   218     7     0
2205.34  5.13e-16  2.86e-14   219     0     0
2208.00 -6.05e-15  2.83e-14   219    -5     0
2210.66  1.51e-14  2.90e-14   219    14     0
2213.33 -2.00e-14  2.84e-14   219   -19     0
2215.99  1.84e-14  2.73e-14   219    18     0
2218.65  7.40e-16  2.67e-14   219     0     0
2221.32  3.66e-15  2.66e-14   220     3     0
2223.98  3.34e-14  2.69e-14   220    33     0
2226.64  1.43e-14  2.74e-14   220    13     0
2229.30 -1.65e-14  2.69e-14   220   -15     0
2231.97  1.50e-14  2.46e-14   220    15     0
2234.63  1.40e-15  2.41e-14   221     1     0
2237.29  1.06e-14  2.53e-14   221    10     0
2239.96 -1.54e-14  2.50e-14   221   -15     0
2242.62 -1.73e-14  2.45e-14   221   -17     0
2245.28 -9.18e-15  2.47e-14   221    -9     0
2247.94  3.39e-14  2.49e-14   221    34     0
2250.61 -4.25e-15  2.28e-14   222    -4     0
2253.27 -4.59e-15  2.24e-14   222    -4     0
2255.93  1.22e-14  2.26e-14   222    12     0
2258.59  3.66e-15  2.19e-14   222     3     0
2261.26  8.27e-16  2.24e-14   222     0     0
2263.92 -1.87e-14  2.19e-14   223   -19     0
2266.58  1.20e-14  2.12e-14   223    13     0
2269.25 -5.43e-15  2.05e-14   223    -6     0
2271.91 -2.03e-14  2.07e-14   223   -22     0
2274.57 -2.85e-14  2.03e-14   223   -31     0
2277.23 -3.99e-14  1.87e-14   223   -47     0
2279.90 -2.73e-14  1.83e-14   224   -33     0
2282.56 -8.87e-15  1.88e-14   224   -10     0
2285.22 -1.71e-15  1.85e-14   224    -2     0
2287.89 -9.86e-15  1.83e-14   224   -11     0
2290.55 -3.01e-14  1.78e-14   224   -36     0
2293.21 -5.61e-15  1.76e-14   225    -6     0
2295.87 -6.31e-15  1.67e-14   225    -8     0
2298.54 -6.20e-15  1.65e-14   225    -7     0
2301.20  5.86e-15  1.69e-14   225     7     0
2303.86 -8.00e-15  1.66e-14   225    -9     0
2306.53 -1.04e-14  1.66e-14   225   -12     0
2309.19  6.76e-15  1.64e-14   226     8     0
2311.85  8.90e-15  1.52e-14   226    11     0
2314.51  5.19e-15  1.49e-14   226     7     0
2317.18 -2.19e-15  1.51e-14   226    -2     0
2319.84 -3.03e-16  1.48e-14   226     0     0
2322.50 -1.51e-14  1.46e-14   226   -20     0
2325.16  2.12e-14  1.42e-14   227    30     0
2327.83  1.07e-14  1.36e-14   227    15     0
2330.49  1.16e-15  1.32e-14   227     1     0
2333.15  4.47e-16  1.29e-14   227     0     0
2335.82  7.31e-15  1.27e-14   227    11     0
2338.48  1.76e-14  1.25e-14   227    27     0
2341.14 -2.07e-14  1.22e-14   227   -31     0
2343.80  7.91e-15  1.21e-14   228    12     0
2346.47  2.20e-16  1.19e-14   228     0     0
2349.13  2.18e-14  1.21e-14   228    34     0
2351.79  1.05e-14  1.17e-14   228    16     0
2354.46  2.12e-14  1.18e-14   228    33     0
2357.12  2.57e-14  1.12e-14   228    43     0
2359.78  1.00e-14  1.07e-14   228    17     0
2362.44  1.27e-14  1.09e-14   229    21     0
2365.11  9.20e-15  1.07e-14   229    15     0
2367.77  1.58e-15  1.05e-14   229     2     0
2370.43  4.04e-15  1.05e-14   229     6     0
2373.09 -1.94e-15  9.96e-15   229    -3     0
2375.76  6.42e-15  9.46e-15   229    11     0
2378.42  1.93e-14  9.80e-15   229    35     0
2381.08  3.14e-14  9.97e-15   230    57     0
2383.75  4.43e-14  1.21e-14   230    81     0
2386.41  1.36e-14  9.29e-15   230    25     0
2389.07  1.93e-14  9.28e-15   230    36     0
2391.73  6.46e-15  8.77e-15   230    12     0
2394.40  1.46e-14  8.88e-15   230    28     0
2397.06  1.86e-14  8.85e-15   230    35     0
2399.72  2.32e-14  8.95e-15   230    45     0
2402.39  8.39e-15  8.30e-15   230    16     0
2405.05  1.43e-14  1.07e-14   231    27     0
2407.71  1.86e-14  8.58e-15   231    36     0
2410.37  6.26e-15  7.71e-15   231    13     0
2413.04  7.76e-15  7.65e-15   231    16     0
2415.70  1.25e-15  7.42e-15   231     2     0
2418.36 -1.28e-15  7.31e-15   231    -2     0
2421.03  9.77e-15  7.44e-15   231    20     0
2423.69  7.08e-15  7.30e-15   231    15     0
2426.35  1.71e-14  7.35e-15   231    37     0
2429.01  1.02e-14  7.11e-15   231    22     0
2431.68  2.00e-14  7.49e-15   231    43     0
2434.34  1.43e-14  7.26e-15   231    31     0
2437.00  1.12e-14  7.08e-15   232    24     0
2439.67  2.61e-14  7.35e-15   232    57     0
2442.33  2.36e-14  7.11e-15   232    53     0
2444.99  4.48e-15  6.57e-15   232    10     0
2447.65  1.25e-14  6.76e-15   232    28     0
2450.32  1.53e-15  6.39e-15   232     3     0
2452.98  1.58e-15  6.31e-15   232     3     0
2455.64  9.10e-15  6.24e-15   232    22     0
2458.30  6.71e-15  6.55e-15   232    16     0
2460.97  8.94e-15  6.57e-15   232    21     0
2463.63  1.97e-14  6.25e-15   232    48     0
2466.29 -2.67e-15  5.81e-15   232    -6     0
2468.96  1.36e-14  5.93e-15   232    34     0
2471.62  5.43e-15  5.66e-15   232    13     0
2474.28  5.19e-15  5.54e-15   232    13     0
2476.94  1.59e-14  5.69e-15   232    41     0
2479.61  1.66e-14  6.31e-15   232    44     0
2482.27  2.60e-14  5.99e-15   232    69     0
2484.93  2.41e-14  8.19e-15   232    64     0
2487.60  1.99e-14  7.44e-15   232    52     0
2490.26  1.16e-14  8.38e-15   232    31     0
2492.92  1.40e-14  5.59e-15   232    38     0
2495.58  1.27e-14  5.38e-15   232    34     0
2498.25  1.43e-14  5.41e-15   232    38     0
2500.91  1.03e-14  5.18e-15   232    28     0
2503.57  1.63e-14  5.31e-15   232    44     0
2506.24  1.56e-14  5.36e-15   232    42     0
2508.90  1.44e-14  5.43e-15   232    39     0
2511.56  1.21e-14  4.96e-15   232    34     0
2514.22  1.20e-14  4.96e-15   232    34     0
2516.89  1.77e-14  5.30e-15   232    48     0
2519.55  1.72e-14  5.70e-15   232    47     0
2522.21  1.03e-14  4.83e-15   232    29     0
2524.87  9.41e-15  4.75e-15   232    27     0
2527.54  1.84e-14  5.15e-15   232    52     0
2530.20  6.76e-15  4.69e-15   232    19     0
2532.86  2.22e-14  7.17e-15   232    64     0
2535.53  8.06e-15  4.60e-15   232    23     0
2538.19  1.41e-14  4.98e-15   232    42     0
2540.85  1.20e-14  5.18e-15   232    36     0
2543.51  1.29e-14  4.53e-15   232    39     0
2546.18  8.40e-15  4.32e-15   232    26     0
2548.84  2.00e-14  4.53e-15   231    63     0
2551.50  1.01e-14  5.45e-15   231    31     0
2554.17  3.86e-15  4.29e-15   231    12     0
2556.83  1.93e-15  4.18e-15   231     6     0
2559.49  9.12e-15  4.05e-15   231    30     0
2562.15  1.19e-14  4.70e-15   231    39     0
2564.82  4.57e-15  4.76e-15   231    14     0
2567.48  1.26e-14  4.17e-15   231    42     0
2570.14  2.21e-15  3.85e-15   231     7     0
2572.80  9.25e-15  4.27e-15   231    31     0
2575.47  1.11e-14  4.06e-15   231    36     0
2578.13  9.31e-15  4.02e-15   231    30     0
2580.79  7.39e-15  4.03e-15   230    24     0
2583.46  1.53e-14  6.39e-15   230    49     0
2586.12  2.57e-14  7.80e-15   230    86     0
2588.78  2.17e-14  6.32e-15   230    73     0
2591.44  2.39e-14  6.00e-15   230    79     0
2594.11  2.91e-14  5.67e-15   230    97     0
2596.77  3.61e-14  9.27e-15   230   125     0
2599.43  3.25e-14  1.11e-14   230   114     0
2602.10  3.22e-14  9.24e-15   229   113     0
2604.76  1.57e-14  6.98e-15   229    55     0
2607.42  2.93e-14  8.13e-15   229   105     0
2610.08  4.08e-14  1.18e-14   229   143     0
2612.75  3.73e-14  1.20e-14   229   132     0
2615.41  3.26e-14  1.09e-14   229   119     0
2618.07  3.53e-14  9.91e-15   229   130     0
2620.74  3.28e-14  9.01e-15   228   121     0
2623.40  3.37e-14  9.89e-15   228   125     0
2626.06  4.67e-14  1.32e-14   228   172     0
2628.72  4.70e-14  1.43e-14   228   173     0
2631.39  3.58e-14  1.30e-14   228   136     0
2634.05  1.72e-14  6.59e-15   228    65     0
2636.71  1.07e-14  3.69e-15   227    40     0
2639.37  1.56e-14  3.93e-15   227    58     0
2642.04  1.12e-14  5.51e-15   227    42     0
2644.70  5.36e-15  3.64e-15   227    20     0
2647.36  1.98e-15  3.48e-15   227     7     0
2650.03  4.18e-15  3.40e-15   227    15     0
2652.69  5.79e-15  3.35e-15   226    22     0
2655.35  6.63e-15  3.38e-15   226    25     0
2658.01  5.97e-15  3.59e-15   226    22     0
2660.68  9.55e-15  3.34e-15   226    37     0
2663.34  6.60e-15  3.49e-15   226    25     0
2666.00  4.08e-15  3.26e-15   225    15     0
2668.67  1.16e-14  4.25e-15   225    45     0
2671.33  9.13e-15  3.78e-15   225    35     0
2673.99  8.90e-15  3.33e-15   225    35     0
2676.65  7.50e-15  3.26e-15   225    29     0
2679.32  3.43e-15  3.22e-15   224    13     0
2681.98  3.49e-15  3.14e-15   224    14     0
2684.64 -8.26e-16  3.14e-15   224    -3     0
2687.31  7.40e-15  3.17e-15   224    30     0
2689.97  6.93e-15  3.41e-15   224    28     0
2692.63  7.66e-15  4.45e-15   223    31     0
2695.29  4.11e-15  4.33e-15   223    16     0
2697.96  1.57e-16  3.09e-15   223     0     0
2700.62 -9.09e-17  3.11e-15   223     0     0
2703.28  7.73e-15  3.26e-15   223    31     0
2705.94  1.05e-14  3.58e-15   222    42     0
2708.61  1.10e-14  4.06e-15   222    44     0
2711.27  1.60e-14  4.45e-15   222    63     0
2713.93  1.23e-14  3.65e-15   222    48     0
2716.60  9.79e-15  3.95e-15   221    39     0
2719.26  6.67e-15  3.30e-15   221    26     0
2721.92  2.22e-15  3.22e-15   221     8     0
2724.58  1.35e-14  4.91e-15   221    53     0
2727.25  1.92e-14  7.02e-15   221    79     0
2729.91  1.35e-14  4.74e-15   220    56     0
2732.57  1.54e-14  6.31e-15   220    63     0
2735.24  1.70e-14  6.64e-15   220    69     0
2737.90  1.96e-14  6.01e-15   220    79     0
2740.56  2.18e-14  6.24e-15   219    89     0
2743.22  2.23e-14  6.10e-15   219    91     0
2745.89  2.99e-14  8.13e-15   219   123     0
2748.55  3.22e-14  9.21e-15   219   132     0
2751.21  3.14e-14  9.43e-15   218   128     0
2753.88  2.23e-14  7.70e-15   218    91     0
2756.54  2.80e-14  7.91e-15   218   114     0
2759.20  2.19e-14  6.86e-15   218    89     0
2761.86  1.50e-14  6.22e-15   218    61     0
2764.53  9.51e-15  3.66e-15   217    39     0
2767.19  9.57e-15  4.57e-15   217    39     0
2769.85  1.37e-14  4.46e-15   217    57     0
2772.51  2.13e-14  4.52e-15   217    86     0
2775.18  1.32e-14  4.87e-15   216    54     0
2777.84  1.78e-14  6.61e-15   216    73     0
2780.50  1.51e-14  3.96e-15   216    62     0
2783.17  1.16e-14  3.58e-15   216    47     0
2785.83  1.26e-14  4.30e-15   215    50     0
2788.49  2.32e-14  7.39e-15   215    92     0
2791.15  7.21e-14  2.10e-14   215   293     0
2793.82  1.66e-13  5.04e-14   215   671     0
2796.48  2.69e-13  8.10e-14   215  1073     0
2799.14  2.39e-13  7.05e-14   214   959     0
2801.81  2.12e-13  6.49e-14   214   855     0
2804.47  2.06e-13  6.23e-14   214   836     0
2807.13  1.15e-13  3.61e-14   214   441     0
2809.79  2.36e-14  7.08e-15   213    91     0
2812.46  1.21e-14  4.75e-15   213    48     0
2815.12  1.72e-14  3.50e-15   213    69     0
2817.78  9.98e-15  3.61e-15   213    40     0
2820.45  6.14e-15  3.54e-15   213    24     0
2823.11  9.88e-16  3.26e-15   212     3     0
2825.77  6.77e-15  4.35e-15   212    27     0
2828.43  1.65e-14  6.07e-15   212    65     0
2831.10  1.16e-14  3.97e-15   212    46     0
2833.76  1.41e-14  3.62e-15   212    57     0
2836.42  1.23e-14  3.42e-15   211    49     0
2839.08  1.24e-14  3.43e-15   211    49     0
2841.75  1.07e-14  3.45e-15   211    42     0
2844.41  1.43e-14  3.59e-15   211    56     0
2847.07  1.98e-14  3.93e-15   211    79 -4096
2849.74  1.18e-14  3.93e-15   210    47 -4096
2852.40  1.83e-14  8.01e-15   210    71 -4096
2855.06  1.23e-14  6.01e-15   210    48     0
2857.72  7.00e-15  3.39e-15   210    27     0
2860.39  1.17e-14  5.31e-15   210    45     0
2863.05  9.96e-15  4.06e-15   209    38     0
2865.71  1.51e-14  4.26e-15   209    58     0
2868.38  1.57e-14  3.67e-15   209    61     0
2871.04  1.56e-14  3.59e-15   209    61     0
2873.70  8.19e-15  3.47e-15   209    31     0
2876.36  2.08e-14  6.82e-15   209    78     0
2879.03  2.38e-14  4.63e-15   208    89     0
2881.69  1.65e-14  4.81e-15   208    62     0
2884.35  1.39e-14  6.56e-15   208    52     0
2887.02  1.42e-14  4.56e-15   208    54     0
2889.68  1.60e-14  3.97e-15   208    60     0
2892.34  1.94e-14  4.07e-15   208    73     0
2895.00  1.85e-14  5.16e-15   207    70     0
2897.67  1.18e-14  3.81e-15   207    45     0
2900.33  1.02e-14  4.24e-15   207    38     0
2902.99  1.96e-14  5.63e-15   207    73     0
2905.65  1.77e-14  5.15e-15   207    65     0
2908.32  1.55e-14  4.55e-15   207    57     0
2910.98  9.49e-15  4.43e-15   207    35     0
2913.64  1.25e-14  3.96e-15   207    46     0
2916.31  1.27e-14  4.82e-15   206    47     0
2918.97  1.92e-14  6.69e-15   206    70     0
2921.63  2.06e-14  7.77e-15   206    72     0
2924.29  1.81e-14  8.08e-15   206    63     0
2926.96  2.52e-14  7.43e-15   206    88     0
2929.62  2.16e-14  6.65e-15   206    75     0
2932.28  1.49e-14  6.15e-15   206    51     0
2934.95  2.16e-14  4.54e-15   206    74     0
2937.61  2.17e-14  5.84e-15   206    74     0
2940.27  2.20e-14  5.89e-15   206    74     0
2942.93  2.03e-14  4.55e-15   206    68     0
2945.60  2.30e-14  4.52e-15   205    75     0
2948.26  2.33e-14  4.36e-15   205    76     0
2950.92  2.87e-14  4.61e-15   205    95     0
2953.59  1.63e-14  5.79e-15   205    53     0
2956.25  1.56e-14  5.61e-15   205    51     0
2958.91  2.32e-14  6.46e-15   205    75     0
2961.57  2.67e-14  5.00e-15   205    85     0
2964.24  2.14e-14  4.94e-15   205    67     0
2966.90  1.47e-14  4.73e-15   205    46     0
2969.56  2.03e-14  7.00e-15   205    62     0
2972.22  2.02e-14  7.01e-15   205    62     0
2974.89  2.52e-14  5.33e-15   205    76     0
2977.55  2.86e-14  7.44e-15   205    84     0
2980.21  2.37e-14  8.06e-15   205    70     0
2982.88  2.31e-14  8.20e-15   205    67     0
2985.54  2.05e-14  6.57e-15   205    59     0
2988.20  2.16e-14  5.96e-15   205    61     0
2990.86  2.11e-14  4.92e-15   205    59     0
2993.53  2.54e-14  5.02e-15   205    71     0
2996.19  2.13e-14  5.36e-15   205    57     0
2998.85  1.62e-14  5.07e-15   205    43     0
3001.52  1.12e-14  4.88e-15   205    30     0
3004.18  1.08e-14  6.22e-15   205    29     0
3006.84  1.54e-14  5.50e-15   205    41     0
3009.50  1.46e-14  7.49e-15   205    38     0
3012.17  2.07e-14  5.33e-15   205    53     0
3014.83  1.69e-14  5.32e-15   205    42     0
3017.49  2.20e-14  5.41e-15   205    55     0
3020.16  2.25e-14  5.52e-15   205    55     0
3022.82  8.45e-15  5.39e-15   205    20     0
3025.48  6.46e-15  5.47e-15   205    15     0
3028.14  1.10e-14  5.62e-15   206    25     0
3030.81  2.28e-14  6.18e-15   206    53     0
3033.47  8.23e-15  5.61e-15   206    19     0
3036.13  1.06e-14  5.91e-15   206    24     0
3038.79  1.37e-14  5.85e-15   206    30     0
3041.46  2.88e-14  7.12e-15   206    63     0
3044.12  3.46e-14  8.33e-15   206    74     0
3046.78  3.16e-14  6.33e-15   206    67     0
3049.45  2.10e-14  6.25e-15   206    44     0
3052.11  1.99e-14  6.41e-15   206    41     0
3054.77  1.47e-14  6.82e-15   206    30     0
3057.43  1.43e-14  9.17e-15   207    27 -4096
3060.10  1.76e-14  7.58e-15   207    33 -4096
3062.76  1.92e-14  7.33e-15   207    36     0
3065.42  1.60e-14  6.88e-15   207    29     0
3068.09  1.81e-14  7.00e-15   207    32     0
3070.75  2.18e-14  7.07e-15   207    39     0
3073.41  2.36e-14  7.22e-15   207    42     0
3076.07  2.81e-14  8.60e-15   207    48     0
3078.74  3.15e-14  8.43e-15   208    53     0
3081.40  2.53e-14  7.73e-15   208    42     0
3084.06  3.27e-14  8.27e-15   208    54     0
3086.73  4.13e-14  1.01e-14   208    66     0
3089.39  3.21e-14  8.87e-15   208    50     0
3092.05  2.73e-14  7.98e-15   208    42     0
3094.71  6.58e-15  7.78e-15   209    10     0
3097.38  1.15e-14  8.12e-15   209    16     0
3100.04  1.94e-14  8.30e-15   209    28     0
3102.70  1.49e-14  8.35e-15   209    21     0
3105.36  1.35e-14  8.41e-15   209    19     0
3108.03  1.82e-14  8.58e-15   209    25     0
3110.69  3.13e-14  8.77e-15   210    43     0
3113.35  2.84e-14  8.87e-15   210    38     0
3116.02  2.62e-14  9.55e-15   210    34     0
3118.68  1.14e-14  8.96e-15   210    14     0
3121.34  1.42e-14  8.99e-15   210    18     0
3124.00  2.27e-14  9.27e-15   210    28     0
3126.67  2.50e-14  9.37e-15   211    30     0
3129.33  3.43e-14  9.59e-15   211    41     0
3131.99  3.23e-14  9.69e-15   211    38     0
3134.66  5.52e-14  1.05e-14   211    64     0
3137.32  5.15e-14  1.02e-14   211    59     0
3139.98  4.42e-14  1.02e-14   212    49     0
3142.64  5.84e-14  1.07e-14   212    63     0
3145.31  5.26e-14  1.08e-14   212    55     0
3147.97  3.17e-14  1.06e-14   212    32     0
3150.63  3.40e-14  1.04e-14   212    35     0
3153.30  2.28e-14  1.05e-14   213    23     0
3155.96  2.80e-14  1.47e-14   213    28     0
3158.62  3.64e-14  1.10e-14   213    35     0
3161.28  4.47e-14  1.13e-14   213    42     0
3163.95  2.18e-14  1.11e-14   213    20     0
3166.61  9.84e-15  1.11e-14   214     8     0
3169.27  1.42e-14  1.13e-14   214    12     0
3171.93  3.36e-14  1.20e-14   214    28     0
3174.60  3.10e-14  1.21e-14   214    25     0
3177.26  3.71e-14  1.19e-14   214    31     0
3179.92  2.79e-14  1.18e-14   214    23     0
3182.59  4.67e-14  1.75e-14   215    37     0
3185.25  5.81e-14  1.82e-14   215    46     0
3187.91  5.27e-14  1.31e-14   215    41     0
3190.57  5.32e-14  1.33e-14   215    39     0
3193.24  4.32e-14  1.31e-14   215    31     0
3195.90  3.68e-14  1.31e-14   215    26     0
3198.56  3.62e-14  1.29e-14   216    25     0
3201.23  4.43e-14  1.35e-14   216    31     0
3203.89  3.27e-14  1.63e-14   216    22     0
3206.55  3.00e-14  1.59e-14   216    18     0
3209.21  5.46e-14  1.61e-14   216    32     0
3211.88  4.15e-14  1.57e-14   216    25     0
3214.54  2.95e-14  1.55e-14   216    17     0
3217.20  4.19e-14  1.61e-14   217    23     0
3219.87  7.27e-14  1.57e-14   217    39     0
3222.53  7.11e-14  1.51e-14   217    39     0
3225.19  5.37e-14  1.50e-14   217    28     0
3227.85  5.20e-14  1.58e-14   217    27     0
3230.52  4.52e-14  1.63e-14   217    23     0
3233.18  6.83e-14  2.44e-14   217    34     0
3235.84  6.31e-14  2.15e-14   217    30     0
3238.50  8.24e-14  1.64e-14   217    38     0
3241.17  6.15e-14  1.65e-14   217    28     0
3243.83  8.26e-14  2.01e-14   217    36     0
3246.49  1.33e-13  4.40e-14   217    59     0
3249.16  2.80e-13  1.04e-13   217   122     0
3251.82  2.95e-13  9.32e-14   217   127     0
3254.48  1.61e-13  4.86e-14   217    67     0
3257.14  1.09e-13  2.52e-14   217    44     0
3259.81  8.17e-14  2.19e-14   217    32     0
3262.47  3.47e-14  1.76e-14   217    14 -4096
3265.13  5.81e-14  1.86e-14   217    22 -4096
3267.80  3.24e-14  1.70e-14   217    12 -4096
3270.46  5.36e-14  1.67e-14   217    19 -4096
3273.12  4.91e-14  1.53e-14   217    17     0
3275.78  2.85e-14  1.58e-14   217     9     0
3278.45  2.22e-14  1.63e-14   217     7     0
3281.11  1.07e-14  2.32e-14   217     3     0
3283.77 -1.22e-14  2.10e-14   216    -3     0
3286.44  5.54e-14  2.03e-14   216    17     0
3289.10  4.07e-14  2.24e-14   216    12     0
3291.76  7.26e-15  2.90e-14   216     2     0
3294.42  2.53e-14  1.79e-14   216     6     0
3297.09  4.98e-14  1.77e-14   215    14     0
3299.75 -2.15e-14  1.77e-14   215    -5     0
3302.41  2.31e-14  3.07e-14   215     6     0
3305.07  4.45e-14  2.83e-14   214    11     0
3307.74  1.81e-14  2.53e-14   214     4     0
3310.40 -5.50e-15  2.03e-14   214    -1     0
3313.06 -3.62e-14  2.10e-14   213    -8     0
3315.73 -4.36e-14  3.67e-14   213    -8     0
3318.39 -4.48e-14  3.76e-14   213    -8     0
3321.05 -1.06e-14  2.68e-14   212    -1     0
3323.71  5.47e-16  2.77e-14   212     0     0
3326.38  9.49e-15  4.37e-14   211     1     0
3329.04  2.67e-15  5.73e-14   211     0     0
3331.70  8.32e-14  2.91e-14   210    13     0
3334.37  6.85e-14  3.03e-14   210    10     0
3337.03  3.54e-14  2.79e-14   209     6     0
3339.69  7.87e-14  3.00e-14   208    13     0
3342.35  8.89e-14  3.99e-14   208    13     0
3345.02  1.39e-13  6.06e-14   207    19     0
3347.68  8.62e-14  3.93e-14   206    11     0
