NOT ORIGINAL IUE PROJECT DATA PRODUCT
LWP23880LOWLARGE
HD  197481
20:42:04
-31:31:05
48
NO-TRAIL
X-OFFSETS
1199.063
09/09/92
04:04:18
253
9.84
25/05/96
GSFC
2448874.66965
63
31
1851.19  3.89e-13  8.47e-13   185    33     0
1853.85  5.46e-13  7.94e-13   184    49     0
1856.51  1.09e-13  1.16e-12   183     6     0
1859.17 -1.16e-12  1.07e-12   182   -76     0
1861.84 -1.68e-13  6.00e-13   181   -19     0
1864.50  1.93e-13  5.49e-13   180    24     0
1867.16  4.15e-13  4.23e-13   179    69     0
1869.83  6.13e-13  3.89e-13   178   109     0
1872.49 -1.47e-13  3.37e-13   177   -29     0
1875.15  1.21e-14  2.90e-13   176     2     0
1877.81 -5.65e-13  2.72e-13   175  -137     0
1880.48 -1.41e-13  2.97e-13   174   -32     0
1883.14  1.25e-13  2.72e-13   174    30     0
1885.80 -1.90e-14  2.42e-13   173    -5     0
1888.47  3.64e-13  2.36e-13   172   101     0
1891.13  6.45e-14  2.22e-13   171    18     0
1893.79  7.93e-14  2.18e-13   170    23     0
1896.45 -1.69e-13  1.91e-13   169   -54     0
1899.12 -1.16e-13  2.00e-13   168   -38     0
1901.78  2.66e-13  1.97e-13   168    84     0
1904.44  1.19e-13  1.87e-13   167    38     0
1907.11 -1.73e-13  1.76e-13   166   -59     0
1909.77  1.74e-13  1.72e-13   165    61     0
1912.43 -8.20e-14  1.66e-13   165   -31     0
1915.09 -1.42e-14  1.74e-13   164    -5     0
1917.76 -2.02e-13  1.76e-13   163   -79     0
1920.42 -3.84e-14  1.38e-13   163   -17     0
1923.08  3.44e-14  1.21e-13   162    16     0
1925.74  6.06e-14  1.36e-13   161    25     0
1928.41  1.67e-13  1.33e-13   161    71     0
1931.07  9.27e-14  1.20e-13   160    43     0
1933.73  6.30e-14  1.15e-13   159    30     0
1936.40 -2.36e-13  1.14e-13   159  -112     0
1939.06  1.28e-13  1.12e-13   158    62     0
1941.72  2.56e-14  1.03e-13   157    13     0
1944.38  4.70e-14  1.00e-13   157    24     0
1947.05 -1.71e-13  9.33e-14   156   -95     0
1949.71  2.18e-14  9.01e-14   156    12     0
1952.37  2.73e-14  9.33e-14   155    14     0
1955.04  1.10e-14  8.92e-14   155     6     0
1957.70  3.04e-14  8.62e-14   154    17     0
1960.36  1.01e-13  8.48e-14   154    60     0
1963.02  2.50e-14  8.01e-14   153    15     0
1965.69  3.13e-14  7.43e-14   153    20     0
1968.35 -2.23e-14  7.53e-14   152   -15     0
1971.01 -1.93e-15  7.38e-14   152    -1     0
1973.68  1.59e-13  7.47e-14   151   105     0
1976.34 -1.15e-13  6.27e-14   151   -85     0
1979.00 -8.31e-14  6.07e-14   150   -63     0
1981.66  8.96e-14  6.44e-14   150    66     0
1984.33  5.58e-14  6.14e-14   149    42     0
1986.99  1.51e-14  5.69e-14   149    11     0
1989.65  2.42e-14  5.55e-14   149    19     0
1992.31  4.47e-14  5.65e-14   148    35     0
1994.98 -2.93e-14  5.41e-14   148   -23     0
1997.64  1.65e-14  5.18e-14   147    13     0
2000.30  6.53e-14  5.30e-14   147    54     0
2002.97  1.43e-14  5.30e-14   147    11     0
2005.63  4.79e-14  4.96e-14   146    41     0
2008.29  4.25e-14  5.21e-14   146    37     0
2010.95  2.62e-15  5.01e-14   146     2     0
2013.62  1.35e-13  5.31e-14   145   111     0
2016.28 -4.43e-14  4.32e-14   145   -41     0
2018.94  3.93e-14  4.34e-14   145    36     0
2021.61  1.05e-13  4.82e-14   144    91     0
2024.27 -2.68e-15  4.48e-14   144    -2     0
2026.93  2.70e-14  4.31e-14   144    24     0
2029.59  9.33e-14  4.46e-14   143    84     0
2032.26 -3.87e-14  4.23e-14   143   -34     0
2034.92  6.23e-14  4.44e-14   143    56     0
2037.58 -1.89e-15  4.13e-14   143    -1     0
2040.25  3.57e-15  4.14e-14   142     3     0
2042.91  2.26e-14  4.11e-14   142    20     0
2045.57  1.50e-14  4.20e-14   142    12     0
2048.23 -1.22e-14  4.13e-14   142   -10     0
2050.90  1.44e-14  4.00e-14   141    12     0
2053.56  5.54e-14  4.01e-14   141    49     0
2056.22  2.29e-14  3.89e-14   141    20     0
2058.88  1.78e-14  3.81e-14   141    16     0
2061.55 -5.07e-14  3.69e-14   140   -46     0
2064.21  2.16e-14  3.83e-14   140    19     0
2066.87 -5.17e-14  3.58e-14   140   -47     0
2069.54  1.89e-14  3.57e-14   140    17     0
2072.20  1.83e-16  3.40e-14   140     0     0
2074.86  1.04e-13  3.71e-14   139   100     0
2077.52 -5.31e-14  3.28e-14   139   -51     0
2080.19  9.48e-15  3.30e-14   139     9     0
2082.85  8.35e-14  3.48e-14   139    80     0
2085.51  2.74e-14  3.26e-14   139    26     0
2088.18 -2.21e-14  3.31e-14   138   -21     0
2090.84  3.86e-14  3.39e-14   138    38     0
2093.50 -1.62e-14  3.03e-14   138   -16     0
2096.16  3.79e-14  3.48e-14   138    36     0
2098.83 -1.13e-13  4.16e-14   138  -108     0
2101.49  6.57e-14  3.20e-14   137    63     0
2104.15  4.73e-14  3.19e-14   137    45     0
2106.82 -4.09e-14  3.00e-14   137   -38     0
2109.48  1.52e-14  3.01e-14   137    14     0
2112.14  1.45e-14  2.96e-14   137    13     0
2114.80  2.91e-14  2.98e-14   137    27     0
2117.47  3.49e-14  3.00e-14   137    32     0
2120.13  6.31e-14  3.03e-14   136    60     0
2122.79 -4.89e-14  2.81e-14   136   -46     0
2125.45  1.59e-14  2.74e-14   136    15     0
2128.12 -4.32e-14  2.69e-14   136   -41     0
2130.78 -8.47e-15  2.68e-14   136    -8     0
2133.44 -5.82e-16  2.65e-14   136     0     0
2136.11  1.54e-14  2.73e-14   136    14     0
2138.77 -3.97e-14  2.59e-14   135   -38     0
2141.43  3.26e-14  2.62e-14   135    32     0
2144.09  2.15e-14  3.10e-14   135    21     0
2146.76  2.77e-14  2.52e-14   135    27     0
2149.42  7.68e-15  2.43e-14   135     7     0
2152.08  6.01e-14  2.67e-14   135    57     0
2154.75 -7.43e-15  2.44e-14   135    -7     0
2157.41  3.15e-14  2.43e-14   135    31     0
2160.07 -1.04e-14  2.36e-14   134   -10     0
2162.73  3.15e-15  2.42e-14   134     3     0
2165.40  1.86e-14  2.31e-14   134    18     0
2168.06 -1.96e-14  2.24e-14   134   -19     0
2170.72 -1.98e-15  2.21e-14   134    -1     0
2173.39 -3.34e-15  2.19e-14   134    -3     0
2176.05 -7.73e-15  2.23e-14   134    -7     0
2178.71 -4.43e-15  2.26e-14   134    -4     0
2181.37  8.78e-15  2.34e-14   134     8     0
2184.04  2.17e-14  2.26e-14   133    20     0
2186.70  1.31e-14  2.63e-14   133    12     0
2189.36 -2.34e-14  2.78e-14   133   -23     0
2192.02 -1.06e-14  2.16e-14   133   -10     0
2194.69 -6.25e-15  2.19e-14   133    -6     0
2197.35 -1.91e-14  2.84e-14   133   -18     0
2200.01 -1.62e-14  2.07e-14   133   -15     0
2202.68 -9.69e-15  2.24e-14   133    -9     0
2205.34  1.48e-14  1.98e-14   133    14     0
2208.00 -7.55e-15  2.97e-14   132    -7     0
2210.66 -1.08e-14  1.97e-14   132   -10     0
2213.33 -6.84e-15  2.59e-14   132    -6     0
2215.99 -1.75e-14  2.91e-14   132   -17     0
2218.65 -2.15e-14  2.08e-14   132   -21     0
2221.32  3.42e-14  1.91e-14   132    34     0
2223.98  2.36e-14  1.85e-14   132    23     0
2226.64 -8.91e-15  2.81e-14   132    -8     0
2229.30  3.69e-14  1.95e-14   132    35     0
2231.97 -2.87e-15  1.65e-14   132    -3     0
2234.63 -2.30e-14  1.95e-14   131   -24     0
2237.29 -1.52e-14  1.80e-14   131   -15     0
2239.96  3.33e-14  2.13e-14   131    33     0
2242.62  7.37e-15  1.84e-14   131     7     0
2245.28  6.44e-15  1.94e-14   131     6     0
2247.94  2.06e-14  1.67e-14   131    20     0
2250.61  9.86e-15  1.53e-14   131    10     0
2253.27  3.96e-14  1.61e-14   131    42     0
2255.93  2.39e-14  1.54e-14   131    25     0
2258.59 -1.05e-14  1.44e-14   131   -11     0
2261.26  5.05e-15  1.52e-14   130     5     0
2263.92  2.59e-14  1.51e-14   130    27     0
2266.58  7.54e-15  1.67e-14   130     8     0
2269.25  2.46e-14  1.67e-14   130    27     0
2271.91 -1.95e-14  1.41e-14   130   -21     0
2274.57  1.14e-14  1.34e-14   130    12     0
2277.23  7.86e-15  1.45e-14   130     9     0
2279.90 -1.03e-15  1.20e-14   130    -1     0
2282.56  1.62e-14  1.27e-14   130    18     0
2285.22  2.60e-14  1.28e-14   129    30     0
2287.89 -9.40e-15  1.17e-14   129   -11     0
2290.55  8.39e-15  1.22e-14   129    10     0
2293.21  2.16e-14  1.32e-14   129    26     0
2295.87  9.63e-15  1.13e-14   129    12     0
2298.54 -5.80e-15  1.05e-14   129    -7     0
2301.20  1.26e-14  1.11e-14   129    15     0
2303.86  3.83e-15  1.05e-14   129     4     0
2306.53 -1.82e-14  1.13e-14   129   -22     0
2309.19  4.94e-15  1.12e-14   128     6     0
2311.85 -6.31e-15  9.44e-15   128    -8     0
2314.51  2.46e-15  9.27e-15   128     3     0
2317.18  6.43e-15  1.52e-14   128     8     0
2319.84 -1.42e-14  1.06e-14   128   -19     0
2322.50  1.89e-14  9.97e-15   128    25     0
2325.16  1.73e-14  1.21e-14   128    24     0
2327.83 -1.20e-15  8.28e-15   128    -1     0
2330.49  6.11e-15  1.15e-14   128     8     0
2333.15  2.45e-14  9.89e-15   127    36     0
2335.82  3.24e-14  1.09e-14   127    49     0
2338.48  1.52e-14  1.13e-14   127    23     0
2341.14  1.21e-14  1.01e-14   127    18     0
2343.80  8.02e-15  7.46e-15   127    12     0
2346.47 -2.45e-15  1.16e-14   127    -3     0
2349.13  2.77e-14  8.36e-15   127    43     0
2351.79  2.87e-14  7.90e-15   126    45     0
2354.46  2.62e-14  1.17e-14   126    41     0
2357.12  2.35e-15  9.58e-15   126     3     0
2359.78  2.33e-14  1.20e-14   126    39     0
2362.44  7.88e-15  1.21e-14   126    13     0
2365.11  2.64e-14  8.53e-15   126    43     0
2367.77  4.83e-14  7.92e-15   126    80     0
2370.43  9.69e-15  8.27e-15   126    16     0
2373.09 -4.54e-15  8.88e-15   125    -7     0
2375.76  1.71e-14  6.85e-15   125    31     0
2378.42  3.34e-14  7.55e-15   125    61     0
2381.08  1.38e-14  8.50e-15   125    25     0
2383.75  5.32e-15  8.55e-15   125     9     0
2386.41  4.97e-14  8.63e-15   125    91     0
2389.07  4.88e-14  7.18e-15   125    90     0
2391.73  1.39e-14  6.82e-15   124    26     0
2394.40  2.32e-14  5.95e-15   124    44     0
2397.06  1.90e-14  9.45e-15   124    36     0
2399.72  2.52e-14  6.14e-15   124    48     0
2402.39  2.08e-14  6.14e-15   124    41     0
2405.05  1.27e-14  5.36e-15   124    24     0
2407.71  2.45e-14  5.80e-15   123    48     0
2410.37  2.60e-14  5.66e-15   123    53     0
2413.04  2.42e-14  5.59e-15   123    50     0
2415.70  1.98e-14  4.91e-15   123    42     0
2418.36  1.84e-14  7.14e-15   123    39     0
2421.03  1.08e-14  4.56e-15   123    23     0
2423.69  1.12e-14  4.49e-15   123    24     0
2426.35  1.27e-14  4.45e-15   122    27     0
2429.01  1.31e-14  4.41e-15   122    28     0
2431.68  3.01e-15  5.21e-15   122     6     0
2434.34  7.75e-15  4.14e-15   122    16     0
2437.00  2.06e-14  4.56e-15   122    44     0
2439.67  1.54e-14  4.46e-15   122    33     0
2442.33  1.44e-14  4.46e-15   121    32     0
2444.99  1.58e-15  3.63e-15   121     3     0
2447.65  3.97e-15  4.38e-15   121     9     0
2450.32  7.87e-15  4.38e-15   121    18     0
2452.98  1.51e-14  6.28e-15   121    35     0
2455.64  7.27e-15  4.19e-15   121    17     0
2458.30  1.65e-14  3.90e-15   120    40     0
2460.97 -1.21e-15  3.27e-15   120    -2     0
2463.63  4.80e-15  3.52e-15   120    11     0
2466.29  1.02e-14  3.52e-15   120    25     0
2468.96  7.45e-15  5.15e-15   120    18     0
2471.62  9.24e-15  3.38e-15   120    23     0
2474.28  1.04e-14  3.51e-15   119    26     0
2476.94  2.45e-14  3.84e-15   119    64     0
2479.61  1.50e-14  3.46e-15   119    39     0
2482.27  1.74e-14  3.63e-15   119    46     0
2484.93  1.66e-14  3.72e-15   119    44     0
2487.60  1.79e-14  3.49e-15   118    47     0
2490.26  9.12e-15  3.70e-15   118    24     0
2492.92  1.77e-14  3.37e-15   118    47     0
2495.58  1.61e-14  3.97e-15   118    43     0
2498.25  1.01e-14  3.11e-15   118    27     0
2500.91  1.62e-14  3.32e-15   118    44     0
2503.57  7.00e-15  2.85e-15   117    19     0
2506.24  5.89e-15  2.88e-15   117    15     0
2508.90  1.83e-14  3.35e-15   117    49     0
2511.56  1.60e-14  3.13e-15   117    45     0
2514.22  1.46e-14  2.98e-15   117    41     0
2516.89  1.66e-14  4.00e-15   116    45     0
2519.55  1.75e-14  3.58e-15   116    48     0
2522.21  1.28e-14  3.03e-15   116    36     0
2524.87  1.71e-14  3.06e-15   116    49     0
2527.54  2.36e-14  3.34e-15   116    67     0
2530.20  2.65e-14  3.45e-15   116    76     0
2532.86  2.02e-14  3.18e-15   115    58     0
2535.53  1.01e-14  2.76e-15   115    29     0
2538.19  1.73e-14  2.98e-15   115    51     0
2540.85  1.99e-14  3.00e-15   115    59     0
2543.51  1.77e-14  2.93e-15   115    53     0
2546.18  1.45e-14  2.72e-15   114    45     0
2548.84  9.90e-15  2.48e-15   114    31     0
2551.50  1.41e-14  2.72e-15   114    43     0
2554.17  1.17e-14  2.61e-15   114    36     0
2556.83  1.32e-14  2.52e-15   114    43     0
2559.49  1.06e-14  2.41e-15   113    35     0
2562.15  1.23e-14  3.35e-15   113    40     0
2564.82  1.54e-14  2.63e-15   113    50     0
2567.48  1.93e-14  2.76e-15   113    64     0
2570.14  1.75e-14  2.64e-15   113    58     0
2572.80  1.51e-14  2.51e-15   113    50     0
2575.47  1.29e-14  2.46e-15   112    42     0
2578.13  1.54e-14  2.61e-15   112    50     0
2580.79  1.17e-14  2.49e-15   112    38     0
2583.46  1.58e-14  2.59e-15   112    51     0
2586.12  2.45e-14  2.86e-15   112    82     0
2588.78  3.46e-14  3.23e-15   111   116     0
2591.44  3.19e-14  3.43e-15   111   105     0
2594.11  2.66e-14  2.96e-15   111    89     0
2596.77  3.41e-14  3.17e-15   111   118     0
2599.43  4.89e-14  3.62e-15   111   171     0
2602.10  5.07e-14  3.61e-15   110   178     0
2604.76  3.66e-14  3.13e-15   110   130     0
2607.42  3.64e-14  3.15e-15   110   130     0
2610.08  4.35e-14  3.43e-15   110   152     0
2612.75  4.61e-14  3.47e-15   110   162     0
2615.41  5.01e-14  3.56e-15   110   183     0
2618.07  3.93e-14  3.25e-15   109   144     0
2620.74  4.06e-14  3.28e-15   109   150     0
2623.40  4.50e-14  5.37e-15   109   167     0
2626.06  4.91e-14  3.49e-15   109   180     0
2628.72  5.76e-14  3.77e-15   109   212     0
2631.39  5.97e-14  3.74e-15   108   226     0
2634.05  5.17e-14  3.45e-15   108   196     0
2636.71  3.19e-14  4.68e-15   108   119     0
2639.37  1.50e-14  2.27e-15   108    56     0
2642.04  1.53e-14  2.25e-15   108    57     0
2644.70  9.06e-15  2.02e-15   108    34     0
2647.36  8.54e-15  1.97e-15   107    32     0
2650.03  1.16e-14  2.11e-15   107    44     0
2652.69  1.37e-14  2.19e-15   107    52     0
2655.35  1.35e-14  2.17e-15   107    51     0
2658.01  1.52e-14  2.36e-15   107    58     0
2660.68  1.53e-14  2.28e-15   107    59     0
2663.34  1.38e-14  2.13e-15   106    54     0
2666.00  1.30e-14  2.13e-15   106    50     0
2668.67  1.31e-14  2.11e-15   106    50     0
2671.33  1.05e-14  1.99e-15   106    41     0
2673.99  1.21e-14  2.03e-15   106    47     0
2676.65  1.15e-14  2.03e-15   106    45     0
2679.32  1.10e-14  1.98e-15   105    43     0
2681.98  1.06e-14  1.98e-15   105    42     0
2684.64  8.66e-15  1.89e-15   105    34     0
2687.31  9.21e-15  1.90e-15   105    37     0
2689.97  1.39e-14  2.08e-15   105    56     0
2692.63  1.50e-14  2.13e-15   105    60     0
2695.29  1.47e-14  2.11e-15   104    59     0
2697.96  1.50e-14  2.13e-15   104    60     0
2700.62  1.18e-14  1.97e-15   104    47     0
2703.28  1.51e-14  2.15e-15   104    60     0
2705.94  1.29e-14  2.06e-15   104    52     0
2708.61  1.33e-14  2.06e-15   104    53     0
2711.27  1.74e-14  2.23e-15   104    68     0
2713.93  1.77e-14  2.27e-15   103    69     0
2716.60  1.93e-14  2.29e-15   103    77     0
2719.26  1.67e-14  2.20e-15   103    66     0
2721.92  1.87e-14  2.33e-15   103    72     0
2724.58  1.75e-14  2.27e-15   103    68     0
2727.25  1.89e-14  2.53e-15   103    77     0
2729.91  2.43e-14  2.41e-15   103   100     0
2732.57  2.71e-14  2.54e-15   102   110     0
2735.24  2.56e-14  2.49e-15   102   103     0
2737.90  2.84e-14  2.57e-15   102   115     0
2740.56  2.95e-14  2.65e-15   102   120     0
2743.22  3.15e-14  2.67e-15   102   128     0
2745.89  3.51e-14  2.78e-15   102   144     0
2748.55  3.85e-14  2.85e-15   102   158     0
2751.21  3.60e-14  2.78e-15   102   147     0
2753.88  3.14e-14  2.66e-15   101   128     0
2756.54  2.87e-14  2.57e-15   101   116     0
2759.20  3.12e-14  2.67e-15   101   127     0
2761.86  2.07e-14  2.33e-15   101    84     0
2764.53  1.99e-14  2.30e-15   101    81     0
2767.19  2.05e-14  2.28e-15   101    85     0
2769.85  1.41e-14  2.10e-15   101    58     0
2772.51  2.15e-14  2.34e-15   101    87     0
2775.18  1.78e-14  2.23e-15   101    73     0
2777.84  1.81e-14  2.25e-15   100    74     0
2780.50  1.39e-14  2.09e-15   100    57     0
2783.17  1.43e-14  2.11e-15   100    58     0
2785.83  1.96e-14  2.33e-15   100    78     0
2788.49  2.90e-14  2.65e-15   100   115     0
2791.15  5.00e-14  3.20e-15   100   203     0
2793.82  1.12e-13  5.92e-15   100   453     0
2796.48  2.43e-13  1.01e-14   100   969     0
2799.14  2.85e-13  1.69e-14   100  1138     0
2801.81  2.43e-13  1.28e-14   100   979     0
2804.47  2.28e-13  1.16e-14    99   920     0
2807.13  2.01e-13  1.40e-14    99   770     0
2809.79  8.43e-14  7.32e-15    99   324     0
2812.46  2.47e-14  2.50e-15    99    98     0
2815.12  1.45e-14  2.18e-15    99    58     0
2817.78  1.55e-14  2.24e-15    99    61     0
2820.45  1.21e-14  2.16e-15    99    48     0
2823.11  1.06e-14  2.11e-15    99    41     0
2825.77  1.50e-14  2.23e-15    99    59     0
2828.43  1.87e-14  2.35e-15    99    74     0
2831.10  1.38e-14  2.18e-15    99    55     0
2833.76  1.15e-14  2.12e-15    99    46     0
2836.42  1.60e-14  2.27e-15    99    64     0
2839.08  1.68e-14  2.31e-15    99    67     0
2841.75  2.01e-14  2.43e-15    99    79     0
2844.41  1.84e-14  2.46e-15    98    72     0
2847.07  1.67e-14  2.59e-15    98    66     0
2849.74  1.94e-14  2.68e-15    98    77     0
2852.40  2.45e-14  2.68e-15    98    96     0
2855.06  2.61e-14  2.62e-15    98   103     0
2857.72  1.92e-14  2.40e-15    98    75     0
2860.39  2.12e-14  2.51e-15    98    82     0
2863.05  2.14e-14  2.52e-15    98    82     0
2865.71  2.08e-14  2.47e-15    98    80     0
2868.38  2.07e-14  2.48e-15    98    80     0
2871.04  1.93e-14  2.43e-15    98    75     0
2873.70  2.00e-14  2.45e-15    98    77     0
2876.36  2.69e-14  2.70e-15    98   101     0
2879.03  2.24e-14  2.61e-15    98    84     0
2881.69  2.50e-14  2.65e-15    98    94     0
2884.35  2.75e-14  2.76e-15    98   103     0
2887.02  2.26e-14  2.60e-15    98    86     0
2889.68  2.34e-14  2.63e-15    98    88     0
2892.34  2.07e-14  2.56e-15    98    78     0
2895.00  1.92e-14  2.51e-15    98    73     0
2897.67  1.91e-14  2.50e-15    98    72     0
2900.33  1.78e-14  2.50e-15    98    66     0
2902.99  2.01e-14  2.57e-15    98    75     0
2905.65  1.56e-14  2.47e-15    98    57     0
2908.32  1.76e-14  2.54e-15    98    64     0
2910.98  1.88e-14  2.55e-15    98    70     0
2913.64  1.87e-14  2.56e-15    98    69     0
2916.31  1.95e-14  2.57e-15    98    72     0
2918.97  2.21e-14  2.67e-15    98    81     0
2921.63  2.06e-14  2.72e-15    98    72     0
2924.29  2.08e-14  2.72e-15    98    72     0
2926.96  2.95e-14  2.97e-15    98   103     0
2929.62  3.38e-14  3.11e-15    98   117     0
2932.28  2.79e-14  2.98e-15    98    96     0
2934.95  2.38e-14  2.89e-15    98    81     0
2937.61  2.26e-14  2.83e-15    98    77     0
2940.27  2.21e-14  2.86e-15    98    75     0
2942.93  2.47e-14  2.95e-15    98    83     0
2945.60  2.30e-14  2.92e-15    98    75     0
2948.26  2.09e-14  2.91e-15    98    68     0
2950.92  2.21e-14  2.92e-15    98    73     0
2953.59  2.78e-14  3.08e-15    98    91     0
2956.25  2.90e-14  3.10e-15    98    94     0
2958.91  2.72e-14  3.09e-15    98    88     0
2961.57  2.60e-14  3.12e-15    98    82     0
2964.24  2.95e-14  3.23e-15    98    92     0
2966.90  2.86e-14  3.21e-15    98    89     0
2969.56  3.02e-14  3.31e-15    98    92     0
2972.22  2.65e-14  3.21e-15    98    81     0
2974.89  2.13e-14  3.09e-15    98    64     0
2977.55  2.06e-14  3.18e-15    98    60     0
2980.21  2.45e-14  3.26e-15    98    72     0
2982.88  2.29e-14  3.25e-15    98    66     0
2985.54  2.57e-14  3.35e-15    98    74     0
2988.20  2.75e-14  3.43e-15    98    78     0
2990.86  2.23e-14  3.32e-15    98    62     0
2993.53  2.35e-14  3.36e-15    98    65     0
2996.19  2.94e-14  3.62e-15    98    79     0
2998.85  3.08e-14  3.69e-15    98    82     0
3001.52  3.32e-14  3.67e-15    98    90     0
3004.18  2.74e-14  3.56e-15    98    74     0
3006.84  1.89e-14  3.37e-15    98    50     0
3009.50  2.11e-14  3.45e-15    99    55     0
3012.17  2.35e-14  3.61e-15    99    60     0
3014.83  2.02e-14  3.51e-15    99    51     0
3017.49  1.83e-14  3.48e-15    99    45     0
3020.16  1.93e-14  3.61e-15    99    47     0
3022.82  1.81e-14  3.58e-15    99    43     0
3025.48  1.88e-14  3.70e-15    99    44     0
3028.14  2.03e-14  3.79e-15    99    47     0
3030.81  2.36e-14  3.86e-15    99    55     0
3033.47  1.75e-14  3.74e-15    99    40     0
3036.13  2.11e-14  3.89e-15    99    47     0
3038.79  1.83e-14  3.87e-15    99    40     0
3041.46  2.00e-14  3.96e-15    99    43     0
3044.12  1.76e-14  3.93e-15    99    37     0
3046.78  2.58e-14  4.20e-15    99    55     0
3049.45  3.08e-14  4.38e-15    99    64     0
3052.11  2.46e-14  4.28e-15    99    50     0
3054.77  2.03e-14  4.50e-15    99    41     0
3057.43  1.75e-14  4.69e-15    99    33     0
3060.10  2.46e-14  4.84e-15    99    46     0
3062.76  2.88e-14  4.71e-15    99    53     0
3065.42  1.97e-14  4.49e-15    99    36     0
3068.09  3.14e-14  4.85e-15   100    56     0
3070.75  2.88e-14  4.80e-15   100    52     0
3073.41  2.41e-14  4.75e-15   100    42     0
3076.07  2.61e-14  4.91e-15   100    45     0
3078.74  3.04e-14  5.07e-15   100    51     0
3081.40  2.22e-14  4.88e-15   100    37     0
3084.06  2.29e-14  4.96e-15   100    37     0
3086.73  1.82e-14  4.94e-15   100    29     0
3089.39  2.50e-14  5.17e-15   100    39     0
3092.05  2.59e-14  5.26e-15   100    40     0
3094.71  2.31e-14  5.25e-15   100    35     0
3097.38  2.45e-14  5.41e-15   100    36     0
3100.04  3.19e-14  5.64e-15   100    46     0
3102.70  3.15e-14  5.71e-15   100    45     0
3105.36  2.65e-14  5.65e-15   100    37     0
3108.03  3.67e-14  5.95e-15   100    50     0
3110.69  4.99e-14  6.25e-15   100    68     0
3113.35  5.13e-14  6.41e-15   100    69     0
3116.02  4.40e-14  6.34e-15   100    57     0
3118.68  3.63e-14  6.26e-15   100    46     0
3121.34  4.26e-14  6.39e-15   100    54     0
3124.00  4.05e-14  6.45e-15   100    50     0
3126.67  4.04e-14  6.46e-15   100    49     0
3129.33  3.70e-14  6.45e-15   100    44     0
3131.99  4.19e-14  6.63e-15   100    49     0
3134.66  4.15e-14  6.66e-15   100    48     0
3137.32  3.95e-14  6.72e-15   100    45     0
3139.98  3.95e-14  6.77e-15   100    44     0
3142.64  4.19e-14  7.05e-15   100    45     0
3145.31  3.77e-14  7.01e-15   100    39     0
3147.97  4.52e-14  7.27e-15   100    46     0
3150.63  5.23e-14  7.29e-15   100    54     0
3153.30  3.24e-14  6.90e-15   100    33     0
3155.96  3.50e-14  6.99e-15   100    35     0
3158.62  3.76e-14  7.16e-15   100    36     0
3161.28  4.01e-14  7.40e-15   100    38     0
3163.95  3.48e-14  7.33e-15   100    32     0
3166.61  4.42e-14  7.72e-15   100    39     0
3169.27  4.58e-14  7.78e-15   100    40     0
3171.93  5.76e-14  8.32e-15   100    48     0
3174.60  4.03e-14  7.95e-15   100    33     0
3177.26  3.34e-14  7.58e-15   100    28     0
3179.92  4.51e-14  7.96e-15   100    37     0
3182.59  4.89e-14  8.12e-15   100    39     0
3185.25  4.66e-14  8.02e-15   100    37     0
3187.91  5.17e-14  8.25e-15   100    40     0
3190.57  4.84e-14  8.44e-15    99    35     0
3193.24  3.87e-14  8.24e-15    99    28     0
3195.90  4.92e-14  8.41e-15    99    35     0
3198.56  6.20e-14  8.80e-15    99    43     0
3201.23  3.89e-14  8.19e-15    99    27     0
3203.89  4.90e-14  8.55e-15    99    33     0
3206.55  5.90e-14  9.60e-15    99    35     0
3209.21  6.49e-14  9.83e-15    99    37     0
3211.88  6.22e-14  9.26e-15    99    37     0
3214.54  3.88e-14  8.81e-15    98    23     0
3217.20  3.58e-14  9.11e-15    98    19     0
3219.87  3.61e-14  9.14e-15    98    19     0
3222.53  3.86e-14  8.87e-15    98    21     0
3225.19  2.38e-14  9.03e-15    98    12     0
3227.85  2.18e-14  8.56e-15    98    11     0
3230.52  3.57e-14  8.75e-15    98    18     0
3233.18  3.98e-14  8.92e-15    97    20     0
3235.84  5.24e-14  9.53e-15    97    24     0
3238.50  4.64e-14  9.39e-15    97    21     0
3241.17  2.60e-14  9.58e-15    97    11     0
3243.83  2.46e-14  1.20e-14    97    10     0
3246.49  2.61e-14  9.83e-15    96    11     0
3249.16  1.65e-14  8.24e-15    96     7     0
3251.82  3.09e-14  8.46e-15    96    13     0
3254.48  3.45e-14  8.59e-15    96    14     0
3257.14  4.37e-14  9.47e-15    95    17     0
3259.81  6.91e-14  1.47e-14    95    27     0
3262.47  8.25e-14  1.22e-14    95    33     0
3265.13  6.04e-14  1.55e-14    95    23     0
3267.80  7.32e-14  1.23e-14    94    28     0
3270.46  7.04e-14  1.05e-14    94    25     0
3273.12  5.43e-14  1.02e-14    94    19     0
3275.78  6.24e-14  1.11e-14    93    20     0
3278.45  6.92e-14  1.14e-14    93    22     0
3281.11  6.53e-14  1.24e-14    93    21     0
3283.77  6.70e-14  1.22e-14    92    21     0
3286.44  1.02e-13  1.51e-14    92    31     0
3289.10  7.80e-14  1.23e-14    92    23     0
3291.76  8.91e-14  1.41e-14    91    24     0
3294.42  8.06e-14  1.36e-14    91    21     0
3297.09  6.21e-14  1.30e-14    90    17     0
3299.75  5.64e-14  1.34e-14    90    15     0
3302.41  4.79e-14  1.38e-14    89    12     0
3305.07  3.44e-14  1.47e-14    89     8     0
3307.74  4.22e-14  1.66e-14    89    10     0
3310.40  6.48e-14  1.58e-14    88    15     0
3313.06  1.04e-13  1.97e-14    88    24     0
3315.73  6.15e-14  2.06e-14    87    12     0
3318.39  8.35e-14  1.88e-14    87    16     0
3321.05  7.11e-14  2.08e-14    86    12     0
3323.71  1.04e-13  2.16e-14    86    17     0
3326.38  1.14e-13  2.15e-14    85    19     0
3329.04  7.62e-14  2.30e-14    84    12     0
3331.70  7.45e-14  2.79e-14    84    12     0
3334.37  7.09e-14  2.36e-14    83    11     0
3337.03  6.75e-14  2.18e-14    83    11     0
3339.69  5.91e-14  2.27e-14    82     9     0
3342.35  8.50e-14  2.57e-14    81    12     0
3345.02  1.76e-13  2.73e-14    81    24     0
3347.68  1.62e-13  2.86e-14    80    21     0
