NOT ORIGINAL IUE PROJECT DATA PRODUCT
LWP23882LOWLARGE
HD  197481
20:42:04
-31:31:05
48
NO-TRAIL
X-OFFSETS
1199.063
09/09/92
07:43:25
253
10.84
25/05/96
GSFC
2448874.82182
60
32
1851.19  2.08e-13  6.90e-13   248    17     0
1853.85  1.42e-12  6.76e-13   248   129     0
1856.51 -1.66e-12  9.44e-13   247  -101     0
1859.17 -1.28e-12  8.97e-13   246   -84     0
1861.84 -1.99e-13  4.90e-13   245   -23     0
1864.50 -1.24e-13  4.47e-13   244   -15     0
1867.16  2.04e-14  5.61e-13   243     3     0
1869.83  1.66e-13  3.11e-13   242    29     0
1872.49 -1.01e-13  3.26e-13   241   -20     0
1875.15 -2.04e-13  2.42e-13   240   -47     0
1877.81 -2.96e-14  2.23e-13   239    -7     0
1880.48 -2.31e-13  2.34e-13   238   -52     0
1883.14  6.43e-14  2.22e-13   237    15     0
1885.80  5.98e-14  1.99e-13   237    15     0
1888.47  2.94e-13  1.95e-13   236    81     0
1891.13  4.14e-14  1.83e-13   235    11     0
1893.79  1.14e-13  1.76e-13   234    33     0
1896.45 -2.44e-13  1.57e-13   233   -79     0
1899.12 -9.10e-14  1.55e-13   232   -30     0
1901.78  1.71e-13  1.62e-13   231    54     0
1904.44 -1.71e-13  1.53e-13   230   -55     0
1907.11 -3.21e-14  1.46e-13   229   -10     0
1909.77  3.48e-13  1.48e-13   228   121     0
1912.43 -1.65e-13  1.42e-13   228   -62     0
1915.09 -1.28e-13  1.60e-13   227   -49     0
1917.76  4.26e-14  1.66e-13   226    16     0
1920.42 -2.11e-13  1.15e-13   225   -95     0
1923.08 -1.92e-14  1.01e-13   224    -8     0
1925.74  3.40e-13  1.22e-13   223   141     0
1928.41  4.08e-14  1.09e-13   222    17     0
1931.07  1.04e-13  1.01e-13   221    47     0
1933.73 -6.48e-14  9.47e-14   221   -30     0
1936.40  2.17e-14  9.42e-14   220    10     0
1939.06 -7.26e-14  9.06e-14   219   -35     0
1941.72  1.32e-13  8.94e-14   218    67     0
1944.38  5.32e-15  8.26e-14   217     2     0
1947.05 -8.93e-14  7.76e-14   216   -49     0
1949.71  7.37e-14  8.10e-14   215    42     0
1952.37  7.19e-14  7.90e-14   215    39     0
1955.04 -8.84e-14  7.46e-14   214   -50     0
1957.70  3.87e-14  7.26e-14   213    22     0
1960.36  2.02e-16  7.77e-14   212     0     0
1963.02  5.34e-14  6.77e-14   211    32     0
1965.69 -1.21e-14  6.25e-14   211    -7     0
1968.35  3.94e-14  6.06e-14   210    26     0
1971.01  8.86e-15  6.86e-14   209     5     0
1973.68  9.73e-14  6.19e-14   208    64     0
1976.34 -8.59e-14  5.28e-14   207   -63     0
1979.00 -5.46e-14  5.20e-14   207   -41     0
1981.66  7.88e-14  5.47e-14   206    58     0
1984.33  1.38e-14  5.08e-14   205    10     0
1986.99  5.52e-14  4.91e-14   204    43     0
1989.65 -1.75e-14  4.64e-14   203   -14     0
1992.31  9.84e-14  4.99e-14   203    77     0
1994.98 -5.98e-14  4.55e-14   202   -48     0
1997.64  4.11e-14  4.47e-14   201    34     0
2000.30 -1.85e-14  4.39e-14   200   -15     0
2002.97  4.62e-14  4.44e-14   200    38     0
2005.63 -2.62e-14  4.27e-14   199   -22     0
2008.29  3.81e-14  4.30e-14   198    33     0
2010.95  5.05e-14  4.77e-14   197    41     0
2013.62  9.09e-15  4.18e-14   197     7     0
2016.28 -5.65e-14  3.66e-14   196   -52     0
2018.94  4.24e-14  3.72e-14   195    39     0
2021.61  5.15e-14  3.98e-14   195    44     0
2024.27 -8.17e-16  3.80e-14   194     0     0
2026.93  5.43e-14  3.81e-14   193    49     0
2029.59  5.15e-15  3.60e-14   193     4     0
2032.26  5.09e-16  3.60e-14   192     0     0
2034.92 -1.03e-14  3.56e-14   191    -9     0
2037.58 -7.90e-14  3.52e-14   191   -71     0
2040.25 -2.27e-14  3.53e-14   190   -20     0
2042.91 -2.89e-14  3.49e-14   189   -25     0
2045.57  2.02e-14  3.59e-14   189    17     0
2048.23 -6.21e-15  3.53e-14   188    -5     0
2050.90  1.45e-14  3.43e-14   187    12     0
2053.56  3.19e-14  3.42e-14   187    28     0
2056.22 -3.68e-15  3.29e-14   186    -3     0
2058.88 -1.02e-14  3.24e-14   185    -9     0
2061.55 -2.53e-14  3.17e-14   185   -23     0
2064.21  1.46e-14  3.12e-14   184    13     0
2066.87 -1.65e-14  3.08e-14   184   -15     0
2069.54 -4.34e-14  3.03e-14   183   -40     0
2072.20  2.49e-14  3.00e-14   182    23     0
2074.86  2.34e-14  3.70e-14   182    22     0
2077.52 -1.13e-14  2.83e-14   181   -10     0
2080.19  2.06e-14  3.70e-14   181    19     0
2082.85  5.42e-14  2.99e-14   180    52     0
2085.51  2.53e-14  2.94e-14   179    24     0
2088.18  3.12e-14  2.83e-14   179    30     0
2090.84  1.02e-14  3.36e-14   178    10     0
2093.50 -2.60e-14  2.67e-14   178   -25     0
2096.16  1.71e-14  3.04e-14   177    16     0
2098.83 -1.16e-13  4.67e-14   177  -112     0
2101.49  5.55e-15  2.62e-14   176     5     0
2104.15  7.99e-15  2.83e-14   176     7     0
2106.82 -4.50e-14  2.61e-14   175   -42     0
2109.48  1.03e-14  2.62e-14   175     9     0
2112.14  1.25e-14  2.56e-14   174    11     0
2114.80  1.83e-14  2.59e-14   174    17     0
2117.47  5.52e-14  2.76e-14   173    51     0
2120.13  2.60e-14  2.54e-14   173    24     0
2122.79 -4.61e-14  3.55e-14   172   -44     0
2125.45 -6.30e-15  2.43e-14   172    -6     0
2128.12 -3.81e-14  2.35e-14   171   -36     0
2130.78 -4.58e-15  2.35e-14   171    -4     0
2133.44  2.12e-14  2.51e-14   170    20     0
2136.11 -4.72e-15  2.34e-14   170    -4     0
2138.77 -2.54e-14  2.69e-14   169   -24     0
2141.43  2.72e-14  2.31e-14   169    26     0
2144.09 -2.95e-15  2.31e-14   168    -2     0
2146.76  8.61e-14  4.09e-14   168    85     0
2149.42  5.05e-15  2.15e-14   168     4     0
2152.08  5.43e-14  2.48e-14   167    52     0
2154.75 -2.72e-14  2.27e-14   167   -26     0
2157.41  4.02e-14  2.21e-14   166    39     0
2160.07 -5.21e-15  2.08e-14   166    -5     0
2162.73  1.79e-14  2.12e-14   165    17     0
2165.40 -1.04e-14  3.38e-14   165   -10     0
2168.06 -3.26e-15  2.32e-14   165    -3     0
2170.72 -4.36e-15  1.96e-14   164    -4     0
2173.39  4.50e-15  2.12e-14   164     4     0
2176.05 -2.18e-14  2.79e-14   164   -21     0
2178.71 -3.74e-15  1.97e-14   163    -3     0
2181.37  1.01e-14  2.00e-14   163     9     0
2184.04  1.48e-14  2.02e-14   162    13     0
2186.70  1.42e-14  1.90e-14   162    14     0
2189.36  2.17e-14  1.92e-14   162    21     0
2192.02  2.90e-15  3.01e-14   161     2     0
2194.69  4.26e-14  2.98e-14   161    41     0
2197.35  6.95e-15  1.83e-14   161     6     0
2200.01  8.13e-15  2.91e-14   160     7     0
2202.68  1.40e-14  1.85e-14   160    13     0
2205.34  9.25e-15  1.78e-14   160     8     0
2208.00 -1.38e-14  2.42e-14   159   -13     0
2210.66 -4.87e-14  1.79e-14   159   -46     0
2213.33 -4.88e-14  3.04e-14   159   -46     0
2215.99  4.05e-14  1.92e-14   158    40     0
2218.65 -2.76e-14  1.64e-14   158   -27     0
2221.32  5.58e-14  1.86e-14   158    55     0
2223.98  5.06e-14  2.57e-14   158    50     0
2226.64 -5.35e-15  3.07e-14   157    -5     0
2229.30  1.01e-14  1.67e-14   157     9     0
2231.97 -2.91e-14  1.67e-14   157   -30     0
2234.63 -2.40e-14  2.04e-14   156   -25     0
2237.29 -4.60e-14  2.15e-14   156   -45     0
2239.96  2.73e-14  2.15e-14   156    27     0
2242.62  1.88e-14  2.31e-14   156    18     0
2245.28  2.61e-14  1.61e-14   155    25     0
2247.94  7.00e-15  1.47e-14   155     7     0
2250.61  1.05e-14  1.78e-14   155    11     0
2253.27  5.90e-15  1.77e-14   155     6     0
2255.93  4.88e-14  1.55e-14   154    51     0
2258.59 -1.37e-14  1.33e-14   154   -14     0
2261.26 -2.06e-14  2.24e-14   154   -21     0
2263.92  1.34e-14  2.00e-14   154    14     0
2266.58  1.34e-14  1.32e-14   153    14     0
2269.25  1.46e-14  2.09e-14   153    16     0
2271.91 -7.53e-15  1.83e-14   153    -8     0
2274.57 -8.45e-15  1.66e-14   153    -9     0
2277.23 -4.42e-15  1.80e-14   153    -5     0
2279.90 -5.49e-16  1.73e-14   152     0     0
2282.56  3.86e-16  1.35e-14   152     0     0
2285.22 -1.53e-15  1.10e-14   152    -1     0
2287.89  2.69e-14  1.18e-14   152    31     0
2290.55  1.60e-14  1.59e-14   152    19     0
2293.21  4.30e-14  1.59e-14   151    52     0
2295.87 -3.42e-14  1.36e-14   151   -43     0
2298.54  7.89e-15  1.14e-14   151    10     0
2301.20  3.54e-14  1.98e-14   151    43     0
2303.86  3.61e-15  9.76e-15   151     4     0
2306.53 -3.81e-15  1.51e-14   150    -4     0
2309.19  5.67e-15  1.78e-14   150     7     0
2311.85 -5.32e-15  9.41e-15   150    -7     0
2314.51 -8.63e-15  8.62e-15   150   -11     0
2317.18  6.73e-15  9.25e-15   150     8     0
2319.84 -1.28e-14  1.60e-14   150   -17     0
2322.50  1.64e-14  1.48e-14   149    22     0
2325.16  1.93e-14  1.24e-14   149    27     0
2327.83  7.39e-15  8.04e-15   149    10     0
2330.49  3.47e-15  1.38e-14   149     5     0
2333.15  2.77e-14  9.03e-15   149    41     0
2335.82  2.35e-14  1.23e-14   149    35     0
2338.48  2.94e-14  1.29e-14   149    45     0
2341.14  1.26e-14  1.31e-14   148    19     0
2343.80  3.08e-14  1.13e-14   148    47     0
2346.47 -2.05e-15  1.23e-14   148    -3     0
2349.13  1.67e-14  1.13e-14   148    26     0
2351.79  1.96e-14  8.82e-15   148    30     0
2354.46  8.09e-15  9.87e-15   148    12     0
2357.12  7.43e-15  1.06e-14   148    12     0
2359.78  2.72e-14  7.63e-15   148    45     0
2362.44 -2.74e-15  8.75e-15   147    -4     0
2365.11  1.23e-14  6.53e-15   147    20     0
2367.77  2.14e-15  1.02e-14   147     3     0
2370.43  3.36e-15  9.52e-15   147     5     0
2373.09  5.28e-15  7.25e-15   147     9     0
2375.76  5.58e-16  1.09e-14   147     1     0
2378.42  2.38e-14  6.29e-15   147    43     0
2381.08  1.65e-14  5.96e-15   147    29     0
2383.75 -2.46e-16  8.23e-15   147     0     0
2386.41  3.40e-14  6.61e-15   147    62     0
2389.07  2.91e-14  6.46e-15   146    54     0
2391.73  9.30e-15  7.86e-15   146    17     0
2394.40  3.14e-14  6.19e-15   146    60     0
2397.06  1.39e-14  5.37e-15   146    26     0
2399.72  1.96e-14  6.88e-15   146    38     0
2402.39  1.27e-14  5.09e-15   146    25     0
2405.05  1.31e-14  8.04e-15   146    25     0
2407.71  4.45e-14  1.20e-14   146    87     0
2410.37  9.63e-15  8.68e-15   146    19     0
2413.04  2.01e-14  5.16e-15   146    42     0
2415.70  1.13e-14  4.94e-15   146    23     0
2418.36  8.37e-15  5.96e-15   146    17     0
2421.03  7.16e-15  4.24e-15   145    15     0
2423.69  1.63e-14  4.58e-15   145    34     0
2426.35  1.20e-14  6.36e-15   145    26     0
2429.01  3.33e-15  4.39e-15   145     7     0
2431.68  1.08e-15  3.95e-15   145     2     0
2434.34 -4.20e-15  3.89e-15   145    -9     0
2437.00  1.35e-14  4.58e-15   145    29     0
2439.67  9.77e-15  5.42e-15   145    21     0
2442.33  1.86e-14  4.45e-15   145    41     0
2444.99 -1.22e-15  4.81e-15   145    -2     0
2447.65  1.10e-14  4.02e-15   145    24     0
2450.32  1.47e-14  4.41e-15   145    33     0
2452.98 -9.42e-16  5.99e-15   145    -2     0
2455.64  1.05e-14  3.76e-15   145    25     0
2458.30  8.29e-15  3.79e-15   145    20     0
2460.97 -1.24e-15  3.37e-15   144    -3     0
2463.63  1.10e-14  5.88e-15   144    26     0
2466.29  9.59e-15  3.58e-15   144    23     0
2468.96  7.87e-15  5.88e-15   144    19     0
2471.62  2.98e-15  4.89e-15   144     7     0
2474.28  6.87e-15  4.08e-15   144    17     0
2476.94  1.55e-14  3.51e-15   144    40     0
2479.61  2.63e-14  4.13e-15   144    70     0
2482.27  1.56e-14  3.95e-15   144    41     0
2484.93  1.51e-14  3.41e-15   144    40     0
2487.60  7.17e-16  2.90e-15   144     1     0
2490.26  2.62e-15  2.84e-15   144     7     0
2492.92  6.34e-15  3.44e-15   144    17     0
2495.58  1.56e-14  3.41e-15   144    41     0
2498.25  8.64e-15  3.17e-15   144    23     0
2500.91  1.60e-14  3.35e-15   144    43     0
2503.57  1.00e-14  3.10e-15   144    27     0
2506.24  8.33e-15  3.06e-15   144    22     0
2508.90  1.34e-14  3.73e-15   144    36     0
2511.56  6.99e-15  2.82e-15   144    19     0
2514.22  1.41e-14  3.21e-15   143    40     0
2516.89  1.44e-14  3.52e-15   143    39     0
2519.55  3.58e-15  3.76e-15   143     9     0
2522.21  9.90e-15  2.96e-15   143    28     0
2524.87  1.31e-14  3.09e-15   143    38     0
2527.54  1.74e-14  3.22e-15   143    49     0
2530.20  1.96e-14  3.32e-15   143    56     0
2532.86  1.26e-14  2.99e-15   143    36     0
2535.53  1.16e-14  2.91e-15   143    33     0
2538.19  1.85e-14  3.17e-15   143    54     0
2540.85  1.65e-14  3.00e-15   143    49     0
2543.51  1.17e-14  2.77e-15   143    35     0
2546.18  1.33e-14  2.81e-15   143    41     0
2548.84  1.21e-14  2.72e-15   143    37     0
2551.50  1.36e-14  2.92e-15   143    42     0
2554.17  1.04e-14  2.67e-15   143    32     0
2556.83  1.82e-14  2.80e-15   143    59     0
2559.49  1.01e-14  2.78e-15   143    33     0
2562.15  7.27e-15  2.41e-15   143    23     0
2564.82  7.40e-15  2.38e-15   143    24     0
2567.48  1.15e-14  2.54e-15   143    38     0
2570.14  1.21e-14  2.50e-15   143    40     0
2572.80  9.34e-15  2.50e-15   143    31     0
2575.47  1.25e-14  2.61e-15   142    40     0
2578.13  1.53e-14  2.73e-15   142    50     0
2580.79  9.84e-15  3.16e-15   142    31     0
2583.46  1.02e-14  2.52e-15   142    33     0
2586.12  2.09e-14  2.91e-15   142    69     0
2588.78  2.34e-14  2.98e-15   142    78     0
2591.44  1.85e-14  2.79e-15   142    61     0
2594.11  1.56e-14  2.67e-15   142    52     0
2596.77  2.21e-14  2.90e-15   142    76     0
2599.43  4.09e-14  3.47e-15   142   143     0
2602.10  4.38e-14  3.59e-15   142   154     0
2604.76  2.49e-14  2.89e-15   142    88     0
2607.42  2.45e-14  2.88e-15   142    87     0
2610.08  3.28e-14  3.10e-15   142   114     0
2612.75  3.77e-14  3.62e-15   142   132     0
2615.41  3.95e-14  3.39e-15   142   144     0
2618.07  2.99e-14  3.01e-15   142   109     0
2620.74  3.46e-14  3.15e-15   142   128     0
2623.40  4.51e-14  3.45e-15   142   167     0
2626.06  5.08e-14  3.71e-15   142   186     0
2628.72  5.35e-14  3.78e-15   142   196     0
2631.39  4.94e-14  3.57e-15   142   186     0
2634.05  3.44e-14  3.09e-15   142   130     0
2636.71  1.93e-14  2.57e-15   141    71     0
2639.37  7.74e-15  2.12e-15   141    29     0
2642.04  8.33e-15  2.12e-15   141    31     0
2644.70  6.39e-15  2.07e-15   141    24     0
2647.36  9.82e-15  2.14e-15   141    37     0
2650.03  7.24e-15  2.08e-15   141    27     0
2652.69  8.97e-15  2.15e-15   141    34     0
2655.35  1.09e-14  2.24e-15   141    41     0
2658.01  9.89e-15  2.18e-15   141    37     0
2660.68  7.51e-15  2.03e-15   141    29     0
2663.34  9.03e-15  2.09e-15   141    35     0
2666.00  1.45e-14  2.32e-15   141    56     0
2668.67  9.66e-15  2.14e-15   141    37     0
2671.33  1.46e-14  2.31e-15   141    57     0
2673.99  1.73e-14  2.36e-15   141    68     0
2676.65  1.29e-14  2.19e-15   141    51     0
2679.32  1.26e-14  2.21e-15   141    50     0
2681.98  1.13e-14  2.15e-15   141    45     0
2684.64  1.10e-14  2.14e-15   141    43     0
2687.31  1.09e-14  2.12e-15   140    44     0
2689.97  7.56e-15  1.99e-15   140    30     0
2692.63  6.93e-15  1.98e-15   140    28     0
2695.29  7.28e-15  2.00e-15   140    29     0
2697.96  8.28e-15  2.01e-15   140    33     0
2700.62  8.86e-15  2.07e-15   140    35     0
2703.28  9.74e-15  2.12e-15   140    39     0
2705.94  1.06e-14  2.10e-15   140    42     0
2708.61  1.17e-14  2.16e-15   140    47     0
2711.27  1.63e-14  2.35e-15   140    63     0
2713.93  1.76e-14  2.42e-15   140    68     0
2716.60  1.58e-14  2.33e-15   140    63     0
2719.26  1.35e-14  2.27e-15   140    53     0
2721.92  1.13e-14  2.24e-15   140    43     0
2724.58  1.53e-14  2.37e-15   140    59     0
2727.25  1.32e-14  2.19e-15   140    54     0
2729.91  1.46e-14  2.24e-15   140    60     0
2732.57  2.20e-14  2.73e-15   139    90     0
2735.24  1.66e-14  2.36e-15   139    67     0
2737.90  2.37e-14  2.57e-15   139    95     0
2740.56  2.55e-14  2.60e-15   139   103     0
2743.22  2.46e-14  2.63e-15   139   100     0
2745.89  3.15e-14  2.80e-15   139   129     0
2748.55  3.53e-14  2.90e-15   139   144     0
2751.21  3.09e-14  2.78e-15   139   126     0
2753.88  2.70e-14  2.70e-15   139   110     0
2756.54  2.77e-14  2.73e-15   139   112     0
2759.20  2.97e-14  2.80e-15   139   120     0
2761.86  2.15e-14  2.52e-15   139    87     0
2764.53  1.84e-14  2.44e-15   139    75     0
2767.19  1.59e-14  2.32e-15   139    65     0
2769.85  2.13e-14  2.49e-15   139    88     0
2772.51  2.33e-14  2.60e-15   139    94     0
2775.18  2.10e-14  2.50e-15   138    86     0
2777.84  1.98e-14  2.47e-15   138    81     0
2780.50  1.73e-14  2.39e-15   138    71     0
2783.17  1.92e-14  2.48e-15   138    78     0
2785.83  2.04e-14  2.54e-15   138    81     0
2788.49  2.84e-14  2.82e-15   138   112     0
2791.15  5.55e-14  3.47e-15   138   225     0
2793.82  1.22e-13  9.23e-15   138   493     0
2796.48  2.20e-13  1.88e-14   138   874     0
2799.14  2.39e-13  2.27e-14   138   954     0
2801.81  2.03e-13  1.71e-14   138   816     0
2804.47  2.06e-13  1.52e-14   138   829     0
2807.13  1.63e-13  1.40e-14   138   624     0
2809.79  6.48e-14  6.34e-15   138   249     0
2812.46  2.14e-14  2.62e-15   138    85     0
2815.12  1.51e-14  2.42e-15   137    60     0
2817.78  1.61e-14  2.46e-15   137    64     0
2820.45  1.29e-14  2.39e-15   137    50     0
2823.11  9.81e-15  2.30e-15   137    38     0
2825.77  1.74e-14  2.52e-15   137    69     0
2828.43  1.63e-14  2.49e-15   137    64     0
2831.10  1.40e-14  2.39e-15   137    56     0
2833.76  1.62e-14  2.47e-15   137    65     0
2836.42  1.60e-14  2.48e-15   137    64     0
2839.08  1.57e-14  2.48e-15   137    62     0
2841.75  1.91e-14  2.61e-15   137    75     0
2844.41  2.69e-14  2.83e-15   137   105     0
2847.07  2.67e-14  3.02e-15   137   106     0
2849.74  2.71e-14  2.87e-15   137   107     0
2852.40  3.04e-14  2.95e-15   137   118     0
2855.06  2.49e-14  2.78e-15   136    98     0
2857.72  2.23e-14  2.71e-15   136    87     0
2860.39  1.91e-14  2.66e-15   136    74     0
2863.05  1.79e-14  2.64e-15   136    69     0
2865.71  2.02e-14  2.69e-15   136    78     0
2868.38  2.08e-14  2.76e-15   136    80     0
2871.04  1.57e-14  2.57e-15   136    61     0
2873.70  1.82e-14  2.65e-15   136    70     0
2876.36  2.45e-14  2.88e-15   136    92     0
2879.03  2.38e-14  2.87e-15   136    89     0
2881.69  2.54e-14  2.92e-15   136    95     0
2884.35  2.62e-14  2.96e-15   136    98     0
2887.02  2.09e-14  2.79e-15   136    79     0
2889.68  2.30e-14  2.86e-15   136    86     0
2892.34  1.90e-14  2.75e-15   136    71     0
2895.00  1.98e-14  2.77e-15   135    75     0
2897.67  2.08e-14  2.81e-15   135    78     0
2900.33  1.93e-14  2.79e-15   135    72     0
2902.99  1.93e-14  2.80e-15   135    71     0
2905.65  1.55e-14  2.72e-15   135    57     0
2908.32  1.75e-14  2.78e-15   135    64     0
2910.98  1.97e-14  2.82e-15   135    73     0
2913.64  1.58e-14  2.73e-15   135    58     0
2916.31  2.19e-14  2.89e-15   135    80     0
2918.97  1.85e-14  2.83e-15   135    67     0
2921.63  1.67e-14  2.87e-15   135    58     0
2924.29  2.11e-14  3.01e-15   135    73     0
2926.96  2.91e-14  3.21e-15   135   102     0
2929.62  2.85e-14  3.21e-15   135    99     0
2932.28  2.33e-14  3.12e-15   135    80     0
2934.95  2.31e-14  3.14e-15   135    78     0
2937.61  2.19e-14  3.10e-15   134    75     0
2940.27  1.97e-14  3.06e-15   134    66     0
2942.93  2.37e-14  3.21e-15   134    79     0
2945.60  1.71e-14  3.07e-15   134    56     0
2948.26  2.25e-14  3.25e-15   134    73     0
2950.92  2.23e-14  3.21e-15   134    73     0
2953.59  2.61e-14  3.32e-15   134    85     0
2956.25  2.10e-14  3.21e-15   134    68     0
2958.91  1.69e-14  3.12e-15   134    54     0
2961.57  2.03e-14  3.26e-15   134    64     0
2964.24  1.65e-14  3.20e-15   134    51     0
2966.90  1.99e-14  3.30e-15   134    61     0
2969.56  2.49e-14  3.46e-15   134    76     0
2972.22  2.55e-14  3.49e-15   134    78     0
2974.89  2.17e-14  3.44e-15   134    65     0
2977.55  1.34e-14  3.31e-15   134    39     0
2980.21  2.02e-14  3.47e-15   134    59     0
2982.88  2.59e-14  3.66e-15   133    75     0
2985.54  2.40e-14  3.65e-15   133    68     0
2988.20  1.91e-14  3.55e-15   133    54     0
2990.86  1.87e-14  3.58e-15   133    52     0
2993.53  1.82e-14  3.59e-15   133    50     0
2996.19  2.07e-14  3.77e-15   133    55     0
2998.85  1.98e-14  3.77e-15   133    52     0
3001.52  2.23e-14  3.74e-15   133    60     0
3004.18  1.51e-14  3.59e-15   133    40     0
3006.84  1.51e-14  3.65e-15   133    40     0
3009.50  1.85e-14  3.77e-15   133    48     0
3012.17  2.50e-14  4.03e-15   133    64     0
3014.83  2.59e-14  4.09e-15   133    65     0
3017.49  2.59e-14  4.10e-15   133    64     0
3020.16  2.72e-14  4.21e-15   133    66     0
3022.82  1.70e-14  4.00e-15   133    40     0
3025.48  1.77e-14  4.10e-15   133    41     0
3028.14  2.22e-14  4.28e-15   133    51     0
3030.81  2.14e-14  4.22e-15   132    50     0
3033.47  2.32e-14  4.33e-15   132    53     0
3036.13  2.53e-14  4.44e-15   132    57     0
3038.79  1.80e-14  4.32e-15   132    39     0
3041.46  1.64e-14  4.34e-15   132    35     0
3044.12  1.53e-14  4.35e-15   132    32     0
3046.78  1.82e-14  4.47e-15   132    38     0
3049.45  2.33e-14  4.67e-15   132    48     0
3052.11  2.60e-14  5.04e-15   132    53     0
3054.77  2.06e-14  5.62e-15   132    41     0
3057.43  2.85e-14  5.76e-15   132    54     0
3060.10  3.79e-14  6.36e-15   132    72     0
3062.76  3.30e-14  5.79e-15   132    61     0
3065.42  1.88e-14  5.04e-15   132    34     0
3068.09  2.06e-14  5.14e-15   132    37     0
3070.75  2.01e-14  5.12e-15   132    36     0
3073.41  2.05e-14  5.22e-15   132    36     0
3076.07  2.64e-14  5.48e-15   131    45     0
3078.74  2.38e-14  5.50e-15   131    40     0
3081.40  2.47e-14  5.52e-15   131    41     0
3084.06  2.70e-14  5.64e-15   131    44     0
3086.73  2.28e-14  5.67e-15   131    36     0
3089.39  3.20e-14  5.97e-15   131    50     0
3092.05  2.43e-14  5.84e-15   131    37     0
3094.71  2.48e-14  5.93e-15   131    37     0
3097.38  2.43e-14  6.07e-15   131    35     0
3100.04  2.73e-14  6.23e-15   131    39     0
3102.70  2.92e-14  6.35e-15   131    41     0
3105.36  3.19e-14  6.48e-15   131    44     0
3108.03  3.53e-14  6.64e-15   131    48     0
3110.69  4.92e-14  6.91e-15   131    67     0
3113.35  5.54e-14  1.16e-14   131    74     0
3116.02  5.97e-14  1.73e-14   130    77     0
3118.68  7.71e-14  2.13e-14   130    98     0
3121.34  8.47e-14  2.15e-14   130   107     0
3124.00  9.61e-14  1.90e-14   130   119     0
3126.67  1.25e-13  2.36e-14   130   152     0
3129.33  1.61e-13  3.06e-14   130   194     0
3131.99  1.90e-13  2.68e-14   130   225     0
3134.66  1.77e-13  1.89e-14   130   206     0
3137.32  1.62e-13  1.80e-14   130   184     0
3139.98  1.60e-13  1.97e-14   130   179     0
3142.64  1.51e-13  1.56e-14   130   162     0
3145.31  1.29e-13  1.21e-14   129   135     0
3147.97  1.39e-13  1.26e-14   129   142     0
3150.63  1.28e-13  1.22e-14   129   133     0
3153.30  1.04e-13  1.34e-14   129   106     0
3155.96  1.05e-13  1.30e-14   129   104     0
3158.62  1.08e-13  1.02e-14   129   106     0
3161.28  1.06e-13  9.70e-15   129   100     0
3163.95  8.54e-14  9.30e-15   129    79     0
3166.61  8.46e-14  9.50e-15   129    76     0
3169.27  9.26e-14  9.86e-15   128    81     0
3171.93  9.53e-14  1.00e-14   128    80     0
3174.60  9.70e-14  1.02e-14   128    80     0
3177.26  7.04e-14  9.40e-15   128    59     0
3179.92  6.63e-14  9.39e-15   128    54     0
3182.59  8.32e-14  9.90e-15   128    66     0
3185.25  9.31e-14  1.01e-14   128    74     0
3187.91  7.05e-14  9.62e-15   128    54     0
3190.57  7.22e-14  1.02e-14   127    53     0
3193.24  5.95e-14  9.81e-15   127    42     0
3195.90  5.05e-14  9.44e-15   127    36     0
3198.56  6.14e-14  9.85e-15   127    43     0
3201.23  3.37e-14  9.13e-15   127    23     0
3203.89  3.82e-14  9.35e-15   127    25     0
3206.55  4.93e-14  1.06e-14   126    29     0
3209.21  4.93e-14  1.11e-14   126    28     0
3211.88  5.12e-14  1.02e-14   126    31     0
3214.54  4.25e-14  1.01e-14   126    25     0
3217.20  3.54e-14  1.04e-14   126    19     0
3219.87  4.81e-14  1.08e-14   125    25     0
3222.53  4.02e-14  1.02e-14   125    22     0
3225.19  4.25e-14  1.03e-14   125    22     0
3227.85  5.26e-14  1.06e-14   125    27     0
3230.52  6.73e-14  1.07e-14   125    35     0
3233.18  6.49e-14  1.08e-14   124    32     0
3235.84  5.99e-14  1.10e-14   124    28     0
3238.50  5.76e-14  1.09e-14   124    26     0
3241.17  2.86e-14  1.07e-14   124    12     0
3243.83  1.90e-14  1.00e-14   123     8     0
3246.49  6.23e-15  9.40e-15   123     2     0
3249.16  1.05e-14  1.04e-14   123     4     0
3251.82  2.33e-14  9.59e-15   123    10     0
3254.48  4.22e-14  1.01e-14   122    17     0
3257.14  5.27e-14  1.16e-14   122    21     0
3259.81  4.33e-14  1.67e-14   122    17     0
3262.47  1.28e-14  1.53e-14   121     5     0
3265.13  7.30e-15  1.59e-14   121     2     0
3267.80  1.43e-14  1.48e-14   121     5     0
3270.46  9.16e-15  1.52e-14   121     3     0
3273.12  3.29e-14  1.34e-14   120    11     0
3275.78  6.35e-14  1.55e-14   120    20     0
3278.45  8.80e-14  2.02e-14   119    28     0
3281.11  6.28e-14  2.22e-14   119    20     0
3283.77  9.05e-14  2.28e-14   119    29     0
3286.44  8.00e-14  2.16e-14   118    24     0
3289.10  1.40e-13  2.78e-14   118    41     0
3291.76  8.27e-14  1.43e-14   118    23     0
3294.42  6.29e-14  1.46e-14   117    17     0
3297.09  3.14e-14  1.44e-14   117     8     0
3299.75  5.05e-14  1.46e-14   116    13     0
3302.41  2.35e-14  1.49e-14   116     6     0
3305.07  1.16e-14  1.65e-14   115     2     0
3307.74  3.54e-14  1.76e-14   115     8     0
3310.40  5.91e-14  1.63e-14   114    14     0
3313.06  5.20e-14  2.10e-14   114    12     0
3315.73  5.89e-14  1.94e-14   113    12     0
3318.39  8.14e-14  2.02e-14   113    16     0
3321.05  5.32e-14  2.70e-14   112     9     0
3323.71  9.00e-14  2.42e-14   112    15     0
3326.38  6.74e-14  2.86e-14   111    11     0
3329.04  1.09e-13  2.51e-14   111    18     0
3331.70  9.82e-14  2.81e-14   110    16     0
3334.37  8.83e-14  2.52e-14   110    13     0
3337.03  1.11e-13  2.33e-14   109    18     0
3339.69  1.14e-13  2.90e-14   108    18     0
3342.35  9.32e-14  2.73e-14   108    13     0
3345.02  7.15e-14  2.90e-14   107     9     0
3347.68  1.33e-13  3.00e-14   107    17     0
