NOT ORIGINAL IUE PROJECT DATA PRODUCT
LWP23881LOWLARGE
HD  197481
20:42:04
-31:31:05
48
NO-TRAIL
X-OFFSETS
1199.063
09/09/92
05:53:43
253
10.51
25/05/96
GSFC
2448874.74564
59
31
1851.19  2.73e-13  9.77e-13   189    23     0
1853.85  5.64e-13  9.17e-13   189    51     0
1856.51  4.73e-13  1.35e-12   188    29     0
1859.17  3.35e-13  1.25e-12   188    22     0
1861.84  2.45e-13  7.00e-13   187    28     0
1864.50  1.39e-13  6.38e-13   187    17     0
1867.16  5.47e-13  5.62e-13   187    91     0
1869.83  2.75e-13  4.45e-13   186    49     0
1872.49 -3.05e-13  3.93e-13   186   -60     0
1875.15  2.77e-14  3.55e-13   185     6     0
1877.81 -3.92e-13  3.18e-13   185   -95     0
1880.48 -1.75e-13  3.41e-13   184   -40     0
1883.14  2.72e-13  3.20e-13   184    65     0
1885.80  6.39e-14  2.84e-13   184    16     0
1888.47  2.69e-13  2.73e-13   183    74     0
1891.13  1.65e-13  2.63e-13   183    47     0
1893.79  2.58e-13  2.53e-13   182    76     0
1896.45 -5.49e-13  2.26e-13   182  -178     0
1899.12  2.49e-13  2.19e-13   182    83     0
1901.78  5.15e-13  2.34e-13   181   162     0
1904.44 -3.35e-14  2.19e-13   181   -10     0
1907.11  2.65e-13  2.14e-13   180    90     0
1909.77  1.22e-13  2.07e-13   180    42     0
1912.43 -1.57e-13  1.96e-13   179   -60     0
1915.09  5.92e-14  1.99e-13   179    22 -4096
1917.76 -1.93e-13  2.00e-13   179   -76 -4096
1920.42 -7.49e-14  1.53e-13   178   -34     0
1923.08  7.98e-14  1.45e-13   178    37     0
1925.74  3.09e-13  1.83e-13   177   127     0
1928.41  7.54e-14  1.56e-13   177    32     0
1931.07  1.61e-13  1.44e-13   176    74     0
1933.73 -3.51e-14  1.37e-13   176   -16     0
1936.40 -1.15e-13  1.36e-13   175   -54     0
1939.06  6.44e-14  1.31e-13   175    31     0
1941.72  2.13e-13  1.27e-13   175   109     0
1944.38  1.21e-13  1.21e-13   174    64     0
1947.05 -1.52e-13  1.12e-13   174   -84     0
1949.71  1.47e-13  1.11e-13   173    84     0
1952.37  1.19e-13  1.14e-13   173    64     0
1955.04 -1.35e-13  1.08e-13   172   -76     0
1957.70  8.07e-14  1.05e-13   172    46     0
1960.36  1.00e-13  1.04e-13   172    59     0
1963.02  6.48e-14  9.75e-14   171    39     0
1965.69  1.51e-14  8.97e-14   171     9     0
1968.35  7.15e-14  8.77e-14   170    48     0
1971.01  2.53e-14  9.51e-14   170    16     0
1973.68  7.24e-14  8.74e-14   169    48     0
1976.34 -7.03e-14  7.78e-14   169   -52     0
1979.00 -5.53e-14  7.44e-14   169   -42     0
1981.66  7.31e-14  7.69e-14   168    53     0
1984.33  1.49e-14  7.38e-14   168    11     0
1986.99  2.30e-14  6.97e-14   167    18     0
1989.65  2.64e-14  6.81e-14   167    21     0
1992.31  8.40e-14  6.95e-14   166    66     0
1994.98 -1.27e-13  6.66e-14   166  -102     0
1997.64  1.35e-13  6.60e-14   166   113     0
2000.30  1.24e-13  7.80e-14   165   102     0
2002.97  1.01e-13  6.58e-14   165    85     0
2005.63 -3.43e-14  6.03e-14   164   -29     0
2008.29 -4.57e-14  6.50e-14   164   -39     0
2010.95  4.56e-14  6.85e-14   163    37     0
2013.62  1.20e-13  6.33e-14   163    99     0
2016.28 -9.94e-14  5.37e-14   163   -92     0
2018.94  5.55e-15  5.30e-14   162     5     0
2021.61  6.42e-14  5.75e-14   162    55     0
2024.27 -4.95e-14  5.59e-14   161   -43     0
2026.93  2.71e-14  5.36e-14   161    24     0
2029.59  2.16e-14  5.29e-14   160    19     0
2032.26 -4.02e-14  5.30e-14   160   -36     0
2034.92  1.30e-13  1.08e-13   160   116     0
2037.58  7.13e-15  5.19e-14   159     6     0
2040.25  9.30e-15  5.21e-14   159     8     0
2042.91 -5.58e-14  5.15e-14   158   -49     0
2045.57 -2.63e-15  5.28e-14   158    -2     0
2048.23 -2.25e-14  5.21e-14   158   -19     0
2050.90  2.03e-14  5.01e-14   157    18     0
2053.56  1.03e-13  5.11e-14   157    92     0
2056.22  1.65e-14  4.87e-14   156    14     0
2058.88 -3.24e-14  4.79e-14   156   -29     0
2061.55 -9.13e-14  4.69e-14   156   -83     0
2064.21  6.52e-14  4.70e-14   155    60     0
2066.87 -7.70e-14  4.56e-14   155   -71     0
2069.54  1.16e-14  4.49e-14   155    10     0
2072.20  4.65e-15  4.33e-14   154     4     0
2074.86  2.63e-13  1.45e-13   154   252     0
2077.52 -2.09e-14  4.19e-14   153   -20     0
2080.19  3.83e-14  5.10e-14   153    36     0
2082.85  4.29e-14  4.19e-14   153    41     0
2085.51  8.25e-15  4.32e-14   152     7     0
2088.18 -2.85e-14  4.12e-14   152   -27     0
2090.84  7.43e-14  4.10e-14   152    73     0
2093.50 -6.16e-14  3.90e-14   151   -60     0
2096.16  3.45e-14  4.60e-14   151    33     0
2098.83 -7.57e-14  7.22e-14   150   -73     0
2101.49  5.97e-14  3.99e-14   150    57     0
2104.15  5.40e-14  4.16e-14   150    51     0
2106.82 -7.13e-14  3.89e-14   149   -67     0
2109.48  3.48e-14  3.90e-14   149    32     0
2112.14 -7.87e-15  3.81e-14   149    -7     0
2114.80  5.48e-14  3.85e-14   148    51     0
2117.47  3.09e-14  3.90e-14   148    28     0
2120.13  5.40e-14  3.95e-14   148    51     0
2122.79 -5.88e-14  5.07e-14   147   -56     0
2125.45  3.24e-14  3.90e-14   147    31     0
2128.12 -3.82e-14  3.52e-14   147   -37     0
2130.78 -1.93e-14  3.51e-14   146   -18     0
2133.44 -7.06e-15  4.03e-14   146    -6     0
2136.11  3.46e-14  4.98e-14   146    33     0
2138.77 -8.87e-15  3.40e-14   145    -8     0
2141.43  1.97e-15  3.30e-14   145     1     0
2144.09  3.32e-14  3.41e-14   145    32     0
2146.76  4.29e-14  3.38e-14   144    42     0
2149.42  1.13e-14  3.19e-14   144    11     0
2152.08  4.06e-14  3.51e-14   144    38     0
2154.75 -1.49e-14  3.23e-14   143   -14     0
2157.41  2.58e-14  3.12e-14   143    25     0
2160.07 -5.03e-15  3.12e-14   143    -4     0
2162.73 -4.27e-14  3.10e-14   143   -41     0
2165.40 -1.96e-14  3.01e-14   142   -19     0
2168.06 -6.02e-14  2.98e-14   142   -59     0
2170.72  2.92e-14  2.99e-14   142    29     0
2173.39  3.96e-14  3.03e-14   141    39     0
2176.05 -1.82e-14  2.99e-14   141   -17     0
2178.71 -1.96e-15  2.94e-14   141    -1     0
2181.37  2.13e-14  2.99e-14   141    20     0
2184.04 -6.67e-15  2.95e-14   140    -6     0
2186.70  3.28e-14  2.85e-14   140    32     0
2189.36 -4.51e-14  2.79e-14   140   -44     0
2192.02  6.95e-15  2.93e-14   139     6     0
2194.69  3.43e-14  2.84e-14   139    33     0
2197.35 -2.61e-14  2.76e-14   139   -25     0
2200.01  5.97e-14  4.16e-14   139    57     0
2202.68  3.32e-14  2.90e-14   138    31     0
2205.34  1.89e-14  2.67e-14   138    18     0
2208.00 -3.87e-14  3.65e-14   138   -37     0
2210.66 -5.86e-14  2.67e-14   138   -55     0
2213.33 -5.73e-16  5.00e-14   137     0     0
2215.99  1.87e-15  3.12e-14   137     1     0
2218.65 -3.32e-14  2.47e-14   137   -33     0
2221.32  4.93e-14  2.55e-14   137    48     0
2223.98  1.37e-14  2.73e-14   136    13     0
2226.64 -5.30e-14  3.57e-14   136   -50     0
2229.30  1.93e-14  2.50e-14   136    18     0
2231.97 -3.44e-14  2.31e-14   136   -36     0
2234.63 -2.17e-14  2.74e-14   135   -22     0
2237.29 -5.31e-14  2.72e-14   135   -52     0
2239.96  4.24e-14  3.23e-14   135    42     0
2242.62 -2.72e-14  2.74e-14   135   -27     0
2245.28  2.13e-14  2.88e-14   134    21     0
2247.94  2.13e-14  2.24e-14   134    21     0
2250.61 -4.07e-15  2.66e-14   134    -4     0
2253.27  1.98e-14  2.73e-14   134    21     0
2255.93  4.83e-14  2.13e-14   133    51     0
2258.59  3.24e-14  2.05e-14   133    34     0
2261.26 -3.03e-14  3.19e-14   133   -31     0
2263.92  2.15e-14  3.08e-14   133    22     0
2266.58 -2.96e-14  2.48e-14   133   -32     0
2269.25 -1.90e-14  2.53e-14   132   -21     0
2271.91 -1.23e-14  3.12e-14   132   -13     0
2274.57  9.41e-15  2.19e-14   132    10     0
2277.23 -1.10e-14  3.02e-14   132   -13     0
2279.90  1.33e-14  2.57e-14   132    16     0
2282.56  1.70e-14  2.00e-14   131    19     0
2285.22 -3.90e-15  1.81e-14   131    -4     0
2287.89  4.70e-15  1.63e-14   131     5     0
2290.55  3.03e-14  2.39e-14   131    36     0
2293.21  5.89e-14  3.34e-14   131    71     0
2295.87 -1.77e-14  2.01e-14   130   -22     0
2298.54  1.39e-15  1.47e-14   130     1     0
2301.20  4.38e-14  1.82e-14   130    54     0
2303.86  4.88e-15  1.47e-14   130     6     0
2306.53  4.33e-15  2.51e-14   130     5     0
2309.19  3.85e-14  1.82e-14   129    48     0
2311.85 -2.99e-14  1.33e-14   129   -40     0
2314.51 -4.27e-15  1.30e-14   129    -5     0
2317.18  1.72e-14  2.40e-14   129    22     0
2319.84 -1.95e-15  2.21e-14   129    -2     0
2322.50  4.31e-14  1.88e-14   129    58     0
2325.16  2.00e-14  1.77e-14   128    28     0
2327.83  1.34e-14  1.19e-14   128    19     0
2330.49  1.37e-14  2.11e-14   128    19     0
2333.15  2.42e-14  2.11e-14   128    35     0
2335.82  2.24e-14  1.18e-14   128    33     0
2338.48  1.83e-14  2.05e-14   128    28     0
2341.14 -2.52e-14  1.76e-14   127   -38     0
2343.80  2.18e-14  1.12e-14   127    33     0
2346.47 -6.94e-15  1.55e-14   127   -10     0
2349.13  2.44e-14  1.15e-14   127    38     0
2351.79  3.83e-14  1.76e-14   127    60     0
2354.46  6.55e-15  1.72e-14   127    10     0
2357.12  3.18e-16  1.69e-14   127     0     0
2359.78  1.97e-14  1.04e-14   126    33     0
2362.44 -6.85e-15  1.62e-14   126   -11     0
2365.11  7.43e-15  9.30e-15   126    12     0
2367.77  2.31e-14  1.19e-14   126    38     0
2370.43 -2.86e-15  1.29e-14   126    -4     0
2373.09 -1.32e-14  9.17e-15   126   -22     0
2375.76  1.32e-14  1.51e-14   126    24     0
2378.42  2.15e-14  1.58e-14   125    39     0
2381.08  2.01e-14  8.32e-15   125    36     0
2383.75  1.14e-14  1.53e-14   125    20     0
2386.41  4.11e-14  1.53e-14   125    75     0
2389.07  2.91e-14  8.60e-15   125    54     0
2391.73  6.71e-15  1.28e-14   125    12     0
2394.40  3.31e-14  1.21e-14   125    63     0
2397.06 -6.60e-15  9.79e-15   124   -12     0
2399.72  3.21e-14  8.29e-15   124    62     0
2402.39  2.91e-14  8.89e-15   124    57     0
2405.05 -6.63e-15  7.25e-15   124   -12     0
2407.71  1.84e-14  1.97e-14   124    36     0
2410.37  2.36e-14  9.31e-15   124    48     0
2413.04  3.01e-14  9.06e-15   124    63     0
2415.70  1.46e-14  6.44e-15   124    31     0
2418.36  7.59e-15  9.04e-15   124    16     0
2421.03  1.75e-14  6.43e-15   123    37     0
2423.69  2.01e-14  8.09e-15   123    43     0
2426.35  8.37e-15  8.45e-15   123    18     0
2429.01  1.08e-16  7.39e-15   123     0     0
2431.68 -3.44e-15  6.96e-15   123    -7     0
2434.34  2.79e-15  5.77e-15   123     6     0
2437.00  2.30e-14  8.62e-15   123    50     0
2439.67  2.90e-15  7.62e-15   123     6     0
2442.33  2.46e-14  7.31e-15   122    55     0
2444.99  2.95e-15  5.50e-15   122     6     0
2447.65  1.48e-15  5.71e-15   122     3     0
2450.32  1.28e-14  1.02e-14   122    29     0
2452.98  5.06e-15  7.60e-15   122    11     0
2455.64  1.02e-14  5.30e-15   122    24     0
2458.30  2.21e-14  6.35e-15   122    53     0
2460.97  8.61e-15  5.02e-15   122    20     0
2463.63  8.98e-15  7.24e-15   122    22     0
2466.29  1.64e-14  5.05e-15   122    40     0
2468.96  1.60e-14  5.75e-15   121    40     0
2471.62  5.57e-15  5.11e-15   121    14     0
2474.28  9.24e-15  4.64e-15   121    23     0
2476.94  1.34e-14  6.24e-15   121    35     0
2479.61  6.10e-15  6.04e-15   121    16     0
2482.27  1.74e-14  7.05e-15   121    46     0
2484.93  1.27e-14  4.79e-15   121    33     0
2487.60  3.13e-15  4.38e-15   121     8     0
2490.26 -9.80e-16  4.19e-15   121    -2     0
2492.92  8.72e-15  4.80e-15   121    23     0
2495.58  2.59e-14  6.25e-15   120    69     0
2498.25  5.12e-15  7.16e-15   120    13     0
2500.91  1.48e-14  4.40e-15   120    40     0
2503.57  9.05e-15  4.18e-15   120    24     0
2506.24  5.09e-15  4.20e-15   120    13     0
2508.90  1.11e-14  6.64e-15   120    30     0
2511.56  6.53e-15  3.92e-15   120    18     0
2514.22  8.16e-15  5.90e-15   120    23     0
2516.89  4.32e-15  6.24e-15   120    11     0
2519.55  7.04e-15  5.71e-15   120    19     0
2522.21  2.97e-15  4.11e-15   120     8     0
2524.87  1.34e-14  4.90e-15   120    38     0
2527.54  1.57e-14  4.12e-15   119    44     0
2530.20  1.76e-14  5.41e-15   119    50     0
2532.86  1.12e-14  6.81e-15   119    32     0
2535.53  3.25e-15  4.57e-15   119     9     0
2538.19  8.52e-15  3.69e-15   119    25     0
2540.85  1.46e-14  5.85e-15   119    44     0
2543.51  1.59e-14  5.28e-15   119    48     0
2546.18  9.99e-15  3.78e-15   119    30     0
2548.84  4.07e-15  3.35e-15   119    12     0
2551.50  1.76e-14  4.10e-15   119    54     0
2554.17  6.00e-15  4.62e-15   119    18     0
2556.83  1.27e-14  3.65e-15   118    41     0
2559.49  6.12e-15  3.63e-15   118    20     0
2562.15  1.61e-14  3.46e-15   118    52     0
2564.82  1.27e-14  3.42e-15   118    41     0
2567.48  9.80e-15  3.31e-15   118    32     0
2570.14  1.55e-14  3.93e-15   118    51     0
2572.80  5.40e-16  3.06e-15   118     1     0
2575.47  1.18e-14  4.43e-15   118    38     0
2578.13  7.36e-15  4.12e-15   118    24     0
2580.79  7.69e-15  3.27e-15   118    24     0
2583.46  4.26e-15  4.06e-15   118    13     0
2586.12  1.27e-14  5.35e-15   118    42     0
2588.78  2.25e-14  7.29e-15   117    75     0
2591.44  1.79e-14  6.04e-15   117    59     0
2594.11  1.68e-14  3.81e-15   117    56     0
2596.77  2.03e-14  5.21e-15   117    70     0
2599.43  2.50e-14  7.30e-15   117    87     0
2602.10  3.73e-14  1.10e-14   117   131     0
2604.76  3.69e-14  9.12e-15   117   130     0
2607.42  2.80e-14  6.03e-15   117   100     0
2610.08  2.64e-14  5.50e-15   117    92     0
2612.75  3.12e-14  8.90e-15   117   110     0
2615.41  3.54e-14  1.06e-14   117   129     0
2618.07  3.92e-14  1.04e-14   117   144     0
2620.74  3.42e-14  9.47e-15   116   126     0
2623.40  4.04e-14  1.02e-14   116   150     0
2626.06  4.01e-14  1.21e-14   116   147     0
2628.72  3.95e-14  1.21e-14   116   145     0
2631.39  5.35e-14  1.46e-14   116   202     0
2634.05  4.40e-14  1.18e-14   116   167     0
2636.71  3.30e-14  7.81e-15   116   123     0
2639.37  1.64e-14  3.54e-15   116    61     0
2642.04  1.23e-14  4.21e-15   116    46     0
2644.70  8.01e-15  3.01e-15   116    30     0
2647.36  6.64e-15  2.87e-15   116    25     0
2650.03  8.83e-15  2.82e-15   116    33     0
2652.69  8.17e-15  3.89e-15   115    31     0
2655.35  1.50e-14  3.08e-15   115    56     0
2658.01  5.39e-15  2.72e-15   115    20     0
2660.68  1.01e-14  2.75e-15   115    39     0
2663.34  9.30e-15  2.92e-15   115    36     0
2666.00  8.26e-15  2.99e-15   115    31     0
2668.67  1.30e-14  4.38e-15   115    50     0
2671.33  1.07e-14  2.81e-15   115    42     0
2673.99  1.11e-14  2.76e-15   115    43     0
2676.65  8.81e-15  2.69e-15   115    35     0
2679.32  9.34e-15  2.69e-15   115    37     0
2681.98  1.12e-14  2.73e-15   114    44     0
2684.64  8.22e-15  2.67e-15   114    32     0
2687.31  5.84e-15  2.59e-15   114    23     0
2689.97  5.24e-15  2.58e-15   114    21     0
2692.63  5.62e-15  2.61e-15   114    22     0
2695.29  1.02e-14  2.70e-15   114    41     0
2697.96  6.08e-15  3.33e-15   114    24     0
2700.62  1.01e-14  2.72e-15   114    40     0
2703.28  1.30e-14  2.78e-15   114    52     0
2705.94  9.81e-15  3.82e-15   114    39     0
2708.61  9.20e-15  2.77e-15   114    37     0
2711.27  1.36e-14  5.11e-15   113    53     0
2713.93  9.65e-15  3.91e-15   113    37     0
2716.60  1.13e-14  3.22e-15   113    44     0
2719.26  1.07e-14  4.67e-15   113    42     0
2721.92  1.38e-14  4.56e-15   113    53     0
2724.58  1.04e-14  3.72e-15   113    40     0
2727.25  1.19e-14  2.78e-15   113    48     0
2729.91  9.55e-15  4.74e-15   113    39     0
2732.57  1.40e-14  5.25e-15   113    57     0
2735.24  1.49e-14  5.00e-15   113    60     0
2737.90  1.76e-14  5.54e-15   112    71     0
2740.56  2.21e-14  6.60e-15   112    89     0
2743.22  2.04e-14  6.69e-15   112    82     0
2745.89  2.39e-14  6.23e-15   112    98     0
2748.55  2.64e-14  6.83e-15   112   108     0
2751.21  2.15e-14  6.63e-15   112    87     0
2753.88  2.26e-14  6.20e-15   112    92     0
2756.54  1.90e-14  6.04e-15   112    77     0
2759.20  2.74e-14  8.16e-15   112   111     0
2761.86  1.89e-14  4.97e-15   111    77     0
2764.53  1.99e-14  4.20e-15   111    81     0
2767.19  1.47e-14  2.81e-15   111    60     0
2769.85  1.22e-14  3.97e-15   111    50     0
2772.51  1.55e-14  4.92e-15   111    63     0
2775.18  1.39e-14  4.75e-15   111    57     0
2777.84  1.81e-14  4.43e-15   111    74     0
2780.50  1.65e-14  2.87e-15   111    68     0
2783.17  1.67e-14  2.97e-15   111    68     0
2785.83  2.24e-14  7.21e-15   110    89     0
2788.49  2.30e-14  6.51e-15   110    91     0
2791.15  2.92e-14  9.06e-15   110   118     0
2793.82  7.64e-14  2.31e-14   110   308     0
2796.48  1.78e-13  5.50e-14   110   709     0
2799.14  2.64e-13  7.75e-14   110  1053     0
2801.81  2.36e-13  6.89e-14   110   949     0
2804.47  2.01e-13  5.90e-14   110   813     0
2807.13  1.96e-13  5.75e-14   110   748     0
2809.79  1.19e-13  3.65e-14   109   458     0
2812.46  3.39e-14  9.91e-15   109   135     0
2815.12  1.29e-14  3.17e-15   109    51     0
2817.78  1.05e-14  4.06e-15   109    42     0
2820.45  1.21e-14  2.97e-15   109    47     0
2823.11  1.27e-14  4.29e-15   109    50     0
2825.77  4.23e-14  2.20e-14   109   168     0
2828.43  4.14e-14  2.10e-14   109   164     0
2831.10  1.29e-14  5.07e-15   108    52     0
2833.76  8.19e-15  3.89e-15   108    32     0
2836.42  1.17e-14  4.10e-15   108    47     0
2839.08  7.94e-15  2.89e-15   108    31     0
2841.75  1.22e-14  3.09e-15   108    48     0
2844.41  1.43e-14  3.59e-15   108    56     0
2847.07  1.47e-14  3.70e-15   108    58 -4096
2849.74  1.76e-14  4.07e-15   108    70 -4096
2852.40  2.20e-14  4.99e-15   107    86 -4096
2855.06  1.53e-14  5.12e-15   107    60     0
2857.72  1.60e-14  4.98e-15   107    63     0
2860.39  1.68e-14  5.71e-15   107    65     0
2863.05  1.77e-14  6.69e-15   107    68     0
2865.71  1.61e-14  5.33e-15   107    62     0
2868.38  1.65e-14  3.40e-15   107    63     0
2871.04  1.46e-14  4.52e-15   107    56     0
2873.70  1.91e-14  3.63e-15   106    74     0
2876.36  1.79e-14  5.19e-15   106    67     0
2879.03  1.75e-14  3.94e-15   106    66     0
2881.69  2.10e-14  5.73e-15   106    79     0
2884.35  1.33e-14  3.32e-15   106    49     0
2887.02  1.92e-14  4.09e-15   106    72     0
2889.68  1.81e-14  4.73e-15   106    68     0
2892.34  1.62e-14  3.41e-15   105    61     0
2895.00  1.72e-14  4.05e-15   105    65     0
2897.67  2.02e-14  3.57e-15   105    76     0
2900.33  1.51e-14  4.24e-15   105    56     0
2902.99  1.61e-14  3.61e-15   105    60     0
2905.65  1.46e-14  3.50e-15   105    53     0
2908.32  1.59e-14  5.20e-15   105    58     0
2910.98  1.68e-14  4.78e-15   104    62     0
2913.64  8.90e-15  3.25e-15   104    32     0
2916.31  6.88e-15  4.77e-15   104    25     0
2918.97  1.69e-14  5.07e-15   104    61     0
2921.63  1.88e-14  4.84e-15   104    66     0
2924.29  1.71e-14  5.91e-15   104    59     0
2926.96  2.74e-14  6.94e-15   103    96     0
2929.62  3.07e-14  7.79e-15   103   106     0
2932.28  2.19e-14  6.75e-15   103    75     0
2934.95  2.30e-14  6.67e-15   103    78     0
2937.61  1.88e-14  5.70e-15   103    64     0
2940.27  1.60e-14  6.13e-15   103    54     0
2942.93  1.79e-14  5.06e-15   103    60     0
2945.60  1.57e-14  5.52e-15   102    51     0
2948.26  2.19e-14  6.24e-15   102    71     0
2950.92  2.29e-14  5.23e-15   102    75     0
2953.59  2.50e-14  4.52e-15   102    82     0
2956.25  2.70e-14  5.21e-15   102    88     0
2958.91  3.20e-14  7.50e-15   102   103     0
2961.57  2.90e-14  7.90e-15   101    92     0
2964.24  2.15e-14  7.26e-15   101    67     0
2966.90  2.59e-14  7.24e-15   101    80     0
2969.56  2.44e-14  6.38e-15   101    75     0
2972.22  2.58e-14  6.01e-15   101    79     0
2974.89  2.55e-14  5.04e-15   101    77     0
2977.55  1.90e-14  5.41e-15   100    55     0
2980.21  2.45e-14  5.25e-15   100    72     0
2982.88  2.48e-14  6.76e-15   100    72     0
2985.54  3.04e-14  7.89e-15   100    87     0
2988.20  2.80e-14  8.03e-15   100    79     0
2990.86  2.47e-14  4.41e-15   100    69     0
2993.53  2.02e-14  5.46e-15    99    56     0
2996.19  2.12e-14  7.91e-15    99    57     0
2998.85  2.29e-14  5.56e-15    99    61     0
3001.52  1.86e-14  4.41e-15    99    50     0
3004.18  2.21e-14  4.72e-15    99    59     0
3006.84  1.98e-14  4.49e-15    99    52     0
3009.50  1.81e-14  4.52e-15    98    47     0
3012.17  2.04e-14  5.57e-15    98    52     0
3014.83  1.14e-14  5.19e-15    98    28     0
3017.49  1.14e-14  5.13e-15    98    28     0
3020.16  1.93e-14  4.94e-15    98    47     0
3022.82  1.74e-14  5.42e-15    98    42     0
3025.48  2.29e-14  7.35e-15    97    54     0
3028.14  1.98e-14  7.73e-15    97    46     0
3030.81  1.94e-14  4.99e-15    97    45     0
3033.47  1.88e-14  5.03e-15    97    43     0
3036.13  2.30e-14  5.53e-15    97    51     0
3038.79  2.43e-14  6.75e-15    96    54     0
3041.46  2.73e-14  7.74e-15    96    59     0
3044.12  2.46e-14  6.10e-15    96    52     0
3046.78  2.63e-14  7.39e-15    96    55     0
3049.45  2.48e-14  5.51e-15    96    51     0
3052.11  1.68e-14  6.42e-15    95    34     0
3054.77  1.80e-14  6.26e-15    95    36 -4096
3057.43  1.58e-14  6.53e-15    95    30 -4096
3060.10  2.13e-14  6.65e-15    95    40 -4096
3062.76  1.46e-14  6.13e-15    95    27     0
3065.42  1.12e-14  5.87e-15    95    20     0
3068.09  2.58e-14  6.18e-15    94    46     0
3070.75  2.08e-14  6.09e-15    94    37     0
3073.41  1.61e-14  6.07e-15    94    28     0
3076.07  2.77e-14  6.40e-15    94    47     0
3078.74  3.02e-14  6.84e-15    94    51     0
3081.40  2.78e-14  6.49e-15    93    46     0
3084.06  2.54e-14  7.59e-15    93    41     0
3086.73  2.05e-14  6.60e-15    93    32     0
3089.39  3.29e-14  7.11e-15    93    51     0
3092.05  1.37e-14  7.47e-15    93    21     0
3094.71  1.99e-14  6.81e-15    92    30     0
3097.38  2.89e-14  9.84e-15    92    42     0
3100.04  3.04e-14  7.46e-15    92    44     0
3102.70  2.65e-14  7.34e-15    92    37     0
3105.36  1.86e-14  7.20e-15    91    26     0
3108.03  2.50e-14  8.79e-15    91    34     0
3110.69  2.81e-14  7.39e-15    91    38     0
3113.35  3.31e-14  8.36e-15    91    44     0
3116.02  3.65e-14  7.81e-15    91    47     0
3118.68  3.84e-14  7.95e-15    90    49     0
3121.34  3.04e-14  7.81e-15    90    38     0
3124.00  2.57e-14  7.85e-15    90    31     0
3126.67  3.09e-14  7.96e-15    90    37     0
3129.33  2.45e-14  8.44e-15    90    29     0
3131.99  1.79e-14  9.20e-15    89    21     0
3134.66  2.58e-14  9.64e-15    89    30     0
3137.32  3.30e-14  1.03e-14    89    37     0
3139.98  3.89e-14  1.09e-14    89    43     0
3142.64  4.13e-14  1.25e-14    88    44     0
3145.31  2.80e-14  1.28e-14    88    29     0
3147.97  2.49e-14  8.73e-15    88    25     0
3150.63  1.99e-14  8.43e-15    88    20     0
3153.30 -1.66e-15  8.29e-15    88    -1     0
3155.96  3.93e-15  9.07e-15    87     3     0
3158.62  2.79e-14  8.79e-15    87    27     0
3161.28  3.53e-14  9.23e-15    87    33     0
3163.95  1.72e-14  9.68e-15    87    15     0
3166.61  3.16e-14  1.15e-14    86    28     0
3169.27  2.88e-14  9.52e-15    86    25     0
3171.93  1.91e-14  9.46e-15    86    16     0
3174.60  3.70e-14  1.01e-14    86    30     0
3177.26  3.23e-14  1.26e-14    85    27     0
3179.92  3.95e-14  1.06e-14    85    32     0
3182.59  5.46e-14  1.14e-14    85    43     0
3185.25  4.40e-14  1.15e-14    85    35     0
3187.91  3.78e-14  1.03e-14    84    29     0
3190.57  5.56e-14  1.05e-14    84    41     0
3193.24  4.63e-14  1.39e-14    84    33     0
3195.90  5.38e-14  1.12e-14    84    38     0
3198.56  5.60e-14  1.03e-14    83    39     0
3201.23  3.18e-14  1.04e-14    83    22     0
3203.89  2.61e-14  1.03e-14    83    17     0
3206.55  3.37e-14  1.15e-14    83    20     0
3209.21  3.58e-14  1.12e-14    82    20     0
3211.88  2.57e-14  1.04e-14    82    15     0
3214.54  5.80e-14  1.10e-14    82    34     0
3217.20  6.15e-14  1.17e-14    82    34     0
3219.87  5.42e-14  1.18e-14    81    29     0
3222.53  6.05e-14  1.48e-14    81    33     0
3225.19  6.78e-14  1.35e-14    81    36     0
3227.85  4.47e-14  1.32e-14    80    23     0
3230.52  3.70e-14  1.60e-14    80    19     0
3233.18  2.86e-14  1.21e-14    80    14     0
3235.84  3.57e-14  1.17e-14    80    16     0
3238.50  3.23e-14  1.14e-14    79    14     0
3241.17  3.14e-14  1.34e-14    79    14     0
3243.83  4.80e-14  1.11e-14    79    21     0
3246.49  3.96e-14  1.44e-14    78    17     0
3249.16  4.55e-14  1.36e-14    78    19     0
3251.82  4.97e-14  1.66e-14    78    21     0
3254.48  5.31e-14  1.37e-14    78    22     0
3257.14  9.23e-14  1.60e-14    77    37     0
3259.81  9.59e-14  2.58e-14    77    37 -4096
3262.47  6.13e-14  2.04e-14    77    24 -4096
3265.13  4.39e-14  2.35e-14    76    17 -4096
3267.80  3.76e-14  2.18e-14    76    14 -4096
3270.46  4.37e-14  1.92e-14    76    15     0
3273.12  6.08e-14  1.51e-14    75    21     0
3275.78  6.74e-14  2.33e-14    75    22     0
3278.45  9.44e-14  2.50e-14    75    30     0
3281.11  5.89e-14  1.76e-14    74    19     0
3283.77  6.62e-14  1.86e-14    74    21     0
3286.44  6.21e-14  2.13e-14    74    19     0
3289.10  2.07e-14  1.61e-14    73     6     0
3291.76  5.46e-14  2.35e-14    73    15     0
3294.42  7.79e-14  2.90e-14    73    21     0
3297.09  5.32e-14  1.89e-14    72    15     0
3299.75  7.19e-14  3.03e-14    72    19     0
3302.41  9.81e-14  2.39e-14    72    26     0
3305.07  7.47e-14  2.02e-14    71    19     0
3307.74  7.80e-14  2.54e-14    71    19     0
3310.40  6.55e-14  2.68e-14    71    15     0
3313.06  4.95e-14  3.25e-14    70    11     0
3315.73  1.11e-13  3.80e-14    70    22     0
3318.39  7.72e-14  3.13e-14    69    15     0
3321.05  4.40e-14  2.68e-14    69     7     0
3323.71  1.92e-14  2.79e-14    69     3     0
3326.38  2.64e-14  4.02e-14    68     4     0
3329.04  1.35e-13  2.88e-14    68    22     0
3331.70  1.57e-13  2.92e-14    67    25     0
3334.37  1.13e-13  3.03e-14    67    17     0
3337.03  5.33e-14  2.80e-14    67     9     0
3339.69  1.07e-13  2.91e-14    66    17     0
3342.35  1.98e-13  3.29e-14    66    28     0
3345.02  1.79e-13  3.51e-14    65    24     0
3347.68  1.62e-13  4.09e-14    65    21     0
