NOT ORIGINAL IUE PROJECT DATA PRODUCT
LWP23883LOWLARGE
HD  197481
20:42:04
-31:31:05
48
NO-TRAIL
X-OFFSETS
1199.063
09/09/92
09:16:30
253
10.18
25/05/96
GSFC
2448874.88646
59
32
1851.19  7.45e-14  9.75e-13   192     6     0
1853.85  4.98e-13  9.16e-13   192    45     0
1856.51  1.33e-13  1.34e-12   191     8     0
1859.17 -6.11e-13  1.24e-12   191   -40     0
1861.84  4.74e-13  7.01e-13   190    55     0
1864.50  3.58e-14  6.37e-13   190     4     0
1867.16 -1.39e-15  4.75e-13   189     0     0
1869.83  1.46e-13  4.43e-13   189    26     0
1872.49 -1.90e-13  3.93e-13   188   -38     0
1875.15  2.89e-13  3.41e-13   188    66     0
1877.81 -8.54e-13  3.18e-13   187  -207     0
1880.48 -3.00e-13  3.37e-13   187   -68     0
1883.14  1.49e-13  3.18e-13   186    35     0
1885.80 -1.85e-13  2.84e-13   186   -49     0
1888.47  3.04e-13  2.73e-13   185    84     0
1891.13  6.72e-15  2.60e-13   185     1     0
1893.79  1.23e-13  2.50e-13   185    36     0
1896.45 -2.40e-13  2.25e-13   184   -77     0
1899.12 -2.18e-13  2.23e-13   184   -73     0
1901.78  2.46e-13  2.31e-13   183    77     0
1904.44  1.64e-13  2.21e-13   183    53     0
1907.11 -7.66e-14  2.08e-13   183   -26     0
1909.77  2.52e-13  2.04e-13   182    88     0
1912.43 -1.29e-13  1.96e-13   182   -49     0
1915.09  1.23e-13  2.00e-13   182    47 -4096
1917.76 -1.53e-13  1.91e-13   181   -60 -4096
1920.42 -1.13e-13  1.60e-13   181   -51     0
1923.08 -1.16e-14  1.44e-13   181    -5     0
1925.74  7.37e-14  1.62e-13   180    30     0
1928.41  2.56e-13  1.59e-13   180   109     0
1931.07  1.84e-13  1.45e-13   180    85     0
1933.73  6.63e-14  1.38e-13   180    31     0
1936.40 -2.99e-13  1.36e-13   179  -142     0
1939.06  1.31e-13  1.33e-13   179    64     0
1941.72  3.65e-14  1.24e-13   179    18     0
1944.38  1.52e-13  1.22e-13   178    80     0
1947.05 -6.86e-14  1.12e-13   178   -38     0
1949.71  1.23e-13  1.13e-13   178    70     0
1952.37  1.32e-13  1.15e-13   178    72     0
1955.04 -4.89e-14  1.08e-13   177   -27     0
1957.70 -5.54e-14  1.04e-13   177   -32     0
1960.36  8.17e-15  1.01e-13   177     4     0
1963.02  5.98e-14  9.77e-14   177    36     0
1965.69  2.56e-14  8.98e-14   177    16     0
1968.35 -1.23e-13  1.81e-13   176   -82     0
1971.01  7.20e-14  9.01e-14   176    46     0
1973.68  8.32e-14  8.79e-14   176    55     0
1976.34  2.19e-14  7.67e-14   176    16     0
1979.00 -1.82e-13  7.42e-14   176  -139     0
1981.66  1.29e-13  7.82e-14   175    94     0
1984.33  1.48e-14  7.39e-14   175    11     0
1986.99  2.72e-14  7.01e-14   175    21     0
1989.65  5.19e-14  6.85e-14   175    41     0
1992.31  2.67e-14  6.85e-14   175    21     0
1994.98 -2.95e-14  6.67e-14   174   -23     0
1997.64  4.05e-14  6.43e-14   174    33     0
2000.30  1.32e-13  6.62e-14   174   109     0
2002.97 -1.50e-14  6.26e-14   174   -12     0
2005.63  3.82e-14  6.04e-14   174    33     0
2008.29  1.12e-14  5.91e-14   174     9     0
2010.95 -2.12e-14  6.23e-14   174   -17     0
2013.62  1.54e-13  6.42e-14   173   126     0
2016.28 -2.51e-14  5.39e-14   173   -23     0
2018.94  9.99e-16  5.32e-14   173     0     0
2021.61  5.80e-14  5.77e-14   173    50     0
2024.27 -9.48e-15  5.61e-14   173    -8     0
2026.93  3.85e-14  5.55e-14   173    34     0
2029.59  1.21e-13  5.53e-14   173   109     0
2032.26 -7.62e-14  5.32e-14   173   -68     0
2034.92  1.53e-13  5.76e-14   172   137     0
2037.58  1.96e-15  5.19e-14   172     1     0
2040.25 -4.67e-14  5.23e-14   172   -41     0
2042.91  1.49e-14  5.18e-14   172    13     0
2045.57 -3.56e-14  5.31e-14   172   -30     0
2048.23  3.62e-14  5.30e-14   172    31     0
2050.90 -2.90e-14  5.04e-14   172   -25     0
2053.56  6.75e-14  5.07e-14   172    60     0
2056.22  7.09e-14  5.02e-14   172    63     0
2058.88  2.75e-14  4.87e-14   172    24     0
2061.55 -8.58e-14  4.72e-14   171   -78     0
2064.21  4.43e-14  4.70e-14   171    40     0
2066.87 -4.89e-14  4.59e-14   171   -45     0
2069.54 -5.60e-15  4.52e-14   171    -5     0
2072.20 -1.31e-14  4.37e-14   171   -12     0
2074.86  2.27e-13  1.13e-13   171   218     0
2077.52 -8.53e-16  4.23e-14   171     0     0
2080.19  3.41e-14  4.24e-14   171    32     0
2082.85  3.89e-14  4.21e-14   171    37     0
2085.51  4.68e-14  4.23e-14   171    45     0
2088.18 -1.15e-13  4.11e-14   171  -111     0
2090.84  2.18e-14  3.99e-14   171    21     0
2093.50  2.38e-15  3.94e-14   170     2     0
2096.16  1.41e-14  3.99e-14   170    13     0
2098.83 -6.44e-14  3.99e-14   170   -62     0
2101.49  6.43e-14  4.06e-14   170    61     0
2104.15  4.33e-14  3.98e-14   170    41     0
2106.82 -4.14e-14  3.94e-14   170   -39     0
2109.48 -6.43e-15  3.91e-14   170    -6     0
2112.14  3.60e-14  3.92e-14   170    34     0
2114.80  3.89e-14  3.88e-14   170    36     0
2117.47  4.49e-14  4.00e-14   170    42     0
2120.13  1.15e-13  4.13e-14   170   110     0
2122.79 -6.22e-14  3.91e-14   170   -59     0
2125.45  2.74e-14  3.71e-14   170    26     0
2128.12  6.44e-15  3.57e-14   170     6     0
2130.78  1.47e-14  3.57e-14   170    14     0
2133.44 -1.18e-15  3.52e-14   170    -1     0
2136.11  3.16e-14  3.52e-14   170    30     0
2138.77  1.65e-15  3.45e-14   169     1     0
2141.43  3.98e-14  3.41e-14   169    39     0
2144.09  4.37e-14  3.39e-14   169    43     0
2146.76  5.79e-14  3.37e-14   169    57     0
2149.42  2.03e-14  3.28e-14   169    20     0
2152.08  2.00e-14  3.34e-14   169    19     0
2154.75  3.98e-14  3.34e-14   169    38     0
2157.41 -1.17e-14  3.16e-14   169   -11     0
2160.07  3.85e-15  3.19e-14   169     3     0
2162.73 -7.35e-14  3.15e-14   169   -71     0
2165.40 -1.27e-15  3.07e-14   169    -1     0
2168.06 -6.77e-14  3.04e-14   169   -67     0
2170.72  1.13e-14  3.02e-14   169    11     0
2173.39  1.53e-16  2.98e-14   169     0     0
2176.05  1.09e-14  3.04e-14   169    10     0
2178.71  9.81e-15  3.09e-14   169     9     0
2181.37  3.01e-14  3.50e-14   169    28     0
2184.04  1.15e-15  3.02e-14   169     1     0
2186.70  5.27e-14  2.96e-14   168    52     0
2189.36 -3.57e-14  3.07e-14   168   -35     0
2192.02 -4.36e-14  2.90e-14   168   -42     0
2194.69  1.03e-14  2.91e-14   168     9     0
2197.35 -4.04e-14  2.87e-14   168   -39     0
2200.01  3.53e-14  2.87e-14   168    33     0
2202.68  3.23e-14  2.94e-14   168    31     0
2205.34  5.54e-14  3.13e-14   168    54     0
2208.00 -3.05e-14  2.86e-14   168   -29     0
2210.66 -4.40e-14  2.75e-14   168   -41     0
2213.33  1.18e-14  4.17e-14   168    11     0
2215.99 -3.39e-14  2.58e-14   168   -33     0
2218.65 -2.61e-14  3.16e-14   168   -26     0
2221.32  5.25e-14  2.64e-14   168    52     0
2223.98  1.11e-14  2.51e-14   168    11     0
2226.64 -6.58e-14  3.07e-14   168   -62     0
2229.30  4.18e-14  2.63e-14   167    40     0
2231.97 -2.89e-14  2.32e-14   167   -30     0
2234.63 -3.33e-14  2.86e-14   167   -35     0
2237.29 -9.70e-15  2.76e-14   167    -9     0
2239.96 -1.78e-14  2.48e-14   167   -17     0
2242.62 -3.07e-14  2.32e-14   167   -31     0
2245.28 -7.23e-15  2.34e-14   167    -7     0
2247.94  2.39e-14  2.33e-14   167    24     0
2250.61  1.62e-14  2.18e-14   167    17     0
2253.27  1.91e-15  2.12e-14   167     2     0
2255.93 -1.14e-14  2.12e-14   167   -12     0
2258.59 -1.49e-14  2.07e-14   167   -16     0
2261.26 -2.81e-15  2.11e-14   167    -2     0
2263.92  8.46e-15  2.06e-14   167     8     0
2266.58  3.35e-15  1.97e-14   166     3     0
2269.25 -2.42e-15  1.93e-14   166    -2     0
2271.91 -3.63e-14  1.95e-14   166   -39     0
2274.57  5.57e-15  1.94e-14   166     6     0
2277.23 -2.82e-14  1.76e-14   166   -33     0
2279.90 -6.50e-15  2.27e-14   166    -7     0
2282.56  6.18e-15  1.76e-14   166     7     0
2285.22  1.10e-15  1.73e-14   166     1     0
2287.89 -3.16e-14  1.71e-14   166   -37     0
2290.55 -9.50e-15  1.66e-14   166   -11     0
2293.21  2.25e-14  1.77e-14   166    27     0
2295.87  2.20e-15  1.57e-14   165     2     0
2298.54 -1.04e-14  1.54e-14   165   -13     0
2301.20  2.44e-14  1.61e-14   165    30     0
2303.86 -3.67e-15  1.55e-14   165    -4     0
2306.53 -1.35e-14  1.54e-14   165   -16     0
2309.19  1.50e-14  1.53e-14   165    18     0
2311.85 -1.59e-14  1.40e-14   165   -21     0
2314.51 -1.97e-14  1.37e-14   165   -26     0
2317.18  3.15e-17  1.55e-14   165     0     0
2319.84 -4.96e-15  1.36e-14   165    -6     0
2322.50  2.25e-14  1.38e-14   164    30     0
2325.16  7.58e-15  1.28e-14   164    10     0
2327.83 -2.66e-15  1.24e-14   164    -3     0
2330.49  5.29e-15  1.75e-14   164     7     0
2333.15  1.71e-14  1.21e-14   164    25     0
2335.82  9.54e-15  1.52e-14   164    14     0
2338.48  1.42e-14  1.33e-14   164    21     0
2341.14 -1.44e-14  1.24e-14   164   -22     0
2343.80  8.20e-15  1.10e-14   164    12     0
2346.47  2.99e-15  1.12e-14   163     4     0
2349.13  1.68e-14  1.09e-14   163    26     0
2351.79  1.67e-14  1.08e-14   163    26     0
2354.46  2.03e-14  1.59e-14   163    32     0
2357.12  1.00e-14  9.95e-15   163    16     0
2359.78  2.17e-14  1.13e-14   163    36     0
2362.44 -1.15e-14  9.81e-15   163   -19     0
2365.11  1.21e-14  9.80e-15   163    20     0
2367.77  2.31e-14  9.92e-15   162    38     0
2370.43  4.72e-16  1.01e-14   162     0     0
2373.09 -1.24e-14  1.52e-14   162   -21     0
2375.76  1.59e-14  1.18e-14   162    29     0
2378.42  3.77e-14  1.69e-14   162    69     0
2381.08  2.23e-14  1.46e-14   162    40     0
2383.75  3.63e-15  1.21e-14   162     6     0
2386.41  1.40e-14  8.40e-15   161    25     0
2389.07  3.46e-14  8.78e-15   161    64     0
2391.73  1.27e-14  1.28e-14   161    24     0
2394.40  1.93e-14  8.25e-15   161    37     0
2397.06  5.84e-15  1.18e-14   161    11     0
2399.72  1.82e-14  8.03e-15   161    35     0
2402.39  2.94e-14  8.31e-15   161    58     0
2405.05  1.31e-14  8.01e-15   160    25     0
2407.71  5.55e-15  1.47e-14   160    10     0
2410.37 -8.15e-15  7.38e-15   160   -16     0
2413.04  7.14e-15  6.82e-15   160    14     0
2415.70  6.66e-15  6.68e-15   160    14     0
2418.36 -4.57e-15  6.67e-15   160    -9     0
2421.03  3.70e-15  6.51e-15   159     7     0
2423.69  4.84e-15  6.42e-15   159    10     0
2426.35  1.37e-14  7.47e-15   159    30     0
2429.01  4.68e-15  9.08e-15   159    10     0
2431.68  4.92e-15  6.33e-15   159    10     0
2434.34  1.06e-14  6.34e-15   159    23     0
2437.00 -7.71e-16  6.24e-15   159    -1     0
2439.67  1.12e-14  6.20e-15   158    24     0
2442.33  5.67e-15  5.92e-15   158    12     0
2444.99 -6.62e-15  5.75e-15   158   -15     0
2447.65 -1.25e-15  5.74e-15   158    -2     0
2450.32  1.01e-14  5.78e-15   158    23     0
2452.98  4.73e-15  5.84e-15   158    11     0
2455.64  5.84e-15  5.39e-15   157    14     0
2458.30  1.22e-14  5.69e-15   157    29     0
2460.97  1.19e-14  5.75e-15   157    28     0
2463.63  9.31e-15  5.28e-15   157    22     0
2466.29  1.12e-14  5.28e-15   157    27     0
2468.96  1.02e-14  5.96e-15   156    25     0
2471.62  9.36e-15  6.85e-15   156    23     0
2474.28  1.21e-14  5.54e-15   156    31     0
2476.94  1.28e-14  6.45e-15   156    33     0
2479.61  1.12e-14  7.28e-15   156    29     0
2482.27  1.94e-14  4.97e-15   156    51     0
2484.93  1.65e-14  5.05e-15   155    43     0
2487.60  7.53e-15  5.04e-15   155    19     0
2490.26 -6.02e-16  5.04e-15   155    -1     0
2492.92  4.29e-15  4.47e-15   155    11     0
2495.58  7.21e-15  4.57e-15   155    19     0
2498.25  4.42e-15  4.48e-15   155    11     0
2500.91  2.08e-14  4.76e-15   154    56     0
2503.57  5.11e-15  4.37e-15   154    13     0
2506.24  1.24e-14  5.27e-15   154    33     0
2508.90  1.90e-14  5.48e-15   154    51     0
2511.56  6.48e-15  4.21e-15   154    18     0
2514.22  9.34e-15  4.19e-15   153    26     0
2516.89  9.29e-15  4.41e-15   153    25     0
2519.55  9.22e-15  4.38e-15   153    25     0
2522.21  8.69e-15  4.41e-15   153    24     0
2524.87  9.67e-15  4.12e-15   153    28     0
2527.54  1.12e-14  4.17e-15   152    32     0
2530.20  1.13e-14  4.21e-15   152    32     0
2532.86  1.98e-14  4.67e-15   152    57     0
2535.53  2.17e-14  4.64e-15   152    63     0
2538.19  8.87e-15  4.69e-15   152    26     0
2540.85  1.25e-14  5.11e-15   152    37     0
2543.51  4.32e-15  3.73e-15   151    13     0
2546.18  1.13e-14  3.84e-15   151    35     0
2548.84  9.96e-15  3.73e-15   151    31     0
2551.50  5.85e-15  3.69e-15   151    18     0
2554.17  4.25e-15  4.21e-15   151    13     0
2556.83  7.05e-15  4.56e-15   150    23     0
2559.49  7.19e-15  3.45e-15   150    23     0
2562.15  1.42e-14  4.57e-15   150    46     0
2564.82  1.32e-14  3.61e-15   150    43     0
2567.48  8.22e-15  3.51e-15   150    27     0
2570.14  1.09e-14  4.39e-15   149    36     0
2572.80  8.70e-15  5.50e-15   149    29     0
2575.47  1.09e-14  3.78e-15   149    35     0
2578.13  1.54e-14  3.86e-15   149    50     0
2580.79  2.42e-14  7.34e-15   149    78     0
2583.46  1.87e-14  7.15e-15   148    60     0
2586.12  2.66e-14  6.38e-15   148    89     0
2588.78  1.13e-14  3.76e-15   148    38     0
2591.44  1.64e-14  5.64e-15   148    54     0
2594.11  3.62e-14  1.12e-14   148   121     0
2596.77  4.06e-14  1.23e-14   147   141     0
2599.43  2.43e-14  9.06e-15   147    85     0
2602.10  1.85e-14  5.81e-15   147    65     0
2604.76  2.59e-14  7.05e-15   147    92     0
2607.42  3.12e-14  8.56e-15   147   112     0
2610.08  3.87e-14  9.67e-15   147   135     0
2612.75  3.30e-14  8.92e-15   146   116     0
2615.41  3.12e-14  9.89e-15   146   114     0
2618.07  3.58e-14  1.18e-14   146   131     0
2620.74  3.98e-14  1.51e-14   146   147     0
2623.40  5.10e-14  1.51e-14   146   189     0
2626.06  5.66e-14  1.67e-14   145   207     0
2628.72  4.45e-14  1.04e-14   145   163     0
2631.39  1.75e-14  7.71e-15   145    66     0
2634.05  5.24e-15  3.69e-15   145    19     0
2636.71  8.46e-15  3.44e-15   145    31     0
2639.37  6.87e-15  3.03e-15   144    25     0
2642.04  1.85e-15  3.60e-15   144     6     0
2644.70  5.92e-15  3.09e-15   144    22     0
2647.36  4.45e-15  2.89e-15   144    17     0
2650.03  9.42e-15  2.98e-15   144    35     0
2652.69  5.86e-15  2.89e-15   143    22     0
2655.35  9.43e-15  3.00e-15   143    35     0
2658.01  1.28e-14  3.03e-15   143    48     0
2660.68  4.82e-15  4.23e-15   143    18     0
2663.34  9.19e-15  4.31e-15   143    35     0
2666.00  1.39e-14  6.53e-15   143    53     0
2668.67  1.44e-14  5.42e-15   142    56     0
2671.33  8.87e-15  4.53e-15   142    34     0
2673.99  8.83e-15  2.97e-15   142    34     0
2676.65  1.10e-14  3.40e-15   142    43     0
2679.32  9.78e-15  3.22e-15   142    39     0
2681.98  7.02e-15  2.78e-15   142    28     0
2684.64  7.94e-15  2.80e-15   141    31     0
2687.31  8.61e-15  3.91e-15   141    35     0
2689.97  5.15e-15  2.71e-15   141    20     0
2692.63  8.82e-15  3.60e-15   141    35     0
2695.29  1.45e-14  3.14e-15   141    58     0
2697.96  1.31e-14  2.92e-15   140    52     0
2700.62  1.00e-14  2.85e-15   140    40     0
2703.28  9.61e-15  2.85e-15   140    38     0
2705.94  1.19e-14  3.48e-15   140    48     0
2708.61  1.72e-14  5.51e-15   140    69     0
2711.27  1.82e-14  5.16e-15   140    71     0
2713.93  1.54e-14  4.72e-15   139    60     0
2716.60  1.16e-14  3.37e-15   139    46     0
2719.26  1.09e-14  4.24e-15   139    43     0
2721.92  2.10e-14  5.32e-15   139    81     0
2724.58  1.41e-14  5.18e-15   139    55     0
2727.25  1.76e-14  4.20e-15   139    72     0
2729.91  1.82e-14  5.06e-15   138    75     0
2732.57  2.27e-14  4.53e-15   138    93     0
2735.24  2.39e-14  5.65e-15   138    96     0
2737.90  1.81e-14  5.74e-15   138    73     0
2740.56  2.33e-14  6.89e-15   138    94     0
2743.22  2.62e-14  7.43e-15   138   106     0
2745.89  3.06e-14  7.82e-15   138   125     0
2748.55  2.58e-14  5.93e-15   137   106     0
2751.21  2.41e-14  6.53e-15   137    98     0
2753.88  2.12e-14  6.90e-15   137    86     0
2756.54  2.24e-14  8.10e-15   137    91     0
2759.20  2.10e-14  6.62e-15   137    85     0
2761.86  1.57e-14  5.35e-15   137    64     0
2764.53  1.20e-14  3.19e-15   137    48     0
2767.19  1.56e-14  3.31e-15   136    64     0
2769.85  4.68e-15  3.36e-15   136    19     0
2772.51  9.59e-15  4.83e-15   136    38     0
2775.18  1.05e-14  5.03e-15   136    43     0
2777.84  1.33e-14  3.07e-15   136    54     0
2780.50  1.35e-14  3.33e-15   136    55     0
2783.17  1.96e-14  5.52e-15   136    80     0
2785.83  4.11e-14  1.02e-14   135   165     0
2788.49  8.96e-14  2.85e-14   135   357     0
2791.15  1.73e-13  5.05e-14   135   701     0
2793.82  2.47e-13  6.99e-14   135   999     0
2796.48  2.23e-13  6.61e-14   135   890     0
2799.14  2.03e-13  5.90e-14   135   812     0
2801.81  1.90e-13  5.46e-14   135   763     0
2804.47  9.88e-14  3.11e-14   135   399     0
2807.13  2.73e-14  9.43e-15   134   104     0
2809.79  1.48e-14  4.25e-15   134    56     0
2812.46  1.31e-14  3.79e-15   134    52     0
2815.12  1.47e-14  4.16e-15   134    58     0
2817.78  1.17e-14  3.51e-15   134    46     0
2820.45  1.14e-14  3.07e-15   134    45     0
2823.11  1.09e-14  3.79e-15   134    42     0
2825.77  1.12e-14  3.22e-15   134    44     0
2828.43  1.23e-14  4.16e-15   134    48     0
2831.10  8.35e-15  3.01e-15   133    33     0
2833.76  9.00e-15  4.46e-15   133    36     0
2836.42  8.59e-15  4.12e-15   133    34     0
2839.08  7.68e-15  3.00e-15   133    30     0
2841.75  6.86e-15  3.13e-15   133    27     0
2844.41  1.14e-14  3.77e-15   133    44     0
2847.07  1.55e-14  3.85e-15   133    61 -4096
2849.74  1.73e-14  4.67e-15   133    68 -4096
2852.40  1.92e-14  5.77e-15   133    75 -4096
2855.06  1.86e-14  6.62e-15   133    73     0
2857.72  1.63e-14  5.34e-15   132    64     0
2860.39  1.43e-14  3.71e-15   132    55     0
2863.05  1.23e-14  3.67e-15   132    47     0
2865.71  1.83e-14  3.34e-15   132    71     0
2868.38  1.50e-14  4.21e-15   132    57     0
2871.04  1.25e-14  5.18e-15   132    48     0
2873.70  1.16e-14  3.28e-15   132    45     0
2876.36  1.75e-14  5.93e-15   132    66     0
2879.03  2.01e-14  4.44e-15   132    75     0
2881.69  1.84e-14  4.18e-15   132    69     0
2884.35  1.48e-14  4.42e-15   132    55     0
2887.02  2.23e-14  4.58e-15   132    84     0
2889.68  2.08e-14  3.76e-15   131    78     0
2892.34  1.78e-14  3.98e-15   131    67     0
2895.00  1.35e-14  3.46e-15   131    51     0
2897.67  1.06e-14  3.36e-15   131    40     0
2900.33  7.47e-15  3.26e-15   131    28     0
2902.99  1.03e-14  3.40e-15   131    38     0
2905.65  1.09e-14  3.45e-15   131    40     0
2908.32  1.84e-14  3.77e-15   131    67     0
2910.98  1.73e-14  5.12e-15   131    64     0
2913.64  1.92e-14  4.30e-15   131    71     0
2916.31  1.79e-14  5.29e-15   131    66     0
2918.97  2.08e-14  4.63e-15   131    76     0
2921.63  3.10e-14  6.15e-15   131   109     0
2924.29  2.41e-14  6.79e-15   131    84     0
2926.96  2.22e-14  6.86e-15   131    78     0
2929.62  2.06e-14  5.31e-15   130    71     0
2932.28  1.91e-14  4.89e-15   130    65     0
2934.95  2.43e-14  4.83e-15   130    83     0
2937.61  1.91e-14  5.23e-15   130    65     0
2940.27  1.73e-14  7.08e-15   130    58     0
2942.93  1.94e-14  6.55e-15   130    65     0
2945.60  1.85e-14  6.75e-15   130    60     0
2948.26  1.94e-14  7.62e-15   130    63     0
2950.92  2.40e-14  5.89e-15   130    79     0
2953.59  2.01e-14  5.07e-15   130    66     0
2956.25  1.61e-14  4.89e-15   130    52     0
2958.91  2.07e-14  6.25e-15   130    67     0
2961.57  2.11e-14  5.57e-15   130    67     0
2964.24  2.27e-14  4.44e-15   130    71     0
2966.90  2.14e-14  5.35e-15   130    66     0
2969.56  1.79e-14  6.10e-15   130    54     0
2972.22  1.59e-14  4.11e-15   130    48     0
2974.89  1.79e-14  4.17e-15   130    54     0
2977.55  2.17e-14  4.91e-15   130    63     0
2980.21  2.80e-14  4.67e-15   130    82     0
2982.88  2.38e-14  7.12e-15   129    69     0
2985.54  2.36e-14  5.86e-15   129    68     0
2988.20  1.78e-14  4.51e-15   129    50     0
2990.86  1.80e-14  4.46e-15   129    50     0
2993.53  1.71e-14  4.47e-15   129    47     0
2996.19  1.37e-14  4.85e-15   129    36     0
2998.85  2.25e-14  4.72e-15   129    60     0
3001.52  2.67e-14  4.90e-15   129    73     0
3004.18  1.63e-14  4.59e-15   129    44     0
3006.84  9.92e-15  4.53e-15   129    26     0
3009.50  1.40e-14  5.71e-15   129    36     0
3012.17  1.45e-14  6.27e-15   129    37     0
3014.83  1.46e-14  7.09e-15   129    36     0
3017.49  1.37e-14  5.22e-15   129    34     0
3020.16  1.74e-14  4.97e-15   129    42     0
3022.82  1.47e-14  5.00e-15   129    35     0
3025.48  1.43e-14  5.10e-15   129    33     0
3028.14  2.10e-14  5.29e-15   129    48     0
3030.81  1.76e-14  7.32e-15   129    41     0
3033.47  1.08e-14  7.19e-15   129    24     0
3036.13  1.87e-14  5.38e-15   129    42     0
3038.79  1.77e-14  5.38e-15   129    39     0
3041.46  2.01e-14  5.49e-15   129    44     0
3044.12  1.35e-14  5.50e-15   129    29     0
3046.78  2.17e-14  6.10e-15   128    46     0
3049.45  3.11e-14  6.01e-15   128    65     0
3052.11  2.42e-14  7.08e-15   128    50     0
3054.77  2.35e-14  7.43e-15   128    47 -4096
3057.43  2.33e-14  6.82e-15   128    45 -4096
3060.10  3.54e-14  7.08e-15   128    67 -4096
3062.76  2.84e-14  8.23e-15   128    53     0
3065.42  1.43e-14  6.20e-15   128    26     0
3068.09  2.33e-14  6.87e-15   128    42     0
3070.75  2.34e-14  6.62e-15   128    42     0
3073.41  2.13e-14  6.45e-15   128    37     0
3076.07  2.46e-14  6.66e-15   128    42     0
3078.74  1.82e-14  6.91e-15   128    30     0
3081.40  1.48e-14  6.61e-15   128    24     0
3084.06  2.37e-14  6.84e-15   128    39     0
3086.73  2.19e-14  6.98e-15   128    35     0
3089.39  2.11e-14  7.05e-15   128    33     0
3092.05  5.35e-15  6.87e-15   127     8     0
3094.71  1.26e-14  7.08e-15   127    19     0
3097.38  1.69e-14  7.35e-15   127    24     0
3100.04  1.97e-14  7.45e-15   127    28     0
3102.70  2.44e-14  7.60e-15   127    34     0
3105.36  2.43e-14  7.69e-15   127    34     0
3108.03  2.12e-14  7.81e-15   127    29     0
3110.69  1.96e-14  9.82e-15   127    26     0
3113.35  2.27e-14  7.83e-15   127    30     0
3116.02  2.47e-14  8.07e-15   127    32     0
3118.68  2.95e-14  8.23e-15   127    37     0
3121.34  3.25e-14  8.26e-15   127    41     0
3124.00  2.48e-14  8.28e-15   126    30     0
3126.67  2.87e-14  8.38e-15   126    35     0
3129.33  3.37e-14  8.55e-15   126    40     0
3131.99  3.77e-14  9.33e-15   126    44     0
3134.66  3.94e-14  1.05e-14   126    46     0
3137.32  3.07e-14  8.77e-15   126    35     0
3139.98  2.72e-14  9.82e-15   126    30     0
3142.64  3.71e-14  9.25e-15   126    39     0
3145.31  3.57e-14  9.38e-15   125    37     0
3147.97  4.04e-14  9.53e-15   125    41     0
3150.63  4.69e-14  1.21e-14   125    49     0
3153.30  3.12e-14  9.32e-15   125    31     0
3155.96  4.64e-14  1.50e-14   125    46     0
3158.62  4.84e-14  1.12e-14   125    47     0
3161.28  4.80e-14  1.10e-14   125    45     0
3163.95  3.29e-14  1.13e-14   124    30     0
3166.61  2.07e-14  1.44e-14   124    18     0
3169.27  2.88e-14  1.11e-14   124    25     0
3171.93  4.53e-14  1.69e-14   124    38     0
3174.60  4.16e-14  1.51e-14   124    34     0
3177.26  3.35e-14  1.17e-14   124    28     0
3179.92  3.76e-14  1.21e-14   123    31     0
3182.59  4.49e-14  1.06e-14   123    36     0
3185.25  4.10e-14  1.05e-14   123    32     0
3187.91  2.17e-14  1.09e-14   123    16     0
3190.57  4.83e-14  1.10e-14   123    35     0
3193.24  6.18e-14  1.14e-14   122    44     0
3195.90  5.13e-14  1.23e-14   122    37     0
3198.56  5.90e-14  1.32e-14   122    41     0
3201.23  4.39e-14  1.10e-14   122    30     0
3203.89  3.74e-14  1.10e-14   121    25     0
3206.55  5.20e-14  1.24e-14   121    31     0
3209.21  5.56e-14  1.30e-14   121    32     0
3211.88  2.75e-14  1.19e-14   121    16     0
3214.54  2.26e-14  1.15e-14   120    13     0
3217.20  1.51e-14  1.19e-14   120     8     0
3219.87  3.13e-14  1.23e-14   120    16     0
3222.53  2.56e-14  1.55e-14   119    14     0
3225.19  1.55e-14  1.24e-14   119     8     0
3227.85  3.37e-14  1.72e-14   119    17     0
3230.52  5.63e-14  1.75e-14   119    29     0
3233.18  4.88e-14  2.04e-14   118    24     0
3235.84  4.42e-14  2.08e-14   118    21     0
3238.50  3.37e-14  1.51e-14   117    15     0
3241.17  8.70e-15  1.17e-14   117     3     0
3243.83  2.86e-14  1.20e-14   117    12     0
3246.49  3.63e-14  1.31e-14   116    16     0
3249.16  4.06e-14  1.46e-14   116    17     0
3251.82  1.90e-14  1.11e-14   116     8     0
3254.48  4.24e-14  1.82e-14   115    17     0
3257.14  6.01e-14  2.33e-14   115    24     0
3259.81  3.22e-14  2.83e-14   114    12 -4096
3262.47  3.63e-14  2.44e-14   114    14 -4096
3265.13  2.20e-14  1.67e-14   114     8 -4096
3267.80  2.32e-14  2.07e-14   113     8 -4096
3270.46  2.05e-14  1.58e-14   113     7     0
3273.12  3.30e-14  1.34e-14   112    11     0
3275.78  2.12e-14  1.46e-14   112     6     0
3278.45  1.57e-14  1.55e-14   111     5     0
3281.11  2.79e-14  1.66e-14   111     9     0
3283.77  7.91e-15  2.01e-14   110     2     0
3286.44  7.18e-14  1.85e-14   110    21     0
3289.10  6.11e-14  1.64e-14   109    18     0
3291.76  1.00e-13  2.84e-14   109    27     0
3294.42  9.96e-14  3.46e-14   108    27     0
3297.09  1.00e-13  2.64e-14   107    28     0
3299.75  7.11e-14  3.36e-14   107    19     0
3302.41  5.64e-14  2.38e-14   106    15     0
3305.07  3.03e-14  2.03e-14   106     7     0
3307.74  3.80e-14  1.95e-14   105     9     0
3310.40  2.25e-14  2.26e-14   104     5     0
3313.06  5.44e-14  2.41e-14   104    12     0
3315.73  1.14e-13  2.92e-14   103    23     0
3318.39  1.10e-13  2.48e-14   102    21     0
3321.05  1.18e-13  2.68e-14   102    21     0
3323.71  4.27e-14  2.81e-14   101     7     0
3326.38  7.40e-14  2.81e-14   100    12     0
3329.04  6.23e-14  2.92e-14    99    10     0
3331.70  6.93e-14  2.92e-14    99    11     0
3334.37  8.19e-14  3.03e-14    98    12     0
3337.03  1.39e-13  3.32e-14    97    23     0
3339.69  1.12e-13  2.99e-14    96    18     0
3342.35  1.02e-13  3.28e-14    95    14     0
3345.02  7.37e-14  3.49e-14    95    10     0
3347.68  1.28e-13  3.88e-14    94    16     0
