NOT ORIGINAL IUE PROJECT DATA PRODUCT
LWR05531LOWLARGE
HD  197481
20:42:04
-31:31:17
48
X-TRAIL
NO
1167.531
08/09/79
03:24:54
251
12.51
25/06/97
GSFC
2444124.64229
0
29
1851.43  1.31e-13  1.51e-13   128    12     0
1854.10  4.68e-14  1.43e-13   128     4     0
1856.77  2.17e-13  1.52e-13   127    20     0
1859.44  5.49e-14  1.40e-13   127     5     0
1862.11  1.92e-13  1.34e-13   126    20     0
1864.78 -4.43e-14  1.23e-13   126    -5     0
1867.45  4.58e-14  1.20e-13   125     5     0
1870.12  7.69e-14  1.04e-13   125    10     0
1872.79  1.56e-14  9.59e-14   125     2     0
1875.46 -4.78e-14  7.98e-14   124    -8     0
1878.13 -1.20e-14  7.39e-14   124    -2     0
1880.79  3.06e-14  8.41e-14   124     5     0
1883.46  1.94e-14  7.92e-14   123     3     0
1886.13  1.70e-14  7.58e-14   123     3     0
1888.80 -2.05e-14  7.22e-14   122    -4     0
1891.47 -6.82e-15  6.24e-14   122    -1     0
1894.14 -1.72e-14  6.03e-14   122    -4     0
1896.81  7.23e-14  6.21e-14   122    17     0
1899.48  5.82e-14  6.01e-14   121    14     0
1902.15  7.49e-15  6.08e-14   121     1     0
1904.82 -1.21e-14  5.94e-14   121    -3     0
1907.49 -1.89e-14  5.40e-14   120    -5     0
1910.16 -2.62e-14  5.70e-14   120    -6     0
1912.83  2.53e-14  5.59e-14   120     6     0
1915.50  2.37e-14  4.87e-14   120     7     0
1918.16  2.42e-15  4.71e-14   120     0     0
1920.83  5.12e-14  4.51e-14   119    17     0
1923.50  4.43e-14  4.38e-14   119    15     0
1926.17 -2.16e-14  4.91e-14   119    -6     0
1928.84  9.02e-16  4.77e-14   119     0     0
1931.51 -2.41e-14  4.25e-14   119    -8     0
1934.18 -1.23e-14  4.13e-14   118    -4     0
1936.85 -1.28e-14  3.87e-14   118    -5     0
1939.52  2.29e-15  3.76e-14   118     0     0
1942.19  2.62e-14  3.72e-14   118    11     0
1944.86  6.00e-14  3.69e-14   118    26     0
1947.53  4.26e-14  3.55e-14   118    19     0
1950.20  3.20e-14  3.53e-14   118    14     0
1952.87  4.04e-14  3.48e-14   118    19     0
1955.53  2.07e-14  3.35e-14   118    10     0
1958.20 -1.09e-14  3.25e-14   117    -5     0
1960.87 -1.68e-14  3.13e-14   117    -8     0
1963.54  2.03e-14  3.09e-14   117    10     0
1966.21  2.87e-14  3.16e-14   117    15     0
1968.88 -6.23e-15  3.06e-14   117    -3     0
1971.55 -1.92e-14  3.13e-14   117   -10     0
1974.22  2.60e-14  3.12e-14   117    14     0
1976.89  5.08e-14  2.94e-14   117    30     0
1979.56  3.69e-14  2.86e-14   117    22     0
1982.23  1.37e-14  2.75e-14   117     8     0
1984.90  5.27e-15  2.70e-14   117     3     0
1987.57 -5.26e-15  2.82e-14   117    -3     0
1990.24  1.90e-14  2.79e-14   117    11     0
1992.90  3.09e-14  2.80e-14   117    19     0
1995.57  1.14e-14  2.74e-14   117     7     0
1998.24  4.64e-14  2.80e-14   118    29     0
2000.91  1.77e-15  2.63e-14   118     1     0
2003.58 -8.73e-15  2.62e-14   118    -5     0
2006.25  4.50e-14  2.74e-14   118    30     0
2008.92  3.00e-14  2.70e-14   118    20     0
2011.59 -1.08e-14  2.43e-14   118    -7     0
2014.26  1.14e-14  2.44e-14   118     8     0
2016.93  4.50e-14  2.61e-14   118    32     0
2019.60  4.15e-14  2.56e-14   118    30     0
2022.27  3.02e-14  2.63e-14   118    21     0
2024.94  2.26e-14  2.58e-14   119    16     0
2027.61  6.64e-15  2.44e-14   119     5     0
2030.27  3.16e-14  2.39e-14   119    25     0
2032.94  1.64e-14  2.37e-14   119    13     0
2035.61  3.73e-14  2.53e-14   119    28     0
2038.28  5.76e-15  2.49e-14   119     4     0
2040.95 -1.61e-15  2.36e-14   120    -1     0
2043.62  2.81e-14  2.42e-14   120    22     0
2046.29  7.55e-15  2.48e-14   120     5     0
2048.96 -7.31e-15  2.79e-14   120    -5 -4096
2051.63  3.21e-14  2.74e-14   120    27 -4096
2054.30  1.74e-14  2.63e-14   121    14 -4096
2056.97  9.01e-15  2.46e-14   121     7     0
2059.64  5.28e-15  2.40e-14   121     4     0
2062.31 -1.38e-15  2.52e-14   121    -1     0
2064.98 -1.21e-14  2.51e-14   121    -9     0
2067.64 -7.87e-15  2.27e-14   122    -7     0
2070.31  5.14e-15  2.36e-14   122     4     0
2072.98  3.09e-15  2.35e-14   122     2     0
2075.65  7.53e-15  2.45e-14   122     6     0
2078.32  9.35e-15  2.46e-14   123     7     0
2080.99  1.30e-14  2.57e-14   123    10     0
2083.66  4.61e-14  2.64e-14   123    37     0
2086.33  1.31e-14  2.31e-14   124    12     0
2089.00 -1.23e-14  2.31e-14   124   -11     0
2091.67 -7.51e-15  2.64e-14   124    -6     0
2094.34 -1.06e-14  2.67e-14   124    -8     0
2097.01 -1.59e-14  2.45e-14   125   -13     0
2099.68 -1.87e-14  2.48e-14   125   -16     0
2102.35 -1.17e-14  2.58e-14   125    -9     0
2105.01  3.30e-15  2.61e-14   126     2     0
2107.68 -3.60e-15  2.60e-14   126    -3     0
2110.35  2.09e-14  2.62e-14   126    17     0
2113.02  4.84e-15  2.58e-14   127     4     0
2115.69 -2.68e-14  2.82e-14   127   -21     0
2118.36 -2.59e-15  2.81e-14   127    -2     0
2121.03 -1.85e-14  2.73e-14   128   -15     0
2123.70  2.54e-14  2.78e-14   128    20     0
2126.37 -6.40e-15  2.66e-14   128    -5     0
2129.04 -2.16e-14  2.67e-14   129   -18     0
2131.71 -3.02e-14  2.62e-14   129   -26     0
2134.38  2.75e-15  2.64e-14   129     2     0
2137.05 -2.87e-14  2.68e-14   130   -24     0
2139.72 -1.34e-14  2.70e-14   130   -11     0
2142.38  2.17e-14  2.66e-14   130    19     0
2145.05 -4.37e-14  2.87e-14   131   -35     0
2147.72 -1.24e-14  2.88e-14   131   -10     0
2150.39  3.30e-15  2.80e-14   131     2     0
2153.06 -1.53e-14  2.81e-14   132   -12     0
2155.73 -1.23e-14  2.92e-14   132   -10     0
2158.40  2.78e-14  2.97e-14   132    22     0
2161.07 -7.67e-15  2.99e-14   133    -6     0
2163.74 -6.87e-15  2.99e-14   133    -5     0
2166.41 -1.84e-14  2.79e-14   134   -16     0
2169.08  1.96e-14  2.82e-14   134    17     0
2171.75 -3.22e-14  3.08e-14   134   -25     0
2174.42 -3.40e-14  3.09e-14   135   -27     0
2177.09  7.93e-15  2.90e-14   135     6     0
2179.75 -2.42e-14  2.90e-14   135   -20     0
2182.42 -2.85e-14  2.75e-14   136   -26     0
2185.09 -2.47e-14  2.88e-14   136   -21     0
2187.76 -3.37e-14  2.95e-14   137   -29     0
2190.43  1.01e-14  3.14e-14   137     9     0
2193.10  4.00e-14  6.09e-14   137    36     0
2195.77 -1.31e-14  3.28e-14   138   -11     0
2198.44 -1.29e-14  2.88e-14   138   -11     0
2201.11  6.69e-15  3.01e-14   139     5     0
2203.78  1.25e-14  3.00e-14   139    10     0
2206.45 -3.18e-14  2.98e-14   139   -27     0
2209.12  7.71e-15  2.97e-14   140     6     0
2211.79  7.61e-15  2.73e-14   140     7     0
2214.46 -7.73e-15  2.77e-14   140    -7     0
2217.12 -2.01e-14  3.08e-14   141   -17     0
2219.79 -2.05e-14  3.12e-14   141   -17     0
2222.46 -1.08e-14  2.96e-14   142    -9     0
2225.13  1.13e-15  3.54e-14   142     0     0
2227.80 -5.10e-15  3.10e-14   142    -4     0
2230.47 -1.66e-14  2.88e-14   143   -15     0
2233.14 -3.91e-14  2.85e-14   143   -37     0
2235.81  6.47e-15  2.89e-14   144     6     0
2238.48 -1.22e-14  2.84e-14   144   -11     0
2241.15 -3.69e-14  2.94e-14   144   -34     0
2243.82 -2.74e-14  2.91e-14   145   -26     0
2246.49 -2.14e-14  2.56e-14   145   -23     0
2249.16  1.21e-15  2.54e-14   145     1     0
2251.83  1.55e-14  2.63e-14   146    16     0
2254.49  4.28e-16  2.60e-14   146     0     0
2257.16 -2.72e-14  2.79e-14   147   -27     0
2259.83 -2.05e-14  2.78e-14   147   -20     0
2262.50 -1.59e-15  2.72e-14   147    -1     0
2265.17  2.45e-14  2.61e-14   148    27     0
2267.84 -1.91e-14  2.56e-14   148   -21     0
2270.51 -4.53e-16  2.40e-14   148     0     0
2273.18 -2.02e-14  2.37e-14   149   -24     0
2275.85  3.15e-15  2.46e-14   149     3     0
2278.52  2.13e-16  2.43e-14   149     0     0
2281.19 -1.74e-14  2.68e-14   150   -19     0
2283.86 -2.98e-15  2.65e-14   150    -3     0
2286.53  2.41e-14  2.17e-14   150    33     0
2289.20 -3.05e-16  2.15e-14   151     0     0
2291.86 -1.54e-14  2.27e-14   151   -20     0
2294.53  4.83e-15  2.28e-14   152     6     0
2297.20  2.62e-14  2.45e-14   152    32     0
2299.87  1.45e-14  2.40e-14   152    18     0
2302.54  1.54e-14  2.33e-14   153    20     0
2305.21  2.26e-14  2.45e-14   153    28     0
2307.88 -2.56e-14  2.39e-14   153   -32     0
2310.55  7.72e-15  2.32e-14   153    10     0
2313.22  3.30e-14  2.34e-14   154    44     0
2315.89 -9.18e-15  2.36e-14   154   -11     0
2318.56 -1.20e-14  2.33e-14   154   -15     0
2321.23 -1.66e-14  2.17e-14   155   -23     0
2323.90  1.21e-14  2.15e-14   155    17     0
2326.57  3.19e-14  1.90e-14   155    53     0
2329.23  2.12e-14  1.87e-14   156    35     0
2331.90  1.59e-14  1.98e-14   156    25     0
2334.57  1.60e-15  1.95e-14   156     2     0
2337.24  4.15e-14  2.13e-14   157    71     0
2339.91  2.21e-14  1.84e-14   157    38     0
2342.58  4.53e-14  1.91e-14   157    78     0
2345.25  2.85e-14  1.87e-14   157    49     0
2347.92  3.02e-15  1.82e-14   158     5     0
2350.59  9.27e-15  1.86e-14   158    15     0
2353.26  1.32e-14  1.85e-14   158    22     0
2355.93  2.88e-14  1.90e-14   158    49     0
2358.60  3.48e-14  1.89e-14   159    60     0
2361.27  2.18e-14  1.75e-14   159    40     0
2363.94  9.36e-15  1.73e-14   159    17     0
2366.60  5.89e-15  1.86e-14   159    10     0
2369.27  1.50e-14  1.86e-14   160    26     0
2371.94  1.82e-15  1.81e-14   160     3     0
2374.61  6.58e-14  3.28e-14   160   119     0
2377.28  3.66e-14  1.72e-14   160    71     0
2379.95  2.36e-14  1.69e-14   161    46     0
2382.62  3.20e-14  1.82e-14   161    59     0
2385.29  3.03e-14  1.85e-14   161    55     0
2387.96  3.21e-14  1.85e-14   161    58     0
2390.63  2.50e-14  1.79e-14   161    47     0
2393.30  2.94e-14  1.81e-14   162    56     0
2395.97  3.96e-14  1.69e-14   162    80     0
2398.64  3.01e-14  2.27e-14   162    61     0
2401.31  3.08e-15  1.69e-14   162     6     0
2403.97  7.38e-15  1.68e-14   162    14     0
2406.64  2.33e-14  1.64e-14   162    48     0
2409.31  4.15e-14  2.67e-14   163    87     0
2411.98  2.28e-14  1.67e-14   163    46     0
2414.65  1.47e-14  1.65e-14   163    30     0
2417.32  1.41e-15  1.61e-14   163     2     0
2419.99 -6.24e-15  1.60e-14   163   -13     0
2422.66  4.45e-14  1.70e-14   163    94     0
2425.33 -2.79e-15  1.52e-14   164    -6     0
2428.00  2.31e-14  1.63e-14   164    52     0
2430.67  3.51e-14  1.61e-14   164    76     0
2433.34 -7.38e-15  1.55e-14   164   -16     0
2436.01  2.82e-14  1.56e-14   164    63     0
2438.68  2.72e-15  1.51e-14   164     6     0
2441.34  1.49e-15  1.58e-14   164     3     0
2444.01  4.09e-14  4.17e-14   164    95     0
2446.68  1.73e-14  1.55e-14   164    41     0
2449.35  2.80e-14  1.45e-14   165    68     0
2452.02  4.51e-14  1.88e-14   165   115     0
2454.69  1.46e-14  1.36e-14   165    37     0
2457.36 -5.47e-16  1.41e-14   165    -1     0
2460.03  1.99e-14  1.40e-14   165    50     0
2462.70  2.59e-15  1.37e-14   165     6     0
2465.37  2.82e-15  1.31e-14   165     7     0
2468.04  3.89e-14  1.87e-14   165   104     0
2470.71  4.65e-15  1.38e-14   165    11     0
2473.38  1.66e-14  1.39e-14   165    42     0
2476.05  3.29e-14  1.74e-14   165    84     0
2478.71  6.23e-14  2.60e-14   165   161     0
2481.38  2.87e-14  1.38e-14   165    75     0
2484.05  1.93e-14  1.37e-14   165    50     0
2486.72  8.50e-15  1.29e-14   165    23     0
2489.39  5.26e-15  1.28e-14   165    14     0
2492.06  2.99e-14  1.46e-14   165    74     0
2494.73  2.31e-14  1.45e-14   165    57     0
2497.40  2.48e-15  1.36e-14   165     6     0
2500.07  1.91e-14  1.23e-14   165    56     0
2502.74  1.85e-14  1.23e-14   165    54     0
2505.41  4.74e-14  2.29e-14   165   131     0
2508.08  6.29e-15  1.29e-14   165    17     0
2510.75  2.15e-14  1.23e-14   165    63     0
2513.42  2.86e-15  1.19e-14   165     8     0
2516.08  1.76e-14  1.39e-14   165    47     0
2518.75  1.31e-14  1.33e-14   165    35     0
2521.42  1.73e-14  1.30e-14   165    48     0
2524.09  3.05e-16  1.27e-14   165     0     0
2526.76  2.65e-14  1.24e-14   165    78     0
2529.43  2.67e-14  1.25e-14   165    79     0
2532.10  2.00e-14  1.23e-14   165    59     0
2534.77  2.62e-14  1.24e-14   165    78     0
2537.44  7.78e-15  1.12e-14   165    25     0
2540.11  1.25e-14  1.15e-14   164    39     0
2542.78  1.04e-14  1.13e-14   164    33     0
2545.45  2.81e-14  1.13e-14   164    93     0
2548.12  5.87e-14  3.34e-14   164   198     0
2550.79  1.28e-14  1.16e-14   164    40     0
2553.45  1.06e-14  1.13e-14   164    34     0
2556.12  7.94e-14  3.65e-14   164   257     0
2558.79  6.65e-14  4.29e-14   164   217     0
2561.46  2.71e-14  1.16e-14   164    87     0
2564.13  3.24e-14  1.74e-14   163   105     0
2566.80  7.32e-15  1.03e-14   163    26     0
2569.47  6.91e-15  1.03e-14   163    24     0
2572.14  2.06e-14  1.34e-14   163    69     0
2574.81  7.92e-15  1.17e-14   163    26     0
2577.48 -1.41e-16  1.23e-14   163     0 -4096
2580.15 -7.75e-16  1.15e-14   162    -2 -4096
2582.82  6.00e-15  1.08e-14   162    21     0
2585.49  2.33e-14  1.49e-14   162    78     0
2588.16  4.74e-14  1.14e-14   162   160     0
2590.82  1.06e-14  1.07e-14   162    36     0
2593.49  5.76e-15  1.05e-14   162    20     0
2596.16  8.59e-15  1.05e-14   161    30     0
2598.83  3.99e-14  1.07e-14   161   143     0
2601.50  4.37e-14  1.07e-14   161   160     0
2604.17  1.25e-14  1.00e-14   161    46     0
2606.84  9.25e-15  9.66e-15   161    36     0
2609.51  2.36e-14  9.61e-15   160    92     0
2612.18  3.02e-14  1.23e-14   160   116     0
2614.85  2.56e-14  1.40e-14   160   100     0
2617.52  2.66e-14  1.22e-14   160   100     0
2620.19  2.45e-14  9.67e-15   160    96     0
2622.86  2.46e-14  9.61e-15   159    97     0
2625.53  3.70e-14  1.19e-14   159   142     0
2628.19  5.03e-14  1.45e-14   159   194     0
2630.86  4.53e-14  1.35e-14   159   178     0
2633.53  5.20e-14  1.95e-14   158   204     0
2636.20  6.71e-15  9.44e-15   158    26     0
2638.87  1.26e-14  9.50e-15   158    49     0
2641.54  9.30e-16  9.38e-15   158     3     0
2644.21  6.91e-15  9.45e-15   157    27     0
2646.88  5.06e-15  9.97e-15   157    18     0
2649.55 -6.37e-15  9.94e-15   157   -23     0
2652.22  1.03e-15  9.18e-15   157     4     0
2654.89 -7.69e-15  9.17e-15   156   -30     0
2657.56 -1.02e-15  9.05e-15   156    -4     0
2660.23  8.09e-15  8.80e-15   156    34     0
2662.90  2.39e-15  8.70e-15   155    10     0
2665.56  1.23e-14  8.81e-15   155    52     0
2668.23 -2.41e-15  8.64e-15   155   -10     0
2670.90  1.93e-14  9.03e-15   155    80     0
2673.57  2.27e-14  9.02e-15   154    95     0
2676.24  6.73e-15  8.66e-15   154    28     0
2678.91  1.30e-15  8.49e-15   154     5     0
2681.58  1.88e-14  8.73e-15   153    81     0
2684.25  2.20e-15  8.45e-15   153     9     0
2686.92  3.27e-15  8.30e-15   153    14     0
2689.59  1.89e-14  8.40e-15   152    84     0
2692.26 -6.56e-16  8.60e-15   152    -2     0
2694.93  6.26e-15  8.69e-15   152    26     0
2697.60  1.94e-14  9.66e-15   152    75     0
2700.27  2.23e-14  8.42e-15   151   100     0
2702.93  2.80e-15  8.22e-15   151    12     0
2705.60  1.12e-14  8.81e-15   151    47     0
2708.27  2.28e-14  9.33e-15   150    96     0
2710.94 -3.81e-15  8.39e-15   150   -16     0
2713.61  1.92e-14  8.57e-15   150    84     0
2716.28  1.24e-14  8.59e-15   149    53     0
2718.95  2.34e-14  8.68e-15   149   101     0
2721.62  1.39e-14  8.97e-15   149    57     0
2724.29  2.29e-14  9.02e-15   148    95     0
2726.96  3.40e-14  8.81e-15   148   157     0
2729.63  1.50e-14  7.96e-15   148    69     0
2732.30  1.51e-14  8.66e-15   147    64     0
2734.97  3.74e-14  1.29e-14   147   160     0
2737.64  9.33e-15  8.39e-15   147    40     0
2740.30  1.11e-14  8.98e-15   146    47     0
2742.97  3.74e-14  1.45e-14   146   160     0
2745.64  2.75e-14  8.61e-15   146   121     0
2748.31  2.88e-14  8.50e-15   145   127     0
2750.98  1.89e-14  8.30e-15   145    84     0
2753.65  3.04e-14  1.06e-14   145   135     0
2756.32  3.25e-14  9.67e-15   144   150     0
2758.99  2.89e-14  8.15e-15   144   133     0
2761.66  2.01e-14  8.25e-15   144    90     0
2764.33  2.49e-14  8.31e-15   143   111     0
2767.00  8.18e-15  8.45e-15   143    35     0
2769.67  9.91e-15  9.49e-15   143    42     0
2772.34  3.11e-14  1.62e-14   142   131     0
2775.00  2.21e-14  8.59e-15   142    94     0
2777.67  1.41e-14  8.86e-15   142    60     0
2780.34  1.48e-14  9.09e-15   141    63     0
2783.01  9.20e-15  9.27e-15   141    39 -4096
2785.68  1.72e-14  8.62e-15   141    75     0
2788.35  1.70e-14  8.24e-15   140    75     0
2791.02  3.72e-14  1.28e-14   140   175     0
2793.69  1.24e-13  3.29e-14   140   583     0
2796.36  2.08e-13  5.70e-14   139   905     0
2799.03  1.75e-13  4.47e-14   139   759     0
2801.70  1.26e-13  3.57e-14   139   565     0
2804.37  1.35e-13  3.49e-14   139   604     0
2807.04  5.35e-14  1.67e-14   138   222     0
2809.71  2.64e-14  8.77e-15   138   109     0
2812.37  3.01e-14  8.41e-15   138   131     0
2815.04  1.31e-14  8.06e-15   137    57     0
2817.71  1.46e-14  8.09e-15   137    64     0
2820.38  1.27e-14  8.06e-15   137    56     0
2823.05  1.29e-14  8.06e-15   136    56     0
2825.72  1.41e-14  8.77e-15   136    56     0
2828.39  4.88e-15  8.64e-15   136    19     0
2831.06  5.46e-15  8.64e-15   135    22     0
2833.73  2.49e-14  8.89e-15   135   100     0
2836.40  1.85e-14  8.79e-15   135    74     0
2839.07  1.63e-14  8.76e-15   135    65     0
2841.74  1.51e-14  7.38e-15   134    72     0
2844.41  5.03e-15  7.36e-15   134    23     0
2847.08  1.36e-14  8.02e-15   134    59     0
2849.75  1.73e-14  9.27e-15   133    75     0
2852.41  2.08e-14  8.45e-15   133    92     0
2855.08  1.61e-14  8.73e-15   133    70     0
2857.75  2.78e-14  8.22e-15   133   121     0
2860.42  3.54e-15  8.54e-15   132    15     0
2863.09  8.41e-15  7.95e-15   132    36     0
2865.76  2.43e-14  7.82e-15   132   109     0
2868.43  1.25e-14  7.65e-15   132    56     0
2871.10  1.60e-14  8.22e-15   131    67     0
2873.77  1.80e-14  8.22e-15   131    75     0
2876.44  2.60e-14  8.52e-15   131   106     0
2879.11  2.19e-14  8.55e-15   131    89     0
2881.78  1.92e-14  8.05e-15   130    82     0
2884.45  1.83e-14  8.04e-15   130    78     0
2887.11  8.26e-15  8.02e-15   130    34     0
2889.78  1.23e-14  8.21e-15   130    51     0
2892.45  8.84e-15  8.52e-15   129    36     0
2895.12  5.81e-15  8.21e-15   129    23     0
2897.79  1.39e-14  8.33e-15   129    56     0
2900.46  2.65e-14  8.34e-15   129   109     0
2903.13  1.57e-14  8.22e-15   129    64     0
2905.80  1.08e-14  9.56e-15   128    39     0
2908.47  3.11e-14  9.42e-15   128   113     0
2911.14  3.45e-14  8.88e-15   128   133     0
2913.81  2.08e-14  8.81e-15   128    79     0
2916.48  1.19e-14  8.19e-15   128    48     0
2919.15  1.18e-14  8.52e-15   127    47     0
2921.82  1.65e-14  9.25e-15   127    59     0
2924.48  8.58e-15  1.03e-14   127    30     0
2927.15  2.90e-14  1.17e-14   127   106     0
2929.82  3.90e-14  1.18e-14   127   142     0
2932.49  2.11e-14  8.64e-15   127    81     0
2935.16  1.44e-14  9.54e-15   127    49     0
2937.83  2.28e-14  9.66e-15   126    77     0
2940.50  2.49e-14  8.86e-15   126    93     0
2943.17  2.14e-14  8.77e-15   126    80     0
2945.84  2.14e-14  9.24e-15   126    76     0
2948.51  1.89e-14  9.31e-15   126    66     0
2951.18  4.01e-14  1.16e-14   126   140     0
2953.85  2.92e-14  9.54e-15   126   101     0
2956.52  2.45e-14  9.01e-15   126    88     0
2959.19  6.54e-15  8.78e-15   126    23     0
2961.85  5.84e-16  9.77e-15   125     1     0
2964.52  2.66e-14  9.65e-15   125    89     0
2967.19  1.87e-14  9.99e-15   125    63     0
2969.86  3.40e-14  9.80e-15   125   112     0
2972.53  2.86e-14  1.60e-14   125    93     0
2975.20  7.40e-15  1.04e-14   125    23     0
2977.87  2.74e-14  1.26e-14   125    85     0
2980.54  2.99e-14  9.61e-15   125    99     0
2983.21  2.54e-14  9.61e-15   125    83     0
2985.88  2.00e-14  9.55e-15   125    65     0
2988.55  1.82e-14  9.93e-15   125    59     0
2991.22  1.66e-14  1.02e-14   125    50     0
2993.89  8.51e-15  1.08e-14   125    25     0
2996.56  1.86e-14  9.86e-15   125    58     0
2999.22  1.01e-14  9.78e-15   125    31     0
3001.89  4.12e-14  1.07e-14   125   122     0
3004.56  1.48e-14  1.86e-14   125    43     0
3007.23  7.01e-15  1.21e-14   125    21     0
3009.90  1.40e-14  1.01e-14   125    43     0
3012.57  2.79e-14  1.34e-14   125    79     0
3015.24  3.27e-14  1.14e-14   125    89     0
3017.91  1.77e-14  1.12e-14   125    47     0
3020.58  2.24e-14  1.09e-14   125    62     0
3023.25  1.76e-14  1.10e-14   125    48     0
3025.92 -3.80e-16  1.07e-14   125    -1     0
3028.59  1.01e-14  1.15e-14   125    27     0
3031.26  2.37e-14  1.14e-14   125    62     0
3033.93  5.26e-15  1.13e-14   125    13     0
3036.59  3.67e-14  1.25e-14   126    92     0
3039.26  9.39e-15  1.18e-14   126    23     0
3041.93  4.69e-14  1.23e-14   126   116     0
3044.60  2.67e-14  1.25e-14   126    65     0
3047.27  3.29e-14  1.48e-14   126    69     0
3049.94  2.50e-14  1.41e-14   126    52     0
3052.61 -6.71e-15  1.82e-14   126   -14     0
3055.28  1.92e-14  1.27e-14   126    44     0
3057.95  2.22e-14  1.36e-14   127    50     0
3060.62  3.11e-14  1.32e-14   127    68     0
3063.29  2.50e-14  1.34e-14   127    54     0
3065.96  1.50e-14  1.41e-14   127    33     0
3068.63  2.85e-14  1.32e-14   127    62     0
3071.30 -2.21e-14  2.19e-14   127   -45     0
3073.96  2.66e-14  1.42e-14   128    53     0
3076.63  1.59e-14  1.38e-14   128    33     0
3079.30  4.65e-14  2.23e-14   128    97     0
3081.97  3.48e-14  1.79e-14   128    63     0
3084.64  5.59e-14  1.64e-14   128    99     0
3087.31  2.67e-14  2.70e-14   129    45     0
3089.98  2.49e-14  1.88e-14   129    41     0
3092.65  2.50e-14  1.84e-14   129    43     0
3095.32  2.78e-14  2.38e-14   129    45     0
3097.99  3.17e-15  3.00e-14   130     5     0
3100.66  6.57e-15  1.89e-14   130    10     0
3103.33  6.06e-15  2.76e-14   130     9     0
3106.00 -6.89e-15  1.87e-14   130   -11     0
3108.67  3.35e-14  1.71e-14   131    54     0
3111.33  6.53e-14  2.22e-14   131   100     0
3114.00 -6.40e-15  2.07e-14   131    -9     0
3116.67  5.26e-14  2.23e-14   131    66     0
3119.34  1.84e-14  2.19e-14   132    22     0
3122.01  1.92e-14  2.14e-14   132    24     0
3124.68  4.77e-14  2.21e-14   132    59     0
3127.35  3.03e-14  2.25e-14   133    37     0
3130.02  2.33e-14  2.08e-14   133    31     0
3132.69  7.40e-16  2.00e-14   133     0     0
3135.36  3.59e-14  2.09e-14   134    46     0
3138.03  1.54e-14  2.10e-14   134    19     0
3140.70  2.06e-14  2.36e-14   134    23     0
3143.37  5.06e-14  2.57e-14   135    55     0
3146.04  4.36e-14  2.53e-14   135    45     0
3148.70  7.05e-14  3.81e-14   135    72     0
3151.37  8.40e-14  2.74e-14   136    83     0
3154.04  6.01e-15  2.81e-14   136     5     0
3156.71  5.55e-15  2.16e-14   136     6     0
3159.38  1.96e-14  2.42e-14   137    23     0
3162.05  1.59e-14  3.23e-14   137    17     0
3164.72  1.85e-14  2.42e-14   137    19     0
3167.39  7.74e-14  2.64e-14   138    78     0
3170.06  3.13e-14  4.35e-14   138    27     0
3172.73  5.21e-14  3.39e-14   139    44     0
3175.40  3.62e-14  3.09e-14   139    33     0
3178.07  7.11e-14  3.33e-14   139    63     0
3180.74  6.62e-14  3.21e-14   140    53     0
3183.41  2.90e-14  6.07e-14   140    22     0
3186.07  3.74e-14  2.70e-14   140    35     0
3188.74  4.07e-14  2.76e-14   141    37     0
3191.41  4.78e-14  3.34e-14   141    36     0
3194.08 -1.04e-14  3.39e-14   142    -7     0
3196.75  5.10e-14  5.05e-14   142    34     0
3199.42  5.96e-14  5.02e-14   142    38     0
3202.09  2.15e-14  3.29e-14   143    16     0
3204.76  1.44e-14  3.32e-14   143    10     0
3207.43  1.18e-14  4.29e-14   144     6     0
3210.10  2.77e-14  4.49e-14   144    15     0
3212.77 -4.48e-17  4.66e-14   144     0     0
3215.44  5.33e-14  4.64e-14   145    28     0
3218.11  1.24e-14  4.68e-14   145     6     0
3220.78  8.70e-14  5.32e-14   146    57     0
3223.44  5.74e-14  6.32e-14   146    37     0
3226.11  9.79e-14  5.41e-14   146    44     0
3228.78  1.20e-13  6.07e-14   147    54     0
3231.45  1.82e-13  5.47e-14   147    88     0
3234.12  2.35e-14  5.11e-14   148    11     0
3236.79  2.34e-14  5.64e-14   148    10     0
3239.46 -8.92e-14  5.57e-14   149   -39     0
3242.13  8.51e-14  6.57e-14   149    33     0
3244.80 -8.22e-14  6.19e-14   149   -31     0
3247.47  8.33e-14  7.68e-14   150    26     0
3250.14  6.96e-14  6.57e-14   150    25     0
3252.81  9.57e-14  6.84e-14   150    34     0
3255.48  4.73e-14  7.86e-14   151    16     0
3258.15 -7.41e-15  6.90e-14   151    -2     0
3260.81  7.57e-14  9.19e-14   152    22     0
3263.48  8.23e-14  8.71e-14   152    23     0
3266.15 -1.03e-13  1.13e-13   152   -21     0
3268.82  9.60e-14  1.22e-13   153    19     0
3271.49  8.63e-14  6.99e-14   153    29     0
3274.16  1.35e-14  6.99e-14   153     4     0
3276.83  3.14e-14  1.39e-13   154     5     0
3279.50  1.31e-13  1.52e-13   154    22     0
3282.17 -1.17e-14  1.18e-13   154    -2     0
3284.84  7.61e-14  1.21e-13   155    14     0
3287.51  1.20e-13  9.90e-14   155    29     0
3290.18  2.75e-13  1.04e-13   155    64     0
3292.85  2.78e-13  1.07e-13   156    63     0
3295.52 -2.65e-13  1.53e-13   156   -40     0
3298.18  1.85e-13  1.60e-13   156    27     0
3300.85  1.49e-13  1.75e-13   156    20     0
3303.52  2.40e-13  1.96e-13   157    31     0
3306.19  4.16e-12  2.44e-12   157    62 -4096
3308.86 -4.18e-13  2.15e-12   157    -6 -4096
3311.53  8.26e-13  5.89e-13   157    54 -4096
3314.20  7.65e-14  3.65e-13   158     4     0
3316.87  4.98e-13  2.09e-13   158    57     0
3319.54 -2.07e-13  2.09e-13   158   -22     0
3322.21 -1.30e-13  2.70e-13   158   -11     0
3324.88  3.26e-13  4.10e-13   158    26     0
3327.55  2.52e-13  1.87e-13   159    32     0
3330.22  6.61e-13  3.76e-13   159    41     0
3332.89 -4.92e-13  3.82e-13   159   -29     0
3335.55  9.20e-13  4.13e-13   159    53     0
3338.22  3.44e-13  4.18e-13   159    19     0
3340.89 -2.06e-13  7.95e-13   159    -6     0
3343.56 -1.64e-13  8.23e-13   159    -4     0
3346.23 -3.37e-14  3.26e-13   159    -2     0
3348.90 -1.79e-13  3.71e-13   159   -12     0
