NOT ORIGINAL IUE PROJECT DATA PRODUCT
LWR05530LOWLARGE
HD  197481
20:42:04
-31:31:17
48
X-TRAIL
NO
1167.531
08/09/79
02:14:46
251
12.84
25/06/97
GSFC
2444124.59359
0
28
1851.43  1.68e-13  1.50e-13   120    15     0
1854.10  1.08e-13  1.42e-13   119    10     0
1856.77  1.50e-13  1.49e-13   119    14     0
1859.44  6.80e-15  1.38e-13   118     0     0
1862.11  2.90e-13  1.35e-13   118    31     0
1864.78  9.84e-14  1.23e-13   117    11     0
1867.45  9.22e-14  1.19e-13   117    11     0
1870.12  6.62e-14  1.03e-13   117     9     0
1872.79  3.77e-14  9.53e-14   116     5     0
1875.46  1.80e-14  7.91e-14   116     3     0
1878.13  7.17e-14  7.44e-14   116    13     0
1880.79  8.90e-14  8.44e-14   115    15     0
1883.46  7.54e-14  7.95e-14   115    13     0
1886.13 -8.11e-15  7.50e-14   115    -1     0
1888.80 -5.41e-14  7.15e-14   114   -10     0
1891.47  2.73e-14  6.23e-14   114     6     0
1894.14 -2.04e-14  5.98e-14   114    -4     0
1896.81 -1.47e-14  6.02e-14   114    -3     0
1899.48  1.00e-13  6.03e-14   113    25     0
1902.15  7.52e-14  6.16e-14   113    18     0
1904.82  9.65e-16  5.89e-14   113     0     0
1907.49 -3.61e-14  5.35e-14   113    -9     0
1910.16  9.65e-14  5.84e-14   112    25     0
1912.83  7.53e-14  5.66e-14   112    20     0
1915.50  5.32e-14  4.90e-14   112    16     0
1918.16  3.70e-14  4.74e-14   112    11     0
1920.83  5.59e-14  4.49e-14   112    19     0
1923.50  5.62e-14  4.37e-14   112    19     0
1926.17  7.77e-15  4.87e-14   111     2     0
1928.84  1.83e-14  4.74e-14   111     5     0
1931.51 -7.33e-15  4.22e-14   111    -2     0
1934.18  1.82e-14  4.12e-14   111     6     0
1936.85 -1.17e-14  3.84e-14   111    -4     0
1939.52  2.46e-14  3.77e-14   111    10     0
1942.19  1.20e-14  3.67e-14   111     5     0
1944.86  3.64e-14  3.62e-14   111    16     0
1947.53  1.26e-14  3.46e-14   111     5     0
1950.20 -6.25e-15  3.45e-14   111    -2     0
1952.87 -1.41e-15  3.38e-14   111     0     0
1955.53 -8.27e-15  3.30e-14   111    -4     0
1958.20 -2.78e-14  3.23e-14   110   -13     0
1960.87  2.14e-14  3.13e-14   110    11     0
1963.54  3.77e-14  3.10e-14   110    20     0
1966.21  4.43e-15  3.10e-14   110     2     0
1968.88  1.75e-15  3.04e-14   110     0     0
1971.55  4.52e-15  3.11e-14   110     2     0
1974.22  2.44e-14  3.10e-14   111    13     0
1976.89  4.49e-14  2.91e-14   111    26     0
1979.56  2.75e-14  2.83e-14   111    16     0
1982.23  3.55e-14  2.76e-14   111    21     0
1984.90  4.69e-14  2.76e-14   111    29     0
1987.57  1.53e-14  2.83e-14   111     9     0
1990.24  3.37e-14  2.80e-14   111    21     0
1992.90  2.15e-14  2.76e-14   111    13     0
1995.57  2.07e-14  2.74e-14   111    13     0
1998.24  3.76e-14  2.77e-14   111    24     0
2000.91  1.07e-14  2.63e-14   111     7     0
2003.58  9.44e-15  2.63e-14   111     6     0
2006.25  4.47e-14  2.72e-14   111    29     0
2008.92  2.91e-14  2.70e-14   112    19     0
2011.59 -4.20e-15  2.42e-14   112    -3     0
2014.26  2.97e-14  2.46e-14   112    22     0
2016.93  4.97e-14  2.60e-14   112    35     0
2019.60  2.89e-14  2.52e-14   112    21     0
2022.27  2.01e-14  2.60e-14   112    14     0
2024.94  3.45e-14  2.60e-14   112    25     0
2027.61  2.29e-14  2.47e-14   113    17     0
2030.27  2.18e-14  2.37e-14   113    17     0
2032.94  2.38e-14  2.37e-14   113    19     0
2035.61  1.37e-14  2.48e-14   113    10     0
2038.28 -4.87e-16  2.47e-14   113     0     0
2040.95  9.50e-16  2.35e-14   114     0     0
2043.62  3.36e-14  2.42e-14   114    27     0
2046.29 -5.81e-15  2.46e-14   114    -4     0
2048.96  1.70e-14  2.81e-14   114    13 -4096
2051.63  8.37e-15  2.68e-14   115     7 -4096
2054.30  1.08e-14  2.53e-14   115     9 -4096
2056.97  2.30e-14  2.48e-14   115    18     0
2059.64 -6.95e-15  2.38e-14   115    -5     0
2062.31  1.09e-14  2.53e-14   115     8     0
2064.98  7.51e-15  2.51e-14   116     5     0
2067.64  1.99e-14  2.29e-14   116    17     0
2070.31 -2.95e-15  2.35e-14   116    -2     0
2072.98 -9.22e-16  2.34e-14   117     0     0
2075.65  1.78e-15  2.43e-14   117     1     0
2078.32  4.01e-15  2.44e-14   117     3     0
2080.99 -9.19e-15  2.54e-14   117    -7     0
2083.66  1.07e-14  2.57e-14   118     8     0
2086.33 -6.25e-16  2.28e-14   118     0     0
2089.00  1.25e-14  2.31e-14   118    11     0
2091.67 -2.06e-14  2.63e-14   119   -16     0
2094.34  2.99e-14  2.71e-14   119    23     0
2097.01 -1.35e-14  2.45e-14   119   -11     0
2099.68 -2.09e-14  2.47e-14   119   -18     0
2102.35  6.26e-15  2.57e-14   120     5     0
2105.01 -1.05e-15  2.60e-14   120     0     0
2107.68  7.49e-15  2.61e-14   120     6     0
2110.35  3.00e-14  2.62e-14   121    25     0
2113.02 -2.10e-15  2.58e-14   121    -1     0
2115.69 -5.16e-15  2.81e-14   121    -4     0
2118.36  2.19e-14  2.83e-14   122    17     0
2121.03  1.57e-14  2.74e-14   122    12     0
2123.70  1.38e-14  2.75e-14   122    11     0
2126.37  2.00e-14  2.68e-14   123    17     0
2129.04  2.99e-14  2.71e-14   123    25     0
2131.71  7.10e-15  2.62e-14   123     6     0
2134.38  1.72e-14  2.66e-14   124    14     0
2137.05 -3.86e-14  2.68e-14   124   -33     0
2139.72 -2.09e-14  2.69e-14   124   -17     0
2142.38  2.96e-14  2.67e-14   125    26     0
2145.05 -2.45e-14  2.87e-14   125   -19     0
2147.72  4.59e-15  2.88e-14   125     3     0
2150.39  1.49e-14  2.82e-14   126    12     0
2153.06 -1.68e-14  2.80e-14   126   -14     0
2155.73  3.22e-15  2.92e-14   126     2     0
2158.40  1.98e-14  2.94e-14   127    16     0
2161.07 -6.65e-15  2.98e-14   127    -5     0
2163.74 -9.48e-15  2.98e-14   127    -7     0
2166.41 -2.83e-14  2.79e-14   128   -24     0
2169.08 -1.21e-14  2.79e-14   128   -10     0
2171.75 -1.56e-14  3.08e-14   129   -12     0
2174.42 -1.16e-14  3.09e-14   129    -9     0
2177.09 -1.77e-14  2.89e-14   129   -15     0
2179.75 -3.40e-14  2.90e-14   130   -29     0
2182.42 -2.71e-14  2.74e-14   130   -24     0
2185.09 -2.90e-14  2.87e-14   130   -25     0
2187.76 -4.12e-14  3.01e-14   131   -36     0
2190.43 -7.49e-15  3.04e-14   131    -6     0
2193.10 -1.61e-14  2.97e-14   131   -14     0
2195.77 -2.62e-14  2.91e-14   132   -23     0
2198.44 -2.31e-14  2.87e-14   132   -20     0
2201.11  1.99e-14  3.01e-14   133    17     0
2203.78 -3.81e-16  2.98e-14   133     0     0
2206.45 -2.33e-14  2.98e-14   133   -20     0
2209.12  1.89e-15  2.96e-14   134     1     0
2211.79  2.11e-14  2.74e-14   134    20     0
2214.46  6.00e-15  2.77e-14   134     5     0
2217.12 -2.95e-14  3.07e-14   135   -25     0
2219.79 -2.28e-14  3.11e-14   135   -19     0
2222.46 -5.78e-15  2.95e-14   135    -5     0
2225.13 -5.30e-15  3.12e-14   136    -4     0
2227.80 -1.07e-14  3.09e-14   136    -9     0
2230.47 -1.75e-14  2.88e-14   136   -16     0
2233.14 -3.54e-14  2.85e-14   137   -33     0
2235.81  1.76e-14  2.90e-14   137    16     0
2238.48 -2.04e-14  2.84e-14   137   -19     0
2241.15 -4.15e-14  2.93e-14   138   -39     0
2243.82 -1.77e-14  2.91e-14   138   -16     0
2246.49  1.23e-14  2.57e-14   138    13     0
2249.16 -9.03e-15  2.54e-14   139    -9     0
2251.83  2.25e-14  2.64e-14   139    24     0
2254.49 -2.27e-14  2.60e-14   139   -24     0
2257.16 -3.34e-14  2.79e-14   140   -33     0
2259.83 -1.98e-14  2.78e-14   140   -20     0
2262.50  9.05e-15  2.72e-14   140     9     0
2265.17  1.62e-14  2.59e-14   141    17     0
2267.84 -1.31e-14  2.56e-14   141   -14     0
2270.51  2.84e-15  2.40e-14   141     3     0
2273.18 -1.88e-14  2.37e-14   142   -22     0
2275.85 -8.39e-16  2.45e-14   142     0     0
2278.52 -1.40e-14  2.42e-14   142   -16     0
2281.19 -1.57e-14  2.67e-14   143   -17     0
2283.86  3.47e-14  2.69e-14   143    38     0
2286.53  3.00e-14  2.17e-14   143    41     0
2289.20  1.44e-14  2.16e-14   144    19     0
2291.86 -9.77e-15  2.27e-14   144   -12     0
2294.53  5.01e-15  2.28e-14   144     6     0
2297.20  3.88e-14  2.59e-14   144    48     0
2299.87  1.37e-14  2.44e-14   145    17     0
2302.54  1.66e-15  2.31e-14   145     2     0
2305.21  3.75e-14  2.49e-14   145    46     0
2307.88 -1.03e-14  2.39e-14   146   -13     0
2310.55  1.23e-15  2.31e-14   146     1     0
2313.22  2.15e-14  2.31e-14   146    28     0
2315.89 -2.74e-14  2.36e-14   146   -35     0
2318.56  2.23e-15  2.33e-14   147     2     0
2321.23 -2.01e-14  2.17e-14   147   -28     0
2323.90 -2.65e-15  2.14e-14   147    -3     0
2326.57  2.39e-14  1.92e-14   147    39     0
2329.23  1.90e-14  1.86e-14   148    32     0
2331.90  2.07e-14  1.99e-14   148    32     0
2334.57  1.43e-14  2.40e-14   148    22     0
2337.24  4.88e-14  2.59e-14   148    83     0
2339.91  1.39e-14  1.83e-14   149    24     0
2342.58  3.90e-14  1.90e-14   149    67     0
2345.25  3.34e-14  1.91e-14   149    57     0
2347.92  1.47e-15  1.82e-14   149     2     0
2350.59  3.00e-14  1.88e-14   149    51     0
2353.26  1.01e-14  1.84e-14   150    17     0
2355.93  1.73e-14  1.90e-14   150    29     0
2358.60  2.18e-14  1.87e-14   150    37     0
2361.27  1.50e-14  1.74e-14   150    27     0
2363.94  7.10e-15  1.72e-14   150    13     0
2366.60  2.72e-14  1.88e-14   151    47     0
2369.27  1.96e-14  1.86e-14   151    34     0
2371.94  1.66e-14  1.83e-14   151    29     0
2374.61  6.17e-14  3.35e-14   151   111     0
2377.28  3.35e-14  1.81e-14   151    65     0
2379.95  4.27e-15  1.66e-14   152     8     0
2382.62  2.86e-14  1.81e-14   152    52     0
2385.29  3.42e-14  1.85e-14   152    61     0
2387.96  2.52e-15  1.80e-14   152     4     0
2390.63  2.29e-14  1.78e-14   152    43     0
2393.30  1.49e-14  1.82e-14   152    28     0
2395.97  4.46e-14  1.73e-14   152    90     0
2398.64  3.07e-14  1.67e-14   153    62     0
2401.31  7.39e-15  1.69e-14   153    14     0
2403.97  2.32e-14  1.71e-14   153    46     0
2406.64  2.55e-14  1.64e-14   153    53     0
2409.31  5.26e-14  3.29e-14   153   110     0
2411.98  2.05e-14  1.67e-14   153    41     0
2414.65  1.18e-14  1.64e-14   153    24     0
2417.32  2.78e-15  1.61e-14   153     5     0
2419.99  2.61e-14  1.82e-14   154    55     0
2422.66  4.99e-14  1.76e-14   154   105     0
2425.33 -1.51e-15  1.52e-14   154    -3     0
2428.00  3.12e-14  1.54e-14   154    70     0
2430.67  4.08e-14  1.62e-14   154    88     0
2433.34 -1.46e-15  1.55e-14   154    -3     0
2436.01  3.25e-14  1.81e-14   154    72     0
2438.68  7.18e-15  1.51e-14   154    16     0
2441.34 -7.46e-15  1.68e-14   154   -17     0
2444.01  4.97e-14  3.41e-14   154   115     0
2446.68  1.55e-14  1.45e-14   154    37     0
2449.35  2.89e-14  1.99e-14   154    70     0
2452.02  4.97e-14  2.18e-14   154   126     0
2454.69  1.27e-14  1.35e-14   154    32     0
2457.36  8.95e-15  1.42e-14   154    22     0
2460.03  2.44e-14  1.40e-14   154    61     0
2462.70  1.45e-14  1.37e-14   154    37     0
2465.37  7.85e-16  1.30e-14   154     2     0
2468.04  3.56e-14  1.56e-14   154    95     0
2470.71  8.48e-15  1.38e-14   154    21     0
2473.38  3.31e-14  1.41e-14   154    84     0
2476.05  4.90e-14  2.52e-14   154   126     0
2478.71  4.37e-14  2.31e-14   154   112     0
2481.38  2.79e-14  1.37e-14   154    73     0
2484.05  3.10e-14  1.51e-14   154    81     0
2486.72  1.76e-14  1.41e-14   154    48     0
2489.39  1.15e-14  1.29e-14   154    31     0
2492.06  3.24e-14  1.46e-14   154    80     0
2494.73  3.70e-14  1.50e-14   154    92     0
2497.40 -2.00e-15  1.35e-14   154    -5     0
2500.07  1.21e-14  1.22e-14   154    35     0
2502.74  2.23e-14  1.23e-14   154    65     0
2505.41  5.14e-14  2.37e-14   154   141     0
2508.08  1.03e-14  1.29e-14   154    28     0
2510.75  2.77e-14  1.24e-14   154    82     0
2513.42  1.68e-14  1.21e-14   154    50     0
2516.08  3.57e-14  2.49e-14   154    96     0
2518.75  2.72e-14  1.35e-14   154    74     0
2521.42  1.89e-14  1.30e-14   154    53     0
2524.09  1.49e-14  1.28e-14   154    42     0
2526.76  3.78e-14  1.33e-14   153   112     0
2529.43  2.70e-14  1.24e-14   153    79     0
2532.10  2.11e-14  1.23e-14   153    62     0
2534.77  2.24e-14  1.23e-14   153    66     0
2537.44  1.56e-14  1.13e-14   153    50     0
2540.11  1.57e-14  1.15e-14   153    50     0
2542.78  2.49e-14  1.14e-14   153    80     0
2545.45  2.98e-14  1.13e-14   153    98     0
2548.12  5.71e-14  2.98e-14   153   192     0
2550.79  1.85e-14  1.17e-14   152    58     0
2553.45  5.64e-15  1.13e-14   152    18     0
2556.12  3.55e-14  1.25e-14   152   114     0
2558.79  8.37e-15  1.12e-14   152    27     0
2561.46  2.64e-14  1.16e-14   152    84     0
2564.13  4.99e-14  1.58e-14   152   161     0
2566.80  1.53e-14  1.03e-14   152    54     0
2569.47  8.57e-15  1.03e-14   151    30     0
2572.14  1.58e-14  1.09e-14   151    53     0
2574.81  1.57e-14  1.18e-14   151    53     0
2577.48  7.05e-15  1.25e-14   151    23 -4096
2580.15  1.76e-15  1.15e-14   151     6 -4096
2582.82  1.07e-14  1.08e-14   150    37     0
2585.49  2.48e-14  1.30e-14   150    83     0
2588.16  5.54e-14  1.55e-14   150   187     0
2590.82  1.13e-14  1.07e-14   150    39     0
2593.49  1.86e-14  1.36e-14   150    64     0
2596.16  4.55e-15  1.03e-14   150    16     0
2598.83  4.14e-14  1.07e-14   149   148     0
2601.50  4.58e-14  1.09e-14   149   167     0
2604.17  2.03e-14  1.01e-14   149    75     0
2606.84  2.44e-14  1.01e-14   149    94     0
2609.51  2.61e-14  9.62e-15   148   102     0
2612.18  2.56e-14  1.07e-14   148    98     0
2614.85  4.58e-14  1.36e-14   148   178     0
2617.52  3.41e-14  1.01e-14   148   128     0
2620.19  3.25e-14  1.28e-14   148   126     0
2622.86  3.21e-14  1.35e-14   147   126     0
2625.53  4.80e-14  1.28e-14   147   184     0
2628.19  5.04e-14  1.40e-14   147   194     0
2630.86  5.65e-14  1.51e-14   147   221     0
2633.53  5.03e-14  1.83e-14   146   197     0
2636.20  9.84e-15  9.46e-15   146    38     0
2638.87  9.46e-15  9.46e-15   146    37     0
2641.54  2.86e-15  9.37e-15   146    11     0
2644.21  1.03e-14  9.47e-15   145    40     0
2646.88  1.23e-14  1.00e-14   145    45     0
2649.55  2.21e-16  9.93e-15   145     0     0
2652.22  4.08e-15  9.18e-15   145    16     0
2654.89 -6.76e-15  9.16e-15   144   -27     0
2657.56  1.79e-15  9.05e-15   144     7     0
2660.23 -8.33e-16  8.70e-15   144    -3     0
2662.90  7.03e-16  8.68e-15   144     2     0
2665.56  2.17e-14  8.90e-15   143    91     0
2668.23  5.96e-15  8.69e-15   143    25     0
2670.90  2.27e-14  9.07e-15   143    94     0
2673.57  3.08e-14  9.28e-15   143   128     0
2676.24  1.34e-14  8.72e-15   142    57     0
2678.91  4.90e-15  8.51e-15   142    21     0
2681.58  1.12e-14  8.63e-15   142    48     0
2684.25 -2.21e-16  8.42e-15   141     0     0
2686.92  4.68e-15  8.32e-15   141    20     0
2689.59  2.12e-14  8.41e-15   141    94     0
2692.26  5.22e-15  8.64e-15   141    22     0
2694.93  5.04e-15  8.66e-15   140    21     0
2697.60  1.86e-14  9.61e-15   140    71     0
2700.27  3.09e-14  8.52e-15   140   138     0
2702.93  1.63e-14  8.36e-15   139    72     0
2705.60  1.07e-14  8.80e-15   139    45     0
2708.27  2.92e-14  1.48e-14   139   122     0
2710.94  1.24e-14  8.54e-15   139    53     0
2713.61  2.26e-14  8.60e-15   138    98     0
2716.28  2.53e-14  8.75e-15   138   108     0
2718.95  2.64e-14  8.71e-15   138   114     0
2721.62  1.38e-14  8.96e-15   137    56     0
2724.29  2.33e-14  9.01e-15   137    96     0
2726.96  3.35e-14  1.13e-14   137   154     0
2729.63  1.50e-14  7.94e-15   137    69     0
2732.30  1.64e-14  8.69e-15   136    69     0
2734.97  3.09e-14  1.18e-14   136   132     0
2737.64  1.36e-14  8.44e-15   136    59     0
2740.30  2.90e-14  1.14e-14   135   123     0
2742.97  5.18e-14  1.55e-14   135   221     0
2745.64  4.13e-14  9.62e-15   135   181     0
2748.31  3.32e-14  9.66e-15   134   146     0
2750.98  2.44e-14  8.39e-15   134   108     0
2753.65  3.95e-14  1.16e-14   134   175     0
2756.32  3.38e-14  8.20e-15   134   155     0
2758.99  2.74e-14  8.09e-15   133   126     0
2761.66  2.48e-14  9.05e-15   133   111     0
2764.33  2.38e-14  8.28e-15   133   106     0
2767.00  1.80e-14  8.57e-15   132    77     0
2769.67  1.75e-14  8.57e-15   132    74     0
2772.34  3.79e-14  1.62e-14   132   159     0
2775.00  2.50e-14  8.60e-15   132   107     0
2777.67  1.52e-14  8.74e-15   131    64     0
2780.34  1.53e-14  9.17e-15   131    65     0
2783.01  1.85e-14  9.40e-15   131    79 -4096
2785.68  2.44e-14  8.71e-15   131   107     0
2788.35  1.75e-14  8.24e-15   130    76     0
2791.02  4.75e-14  1.48e-14   130   223     0
2793.69  1.58e-13  3.98e-14   130   738     0
2796.36  2.02e-13  5.50e-14   129   875     0
2799.03  1.76e-13  4.30e-14   129   760     0
2801.70  1.58e-13  4.32e-14   129   708     0
2804.37  1.40e-13  3.80e-14   129   626     0
2807.04  6.08e-14  1.91e-14   128   252     0
2809.71  2.09e-14  8.70e-15   128    86     0
2812.37  2.87e-14  8.61e-15   128   124     0
2815.04  1.53e-14  8.09e-15   128    67     0
2817.71  2.10e-14  8.15e-15   127    92     0
2820.38  2.55e-14  8.19e-15   127   112     0
2823.05  2.07e-14  8.16e-15   127    91     0
2825.72  1.31e-14  8.74e-15   127    52     0
2828.39  1.26e-14  8.74e-15   126    50     0
2831.06  1.77e-14  8.78e-15   126    71     0
2833.73  2.78e-14  8.91e-15   126   111     0
2836.40  2.19e-14  8.83e-15   126    87     0
2839.07  1.63e-14  9.58e-15   126    65     0
2841.74  2.17e-14  8.08e-15   125   103     0
2844.41  7.90e-15  7.28e-15   125    37     0
2847.08  3.30e-14  8.26e-15   125   143     0
2849.75  1.45e-14  9.11e-15   125    62     0
2852.41  1.69e-14  8.29e-15   124    75     0
2855.08  1.63e-14  9.97e-15   124    71     0
2857.75  2.83e-14  8.75e-15   124   123     0
2860.42  6.01e-15  7.92e-15   124    25     0
2863.09  1.65e-14  9.67e-15   124    71     0
2865.76  2.84e-14  8.00e-15   123   127     0
2868.43  1.33e-14  7.65e-15   123    59     0
2871.10  1.19e-14  8.12e-15   123    50     0
2873.77  2.18e-14  8.41e-15   123    91     0
2876.44  2.49e-14  8.48e-15   123   102     0
2879.11  2.30e-14  8.44e-15   123    94     0
2881.78  2.46e-14  8.14e-15   122   105     0
2884.45  1.89e-14  8.04e-15   122    80     0
2887.11  2.29e-14  8.20e-15   122    96     0
2889.78  1.36e-14  9.09e-15   122    57     0
2892.45  9.54e-15  8.72e-15   122    39     0
2895.12  9.38e-15  8.25e-15   122    38     0
2897.79  1.66e-14  8.36e-15   122    67     0
2900.46  2.32e-14  8.27e-15   121    95     0
2903.13  1.62e-14  8.21e-15   121    66     0
2905.80  2.45e-14  1.20e-14   121    89     0
2908.47  2.89e-14  9.40e-15   121   104     0
2911.14  2.20e-14  8.71e-15   121    85     0
2913.81  1.54e-14  8.68e-15   121    58     0
2916.48  1.18e-14  8.19e-15   121    47     0
2919.15  1.88e-14  8.39e-15   121    74     0
2921.82  2.76e-14  9.39e-15   121    98     0
2924.48  1.21e-14  9.78e-15   121    42     0
2927.15  3.54e-14  1.41e-14   120   129     0
2929.82  4.18e-14  1.45e-14   120   151     0
2932.49  1.73e-14  8.88e-15   120    66     0
2935.16  1.06e-14  9.49e-15   120    36     0
2937.83  3.14e-14  1.01e-14   120   106     0
2940.50  2.20e-14  8.80e-15   120    82     0
2943.17  1.87e-14  8.74e-15   120    69     0
2945.84  2.79e-14  9.32e-15   120    98     0
2948.51  2.55e-14  9.29e-15   120    90     0
2951.18  3.23e-14  1.21e-14   120   113     0
2953.85  4.47e-14  1.17e-14   120   155     0
2956.52  3.90e-14  9.23e-15   120   141     0
2959.19  2.18e-14  9.00e-15   120    78     0
2961.85 -2.69e-16  9.53e-15   120     0     0
2964.52  3.35e-14  9.78e-15   120   112     0
2967.19  1.80e-14  9.85e-15   120    60     0
2969.86  3.31e-14  9.81e-15   120   109     0
2972.53  3.16e-14  1.62e-14   120   102     0
2975.20  1.25e-14  1.04e-14   120    39     0
2977.87  1.55e-14  1.16e-14   120    48     0
2980.54  3.08e-14  9.63e-15   120   102     0
2983.21  2.56e-14  9.62e-15   120    84     0
2985.88  2.83e-14  9.67e-15   120    92     0
2988.55  2.29e-14  1.38e-14   120    74     0
2991.22  1.49e-14  1.02e-14   120    45     0
2993.89  1.25e-14  1.12e-14   121    37     0
2996.56  1.79e-14  9.87e-15   121    56     0
2999.22  1.83e-14  9.92e-15   121    56     0
3001.89  5.11e-14  1.09e-14   121   151     0
3004.56  2.72e-14  1.78e-14   121    80     0
3007.23  9.94e-15  1.34e-14   121    31     0
3009.90  5.27e-15  9.69e-15   121    16     0
3012.57  3.36e-14  1.13e-14   121    95     0
3015.24  3.81e-14  1.15e-14   121   103     0
3017.91  1.48e-14  1.12e-14   122    39     0
3020.58  2.16e-14  1.09e-14   122    59     0
3023.25  1.22e-14  1.09e-14   122    33     0
3025.92  1.31e-15  1.07e-14   122     3     0
3028.59  1.48e-14  1.26e-14   122    40     0
3031.26  3.15e-14  1.17e-14   122    82     0
3033.93  7.66e-15  1.13e-14   122    19     0
3036.59  3.56e-14  1.21e-14   123    88     0
3039.26  5.72e-15  1.21e-14   123    14     0
3041.93  3.47e-14  1.25e-14   123    85     0
3044.60  2.31e-14  1.32e-14   123    56     0
3047.27  2.48e-14  1.40e-14   123    51     0
3049.94  1.72e-14  1.63e-14   124    35     0
3052.61 -9.85e-15  1.62e-14   124   -21     0
3055.28  2.10e-14  1.27e-14   124    48     0
3057.95  1.45e-14  1.31e-14   124    32     0
3060.62  1.10e-14  1.30e-14   125    24     0
3063.29  1.57e-14  1.52e-14   125    34     0
3065.96  3.06e-14  1.32e-14   125    68     0
3068.63  3.88e-14  1.34e-14   125    84     0
3071.30  1.00e-14  1.39e-14   126    20     0
3073.96  2.82e-14  1.43e-14   126    56     0
3076.63  3.46e-14  1.58e-14   126    73     0
3079.30  6.04e-14  2.02e-14   127   125     0
3081.97  2.71e-14  2.12e-14   127    48     0
3084.64  4.00e-14  1.62e-14   127    70     0
3087.31  7.46e-15  2.87e-14   127    12     0
3089.98  1.62e-14  1.70e-14   128    27     0
3092.65  4.31e-14  1.87e-14   128    74     0
3095.32  4.79e-14  2.13e-14   128    77     0
3097.99  2.68e-14  2.40e-14   129    42     0
3100.66  2.21e-14  2.07e-14   129    35     0
3103.33  2.58e-14  4.76e-14   129    40     0
3106.00  5.53e-17  2.56e-14   130     0     0
3108.67  3.35e-14  1.72e-14   130    54     0
3111.33  6.05e-14  2.07e-14   131    92     0
3114.00  5.47e-14  4.35e-14   131    81   -16
3116.67  1.77e-13  5.39e-14   131   222   -16
3119.34  1.66e-13  7.02e-14   132   205   -16
3122.01  1.42e-13  5.84e-14   132   179   -16
3124.68  1.71e-13  5.31e-14   132   211   -16
3127.35  1.20e-13  3.36e-14   133   147   -16
3130.02  4.16e-14  2.09e-14   133    56   -16
3132.69 -5.15e-14  2.64e-14   134   -67   -16
3135.36 -1.20e-13  6.84e-14   134  -153   -16
3138.03 -1.78e-13  6.78e-14   134  -224  -144
3140.70 -2.21e-13  7.63e-14   135  -246  -144
3143.37 -2.56e-13  6.89e-14   135  -280  -144
3146.04 -1.48e-13  4.91e-14   136  -155   -16
3148.70 -5.03e-14  2.76e-14   136   -51   -16
3151.37  7.49e-14  2.73e-14   137    74   -16
3154.04  1.74e-13  7.73e-14   137   168   -16
3156.71  2.01e-13  5.94e-14   138   239   -16
3159.38  2.86e-13  8.34e-14   138   334   -16
3162.05  2.86e-13  8.34e-14   138   310   -16
3164.72  2.67e-13  6.91e-14   139   283   -16
3167.39  2.11e-13  5.75e-14   139   212   -16
3170.06  1.07e-13  5.11e-14   140    92   -16
3172.73 -2.87e-14  3.30e-14   140   -24   -16
3175.40 -8.69e-14  5.47e-14   141   -79   -16
3178.07 -1.29e-13  6.04e-14   141  -115   -16
3180.74 -2.64e-13  7.79e-14   142  -213   -16
3183.41 -3.84e-13  1.20e-13   142  -301  -144
3186.07 -3.73e-13  1.19e-13   143  -355  -144
3188.74 -2.42e-13  8.48e-14   143  -223  -144
3191.41 -2.65e-13  9.91e-14   144  -201   -16
3194.08 -1.18e-13  5.47e-14   144   -86   -16
3196.75  5.13e-14  4.25e-14   145    34   -16
3199.42  1.78e-13  6.47e-14   145   114   -16
3202.09  1.39e-13  4.55e-14   146   106   -16
3204.76  1.62e-13  5.59e-14   146   120   -16
3207.43  2.34e-13  7.73e-14   147   134   -16
3210.10  1.44e-13  6.41e-14   147    79   -16
3212.77  1.49e-14  4.62e-14   148     7   -16
3215.44  5.03e-14  4.65e-14   148    26   -16
3218.11 -4.34e-14  5.22e-14   149   -22   -16
3220.78 -1.55e-15  7.70e-14   149    -1   -16
3223.44 -1.82e-14  6.21e-14   150   -11     0
3226.11  1.54e-14  5.41e-14   150     7     0
3228.78 -2.30e-14  5.52e-14   151   -10     0
3231.45  2.34e-14  5.50e-14   151    11     0
3234.12  1.20e-15  5.11e-14   152     0     0
3236.79 -2.35e-15  5.73e-14   152    -1     0
3239.46  1.72e-14  5.52e-14   153     7     0
3242.13  9.19e-14  8.19e-14   153    36     0
3244.80 -1.44e-13  6.22e-14   154   -55     0
3247.47  5.10e-14  7.69e-14   154    16     0
3250.14  4.51e-14  6.57e-14   155    16     0
3252.81  1.99e-13  7.43e-14   155    70     0
3255.48  1.28e-13  6.88e-14   156    45     0
3258.15  1.28e-14  7.41e-14   156     4     0
3260.81  2.81e-14  8.04e-14   156     8     0
3263.48  2.53e-15  8.43e-14   157     0     0
3266.15 -2.66e-14  1.13e-13   157    -5     0
3268.82  2.10e-13  1.41e-13   158    42     0
3271.49  5.48e-14  6.95e-14   158    18     0
3274.16  4.22e-14  7.08e-14   159    14     0
3276.83  1.15e-13  1.35e-13   159    20     0
3279.50  1.80e-13  1.46e-13   160    31     0
3282.17 -2.35e-13  1.21e-13   160   -46     0
3284.84 -1.17e-13  1.21e-13   161   -22     0
3287.51  2.22e-13  1.00e-13   161    53     0
3290.18  2.23e-13  1.03e-13   161    52     0
3292.85  2.28e-13  1.07e-13   162    51     0
3295.52 -1.65e-13  1.54e-13   162   -25     0
3298.18 -4.57e-14  1.60e-13   163    -6     0
3300.85 -4.52e-14  1.75e-13   163    -6     0
3303.52  1.81e-13  2.13e-13   163    23 -4096
3306.19  3.80e-12  1.94e-12   164    56 -4096
3308.86 -1.87e-12  2.30e-12   164   -27 -4096
3311.53  7.95e-13  7.22e-13   164    52 -4096
3314.20 -5.34e-13  3.78e-13   165   -33     0
3316.87  4.48e-13  2.29e-13   165    51     0
3319.54 -2.67e-14  2.17e-13   165    -2     0
3322.21 -3.59e-14  2.72e-13   166    -3     0
3324.88  5.88e-13  4.55e-13   166    48     0
3327.55  3.96e-13  2.84e-13   166    50     0
3330.22  8.64e-14  3.72e-13   167     5     0
3332.89 -7.86e-13  3.85e-13   167   -47     0
3335.55  2.58e-13  4.07e-13   167    14     0
3338.22  4.60e-13  4.23e-13   167    25     0
3340.89 -3.77e-13  8.43e-13   168   -10     0
3343.56  4.10e-13  8.71e-13   168    11     0
3346.23 -3.27e-13  3.23e-13   168   -24     0
3348.90 -1.08e-13  4.22e-13   168    -7     0
