NOT ORIGINAL IUE PROJECT DATA PRODUCT
LWR05533LOWLARGE
HD  197481
20:42:04
-31:31:17
48
X-TRAIL
NO
1167.531
08/09/79
05:37:49
251
12.51
25/06/97
GSFC
2444124.73459
0
29
1851.43  1.92e-13  1.52e-13   126    18     0
1854.10  4.27e-14  1.42e-13   125     4     0
1856.77  1.47e-13  1.50e-13   124    14     0
1859.44  1.34e-13  1.42e-13   124    13     0
1862.11  1.94e-13  1.34e-13   123    21     0
1864.78  1.75e-13  1.25e-13   123    20     0
1867.45  8.70e-14  1.20e-13   122    10     0
1870.12  2.05e-13  1.06e-13   122    28     0
1872.79  9.81e-14  9.68e-14   121    14     0
1875.46  8.77e-14  8.10e-14   121    15     0
1878.13  7.95e-14  7.49e-14   120    15     0
1880.79  9.24e-14  8.48e-14   120    16     0
1883.46  3.13e-14  7.89e-14   120     5     0
1886.13  4.82e-14  7.60e-14   119     9     0
1888.80  8.92e-14  7.35e-14   119    18     0
1891.47  1.19e-13  6.46e-14   119    27     0
1894.14  1.33e-13  6.26e-14   119    32     0
1896.81  1.81e-14  6.07e-14   118     4     0
1899.48  7.56e-14  6.02e-14   118    18     0
1902.15  8.38e-14  6.22e-14   118    20     0
1904.82 -2.40e-15  5.92e-14   118     0     0
1907.49  6.58e-15  5.38e-14   118     1     0
1910.16  7.33e-14  5.82e-14   118    19     0
1912.83  2.97e-14  5.57e-14   118     8     0
1915.50  1.75e-14  4.83e-14   118     5     0
1918.16  5.67e-14  4.80e-14   118    18     0
1920.83  9.14e-14  4.58e-14   118    31     0
1923.50  3.85e-14  4.36e-14   118    13     0
1926.17  3.94e-14  4.96e-14   118    12     0
1928.84 -8.22e-15  4.76e-14   118    -2     0
1931.51 -2.62e-14  4.25e-14   118    -9     0
1934.18  4.00e-14  4.20e-14   118    15     0
1936.85  3.21e-14  3.91e-14   118    12     0
1939.52  1.21e-14  3.77e-14   118     5     0
1942.19  2.47e-14  3.72e-14   118    10     0
1944.86  8.70e-15  3.60e-14   119     3     0
1947.53  3.52e-14  3.53e-14   119    16     0
1950.20  7.56e-14  3.62e-14   119    34     0
1952.87  3.64e-14  3.48e-14   119    17     0
1955.53  4.21e-14  3.40e-14   119    20     0
1958.20 -2.06e-15  3.26e-14   120    -1     0
1960.87  4.56e-14  3.22e-14   120    23     0
1963.54  8.02e-15  3.08e-14   120     4     0
1966.21  4.55e-14  3.20e-14   121    23     0
1968.88  2.17e-14  3.11e-14   121    11     0
1971.55  3.73e-14  3.21e-14   121    19     0
1974.22  3.88e-14  3.15e-14   122    21     0
1976.89  6.76e-14  2.97e-14   122    39     0
1979.56  3.85e-14  2.89e-14   122    23     0
1982.23  6.94e-15  2.76e-14   123     4     0
1984.90  5.16e-14  2.81e-14   123    32     0
1987.57  8.89e-15  2.85e-14   123     5     0
1990.24  2.34e-14  2.82e-14   124    14     0
1992.90  3.25e-14  2.82e-14   124    20     0
1995.57  3.48e-15  2.75e-14   125     2     0
1998.24  1.61e-14  2.76e-14   125    10     0
2000.91  2.18e-14  2.68e-14   126    14     0
2003.58  6.07e-15  2.66e-14   126     4     0
2006.25  2.53e-14  2.74e-14   127    16     0
2008.92  1.54e-14  2.71e-14   127    10     0
2011.59 -1.90e-14  2.46e-14   128   -14     0
2014.26  1.51e-14  2.48e-14   128    11     0
2016.93  2.83e-14  2.60e-14   129    20     0
2019.60  1.57e-14  2.55e-14   129    11     0
2022.27  9.85e-15  2.62e-14   130     7     0
2024.94  8.34e-15  2.58e-14   130     6     0
2027.61  1.76e-15  2.47e-14   131     1     0
2030.27  2.97e-14  2.43e-14   131    23     0
2032.94  3.02e-14  2.43e-14   132    24     0
2035.61  1.73e-14  2.53e-14   133    13     0
2038.28 -4.22e-15  2.52e-14   133    -3     0
2040.95 -9.53e-15  2.40e-14   134    -7     0
2043.62  2.40e-14  2.46e-14   134    19     0
2046.29 -1.21e-14  2.51e-14   135    -9     0
2048.96 -1.29e-14  2.84e-14   136   -10 -4096
2051.63  3.06e-14  2.78e-14   136    26 -4096
2054.30  3.27e-14  2.70e-14   137    27 -4096
2056.97  9.92e-15  2.51e-14   138     8     0
2059.64 -5.76e-15  2.43e-14   138    -4     0
2062.31 -1.07e-14  2.57e-14   139    -8     0
2064.98 -1.09e-14  2.56e-14   139    -8     0
2067.64  1.15e-15  2.31e-14   140     1     0
2070.31 -1.17e-14  2.40e-14   141   -10     0
2072.98 -1.24e-14  2.39e-14   141   -10     0
2075.65  9.74e-15  2.50e-14   142     8     0
2078.32 -3.45e-15  2.50e-14   143    -2     0
2080.99 -1.12e-14  2.60e-14   143    -9     0
2083.66  3.32e-14  2.66e-14   144    27     0
2086.33 -4.58e-16  2.34e-14   145     0     0
2089.00 -1.48e-14  2.36e-14   145   -13     0
2091.67 -5.17e-15  2.70e-14   146    -4     0
2094.34  3.81e-15  2.73e-14   147     3     0
2097.01 -8.42e-15  2.51e-14   148    -7     0
2099.68 -2.32e-14  2.53e-14   148   -20     0
2102.35 -2.00e-14  2.63e-14   149   -16     0
2105.01 -1.20e-14  2.67e-14   150   -10     0
2107.68 -3.01e-14  2.66e-14   150   -25     0
2110.35 -2.66e-14  2.65e-14   151   -22     0
2113.02 -2.04e-14  2.64e-14   152   -17     0
2115.69 -5.30e-14  2.89e-14   152   -41     0
2118.36 -1.90e-14  2.87e-14   153   -15     0
2121.03 -1.65e-16  2.79e-14   154     0     0
2123.70 -1.76e-14  2.81e-14   154   -14     0
2126.37 -2.30e-14  2.72e-14   155   -19     0
2129.04 -5.39e-14  2.73e-14   156   -46     0
2131.71 -4.11e-14  2.68e-14   156   -35     0
2134.38 -1.90e-14  2.70e-14   157   -16     0
2137.05 -6.47e-14  2.75e-14   158   -55     0
2139.72 -3.47e-14  2.76e-14   158   -29     0
2142.38  1.69e-14  2.89e-14   159    14     0
2145.05 -3.06e-14  2.94e-14   160   -25     0
2147.72 -3.03e-14  2.95e-14   161   -24     0
2150.39 -6.21e-15  2.87e-14   161    -5     0
2153.06 -4.48e-14  2.88e-14   162   -38     0
2155.73 -5.19e-14  2.99e-14   163   -42     0
2158.40 -1.14e-14  3.00e-14   163    -9     0
2161.07 -6.68e-14  3.06e-14   164   -54     0
2163.74 -3.82e-14  3.06e-14   165   -31     0
2166.41 -4.67e-14  2.86e-14   165   -41     0
2169.08 -3.49e-14  2.87e-14   166   -30     0
2171.75 -6.26e-14  3.16e-14   167   -50     0
2174.42 -6.14e-14  3.17e-14   167   -49     0
2177.09 -3.09e-14  2.97e-14   168   -26     0
2179.75 -3.54e-14  2.98e-14   168   -30     0
2182.42 -5.55e-14  2.82e-14   169   -50     0
2185.09 -3.07e-14  2.95e-14   170   -27     0
2187.76 -4.02e-14  3.02e-14   170   -35     0
2190.43 -1.02e-14  3.21e-14   171    -9     0
2193.10  2.12e-14  6.93e-14   172    19     0
2195.77 -4.02e-14  3.92e-14   172   -35     0
2198.44 -4.69e-14  2.95e-14   173   -42     0
2201.11 -1.55e-14  3.08e-14   173   -13     0
2203.78 -2.49e-15  3.05e-14   174    -2     0
2206.45 -4.42e-14  3.06e-14   175   -38     0
2209.12 -3.66e-15  3.04e-14   175    -3     0
2211.79 -5.41e-16  2.80e-14   176     0     0
2214.46 -9.87e-15  2.84e-14   176    -9     0
2217.12 -3.07e-14  3.16e-14   177   -26     0
2219.79 -5.17e-14  3.19e-14   178   -44     0
2222.46 -1.81e-14  3.03e-14   178   -16     0
2225.13  5.20e-15  3.35e-14   179     4     0
2227.80 -1.48e-14  3.17e-14   179   -12     0
2230.47 -1.69e-14  2.96e-14   180   -15     0
2233.14 -5.56e-14  2.92e-14   180   -53     0
2235.81  1.73e-15  2.96e-14   181     1     0
2238.48 -3.08e-14  2.91e-14   181   -29     0
2241.15 -3.82e-14  3.01e-14   182   -36     0
2243.82 -2.37e-14  2.98e-14   182   -22     0
2246.49  8.97e-16  2.62e-14   183     0     0
2249.16 -5.17e-15  2.60e-14   183    -5     0
2251.83  1.94e-14  2.69e-14   184    20     0
2254.49  4.25e-15  2.66e-14   184     4     0
2257.16 -6.69e-15  2.86e-14   185    -6     0
2259.83 -4.51e-15  2.85e-14   185    -4     0
2262.50 -1.89e-14  2.78e-14   186   -19     0
2265.17 -7.11e-16  2.63e-14   186     0     0
2267.84 -1.94e-14  2.62e-14   187   -21     0
2270.51 -9.94e-15  2.46e-14   187   -11     0
2273.18 -4.45e-14  2.43e-14   188   -54     0
2275.85 -1.00e-14  2.51e-14   188   -11     0
2278.52 -1.17e-14  2.48e-14   188   -14     0
2281.19 -1.23e-14  2.74e-14   189   -13     0
2283.86  5.82e-15  2.71e-14   189     6     0
2286.53  1.86e-14  2.21e-14   190    25     0
2289.20  1.94e-15  2.19e-14   190     2     0
2291.86 -1.02e-14  2.32e-14   190   -13     0
2294.53  1.66e-14  2.34e-14   191    21     0
2297.20  1.47e-14  2.53e-14   191    18     0
2299.87  2.85e-15  2.44e-14   192     3     0
2302.54  1.31e-14  2.38e-14   192    17     0
2305.21  2.84e-14  2.52e-14   192    35     0
2307.88 -2.25e-15  2.45e-14   193    -2     0
2310.55  2.88e-14  2.40e-14   193    37     0
2313.22  2.25e-14  2.36e-14   193    30     0
2315.89 -2.34e-14  2.41e-14   194   -30     0
2318.56 -1.68e-14  2.38e-14   194   -22     0
2321.23 -1.55e-15  2.21e-14   194    -2     0
2323.90  2.51e-14  2.21e-14   194    36     0
2326.57  4.23e-14  1.95e-14   195    70     0
2329.23  1.47e-14  1.89e-14   195    24     0
2331.90  3.00e-14  2.04e-14   195    47     0
2334.57  2.16e-14  2.01e-14   196    34     0
2337.24  7.33e-14  2.12e-14   196   125     0
2339.91  1.97e-14  1.87e-14   196    34     0
2342.58  3.59e-14  2.16e-14   196    62     0
2345.25  3.56e-14  1.92e-14   196    61     0
2347.92  3.05e-14  1.89e-14   197    53     0
2350.59  7.65e-14  2.00e-14   197   131     0
2353.26  5.96e-14  1.96e-14   197   103     0
2355.93  6.09e-14  2.39e-14   197   104     0
2358.60  5.86e-14  1.97e-14   197   101     0
2361.27  6.37e-14  1.85e-14   198   118     0
2363.94  5.00e-14  1.82e-14   198    94     0
2366.60  8.52e-14  2.01e-14   198   148     0
2369.27  1.04e-13  2.40e-14   198   183     0
2371.94  7.53e-14  1.95e-14   198   135     0
2374.61  1.95e-13  5.58e-14   198   353     0
2377.28  2.03e-13  3.58e-14   199   396     0
2379.95  2.05e-13  4.90e-14   199   403     0
2382.62  1.73e-13  4.41e-14   199   321     0
2385.29  1.22e-13  2.53e-14   199   222     0
2387.96  1.40e-13  3.28e-14   199   256     0
2390.63  9.07e-14  1.92e-14   199   171     0
2393.30  7.76e-14  2.87e-14   199   147     0
2395.97  9.77e-14  1.96e-14   199   198     0
2398.64  7.09e-14  1.95e-14   199   145     0
2401.31  4.26e-14  1.77e-14   199    84     0
2403.97  5.41e-14  1.82e-14   199   108     0
2406.64  4.56e-14  1.70e-14   199    95     0
2409.31  6.63e-14  3.08e-14   199   139     0
2411.98  4.55e-14  2.22e-14   199    93     0
2414.65  2.89e-14  1.70e-14   199    59     0
2417.32  2.01e-14  1.66e-14   199    42     0
2419.99  1.63e-14  1.64e-14   199    34     0
2422.66  4.96e-14  1.70e-14   199   104     0
2425.33  1.70e-14  1.63e-14   199    38     0
2428.00  4.46e-14  1.59e-14   199   101     0
2430.67  4.16e-14  1.66e-14   199    90     0
2433.34  1.15e-15  1.57e-14   199     2     0
2436.01  3.55e-14  1.64e-14   199    79     0
2438.68  1.24e-14  1.54e-14   199    28     0
2441.34  1.20e-14  1.74e-14   199    27     0
2444.01  4.90e-14  4.13e-14   199   113     0
2446.68  1.27e-14  1.48e-14   199    30     0
2449.35  1.99e-14  1.48e-14   199    48     0
2452.02  3.84e-14  1.87e-14   199    98     0
2454.69  1.71e-14  1.38e-14   199    44     0
2457.36 -4.14e-15  1.43e-14   198   -10     0
2460.03  2.83e-14  1.42e-14   198    71     0
2462.70  7.09e-15  1.39e-14   198    18     0
2465.37  7.77e-15  1.33e-14   198    20     0
2468.04  3.07e-14  1.42e-14   198    82     0
2470.71  8.35e-15  1.40e-14   198    21     0
2473.38  2.27e-14  1.43e-14   198    58     0
2476.05  4.22e-14  2.66e-14   197   108     0
2478.71  5.34e-14  2.16e-14   197   138     0
2481.38  1.44e-14  1.38e-14   197    37     0
2484.05  1.29e-14  1.38e-14   197    34     0
2486.72  5.58e-15  1.30e-14   197    15     0
2489.39  4.22e-15  1.30e-14   196    11     0
2492.06  1.44e-14  1.46e-14   196    35     0
2494.73  2.84e-14  1.69e-14   196    70     0
2497.40  9.33e-15  1.38e-14   196    24     0
2500.07  1.05e-14  1.24e-14   196    30     0
2502.74  1.33e-14  1.24e-14   195    39     0
2505.41  3.29e-14  1.95e-14   195    91     0
2508.08  1.31e-14  1.31e-14   195    36     0
2510.75  1.82e-14  1.24e-14   195    54     0
2513.42  8.99e-15  1.21e-14   194    27     0
2516.08  1.75e-14  1.38e-14   194    47     0
2518.75  1.50e-14  1.35e-14   194    40     0
2521.42  1.53e-14  1.31e-14   194    43     0
2524.09 -2.16e-16  1.28e-14   193     0     0
2526.76  9.82e-15  1.24e-14   193    29     0
2529.43  2.14e-14  1.25e-14   193    63     0
2532.10  1.98e-14  1.24e-14   192    59     0
2534.77  2.51e-14  1.25e-14   192    75     0
2537.44  2.25e-15  1.13e-14   192     7     0
2540.11 -5.68e-15  1.15e-14   191   -18     0
2542.78  2.07e-14  1.21e-14   191    67     0
2545.45  1.54e-14  1.13e-14   191    51     0
2548.12  3.69e-14  2.61e-14   190   124     0
2550.79  1.32e-15  1.16e-14   190     4     0
2553.45  8.55e-15  1.21e-14   190    27     0
2556.12  4.64e-14  1.21e-14   189   150     0
2558.79  8.68e-15  1.13e-14   189    28     0
2561.46  2.07e-14  1.16e-14   189    66     0
2564.13  2.31e-14  1.63e-14   188    74     0
2566.80  1.57e-15  1.03e-14   188     5     0
2569.47  2.58e-15  1.03e-14   188     9     0
2572.14  1.99e-14  1.90e-14   187    67     0
2574.81  6.32e-15  1.18e-14   187    21     0
2577.48  8.32e-15  1.24e-14   186    27 -4096
2580.15  2.17e-15  1.16e-14   186     7 -4096
2582.82 -8.07e-16  1.08e-14   186    -2     0
2585.49  7.89e-15  1.10e-14   185    26     0
2588.16  3.84e-14  1.14e-14   185   130     0
2590.82  1.06e-14  1.08e-14   185    36     0
2593.49 -4.00e-15  1.06e-14   184   -13     0
2596.16 -7.36e-15  1.04e-14   184   -26     0
2598.83  2.01e-14  1.05e-14   183    72     0
2601.50  3.47e-14  1.09e-14   183   127     0
2604.17  1.35e-14  1.01e-14   182    50     0
2606.84 -1.31e-15  9.52e-15   182    -5     0
2609.51  1.14e-14  9.54e-15   182    45     0
2612.18  1.12e-14  9.68e-15   181    43     0
2614.85  8.05e-15  9.59e-15   181    31     0
2617.52  1.93e-14  1.00e-14   180    73     0
2620.19  2.57e-14  9.85e-15   180   100     0
2622.86  8.15e-15  9.49e-15   179    32     0
2625.53  1.70e-14  9.84e-15   179    65     0
2628.19  3.33e-14  9.98e-15   179   128     0
2630.86  2.93e-14  9.82e-15   178   115     0
2633.53  4.69e-14  1.61e-14   178   185     0
2636.20  1.71e-14  9.63e-15   177    67     0
2638.87  1.03e-14  9.54e-15   177    40     0
2641.54 -3.66e-15  9.44e-15   176   -14     0
2644.21  3.36e-15  9.45e-15   176    13     0
2646.88  4.75e-15  1.00e-14   175    17     0
2649.55 -7.56e-16  1.00e-14   175    -2     0
2652.22  6.20e-16  9.23e-15   175     2     0
2654.89 -1.49e-14  9.23e-15   174   -59     0
2657.56  2.22e-16  9.11e-15   174     0     0
2660.23 -9.19e-15  8.76e-15   173   -38     0
2662.90  1.55e-15  8.74e-15   173     6     0
2665.56  5.68e-15  8.78e-15   172    24     0
2668.23 -8.56e-15  8.69e-15   172   -36     0
2670.90  1.10e-14  9.00e-15   171    45     0
2673.57  1.95e-14  9.03e-15   171    81     0
2676.24  9.72e-15  8.74e-15   170    41     0
2678.91  2.98e-16  8.53e-15   170     1     0
2681.58  1.82e-14  8.79e-15   170    78     0
2684.25 -8.27e-16  8.48e-15   169    -3     0
2686.92 -5.96e-16  8.32e-15   169    -2     0
2689.59  1.57e-14  8.41e-15   168    70     0
2692.26  5.25e-16  8.65e-15   168     2     0
2694.93  5.09e-16  8.66e-15   167     2     0
2697.60  2.22e-14  9.72e-15   167    86     0
2700.27  1.72e-14  8.39e-15   166    77     0
2702.93  6.31e-15  8.30e-15   166    28     0
2705.60  9.23e-15  8.82e-15   165    38     0
2708.27  2.04e-14  1.25e-14   165    85     0
2710.94  1.27e-16  8.43e-15   165     0     0
2713.61  3.75e-15  8.41e-15   164    16     0
2716.28  5.72e-15  8.57e-15   164    24     0
2718.95  1.84e-14  8.65e-15   163    79     0
2721.62  1.51e-14  9.04e-15   163    62     0
2724.29  1.54e-14  8.98e-15   162    63     0
2726.96  1.90e-14  8.10e-15   162    87     0
2729.63  9.09e-15  7.94e-15   161    42     0
2732.30 -3.54e-15  8.55e-15   161   -15     0
2734.97  1.82e-14  1.01e-14   161    78     0
2737.64 -3.26e-15  8.37e-15   160   -14     0
2740.30  5.80e-15  8.74e-15   160    24     0
2742.97  1.78e-14  1.28e-14   159    76     0
2745.64  1.12e-14  8.33e-15   159    49     0
2748.31  9.67e-15  8.31e-15   158    42     0
2750.98  1.01e-14  8.24e-15   158    45     0
2753.65  2.13e-14  9.56e-15   158    94     0
2756.32  1.41e-14  7.98e-15   157    65     0
2758.99  1.22e-14  7.94e-15   157    56     0
2761.66  8.52e-15  8.13e-15   156    38     0
2764.33  1.97e-14  8.29e-15   156    88     0
2767.00  3.40e-15  8.43e-15   155    14     0
2769.67  9.78e-15  8.68e-15   155    41     0
2772.34  2.43e-14  1.32e-14   155   102     0
2775.00  1.83e-14  8.56e-15   154    78     0
2777.67  1.27e-15  9.07e-15   154     5     0
2780.34  9.19e-15  9.05e-15   154    39     0
2783.01  6.48e-15  9.28e-15   153    27 -4096
2785.68  1.06e-14  8.79e-15   153    46     0
2788.35  1.94e-15  8.10e-15   152     8     0
2791.02  1.41e-14  7.72e-15   152    66     0
2793.69  3.41e-14  9.25e-15   152   159     0
2796.36  7.71e-14  2.12e-14   151   335     0
2799.03  1.53e-13  3.35e-14   151   662     0
2801.70  1.17e-13  2.83e-14   151   526     0
2804.37  1.02e-13  2.37e-14   150   457     0
2807.04  1.13e-13  2.87e-14   150   468     0
2809.71  6.96e-14  1.74e-14   150   288     0
2812.37  3.40e-14  8.50e-15   149   148     0
2815.04  1.20e-14  8.08e-15   149    52     0
2817.71  1.83e-14  8.18e-15   149    80     0
2820.38  1.72e-14  8.57e-15   148    76     0
2823.05  6.11e-15  8.01e-15   148    26     0
2825.72  3.52e-15  8.67e-15   148    14     0
2828.39 -2.52e-15  8.65e-15   147   -10     0
2831.06  3.42e-15  8.66e-15   147    13     0
2833.73  1.97e-14  8.85e-15   147    79     0
2836.40  1.50e-14  8.79e-15   147    60     0
2839.07  1.84e-14  8.83e-15   146    74     0
2841.74  5.67e-15  7.28e-15   146    27     0
2844.41  5.95e-15  7.30e-15   146    28     0
2847.08  1.32e-14  8.06e-15   145    57     0
2849.75 -4.21e-15  1.01e-14   145   -18     0
2852.41  1.56e-14  7.91e-15   145    69     0
2855.08  1.72e-14  8.10e-15   145    75     0
2857.75  2.40e-14  8.15e-15   145   104     0
2860.42 -9.32e-15  1.03e-14   144   -40     0
2863.09  5.46e-15  7.95e-15   144    23     0
2865.76  1.54e-14  7.73e-15   144    69     0
2868.43  1.20e-14  7.68e-15   144    54     0
2871.10  6.25e-15  1.34e-14   143    26     0
2873.77  9.46e-15  9.08e-15   143    39     0
2876.44  2.36e-14  8.52e-15   143    97     0
2879.11  8.21e-15  8.30e-15   143    33     0
2881.78  1.35e-14  8.03e-15   143    57     0
2884.45  1.68e-14  8.06e-15   143    71     0
2887.11  3.77e-15  8.00e-15   142    15     0
2889.78  1.21e-14  8.10e-15   142    50     0
2892.45  6.39e-15  8.28e-15   142    26     0
2895.12  8.73e-15  8.30e-15   142    35     0
2897.79  5.65e-15  8.30e-15   142    22     0
2900.46  2.19e-14  8.32e-15   142    90     0
2903.13  5.21e-15  8.13e-15   142    21     0
2905.80 -9.18e-16  1.01e-14   141    -3     0
2908.47  1.85e-14  9.33e-15   141    67     0
2911.14  1.68e-14  8.70e-15   141    65     0
2913.81  7.09e-15  8.61e-15   141    27     0
2916.48  5.07e-15  8.14e-15   141    20     0
2919.15  9.47e-15  9.34e-15   141    37     0
2921.82 -3.47e-15  9.10e-15   141   -12     0
2924.48 -1.40e-15  9.26e-15   141    -4     0
2927.15  1.68e-14  1.02e-14   141    61     0
2929.82  4.29e-14  1.23e-14   141   156     0
2932.49  1.82e-14  8.71e-15   141    69     0
2935.16  8.36e-15  9.53e-15   141    28     0
2937.83  1.91e-14  9.68e-15   141    65     0
2940.50  1.38e-14  8.76e-15   141    51     0
2943.17  8.51e-15  8.67e-15   141    31     0
2945.84  1.97e-14  9.27e-15   141    70     0
2948.51  8.58e-15  9.46e-15   141    30     0
2951.18  2.66e-14  9.41e-15   141    93     0
2953.85  1.47e-14  1.17e-14   141    51     0
2956.52  2.82e-14  9.13e-15   141   102     0
2959.19 -5.22e-15  8.79e-15   141   -18     0
2961.85 -6.75e-15  1.03e-14   141   -22     0
2964.52  1.33e-14  9.55e-15   141    44     0
2967.19  6.38e-15  9.39e-15   141    21     0
2969.86  2.40e-14  9.75e-15   141    79     0
2972.53  1.87e-14  1.21e-14   141    60     0
2975.20 -1.23e-14  1.09e-14   141   -38     0
2977.87  2.08e-14  1.03e-14   141    64     0
2980.54  2.05e-14  9.68e-15   142    68     0
2983.21  2.41e-14  1.03e-14   142    79     0
2985.88  2.72e-14  9.74e-15   142    89     0
2988.55  1.33e-14  9.57e-15   142    43     0
2991.22  1.54e-14  1.03e-14   142    47     0
2993.89  9.69e-15  1.05e-14   142    29     0
2996.56  4.08e-15  9.75e-15   142    12     0
2999.22  5.03e-15  9.90e-15   143    15     0
3001.89  4.44e-14  1.09e-14   143   132     0
3004.56  2.59e-14  1.61e-14   143    76     0
3007.23  1.75e-14  9.92e-15   143    54     0
3009.90  1.98e-14  9.99e-15   143    61     0
3012.57  1.76e-14  1.22e-14   143    49     0
3015.24  3.74e-14  1.16e-14   144   102     0
3017.91  2.17e-14  1.14e-14   144    58     0
3020.58  5.86e-15  1.08e-14   144    16     0
3023.25  1.82e-14  1.11e-14   144    49     0
3025.92  1.54e-14  1.10e-14   145    42     0
3028.59  1.93e-14  1.12e-14   145    52     0
3031.26  3.52e-14  1.17e-14   145    92     0
3033.93 -3.49e-15  1.20e-14   145    -9     0
3036.59  2.19e-14  1.20e-14   146    54     0
3039.26  9.71e-15  1.20e-14   146    24     0
3041.93  5.03e-14  1.25e-14   146   124     0
3044.60  3.36e-14  1.24e-14   146    82     0
3047.27  2.90e-14  1.43e-14   147    61     0
3049.94  3.83e-14  1.45e-14   147    79     0
3052.61  3.28e-15  2.13e-14   147     7     0
3055.28  1.02e-14  1.27e-14   148    23     0
3057.95  6.79e-15  1.33e-14   148    15     0
3060.62  3.23e-14  1.35e-14   148    71     0
3063.29  2.23e-14  1.35e-14   149    48     0
3065.96  1.10e-14  1.79e-14   149    24     0
3068.63  3.45e-14  1.35e-14   149    75     0
3071.30 -3.25e-15  1.85e-14   150    -6     0
3073.96  1.59e-14  1.51e-14   150    32     0
3076.63  2.00e-14  1.47e-14   150    42     0
3079.30  4.21e-14  2.02e-14   151    88     0
3081.97  4.36e-14  1.68e-14   151    78     0
3084.64  3.93e-14  1.64e-14   151    69     0
3087.31  3.59e-14  2.49e-14   152    61     0
3089.98  3.85e-14  1.85e-14   152    64     0
3092.65  2.66e-14  1.74e-14   152    46     0
3095.32  4.47e-14  1.82e-14   153    72     0
3097.99  4.81e-14  2.23e-14   153    76     0
3100.66  3.78e-14  1.91e-14   154    60     0
3103.33  1.44e-14  2.40e-14   154    22     0
3106.00  1.86e-14  1.69e-14   154    31     0
3108.67  3.25e-14  1.95e-14   155    53     0
3111.33  4.85e-14  1.86e-14   155    74     0
3114.00 -6.09e-15  2.32e-14   156    -9     0
3116.67  7.22e-14  2.27e-14   156    91     0
3119.34  1.01e-14  2.21e-14   157    12     0
3122.01  2.28e-14  2.16e-14   157    28     0
3124.68  5.49e-14  2.26e-14   157    68     0
3127.35  3.14e-14  2.37e-14   158    38     0
3130.02  3.62e-14  2.18e-14   158    48     0
3132.69  3.10e-14  2.07e-14   159    41     0
3135.36  4.50e-14  2.14e-14   159    58     0
3138.03  3.45e-14  2.16e-14   160    43     0
3140.70  3.70e-14  2.43e-14   160    41     0
3143.37 -1.11e-14  2.43e-14   160   -12     0
3146.04  3.63e-14  2.56e-14   161    38     0
3148.70  8.01e-14  3.35e-14   161    82     0
3151.37  1.19e-13  2.84e-14   162   117     0
3154.04 -1.92e-14  2.94e-14   162   -18     0
3156.71 -2.77e-17  2.21e-14   163     0     0
3159.38  1.63e-14  2.73e-14   163    19     0
3162.05  2.31e-14  3.32e-14   164    25     0
3164.72  1.81e-14  2.46e-14   164    19     0
3167.39  4.52e-14  2.64e-14   164    45     0
3170.06  1.88e-14  3.68e-14   165    16     0
3172.73  4.44e-14  3.20e-14   165    37     0
3175.40  4.14e-14  2.85e-14   166    38     0
3178.07  5.28e-14  3.57e-14   166    47     0
3180.74  9.95e-14  3.31e-14   167    80     0
3183.41  4.80e-15  5.82e-14   167     3     0
3186.07  2.37e-14  2.89e-14   168    22     0
3188.74  2.22e-14  2.77e-14   168    20     0
3191.41  1.23e-14  3.66e-14   168     9     0
3194.08 -8.89e-15  3.46e-14   169    -6     0
3196.75  3.92e-14  4.31e-14   169    26     0
3199.42  1.07e-13  4.18e-14   170    69     0
3202.09  4.25e-14  3.32e-14   170    32     0
3204.76  2.76e-14  3.40e-14   171    20     0
3207.43  7.39e-14  4.47e-14   171    42     0
3210.10  2.37e-14  4.57e-14   171    13     0
3212.77  2.63e-14  4.70e-14   172    14     0
3215.44  6.17e-14  4.73e-14   172    33     0
3218.11  2.07e-14  4.78e-14   173    10     0
3220.78  8.64e-14  4.33e-14   173    57     0
3223.44  3.52e-14  5.93e-14   173    22     0
3226.11  2.89e-14  5.41e-14   174    13     0
3228.78  4.70e-14  5.55e-14   174    21     0
3231.45  1.38e-13  5.27e-14   174    66     0
3234.12 -9.54e-15  5.18e-14   175    -4     0
3236.79  2.96e-14  6.79e-14   175    13     0
3239.46 -5.53e-14  5.65e-14   175   -24     0
3242.13  9.54e-14  6.36e-14   176    38     0
3244.80 -1.28e-13  6.30e-14   176   -49     0
3247.47  6.36e-14  7.78e-14   176    20     0
3250.14 -1.90e-14  6.61e-14   177    -7     0
3252.81  9.61e-14  7.03e-14   177    34     0
3255.48  6.53e-14  7.47e-14   177    23     0
3258.15  7.22e-15  7.03e-14   177     2     0
3260.81  1.09e-13  8.56e-14   178    32     0
3263.48  8.29e-14  1.12e-13   178    23     0
3266.15 -4.67e-14  1.15e-13   178    -9     0
3268.82  7.02e-14  1.28e-13   178    14     0
3271.49  6.02e-14  9.16e-14   179    20     0
3274.16  1.07e-13  7.23e-14   179    36     0
3276.83 -3.24e-14  1.35e-13   179    -5     0
3279.50 -1.04e-13  1.37e-13   179   -18     0
3282.17  2.26e-14  1.20e-13   179     4     0
3284.84 -1.09e-13  1.24e-13   179   -21     0
3287.51 -1.09e-13  9.83e-14   179   -26     0
3290.18  1.27e-13  1.03e-13   179    29     0
3292.85  1.20e-13  1.06e-13   180    27     0
3295.52 -2.32e-13  1.55e-13   180   -35     0
3298.18  4.35e-15  1.61e-13   180     0     0
3300.85  1.64e-13  2.07e-13   180    21     0
3303.52  5.34e-14  2.01e-13   180     6 -4096
3306.19 -5.10e-13  1.81e-12   180    -7 -4096
3308.86 -1.43e-12  2.56e-12   180   -20 -4096
3311.53 -6.56e-14  4.36e-13   179    -4 -4096
3314.20 -2.26e-13  3.89e-13   179   -14     0
3316.87  2.88e-14  2.06e-13   179     3     0
3319.54 -2.60e-13  2.12e-13   179   -28     0
3322.21 -5.59e-13  2.74e-13   179   -47     0
3324.88  1.68e-13  2.87e-13   179    13     0
3327.55  2.98e-13  1.99e-13   179    37     0
3330.22  1.15e-13  3.73e-13   178     7     0
3332.89 -9.78e-13  3.87e-13   178   -59     0
3335.55  1.28e-13  4.07e-13   178     7     0
3338.22  3.68e-13  4.23e-13   178    20     0
3340.89 -7.76e-13  8.04e-13   177   -22     0
3343.56 -5.59e-13  8.31e-13   177   -15     0
3346.23 -4.31e-14  3.16e-13   177    -3     0
3348.90 -1.19e-13  3.31e-13   176    -8     0
