NOT ORIGINAL IUE PROJECT DATA PRODUCT
LWR05532LOWLARGE
HD  197481
20:42:04
-31:31:17
48
X-TRAIL
NO
1167.531
08/09/79
04:29:47
251
12.51
25/06/97
GSFC
2444124.68735
0
29
1851.43  1.52e-13  1.53e-13   135    14     0
1854.10 -4.70e-14  1.43e-13   135    -4     0
1856.77 -5.23e-14  1.49e-13   134    -5     0
1859.44 -4.03e-14  1.41e-13   134    -4     0
1862.11  8.27e-14  1.34e-13   134     8     0
1864.78  8.61e-14  1.25e-13   134     9     0
1867.45  9.75e-14  1.22e-13   133    11     0
1870.12  8.19e-14  1.06e-13   133    11     0
1872.79  7.21e-14  9.79e-14   133    10     0
1875.46 -1.30e-13  8.08e-14   133   -23     0
1878.13 -2.09e-14  7.49e-14   132    -4     0
1880.79  1.18e-13  8.68e-14   132    20     0
1883.46 -7.64e-16  8.00e-14   132     0     0
1886.13  1.17e-14  7.67e-14   132     2     0
1888.80 -1.38e-14  7.32e-14   131    -2     0
1891.47 -1.96e-14  6.33e-14   131    -4     0
1894.14 -2.51e-14  6.12e-14   131    -6     0
1896.81 -1.47e-14  6.16e-14   131    -3     0
1899.48 -4.80e-15  5.99e-14   131    -1     0
1902.15 -1.00e-14  6.17e-14   131    -2     0
1904.82  4.38e-14  6.10e-14   130    10     0
1907.49 -1.86e-14  5.47e-14   130    -5     0
1910.16 -4.69e-15  5.78e-14   130    -1     0
1912.83  5.40e-14  5.72e-14   130    14     0
1915.50 -1.83e-14  4.91e-14   130    -5     0
1918.16  1.31e-14  4.79e-14   130     4     0
1920.83  5.88e-14  4.59e-14   130    20     0
1923.50  4.85e-14  4.45e-14   130    17     0
1926.17 -3.43e-15  4.98e-14   129    -1     0
1928.84 -1.00e-14  4.84e-14   129    -3     0
1931.51  1.78e-15  4.32e-14   129     0     0
1934.18  2.09e-14  4.22e-14   129     7     0
1936.85  2.32e-15  3.93e-14   129     0     0
1939.52  2.76e-16  3.82e-14   129     0     0
1942.19 -6.98e-15  3.73e-14   129    -2     0
1944.86  9.32e-15  3.65e-14   129     4     0
1947.53  3.61e-14  3.58e-14   129    16     0
1950.20 -1.13e-15  3.53e-14   129     0     0
1952.87 -1.28e-14  3.46e-14   129    -6     0
1955.53 -2.80e-15  3.37e-14   129    -1     0
1958.20 -2.21e-14  3.30e-14   129   -11     0
1960.87  1.56e-14  3.18e-14   129     8     0
1963.54  1.29e-14  3.13e-14   129     6     0
1966.21  6.88e-15  3.17e-14   129     3     0
1968.88 -4.26e-15  3.11e-14   129    -2     0
1971.55 -1.85e-15  3.18e-14   129     0     0
1974.22  9.69e-15  3.13e-14   129     5     0
1976.89  5.50e-14  2.99e-14   129    32     0
1979.56  6.15e-15  2.84e-14   129     3     0
1982.23  1.06e-15  2.78e-14   129     0     0
1984.90  2.49e-14  2.78e-14   129    15     0
1987.57 -8.42e-15  2.86e-14   129    -5     0
1990.24  2.00e-14  2.83e-14   129    12     0
1992.90  1.12e-14  2.80e-14   129     7     0
1995.57  6.84e-16  2.77e-14   130     0     0
1998.24  1.24e-14  2.78e-14   130     7     0
2000.91 -1.08e-14  2.67e-14   130    -7     0
2003.58 -9.68e-15  2.66e-14   130    -6     0
2006.25  3.33e-14  2.76e-14   130    22     0
2008.92  5.40e-14  2.79e-14   130    36     0
2011.59  1.84e-14  2.50e-14   130    13     0
2014.26  3.71e-14  2.52e-14   130    27     0
2016.93  2.19e-14  2.60e-14   130    15     0
2019.60 -7.67e-15  2.53e-14   131    -5     0
2022.27 -1.07e-14  2.61e-14   131    -7     0
2024.94  3.21e-14  2.63e-14   131    23     0
2027.61  5.46e-15  2.48e-14   131     4     0
2030.27  7.76e-15  2.38e-14   131     6     0
2032.94  8.28e-15  2.39e-14   131     6     0
2035.61  8.51e-15  2.52e-14   131     6     0
2038.28  1.05e-14  2.53e-14   132     8     0
2040.95 -1.79e-15  2.39e-14   132    -1     0
2043.62  2.35e-14  2.45e-14   132    18     0
2046.29 -7.84e-16  2.50e-14   132     0     0
2048.96  1.15e-14  2.84e-14   132     9 -4096
2051.63  3.28e-14  2.77e-14   132    27 -4096
2054.30  1.97e-14  2.67e-14   133    16 -4096
2056.97  2.26e-14  2.52e-14   133    18     0
2059.64 -7.26e-15  2.42e-14   133    -6     0
2062.31  9.85e-15  2.57e-14   133     7     0
2064.98  2.53e-15  2.54e-14   133     2     0
2067.64  1.08e-14  2.31e-14   134     9     0
2070.31  7.32e-18  2.38e-14   134     0     0
2072.98  1.75e-14  2.40e-14   134    15     0
2075.65  2.27e-14  2.51e-14   134    19     0
2078.32  1.11e-14  2.50e-14   135     9     0
2080.99  1.33e-15  2.58e-14   135     1     0
2083.66  3.49e-14  2.65e-14   135    28     0
2086.33 -4.27e-17  2.31e-14   135     0     0
2089.00  4.89e-15  2.34e-14   135     4     0
2091.67 -1.55e-14  2.67e-14   136   -12     0
2094.34  1.55e-14  2.73e-14   136    12     0
2097.01 -1.64e-14  2.48e-14   136   -14     0
2099.68 -1.15e-14  2.50e-14   136   -10     0
2102.35 -1.29e-14  2.60e-14   137   -10     0
2105.01 -1.48e-15  2.64e-14   137    -1     0
2107.68  1.58e-14  2.65e-14   137    13     0
2110.35  2.18e-14  2.65e-14   137    18     0
2113.02 -5.97e-15  2.61e-14   138    -5     0
2115.69 -1.51e-14  2.85e-14   138   -11     0
2118.36  1.21e-14  2.85e-14   138     9     0
2121.03  1.67e-14  2.78e-14   139    13     0
2123.70  1.98e-14  2.80e-14   139    16     0
2126.37  4.61e-15  2.68e-14   139     3     0
2129.04 -3.94e-14  2.70e-14   139   -33     0
2131.71 -1.62e-15  2.65e-14   140    -1     0
2134.38  3.20e-14  2.72e-14   140    27     0
2137.05 -2.93e-14  2.71e-14   140   -25     0
2139.72 -2.85e-14  2.72e-14   140   -24     0
2142.38  2.21e-14  3.01e-14   141    19     0
2145.05 -1.40e-14  2.90e-14   141   -11     0
2147.72  8.45e-15  2.91e-14   141     6     0
2150.39  2.12e-14  2.85e-14   142    17     0
2153.06 -2.24e-14  2.83e-14   142   -19     0
2155.73 -1.36e-14  2.95e-14   142   -11     0
2158.40  1.39e-15  2.95e-14   143     1     0
2161.07 -2.91e-14  3.01e-14   143   -23     0
2163.74 -1.53e-14  3.01e-14   143   -12     0
2166.41 -4.07e-14  2.81e-14   143   -35     0
2169.08  2.27e-15  2.82e-14   144     1     0
2171.75 -1.85e-14  3.11e-14   144   -14     0
2174.42 -4.27e-14  3.11e-14   144   -34     0
2177.09  4.21e-15  2.92e-14   145     3     0
2179.75 -2.02e-14  2.92e-14   145   -17     0
2182.42 -1.83e-14  2.77e-14   145   -16     0
2185.09 -1.89e-14  2.90e-14   145   -16     0
2187.76 -3.56e-14  2.97e-14   146   -31     0
2190.43  7.22e-15  3.29e-14   146     6     0
2193.10  5.15e-14  6.94e-14   146    46     0
2195.77 -2.39e-14  4.03e-14   147   -21     0
2198.44 -3.96e-14  2.90e-14   147   -35     0
2201.11  3.80e-15  3.02e-14   147     3     0
2203.78 -6.57e-15  3.00e-14   148    -5     0
2206.45 -1.98e-14  3.00e-14   148   -17     0
2209.12 -6.53e-15  2.98e-14   148    -5     0
2211.79  1.92e-14  2.76e-14   149    18     0
2214.46 -1.76e-14  2.78e-14   149   -16     0
2217.12 -3.35e-14  3.10e-14   149   -29     0
2219.79 -5.57e-15  3.13e-14   149    -4     0
2222.46 -1.15e-14  2.97e-14   150   -10     0
2225.13 -3.24e-15  3.23e-14   150    -2     0
2227.80  5.02e-15  3.12e-14   150     4     0
2230.47 -1.89e-14  2.90e-14   151   -17     0
2233.14 -2.80e-14  2.86e-14   151   -26     0
2235.81  1.23e-14  2.91e-14   151    11     0
2238.48 -3.49e-14  2.85e-14   152   -33     0
2241.15 -5.25e-14  2.95e-14   152   -49     0
2243.82 -3.20e-14  2.92e-14   152   -30     0
2246.49 -1.66e-14  2.57e-14   152   -18     0
2249.16 -2.23e-15  2.55e-14   153    -2     0
2251.83  4.78e-15  2.63e-14   153     5     0
2254.49  1.35e-14  2.63e-14   153    14     0
2257.16 -1.00e-14  2.80e-14   154   -10     0
2259.83 -3.43e-14  2.79e-14   154   -35     0
2262.50 -1.95e-14  2.73e-14   154   -20     0
2265.17  1.96e-14  2.60e-14   154    21     0
2267.84 -3.86e-15  2.57e-14   155    -4     0
2270.51  1.29e-14  2.43e-14   155    15     0
2273.18 -3.48e-14  2.38e-14   155   -42     0
2275.85 -1.88e-14  2.46e-14   156   -22     0
2278.52 -8.96e-15  2.44e-14   156   -10     0
2281.19 -7.59e-15  2.69e-14   156    -8     0
2283.86  2.24e-14  2.68e-14   156    24     0
2286.53  2.88e-14  2.19e-14   157    39     0
2289.20  5.31e-15  2.15e-14   157     7     0
2291.86 -2.60e-14  2.28e-14   157   -34     0
2294.53  4.69e-15  2.28e-14   157     6     0
2297.20  3.66e-14  3.05e-14   158    45     0
2299.87  2.28e-14  2.47e-14   158    28     0
2302.54  1.08e-14  2.33e-14   158    14     0
2305.21  5.21e-14  2.54e-14   158    65     0
2307.88 -1.46e-14  2.40e-14   159   -18     0
2310.55  2.58e-15  2.32e-14   159     3     0
2313.22  2.70e-14  2.32e-14   159    36     0
2315.89 -1.23e-15  2.37e-14   159    -1     0
2318.56  1.45e-15  2.34e-14   160     1     0
2321.23 -7.99e-15  2.17e-14   160   -11     0
2323.90  1.09e-14  2.16e-14   160    15     0
2326.57  2.27e-14  1.89e-14   160    37     0
2329.23  1.33e-14  1.86e-14   161    22     0
2331.90  1.32e-14  1.98e-14   161    20     0
2334.57  2.18e-15  1.95e-14   161     3     0
2337.24  4.68e-14  2.23e-14   161    80     0
2339.91  1.26e-14  1.83e-14   162    21     0
2342.58  8.73e-15  1.83e-14   162    15     0
2345.25  7.21e-15  1.85e-14   162    12     0
2347.92  6.17e-15  1.83e-14   162    10     0
2350.59  4.23e-14  1.91e-14   162    72     0
2353.26  2.51e-15  1.84e-14   163     4     0
2355.93  2.09e-14  1.89e-14   163    35     0
2358.60  3.29e-14  1.89e-14   163    57     0
2361.27  1.31e-14  1.75e-14   163    24     0
2363.94  2.82e-15  1.72e-14   163     5     0
2366.60  1.09e-14  1.87e-14   164    19     0
2369.27  2.03e-14  1.86e-14   164    35     0
2371.94  1.62e-14  1.84e-14   164    29     0
2374.61  5.15e-14  3.41e-14   164    93     0
2377.28  5.16e-14  1.79e-14   164   101     0
2379.95  2.71e-14  1.70e-14   164    53     0
2382.62  3.50e-14  1.82e-14   165    65     0
2385.29  2.66e-14  1.85e-14   165    48     0
2387.96  2.99e-14  2.04e-14   165    54     0
2390.63  1.47e-14  1.78e-14   165    27     0
2393.30  1.88e-14  1.84e-14   165    35     0
2395.97  5.49e-14  1.77e-14   165   111     0
2398.64  4.30e-14  1.96e-14   166    87     0
2401.31  1.11e-14  1.70e-14   166    21     0
2403.97  1.69e-14  1.70e-14   166    33     0
2406.64  2.69e-14  1.65e-14   166    56     0
2409.31  4.68e-14  2.80e-14   166    98     0
2411.98  1.90e-14  1.75e-14   166    38     0
2414.65  1.48e-14  1.65e-14   166    30     0
2417.32 -2.83e-15  1.61e-14   167    -5     0
2419.99  1.94e-14  1.83e-14   167    41     0
2422.66  4.26e-14  1.73e-14   167    90     0
2425.33 -6.93e-16  1.53e-14   167    -1     0
2428.00  3.20e-14  1.86e-14   167    72     0
2430.67  1.80e-14  1.59e-14   167    39     0
2433.34 -3.09e-15  1.55e-14   167    -6     0
2436.01  2.22e-14  1.55e-14   167    49     0
2438.68 -9.71e-15  1.51e-14   167   -22     0
2441.34  8.76e-16  1.54e-14   167     2     0
2444.01  5.08e-14  3.97e-14   168   118     0
2446.68  2.41e-14  1.51e-14   168    58     0
2449.35  2.39e-14  1.44e-14   168    58     0
2452.02  3.38e-14  1.79e-14   168    86     0
2454.69  8.40e-15  1.35e-14   168    21     0
2457.36  7.98e-15  1.42e-14   168    19     0
2460.03  3.20e-14  1.41e-14   168    81     0
2462.70  1.39e-14  1.76e-14   168    35     0
2465.37 -8.75e-15  1.31e-14   168   -23     0
2468.04  3.04e-14  1.49e-14   168    82     0
2470.71  1.63e-14  1.40e-14   168    41     0
2473.38  2.44e-14  1.40e-14   168    62     0
2476.05  4.59e-14  2.59e-14   168   118     0
2478.71  4.30e-14  2.35e-14   168   111     0
2481.38  2.18e-14  1.37e-14   168    57     0
2484.05  2.02e-14  1.37e-14   168    53     0
2486.72  1.03e-14  1.29e-14   168    28     0
2489.39 -3.60e-15  1.28e-14   168   -10     0
2492.06  2.84e-14  1.46e-14   168    70     0
2494.73  3.76e-14  1.47e-14   168    93     0
2497.40  5.19e-15  1.36e-14   168    13     0
2500.07  1.28e-14  1.23e-14   168    37     0
2502.74  2.41e-14  1.24e-14   168    71     0
2505.41  4.05e-14  1.82e-14   168   112     0
2508.08  1.53e-14  1.30e-14   168    42     0
2510.75  2.89e-14  1.24e-14   168    86     0
2513.42  1.40e-14  1.21e-14   168    42     0
2516.08  2.50e-14  1.37e-14   168    67     0
2518.75  5.14e-15  1.32e-14   168    14     0
2521.42  2.71e-14  1.31e-14   168    76     0
2524.09  1.10e-14  1.28e-14   168    31     0
2526.76  3.08e-14  1.25e-14   168    91     0
2529.43  2.75e-14  1.25e-14   168    81     0
2532.10  2.54e-14  1.24e-14   168    76     0
2534.77  2.26e-14  1.24e-14   168    67     0
2537.44  1.09e-14  1.13e-14   168    35     0
2540.11  1.44e-14  1.15e-14   168    46     0
2542.78  1.13e-14  1.13e-14   168    36     0
2545.45  1.70e-14  1.12e-14   168    56     0
2548.12  4.42e-14  2.72e-14   168   149     0
2550.79  1.92e-14  1.17e-14   168    60     0
2553.45  1.70e-14  1.23e-14   168    55     0
2556.12  4.32e-14  1.67e-14   168   140     0
2558.79  4.35e-15  1.12e-14   168    14     0
2561.46  2.17e-14  1.15e-14   167    70     0
2564.13  3.89e-14  1.71e-14   167   126     0
2566.80  1.68e-14  1.04e-14   167    60     0
2569.47  8.14e-15  1.03e-14   167    29     0
2572.14  6.98e-15  1.15e-14   167    23     0
2574.81  8.08e-15  1.17e-14   167    27     0
2577.48  6.38e-15  1.23e-14   167    20 -4096
2580.15  9.12e-15  1.16e-14   167    32 -4096
2582.82  1.05e-14  1.08e-14   167    36     0
2585.49  2.04e-14  1.43e-14   167    68     0
2588.16  4.39e-14  1.25e-14   166   148     0
2590.82  9.42e-15  1.07e-14   166    32     0
2593.49  1.31e-14  1.08e-14   166    45     0
2596.16  1.13e-14  1.05e-14   166    40     0
2598.83  4.56e-14  1.08e-14   166   164     0
2601.50  4.41e-14  1.06e-14   166   161     0
2604.17  1.32e-14  1.01e-14   166    49     0
2606.84  1.54e-14  9.70e-15   166    60     0
2609.51  2.26e-14  9.60e-15   165    89     0
2612.18  3.10e-14  1.05e-14   165   120     0
2614.85  3.58e-14  1.14e-14   165   140     0
2617.52  2.52e-14  1.00e-14   165    95     0
2620.19  2.48e-14  9.70e-15   165    97     0
2622.86  2.20e-14  9.61e-15   165    86     0
2625.53  4.13e-14  1.18e-14   164   158     0
2628.19  4.44e-14  1.21e-14   164   171     0
2630.86  4.03e-14  1.30e-14   164   158     0
2633.53  4.86e-14  1.82e-14   164   191     0
2636.20  3.96e-15  9.44e-15   164    15     0
2638.87  6.07e-15  9.44e-15   164    23     0
2641.54 -2.71e-15  9.40e-15   163   -10     0
2644.21  5.64e-15  9.45e-15   163    22     0
2646.88  1.54e-14  1.01e-14   163    57     0
2649.55  6.76e-16  9.96e-15   163     2     0
2652.22  1.29e-14  9.32e-15   163    51     0
2654.89 -3.44e-15  9.19e-15   162   -13     0
2657.56  4.66e-15  9.12e-15   162    18     0
2660.23 -8.93e-16  8.73e-15   162    -3     0
2662.90  1.97e-15  8.72e-15   162     8     0
2665.56  1.20e-14  8.83e-15   162    50     0
2668.23  2.22e-15  8.67e-15   161     9     0
2670.90  1.97e-14  9.04e-15   161    82     0
2673.57  2.44e-14  9.07e-15   161   102     0
2676.24  1.07e-14  8.71e-15   161    45     0
2678.91 -2.57e-16  8.51e-15   161    -1     0
2681.58  1.47e-14  8.71e-15   160    63     0
2684.25  9.80e-15  8.55e-15   160    42     0
2686.92  1.15e-15  8.30e-15   160     5     0
2689.59  1.35e-14  8.36e-15   160    60     0
2692.26  2.78e-15  8.65e-15   160    11     0
2694.93  7.50e-15  8.72e-15   159    31     0
2697.60  2.07e-14  9.70e-15   159    80     0
2700.27  1.79e-14  8.39e-15   159    80     0
2702.93  1.81e-15  8.22e-15   159     8     0
2705.60  5.37e-15  8.77e-15   158    22     0
2708.27  2.07e-14  1.04e-14   158    87     0
2710.94  1.30e-15  8.41e-15   158     5     0
2713.61  1.82e-14  8.59e-15   158    79     0
2716.28  1.70e-14  8.68e-15   157    73     0
2718.95  3.03e-14  1.08e-14   157   131     0
2721.62  1.55e-14  9.02e-15   157    64     0
2724.29  2.21e-14  9.80e-15   157    91     0
2726.96  2.76e-14  9.71e-15   157   127     0
2729.63  2.27e-14  8.09e-15   156   105     0
2732.30  1.43e-14  8.67e-15   156    61     0
2734.97  3.71e-14  1.32e-14   156   159     0
2737.64  1.56e-14  8.49e-15   156    67     0
2740.30  2.55e-14  9.69e-15   155   109     0
2742.97  3.27e-14  1.62e-14   155   139     0
2745.64  2.42e-14  8.98e-15   155   107     0
2748.31  1.89e-14  8.41e-15   155    83     0
2750.98  1.83e-14  8.32e-15   154    81     0
2753.65  3.49e-14  1.04e-14   154   155     0
2756.32  1.98e-14  8.05e-15   154    91     0
2758.99  2.04e-14  8.04e-15   154    94     0
2761.66  1.56e-14  8.61e-15   153    70     0
2764.33  1.78e-14  8.40e-15   153    79     0
2767.00  7.85e-15  8.48e-15   153    33     0
2769.67  2.10e-14  1.05e-14   153    89     0
2772.34  3.83e-14  1.53e-14   152   161     0
2775.00  3.07e-14  8.73e-15   152   131     0
2777.67  1.45e-14  8.77e-15   152    62     0
2780.34  1.31e-14  9.12e-15   152    56     0
2783.01  1.14e-14  9.34e-15   151    48 -4096
2785.68  1.90e-14  9.98e-15   151    83     0
2788.35  1.54e-14  8.26e-15   151    67     0
2791.02  4.85e-14  1.35e-14   151   228     0
2793.69  1.60e-13  3.91e-14   150   750     0
2796.36  1.92e-13  5.27e-14   150   833     0
2799.03  1.70e-13  4.08e-14   150   735     0
2801.70  1.43e-13  3.82e-14   150   641     0
2804.37  1.24e-13  3.21e-14   149   552     0
2807.04  4.64e-14  1.31e-14   149   192     0
2809.71  1.78e-14  8.72e-15   149    73     0
2812.37  2.67e-14  8.42e-15   149   116     0
2815.04  1.45e-14  8.10e-15   148    64     0
2817.71  2.28e-14  8.22e-15   148   100     0
2820.38  1.73e-14  8.15e-15   148    76     0
2823.05  1.60e-14  8.14e-15   148    70     0
2825.72  1.10e-14  8.77e-15   147    44     0
2828.39  7.49e-15  8.72e-15   147    30     0
2831.06  4.73e-15  8.68e-15   147    19     0
2833.73  3.09e-14  9.00e-15   147   124     0
2836.40  2.56e-14  8.91e-15   146   103     0
2839.07  9.75e-15  8.74e-15   146    39     0
2841.74  1.66e-14  7.43e-15   146    79     0
2844.41  4.59e-15  7.28e-15   146    21     0
2847.08  2.37e-14  8.18e-15   145   103     0
2849.75  1.81e-14  1.32e-14   145    78     0
2852.41  1.24e-14  8.87e-15   145    55     0
2855.08  1.24e-14  8.91e-15   145    54     0
2857.75  2.90e-14  8.26e-15   144   126     0
2860.42 -3.33e-15  8.41e-15   144   -14     0
2863.09  1.26e-14  8.09e-15   144    54     0
2865.76  2.06e-14  9.63e-15   144    92     0
2868.43  1.75e-14  7.76e-15   144    78     0
2871.10  9.04e-15  9.76e-15   143    38     0
2873.77  2.27e-14  9.40e-15   143    95     0
2876.44  3.04e-14  8.59e-15   143   124     0
2879.11  1.89e-14  8.44e-15   143    77     0
2881.78  2.79e-14  8.22e-15   143   119     0
2884.45  1.64e-14  8.05e-15   142    70     0
2887.11  9.84e-15  8.07e-15   142    41     0
2889.78  1.49e-14  8.20e-15   142    62     0
2892.45  1.41e-14  8.90e-15   142    57     0
2895.12  1.16e-14  8.40e-15   141    47     0
2897.79  1.23e-14  8.35e-15   141    49     0
2900.46  2.11e-14  8.32e-15   141    87     0
2903.13  1.87e-14  8.31e-15   141    76     0
2905.80  1.44e-14  1.04e-14   141    52     0
2908.47  2.03e-14  9.33e-15   141    73     0
2911.14  3.16e-14  8.90e-15   140   122     0
2913.81  1.78e-14  8.76e-15   140    68     0
2916.48  1.68e-14  8.30e-15   140    67     0
2919.15  1.03e-14  8.30e-15   140    41     0
2921.82  7.84e-15  9.17e-15   140    28     0
2924.48  9.06e-15  1.09e-14   140    32     0
2927.15  2.84e-14  1.25e-14   139   104     0
2929.82  4.66e-14  1.40e-14   139   169     0
2932.49  2.02e-14  8.67e-15   139    77     0
2935.16  1.05e-14  9.54e-15   139    36     0
2937.83  2.13e-14  1.03e-14   139    72     0
2940.50  1.99e-14  8.82e-15   139    74     0
2943.17  1.67e-14  8.78e-15   138    62     0
2945.84  2.82e-14  9.38e-15   138   100     0
2948.51  1.80e-14  1.00e-14   138    63     0
2951.18  3.73e-14  1.22e-14   138   131     0
2953.85  3.45e-14  9.57e-15   138   120     0
2956.52  2.27e-14  9.02e-15   138    82     0
2959.19  5.15e-15  8.81e-15   138    18     0
2961.85  7.09e-15  9.34e-15   138    24     0
2964.52  3.37e-14  9.80e-15   137   112     0
2967.19  2.10e-14  9.57e-15   137    70     0
2969.86  3.39e-14  9.88e-15   137   112     0
2972.53  1.60e-14  1.43e-14   137    52     0
2975.20  1.14e-14  1.02e-14   137    35     0
2977.87  2.62e-14  1.04e-14   137    81     0
2980.54  3.49e-14  9.76e-15   137   116     0
2983.21  3.84e-14  1.01e-14   137   127     0
2985.88  3.55e-14  9.83e-15   137   117     0
2988.55  1.34e-14  9.53e-15   137    43     0
2991.22  1.82e-14  1.03e-14   137    55     0
2993.89  1.31e-14  1.04e-14   137    39     0
2996.56  1.70e-14  9.90e-15   136    53     0
2999.22  1.58e-14  9.95e-15   136    49     0
3001.89  3.58e-14  1.07e-14   136   106     0
3004.56  2.87e-14  1.82e-14   136    84     0
3007.23  9.29e-15  1.09e-14   136    29     0
3009.90  2.35e-14  1.01e-14   136    72     0
3012.57  2.86e-14  1.10e-14   136    81     0
3015.24  2.69e-14  1.13e-14   136    73     0
3017.91  1.85e-14  1.13e-14   136    49     0
3020.58  1.83e-14  1.09e-14   136    51     0
3023.25  1.52e-14  1.10e-14   136    41     0
3025.92 -3.30e-15  1.08e-14   136    -9     0
3028.59  1.07e-14  1.11e-14   136    29     0
3031.26  2.64e-14  1.15e-14   136    69     0
3033.93 -9.06e-15  1.13e-14   136   -23     0
3036.59  3.95e-14  1.22e-14   136    99     0
3039.26  1.38e-14  1.28e-14   136    34     0
3041.93  5.32e-14  1.25e-14   136   132     0
3044.60  2.77e-14  1.25e-14   136    68     0
3047.27  3.90e-14  1.43e-14   136    82     0
3049.94  2.06e-14  1.41e-14   136    42     0
3052.61  9.00e-15  1.76e-14   136    20     0
3055.28  2.81e-14  1.29e-14   136    64     0
3057.95  1.44e-14  1.59e-14   136    32     0
3060.62  1.55e-14  1.35e-14   136    34     0
3063.29  2.68e-14  1.34e-14   136    58     0
3065.96  1.92e-14  1.55e-14   136    43     0
3068.63  3.01e-14  1.33e-14   136    66     0
3071.30 -7.98e-15  1.80e-14   137   -16     0
3073.96  2.57e-14  1.43e-14   137    52     0
3076.63  2.01e-14  1.36e-14   137    42     0
3079.30  6.29e-14  2.75e-14   137   131     0
3081.97  3.01e-14  1.58e-14   137    54     0
3084.64  7.52e-14  1.79e-14   137   133     0
3087.31  6.45e-14  3.78e-14   137   110     0
3089.98  2.61e-14  2.04e-14   137    44     0
3092.65  2.93e-14  1.72e-14   137    50     0
3095.32  3.75e-14  1.75e-14   137    60     0
3097.99  1.64e-14  2.42e-14   137    26     0
3100.66 -1.71e-15  2.04e-14   138    -2     0
3103.33  1.75e-14  3.01e-14   138    27     0
3106.00 -6.92e-15  1.82e-14   138   -11     0
3108.67  4.71e-14  1.74e-14   138    76     0
3111.33  3.96e-14  2.09e-14   138    60     0
3114.00 -2.24e-14  2.37e-14   138   -33     0
3116.67  3.83e-14  2.19e-14   138    48     0
3119.34 -4.14e-15  2.18e-14   139    -5     0
3122.01  1.48e-14  2.12e-14   139    18     0
3124.68  1.91e-14  2.17e-14   139    23     0
3127.35  1.07e-15  2.86e-14   139     1     0
3130.02  4.28e-14  2.09e-14   139    57     0
3132.69  8.51e-15  2.01e-14   139    11     0
3135.36  1.96e-14  2.07e-14   140    25     0
3138.03  2.49e-14  2.13e-14   140    31     0
3140.70  8.76e-15  2.35e-14   140     9     0
3143.37  9.79e-15  2.41e-14   140    10     0
3146.04  3.39e-14  2.57e-14   140    35     0
3148.70  6.05e-14  3.04e-14   140    62     0
3151.37  7.45e-14  2.73e-14   141    73     0
3154.04 -1.86e-14  3.57e-14   141   -18     0
3156.71  3.12e-14  2.21e-14   141    37     0
3159.38  4.32e-14  2.53e-14   141    50     0
3162.05  1.79e-14  2.78e-14   142    19     0
3164.72  1.11e-14  2.42e-14   142    11     0
3167.39  4.18e-14  2.60e-14   142    42     0
3170.06  3.17e-14  4.44e-14   142    27     0
3172.73  4.80e-14  3.08e-14   142    40     0
3175.40  3.86e-14  3.50e-14   143    35     0
3178.07  6.49e-14  3.41e-14   143    58     0
3180.74  5.88e-14  3.20e-14   143    47     0
3183.41 -3.84e-15  6.10e-14   143    -3     0
3186.07  3.46e-14  2.68e-14   144    33     0
3188.74  1.36e-14  2.72e-14   144    12     0
3191.41  7.26e-15  3.39e-14   144     5     0
3194.08  2.11e-14  3.40e-14   144    15     0
3196.75  3.94e-14  5.67e-14   145    26     0
3199.42  5.09e-14  4.88e-14   145    32     0
3202.09  3.85e-14  3.26e-14   145    29     0
3204.76  5.08e-14  3.39e-14   145    37     0
3207.43  7.36e-14  4.40e-14   146    42     0
3210.10  6.62e-15  4.48e-14   146     3     0
3212.77  9.28e-15  4.61e-14   146     4     0
3215.44  1.60e-14  4.72e-14   147     8     0
3218.11  1.75e-15  4.70e-14   147     0     0
3220.78  9.43e-14  5.13e-14   147    62     0
3223.44  6.18e-14  5.62e-14   147    40     0
3226.11  1.07e-13  5.43e-14   148    49     0
3228.78  4.27e-14  5.45e-14   148    19     0
3231.45  1.12e-13  5.14e-14   148    54     0
3234.12  1.81e-14  5.10e-14   149     8     0
3236.79 -3.14e-14  5.37e-14   149   -14     0
3239.46 -5.63e-14  5.48e-14   149   -24     0
3242.13  7.02e-14  6.14e-14   149    27     0
3244.80 -7.97e-14  6.19e-14   150   -30     0
3247.47  1.09e-13  7.72e-14   150    34     0
3250.14  5.10e-14  6.81e-14   150    18     0
3252.81  2.56e-14  6.94e-14   151     9     0
3255.48  2.99e-14  8.48e-14   151    10     0
3258.15 -4.90e-14  6.90e-14   151   -16     0
3260.81  5.10e-14  8.19e-14   151    15     0
3263.48  1.75e-13  8.48e-14   152    50     0
3266.15  1.07e-13  1.14e-13   152    22     0
3268.82  1.75e-13  1.42e-13   152    35     0
3271.49  7.70e-14  6.89e-14   153    26     0
3274.16  2.98e-14  7.01e-14   153    10     0
3276.83  4.37e-14  1.34e-13   153     7     0
3279.50  2.23e-13  1.54e-13   153    39     0
3282.17  1.79e-13  1.41e-13   154    35     0
3284.84  1.29e-13  1.22e-13   154    25     0
3287.51  1.15e-13  9.84e-14   154    27     0
3290.18  1.87e-13  1.02e-13   155    43     0
3292.85  2.77e-13  1.12e-13   155    62     0
3295.52 -6.68e-14  1.53e-13   155   -10     0
3298.18  1.49e-13  1.60e-13   155    22     0
3300.85  3.07e-13  1.91e-13   156    41     0
3303.52  3.11e-13  1.98e-13   156    40     0
3306.19  2.49e-12  1.79e-12   156    37 -4096
3308.86 -1.24e-12  3.09e-12   157   -18 -4096
3311.53  4.41e-13  4.81e-13   157    28 -4096
3314.20 -2.44e-15  3.86e-13   157     0     0
3316.87  4.98e-13  2.10e-13   157    57     0
3319.54  9.76e-14  2.12e-13   158    10     0
3322.21  7.70e-14  2.70e-13   158     6     0
3324.88  9.32e-13  3.35e-13   158    76     0
3327.55  5.00e-13  2.18e-13   158    63     0
3330.22  7.16e-13  3.76e-13   158    45     0
3332.89 -7.02e-13  3.82e-13   159   -42     0
3335.55  3.37e-13  4.05e-13   159    19     0
3338.22  3.07e-14  4.15e-13   159     1     0
3340.89 -1.23e-13  8.73e-13   159    -3     0
3343.56 -9.17e-13  8.20e-13   160   -25     0
3346.23  1.29e-13  3.17e-13   160     9     0
3348.90 -8.59e-14  3.24e-13   160    -6     0
