NOT ORIGINAL IUE PROJECT DATA PRODUCT
LWR05518LOWLARGE
HD  197481
20:42:04
-31:31:05
48
NO-TRAIL
NO
719.541
06/09/79
18:26:00
249
13.20
24/06/97
VILSPA
2444123.26806
0
28
1851.43  8.46e-15  1.03e-13    63     0     0
1854.10  1.39e-13  1.06e-13    63     8     0
1856.77  7.67e-14  1.06e-13    63     4     0
1859.44  7.70e-14  1.01e-13    63     4     0
1862.11  2.97e-14  9.20e-14    63     1     0
1864.78  5.37e-14  8.83e-14    62     3     0
1867.45  1.75e-13  9.25e-14    62    12     0
1870.12 -2.14e-14  7.18e-14    62    -1     0
1872.79  9.51e-15  6.71e-14    62     0     0
1875.46  3.07e-14  5.73e-14    62     3     0
1878.13  4.78e-15  5.18e-14    62     0     0
1880.79 -6.24e-14  5.84e-14    62    -6     0
1883.46 -7.71e-14  5.53e-14    61    -8     0
1886.13  1.39e-15  5.30e-14    61     0     0
1888.80 -5.31e-14  5.06e-14    61    -6     0
1891.47 -2.42e-14  4.37e-14    61    -3     0
1894.14 -4.76e-14  4.22e-14    61    -6     0
1896.81  2.59e-15  4.25e-14    61     0     0
1899.48  2.37e-14  4.26e-14    61     3     0
1902.15  2.98e-14  4.42e-14    61     4     0
1904.82 -4.88e-15  4.14e-14    61     0     0
1907.49  7.40e-15  3.77e-14    61     1     0
1910.16  2.94e-14  4.13e-14    61     4     0
1912.83 -1.03e-14  3.85e-14    61    -1     0
1915.50 -6.10e-15  3.35e-14    61    -1     0
1918.16  2.31e-14  3.38e-14    61     4     0
1920.83  2.25e-16  3.05e-14    61     0     0
1923.50 -1.14e-14  2.96e-14    61    -2     0
1926.17 -1.00e-14  3.36e-14    61    -1     0
1928.84 -3.76e-14  3.26e-14    61    -7     0
1931.51 -1.15e-14  2.90e-14    61    -2     0
1934.18  3.64e-14  3.01e-14    61     8     0
1936.85 -7.21e-15  2.63e-14    61    -1     0
1939.52 -9.18e-15  2.55e-14    61    -2     0
1942.19  3.54e-15  2.51e-14    61     0     0
1944.86  1.41e-14  2.50e-14    61     3     0
1947.53  5.89e-15  2.37e-14    61     1     0
1950.20  8.90e-15  2.39e-14    61     2     0
1952.87 -1.62e-14  2.30e-14    62    -4     0
1955.53 -5.85e-15  2.24e-14    62    -1     0
1958.20  4.94e-15  2.22e-14    62     1     0
1960.87  1.85e-15  2.12e-14    62     0     0
1963.54  6.88e-15  2.10e-14    62     2     0
1966.21  1.62e-14  2.20e-14    62     5     0
1968.88  4.87e-15  2.10e-14    62     1     0
1971.55  5.62e-15  2.16e-14    62     1     0
1974.22 -5.68e-15  2.09e-14    62    -1     0
1976.89  1.70e-14  2.03e-14    63     6     0
1979.56 -2.61e-14  1.91e-14    63    -9     0
1982.23  1.06e-14  1.92e-14    63     4     0
1984.90  1.17e-14  1.90e-14    63     4     0
1987.57 -7.65e-15  1.93e-14    63    -2     0
1990.24  1.36e-14  1.97e-14    63     5     0
1992.90  2.02e-14  2.00e-14    64     7     0
1995.57  9.33e-15  1.93e-14    64     3     0
1998.24  4.75e-15  1.90e-14    64     1     0
2000.91 -1.13e-14  1.82e-14    64    -4     0
2003.58 -6.17e-15  1.82e-14    64    -2     0
2006.25  4.30e-15  1.87e-14    65     1     0
2008.92  9.67e-16  1.85e-14    65     0     0
2011.59  7.18e-16  1.70e-14    65     0     0
2014.26  2.02e-14  1.81e-14    65     9     0
2016.93 -4.42e-15  1.76e-14    65    -1     0
2019.60 -7.48e-15  1.74e-14    66    -3     0
2022.27  8.10e-15  1.85e-14    66     3     0
2024.94  4.55e-15  1.80e-14    66     2     0
2027.61 -4.56e-15  1.71e-14    66    -2     0
2030.27  1.16e-14  1.70e-14    67     5     0
2032.94  1.68e-14  1.73e-14    67     8     0
2035.61  2.18e-14  1.83e-14    67    10     0
2038.28 -4.87e-15  1.74e-14    67    -2     0
2040.95 -3.22e-15  1.65e-14    68    -1     0
2043.62  1.46e-14  1.75e-14    68     7     0
2046.29 -1.16e-14  1.73e-14    68    -5     0
2048.96 -1.95e-15  1.73e-14    68     0     0
2051.63  2.07e-14  1.73e-14    69    10     0
2054.30  2.30e-15  1.62e-14    69     1     0
2056.97  8.10e-15  1.72e-14    69     4     0
2059.64 -1.08e-14  1.67e-14    69    -5     0
2062.31  5.77e-15  1.79e-14    70     2     0
2064.98 -5.69e-15  1.75e-14    70    -2     0
2067.64  1.82e-15  1.59e-14    70     0     0
2070.31  2.73e-15  1.65e-14    71     1     0
2072.98 -1.82e-15  1.64e-14    71     0     0
2075.65  1.06e-14  1.76e-14    71     5     0
2078.32  2.28e-14  1.80e-14    71    11     0
2080.99 -1.03e-14  1.77e-14    72    -5     0
2083.66  9.68e-15  1.82e-14    72     4     0
2086.33 -5.15e-15  1.59e-14    72    -2     0
2089.00 -3.05e-15  1.60e-14    73    -1     0
2091.67 -6.93e-16  1.83e-14    73     0     0
2094.34  7.03e-15  1.88e-14    73     3     0
2097.01 -7.44e-15  1.70e-14    74    -4     0
2099.68 -8.79e-15  1.72e-14    74    -4     0
2102.35 -1.92e-15  1.79e-14    74    -1     0
2105.01 -4.33e-15  1.81e-14    74    -2     0
2107.68 -1.11e-15  1.81e-14    75     0     0
2110.35  2.25e-14  1.92e-14    75    11     0
2113.02 -2.39e-16  1.79e-14    75     0     0
2115.69  2.34e-14  2.04e-14    76    11     0
2118.36  3.38e-14  2.10e-14    76    16     0
2121.03  5.62e-15  1.91e-14    76     2     0
2123.70  1.19e-14  1.96e-14    77     6     0
2126.37  3.45e-15  1.86e-14    77     1     0
2129.04  3.70e-15  1.87e-14    77     1     0
2131.71  5.62e-15  1.84e-14    78     3     0
2134.38  3.90e-15  1.85e-14    78     2     0
2137.05  2.78e-15  1.87e-14    78     1     0
2139.72 -4.75e-15  1.87e-14    79    -2     0
2142.38 -2.91e-16  1.83e-14    79     0     0
2145.05 -6.98e-15  1.99e-14    79    -3     0
2147.72 -2.52e-14  1.99e-14    80   -12     0
2150.39 -1.45e-14  1.94e-14    80    -7     0
2153.06 -1.64e-14  1.94e-14    80    -8     0
2155.73 -6.30e-15  2.02e-14    80    -3     0
2158.40 -5.52e-15  2.02e-14    81    -2     0
2161.07 -1.43e-15  2.07e-14    81     0     0
2163.74 -8.85e-15  2.07e-14    81    -4     0
2166.41 -5.87e-15  1.93e-14    82    -3     0
2169.08  2.57e-14  2.07e-14    82    14     0
2171.75 -1.40e-14  2.14e-14    82    -6     0
2174.42 -1.36e-14  2.14e-14    83    -6     0
2177.09 -6.92e-15  2.00e-14    83    -3     0
2179.75  1.91e-14  2.11e-14    83    10     0
2182.42 -6.00e-15  1.90e-14    84    -3     0
2185.09 -1.39e-14  1.99e-14    84    -7     0
2187.76 -2.52e-14  2.89e-14    84   -13     0
2190.43 -2.10e-14  2.28e-14    85   -11     0
2193.10 -1.98e-14  2.31e-14    85   -11     0
2195.77 -3.19e-14  2.02e-14    85   -17     0
2198.44 -1.46e-14  2.00e-14    86    -8     0
2201.11 -9.59e-15  2.43e-14    86    -5     0
2203.78  7.10e-18  2.07e-14    86     0     0
2206.45 -1.40e-14  2.07e-14    86    -7     0
2209.12 -9.45e-15  2.06e-14    87    -5     0
2211.79 -1.39e-14  1.90e-14    87    -8     0
2214.46 -9.01e-15  1.92e-14    87    -5     0
2217.12 -1.52e-14  2.14e-14    88    -8     0
2219.79 -1.33e-14  2.17e-14    88    -7     0
2222.46 -1.16e-14  2.05e-14    88    -6     0
2225.13 -1.55e-14  2.18e-14    89    -8     0
2227.80 -1.64e-14  2.15e-14    89    -8     0
2230.47 -2.02e-14  2.01e-14    89   -11     0
2233.14 -7.75e-15  1.98e-14    89    -4     0
2235.81 -9.27e-15  2.01e-14    90    -5     0
2238.48 -1.24e-14  1.97e-14    90    -7     0
2241.15 -1.84e-14  2.04e-14    90   -10     0
2243.82 -1.97e-14  2.02e-14    91   -11     0
2246.49 -4.26e-16  1.78e-14    91     0     0
2249.16 -9.55e-15  1.77e-14    91    -6     0
2251.83  5.37e-15  1.84e-14    91     3     0
2254.49  1.02e-14  1.84e-14    92     6     0
2257.16 -8.45e-16  1.94e-14    92     0     0
2259.83  5.25e-15  1.96e-14    92     3     0
2262.50  1.91e-14  1.97e-14    92    12     0
2265.17  5.80e-15  1.82e-14    93     4     0
2267.84 -1.04e-14  1.78e-14    93    -7     0
2270.51  1.29e-14  1.72e-14    93     9     0
2273.18  3.14e-14  1.76e-14    93    23     0
2275.85 -1.30e-14  1.71e-14    94    -9     0
2278.52 -1.49e-14  1.69e-14    94   -11     0
2281.19 -7.63e-15  1.86e-14    94    -5     0
2283.86  2.43e-14  1.94e-14    94    16     0
2286.53 -1.81e-16  1.49e-14    95     0     0
2289.20 -1.56e-14  1.56e-14    95   -13     0
2291.86 -7.24e-15  1.58e-14    95    -5     0
2294.53 -1.02e-14  1.58e-14    95    -8     0
2297.20 -3.98e-15  1.95e-14    95    -3     0
2299.87  9.20e-15  1.69e-14    96     7     0
2302.54 -9.75e-15  1.61e-14    96    -7     0
2305.21  2.37e-14  1.77e-14    96    18     0
2307.88  4.29e-14  1.84e-14    96    33     0
2310.55  7.74e-15  1.64e-14    97     6     0
2313.22  6.51e-15  1.61e-14    97     5     0
2315.89 -1.93e-14  1.64e-14    97   -15     0
2318.56 -1.08e-14  1.62e-14    97    -8     0
2321.23 -1.00e-14  1.51e-14    97    -8     0
2323.90 -1.31e-14  1.48e-14    97   -11     0
2326.57  1.56e-14  1.80e-14    98    16     0
2329.23  3.34e-14  1.42e-14    98    35     0
2331.90  6.94e-15  1.39e-14    98     6     0
2334.57  4.51e-15  1.37e-14    98     4     0
2337.24  1.36e-14  1.35e-14    98    14     0
2339.91  8.67e-15  1.29e-14    98     9     0
2342.58  4.42e-14  1.92e-14    99    47     0
2345.25  2.08e-14  1.36e-14    99    22     0
2347.92  1.18e-15  1.26e-14    99     1     0
2350.59  5.35e-14  1.47e-14    99    57     0
2353.26  1.99e-14  1.35e-14    99    21     0
2355.93  7.27e-15  1.32e-14    99     7     0
2358.60  3.16e-14  1.39e-14   100    34     0
2361.27 -2.19e-16  1.19e-14   100     0     0
2363.94  2.09e-14  1.28e-14   100    24     0
2366.60  1.53e-14  1.34e-14   100    16     0
2369.27  2.90e-14  1.37e-14   100    32     0
2371.94  1.63e-14  1.31e-14   100    18     0
2374.61  4.44e-15  1.27e-14   100     5     0
2377.28  3.24e-14  1.29e-14   100    39     0
2379.95  2.05e-14  1.21e-14   100    25     0
2382.62  1.92e-14  1.30e-14   101    22     0
2385.29  3.34e-14  1.38e-14   101    38     0
2387.96  1.31e-14  1.29e-14   101    15     0
2390.63  2.45e-14  1.31e-14   101    29     0
2393.30  6.94e-15  1.66e-14   101     8     0
2395.97  1.60e-14  1.19e-14   101    20     0
2398.64  1.42e-14  1.17e-14   101    18     0
2401.31  4.14e-15  1.17e-14   101     5     0
2403.97  2.86e-14  1.23e-14   101    36     0
2406.64  5.41e-15  1.12e-14   101     7     0
2409.31  8.28e-14  1.57e-14   101   110     0
2411.98  1.77e-14  1.19e-14   101    22     0
2414.65  4.94e-15  1.13e-14   101     6     0
2417.32  6.76e-15  1.12e-14   101     9     0
2419.99  7.55e-15  1.12e-14   101    10     0
2422.66  1.60e-15  1.11e-14   101     2     0
2425.33  1.31e-14  1.08e-14   101    18     0
2428.00  5.18e-14  1.29e-14   101    74     0
2430.67  2.87e-14  1.51e-14   101    39     0
2433.34  1.36e-15  1.05e-14   101     1     0
2436.01 -2.10e-15  1.04e-14   101    -2     0
2438.68  6.47e-15  1.04e-14   101     9     0
2441.34 -6.45e-15  1.09e-14   101    -9     0
2444.01  1.61e-15  1.01e-14   101     2     0
2446.68  7.81e-15  1.03e-14   101    12     0
2449.35  1.79e-14  1.29e-14   101    27     0
2452.02  2.68e-14  1.18e-14   101    43     0
2454.69  1.50e-15  9.07e-15   101     2     0
2457.36  1.23e-14  1.00e-14   101    19     0
2460.03  6.13e-15  9.49e-15   101     9     0
2462.70  8.50e-15  9.47e-15   101    13     0
2465.37  5.27e-16  8.79e-15   101     0     0
2468.04  3.75e-15  8.88e-15   101     6     0
2470.71  1.44e-15  9.28e-15   101     2     0
2473.38  2.02e-14  9.93e-15   101    33     0
2476.05  1.79e-14  1.81e-14   101    29     0
2478.71  1.53e-14  1.47e-14   101    25     0
2481.38  2.73e-14  1.01e-14   101    46     0
2484.05  1.79e-14  1.01e-14   101    30     0
2486.72  2.73e-15  8.67e-15   101     4     0
2489.39  1.15e-14  8.99e-15   101    20     0
2492.06  2.11e-14  1.04e-14   101    33     0
2494.73  5.39e-14  1.13e-14   100    86     0
2497.40  1.61e-14  9.59e-15   100    27     0
2500.07 -4.04e-15  8.10e-15   100    -7     0
2502.74  5.78e-15  1.02e-14   100    11     0
2505.41  4.33e-14  1.08e-14   100    77     0
2508.08  6.00e-15  8.76e-15   100    10     0
2510.75  1.46e-14  8.60e-15   100    28     0
2513.42  1.85e-14  9.45e-15   100    36     0
2516.08  9.79e-15  9.27e-15   100    17     0
2518.75  1.04e-14  9.31e-15    99    18     0
2521.42  6.66e-15  8.74e-15    99    12     0
2524.09 -4.04e-15  8.43e-15    99    -7     0
2526.76  1.40e-14  8.47e-15    99    26     0
2529.43  1.76e-14  8.78e-15    99    33     0
2532.10  5.02e-15  8.21e-15    99     9     0
2534.77  1.82e-15  8.11e-15    99     3     0
2537.44  6.67e-15  7.63e-15    98    14     0
2540.11  3.28e-15  7.65e-15    98     6     0
2542.78  1.43e-15  7.46e-15    98     3     0
2545.45  7.82e-15  7.55e-15    98    16     0
2548.12  4.24e-14  1.24e-14    98    92     0
2550.79 -1.09e-15  7.63e-15    98    -2     0
2553.45  4.10e-15  7.60e-15    97     8     0
2556.12  1.17e-14  7.92e-15    97    24     0
2558.79  1.70e-14  8.00e-15    97    36     0
2561.46  4.73e-15  7.67e-15    97     9     0
2564.13  1.17e-14  7.92e-15    97    24     0
2566.80  1.31e-14  7.28e-15    96    30     0
2569.47  5.25e-15  6.95e-15    96    12     0
2572.14  1.24e-15  7.19e-15    96     2     0
2574.81  9.56e-15  7.52e-15    96    20     0
2577.48  2.10e-14  8.23e-15    96    44     0
2580.15  1.11e-14  7.45e-15    95    25     0
2582.82  7.69e-15  7.22e-15    95    17     0
2585.49  1.72e-14  7.90e-15    95    37     0
2588.16  2.17e-14  8.01e-15    95    47     0
2590.82  1.50e-14  7.58e-15    94    33     0
2593.49  1.84e-14  7.62e-15    94    41     0
2596.16  1.30e-14  7.28e-15    94    29     0
2598.83  3.56e-14  8.28e-15    94    83     0
2601.50  3.81e-14  8.25e-15    93    90     0
2604.17  2.05e-14  7.39e-15    93    49     0
2606.84  1.60e-14  6.88e-15    93    40     0
2609.51  8.79e-15  6.50e-15    93    22     0
2612.18  3.77e-14  9.52e-15    92    94     0
2614.85  3.69e-14  7.81e-15    92    93     0
2617.52  2.96e-14  7.67e-15    92    72     0
2620.19  4.06e-14  7.74e-15    92   103     0
2622.86  3.65e-14  7.67e-15    91    93     0
2625.53  4.78e-14  8.53e-15    91   119     0
2628.19  6.32e-14  9.14e-15    91   158     0
2630.86  3.75e-14  7.83e-15    91    95     0
2633.53  2.37e-14  1.02e-14    90    60     0
2636.20  1.13e-14  6.75e-15    90    28     0
2638.87  1.28e-15  6.23e-15    90     3     0
2641.54  5.40e-15  6.39e-15    89    13     0
2644.21  6.43e-15  6.43e-15    89    16     0
2646.88  5.98e-15  6.78e-15    89    14     0
2649.55 -1.28e-15  6.57e-15    89    -3     0
2652.22  3.74e-15  6.17e-15    88     9     0
2654.89  2.46e-15  6.15e-15    88     6     0
2657.56  5.97e-15  6.18e-15    88    15     0
2660.23 -5.30e-15  5.76e-15    87   -14     0
2662.90 -1.54e-15  5.74e-15    87    -4     0
2665.56  2.35e-15  5.81e-15    87     6     0
2668.23  4.03e-15  5.85e-15    86    11     0
2670.90  1.35e-14  6.32e-15    86    36     0
2673.57  6.23e-15  6.02e-15    86    16     0
2676.24  9.81e-15  6.04e-15    85    27     0
2678.91  3.75e-15  5.74e-15    85    10     0
2681.58  3.88e-15  5.77e-15    85    10     0
2684.25 -2.89e-15  5.57e-15    84    -8     0
2686.92  1.84e-15  5.53e-15    84     5     0
2689.59  8.37e-15  5.84e-15    84    24     0
2692.26  5.78e-15  5.89e-15    83    15     0
2694.93  7.94e-15  5.98e-15    83    21     0
2697.60  9.76e-15  6.59e-15    83    24     0
2700.27  1.20e-14  5.81e-15    82    34     0
2702.93  1.27e-14  5.87e-15    82    36     0
2705.60  6.73e-15  5.97e-15    82    18     0
2708.27  7.89e-15  6.72e-15    81    21     0
2710.94  5.59e-15  5.73e-15    81    15     0
2713.61  1.25e-14  5.98e-15    81    35     0
2716.28  1.15e-14  6.02e-15    80    32     0
2718.95  1.76e-14  6.14e-15    80    49     0
2721.62  7.61e-15  6.11e-15    80    20     0
2724.29  6.39e-15  6.01e-15    79    17     0
2726.96  1.53e-14  8.41e-15    79    45     0
2729.63  1.47e-14  5.71e-15    79    44     0
2732.30  1.35e-14  6.11e-15    78    37     0
2734.97  3.66e-14  6.99e-15    78   101     0
2737.64  1.02e-14  5.84e-15    78    28     0
2740.30  2.03e-14  6.39e-15    77    56     0
2742.97  3.64e-14  8.28e-15    77   100     0
2745.64  1.81e-14  6.10e-15    77    51     0
2748.31  1.21e-14  5.85e-15    76    34     0
2750.98  2.05e-14  6.09e-15    76    58     0
2753.65  3.48e-14  6.78e-15    76   100     0
2756.32  2.10e-14  5.99e-15    75    62     0
2758.99  1.95e-14  5.92e-15    75    58     0
2761.66  1.99e-14  6.09e-15    74    57     0
2764.33  1.91e-14  5.98e-15    74    55     0
2767.00  5.52e-15  5.73e-15    74    15     0
2769.67  2.37e-14  8.85e-15    73    65     0
2772.34  2.39e-14  6.55e-15    73    65     0
2775.00  1.29e-14  5.98e-15    73    35     0
2777.67  1.38e-14  6.02e-15    72    38     0
2780.34  6.37e-15  5.72e-15    72    17     0
2783.01  7.07e-15  5.76e-15    72    19     0
2785.68  1.35e-14  5.84e-15    71    38     0
2788.35  1.31e-14  5.80e-15    71    37     0
2791.02  1.89e-14  5.61e-15    71    57     0
2793.69  9.28e-14  9.75e-15    70   280     0
2796.36  1.73e-13  1.81e-14    70   485     0
2799.03  2.25e-13  1.95e-14    70   629     0
2801.70  1.66e-13  2.00e-14    69   479     0
2804.37  2.37e-13  2.15e-14    69   683     0
2807.04  1.17e-13  1.26e-14    69   314     0
2809.71  3.28e-14  6.86e-15    68    87     0
2812.37  1.63e-14  5.97e-15    68    45     0
2815.04  1.73e-14  6.35e-15    67    49     0
2817.71  1.57e-14  5.85e-15    67    44     0
2820.38  3.42e-15  5.35e-15    67     9     0
2823.05  1.50e-15  5.28e-15    66     4     0
2825.72  1.65e-15  5.74e-15    66     4     0
2828.39  1.21e-15  5.73e-15    66     3     0
2831.06  7.73e-15  5.95e-15    65    20     0
2833.73  1.41e-14  6.18e-15    65    36     0
2836.40  1.13e-14  6.10e-15    65    29     0
2839.07  1.55e-14  6.27e-15    64    39     0
2841.74  1.47e-14  5.35e-15    64    45     0
2844.41  1.30e-14  5.26e-15    64    40     0
2847.08  1.56e-14  5.82e-15    63    43     0
2849.75  1.47e-14  5.77e-15    63    41     0
2852.41  1.46e-14  5.63e-15    63    41     0
2855.08  1.90e-14  5.96e-15    62    53     0
2857.75  2.57e-14  6.24e-15    62    71     0
2860.42  9.62e-15  5.58e-15    62    26     0
2863.09  1.33e-14  5.73e-15    62    36     0
2865.76  1.09e-14  5.38e-15    61    31     0
2868.43  6.56e-15  5.21e-15    61    18     0
2871.10  8.92e-15  5.63e-15    61    24     0
2873.77  5.28e-15  5.49e-15    60    14     0
2876.44  1.20e-14  5.90e-15    60    31     0
2879.11  1.75e-14  6.10e-15    60    46     0
2881.78  1.05e-14  5.60e-15    59    28     0
2884.45  1.61e-14  5.83e-15    59    43     0
2887.11  1.34e-14  5.69e-15    59    36     0
2889.78  1.89e-14  6.02e-15    59    50     0
2892.45  1.36e-14  5.90e-15    58    35     0
2895.12  7.03e-15  5.64e-15    58    18     0
2897.79  1.55e-14  6.04e-15    58    40     0
2900.46  1.14e-14  5.76e-15    57    30     0
2903.13  1.17e-14  5.77e-15    57    30     0
2905.80  2.28e-14  6.88e-15    57    53     0
2908.47  1.28e-14  6.43e-15    57    29     0
2911.14  2.31e-14  6.51e-15    56    57     0
2913.81  1.34e-14  6.19e-15    56    32     0
2916.48  8.89e-15  5.71e-15    56    22     0
2919.15  9.54e-15  5.89e-15    56    24     0
2921.82  1.09e-14  6.42e-15    55    24     0
2924.48  1.88e-14  6.84e-15    55    42     0
2927.15  2.60e-14  7.59e-15    55    60     0
2929.82  3.56e-14  9.74e-15    55    82     0
2932.49  1.87e-14  6.33e-15    54    45     0
2935.16  1.82e-14  6.99e-15    54    39     0
2937.83  2.54e-14  7.27e-15    54    55     0
2940.50  2.38e-14  6.69e-15    54    56     0
2943.17  1.43e-14  6.26e-15    53    33     0
2945.84  1.56e-14  6.61e-15    53    35     0
2948.51  1.49e-14  6.57e-15    53    33     0
2951.18  2.21e-14  7.50e-15    53    49     0
2953.85  2.79e-14  8.39e-15    52    61     0
2956.52  1.86e-14  6.55e-15    52    42     0
2959.19  6.95e-15  6.06e-15    52    15     0
2961.85  7.55e-15  6.45e-15    52    16     0
2964.52  2.73e-14  7.40e-15    52    57     0
2967.19  2.62e-14  7.32e-15    51    55     0
2969.86  2.26e-14  7.26e-15    51    47     0
2972.53  2.08e-14  7.16e-15    51    42     0
2975.20  1.11e-14  7.28e-15    51    21     0
2977.87  1.37e-14  7.83e-15    51    26     0
2980.54  1.77e-14  6.98e-15    51    36     0
2983.21  1.56e-14  6.94e-15    50    32     0
2985.88  2.23e-14  7.24e-15    50    45     0
2988.55  3.63e-14  7.97e-15    50    73     0
2991.22  1.16e-14  7.28e-15    50    21     0
2993.89  1.36e-14  7.40e-15    50    25     0
2996.56  2.36e-14  7.57e-15    50    45     0
2999.22  1.52e-14  7.27e-15    49    29     0
3001.89  2.11e-14  7.85e-15    49    38     0
3004.56  4.65e-14  1.45e-14    49    84     0
3007.23  2.06e-14  7.46e-15    49    39     0
3009.90  1.06e-14  7.03e-15    49    20     0
3012.57  2.41e-14  8.26e-15    49    41     0
3015.24  2.58e-14  8.60e-15    49    43     0
3017.91  1.89e-14  8.28e-15    49    31     0
3020.58  2.62e-14  8.62e-15    48    44     0
3023.25  1.15e-14  8.24e-15    48    19     0
3025.92  1.87e-14  8.10e-15    48    31     0
3028.59  2.15e-14  8.33e-15    48    35     0
3031.26  3.78e-14  9.11e-15    48    61     0
3033.93  5.83e-15  7.86e-15    48     9     0
3036.59  1.69e-14  8.68e-15    48    26     0
3039.26  1.87e-14  8.81e-15    48    28     0
3041.93  2.22e-14  1.10e-14    48    33     0
3044.60  2.29e-14  9.01e-15    48    34     0
3047.27  1.49e-14  9.97e-15    47    19     0
3049.94  2.30e-14  1.08e-14    47    29     0
3052.61  2.11e-14  9.68e-15    47    28     0
3055.28  6.55e-15  8.73e-15    47     9     0
3057.95  3.22e-14  1.21e-14    47    44     0
3060.62  1.70e-14  1.35e-14    47    23     0
3063.29  2.71e-14  1.00e-14    47    36     0
3065.96  1.92e-14  9.41e-15    47    26     0
3068.63  8.98e-15  9.08e-15    47    12     0
3071.30  1.80e-14  1.01e-14    47    22     0
3073.96  3.38e-14  1.09e-14    47    41     0
3076.63  2.34e-14  1.38e-14    47    30     0
3079.30  2.90e-14  1.19e-14    47    37     0
3081.97  1.07e-14  1.08e-14    47    11     0
3084.64  1.71e-14  1.40e-14    47    18     0
3087.31  1.69e-14  1.20e-14    47    17     0
3089.98  1.36e-14  1.38e-14    47    14     0
3092.65  2.71e-14  2.02e-14    47    28     0
3095.32  3.19e-14  1.29e-14    47    31     0
3097.99  3.16e-14  1.47e-14    47    30     0
3100.66  9.67e-15  1.21e-14    47     9     0
3103.33  3.39e-14  1.61e-14    47    32     0
3106.00  1.92e-14  1.19e-14    47    19     0
3108.67  1.84e-14  1.29e-14    47    18     0
3111.33  2.10e-14  1.30e-14    47    19     0
3114.00  9.09e-15  1.38e-14    47     8     0
3116.67  3.70e-14  1.66e-14    47    28     0
3119.34 -3.85e-15  1.47e-14    47    -2     0
3122.01  8.87e-15  1.47e-14    47     6     0
3124.68  4.76e-14  1.65e-14    47    36     0
3127.35  2.23e-14  1.71e-14    47    16     0
3130.02  1.75e-14  1.41e-14    47    14     0
3132.69  5.10e-14  1.59e-14    47    41     0
3135.36  4.19e-14  1.59e-14    47    33     0
3138.03  2.57e-14  1.62e-14    47    19     0
3140.70  5.43e-17  1.59e-14    48     0     0
3143.37  7.20e-15  1.64e-14    48     4     0
3146.04  4.31e-14  1.87e-14    48    27     0
3148.70  5.23e-14  1.98e-14    48    33     0
3151.37  9.66e-15  1.81e-14    48     5     0
3154.04  2.68e-14  2.00e-14    48    15     0
3156.71  1.13e-14  1.49e-14    48     8     0
3159.38  9.68e-15  1.52e-14    48     6     0
3162.05  3.73e-14  2.14e-14    48    24     0
3164.72  3.98e-14  1.79e-14    48    26     0
3167.39  6.08e-14  2.78e-14    48    37     0
3170.06  2.05e-15  1.99e-14    48     1     0
3172.73  1.65e-14  2.10e-14    48     8     0
3175.40  2.99e-14  2.39e-14    49    16     0
3178.07  3.00e-14  2.69e-14    49    16     0
3180.74  2.33e-14  2.19e-14    49    11     0
3183.41  6.08e-14  3.55e-14    49    29     0
3186.07  2.40e-14  1.90e-14    49    14     0
3188.74  2.54e-14  2.53e-14    49    14     0
3191.41  4.37e-14  2.44e-14    49    20     0
3194.08 -6.63e-15  2.44e-14    49    -3     0
3196.75  6.63e-14  2.76e-14    49    27     0
3199.42  2.91e-14  2.98e-14    49    11     0
3202.09  5.98e-14  2.43e-14    50    28     0
3204.76  2.42e-14  2.46e-14    50    11     0
3207.43  1.56e-14  3.40e-14    50     5     0
3210.10  1.69e-15  3.01e-14    50     0     0
3212.77 -8.16e-15  3.10e-14    50    -2     0
3215.44  7.34e-14  3.43e-14    50    24     0
3218.11  8.29e-14  3.51e-14    50    26     0
3220.78  1.58e-14  2.54e-14    50     6     0
3223.44  4.56e-14  4.45e-14    50    18     0
3226.11  2.09e-14  3.64e-14    51     5     0
3228.78  1.04e-13  4.60e-14    51    28     0
3231.45  7.23e-14  3.73e-14    51    21     0
3234.12 -1.17e-14  5.91e-14    51    -3     0
3236.79  1.48e-14  3.68e-14    51     4     0
3239.46  2.06e-15  3.69e-14    51     0     0
3242.13  1.53e-14  7.51e-14    51     3     0
3244.80  4.64e-14  4.34e-14    51    11     0
3247.47  1.32e-13  7.36e-14    51    25     0
3250.14  6.91e-14  4.64e-14    52    15     0
3252.81  3.61e-14  4.84e-14    52     7     0
3255.48  7.01e-14  8.32e-14    52    15     0
3258.15  2.90e-14  5.40e-14    52     6     0
3260.81  9.37e-14  5.74e-14    52    17     0
3263.48  6.97e-14  5.80e-14    52    12     0
3266.15  1.36e-13  8.84e-14    52    17     0
3268.82  9.34e-14  9.61e-14    52    11     0
3271.49  6.52e-14  6.44e-14    52    13     0
3274.16  3.60e-14  4.84e-14    52     7     0
3276.83  4.80e-14  9.12e-14    52     5     0
3279.50  2.51e-13  1.01e-13    53    26     0
3282.17 -5.37e-14  9.20e-14    53    -6     0
3284.84  1.44e-13  8.67e-14    53    17     0
3287.51  1.63e-13  7.13e-14    53    24     0
3290.18  1.26e-13  7.40e-14    53    18     0
3292.85  1.24e-13  8.21e-14    53    17     0
3295.52 -1.40e-13  1.03e-13    53   -13     0
3298.18 -1.67e-13  1.08e-13    53   -15     0
3300.85  1.75e-13  1.22e-13    53    14     0
3303.52  1.36e-13  1.46e-13    53    10     0
3306.19  1.61e-12  2.16e-12    53    14 -4096
3308.86  6.59e-13  4.48e-12    53     5 -4096
3311.53  6.09e-13  5.05e-13    53    24 -4096
3314.20 -9.19e-14  2.55e-13    53    -3     0
3316.87  9.39e-14  1.69e-13    53     6     0
3319.54  5.47e-14  1.43e-13    53     3     0
3322.21 -1.19e-14  1.82e-13    53     0     0
3324.88  1.12e-13  2.00e-13    53     5     0
3327.55  2.28e-13  1.39e-13    53    17     0
3330.22 -2.28e-13  3.47e-13    53    -8     0
3332.89 -5.10e-14  2.57e-13    53    -1     0
3335.55  1.44e-13  2.75e-13    53     5     0
3338.22 -8.26e-14  2.79e-13    53    -2     0
3340.89 -3.74e-13  5.82e-13    53    -6     0
3343.56  9.44e-13  5.90e-13    53    16     0
3346.23 -1.32e-14  2.09e-13    52     0     0
3348.90 -3.68e-14  2.50e-13    52    -1     0
