NOT ORIGINAL IUE PROJECT DATA PRODUCT
LWR05534LOWLARGE
HD  197481
20:42:04
-31:31:17
48
X-TRAIL
NO
1167.531
08/09/79
06:46:27
251
12.18
25/06/97
GSFC
2444124.78226
0
29
1851.43  2.57e-13  1.56e-13   138    24     0
1854.10  1.05e-14  1.44e-13   138     1     0
1856.77  2.30e-13  1.54e-13   137    22     0
1859.44  1.29e-13  1.43e-13   137    13     0
1862.11  3.81e-13  1.40e-13   137    41     0
1864.78  2.29e-13  1.29e-13   136    26     0
1867.45  1.45e-13  1.23e-13   136    17     0
1870.12  8.55e-14  1.06e-13   135    11     0
1872.79  2.24e-14  9.71e-14   135     3     0
1875.46  2.94e-14  8.11e-14   135     5     0
1878.13  3.88e-14  7.53e-14   135     7     0
1880.79  5.76e-14  8.54e-14   134    10     0
1883.46  4.09e-14  8.06e-14   134     7     0
1886.13  6.11e-14  7.77e-14   134    11     0
1888.80 -4.55e-14  7.32e-14   134    -9     0
1891.47  2.62e-15  6.33e-14   133     0     0
1894.14 -3.41e-14  6.12e-14   133    -8     0
1896.81 -3.61e-14  6.16e-14   133    -8     0
1899.48  3.82e-14  6.05e-14   133     9     0
1902.15  8.13e-14  6.31e-14   133    19     0
1904.82  3.68e-14  6.08e-14   132     9     0
1907.49  7.45e-15  5.47e-14   132     2     0
1910.16  4.78e-14  5.87e-14   132    12     0
1912.83 -2.00e-14  5.64e-14   132    -5     0
1915.50 -1.19e-15  4.91e-14   132     0     0
1918.16 -3.63e-15  4.78e-14   132    -1     0
1920.83  1.97e-14  4.52e-14   132     6     0
1923.50 -2.64e-14  4.37e-14   132    -9     0
1926.17 -4.05e-15  4.98e-14   132    -1     0
1928.84  7.04e-15  4.84e-14   132     2     0
1931.51 -1.34e-14  4.32e-14   132    -4     0
1934.18  2.91e-14  4.24e-14   132    10     0
1936.85  1.85e-14  3.96e-14   132     7     0
1939.52  1.73e-14  3.83e-14   132     7     0
1942.19  1.23e-16  3.74e-14   132     0     0
1944.86  3.60e-14  3.71e-14   132    15     0
1947.53  1.02e-14  3.54e-14   132     4     0
1950.20  4.95e-14  3.61e-14   132    22     0
1952.87  2.11e-14  3.49e-14   132     9     0
1955.53 -2.92e-14  3.38e-14   132   -14     0
1958.20 -1.02e-14  3.30e-14   132    -5     0
1960.87  4.71e-14  3.25e-14   132    24     0
1963.54  2.95e-14  3.16e-14   132    15     0
1966.21  4.15e-14  3.25e-14   133    21     0
1968.88  2.53e-14  3.16e-14   133    13     0
1971.55  1.70e-14  3.21e-14   133     9     0
1974.22  2.92e-14  3.18e-14   133    15     0
1976.89  3.73e-14  2.96e-14   133    22     0
1979.56  3.16e-14  2.90e-14   133    19     0
1982.23  1.03e-14  2.80e-14   134     6     0
1984.90  2.40e-14  2.78e-14   134    15     0
1987.57  3.73e-14  2.94e-14   134    22     0
1990.24  2.85e-14  2.85e-14   134    17     0
1992.90  5.41e-14  2.89e-14   134    34     0
1995.57  1.94e-14  2.81e-14   135    12     0
1998.24  1.03e-14  2.78e-14   135     6     0
2000.91 -6.76e-15  2.67e-14   135    -4     0
2003.58 -2.50e-14  2.67e-14   135   -16     0
2006.25  2.90e-14  2.76e-14   135    19     0
2008.92  2.57e-14  2.75e-14   136    17     0
2011.59 -6.90e-15  2.48e-14   136    -5     0
2014.26  3.96e-14  2.54e-14   136    29     0
2016.93  3.11e-14  2.63e-14   136    22     0
2019.60 -2.04e-14  2.54e-14   137   -15     0
2022.27  1.29e-14  2.64e-14   137     9     0
2024.94  1.66e-14  2.61e-14   137    12     0
2027.61 -9.25e-15  2.49e-14   138    -7     0
2030.27  2.82e-14  2.44e-14   138    22     0
2032.94  3.04e-14  2.44e-14   138    24     0
2035.61  4.48e-15  2.52e-14   139     3     0
2038.28  2.16e-14  2.56e-14   139    16     0
2040.95  1.77e-15  2.41e-14   139     1     0
2043.62  3.52e-14  2.48e-14   139    28     0
2046.29  1.96e-14  2.55e-14   140    15     0
2048.96  2.73e-14  2.81e-14   140    21     0
2051.63  2.05e-14  2.76e-14   140    17     0
2054.30  3.06e-14  2.70e-14   141    26     0
2056.97  4.28e-15  2.50e-14   141     3     0
2059.64 -1.30e-14  2.43e-14   141   -10     0
2062.31 -1.85e-15  2.57e-14   142    -1     0
2064.98 -6.94e-15  2.56e-14   142    -5     0
2067.64  3.35e-14  2.37e-14   143    29     0
2070.31  9.61e-15  2.41e-14   143     8     0
2072.98  3.10e-15  2.39e-14   143     2     0
2075.65  1.92e-14  2.50e-14   144    16     0
2078.32 -2.25e-15  2.49e-14   144    -1     0
2080.99  1.76e-14  2.62e-14   144    14     0
2083.66  4.19e-14  2.68e-14   145    34     0
2086.33  1.03e-14  2.34e-14   145     9     0
2089.00 -9.43e-15  2.35e-14   145    -8     0
2091.67  9.51e-15  2.70e-14   146     7     0
2094.34  2.74e-14  2.76e-14   146    21     0
2097.01 -1.76e-15  2.50e-14   147    -1     0
2099.68  7.04e-15  2.53e-14   147     6     0
2102.35 -8.82e-15  2.62e-14   147    -7     0
2105.01  7.20e-15  2.66e-14   148     6     0
2107.68  1.09e-14  2.66e-14   148     9     0
2110.35  1.43e-14  2.66e-14   149    12     0
2113.02 -2.06e-15  2.63e-14   149    -1     0
2115.69 -1.52e-14  2.87e-14   149   -12     0
2118.36  2.63e-14  2.89e-14   150    21     0
2121.03  1.38e-15  2.78e-14   150     1     0
2123.70  1.59e-14  2.81e-14   151    13     0
2126.37 -2.40e-15  2.70e-14   151    -2     0
2129.04 -3.44e-14  2.72e-14   151   -29     0
2131.71 -2.64e-15  2.67e-14   152    -2     0
2134.38  1.26e-14  2.70e-14   152    11     0
2137.05 -4.09e-14  2.73e-14   152   -35     0
2139.72 -2.79e-14  2.74e-14   153   -24     0
2142.38  2.16e-14  3.48e-14   153    19     0
2145.05 -1.26e-14  2.92e-14   154   -10     0
2147.72 -1.95e-14  2.93e-14   154   -16     0
2150.39 -1.01e-14  2.85e-14   154    -8     0
2153.06 -2.75e-14  2.85e-14   155   -23     0
2155.73 -1.33e-14  2.97e-14   155   -10     0
2158.40  5.34e-15  2.97e-14   156     4     0
2161.07 -1.81e-14  3.03e-14   156   -14     0
2163.74  1.45e-14  3.06e-14   156    11     0
2166.41 -1.20e-14  2.83e-14   157   -10     0
2169.08  2.61e-14  2.88e-14   157    23     0
2171.75 -2.15e-14  3.13e-14   158   -17     0
2174.42 -3.60e-14  3.14e-14   158   -29     0
2177.09 -2.09e-14  2.94e-14   158   -18     0
2179.75 -2.51e-14  2.95e-14   159   -21     0
2182.42 -4.42e-14  2.79e-14   159   -40     0
2185.09 -1.48e-14  2.92e-14   160   -13     0
2187.76 -3.44e-14  2.99e-14   160   -30     0
2190.43  1.35e-14  4.05e-14   160    12     0
2193.10  1.11e-13  1.62e-13   161   100     0
2195.77 -3.27e-14  3.53e-14   161   -29     0
2198.44 -2.37e-14  2.92e-14   161   -21     0
2201.11  1.28e-14  3.05e-14   162    11     0
2203.78  1.20e-15  3.02e-14   162     1     0
2206.45 -2.39e-14  3.02e-14   163   -21     0
2209.12  1.75e-14  3.02e-14   163    15     0
2211.79  2.20e-14  2.79e-14   163    21     0
2214.46 -1.74e-14  2.80e-14   164   -16     0
2217.12 -2.83e-14  3.12e-14   164   -24     0
2219.79 -1.68e-14  3.16e-14   164   -14     0
2222.46  7.14e-15  3.00e-14   165     6     0
2225.13  6.43e-15  3.64e-14   165     5     0
2227.80  1.54e-14  3.15e-14   165    13     0
2230.47 -8.72e-15  2.92e-14   166    -8     0
2233.14 -3.50e-14  2.88e-14   166   -33     0
2235.81  6.08e-16  2.92e-14   166     0     0
2238.48 -2.57e-14  2.87e-14   167   -25     0
2241.15 -4.86e-14  2.97e-14   167   -45     0
2243.82 -2.28e-14  2.94e-14   167   -21     0
2246.49 -2.97e-14  2.59e-14   168   -32     0
2249.16 -1.19e-14  2.57e-14   168   -13     0
2251.83  4.25e-14  2.72e-14   168    45     0
2254.49  1.39e-14  2.63e-14   169    15     0
2257.16 -7.26e-15  2.82e-14   169    -7     0
2259.83 -2.05e-14  2.81e-14   169   -21     0
2262.50 -1.99e-14  2.74e-14   170   -21     0
2265.17  2.60e-14  2.63e-14   170    29     0
2267.84 -1.21e-14  2.59e-14   170   -13     0
2270.51  3.70e-14  2.48e-14   171    44     0
2273.18 -2.12e-14  2.40e-14   171   -26     0
2275.85 -1.63e-14  2.48e-14   171   -19     0
2278.52 -1.63e-14  2.45e-14   171   -19     0
2281.19 -1.21e-14  2.70e-14   172   -13     0
2283.86  7.02e-15  2.68e-14   172     7     0
2286.53  2.74e-14  2.19e-14   172    37     0
2289.20  2.78e-14  2.20e-14   173    38     0
2291.86 -8.60e-15  2.29e-14   173   -11     0
2294.53 -9.59e-15  2.30e-14   173   -12     0
2297.20  2.20e-14  2.44e-14   173    27     0
2299.87 -1.79e-15  2.41e-14   174    -2     0
2302.54  1.70e-14  2.35e-14   174    22     0
2305.21  3.06e-14  2.54e-14   174    38     0
2307.88 -4.52e-15  2.41e-14   174    -5     0
2310.55  9.43e-15  2.34e-14   175    12     0
2313.22  2.46e-14  2.33e-14   175    32     0
2315.89 -2.10e-14  2.38e-14   175   -27     0
2318.56 -2.26e-15  2.35e-14   175    -2     0
2321.23 -2.14e-14  2.19e-14   175   -30     0
2323.90  6.50e-15  2.16e-14   176     9     0
2326.57  3.01e-14  1.92e-14   176    50     0
2329.23  2.60e-14  1.88e-14   176    44     0
2331.90  1.91e-14  2.01e-14   176    30     0
2334.57 -1.27e-14  1.96e-14   177   -20     0
2337.24  3.90e-14  1.97e-14   177    66     0
2339.91  1.30e-14  1.84e-14   177    22     0
2342.58  2.48e-14  2.21e-14   177    43     0
2345.25  2.13e-14  1.89e-14   177    36     0
2347.92 -7.03e-16  1.84e-14   177    -1     0
2350.59  1.01e-14  1.87e-14   178    17     0
2353.26  1.25e-14  1.86e-14   178    21     0
2355.93  1.91e-14  1.89e-14   178    33     0
2358.60  2.85e-14  1.90e-14   178    49     0
2361.27  1.85e-14  1.76e-14   178    34     0
2363.94  4.30e-15  1.73e-14   178     8     0
2366.60  1.51e-15  1.86e-14   179     2     0
2369.27  6.93e-15  1.86e-14   179    12     0
2371.94  2.05e-14  1.85e-14   179    36     0
2374.61  7.46e-14  4.58e-14   179   135     0
2377.28  4.17e-14  1.77e-14   179    81     0
2379.95  3.03e-14  1.71e-14   179    59     0
2382.62  3.12e-14  1.82e-14   179    58     0
2385.29  3.90e-14  1.87e-14   179    71     0
2387.96  2.14e-14  1.88e-14   180    39     0
2390.63  9.93e-15  1.78e-14   180    18     0
2393.30  8.86e-15  1.83e-14   180    16     0
2395.97  2.72e-14  1.68e-14   180    55     0
2398.64  3.43e-14  1.68e-14   180    70     0
2401.31  4.88e-15  1.70e-14   180     9     0
2403.97  1.09e-14  1.70e-14   180    21     0
2406.64  1.30e-14  1.63e-14   180    27     0
2409.31  3.50e-14  2.95e-14   180    74     0
2411.98 -3.58e-15  1.66e-14   180    -7     0
2414.65  9.05e-15  1.65e-14   180    18     0
2417.32  3.89e-15  1.62e-14   180     8     0
2419.99  1.65e-14  1.64e-14   181    35     0
2422.66  4.31e-14  1.67e-14   181    91     0
2425.33  6.14e-15  1.54e-14   181    13     0
2428.00  2.72e-14  2.10e-14   181    61     0
2430.67  1.02e-14  1.58e-14   181    22     0
2433.34 -1.23e-14  1.56e-14   181   -27     0
2436.01  2.26e-14  1.57e-14   181    50     0
2438.68 -1.04e-15  1.52e-14   181    -2     0
2441.34 -2.26e-15  1.73e-14   181    -5     0
2444.01  4.11e-14  4.18e-14   181    95     0
2446.68  1.99e-14  2.04e-14   181    48     0
2449.35  2.49e-14  1.45e-14   181    61     0
2452.02  2.34e-14  1.53e-14   181    60     0
2454.69  1.28e-14  1.36e-14   181    33     0
2457.36  1.14e-15  1.42e-14   181     2     0
2460.03  2.23e-14  1.68e-14   181    56     0
2462.70  1.62e-14  2.04e-14   181    41     0
2465.37 -5.00e-15  1.31e-14   181   -13     0
2468.04  2.64e-14  1.51e-14   181    71     0
2470.71 -1.04e-14  1.38e-14   181   -26     0
2473.38  1.86e-14  1.40e-14   181    47     0
2476.05  3.49e-14  1.78e-14   181    90     0
2478.71  4.21e-14  2.56e-14   181   109     0
2481.38  1.11e-14  1.36e-14   181    29     0
2484.05  4.95e-15  1.35e-14   180    13     0
2486.72  1.04e-14  1.29e-14   180    28     0
2489.39 -2.46e-15  1.28e-14   180    -6     0
2492.06  1.13e-14  1.44e-14   180    28     0
2494.73  2.66e-14  1.51e-14   180    66     0
2497.40  2.10e-15  1.36e-14   180     5     0
2500.07  4.45e-15  1.22e-14   180    13     0
2502.74  1.02e-14  1.23e-14   180    30     0
2505.41  4.54e-14  2.27e-14   180   126     0
2508.08 -6.11e-16  1.29e-14   180    -1     0
2510.75  2.24e-14  1.23e-14   180    66     0
2513.42  4.17e-16  1.20e-14   180     1     0
2516.08  2.23e-14  1.43e-14   180    60     0
2518.75  1.09e-14  1.33e-14   179    29     0
2521.42  1.69e-14  1.30e-14   179    47     0
2524.09 -7.19e-15  1.27e-14   179   -20     0
2526.76  6.89e-16  1.22e-14   179     2     0
2529.43  1.98e-14  1.24e-14   179    58     0
2532.10  1.45e-14  1.23e-14   179    43     0
2534.77  1.91e-14  1.23e-14   179    57     0
2537.44  1.07e-14  1.13e-14   179    35     0
2540.11  1.13e-14  1.21e-14   178    36     0
2542.78  8.30e-15  1.13e-14   178    27     0
2545.45  1.13e-14  1.11e-14   178    37     0
2548.12  3.83e-14  2.22e-14   178   129     0
2550.79  1.10e-14  1.16e-14   178    35     0
2553.45  6.43e-15  1.13e-14   178    20     0
2556.12  2.91e-14  1.33e-14   178    94     0
2558.79  5.00e-15  1.12e-14   177    16     0
2561.46  1.93e-14  1.15e-14   177    62     0
2564.13  2.81e-14  1.60e-14   177    91     0
2566.80  2.34e-15  1.02e-14   177     8     0
2569.47  2.38e-15  1.02e-14   177     8     0
2572.14  8.23e-15  1.09e-14   177    28     0
2574.81  5.23e-15  1.17e-14   176    17     0
2577.48  1.42e-14  1.27e-14   176    46     0
2580.15  4.50e-15  1.13e-14   176    15     0
2582.82  1.05e-14  1.11e-14   176    36     0
2585.49  1.57e-14  1.12e-14   176    53     0
2588.16  3.89e-14  1.13e-14   175   132     0
2590.82  1.23e-14  1.08e-14   175    42     0
2593.49  2.76e-15  1.05e-14   175     9     0
2596.16  1.11e-15  1.04e-14   175     3     0
2598.83  3.14e-14  1.06e-14   175   113     0
2601.50  5.16e-14  1.34e-14   174   189     0
2604.17  9.34e-15  1.00e-14   174    34     0
2606.84  8.87e-15  9.54e-15   174    34     0
2609.51  1.47e-14  9.51e-15   174    58     0
2612.18  2.50e-14  9.80e-15   174    96     0
2614.85  1.02e-14  9.61e-15   173    40     0
2617.52  3.11e-14  1.03e-14   173   118     0
2620.19  2.85e-14  9.90e-15   173   111     0
2622.86  1.54e-14  9.52e-15   173    60     0
2625.53  2.44e-14  9.86e-15   172    94     0
2628.19  4.50e-14  1.26e-14   172   174     0
2630.86  4.58e-14  1.56e-14   172   180     0
2633.53  5.49e-14  1.84e-14   172   217     0
2636.20  1.10e-14  9.51e-15   172    43     0
2638.87  6.83e-15  9.45e-15   171    26     0
2641.54 -3.85e-15  9.39e-15   171   -15     0
2644.21  4.62e-15  9.43e-15   171    18     0
2646.88  9.39e-15  1.03e-14   171    34     0
2649.55 -4.93e-15  9.96e-15   170   -18     0
2652.22  7.72e-15  9.26e-15   170    31     0
2654.89 -9.17e-15  9.19e-15   170   -36     0
2657.56  1.21e-15  9.07e-15   170     4     0
2660.23 -8.38e-15  8.72e-15   169   -35     0
2662.90 -4.10e-15  8.70e-15   169   -17     0
2665.56  9.23e-15  8.80e-15   169    39     0
2668.23 -8.62e-15  8.66e-15   169   -36     0
2670.90  1.17e-14  8.96e-15   168    49     0
2673.57  1.74e-14  9.63e-15   168    73     0
2676.24  6.65e-15  8.67e-15   168    28     0
2678.91  3.14e-15  8.53e-15   168    13     0
2681.58  1.28e-14  8.68e-15   167    55     0
2684.25  1.17e-15  8.45e-15   167     5     0
2686.92  4.11e-16  8.29e-15   167     1     0
2689.59  1.34e-14  8.37e-15   167    60     0
2692.26  3.14e-15  8.64e-15   166    13     0
2694.93  1.20e-14  8.74e-15   166    51     0
2697.60  2.04e-14  9.69e-15   166    79     0
2700.27  2.11e-14  8.43e-15   165    95     0
2702.93  6.39e-15  8.27e-15   165    28     0
2705.60  1.02e-14  8.80e-15   165    43     0
2708.27  1.82e-14  8.89e-15   165    76     0
2710.94 -1.42e-15  8.41e-15   164    -6     0
2713.61  1.16e-14  8.50e-15   164    51     0
2716.28  1.28e-14  8.60e-15   164    55     0
2718.95  2.06e-14  8.67e-15   164    89     0
2721.62  1.31e-14  8.99e-15   163    54     0
2724.29  1.57e-14  8.95e-15   163    65     0
2726.96  2.39e-14  8.71e-15   163   110     0
2729.63  1.54e-14  8.00e-15   163    71     0
2732.30  1.40e-14  8.68e-15   162    60     0
2734.97  2.70e-14  9.92e-15   162   116     0
2737.64  7.51e-15  8.90e-15   162    32     0
2740.30  2.44e-14  8.78e-15   161   104     0
2742.97  2.96e-14  8.99e-15   161   127     0
2745.64  2.33e-14  8.47e-15   161   103     0
2748.31  2.39e-14  8.48e-15   161   106     0
2750.98  2.43e-14  8.40e-15   160   108     0
2753.65  2.77e-14  9.88e-15   160   123     0
2756.32  2.19e-14  8.06e-15   160   101     0
2758.99  1.83e-14  8.02e-15   160    84     0
2761.66  1.95e-14  8.99e-15   159    87     0
2764.33  1.03e-14  8.15e-15   159    46     0
2767.00  2.21e-15  8.41e-15   159     9     0
2769.67  9.72e-15  8.79e-15   159    41     0
2772.34  2.84e-14  1.58e-14   158   120     0
2775.00  1.51e-14  8.52e-15   158    64     0
2777.67  5.32e-15  8.58e-15   158    22     0
2780.34  1.36e-14  9.18e-15   158    58     0
2783.01  1.32e-14  9.52e-15   157    56     0
2785.68  2.06e-14  8.90e-15   157    91     0
2788.35  1.54e-14  8.25e-15   157    68     0
2791.02  3.88e-14  1.06e-14   157   183     0
2793.69  1.28e-13  3.11e-14   156   603     0
2796.36  2.00e-13  4.99e-14   156   870     0
2799.03  1.86e-13  4.42e-14   156   810     0
2801.70  1.31e-13  3.44e-14   156   588     0
2804.37  1.43e-13  3.50e-14   155   643     0
2807.04  6.42e-14  1.90e-14   155   267     0
2809.71  1.89e-14  8.73e-15   155    78     0
2812.37  2.51e-14  8.39e-15   155   109     0
2815.04  1.58e-14  8.11e-15   154    70     0
2817.71  1.50e-14  8.13e-15   154    66     0
2820.38  8.10e-15  8.02e-15   154    35     0
2823.05  1.84e-14  8.17e-15   154    81     0
2825.72  8.63e-15  8.72e-15   153    35     0
2828.39  6.09e-15  8.70e-15   153    24     0
2831.06  5.71e-15  8.69e-15   153    23     0
2833.73  2.19e-14  8.87e-15   153    88     0
2836.40  1.65e-14  8.81e-15   153    66     0
2839.07  1.26e-14  8.76e-15   152    51     0
2841.74  1.05e-14  7.36e-15   152    50     0
2844.41  1.11e-15  7.26e-15   152     5     0
2847.08  1.20e-14  8.03e-15   152    52     0
2849.75  1.61e-14  8.07e-15   152    70     0
2852.41  2.39e-15  8.14e-15   151    10     0
2855.08  1.57e-15  9.35e-15   151     6     0
2857.75  2.25e-14  8.13e-15   151    98     0
2860.42 -5.86e-15  1.10e-14   151   -25     0
2863.09  7.92e-15  8.00e-15   151    34     0
2865.76  1.87e-14  7.78e-15   150    84     0
2868.43  9.14e-15  7.64e-15   150    41     0
2871.10  5.93e-15  1.03e-14   150    25     0
2873.77  1.39e-14  8.18e-15   150    58     0
2876.44  2.23e-14  8.48e-15   150    92     0
2879.11  1.20e-14  8.36e-15   149    49     0
2881.78  1.67e-14  8.07e-15   149    71     0
2884.45  1.30e-14  8.05e-15   149    55     0
2887.11  6.56e-15  8.21e-15   149    27     0
2889.78  1.01e-14  8.07e-15   149    42     0
2892.45  3.42e-15  8.82e-15   149    14     0
2895.12 -8.37e-15  8.21e-15   148   -34     0
2897.79  6.23e-15  8.28e-15   148    25     0
2900.46  1.84e-14  8.28e-15   148    76     0
2903.13  2.17e-14  8.36e-15   148    89     0
2905.80  1.47e-14  9.19e-15   148    54     0
2908.47  1.49e-14  9.26e-15   148    54     0
2911.14  1.76e-14  8.70e-15   148    68     0
2913.81  1.10e-14  8.66e-15   147    42     0
2916.48  6.04e-15  8.15e-15   147    24     0
2919.15  1.31e-14  8.34e-15   147    52     0
2921.82  1.00e-14  9.21e-15   147    36     0
2924.48  6.17e-15  1.03e-14   147    21     0
2927.15  2.14e-14  1.29e-14   147    79     0
2929.82  3.82e-14  1.04e-14   147   139     0
2932.49  2.43e-14  8.76e-15   147    93     0
2935.16  6.29e-15  9.74e-15   147    21     0
2937.83  1.73e-14  1.00e-14   146    59     0
2940.50  1.50e-14  8.77e-15   146    56     0
2943.17  1.50e-14  8.76e-15   146    56     0
2945.84  3.27e-14  9.45e-15   146   116     0
2948.51  1.73e-14  9.24e-15   146    61     0
2951.18  3.15e-14  1.10e-14   146   111     0
2953.85  2.25e-14  9.37e-15   146    78     0
2956.52  2.26e-14  9.03e-15   146    82     0
2959.19  9.20e-15  8.87e-15   146    33     0
2961.85  5.94e-15  9.84e-15   146    20     0
2964.52  2.82e-14  9.75e-15   146    94     0
2967.19  1.69e-14  1.00e-14   146    57     0
2969.86  2.78e-14  9.78e-15   146    92     0
2972.53  2.49e-14  1.11e-14   146    81     0
2975.20  1.76e-14  1.12e-14   145    55     0
2977.87  2.80e-14  1.03e-14   145    87     0
2980.54  2.09e-14  9.56e-15   145    69     0
2983.21  3.00e-14  9.75e-15   145    99     0
2985.88  2.23e-14  9.65e-15   145    73     0
2988.55  8.46e-15  9.50e-15   145    27     0
2991.22  1.26e-14  1.02e-14   145    38     0
2993.89  8.35e-15  1.08e-14   145    25     0
2996.56  1.68e-14  1.02e-14   145    52     0
2999.22  1.91e-14  9.99e-15   145    59     0
3001.89  4.18e-14  1.08e-14   145   124     0
3004.56  2.50e-14  1.46e-14   145    73     0
3007.23  1.52e-14  9.93e-15   145    47     0
3009.90  2.51e-14  1.22e-14   145    78     0
3012.57  1.83e-14  1.39e-14   145    51     0
3015.24  2.49e-14  1.13e-14   145    68     0
3017.91  1.30e-14  1.13e-14   145    35     0
3020.58  2.00e-14  1.10e-14   146    55     0
3023.25  1.96e-14  1.11e-14   146    54     0
3025.92 -8.62e-15  1.54e-14   146   -23     0
3028.59  6.16e-15  1.11e-14   146    16     0
3031.26  3.39e-14  1.16e-14   146    89     0
3033.93 -1.21e-15  1.13e-14   146    -3     0
3036.59  2.71e-14  1.21e-14   146    68     0
3039.26  9.78e-15  1.19e-14   146    24     0
3041.93  3.57e-14  1.23e-14   146    88     0
3044.60  1.88e-14  1.21e-14   146    46     0
3047.27  1.85e-14  1.74e-14   146    38     0
3049.94  1.37e-14  1.44e-14   146    28     0
3052.61  1.09e-14  1.47e-14   146    24     0
3055.28  2.18e-14  1.28e-14   146    50     0
3057.95  1.43e-14  1.29e-14   146    32     0
3060.62  1.85e-14  1.37e-14   147    41     0
3063.29  2.19e-14  1.34e-14   147    47     0
3065.96  1.46e-14  1.34e-14   147    32     0
3068.63  2.88e-14  1.33e-14   147    63     0
3071.30  7.81e-15  1.95e-14   147    16     0
3073.96  3.94e-14  1.46e-14   147    79     0
3076.63  2.23e-14  1.77e-14   147    47     0
3079.30  3.87e-14  2.67e-14   147    81     0
3081.97  2.66e-14  1.58e-14   148    48     0
3084.64  3.43e-14  1.62e-14   148    61     0
3087.31  2.16e-14  1.82e-14   148    37     0
3089.98  2.10e-14  1.70e-14   148    35     0
3092.65  1.62e-14  1.98e-14   148    28     0
3095.32  3.32e-14  1.75e-14   148    54     0
3097.99  3.87e-14  2.25e-14   148    61     0
3100.66  2.92e-14  1.81e-14   149    46     0
3103.33  1.45e-14  2.98e-14   149    22     0
3106.00 -1.79e-14  1.79e-14   149   -29     0
3108.67  5.01e-14  1.75e-14   149    81     0
3111.33  5.57e-14  1.85e-14   149    85     0
3114.00 -1.32e-14  2.32e-14   150   -19     0
3116.67  5.51e-14  2.22e-14   150    69     0
3119.34 -2.22e-14  2.18e-14   150   -27     0
3122.01  1.33e-14  2.13e-14   150    16     0
3124.68  2.18e-14  2.18e-14   150    27     0
3127.35  1.07e-15  2.86e-14   151     1     0
3130.02  4.63e-14  2.08e-14   151    62     0
3132.69  2.08e-14  2.30e-14   151    27     0
3135.36  2.29e-14  2.09e-14   151    29     0
3138.03  3.39e-14  2.24e-14   151    42     0
3140.70  1.18e-14  2.36e-14   152    13     0
3143.37  2.23e-14  2.73e-14   152    24     0
3146.04  4.87e-14  2.56e-14   152    51     0
3148.70  2.65e-14  2.67e-14   152    27     0
3151.37  6.58e-14  2.73e-14   153    65     0
3154.04  5.52e-15  2.71e-14   153     5     0
3156.71 -7.21e-15  2.17e-14   153    -8     0
3159.38  6.10e-14  2.58e-14   153    71     0
3162.05  9.57e-15  3.67e-14   154    10     0
3164.72  3.27e-14  2.47e-14   154    34     0
3167.39  5.43e-14  2.66e-14   154    54     0
3170.06 -5.09e-16  4.99e-14   154     0     0
3172.73  4.80e-14  3.11e-14   155    40     0
3175.40  2.29e-14  2.95e-14   155    21     0
3178.07  4.01e-14  3.19e-14   155    36     0
3180.74  5.37e-14  3.22e-14   155    43     0
3183.41  1.45e-14  5.07e-14   156    11     0
3186.07  4.88e-14  2.80e-14   156    46     0
3188.74  4.73e-14  2.79e-14   156    43     0
3191.41  4.71e-14  3.64e-14   156    35     0
3194.08  1.71e-14  3.53e-14   157    12     0
3196.75  3.98e-14  5.32e-14   157    26     0
3199.42  5.08e-14  4.80e-14   157    32     0
3202.09  2.55e-14  3.35e-14   158    19     0
3204.76  6.53e-14  3.42e-14   158    48     0
3207.43  3.93e-14  4.37e-14   158    22     0
3210.10  3.38e-14  4.57e-14   158    18     0
3212.77 -5.36e-14  4.62e-14   159   -28     0
3215.44  4.72e-14  4.65e-14   159    25     0
3218.11  2.54e-14  4.73e-14   159    13     0
3220.78  1.47e-13  5.82e-14   160    98     0
3223.44  3.75e-14  6.41e-14   160    24     0
3226.11  3.46e-14  5.39e-14   160    15     0
3228.78 -4.90e-15  5.46e-14   161    -2     0
3231.45  6.38e-14  5.32e-14   161    31     0
3234.12  3.56e-14  5.16e-14   161    16     0
3236.79 -2.22e-15  5.42e-14   161    -1     0
3239.46 -5.42e-14  5.51e-14   162   -23     0
3242.13  1.10e-13  6.22e-14   162    43     0
3244.80 -1.34e-13  6.22e-14   162   -52     0
3247.47  5.86e-14  7.69e-14   163    18     0
3250.14  5.74e-14  6.59e-14   163    21     0
3252.81  7.85e-14  7.24e-14   163    27     0
3255.48  2.75e-14  6.97e-14   163     9     0
3258.15 -5.86e-14  6.94e-14   164   -20     0
3260.81  7.14e-14  8.16e-14   164    21     0
3263.48  9.27e-14  8.40e-14   164    26     0
3266.15 -1.22e-14  1.13e-13   165    -2     0
3268.82  3.89e-14  1.24e-13   165     7     0
3271.49  5.54e-14  6.90e-14   165    19     0
3274.16  4.42e-14  7.07e-14   166    14     0
3276.83  1.86e-14  1.48e-13   166     3     0
3279.50  1.81e-13  1.38e-13   166    31     0
3282.17  2.49e-14  1.19e-13   166     4     0
3284.84  3.08e-14  1.21e-13   167     6     0
3287.51  7.48e-14  9.79e-14   167    18     0
3290.18  1.94e-13  1.03e-13   167    45     0
3292.85  2.32e-13  1.07e-13   167    52     0
3295.52 -1.43e-13  1.54e-13   168   -21     0
3298.18  4.18e-14  1.59e-13   168     6     0
3300.85  1.54e-13  1.77e-13   168    20     0
3303.52 -1.56e-13  1.94e-13   169   -20     0
3306.19  1.81e-12  1.79e-12   169    27     0
3308.86 -4.42e-13  2.42e-12   169    -6     0
3311.53  1.85e-13  5.51e-13   169    12     0
3314.20 -2.09e-14  3.67e-13   170    -1     0
3316.87  3.57e-13  2.08e-13   170    40     0
3319.54 -1.29e-13  2.10e-13   170   -14     0
3322.21 -3.76e-13  2.71e-13   170   -32     0
3324.88  2.02e-13  2.87e-13   170    16     0
3327.55  3.44e-13  2.11e-13   171    44     0
3330.22  3.85e-13  3.74e-13   171    24     0
3332.89 -8.78e-13  3.84e-13   171   -53     0
3335.55  3.43e-13  4.08e-13   171    19     0
3338.22  1.57e-13  4.17e-13   172     8     0
3340.89 -8.61e-13  7.99e-13   172   -25     0
3343.56 -9.84e-13  8.29e-13   172   -27     0
3346.23 -2.35e-13  3.28e-13   172   -17     0
3348.90 -4.32e-13  3.23e-13   172   -31     0
