NOT ORIGINAL IUE PROJECT DATA PRODUCT
LWR08440LOWLARGE
HD  197481
20:42:06
-31:31:05
48
X-TRAIL
NO
2687.857
05/08/80
01:38:55
218
17.60
16/06/97
GSFC
2444456.56869
63
30
1851.42  6.84e-14  7.40e-14   188    14     0
1854.09  6.22e-15  6.94e-14   188     1     0
1856.76  1.78e-13  7.34e-14   187    39     0
1859.42  7.74e-14  6.72e-14   186    18     0
1862.09  1.96e-14  6.12e-14   185     4     0
1864.76  4.77e-16  5.72e-14   185     0     0
1867.43  8.66e-15  5.50e-14   184     2     0
1870.10  8.90e-15  4.95e-14   184     2     0
1872.77  5.88e-14  4.69e-14   183    20     0
1875.44  7.17e-14  4.00e-14   182    28     0
1878.11 -8.22e-16  3.59e-14   182     0     0
1880.78  7.59e-14  3.95e-14   181    31     0
1883.44  2.89e-14  3.64e-14   181    12     0
1886.11  4.48e-14  3.64e-14   180    19     0
1888.78  2.91e-14  3.43e-14   180    13     0
1891.45 -1.27e-14  3.09e-14   179    -6     0
1894.12  3.90e-14  3.05e-14   179    20     0
1896.79  1.26e-14  2.89e-14   179     7     0
1899.46  2.87e-14  2.85e-14   178    16     0
1902.13  3.01e-14  2.84e-14   178    17     0
1904.80 -2.22e-14  2.72e-14   178   -13     0
1907.46  1.50e-14  2.66e-14   177     9     0
1910.13  4.39e-14  2.76e-14   177    26     0
1912.80  2.18e-14  2.64e-14   177    13     0
1915.47  2.76e-14  2.42e-14   176    19     0
1918.14 -5.54e-15  2.30e-14   176    -3     0
1920.81  6.68e-15  2.11e-14   176     5     0
1923.48  3.32e-14  2.11e-14   176    26     0
1926.15  1.10e-14  2.31e-14   176     7     0
1928.82  7.83e-15  2.23e-14   175     5     0
1931.48  5.88e-15  2.04e-14   175     4     0
1934.15  2.27e-14  2.02e-14   175    19     0
1936.82  1.41e-14  1.85e-14   175    13     0
1939.49 -1.30e-14  1.77e-14   175   -12     0
1942.16 -4.24e-15  1.78e-14   175    -4     0
1944.83 -2.40e-15  1.74e-14   175    -2     0
1947.50  3.79e-15  1.68e-14   175     3     0
1950.17  7.41e-15  1.68e-14   175     7     0
1952.84  2.25e-14  1.68e-14   175    23     0
1955.50  2.20e-15  1.60e-14   174     2     0
1958.17 -1.18e-15  1.56e-14   174    -1     0
1960.84 -1.02e-14  1.52e-14   174   -11     0
1963.51  1.13e-16  1.48e-14   174     0     0
1966.18  2.08e-15  1.49e-14   174     2     0
1968.85 -4.69e-15  1.46e-14   174    -5     0
1971.52  6.51e-15  1.47e-14   174     7     0
1974.19  5.48e-15  1.44e-14   175     6     0
1976.86 -7.83e-16  1.36e-14   175    -1     0
1979.52 -6.14e-15  1.34e-14   175    -8     0
1982.19 -1.85e-15  1.35e-14   175    -2     0
1984.86 -9.77e-15  1.33e-14   175   -13     0
1987.53 -6.19e-15  1.35e-14   175    -8     0
1990.20  1.50e-14  1.36e-14   175    20     0
1992.87 -8.71e-15  1.33e-14   175   -12     0
1995.54  1.20e-14  1.34e-14   175    16     0
1998.21  1.61e-14  1.35e-14   175    22     0
2000.88 -4.86e-15  1.24e-14   175    -7     0
2003.54 -8.37e-15  1.24e-14   176   -12     0
2006.21  1.23e-14  1.29e-14   176    18     0
2008.88 -8.47e-15  1.27e-14   176   -12     0
2011.55 -4.63e-15  1.20e-14   176    -7     0
2014.22 -1.18e-15  1.19e-14   176    -1     0
2016.89  1.03e-15  1.18e-14   176     1     0
2019.56  8.82e-15  1.18e-14   177    14     0
2022.23  7.13e-15  1.26e-14   177    11     0
2024.90  9.41e-15  1.24e-14   177    15     0
2027.56 -2.83e-15  1.19e-14   177    -4     0
2030.23 -4.61e-15  1.12e-14   177    -8     0
2032.90 -8.76e-15  1.12e-14   177   -15     0
2035.57  1.45e-15  1.19e-14   178     2     0
2038.24 -1.69e-15  1.20e-14   178    -2     0
2040.91 -1.87e-14  1.14e-14   178   -33     0
2043.58 -1.85e-14  1.15e-14   178   -32     0
2046.25 -3.15e-15  1.24e-14   179    -5     0
2048.92 -1.12e-14  1.37e-14   179   -19 -4096
2051.58 -3.25e-15  1.30e-14   179    -5 -4096
2054.25  7.83e-15  1.24e-14   179    14     0
2056.92 -3.96e-15  1.17e-14   180    -7     0
2059.59 -2.05e-15  1.14e-14   180    -3     0
2062.26 -5.79e-15  1.22e-14   180   -10     0
2064.93  8.09e-15  1.23e-14   180    14     0
2067.60  1.55e-15  1.12e-14   181     2     0
2070.27  1.32e-14  1.15e-14   181    25     0
2072.94  6.52e-16  1.13e-14   181     1     0
2075.60 -1.15e-14  1.18e-14   181   -21     0
2078.27 -2.05e-15  1.19e-14   182    -3     0
2080.94 -4.38e-15  1.22e-14   182    -7     0
2083.61  1.17e-14  1.24e-14   182    21     0
2086.28 -1.16e-14  1.11e-14   182   -23     0
2088.95 -1.95e-14  1.12e-14   183   -39     0
2091.62 -2.48e-15  1.26e-14   183    -4     0
2094.29  7.04e-15  1.28e-14   183    12     0
2096.96 -5.41e-15  1.17e-14   183   -10     0
2099.62  2.89e-15  1.19e-14   184     5     0
2102.29  2.03e-16  1.24e-14   184     0     0
2104.96  1.31e-15  1.25e-14   184     2     0
2107.63 -5.00e-15  1.24e-14   185    -9     0
2110.30 -6.28e-16  1.25e-14   185    -1     0
2112.97 -6.70e-15  1.25e-14   185   -12     0
2115.64  4.62e-15  1.36e-14   185     7     0
2118.31 -1.73e-15  1.35e-14   186    -3     0
2120.98  4.20e-15  1.26e-14   186     7     0
2123.65  1.24e-14  1.29e-14   186    23     0
2126.31 -8.20e-15  1.28e-14   187   -15     0
2128.98 -6.13e-15  1.29e-14   187   -11     0
2131.65 -2.33e-15  1.25e-14   187    -4     0
2134.32 -7.83e-15  1.26e-14   187   -15     0
2136.99 -1.44e-14  1.30e-14   188   -26     0
2139.66  5.54e-15  1.31e-14   188    10     0
2142.33 -5.68e-15  1.27e-14   188   -11     0
2145.00 -1.93e-14  1.27e-14   189   -37     0
2147.67 -7.22e-15  1.37e-14   189   -13     0
2150.33 -1.35e-14  1.35e-14   189   -24     0
2153.00 -1.72e-14  1.35e-14   189   -31     0
2155.67 -5.50e-15  1.41e-14   190    -9     0
2158.34 -1.10e-14  1.41e-14   190   -19     0
2161.01 -1.60e-15  1.38e-14   190    -2     0
2163.68 -9.18e-15  1.38e-14   191   -16     0
2166.35 -3.80e-15  1.36e-14   191    -7     0
2169.02 -9.49e-15  1.37e-14   191   -17     0
2171.69 -1.70e-14  1.43e-14   191   -30     0
2174.35 -1.11e-14  1.44e-14   192   -20     0
2177.02  8.78e-16  1.45e-14   192     1     0
2179.69 -2.10e-14  1.46e-14   192   -37     0
2182.36 -8.67e-15  1.33e-14   193   -17     0
2185.03 -1.50e-14  1.39e-14   193   -28     0
2187.70  8.85e-15  3.50e-14   193    16     0
2190.37 -1.33e-14  1.42e-14   193   -26     0
2193.04 -1.14e-14  1.36e-14   194   -22     0
2195.71 -8.45e-15  1.40e-14   194   -16     0
2198.37  3.00e-15  1.39e-14   194     5     0
2201.04 -1.51e-14  1.39e-14   194   -29     0
2203.71 -7.78e-15  1.38e-14   195   -15     0
2206.38 -3.56e-15  1.39e-14   195    -6     0
2209.05  2.62e-15  1.38e-14   195     5     0
2211.72 -1.35e-15  1.33e-14   195    -2     0
2214.39 -1.15e-14  1.34e-14   196   -23     0
2217.06 -2.52e-15  1.46e-14   196    -4     0
2219.73 -6.80e-15  1.48e-14   196   -12     0
2222.39  1.50e-14  1.45e-14   196    29     0
2225.06  1.02e-14  1.45e-14   197    19     0
2227.73 -3.01e-15  1.43e-14   197    -5     0
2230.40  4.96e-16  1.41e-14   197     0     0
2233.07 -7.30e-15  1.39e-14   197   -14     0
2235.74 -1.18e-14  1.38e-14   198   -24     0
2238.41 -1.75e-14  1.35e-14   198   -36     0
2241.08 -1.25e-14  1.40e-14   198   -25     0
2243.75 -1.73e-14  1.39e-14   198   -35     0
2246.41  8.61e-15  1.27e-14   199    19     0
2249.08 -6.27e-15  1.25e-14   199   -14     0
2251.75  9.31e-15  1.28e-14   199    21     0
2254.42  1.41e-14  1.28e-14   199    32     0
2257.09 -2.03e-14  1.32e-14   200   -45     0
2259.76 -1.35e-14  1.31e-14   200   -30     0
2262.43  3.69e-16  1.31e-14   200     0     0
2265.10  5.20e-15  1.23e-14   200    12     0
2267.77  9.62e-15  1.23e-14   200    23     0
2270.43 -2.08e-15  1.16e-14   201    -5     0
2273.10 -4.95e-15  1.15e-14   201   -12     0
2275.77  4.53e-15  1.20e-14   201    11     0
2278.44 -1.32e-14  1.18e-14   201   -33     0
2281.11  6.96e-15  1.32e-14   201    16     0
2283.78  1.37e-15  1.30e-14   202     3     0
2286.45  3.10e-16  1.03e-14   202     0     0
2289.12  4.23e-16  1.03e-14   202     1     0
2291.79 -1.51e-15  1.11e-14   202    -4     0
2294.45  6.70e-15  1.12e-14   202    18     0
2297.12  1.53e-14  1.18e-14   203    40     0
2299.79  4.26e-15  1.17e-14   203    11     0
2302.46  2.84e-15  1.24e-14   203     7     0
2305.13 -4.67e-15  1.16e-14   203   -12     0
2307.80 -9.69e-15  1.15e-14   203   -26     0
2310.47  2.26e-14  1.11e-14   203    65     0
2313.14  1.58e-14  1.09e-14   204    46     0
2315.81  7.36e-15  1.15e-14   204    20     0
2318.47  1.77e-14  1.12e-14   204    50     0
2321.14 -1.37e-14  1.03e-14   204   -42     0
2323.81  2.59e-14  1.21e-14   204    80     0
2326.48  2.87e-14  1.07e-14   204    99     0
2329.15  2.87e-14  2.01e-14   205   100     0
2331.82  4.12e-15  9.29e-15   205    14     0
2334.49  2.26e-14  9.76e-15   205    79     0
2337.16  2.43e-14  9.52e-15   205    89     0
2339.83  1.83e-14  9.06e-15   205    68     0
2342.49  1.43e-14  9.50e-15   205    52     0
2345.16  6.82e-16  8.46e-15   206     2     0
2347.83  1.68e-14  8.58e-15   206    65     0
2350.50  3.73e-14  9.41e-15   206   140     0
2353.17  3.88e-15  8.60e-15   206    14     0
2355.84  5.29e-15  8.61e-15   206    20     0
2358.51  8.38e-15  8.58e-15   206    32     0
2361.18 -7.66e-15  8.25e-15   206   -30     0
2363.85 -7.44e-16  8.19e-15   207    -3     0
2366.51  9.32e-15  9.32e-15   207    35     0
2369.18  3.94e-14  2.41e-14   207   150     0
2371.85  2.77e-14  1.65e-14   207   109     0
2374.52  3.18e-14  1.26e-14   207   126     0
2377.19  1.98e-14  8.25e-15   207    83     0
2379.86  3.82e-15  7.97e-15   207    16     0
2382.53  1.95e-14  8.60e-15   207    78     0
2385.20  1.46e-14  8.74e-15   207    57     0
2387.87  3.92e-14  1.34e-14   208   155     0
2390.53  2.14e-14  1.26e-14   208    87     0
2393.20  2.79e-14  1.25e-14   208   114     0
2395.87  1.76e-14  7.80e-15   208    78     0
2398.54  1.41e-14  1.08e-14   208    63     0
2401.21  9.33e-15  7.90e-15   208    40     0
2403.88  1.17e-14  7.88e-15   208    51     0
2406.55  1.48e-14  7.78e-15   208    66     0
2409.22  1.87e-14  8.33e-15   208    84     0
2411.89  2.12e-14  7.82e-15   208    96     0
2414.55  5.57e-15  7.53e-15   209    25     0
2417.22  1.52e-14  7.82e-15   209    68     0
2419.89  2.48e-15  7.55e-15   209    11     0
2422.56  2.09e-14  8.02e-15   209    94     0
2425.23  8.19e-15  7.44e-15   209    39     0
2427.90  1.23e-14  1.39e-14   209    60     0
2430.57  1.13e-14  8.61e-15   209    54     0
2433.24 -5.04e-15  7.15e-15   209   -24     0
2435.91  1.03e-14  7.40e-15   209    49     0
2438.57  2.23e-14  1.08e-14   209   108     0
2441.24  2.91e-15  6.85e-15   209    14     0
2443.91  3.42e-14  2.55e-14   209   178     0
2446.58  1.34e-14  7.15e-15   210    71     0
2449.25  1.06e-14  6.64e-15   210    57     0
2451.92  9.07e-15  6.39e-15   210    51     0
2454.59  3.09e-15  6.25e-15   210    17     0
2457.26  2.26e-14  7.62e-15   210   124     0
2459.93 -4.38e-15  6.41e-15   210   -24     0
2462.59 -3.46e-15  6.16e-15   210   -20     0
2465.26  3.07e-15  6.09e-15   210    18     0
2467.93  1.25e-14  6.18e-15   210    73     0
2470.60  4.28e-16  6.33e-15   210     2     0
2473.27  9.77e-15  6.42e-15   210    55     0
2475.94  2.13e-14  1.03e-14   210   122     0
2478.61  2.04e-14  1.13e-14   210   117     0
2481.28  9.65e-15  6.32e-15   210    55     0
2483.95  9.79e-15  6.32e-15   210    56     0
2486.61  9.90e-15  5.92e-15   210    61     0
2489.28  4.07e-16  5.81e-15   210     2     0
2491.95  1.02e-14  6.87e-15   211    54     0
2494.62  1.12e-14  6.97e-15   211    60     0
2497.29  2.93e-15  6.24e-15   211    17     0
2499.96 -3.06e-16  6.21e-15   211    -1     0
2502.63  3.99e-15  5.78e-15   211    25     0
2505.30  5.58e-15  7.21e-15   211    33     0
2507.97  1.43e-14  6.22e-15   211    86     0
2510.63  5.38e-15  5.67e-15   211    34     0
2513.30  1.31e-14  7.66e-15   211    85     0
2515.97  9.24e-15  7.85e-15   211    54     0
2518.64  1.30e-14  6.26e-15   211    77     0
2521.31  1.07e-14  6.07e-15   211    65     0
2523.98 -2.10e-15  5.88e-15   211   -13     0
2526.65  6.35e-15  5.69e-15   211    41     0
2529.32  1.40e-14  5.97e-15   211    91     0
2531.99  5.41e-15  5.63e-15   211    35     0
2534.65  7.04e-15  5.95e-15   211    46     0
2537.32  6.08e-15  5.33e-15   211    42     0
2539.99  5.87e-15  5.32e-15   211    41     0
2542.66  1.04e-14  5.61e-15   211    75     0
2545.33  8.06e-15  5.71e-15   211    57     0
2548.00  2.07e-14  6.10e-15   211   151     0
2550.67  5.71e-15  5.39e-15   211    39     0
2553.34  1.52e-14  9.53e-15   211   107     0
2556.01  6.46e-15  5.56e-15   211    44     0
2558.67  1.61e-14  8.23e-15   211   112     0
2561.34  7.30e-15  5.19e-15   211    52     0
2564.01  6.12e-15  7.16e-15   211    44     0
2566.68  3.83e-15  4.79e-15   211    29     0
2569.35  1.86e-15  4.77e-15   211    14     0
2572.02  1.10e-14  5.28e-15   211    83     0
2574.69  1.24e-14  5.60e-15   211    93 -4096
2577.36  1.05e-14  5.78e-15   211    76 -4096
2580.03  4.86e-15  5.17e-15   211    37     0
2582.69  4.70e-15  4.93e-15   211    36     0
2585.36  1.02e-14  5.81e-15   211    75     0
2588.03  1.33e-14  5.17e-15   211    98     0
2590.70  9.21e-15  4.96e-15   211    71     0
2593.37  1.51e-14  6.68e-15   211   117     0
2596.04  1.07e-14  4.85e-15   211    84     0
2598.71  2.88e-14  1.04e-14   211   231     0
2601.38  1.69e-14  4.97e-15   211   133     0
2604.05  2.42e-14  6.64e-15   211   192     0
2606.71  1.69e-14  4.52e-15   211   146     0
2609.38  1.11e-14  4.40e-15   211    97     0
2612.05  2.83e-14  6.04e-15   211   238     0
2614.72  2.55e-14  5.03e-15   211   217     0
2617.39  1.35e-14  5.90e-15   211   113     0
2620.06  2.19e-14  5.50e-15   211   189     0
2622.73  2.01e-14  4.55e-15   211   175     0
2625.40  2.56e-14  6.45e-15   211   217     0
2628.07  2.51e-14  8.21e-15   211   214     0
2630.73  3.38e-14  8.46e-15   211   294     0
2633.40  2.59e-14  6.39e-15   211   226     0
2636.07  1.65e-14  7.37e-15   211   138     0
2638.74  1.61e-14  4.82e-15   211   135     0
2641.41  6.14e-15  4.29e-15   211    54     0
2644.08 -1.30e-15  4.23e-15   211   -11     0
2646.75 -2.24e-16  4.45e-15   211    -1     0
2649.42  8.64e-16  4.45e-15   211     7     0
2652.09  2.90e-15  4.24e-15   211    25     0
2654.75  3.46e-15  4.25e-15   211    30     0
2657.42  4.46e-16  4.32e-15   211     3     0
2660.09  1.28e-14  4.21e-15   211   117     0
2662.76  6.31e-15  4.12e-15   211    58     0
2665.43  6.45e-15  4.13e-15   211    59     0
2668.10  1.30e-15  4.05e-15   211    12     0
2670.77  9.34e-15  4.10e-15   211    87     0
2673.44  2.27e-15  3.99e-15   211    21     0
2676.11 -8.77e-16  4.02e-15   211    -8     0
2678.77 -7.74e-16  3.97e-15   211    -7     0
2681.44  3.35e-15  3.97e-15   211    31     0
2684.11 -1.81e-15  3.90e-15   211   -17     0
2686.78 -5.63e-15  3.92e-15   211   -53     0
2689.45  3.82e-15  3.91e-15   211    36     0
2692.12  8.80e-15  4.17e-15   210    81     0
2694.79  2.96e-15  4.10e-15   210    27     0
2697.46  4.19e-15  4.44e-15   210    35     0
2700.13  4.02e-15  3.99e-15   210    39     0
2702.79  2.92e-15  3.84e-15   210    28     0
2705.46  2.94e-15  4.08e-15   210    27     0
2708.13  1.35e-14  4.91e-15   210   124     0
2710.80  4.55e-15  3.92e-15   210    43     0
2713.47  6.18e-15  3.91e-15   210    59     0
2716.14  7.86e-15  4.24e-15   210    74     0
2718.81  7.96e-15  4.27e-15   210    75     0
2721.48 -1.84e-15  4.06e-15   210   -16     0
2724.15  1.27e-14  4.33e-15   210   117     0
2726.81  1.70e-14  6.49e-15   210   169     0
2729.48  5.56e-15  3.76e-15   210    55     0
2732.15  2.11e-15  4.01e-15   210    19     0
2734.82  2.36e-14  7.03e-15   210   220     0
2737.49  9.54e-15  3.93e-15   209    92     0
2740.16  6.58e-15  3.96e-15   209    62     0
2742.83  2.34e-14  6.76e-15   209   222     0
2745.50  1.01e-14  3.86e-15   209    99     0
2748.17  9.63e-15  3.86e-15   209    94     0
2750.83  1.59e-14  4.27e-15   209   154     0
2753.50  2.36e-14  5.48e-15   209   229     0
2756.17  1.27e-14  3.83e-15   209   127     0
2758.84  9.86e-15  3.79e-15   209    98     0
2761.51  1.33e-14  4.12e-15   209   130     0
2764.18  1.08e-14  4.38e-15   209   105     0
2766.85  1.07e-14  4.00e-15   209   101     0
2769.52  4.65e-15  3.93e-15   208    43     0
2772.19  1.00e-14  4.13e-15   208    93     0
2774.85  3.91e-15  3.95e-15   208    36     0
2777.52  1.19e-14  4.86e-15   208   113     0
2780.19  1.37e-14  5.60e-15   208   130 -4096
2782.86 -2.55e-16  4.21e-15   208    -2 -4096
2785.53  8.85e-15  4.11e-15   208    85     0
2788.20  1.04e-14  3.90e-15   208    99     0
2790.87  2.58e-14  8.54e-15   208   262     0
2793.54  7.98e-14  2.11e-14   207   810     0
2796.21  1.21e-13  2.37e-14   207  1161     0
2798.87  1.49e-13  3.23e-14   207  1423     0
2801.54  1.29e-13  2.89e-14   207  1274     0
2804.21  1.25e-13  2.80e-14   207  1231     0
2806.88  7.48e-14  1.39e-14   207   690     0
2809.55  3.75e-14  9.35e-15   207   345     0
2812.22  1.97e-14  6.53e-15   207   193     0
2814.89  9.57e-15  4.02e-15   206    93     0
2817.56  7.52e-15  3.93e-15   206    73     0
2820.23  1.04e-14  3.89e-15   206   101     0
2822.90  8.34e-15  3.80e-15   206    80     0
2825.56  9.32e-15  4.11e-15   206    83     0
2828.23 -1.53e-15  4.00e-15   206   -13     0
2830.90  9.02e-15  4.13e-15   206    80     0
2833.57  1.10e-14  4.15e-15   205    97     0
2836.24  5.48e-15  3.97e-15   205    50     0
2838.91  1.14e-14  4.30e-15   205   103     0
2841.58  1.95e-14  4.22e-15   205   203     0
2844.25  6.93e-15  3.47e-15   205    72     0
2846.92  1.33e-14  3.92e-15   205   127     0
2849.58  1.35e-14  4.05e-15   204   128     0
2852.25  5.95e-15  3.71e-15   204    57     0
2854.92  8.59e-15  4.61e-15   204    82     0
2857.59  9.17e-15  3.77e-15   204    88     0
2860.26  6.97e-15  4.58e-15   204    66     0
2862.93  1.50e-14  4.30e-15   203   142     0
2865.60  9.01e-15  3.70e-15   203    89     0
2868.27  7.20e-15  3.69e-15   203    71     0
2870.94  1.02e-14  3.95e-15   203    95     0
2873.60  1.12e-14  5.55e-15   203   104     0
2876.27  3.25e-15  3.92e-15   202    29     0
2878.94  2.12e-14  4.25e-15   202   189     0
2881.61  9.74e-15  4.83e-15   202    90     0
2884.28  1.90e-14  4.04e-15   202   175     0
2886.95  1.01e-14  4.18e-15   202    93     0
2889.62  9.16e-15  5.27e-15   201    84     0
2892.29  1.27e-14  3.97e-15   201   116     0
2894.96  1.02e-14  6.97e-15   201    93     0
2897.62  1.22e-14  4.17e-15   201   108     0
2900.29  1.64e-14  5.06e-15   200   153     0
2902.96  2.45e-15  3.74e-15   200    22     0
2905.63  6.57e-15  4.89e-15   200    53     0
2908.30  3.47e-15  4.21e-15   200    28     0
2910.97  4.50e-15  3.98e-15   199    38     0
2913.64  6.32e-15  4.03e-15   199    53     0
2916.31  1.18e-14  5.78e-15   199   102     0
2918.98  1.62e-14  5.83e-15   199   138     0
2921.64  1.34e-14  4.76e-15   198   105     0
2924.31  1.05e-14  5.43e-15   198    81     0
2926.98  2.36e-14  5.29e-15   198   189     0
2929.65  1.87e-14  7.35e-15   197   148     0
2932.32  1.36e-14  7.69e-15   197   113     0
2934.99  1.52e-14  4.71e-15   197   127     0
2937.66  1.73e-14  4.92e-15   196   128     0
2940.33  1.13e-14  5.03e-15   196    93     0
2943.00  8.40e-15  4.53e-15   196    69     0
2945.66  1.54e-14  5.11e-15   195   119     0
2948.33  1.72e-14  4.54e-15   195   132     0
2951.00  1.27e-14  6.25e-15   195    97     0
2953.67  2.31e-14  7.76e-15   194   176     0
2956.34  1.97e-14  4.31e-15   194   160     0
2959.01  1.38e-14  4.65e-15   194   111     0
2961.68  1.21e-14  4.93e-15   193    89     0
2964.35  1.05e-14  5.73e-15   193    76     0
2967.02  7.10e-15  4.41e-15   193    53     0
2969.68  1.19e-14  5.08e-15   192    88     0
2972.35  1.39e-14  5.16e-15   192    99     0
2975.02  2.45e-14  6.76e-15   192   165     0
2977.69  2.26e-14  8.78e-15   191   150     0
2980.36  1.36e-14  6.07e-15   191    97     0
2983.03  7.80e-15  4.57e-15   190    55     0
2985.70  8.59e-15  4.64e-15   190    59     0
2988.37  2.21e-14  4.86e-15   190   152     0
2991.04  2.02e-14  5.03e-15   189   133     0
2993.70  1.23e-14  6.22e-15   189    81     0
2996.37  2.39e-14  6.48e-15   188   165     0
2999.04  8.87e-15  4.64e-15   188    61     0
3001.71  1.97e-14  8.57e-15   187   127     0
3004.38  3.03e-14  1.09e-14   187   195     0
3007.05  1.29e-14  6.55e-15   187    90     0
3009.72  1.30e-14  4.68e-15   186    90     0
3012.39  1.69e-14  5.27e-15   186   103     0
3015.06  1.37e-14  6.77e-15   185    81     0
3017.72  1.46e-14  5.61e-15   185    85     0
3020.39  1.45e-14  5.16e-15   184    89     0
3023.06  8.33e-15  5.10e-15   184    50     0
3025.73  1.01e-14  6.29e-15   183    60     0
3028.40  1.59e-14  5.97e-15   183    93     0
3031.07  1.02e-14  5.48e-15   182    57     0
3033.74  1.71e-14  5.78e-15   182    95     0
3036.41  7.98e-15  7.04e-15   181    44     0
3039.08  1.23e-14  6.47e-15   181    67     0
3041.74  1.14e-14  9.18e-15   180    62     0
3044.41  2.06e-14  6.14e-15   180   112     0
3047.08  1.31e-14  6.47e-15   179    61     0
3049.75  2.47e-14  1.18e-14   179   114     0
3052.42  1.30e-14  6.23e-15   178    63     0
3055.09  2.28e-14  8.19e-15   177   113     0
3057.76  2.92e-14  9.68e-15   177   143     0
3060.43 -2.05e-15  6.19e-15   176    -9     0
3063.10  1.42e-14  6.53e-15   176    66     0
3065.76  3.05e-14  1.11e-14   175   146     0
3068.43  1.50e-14  8.98e-15   175    70     0
3071.10  1.07e-14  6.52e-15   174    48     0
3073.77  6.91e-15  6.58e-15   173    30     0
3076.44  1.26e-14  1.04e-14   173    58     0
3079.11  2.82e-14  8.51e-15   172   128     0
3081.78  2.11e-14  7.60e-15   172    86     0
3084.45  2.29e-14  9.90e-15   171    91     0
3087.12  3.61e-14  8.85e-15   170   135     0
3089.78  2.28e-14  1.05e-14   170    84     0
3092.45  2.20e-14  1.12e-14   169    86     0
3095.12  2.94e-15  8.03e-15   168    10     0
3097.79  2.93e-14  1.14e-14   168   100     0
3100.46  8.74e-15  7.90e-15   167    31     0
3103.13  2.04e-14  8.21e-15   166    71     0
3105.80  1.49e-14  9.00e-15   166    54     0
3108.47  1.55e-14  8.91e-15   165    55     0
3111.14  3.52e-14  8.90e-15   164   115     0
3113.80  8.65e-15  1.08e-14   164    27     0
3116.47  3.31e-15  9.90e-15   163     9     0
3119.14  2.94e-14  1.58e-14   162    80     0
3121.81  2.22e-14  1.00e-14   161    64     0
3124.48  2.37e-14  1.24e-14   161    67     0
3127.15  4.11e-14  1.05e-14   160   112     0
3129.82  2.23e-14  1.04e-14   159    59     0
3132.49  6.05e-15  9.61e-15   158    16     0
3135.16  4.55e-14  1.25e-14   158   127     0
3137.82  1.02e-14  1.24e-14   157    27     0
3140.49  1.74e-14  1.10e-14   156    42     0
3143.16  4.03e-14  1.21e-14   155    97     0
3145.83  1.41e-14  1.13e-14   155    33     0
3148.50  4.68e-14  2.05e-14   154   108     0
3151.17  1.43e-14  1.19e-14   153    32     0
3153.84  2.44e-14  1.57e-14   152    53     0
3156.51  1.00e-14  1.05e-14   151    25     0
3159.18  2.49e-14  1.09e-14   151    61     0
3161.84  3.30e-14  1.13e-14   150    78     0
3164.51  2.54e-14  1.26e-14   149    59     0
3167.18  2.85e-14  1.23e-14   148    64     0
3169.85  3.60e-14  1.21e-14   147    80     0
3172.52  7.13e-14  2.19e-14   146   139     0
3175.19  3.86e-14  1.35e-14   146    76     0
3177.86  4.33e-14  1.40e-14   145    83     0
3180.53  3.32e-14  1.51e-14   144    57     0
3183.20  8.20e-14  1.71e-14   143   138     0
3185.86  3.38e-14  1.28e-14   142    69     0
3188.53  4.43e-14  1.95e-14   141    88     0
3191.20  4.13e-14  1.61e-14   140    71     0
3193.87  1.84e-14  1.50e-14   139    30     0
3196.54  3.02e-14  1.73e-14   139    46     0
3199.21  3.28e-14  1.76e-14   138    48     0
3201.88  2.27e-14  1.46e-14   137    39     0
3204.55  9.22e-15  1.48e-14   136    15     0
3207.22  3.44e-14  1.84e-14   135    46     0
3209.88  1.40e-14  2.53e-14   134    18     0
3212.55  8.14e-15  2.10e-14   133     9     0
3215.22  1.69e-14  2.19e-14   132    18     0
3217.89  1.94e-14  2.24e-14   131    21     0
3220.56  4.65e-14  2.35e-14   130    68     0
3223.23  5.54e-14  2.84e-14   129    79     0
3225.90  8.22e-14  2.58e-14   128    90     0
3228.57  7.05e-14  2.74e-14   127    75     0
3231.24 -1.34e-15  2.11e-14   126    -1     0
3233.90  1.35e-14  2.18e-14   125    15     0
3236.57  1.95e-14  2.47e-14   124    18     0
3239.24  3.57e-14  3.53e-14   123    33     0
3241.91  1.55e-14  2.81e-14   123    13     0
3244.58  1.82e-14  3.46e-14   122    15     0
3247.25 -1.11e-14  3.60e-14   121    -7     0
3249.92  3.41e-14  4.02e-14   120    21     0
3252.59  4.20e-14  2.91e-14   119    34     0
3255.26  7.48e-14  4.18e-14   118    62     0
3257.92  1.66e-14  2.92e-14   117    13     0
3260.59  4.03e-14  3.42e-14   116    27     0
3263.26 -1.93e-14  3.49e-14   114   -12     0
3265.93  6.42e-14  4.62e-14   113    32     0
3268.60  5.59e-14  4.74e-14   112    27     0
3271.27  9.08e-14  5.20e-14   111    71     0
3273.94  1.10e-13  6.62e-14   110    84     0
3276.61  2.71e-14  5.80e-14   109    10     0
3279.28 -1.85e-14  5.87e-14   108    -7     0
3281.94 -1.22e-14  4.73e-14   107    -5     0
3284.61  5.28e-14  4.86e-14   106    25     0
3287.28  5.32e-14  3.50e-14   105    35     0
3289.95  7.05e-14  3.57e-14   104    45     0
3292.62  7.67e-14  4.00e-14   103    44     0
3295.29  8.43e-14  1.07e-13   102    33     0
3297.96  1.49e-13  6.26e-14   101    57     0
3300.63 -5.54e-14  6.63e-14   100   -18     0
3303.30  4.87e-14  8.96e-14    99    15     0
3305.96  5.95e-13  4.84e-13    98    35 -4096
3308.63  1.03e-12  7.81e-13    97    59 -4096
3311.30  2.62e-13  1.65e-13    96    39 -4096
3313.97  1.10e-13  1.53e-13    95    16     0
3316.64  1.28e-14  1.02e-13    94     2     0
3319.31  1.32e-14  1.06e-13    93     2     0
3321.98  1.71e-13  9.68e-14    91    40     0
3324.65  4.14e-13  1.50e-13    90    93     0
3327.32  2.82e-13  1.20e-13    89   100     0
3329.98  7.03e-14  6.50e-14    88    24     0
3332.65  5.19e-14  1.40e-13    87     8     0
3335.32 -1.48e-13  1.70e-13    86   -19     0
3337.99 -5.42e-14  1.75e-13    85    -6     0
3340.66  4.44e-13  4.96e-13    84    19     0
3343.33  4.82e-13  5.12e-13    83    21     0
3346.00  2.93e-13  1.75e-13    82    37     0
3348.67 -1.03e-13  1.76e-13    81   -12     0
