NOT ORIGINAL IUE PROJECT DATA PRODUCT
LWR08444LOWLARGE
HD  197481
20:42:06
-31:31:05
48
X-TRAIL
NO
2687.857
05/08/80
17:03:42
218
16.90
12/09/97
GSFC
2444457.21090
66
31
1851.42  1.49e-14  7.65e-14   227     3     0
1854.09  4.77e-14  7.35e-14   227    10     0
1856.76  1.16e-13  7.51e-14   226    25     0
1859.42 -8.12e-16  6.93e-14   225     0     0
1862.09 -2.09e-15  6.40e-14   225     0     0
1864.76  7.84e-14  6.15e-14   224    21     0
1867.43  1.15e-13  5.97e-14   224    32     0
1870.10  4.98e-14  5.28e-14   223    15     0
1872.77  9.34e-14  5.00e-14   223    31     0
1875.44  4.68e-14  4.15e-14   223    18     0
1878.11  3.79e-14  3.83e-14   222    16     0
1880.78  6.78e-14  4.13e-14   222    28     0
1883.44  4.70e-14  3.87e-14   222    20     0
1886.11  6.41e-14  3.85e-14   221    28     0
1888.78  3.70e-14  3.63e-14   221    17     0
1891.45  5.52e-14  3.34e-14   221    28     0
1894.12  1.34e-13  3.40e-14   221    71     0
1896.79  6.86e-14  3.16e-14   221    38     0
1899.46  1.47e-14  2.97e-14   221     8     0
1902.13  2.21e-14  2.97e-14   220    12     0
1904.80  2.49e-14  2.90e-14   220    14     0
1907.46  3.77e-14  2.84e-14   220    23     0
1910.13  3.77e-14  2.88e-14   220    22     0
1912.80  2.39e-14  2.79e-14   220    14     0
1915.47  1.45e-14  2.51e-14   220    10     0
1918.14  2.53e-14  2.47e-14   220    18     0
1920.81  3.91e-14  2.28e-14   220    30     0
1923.48  3.63e-14  2.23e-14   220    29     0
1926.15  6.68e-15  2.42e-14   220     4     0
1928.82  3.87e-14  2.42e-14   220    29     0
1931.48  3.27e-14  2.20e-14   221    26     0
1934.15  2.51e-14  2.12e-14   221    21     0
1936.82  8.63e-15  1.94e-14   221     7     0
1939.49  6.82e-15  1.88e-14   221     6     0
1942.16  2.38e-14  1.92e-14   221    22     0
1944.83  1.97e-15  1.83e-14   221     1     0
1947.50  9.37e-15  1.79e-14   221     9     0
1950.17  3.00e-15  1.76e-14   222     3     0
1952.84  2.43e-14  1.77e-14   222    25     0
1955.50  2.21e-14  1.72e-14   222    24     0
1958.17  3.63e-14  1.72e-14   222    40     0
1960.84  3.44e-14  1.76e-14   223    39     0
1963.51  2.28e-14  1.61e-14   223    27     0
1966.18  6.84e-15  1.58e-14   223     8     0
1968.85 -5.02e-15  1.54e-14   223    -6     0
1971.52  4.83e-15  1.55e-14   224     5     0
1974.19 -4.20e-15  1.52e-14   224    -5     0
1976.86  1.23e-14  1.46e-14   224    16     0
1979.52  6.72e-15  1.42e-14   225     9     0
1982.19  1.45e-14  1.45e-14   225    19     0
1984.86  2.37e-15  1.40e-14   225     3     0
1987.53 -1.46e-14  1.42e-14   226   -20     0
1990.20  3.59e-14  1.49e-14   226    49     0
1992.87  1.21e-14  1.43e-14   226    16     0
1995.54  3.98e-15  1.40e-14   227     5     0
1998.21 -6.43e-15  1.39e-14   227    -9     0
2000.88  3.99e-15  1.32e-14   228     6     0
2003.54  1.18e-14  1.33e-14   228    18     0
2006.21  1.90e-14  1.38e-14   228    28     0
2008.88 -1.10e-15  1.34e-14   229    -1     0
2011.55 -5.03e-15  1.27e-14   229    -8     0
2014.22  1.44e-14  1.28e-14   229    23     0
2016.89  1.14e-14  1.26e-14   230    18     0
2019.56 -3.78e-15  1.23e-14   230    -6     0
2022.23  4.58e-15  1.31e-14   231     7     0
2024.90  9.69e-15  1.31e-14   231    15     0
2027.56 -5.37e-15  1.25e-14   232    -9     0
2030.23  7.49e-16  1.18e-14   232     1     0
2032.90 -1.14e-14  1.18e-14   232   -20     0
2035.57  1.47e-16  1.26e-14   233     0     0
2038.24 -4.97e-15  1.26e-14   233    -8     0
2040.91 -1.23e-14  1.20e-14   234   -22     0
2043.58 -1.32e-14  1.21e-14   234   -23     0
2046.25 -7.39e-15  1.31e-14   234   -12     0
2048.92 -7.03e-15  1.44e-14   235   -12 -4096
2051.58  2.37e-15  1.37e-14   235     4 -4096
2054.25  2.83e-15  1.30e-14   236     5     0
2056.92 -5.97e-15  1.24e-14   236   -10     0
2059.59 -8.25e-15  1.21e-14   237   -15     0
2062.26  9.14e-16  1.29e-14   237     1     0
2064.93 -8.21e-15  1.28e-14   237   -14     0
2067.60 -1.37e-14  1.18e-14   238   -26     0
2070.27  2.79e-15  1.19e-14   238     5     0
2072.94 -1.70e-15  1.19e-14   239    -3     0
2075.60 -1.12e-14  1.25e-14   239   -20     0
2078.27  6.18e-15  1.26e-14   240    11     0
2080.94 -5.32e-16  1.28e-14   240     0     0
2083.61  6.29e-15  1.30e-14   240    11     0
2086.28 -7.64e-15  1.16e-14   241   -15     0
2088.95 -1.45e-14  1.17e-14   241   -29     0
2091.62 -1.56e-14  1.32e-14   242   -27     0
2094.29 -6.98e-15  1.34e-14   242   -12     0
2096.96 -9.50e-15  1.23e-14   243   -18     0
2099.62 -9.02e-15  1.24e-14   243   -17     0
2102.29 -8.00e-15  1.30e-14   243   -14     0
2104.96 -4.33e-15  1.31e-14   244    -7     0
2107.63 -1.14e-14  1.30e-14   244   -21     0
2110.30  8.25e-15  1.33e-14   245    15     0
2112.97 -5.04e-15  1.31e-14   245    -9     0
2115.64  1.26e-14  1.48e-14   245    21     0
2118.31  9.43e-16  1.41e-14   246     1     0
2120.98 -3.61e-15  1.32e-14   246    -6     0
2123.65 -3.18e-15  1.33e-14   247    -6     0
2126.31 -2.08e-14  1.34e-14   247   -38     0
2128.98 -2.37e-14  1.35e-14   247   -44     0
2131.65 -1.27e-14  1.31e-14   248   -24     0
2134.32 -5.92e-16  1.32e-14   248    -1     0
2136.99 -2.45e-14  1.36e-14   248   -45     0
2139.66 -8.17e-16  1.37e-14   249    -1     0
2142.33 -1.12e-14  1.33e-14   249   -21     0
2145.00 -2.38e-14  1.33e-14   250   -46     0
2147.67 -1.52e-14  1.43e-14   250   -27     0
2150.33 -8.05e-15  1.41e-14   250   -14     0
2153.00 -2.28e-14  1.41e-14   251   -42     0
2155.67 -1.21e-14  1.48e-14   251   -21     0
2158.34 -4.39e-15  1.48e-14   251    -7     0
2161.01  3.54e-15  1.44e-14   252     6     0
2163.68  1.55e-14  1.47e-14   252    28     0
2166.35  1.70e-14  1.44e-14   252    31     0
2169.02  7.52e-15  1.44e-14   253    14     0
2171.69 -1.53e-15  1.49e-14   253    -2     0
2174.35 -3.53e-15  1.50e-14   253    -6     0
2177.02  2.86e-15  1.51e-14   254     5     0
2179.69 -2.33e-14  1.52e-14   254   -42     0
2182.36 -5.03e-15  1.39e-14   254    -9     0
2185.03  3.26e-14  1.52e-14   254    62     0
2187.70  3.28e-14  5.58e-14   255    62     0
2190.37 -7.94e-15  1.48e-14   255   -15     0
2193.04 -3.17e-14  1.44e-14   255   -64     0
2195.71 -1.58e-14  1.46e-14   256   -30     0
2198.37 -6.87e-15  1.45e-14   256   -13     0
2201.04 -2.04e-14  1.44e-14   256   -39     0
2203.71 -2.42e-14  1.43e-14   256   -47     0
2206.38  5.99e-16  1.44e-14   257     1     0
2209.05  1.38e-15  1.43e-14   257     2     0
2211.72  4.85e-15  1.38e-14   257    10     0
2214.39 -1.87e-14  1.39e-14   258   -38     0
2217.06 -2.46e-14  1.52e-14   258   -46     0
2219.73 -8.54e-15  1.54e-14   258   -16     0
2222.39  1.99e-14  1.52e-14   258    38     0
2225.06  1.81e-15  1.50e-14   259     3     0
2227.73 -2.10e-15  1.48e-14   259    -4     0
2230.40 -7.79e-15  1.46e-14   259   -15     0
2233.07 -3.38e-15  1.45e-14   259    -6     0
2235.74  9.46e-15  1.43e-14   259    19     0
2238.41 -8.48e-15  1.40e-14   260   -17     0
2241.08 -3.63e-15  1.45e-14   260    -7     0
2243.75 -2.32e-14  1.44e-14   260   -48     0
2246.41  1.53e-14  1.32e-14   260    35     0
2249.08 -6.34e-16  1.29e-14   261    -1     0
2251.75 -2.57e-16  1.31e-14   261     0     0
2254.42  8.13e-15  1.31e-14   261    18     0
2257.09 -2.29e-14  1.36e-14   261   -51     0
2259.76 -1.24e-14  1.36e-14   261   -27     0
2262.43 -1.68e-14  1.35e-14   262   -37     0
2265.10  5.30e-15  1.27e-14   262    12     0
2267.77  8.47e-15  1.27e-14   262    20     0
2270.43  1.85e-15  1.20e-14   262     4     0
2273.10 -6.29e-15  1.19e-14   262   -16     0
2275.77 -3.13e-15  1.24e-14   262    -7     0
2278.44 -4.79e-15  1.22e-14   263   -12     0
2281.11  1.35e-14  1.37e-14   263    31     0
2283.78 -5.93e-15  1.34e-14   263   -13     0
2286.45  4.86e-15  1.06e-14   263    14     0
2289.12 -6.76e-15  1.06e-14   263   -20     0
2291.79  2.70e-15  1.14e-14   263     7     0
2294.45  3.83e-15  1.14e-14   264    10     0
2297.12  4.83e-15  1.20e-14   264    12     0
2299.79  7.92e-15  1.21e-14   264    21     0
2302.46  1.01e-14  1.29e-14   264    28     0
2305.13  4.13e-15  1.20e-14   264    11     0
2307.80  6.31e-15  1.19e-14   264    17     0
2310.47  4.44e-14  1.36e-14   264   128     0
2313.14  3.64e-14  1.48e-14   265   107     0
2315.81  1.92e-14  1.17e-14   265    54     0
2318.47  2.47e-14  1.17e-14   265    71     0
2321.14 -3.99e-15  1.06e-14   265   -12     0
2323.81  3.77e-14  1.50e-14   265   118     0
2326.48  3.91e-14  1.27e-14   265   135     0
2329.15  2.68e-14  1.82e-14   265    94     0
2331.82  1.08e-14  9.66e-15   266    37     0
2334.49  3.55e-14  1.61e-14   266   124     0
2337.16  2.80e-14  9.79e-15   266   103     0
2339.83  2.29e-14  9.50e-15   266    86     0
2342.49  1.65e-14  9.19e-15   266    61     0
2345.16  5.22e-15  8.74e-15   266    20     0
2347.83  1.44e-14  8.78e-15   266    56     0
2350.50  3.17e-14  1.31e-14   266   119     0
2353.17  1.17e-14  9.03e-15   266    44     0
2355.84  5.59e-15  8.80e-15   267    21     0
2358.51  1.88e-15  8.71e-15   267     7     0
2361.18 -1.01e-14  8.47e-15   267   -40     0
2363.85 -1.99e-15  8.41e-15   267    -8     0
2366.51  1.53e-14  9.18e-15   267    57     0
2369.18  1.15e-14  9.10e-15   267    44     0
2371.85  2.30e-14  1.68e-14   267    90     0
2374.52  4.23e-14  1.74e-14   267   168     0
2377.19  1.74e-14  8.41e-15   267    73     0
2379.86  4.97e-15  8.16e-15   268    21     0
2382.53  1.24e-14  8.71e-15   268    50     0
2385.20  1.96e-14  9.81e-15   268    77     0
2387.87  4.67e-14  9.41e-15   268   185     0
2390.53  2.79e-14  1.22e-14   268   114     0
2393.20  3.85e-14  1.57e-14   268   158     0
2395.87  2.89e-14  8.15e-15   268   130     0
2398.54  1.11e-14  7.94e-15   268    50     0
2401.21  1.08e-14  8.11e-15   268    47     0
2403.88  1.88e-14  8.18e-15   269    82     0
2406.55  1.73e-14  9.28e-15   269    78     0
2409.22  2.06e-14  1.18e-14   269    93     0
2411.89  1.73e-14  8.27e-15   269    79     0
2414.55  7.71e-15  7.71e-15   269    35     0
2417.22  1.08e-14  7.91e-15   269    49     0
2419.89 -6.23e-15  7.72e-15   269   -28     0
2422.56  1.95e-14  8.82e-15   269    88     0
2425.23  1.00e-14  8.71e-15   269    48     0
2427.90  8.15e-15  1.44e-14   270    40     0
2430.57  1.94e-14  1.48e-14   270    93     0
2433.24 -2.80e-15  7.31e-15   270   -13     0
2435.91  2.53e-15  7.48e-15   270    12     0
2438.57  2.38e-14  1.12e-14   270   116     0
2441.24 -5.86e-15  7.00e-15   270   -30     0
2443.91  3.95e-14  2.61e-14   270   206     0
2446.58  1.06e-14  8.77e-15   270    56     0
2449.25  8.14e-15  6.83e-15   270    44     0
2451.92  8.46e-15  6.51e-15   271    47     0
2454.59  1.08e-15  6.37e-15   271     6     0
2457.26  2.20e-14  7.03e-15   271   121     0
2459.93 -3.74e-15  6.55e-15   271   -20     0
2462.59 -4.73e-15  6.30e-15   271   -27     0
2465.26  1.07e-14  6.31e-15   271    62     0
2467.93  1.04e-14  6.28e-15   271    62     0
2470.60  6.82e-16  6.47e-15   271     3     0
2473.27  1.53e-14  6.64e-15   271    87     0
2475.94  2.12e-14  7.68e-15   272   122     0
2478.61  1.83e-14  9.41e-15   272   106     0
2481.28  1.27e-14  6.48e-15   272    74     0
2483.95  2.04e-14  6.60e-15   272   118     0
2486.61  8.44e-15  6.02e-15   272    52     0
2489.28  5.62e-15  5.97e-15   272    35     0
2491.95  5.40e-15  6.94e-15   272    29     0
2494.62  1.07e-14  7.58e-15   273    57     0
2497.29  5.70e-15  6.43e-15   273    33     0
2499.96  4.03e-15  6.36e-15   273    23     0
2502.63  1.18e-14  6.00e-15   273    75     0
2505.30  8.13e-15  1.11e-14   273    48     0
2507.97  1.74e-14  6.67e-15   273   105     0
2510.63  6.82e-15  5.81e-15   273    44     0
2513.30  8.61e-15  8.13e-15   274    56     0
2515.97  1.86e-14  1.19e-14   274   110     0
2518.64  1.83e-14  7.17e-15   274   109     0
2521.31  1.16e-14  6.21e-15   274    71     0
2523.98 -1.32e-15  6.00e-15   274    -8     0
2526.65  3.71e-15  5.77e-15   274    24     0
2529.32  1.35e-14  5.92e-15   274    88     0
2531.99  6.94e-15  5.78e-15   275    45     0
2534.65  8.59e-15  5.80e-15   275    56     0
2537.32  6.20e-15  5.44e-15   275    43     0
2539.99  6.33e-15  5.71e-15   275    44     0
2542.66  1.21e-14  5.44e-15   275    88     0
2545.33  6.31e-15  6.46e-15   275    45     0
2548.00  2.01e-14  8.14e-15   276   147     0
2550.67 -8.40e-17  5.45e-15   276     0     0
2553.34  8.42e-15  5.42e-15   276    59     0
2556.01  1.21e-14  1.03e-14   276    84     0
2558.67  1.87e-14  1.03e-14   276   131     0
2561.34  6.36e-15  5.29e-15   276    46     0
2564.01  1.19e-14  5.34e-15   277    86     0
2566.68  1.04e-14  6.85e-15   277    81     0
2569.35  4.25e-15  4.97e-15   277    33     0
2572.02  1.89e-14  8.42e-15   277   143     0
2574.69  1.34e-14  5.60e-15   277   101     0
2577.36 -1.26e-16  5.78e-15   278     0 -4096
2580.03  5.76e-15  5.31e-15   278    45     0
2582.69 -1.85e-16  4.99e-15   278    -1     0
2585.36  4.37e-15  5.20e-15   278    32     0
2588.03  1.73e-14  6.23e-15   278   128     0
2590.70  1.12e-14  5.09e-15   279    86     0
2593.37  1.30e-14  5.20e-15   279   101     0
2596.04  5.15e-15  4.88e-15   279    40     0
2598.71  1.89e-14  8.78e-15   279   151     0
2601.38  1.71e-14  6.84e-15   279   135     0
2604.05  2.38e-14  7.16e-15   280   190     0
2606.71  1.49e-14  4.97e-15   280   130     0
2609.38  1.29e-14  4.98e-15   280   114     0
2612.05  2.93e-14  7.87e-15   280   247     0
2614.72  3.11e-14  8.78e-15   280   265     0
2617.39  1.20e-14  4.71e-15   281   100     0
2620.06  1.91e-14  6.06e-15   281   166     0
2622.73  1.88e-14  4.63e-15   281   164     0
2625.40  2.87e-14  8.08e-15   281   244     0
2628.07  2.75e-14  9.16e-15   281   235     0
2630.73  3.81e-14  9.19e-15   282   333     0
2633.40  2.81e-14  9.43e-15   282   246     0
2636.07  1.92e-14  9.89e-15   282   162     0
2638.74  1.57e-14  6.46e-15   282   132     0
2641.41  6.34e-15  5.76e-15   283    56     0
2644.08  2.78e-16  4.32e-15   283     2     0
2646.75  4.62e-16  4.55e-15   283     3     0
2649.42  4.14e-15  4.59e-15   283    35     0
2652.09 -2.78e-15  4.32e-15   283   -24     0
2654.75  1.64e-15  4.33e-15   284    14     0
2657.42 -2.81e-15  4.42e-15   284   -24     0
2660.09  9.15e-15  4.27e-15   284    84     0
2662.76  2.49e-15  4.21e-15   284    23     0
2665.43  8.76e-16  4.16e-15   285     8     0
2668.10 -3.84e-17  4.14e-15   285     0     0
2670.77  1.02e-14  4.21e-15   285    95     0
2673.44  2.80e-15  4.09e-15   285    26     0
2676.11 -3.70e-15  4.12e-15   285   -34     0
2678.77 -4.05e-15  4.07e-15   286   -38     0
2681.44  3.61e-15  4.07e-15   286    34     0
2684.11 -9.43e-16  3.99e-15   286    -9     0
2686.78 -7.15e-15  4.01e-15   286   -68     0
2689.45  3.04e-15  4.00e-15   287    29     0
2692.12  2.75e-15  4.18e-15   287    25     0
2694.79 -4.38e-15  4.17e-15   287   -40     0
2697.46  4.00e-15  4.55e-15   287    34     0
2700.13  8.01e-15  5.92e-15   287    78     0
2702.79  6.36e-15  4.07e-15   288    62     0
2705.46 -3.80e-15  4.15e-15   288   -35     0
2708.13  9.63e-15  4.25e-15   288    89     0
2710.80  4.52e-15  4.02e-15   288    43     0
2713.47  5.55e-15  5.28e-15   289    53     0
2716.14  9.11e-15  4.76e-15   289    86     0
2718.81  6.29e-15  4.37e-15   289    59     0
2721.48 -1.77e-15  4.16e-15   289   -16     0
2724.15  2.13e-15  4.14e-15   289    19     0
2726.81  1.07e-14  5.40e-15   290   106     0
2729.48 -1.28e-15  3.80e-15   290   -12     0
2732.15 -6.14e-16  4.62e-15   290    -5     0
2734.82  1.52e-14  7.17e-15   290   142     0
2737.49  7.79e-15  4.01e-15   291    75     0
2740.16  8.15e-15  5.74e-15   291    77     0
2742.83  2.39e-14  7.44e-15   291   228     0
2745.50  9.48e-15  4.09e-15   291    93     0
2748.17  8.83e-15  3.95e-15   291    87     0
2750.83  1.20e-14  4.62e-15   292   117     0
2753.50  1.96e-14  6.91e-15   292   191     0
2756.17  1.62e-14  5.10e-15   292   162     0
2758.84  1.01e-14  4.01e-15   292   101     0
2761.51  1.04e-14  4.18e-15   292   102     0
2764.18  1.32e-14  7.30e-15   292   129     0
2766.85  1.00e-14  4.36e-15   293    95     0
2769.52  5.15e-15  4.05e-15   293    48     0
2772.19  6.97e-15  4.31e-15   293    65     0
2774.85 -1.01e-15  4.03e-15   293    -9     0
2777.52  8.94e-15  4.22e-15   293    85     0
2780.19  1.26e-14  4.50e-15   294   120 -4096
2782.86 -9.73e-16  4.23e-15   294    -9     0
2785.53  9.13e-15  4.47e-15   294    88     0
2788.20  4.78e-15  3.95e-15   294    46     0
2790.87  1.20e-14  7.63e-15   294   122     0
2793.54  4.07e-14  1.25e-14   294   415     0
2796.21  1.05e-13  2.34e-14   294  1010     0
2798.87  1.86e-13  4.07e-14   295  1782     0
2801.54  1.34e-13  3.19e-14   295  1326     0
2804.21  1.48e-13  3.44e-14   295  1463     0
2806.88  1.24e-13  2.69e-14   295  1147     0
2809.55  4.66e-14  1.25e-14   295   429     0
2812.22  1.33e-14  4.79e-15   295   130     0
2814.89  8.03e-15  3.89e-15   295    78     0
2817.56  5.41e-15  3.87e-15   295    53     0
2820.23  6.21e-15  3.88e-15   296    60     0
2822.90  5.47e-15  3.87e-15   296    53     0
2825.56  1.21e-14  5.13e-15   296   108     0
2828.23  1.90e-15  4.13e-15   296    17     0
2830.90  9.62e-15  4.72e-15   296    85     0
2833.57  1.19e-14  4.39e-15   296   105     0
2836.24  6.93e-15  4.12e-15   296    63     0
2838.91  1.09e-14  6.15e-15   296    99     0
2841.58  1.26e-14  4.88e-15   296   131     0
2844.25  4.09e-15  3.61e-15   296    42     0
2846.92  9.17e-15  3.92e-15   296    88     0
2849.58  1.43e-14  4.17e-15   296   137     0
2852.25  7.91e-15  5.06e-15   296    76     0
2854.92  1.37e-14  6.83e-15   296   132     0
2857.59  8.82e-15  4.70e-15   296    85     0
2860.26  9.50e-15  6.44e-15   296    90     0
2862.93  1.44e-14  4.45e-15   296   137     0
2865.60  8.89e-15  3.77e-15   296    88     0
2868.27  1.75e-14  4.46e-15   296   173     0
2870.94  1.21e-14  4.74e-15   296   113     0
2873.60  1.19e-14  7.00e-15   296   111     0
2876.27  3.26e-15  4.97e-15   296    29     0
2878.94  2.46e-14  4.54e-15   296   221     0
2881.61  1.28e-14  5.65e-15   296   119     0
2884.28  2.19e-14  5.89e-15   296   203     0
2886.95  1.23e-14  4.29e-15   296   114     0
2889.62  1.55e-14  4.30e-15   296   143     0
2892.29  1.55e-14  4.43e-15   296   141     0
2894.96  1.03e-14  7.62e-15   296    93     0
2897.62  1.57e-14  5.87e-15   296   141     0
2900.29  2.11e-14  6.27e-15   296   198     0
2902.96  4.36e-15  3.87e-15   296    40     0
2905.63  1.08e-14  6.14e-15   295    88     0
2908.30  7.11e-15  4.49e-15   295    57     0
2910.97  1.24e-14  5.62e-15   295   106     0
2913.64  1.92e-14  6.58e-15   295   163     0
2916.31  1.77e-14  5.12e-15   295   154     0
2918.98  2.13e-14  6.84e-15   295   183     0
2921.64  2.47e-14  6.77e-15   295   194     0
2924.31  2.16e-14  8.20e-15   294   168     0
2926.98  3.94e-14  7.06e-15   294   318     0
2929.65  3.72e-14  5.76e-15   294   297     0
2932.32  3.51e-14  9.21e-15   294   294     0
2934.99  4.30e-14  1.11e-14   294   359     0
2937.66  3.92e-14  1.05e-14   293   291     0
2940.33  2.36e-14  4.66e-15   293   196     0
2943.00  1.60e-14  5.36e-15   293   132     0
2945.66  1.87e-14  5.31e-15   293   144     0
2948.33  1.88e-14  7.43e-15   292   145     0
2951.00  2.33e-14  6.78e-15   292   179     0
2953.67  2.44e-14  8.29e-15   292   186     0
2956.34  1.75e-14  6.10e-15   291   143     0
2959.01  1.50e-14  4.45e-15   291   121     0
2961.68  1.48e-14  5.07e-15   291   109     0
2964.35  1.87e-14  7.66e-15   290   136     0
2967.02  1.34e-14  6.11e-15   290   101     0
2969.68  7.74e-15  5.36e-15   290    57     0
2972.35  1.50e-14  5.26e-15   289   108     0
2975.02  4.70e-14  1.74e-14   289   318     0
2977.69  2.69e-14  9.37e-15   289   180     0
2980.36  1.56e-14  7.27e-15   288   112     0
2983.03  8.51e-15  4.96e-15   288    60     0
2985.70  6.83e-15  4.82e-15   287    47     0
2988.37  1.95e-14  5.26e-15   287   135     0
2991.04  1.84e-14  7.51e-15   287   122     0
2993.70  1.21e-14  7.84e-15   286    79     0
2996.37  1.75e-14  6.13e-15   286   121     0
2999.04  6.47e-15  5.20e-15   285    44     0
3001.71  9.33e-15  1.05e-14   285    60     0
3004.38  3.04e-14  1.17e-14   284   196     0
3007.05  1.34e-14  6.51e-15   284    93     0
3009.72  1.49e-14  5.33e-15   283   103     0
3012.39  1.74e-14  6.48e-15   283   106     0
3015.06  3.62e-15  7.51e-15   282    21     0
3017.72  1.17e-14  6.19e-15   282    68     0
3020.39  1.38e-14  7.32e-15   281    85     0
3023.06  1.07e-14  5.39e-15   280    65     0
3025.73  4.82e-15  6.87e-15   280    28     0
3028.40  5.83e-15  8.21e-15   279    34     0
3031.07  6.39e-15  5.80e-15   279    36     0
3033.74  1.71e-14  9.57e-15   278    95     0
3036.41  4.07e-15  6.51e-15   277    22     0
3039.08  4.99e-15  8.41e-15   277    27     0
3041.74  8.31e-15  1.06e-14   276    46     0
3044.41  2.07e-14  8.21e-15   275   113     0
3047.08  5.71e-15  6.74e-15   275    26     0
3049.75  2.36e-14  1.25e-14   274   110     0
3052.42  6.50e-15  7.16e-15   273    31     0
3055.09  2.03e-14  1.40e-14   273   101     0
3057.76  2.19e-14  1.09e-14   272   107     0
3060.43  6.56e-16  7.63e-15   271     3     0
3063.10  1.57e-14  7.21e-15   270    73     0
3065.76  2.57e-14  1.31e-14   270   123     0
3068.43  9.97e-15  7.72e-15   269    47     0
3071.10  1.20e-14  6.88e-15   268    54     0
3073.77  1.03e-14  7.12e-15   267    45     0
3076.44  2.06e-14  1.44e-14   267    95     0
3079.11  2.79e-14  8.73e-15   266   127     0
3081.78  1.37e-14  7.91e-15   265    56     0
3084.45  2.09e-14  1.26e-14   264    84     0
3087.12  3.24e-14  1.16e-14   263   122     0
3089.78  1.67e-14  1.34e-14   262    61     0
3092.45  1.42e-14  8.36e-15   261    56     0
3095.12  5.95e-15  8.62e-15   261    20     0
3097.79  3.85e-14  1.84e-14   260   132     0
3100.46  1.53e-14  1.19e-14   259    54     0
3103.13  2.19e-14  1.14e-14   258    77     0
3105.80  2.45e-14  1.04e-14   257    89     0
3108.47  4.81e-15  9.74e-15   256    17     0
3111.14  3.58e-14  1.05e-14   255   118     0
3113.80  2.30e-14  1.43e-14   254    74     0
3116.47 -6.59e-15  1.03e-14   253   -18     0
3119.14  3.14e-14  1.54e-14   252    85     0
3121.81  7.90e-15  1.44e-14   251    23     0
3124.48  1.08e-14  1.33e-14   250    31     0
3127.15  3.69e-14  1.34e-14   249   101     0
3129.82 -1.31e-15  1.06e-14   248    -3     0
3132.49  1.52e-14  1.03e-14   247    42     0
3135.16  4.54e-14  1.80e-14   246   127     0
3137.82  1.26e-14  1.30e-14   245    34     0
3140.49  2.24e-14  1.27e-14   244    55     0
3143.16  4.45e-14  1.22e-14   243   107     0
3145.83  1.81e-14  1.19e-14   242    43     0
3148.50  3.35e-14  2.07e-14   241    78     0
3151.17 -6.60e-15  1.26e-14   240   -14     0
3153.84  3.36e-14  1.92e-14   239    73     0
3156.51  1.84e-14  1.14e-14   238    46     0
3159.18  3.06e-14  1.81e-14   237    75     0
3161.84  2.87e-14  1.53e-14   236    68     0
3164.51  1.90e-14  1.88e-14   235    44     0
3167.18  3.22e-14  1.92e-14   233    73     0
3169.85  4.93e-14  2.13e-14   232   110     0
3172.52  7.21e-14  1.96e-14   231   141     0
3175.19  4.13e-14  1.59e-14   230    81     0
3177.86  4.23e-14  1.52e-14   229    81     0
3180.53  2.03e-14  1.56e-14   228    35     0
3183.20  4.61e-14  2.06e-14   227    77     0
3185.86  9.19e-15  1.30e-14   226    18     0
3188.53  4.68e-14  1.92e-14   224    93     0
3191.20  5.51e-14  1.68e-14   223    95     0
3193.87  1.74e-14  1.62e-14   222    29     0
3196.54  1.83e-14  2.28e-14   221    28     0
3199.21  5.02e-14  1.92e-14   220    75     0
3201.88  3.81e-14  1.55e-14   219    66     0
3204.55  2.93e-14  1.58e-14   217    49     0
3207.22  2.29e-14  1.92e-14   216    31     0
3209.88  8.77e-15  2.53e-14   215    11     0
3212.55  7.61e-15  2.20e-14   214     8     0
3215.22 -2.99e-14  2.28e-14   213   -33     0
3217.89 -3.22e-15  2.33e-14   212    -3     0
3220.56  5.18e-14  3.45e-14   210    76     0
3223.23  3.49e-14  3.86e-14   209    50     0
3225.90  3.31e-14  2.36e-14   208    36     0
3228.57  2.75e-14  3.20e-14   207    29     0
3231.24 -3.80e-15  2.30e-14   206    -4     0
3233.90  1.90e-14  2.65e-14   205    21     0
3236.57  5.96e-14  2.67e-14   203    57     0
3239.24  3.77e-14  3.07e-14   202    35     0
3241.91  2.62e-14  2.97e-14   201    22     0
3244.58  6.09e-14  3.81e-14   200    50     0
3247.25 -8.11e-15  3.82e-14   199    -5     0
3249.92  9.79e-15  4.00e-14   198     6     0
3252.59  2.77e-14  3.22e-14   197    22     0
3255.26  3.49e-14  3.87e-14   196    29     0
3257.92  5.98e-15  3.05e-14   194     4     0
3260.59  3.61e-14  3.59e-14   193    24     0
3263.26 -6.19e-14  3.66e-14   192   -41     0
3265.93  7.82e-14  4.93e-14   191    39     0
3268.60  9.77e-14  7.07e-14   190    48     0
3271.27  8.32e-14  4.66e-14   189    66     0
3273.94  1.25e-13  7.21e-14   188    96     0
3276.61  1.87e-13  9.68e-14   187    74     0
3279.28  1.57e-14  6.16e-14   186     6     0
3281.94  3.82e-14  4.99e-14   185    18     0
3284.61  1.05e-13  5.17e-14   184    49     0
3287.28  8.01e-14  3.81e-14   183    53     0
3289.95  4.59e-14  3.84e-14   182    29     0
3292.62  4.75e-14  4.39e-14   181    27     0
3295.29  7.76e-14  1.18e-13   180    31     0
3297.96  1.31e-13  1.08e-13   179    50     0
3300.63  1.37e-14  7.16e-14   178     4     0
3303.30  1.76e-13  9.17e-14   177    57     0
3305.96  1.38e-12  4.70e-13   176    82 -4096
3308.63  1.68e-12  1.01e-12   175    97 -4096
3311.30 -1.05e-13  1.75e-13   174   -16 -4096
3313.97  5.34e-14  1.63e-13   174     7     0
3316.64  3.13e-14  1.07e-13   173     6     0
3319.31  1.96e-13  1.13e-13   172    41     0
3321.98  3.31e-13  1.10e-13   171    78     0
3324.65  4.37e-13  1.20e-13   170    99     0
3327.32  1.38e-13  1.05e-13   170    49     0
3329.98  7.43e-15  6.83e-14   169     2     0
3332.65  1.61e-13  1.48e-13   168    25     0
3335.32  6.73e-14  1.78e-13   168     8     0
3337.99  6.98e-14  1.84e-13   167     8     0
3340.66  2.10e-13  5.21e-13   166     9     0
3343.33 -3.64e-14  5.32e-13   166    -1     0
3346.00  1.27e-13  1.81e-13   165    16     0
3348.67  2.24e-13  1.87e-13   165    28     0
