NOT ORIGINAL IUE PROJECT DATA PRODUCT
LWR08448LOWLARGE
HD  197481
20:42:06
-31:31:05
48
X-TRAIL
NO
2687.857
06/08/80
03:14:43
219
14.80
12/09/97
GSFC
2444457.63522
65
30
1851.42  5.05e-14  7.14e-14   180    10     0
1854.09 -2.14e-15  6.72e-14   180     0     0
1856.76  1.39e-13  7.01e-14   179    31     0
1859.42  7.03e-14  6.51e-14   179    16     0
1862.09 -3.90e-14  5.91e-14   178   -10     0
1864.76 -4.96e-14  5.54e-14   178   -13     0
1867.43  2.35e-14  5.35e-14   177     6     0
1870.10 -1.53e-14  4.79e-14   177    -4     0
1872.77 -3.94e-15  4.45e-14   176    -1     0
1875.44 -9.70e-16  3.75e-14   176     0     0
1878.11 -4.74e-14  3.48e-14   175   -21     0
1880.78 -2.56e-14  3.69e-14   175   -10     0
1883.44  1.55e-15  3.49e-14   174     0     0
1886.11  2.83e-14  3.50e-14   174    12     0
1888.78  2.18e-14  3.32e-14   174    10     0
1891.45  2.92e-14  3.05e-14   173    15     0
1894.12  1.99e-15  2.90e-14   173     1     0
1896.79 -1.18e-14  2.79e-14   172    -6     0
1899.46 -2.15e-14  2.71e-14   172   -12     0
1902.13 -2.29e-14  2.70e-14   172   -13     0
1904.80  8.51e-15  2.65e-14   171     5     0
1907.46 -2.94e-14  2.56e-14   171   -18     0
1910.13 -2.21e-14  2.60e-14   171   -13     0
1912.80  1.25e-14  2.55e-14   171     7     0
1915.47 -2.81e-15  2.30e-14   170    -1     0
1918.14  1.80e-14  2.27e-14   170    13     0
1920.81 -6.35e-15  2.05e-14   170    -5     0
1923.48  8.60e-15  2.00e-14   170     7     0
1926.15 -2.65e-14  2.23e-14   169   -19     0
1928.82 -7.91e-15  2.16e-14   169    -6     0
1931.48 -3.59e-15  1.98e-14   169    -3     0
1934.15  1.55e-14  1.94e-14   169    13     0
1936.82 -1.32e-15  1.77e-14   169    -1     0
1939.49 -9.81e-15  1.72e-14   169    -9     0
1942.16 -1.29e-14  1.73e-14   168   -12     0
1944.83  2.63e-14  1.74e-14   168    26     0
1947.50  1.82e-14  1.66e-14   168    18     0
1950.17 -6.22e-15  1.62e-14   168    -6     0
1952.84  3.75e-15  1.59e-14   168     4     0
1955.50 -2.95e-16  1.55e-14   168     0     0
1958.17  8.57e-15  1.53e-14   168     9     0
1960.84  6.57e-15  1.48e-14   168     7     0
1963.51  4.02e-15  1.44e-14   168     4     0
1966.18  8.84e-17  1.45e-14   168     0     0
1968.85 -4.94e-15  1.42e-14   168    -6     0
1971.52  1.45e-15  1.42e-14   168     1     0
1974.19  1.21e-14  1.42e-14   168    15     0
1976.86  1.61e-14  1.35e-14   168    21     0
1979.52 -9.51e-15  1.30e-14   168   -13     0
1982.19 -1.42e-15  1.31e-14   168    -1     0
1984.86  7.84e-16  1.29e-14   168     1     0
1987.53 -6.33e-15  1.31e-14   168    -8     0
1990.20  2.42e-14  1.34e-14   168    34     0
1992.87 -8.04e-15  1.29e-14   168   -11     0
1995.54 -4.59e-15  1.28e-14   168    -6     0
1998.21  2.48e-15  1.28e-14   168     3     0
2000.88 -3.00e-15  1.20e-14   168    -4     0
2003.54 -2.36e-15  1.20e-14   168    -3     0
2006.21  9.49e-15  1.25e-14   168    14     0
2008.88  1.22e-14  1.25e-14   168    18     0
2011.55  4.51e-15  1.17e-14   169     7     0
2014.22  6.03e-15  1.17e-14   169     9     0
2016.89 -3.47e-15  1.14e-14   169    -5     0
2019.56  6.57e-15  1.14e-14   169    11     0
2022.23  1.08e-16  1.21e-14   169     0     0
2024.90 -2.59e-15  1.19e-14   169    -4     0
2027.56  5.07e-15  1.16e-14   169     8     0
2030.23  2.43e-15  1.08e-14   170     4     0
2032.90  2.93e-15  1.09e-14   170     5     0
2035.57  2.14e-15  1.16e-14   170     3     0
2038.24 -3.53e-15  1.16e-14   170    -6     0
2040.91  6.02e-15  1.12e-14   170    10     0
2043.58  6.76e-16  1.12e-14   170     1     0
2046.25 -1.37e-14  1.18e-14   171   -23     0
2048.92 -5.79e-15  1.37e-14   171   -10 -4096
2051.58  4.97e-16  1.30e-14   171     0 -4096
2054.25 -1.97e-15  1.20e-14   171    -3     0
2056.92 -2.89e-15  1.14e-14   172    -5     0
2059.59  6.22e-15  1.12e-14   172    11     0
2062.26  6.89e-16  1.19e-14   172     1     0
2064.93 -2.77e-15  1.18e-14   172    -4     0
2067.60 -4.98e-15  1.09e-14   173    -9     0
2070.27  8.40e-15  1.11e-14   173    16     0
2072.94  2.92e-16  1.10e-14   173     0     0
2075.60  9.94e-15  1.17e-14   173    18     0
2078.27  2.33e-16  1.15e-14   174     0     0
2080.94  9.48e-16  1.18e-14   174     1     0
2083.61 -2.76e-15  1.19e-14   174    -5     0
2086.28 -6.09e-15  1.08e-14   174   -12     0
2088.95 -1.14e-14  1.08e-14   175   -23     0
2091.62 -1.02e-14  1.22e-14   175   -18     0
2094.29  5.41e-16  1.24e-14   175     0     0
2096.96 -3.76e-15  1.14e-14   176    -7     0
2099.62  1.35e-15  1.15e-14   176     2     0
2102.29  5.20e-15  1.21e-14   176     9     0
2104.96  7.51e-15  1.23e-14   177    14     0
2107.63 -5.68e-15  1.20e-14   177   -10     0
2110.30  1.14e-15  1.22e-14   177     2     0
2112.97 -1.02e-14  1.21e-14   178   -19     0
2115.64 -5.00e-15  1.32e-14   178    -8     0
2118.31 -1.13e-14  1.31e-14   178   -20     0
2120.98 -1.06e-14  1.23e-14   179   -20     0
2123.65 -2.46e-15  1.23e-14   179    -4     0
2126.31  2.56e-15  1.25e-14   179     4     0
2128.98  8.67e-15  1.27e-14   180    16     0
2131.65 -7.21e-15  1.22e-14   180   -14     0
2134.32 -4.97e-15  1.23e-14   180    -9     0
2136.99 -1.39e-14  1.27e-14   181   -26     0
2139.66 -6.56e-15  1.27e-14   181   -12     0
2142.33  5.36e-15  1.24e-14   181    10     0
2145.00 -4.58e-15  1.24e-14   182    -9     0
2147.67  3.43e-15  1.33e-14   182     6     0
2150.33 -1.20e-15  1.31e-14   183    -2     0
2153.00  1.17e-14  1.69e-14   183    22     0
2155.67  4.01e-14  3.24e-14   183    72     0
2158.34  1.80e-15  1.38e-14   184     3     0
2161.01 -1.44e-14  1.35e-14   184   -27     0
2163.68  7.27e-15  1.36e-14   184    13     0
2166.35 -9.52e-16  1.33e-14   185    -1     0
2169.02  7.60e-15  1.34e-14   185    14     0
2171.69 -1.75e-15  1.39e-14   186    -3     0
2174.35 -1.87e-14  1.40e-14   186   -34     0
2177.02 -3.85e-16  1.42e-14   186     0     0
2179.69 -1.57e-14  1.42e-14   187   -28     0
2182.36 -1.24e-14  1.30e-14   187   -25     0
2185.03 -6.12e-15  1.35e-14   187   -11     0
2187.70  4.25e-15  2.85e-14   188     8     0
2190.37  1.83e-14  4.10e-14   188    37     0
2193.04 -2.83e-14  1.35e-14   189   -58     0
2195.71 -2.27e-14  1.37e-14   189   -44     0
2198.37 -1.02e-14  1.36e-14   189   -20     0
2201.04 -1.34e-14  1.35e-14   190   -26     0
2203.71 -9.65e-15  1.34e-14   190   -19     0
2206.38 -5.72e-15  1.35e-14   191   -11     0
2209.05  1.90e-15  1.35e-14   191     3     0
2211.72 -8.07e-15  1.29e-14   191   -17     0
2214.39 -1.38e-15  1.31e-14   192    -2     0
2217.06 -6.91e-15  1.43e-14   192   -13     0
2219.73 -1.56e-14  1.45e-14   193   -29     0
2222.39 -8.69e-15  1.40e-14   193   -17     0
2225.06 -1.48e-14  1.41e-14   193   -29     0
2227.73 -7.89e-15  1.40e-14   194   -15     0
2230.40  1.91e-15  1.38e-14   194     3     0
2233.07 -7.41e-15  1.36e-14   195   -15     0
2235.74  1.15e-14  1.36e-14   195    24     0
2238.41 -8.75e-15  1.32e-14   195   -18     0
2241.08 -2.17e-14  1.37e-14   196   -45     0
2243.75 -1.38e-14  1.36e-14   196   -29     0
2246.41  1.01e-14  1.24e-14   197    23     0
2249.08  5.70e-16  1.22e-14   197     1     0
2251.75 -1.06e-14  1.24e-14   197   -24     0
2254.42  1.38e-15  1.23e-14   198     3     0
2257.09 -1.45e-14  1.29e-14   198   -33     0
2259.76  2.02e-15  1.28e-14   199     4     0
2262.43 -1.19e-14  1.28e-14   199   -27     0
2265.10  6.12e-15  1.21e-14   199    15     0
2267.77 -1.01e-14  1.20e-14   200   -25     0
2270.43  6.97e-16  1.14e-14   200     1     0
2273.10 -1.15e-14  1.13e-14   200   -30     0
2275.77  3.54e-15  1.17e-14   201     9     0
2278.44  2.30e-15  1.16e-14   201     5     0
2281.11 -7.14e-15  1.28e-14   202   -16     0
2283.78 -2.53e-15  1.27e-14   202    -6     0
2286.45  8.27e-16  1.01e-14   202     2     0
2289.12 -1.64e-15  1.01e-14   203    -4     0
2291.79 -1.11e-14  1.09e-14   203   -31     0
2294.45  9.27e-16  1.09e-14   204     2     0
2297.12 -4.02e-15  1.14e-14   204   -10     0
2299.79  1.28e-14  1.16e-14   204    34     0
2302.46  5.98e-15  1.09e-14   205    17     0
2305.13  5.92e-15  1.14e-14   205    16     0
2307.80 -1.10e-14  1.12e-14   205   -30     0
2310.47  7.56e-15  1.07e-14   206    22     0
2313.14  8.73e-15  1.06e-14   206    26     0
2315.81 -9.80e-15  1.09e-14   206   -28     0
2318.47 -3.01e-15  1.08e-14   207    -8     0
2321.14 -1.48e-14  1.01e-14   207   -46     0
2323.81  1.52e-14  1.01e-14   208    48     0
2326.48  1.98e-14  1.00e-14   208    70     0
2329.15  2.80e-15  8.90e-15   208    10     0
2331.82  4.31e-15  9.11e-15   209    15     0
2334.49  8.86e-15  1.12e-14   209    31     0
2337.16  1.69e-14  8.74e-15   209    63     0
2339.83  1.47e-15  8.45e-15   210     5     0
2342.49  1.58e-14  1.15e-14   210    59     0
2345.16 -2.54e-16  8.30e-15   210     0     0
2347.83  6.32e-15  8.28e-15   211    25     0
2350.50  1.51e-14  8.67e-15   211    58     0
2353.17  5.33e-16  8.42e-15   211     2     0
2355.84  3.80e-15  8.41e-15   212    14     0
2358.51  8.98e-16  8.33e-15   212     3     0
2361.18 -4.83e-15  8.10e-15   212   -19     0
2363.85 -4.32e-15  8.04e-15   213   -17     0
2366.51  3.87e-15  8.62e-15   213    14     0
2369.18  3.76e-15  8.57e-15   213    14     0
2371.85  1.13e-14  8.56e-15   213    45     0
2374.52  3.16e-14  1.78e-14   214   128     0
2377.19  1.07e-14  7.97e-15   214    45     0
2379.86  1.18e-14  7.92e-15   214    50     0
2382.53  9.24e-15  8.70e-15   215    37     0
2385.20  1.05e-14  8.50e-15   215    42     0
2387.87  2.40e-14  8.67e-15   215    97     0
2390.53  1.67e-14  8.34e-15   216    69     0
2393.20  3.41e-14  1.61e-14   216   143     0
2395.87  2.53e-14  8.07e-15   216   115     0
2398.54  1.21e-14  7.85e-15   216    55     0
2401.21  2.09e-15  7.69e-15   217     9     0
2403.88  8.50e-16  7.63e-15   217     3     0
2406.55  4.70e-15  7.53e-15   217    21     0
2409.22  2.06e-14  1.61e-14   217    95     0
2411.89  2.16e-14  1.12e-14   218   101     0
2414.55  3.33e-15  7.37e-15   218    15     0
2417.22  1.30e-15  7.49e-15   218     6     0
2419.89 -4.97e-16  7.42e-15   218    -2     0
2422.56  1.71e-14  7.71e-15   219    79     0
2425.23  2.29e-15  7.06e-15   219    11     0
2427.90  1.88e-15  7.31e-15   219     9     0
2430.57  1.57e-14  9.27e-15   219    77     0
2433.24 -4.54e-15  7.03e-15   220   -22     0
2435.91  8.01e-15  7.25e-15   220    39     0
2438.57  5.15e-15  7.14e-15   220    25     0
2441.24  2.00e-15  6.73e-15   220    10     0
2443.91  1.91e-14  1.69e-14   221   101     0
2446.58  6.09e-15  6.55e-15   221    33     0
2449.25  7.42e-15  7.14e-15   221    41     0
2451.92  2.60e-14  1.12e-14   221   149     0
2454.59  1.42e-15  6.12e-15   221     8     0
2457.26  6.48e-15  6.43e-15   222    36     0
2459.93  6.17e-15  6.37e-15   222    35     0
2462.59 -6.33e-15  6.06e-15   222   -37     0
2465.26  8.50e-15  6.07e-15   222    51     0
2467.93  7.38e-15  6.02e-15   222    44     0
2470.60  1.42e-16  6.23e-15   223     0     0
2473.27  4.34e-15  6.25e-15   223    25     0
2475.94  1.59e-14  7.06e-15   223    93     0
2478.61  1.74e-14  9.07e-15   223   102     0
2481.28  1.13e-14  6.23e-15   223    66     0
2483.95  8.51e-15  6.19e-15   224    50     0
2486.61  7.02e-15  5.78e-15   224    44     0
2489.28 -1.98e-15  5.71e-15   224   -12     0
2491.95  4.27e-15  6.68e-15   224    23     0
2494.62  1.27e-14  6.78e-15   224    69     0
2497.29  2.12e-15  6.15e-15   224    12     0
2499.96  7.76e-15  6.18e-15   224    46     0
2502.63  1.09e-14  5.79e-15   225    70     0
2505.30  8.11e-15  1.11e-14   225    49     0
2507.97  4.87e-15  5.98e-15   225    30     0
2510.63  2.63e-15  5.55e-15   225    17     0
2513.30  6.02e-15  6.40e-15   225    40     0
2515.97  1.42e-14  9.33e-15   225    85     0
2518.64  1.62e-14  6.33e-15   225    99     0
2521.31  8.16e-15  5.94e-15   226    51     0
2523.98 -1.15e-15  5.79e-15   226    -7     0
2526.65  1.23e-14  5.70e-15   226    82     0
2529.32  1.40e-14  5.74e-15   226    93     0
2531.99  4.02e-15  5.53e-15   226    27     0
2534.65  6.70e-15  5.58e-15   226    45     0
2537.32  6.84e-15  5.25e-15   226    48     0
2539.99  6.12e-16  5.18e-15   226     4     0
2542.66  1.66e-14  5.57e-15   226   122     0
2545.33  1.14e-14  6.03e-15   226    83     0
2548.00  2.05e-14  1.06e-14   227   153     0
2550.67  4.16e-15  5.29e-15   227    29     0
2553.34  3.54e-15  5.16e-15   227    25     0
2556.01  1.55e-14  8.19e-15   227   110     0
2558.67  1.09e-14  6.58e-15   227    77     0
2561.34  7.27e-15  5.12e-15   227    53     0
2564.01  1.46e-14  6.33e-15   227   109     0
2566.68  9.09e-15  5.00e-15   227    72     0
2569.35 -2.26e-17  4.69e-15   227     0     0
2572.02  1.38e-14  8.52e-15   227   106     0
2574.69  1.54e-14  5.42e-15   227   118     0
2577.36  6.43e-15  5.65e-15   227    47 -4096
2580.03  4.19e-15  5.21e-15   227    33 -4096
2582.69  3.95e-15  4.83e-15   227    31     0
2585.36  1.70e-14  6.05e-15   227   127     0
2588.03  2.28e-14  8.22e-15   227   173     0
2590.70  7.16e-15  4.86e-15   227    56     0
2593.37  1.05e-14  5.02e-15   227    83     0
2596.04  9.44e-15  4.76e-15   227    76     0
2598.71  2.46e-14  6.69e-15   227   201     0
2601.38  3.06e-14  6.54e-15   227   246     0
2604.05  1.30e-14  4.78e-15   228   106     0
2606.71  9.67e-15  4.52e-15   228    86     0
2609.38  7.81e-15  4.28e-15   228    70     0
2612.05  1.83e-14  6.99e-15   228   157     0
2614.72  2.92e-14  7.61e-15   228   253     0
2617.39  8.02e-15  4.49e-15   228    68     0
2620.06  2.02e-14  6.35e-15   228   178     0
2622.73  1.66e-14  5.20e-15   228   147     0
2625.40  2.22e-14  6.33e-15   227   193     0
2628.07  2.19e-14  7.99e-15   227   191     0
2630.73  3.45e-14  8.88e-15   227   307     0
2633.40  2.91e-14  7.65e-15   227   259     0
2636.07  1.08e-14  4.87e-15   227    93     0
2638.74  4.70e-15  4.44e-15   227    40     0
2641.41  3.60e-15  4.19e-15   227    32     0
2644.08  6.34e-15  4.23e-15   227    57     0
2646.75  3.36e-15  4.40e-15   227    28     0
2649.42 -9.27e-16  4.38e-15   227    -7     0
2652.09 -6.21e-16  4.16e-15   227    -5     0
2654.75  2.94e-15  4.19e-15   227    26     0
2657.42 -3.95e-15  4.26e-15   227   -35     0
2660.09  6.51e-15  4.06e-15   227    61     0
2662.76 -1.40e-15  3.99e-15   227   -13     0
2665.43  5.88e-15  4.06e-15   227    55     0
2668.10 -6.14e-16  3.98e-15   227    -5     0
2670.77  6.23e-15  3.99e-15   227    59     0
2673.44  4.49e-15  3.96e-15   227    43     0
2676.11 -3.18e-16  3.96e-15   227    -3     0
2678.77 -1.61e-16  3.91e-15   227    -1     0
2681.44  6.16e-15  3.94e-15   227    59     0
2684.11  5.79e-15  4.02e-15   226    56     0
2686.78 -3.03e-15  3.86e-15   226   -29     0
2689.45  4.57e-15  4.18e-15   226    45     0
2692.12  3.57e-15  4.03e-15   226    33     0
2694.79 -1.63e-15  4.00e-15   226   -15     0
2697.46  1.06e-14  4.46e-15   226    91     0
2700.13  5.92e-15  3.80e-15   226    59     0
2702.79  6.03e-15  3.83e-15   226    60     0
2705.46  7.40e-17  3.99e-15   226     0     0
2708.13  6.70e-15  4.64e-15   226    63     0
2710.80  4.47e-15  3.85e-15   226    44     0
2713.47  2.89e-15  3.82e-15   225    28     0
2716.14  1.15e-14  4.02e-15   225   111     0
2718.81  6.53e-15  4.46e-15   225    63     0
2721.48  1.43e-15  4.00e-15   225    13     0
2724.15  5.11e-15  4.02e-15   225    48     0
2726.81  1.59e-14  5.70e-15   225   162     0
2729.48  3.40e-15  3.67e-15   225    34     0
2732.15  6.07e-15  3.99e-15   225    57     0
2734.82  1.64e-14  4.75e-15   225   156     0
2737.49  9.41e-15  3.87e-15   224    93     0
2740.16  8.69e-15  3.93e-15   224    84     0
2742.83  1.95e-14  6.06e-15   224   189     0
2745.50  1.23e-14  4.74e-15   224   123     0
2748.17  1.66e-14  3.90e-15   224   167     0
2750.83  1.41e-14  5.86e-15   224   139     0
2753.50  1.82e-14  5.71e-15   224   181     0
2756.17  1.14e-14  3.75e-15   224   117     0
2758.84  9.11e-15  3.73e-15   223    93     0
2761.51  9.74e-15  3.81e-15   223    97     0
2764.18  9.00e-15  3.82e-15   223    89     0
2766.85  4.65e-15  3.87e-15   223    44     0
2769.52  1.94e-15  3.83e-15   223    18     0
2772.19  9.03e-15  4.00e-15   223    86     0
2774.85  3.14e-15  3.88e-15   223    30     0
2777.52  4.93e-15  3.90e-15   222    48     0
2780.19  2.94e-15  4.17e-15   222    28 -4096
2782.86  1.59e-15  4.16e-15   222    15 -4096
2785.53  8.51e-15  4.02e-15   222    84     0
2788.20  4.85e-15  3.76e-15   222    47     0
2790.87  1.03e-14  4.86e-15   222   107     0
2793.54  7.31e-14  2.13e-14   221   758     0
2796.21  1.63e-13  3.95e-14   221  1598     0
2798.87  1.57e-13  3.94e-14   221  1533     0
2801.54  9.53e-14  2.38e-14   221   962     0
2804.21  1.54e-13  3.70e-14   221  1546     0
2806.88  6.60e-14  1.74e-14   221   622     0
2809.55  1.83e-14  7.04e-15   220   171     0
2812.22  1.31e-14  4.30e-15   220   131     0
2814.89  8.05e-15  3.71e-15   220    80     0
2817.56  6.03e-15  3.68e-15   220    60     0
2820.23  6.95e-15  3.71e-15   220    68     0
2822.90  6.66e-15  3.71e-15   220    65     0
2825.56  1.26e-14  4.09e-15   219   115     0
2828.23  8.38e-15  4.03e-15   219    76     0
2830.90  4.03e-15  4.00e-15   219    36     0
2833.57  9.45e-15  4.07e-15   219    85     0
2836.24  4.93e-15  3.89e-15   219    45     0
2838.91  3.60e-15  3.87e-15   219    33     0
2841.58  8.50e-15  3.43e-15   218    90     0
2844.25  8.10e-15  3.44e-15   218    86     0
2846.92  1.05e-14  3.75e-15   218   103     0
2849.58  1.55e-14  3.89e-15   218   151     0
2852.25  8.67e-15  3.69e-15   218    85     0
2854.92  4.42e-15  3.63e-15   218    43     0
2857.59  1.18e-14  5.51e-15   217   116     0
2860.26  7.69e-15  3.70e-15   217    74     0
2862.93  1.25e-14  3.90e-15   217   121     0
2865.60  1.05e-14  3.60e-15   217   106     0
2868.27  9.21e-15  3.60e-15   217    92     0
2870.94  1.06e-14  3.81e-15   216   101     0
2873.60  1.34e-14  3.91e-15   216   127     0
2876.27  6.79e-15  3.89e-15   216    62     0
2878.94  1.27e-14  4.78e-15   216   116     0
2881.61  9.38e-15  3.78e-15   216    88     0
2884.28  8.49e-15  3.77e-15   216    80     0
2886.95  6.60e-15  3.75e-15   215    62     0
2889.62  1.10e-14  3.81e-15   215   103     0
2892.29  6.32e-15  3.77e-15   215    58     0
2894.96  1.11e-14  4.93e-15   215   103     0
2897.62  8.22e-15  3.86e-15   215    75     0
2900.29  1.38e-14  4.00e-15   214   131     0
2902.96  2.08e-15  3.61e-15   214    19     0
2905.63  1.75e-14  7.24e-15   214   146     0
2908.30  9.18e-15  4.29e-15   214    76     0
2910.97  1.26e-14  4.05e-15   214   110     0
2913.64  9.27e-15  4.02e-15   213    80     0
2916.31  6.03e-15  3.89e-15   213    53     0
2918.98  1.67e-14  5.39e-15   213   146     0
2921.64  1.03e-14  4.34e-15   213    82     0
2924.31  1.43e-14  5.40e-15   213   113     0
2926.98  1.93e-14  7.25e-15   213   158     0
2929.65  2.47e-14  7.71e-15   212   200     0
2932.32  1.55e-14  4.24e-15   212   133     0
2934.99  1.21e-14  4.07e-15   212   102     0
2937.66  1.25e-14  4.56e-15   212    94     0
2940.33  1.22e-14  4.64e-15   212   103     0
2943.00  7.96e-15  4.03e-15   211    67     0
2945.66  8.74e-15  4.29e-15   211    69     0
2948.33  1.77e-14  7.13e-15   211   139     0
2951.00  1.80e-14  7.10e-15   211   141     0
2953.67  2.09e-14  5.90e-15   211   163     0
2956.34  1.31e-14  4.17e-15   210   109     0
2959.01  6.84e-15  4.03e-15   210    56     0
2961.68  1.01e-14  4.46e-15   210    76     0
2964.35  1.52e-14  4.58e-15   210   112     0
2967.02  9.73e-15  4.78e-15   210    74     0
2969.68  1.13e-14  4.41e-15   210    85     0
2972.35  1.40e-14  5.19e-15   209   102     0
2975.02  1.49e-14  4.88e-15   209   102     0
2977.69  7.98e-15  4.89e-15   209    54     0
2980.36  8.84e-15  4.76e-15   209    64     0
2983.03  1.17e-14  4.56e-15   209    84     0
2985.70  1.11e-14  4.63e-15   208    78     0
2988.37  1.72e-14  4.77e-15   208   121     0
2991.04  1.58e-14  4.92e-15   208   107     0
2993.70  1.38e-14  4.90e-15   208    92     0
2996.37  1.86e-14  4.85e-15   208   131     0
2999.04  6.89e-15  4.55e-15   208    48     0
3001.71  1.40e-14  9.00e-15   207    92     0
3004.38  2.97e-14  1.13e-14   207   195     0
3007.05  8.23e-15  4.49e-15   207    58     0
3009.72  1.77e-14  5.51e-15   207   125     0
3012.39  8.82e-15  5.11e-15   207    55     0
3015.06  1.05e-14  5.23e-15   207    63     0
3017.72  1.29e-14  5.38e-15   206    77     0
3020.39  1.38e-14  5.62e-15   206    86     0
3023.06  1.18e-14  5.11e-15   206    73     0
3025.73  6.71e-15  5.19e-15   206    40     0
3028.40  1.35e-14  5.28e-15   206    81     0
3031.07  1.08e-14  5.43e-15   206    62     0
3033.74  1.77e-14  5.70e-15   205   100     0
3036.41  1.04e-14  5.64e-15   205    58     0
3039.08  1.15e-14  5.82e-15   205    64     0
3041.74  2.31e-14  7.84e-15   205   130     0
3044.41  1.47e-14  5.60e-15   205    82     0
3047.08  1.25e-14  6.41e-15   205    60     0
3049.75  3.01e-14  6.86e-15   204   143     0
3052.42  3.59e-15  6.03e-15   204    17     0
3055.09  2.05e-14  8.49e-15   204   104     0
3057.76  2.12e-14  6.43e-15   204   106     0
3060.43  8.96e-15  6.22e-15   204    43     0
3063.10  2.36e-14  6.67e-15   204   112     0
3065.76  1.87e-14  6.41e-15   203    91     0
3068.43  1.65e-14  6.72e-15   203    79     0
3071.10  1.98e-14  7.43e-15   203    91     0
3073.77  1.34e-14  6.63e-15   203    60     0
3076.44  2.08e-14  6.54e-15   203    98     0
3079.11  4.06e-14  9.37e-15   203   189     0
3081.78  1.83e-14  7.17e-15   202    76     0
3084.45  3.27e-14  9.43e-15   202   134     0
3087.12  3.27e-14  9.75e-15   202   125     0
3089.78  2.15e-14  1.29e-14   202    80     0
3092.45  2.34e-14  9.18e-15   202    93     0
3095.12  2.38e-14  8.31e-15   202    85     0
3097.79  2.99e-14  9.65e-15   201   105     0
3100.46  2.02e-14  8.25e-15   201    74     0
3103.13  2.41e-14  8.25e-15   201    86     0
3105.80  1.80e-14  7.84e-15   201    67     0
3108.47  1.25e-14  7.87e-15   201    45     0
3111.14  4.08e-14  1.16e-14   201   137     0
3113.80  1.36e-14  8.84e-15   201    44     0
3116.47  1.49e-14  1.01e-14   200    42     0
3119.14  3.28e-14  1.09e-14   200    91     0
3121.81  1.27e-14  9.45e-15   200    37     0
3124.48  9.73e-15  9.56e-15   200    28     0
3127.15  3.34e-14  1.12e-14   200    93     0
3129.82  1.86e-14  1.04e-14   200    50     0
3132.49  1.06e-15  9.59e-15   199     3     0
3135.16  2.48e-14  9.94e-15   199    70     0
3137.82  1.21e-14  9.88e-15   199    33     0
3140.49  5.88e-15  1.09e-14   199    14     0
3143.16  2.13e-14  1.13e-14   199    52     0
3145.83  6.49e-15  1.12e-14   199    15     0
3148.50  5.29e-14  1.66e-14   199   125     0
3151.17  2.29e-14  1.21e-14   198    52     0
3153.84  5.02e-14  1.70e-14   198   112     0
3156.51  1.09e-14  1.06e-14   198    27     0
3159.18  2.63e-14  1.10e-14   198    66     0
3161.84  3.31e-14  1.14e-14   198    80     0
3164.51  2.54e-14  1.29e-14   198    60     0
3167.18  3.39e-14  2.02e-14   197    79     0
3169.85  3.48e-14  1.49e-14   197    79     0
3172.52  1.64e-14  1.34e-14   197    32     0
3175.19  1.46e-14  1.32e-14   197    29     0
3177.86  3.35e-14  1.38e-14   197    65     0
3180.53  2.85e-14  1.52e-14   197    50     0
3183.20  6.11e-14  2.53e-14   197   105     0
3185.86  2.21e-14  1.27e-14   196    46     0
3188.53  1.91e-14  1.30e-14   196    38     0
3191.20  2.94e-14  1.50e-14   196    52     0
3193.87  3.98e-14  1.56e-14   196    68     0
3196.54  3.88e-14  1.69e-14   196    61     0
3199.21  3.73e-14  1.74e-14   196    57     0
3201.88  2.80e-14  1.49e-14   195    49     0
3204.55  7.38e-15  1.67e-14   195    12     0
3207.22  2.77e-14  1.86e-14   195    38     0
3209.88  5.93e-15  1.88e-14   195     8     0
3212.55  3.32e-14  2.17e-14   195    39     0
3215.22 -1.28e-14  2.21e-14   195   -14     0
3217.89  1.07e-14  2.27e-14   194    11     0
3220.56  7.51e-14  3.02e-14   194   112     0
3223.23  3.93e-14  1.77e-14   194    57     0
3225.90  4.44e-14  2.29e-14   194    49     0
3228.57  4.94e-14  2.35e-14   194    54     0
3231.24  5.92e-15  2.16e-14   194     6     0
3233.90  8.34e-15  2.19e-14   193     9     0
3236.57  3.32e-14  2.56e-14   193    32     0
3239.24  1.63e-14  2.58e-14   193    15     0
3241.91 -8.36e-15  2.87e-14   193    -7     0
3244.58  1.55e-15  2.93e-14   193     1     0
3247.25 -3.01e-14  3.70e-14   192   -20     0
3249.92  2.81e-14  4.00e-14   192    18     0
3252.59 -2.97e-15  2.94e-14   192    -2     0
3255.26  4.30e-14  2.93e-14   192    36     0
3257.92  2.30e-14  3.01e-14   192    18     0
3260.59  7.70e-16  3.48e-14   191     0     0
3263.26 -2.39e-15  3.59e-14   191    -1     0
3265.93  4.18e-14  4.80e-14   191    21     0
3268.60  1.07e-13  6.81e-14   191    53     0
3271.27  5.44e-14  3.07e-14   191    44     0
3273.94  1.88e-14  3.23e-14   190    14     0
3276.61  3.24e-16  5.98e-14   190     0     0
3279.28 -6.11e-14  6.06e-14   190   -24     0
3281.94 -1.71e-14  4.88e-14   190    -8     0
3284.61  8.56e-14  5.06e-14   189    41     0
3287.28  6.22e-14  6.01e-14   189    42     0
3289.95  7.27e-14  3.99e-14   189    48     0
3292.62  7.55e-14  4.14e-14   189    44     0
3295.29  1.77e-14  9.52e-14   188     7     0
3297.96  1.18e-13  6.19e-14   188    46     0
3300.63 -3.65e-16  6.86e-14   188     0     0
3303.30  7.25e-15  7.62e-14   188     2     0
3305.96  9.25e-13  6.89e-13   187    56 -4096
3308.63  9.34e-13  1.06e-12   187    55 -4096
3311.30 -1.16e-13  1.73e-13   187   -17 -4096
3313.97 -1.14e-13  1.61e-13   186   -17     0
3316.64  1.31e-14  1.06e-13   186     2     0
3319.31  7.55e-15  1.09e-13   186     1     0
3321.98  1.80e-13  1.00e-13   186    43     0
3324.65  2.01e-13  1.27e-13   185    46     0
3327.32  1.91e-13  6.68e-14   185    70     0
3329.98  4.04e-14  6.72e-14   185    14     0
3332.65 -9.72e-15  1.45e-13   184    -1     0
3335.32 -3.54e-13  1.76e-13   184   -47     0
3337.99  1.12e-13  1.83e-13   184    14     0
3340.66 -8.71e-14  5.11e-13   183    -4     0
3343.33  1.84e-14  5.27e-13   183     0     0
3346.00  2.32e-14  1.82e-13   183     3     0
3348.67 -1.34e-13  1.83e-13   182   -17     0
