NOT ORIGINAL IUE PROJECT DATA PRODUCT
LWR08258LOWLARGE
HD  197481
20:42:04
-31:31:05
48
NO-TRAIL
NO
899.765
15/07/80
18:24:00
197
12.80
26/07/97
GSFC
2444436.26667
70
32
1851.30  2.72e-14  1.51e-13   131     1     0
1853.96  2.90e-13  2.12e-13   131    19     0
1856.63  1.43e-13  1.62e-13   131    11     0
1859.29 -8.22e-14  1.05e-13   131    -7     0
1861.96  1.40e-13  1.67e-13   131    12     0
1864.63  5.84e-14  1.28e-13   130     5     0
1867.29  7.67e-14  9.69e-14   130     7     0
1869.96 -2.84e-14  8.73e-14   130    -3     0
1872.62 -4.89e-14  7.42e-14   130    -6     0
1875.29 -9.46e-14  6.77e-14   130   -13     0
1877.95  6.38e-15  6.47e-14   130     0     0
1880.62 -1.45e-14  6.50e-14   129    -2     0
1883.29 -6.87e-14  6.15e-14   129   -10     0
1885.95 -4.92e-14  5.55e-14   129    -8     0
1888.62 -2.04e-14  7.75e-14   129    -3     0
1891.28 -2.48e-14  5.45e-14   129    -4     0
1893.95  2.48e-14  5.33e-14   129     4     0
1896.61 -1.07e-13  7.91e-14   129   -21     0
1899.28  2.96e-14  4.76e-14   129     6     0
1901.95  2.47e-14  5.61e-14   128     5     0
1904.61  1.72e-14  4.75e-14   128     3     0
1907.28 -3.64e-14  4.27e-14   128    -8     0
1909.94 -6.60e-14  4.17e-14   128   -14     0
1912.61  4.37e-15  3.95e-14   128     1     0
1915.28 -5.47e-14  3.95e-14   128   -13     0
1917.94 -2.06e-14  5.31e-14   128    -5     0
1920.61 -8.16e-15  3.42e-14   128    -2     0
1923.27 -6.27e-15  3.31e-14   128    -1     0
1925.94  2.27e-15  4.37e-14   128     0     0
1928.60  9.37e-15  3.19e-14   128     2     0
1931.27 -5.76e-14  3.12e-14   128   -17     0
1933.94  4.83e-14  3.23e-14   128    15     0
1936.60  8.52e-14  3.71e-14   128    28     0
1939.27  2.11e-14  2.90e-14   127     7     0
1941.93  2.63e-14  2.99e-14   127     8     0
1944.60  4.54e-14  3.00e-14   127    15     0
1947.26 -1.55e-14  2.55e-14   127    -5     0
1949.93  5.59e-14  3.21e-14   127    21     0
1952.60  2.35e-14  2.69e-14   127     9     0
1955.26 -1.88e-15  2.41e-14   127     0     0
1957.93  3.78e-16  2.40e-14   127     0     0
1960.59 -2.16e-14  2.34e-14   127    -9     0
1963.26 -1.67e-14  2.27e-14   127    -7     0
1965.92 -3.37e-14  2.21e-14   127   -15     0
1968.59  4.00e-14  2.35e-14   127    18     0
1971.26  3.49e-15  3.95e-14   127     1     0
1973.92  5.69e-14  2.43e-14   127    26     0
1976.59  6.56e-15  1.96e-14   127     3     0
1979.25  1.61e-14  1.97e-14   127     8     0
1981.92  5.70e-14  2.23e-14   127    28     0
1984.58 -4.27e-15  2.37e-14   127    -2     0
1987.25  3.04e-14  2.99e-14   127    15     0
1989.92  1.21e-14  2.04e-14   127     6     0
1992.58  8.34e-16  1.96e-14   127     0     0
1995.25  3.23e-14  2.12e-14   127    16     0
1997.91  8.25e-15  1.98e-14   127     4     0
2000.58  8.54e-15  1.97e-14   127     4     0
2003.24 -3.01e-15  1.91e-14   128    -1     0
2005.91 -1.67e-14  1.84e-14   128    -9     0
2008.58  3.02e-15  1.83e-14   128     1     0
2011.24 -7.12e-15  1.82e-14   128    -4     0
2013.91  4.80e-15  1.81e-14   128     2     0
2016.57 -8.66e-15  1.63e-14   128    -5     0
2019.24 -3.36e-14  1.62e-14   128   -21     0
2021.90  9.56e-16  1.76e-14   128     0     0
2024.57  2.24e-14  1.86e-14   128    13     0
2027.24  7.48e-16  1.75e-14   128     0     0
2029.90  9.90e-16  1.74e-14   128     0     0
2032.57  6.72e-15  1.67e-14   128     4     0
2035.23 -5.75e-15  1.66e-14   128    -3     0
2037.90  1.10e-15  1.66e-14   128     0     0
2040.56  4.16e-16  1.87e-14   128     0     0
2043.23 -1.65e-14  1.63e-14   128   -10     0
2045.90 -6.07e-15  1.58e-14   128    -4     0
2048.56 -3.24e-15  1.57e-14   128    -2     0
2051.23 -2.20e-14  1.64e-14   129   -14     0
2053.89 -2.20e-15  1.63e-14   129    -1     0
2056.56  7.83e-15  1.63e-14   129     5     0
2059.22 -9.95e-15  1.73e-14   129    -6     0
2061.89 -6.32e-15  1.71e-14   129    -4     0
2064.56 -2.59e-15  1.65e-14   129    -1     0
2067.22  4.67e-14  2.67e-14   129    32     0
2069.89 -1.34e-14  1.57e-14   129    -9     0
2072.55 -1.68e-14  1.58e-14   129   -11     0
2075.22  3.37e-14  1.80e-14   129    22     0
2077.88  3.82e-14  1.80e-14   129    25     0
2080.55  2.99e-16  1.60e-14   129     0     0
2083.22  7.01e-15  1.62e-14   130     4     0
2085.88  1.04e-14  1.65e-14   130     7     0
2088.55  5.77e-15  1.63e-14   130     3     0
2091.21  2.40e-15  1.65e-14   130     1     0
2093.88 -1.95e-14  1.64e-14   130   -13     0
2096.54  7.73e-15  1.62e-14   130     5     0
2099.21 -2.46e-14  1.59e-14   130   -17     0
2101.88 -4.82e-15  1.65e-14   130    -3     0
2104.54  9.19e-15  1.68e-14   130     6     0
2107.21  8.56e-15  1.96e-14   130     6     0
2109.87  3.44e-14  2.35e-14   131    24     0
2112.54 -7.29e-15  1.68e-14   131    -4     0
2115.20 -1.59e-15  1.69e-14   131    -1     0
2117.87  4.95e-15  1.80e-14   131     3     0
2120.54  7.55e-15  1.66e-14   131     5     0
2123.20 -4.19e-15  1.63e-14   131    -2     0
2125.87  2.97e-14  1.82e-14   131    21     0
2128.53 -8.50e-15  2.01e-14   131    -6     0
2131.20 -1.68e-14  1.66e-14   131   -11     0
2133.86 -3.21e-15  1.87e-14   132    -2     0
2136.53  1.44e-14  1.62e-14   132    10     0
2139.20 -7.09e-15  1.57e-14   132    -5     0
2141.86 -1.86e-14  1.61e-14   132   -13     0
2144.53 -9.55e-15  1.79e-14   132    -6     0
2147.19  5.37e-15  1.69e-14   132     3     0
2149.86 -2.22e-14  1.68e-14   132   -15     0
2152.52  2.90e-15  1.66e-14   132     2     0
2155.19 -1.91e-14  1.76e-14   133   -12     0
2157.86  1.00e-14  1.81e-14   133     6     0
2160.52  1.65e-14  1.74e-14   133    11     0
2163.19 -5.93e-15  1.66e-14   133    -4     0
2165.85  1.18e-15  1.73e-14   133     0     0
2168.52  5.82e-15  2.11e-14   133     4     0
2171.18  2.71e-14  1.94e-14   133    18     0
2173.85  1.77e-15  1.82e-14   133     1     0
2176.52 -1.88e-14  1.82e-14   134   -12     0
2179.18  2.85e-15  1.83e-14   134     1     0
2181.85  3.79e-14  1.87e-14   134    26     0
2184.51  1.91e-14  1.81e-14   134    13     0
2187.18 -6.74e-15  1.71e-14   134    -4     0
2189.84  1.71e-15  1.71e-14   134     1     0
2192.51  8.99e-15  1.74e-14   134     6     0
2195.18 -7.51e-15  1.64e-14   134    -5     0
2197.84  1.67e-14  1.72e-14   135    12     0
2200.51  2.01e-14  1.76e-14   135    14     0
2203.17  1.26e-14  1.73e-14   135     9     0
2205.84  2.58e-14  1.73e-14   135    19     0
2208.50  3.66e-14  1.80e-14   135    28     0
2211.17  4.03e-14  3.44e-14   135    30     0
2213.84  3.59e-15  1.70e-14   135     2     0
2216.50 -5.65e-15  1.83e-14   135    -3     0
2219.17 -1.13e-14  2.09e-14   136    -7     0
2221.83 -1.60e-14  1.81e-14   136   -11     0
2224.50  3.59e-14  1.97e-14   136    25     0
2227.17  1.23e-14  1.87e-14   136     8     0
2229.83  3.18e-15  2.92e-14   136     2     0
2232.50 -3.03e-14  1.63e-14   136   -23     0
2235.16  1.80e-14  1.68e-14   136    14     0
2237.83  9.34e-15  1.65e-14   137     7     0
2240.49 -2.40e-14  1.80e-14   137   -17     0
2243.16 -2.51e-14  1.79e-14   137   -18     0
2245.83 -1.57e-14  1.57e-14   137   -12     0
2248.49  1.76e-14  1.73e-14   137    14     0
2251.16 -2.02e-15  1.56e-14   137    -1     0
2253.82  1.46e-14  1.62e-14   137    12     0
2256.49 -3.02e-15  1.49e-14   138    -2     0
2259.15  1.42e-14  1.57e-14   138    12     0
2261.82 -2.20e-14  1.62e-14   138   -17     0
2264.49  5.26e-15  1.62e-14   138     4     0
2267.15  2.48e-14  1.67e-14   138    20     0
2269.82  1.10e-14  1.60e-14   138     9     0
2272.48  4.00e-14  1.77e-14   138    35     0
2275.15 -5.09e-15  1.50e-14   139    -4     0
2277.81 -7.38e-15  1.49e-14   139    -6     0
2280.48  1.21e-14  1.49e-14   139    11     0
2283.15 -1.03e-15  1.42e-14   139     0     0
2285.81  1.89e-14  1.43e-14   139    18     0
2288.48  4.27e-15  1.36e-14   139     4     0
2291.14  1.55e-14  1.50e-14   139    15     0
2293.81 -7.03e-15  1.37e-14   139    -6     0
2296.47  2.56e-14  1.94e-14   140    23     0
2299.14  4.78e-14  1.66e-14   140    44     0
2301.81  3.56e-14  1.52e-14   140    35     0
2304.47  1.99e-14  1.59e-14   140    20     0
2307.14  4.95e-15  1.43e-14   140     4     0
2309.80  1.30e-14  2.13e-14   140    12     0
2312.47  1.92e-14  1.38e-14   140    20     0
2315.13  3.84e-14  1.48e-14   141    39     0
2317.80  1.81e-16  1.33e-14   141     0     0
2320.47 -1.43e-14  1.23e-14   141   -16     0
2323.13 -9.39e-15  1.21e-14   141   -10     0
2325.80  1.46e-14  1.35e-14   141    16     0
2328.46  2.32e-14  1.46e-14   141    26     0
2331.13  1.24e-14  1.17e-14   141    15     0
2333.79  2.81e-14  1.43e-14   142    35     0
2336.46  3.71e-14  1.49e-14   142    46     0
2339.13  3.13e-16  1.14e-14   142     0     0
2341.79  5.19e-14  1.85e-14   142    67     0
2344.46  5.63e-15  1.95e-14   142     7     0
2347.12  1.23e-14  1.07e-14   142    17     0
2349.79  1.77e-14  1.07e-14   142    24     0
2352.45  3.48e-17  1.68e-14   143     0     0
2355.12  1.13e-14  1.04e-14   143    16     0
2357.79  1.53e-14  1.06e-14   143    21     0
2360.45  1.05e-14  1.06e-14   143    14     0
2363.12  9.02e-15  1.04e-14   143    12     0
2365.78  1.43e-14  1.14e-14   143    18     0
2368.45  8.00e-15  1.09e-14   143    10     0
2371.11  1.95e-14  1.11e-14   144    27     0
2373.78  3.15e-14  1.19e-14   144    44     0
2376.45  4.03e-14  1.25e-14   144    59     0
2379.11  2.33e-14  1.10e-14   144    34     0
2381.78  3.06e-14  1.18e-14   144    43     0
2384.44  4.32e-14  1.19e-14   144    62     0
2387.11  3.13e-14  1.13e-14   144    44     0
2389.77  1.28e-14  1.06e-14   145    18     0
2392.44  2.44e-14  1.12e-14   145    34     0
2395.11  3.24e-14  1.07e-14   145    50     0
2397.77  1.34e-14  1.13e-14   145    21     0
2400.44  1.03e-14  9.47e-15   145    16     0
2403.10  1.57e-14  9.73e-15   145    25     0
2405.77  2.96e-14  1.04e-14   145    46     0
2408.43  2.61e-14  1.03e-14   146    41     0
2411.10  2.71e-16  9.90e-15   146     0     0
2413.77  2.24e-14  1.04e-14   146    35     0
2416.43  1.90e-14  1.00e-14   146    30     0
2419.10  1.86e-14  9.89e-15   146    30     0
2421.76  1.54e-14  9.95e-15   146    24     0
2424.43  1.74e-14  9.88e-15   146    28     0
2427.09  1.82e-14  9.31e-15   147    31     0
2429.76 -3.76e-15  1.57e-14   147    -6     0
2432.43 -5.87e-15  8.52e-15   147   -10     0
2435.09  2.38e-15  1.17e-14   147     4     0
2437.76  2.36e-14  9.35e-15   147    41     0
2440.42  1.98e-14  8.98e-15   147    36     0
2443.09  2.85e-14  9.29e-15   147    53     0
2445.75  2.12e-14  1.02e-14   148    39     0
2448.42  4.39e-15  8.08e-15   148     8     0
2451.09  2.71e-16  1.22e-14   148     0     0
2453.75  7.44e-15  7.73e-15   148    15     0
2456.42  1.87e-14  8.89e-15   148    34     0
2459.08  2.07e-14  9.07e-15   148    39     0
2461.75  6.08e-15  7.66e-15   148    12     0
2464.41  1.56e-15  7.41e-15   149     3     0
2467.08  1.81e-14  7.99e-15   149    39     0
2469.75  1.21e-14  7.49e-15   149    26     0
2472.41  7.75e-15  8.49e-15   149    15     0
2475.08  1.76e-14  9.26e-15   149    37     0
2477.74  2.86e-14  8.48e-15   149    60     0
2480.41  8.89e-15  7.72e-15   149    19     0
2483.07  8.25e-15  7.34e-15   149    18     0
2485.74  2.16e-14  1.11e-14   150    47     0
2488.41  5.48e-15  7.22e-15   150    12     0
2491.07  1.21e-14  8.25e-15   150    23     0
2493.74  1.75e-14  8.58e-15   150    34     0
2496.40  6.75e-15  7.61e-15   150    14     0
2499.07  3.31e-15  7.43e-15   150     7     0
2501.73  1.43e-14  7.34e-15   150    32     0
2504.40  2.12e-14  7.63e-15   151    48     0
2507.07  7.16e-15  1.11e-14   151    15     0
2509.73  2.05e-14  8.01e-15   151    44     0
2512.40  1.64e-14  7.36e-15   151    37     0
2515.06  7.47e-15  1.38e-14   151    15     0
2517.73  1.96e-14  9.43e-15   151    41     0
2520.40  3.54e-15  8.20e-15   151     7     0
2523.06  2.29e-14  7.96e-15   152    51     0
2525.73  1.15e-14  6.87e-15   152    27     0
2528.39  1.04e-14  7.15e-15   152    25     0
2531.06  1.38e-14  7.16e-15   152    32     0
2533.72  1.21e-14  9.07e-15   152    29     0
2536.39  2.32e-14  7.38e-15   152    57     0
2539.06  8.91e-15  6.60e-15   152    22     0
2541.72  9.59e-15  6.22e-15   152    25     0
2544.39  2.18e-14  6.54e-15   153    59     0
2547.05  8.28e-15  6.27e-15   153    21     0
2549.72  3.76e-14  7.55e-15   153   100     0
2552.38  9.13e-15  6.55e-15   153    23     0
2555.05  1.55e-14  1.03e-14   153    37     0
2557.72  4.96e-15  6.83e-15   153    11     0
2560.38  5.57e-15  6.29e-15   153    14     0
2563.05  1.93e-14  6.93e-15   153    50     0
2565.71  1.50e-14  6.46e-15   154    41     0
2568.38  9.02e-15  6.11e-15   154    24     0
2571.04  1.56e-14  6.32e-15   154    43     0
2573.71  7.90e-15  8.47e-15   154    21     0
2576.38  1.30e-14  3.01e-14   154    33 -4096
2579.04  5.33e-14  4.16e-14   154   139 -4096
2581.71 -3.68e-15  2.64e-14   154   -10 -4096
2584.37  1.91e-14  6.28e-15   155    55     0
2587.04  1.84e-14  6.60e-15   155    50     0
2589.70  3.34e-14  9.26e-15   155    92     0
2592.37  1.49e-14  6.27e-15   155    42     0
2595.04  2.09e-14  6.58e-15   155    59     0
2597.70  4.53e-14  7.86e-15   155   128     0
2600.37  5.91e-14  1.10e-14   155   166     0
2603.03  3.77e-14  7.22e-15   155   107     0
2605.70  2.72e-14  6.40e-15   155    83     0
2608.36  3.40e-14  6.67e-15   156   106     0
2611.03  2.93e-14  6.83e-15   156    86     0
2613.70  4.01e-14  7.56e-15   156   119     0
2616.36  6.76e-14  9.96e-15   156   206     0
2619.03  3.46e-14  6.76e-15   156   107     0
2621.69  2.49e-14  6.21e-15   156    79     0
2624.36  4.14e-14  6.94e-15   156   133     0
2627.02  7.66e-14  9.20e-15   156   235     0
2629.69  4.93e-14  7.61e-15   157   152     0
2632.36  6.48e-14  8.32e-15   157   210     0
2635.02  1.11e-14  5.86e-15   157    33     0
2637.69  1.43e-14  5.99e-15   157    42     0
2640.35  7.06e-15  5.56e-15   157    21     0
2643.02  1.37e-14  5.84e-15   157    41     0
2645.68  1.60e-14  7.78e-15   157    48     0
2648.35  1.07e-14  5.81e-15   157    32     0
2651.02  2.29e-14  6.27e-15   157    71     0
2653.68  8.47e-15  5.54e-15   158    26     0
2656.35  2.19e-15  5.26e-15   158     6     0
2659.01  2.69e-15  5.26e-15   158     8     0
2661.68  1.08e-14  5.34e-15   158    35     0
2664.34  9.20e-15  5.25e-15   158    30     0
2667.01  1.38e-14  5.37e-15   158    46     0
2669.68  1.33e-14  5.39e-15   158    44     0
2672.34  2.14e-14  8.96e-15   158    71     0
2675.01  1.45e-14  5.45e-15   158    48     0
2677.67  1.68e-14  5.52e-15   159    56     0
2680.34  1.01e-14  5.04e-15   159    34     0
2683.00  1.05e-14  5.04e-15   159    36     0
2685.67  6.80e-15  5.00e-15   159    23     0
2688.34  1.34e-14  5.33e-15   159    45     0
2691.00  1.91e-14  5.66e-15   159    64     0
2693.67  1.01e-14  5.25e-15   159    33     0
2696.33  1.02e-14  5.57e-15   159    31     0
2699.00  4.83e-15  7.99e-15   159    15     0
2701.66  7.50e-15  5.67e-15   160    26     0
2704.33  5.09e-15  4.81e-15   160    17     0
2707.00  5.56e-15  5.24e-15   160    17     0
2709.66  2.57e-14  9.01e-15   160    82     0
2712.33  1.28e-14  5.25e-15   160    44     0
2714.99  1.40e-14  5.24e-15   160    48     0
2717.66  2.64e-14  6.54e-15   160    86     0
2720.32  1.35e-14  5.29e-15   160    46     0
2722.99  2.19e-14  5.87e-15   160    75     0
2725.66  4.52e-14  1.16e-14   160   164     0
2728.32  1.09e-14  4.86e-15   160    40     0
2730.99  2.68e-14  5.89e-15   161    92     0
2733.65  2.31e-14  5.75e-15   161    80     0
2736.32  1.94e-14  6.09e-15   161    69     0
2738.98  2.26e-14  5.52e-15   161    80     0
2741.65  3.08e-14  6.27e-15   161   103     0
2744.32  3.25e-14  6.62e-15   161   108     0
2746.98  4.00e-14  6.48e-15   161   141     0
2749.65  3.71e-14  6.40e-15   161   130     0
2752.31  3.03e-14  6.14e-15   161   104     0
2754.98  2.30e-14  5.72e-15   161    78     0
2757.64  2.73e-14  5.94e-15   161    92     0
2760.31  1.84e-14  5.69e-15   162    61     0
2762.98  3.18e-14  6.79e-15   162   105     0
2765.64  1.62e-14  5.41e-15   162    55     0
2768.31  2.69e-14  6.14e-15   162    92     0
2770.97  1.31e-14  5.53e-15   162    43     0
2773.64  2.94e-14  6.23e-15   162    97     0
2776.30  2.48e-14  7.06e-15   162    85     0
2778.97  2.03e-14  5.87e-15   162    69     0
2781.64  1.75e-14  5.36e-15   162    60     0
2784.30  2.23e-14  5.74e-15   162    76     0
2786.97  2.03e-14  7.68e-15   162    68     0
2789.63  3.46e-14  1.07e-14   162   116     0
2792.30  1.64e-13  1.73e-14   162   579     0
2794.96  2.72e-13  3.85e-14   162   955  -320
2797.63  2.03e-13  2.34e-14   163   706     0
2800.30  2.21e-13  2.91e-14   163   746     0
2802.96  2.76e-13  2.05e-14   163   933     0
2805.63  1.23e-13  1.25e-14   163   408     0
2808.29  3.36e-14  6.42e-15   163   112     0
2810.96  6.63e-15  4.81e-15   163    23     0
2813.62  3.14e-14  6.11e-15   163   109     0
2816.29  2.64e-14  5.62e-15   163    94     0
2818.96  2.26e-14  6.95e-15   163    80     0
2821.62  1.84e-14  5.40e-15   163    63     0
2824.29  1.06e-14  5.00e-15   163    36     0
2826.95  2.87e-15  4.90e-15   163     9     0
2829.62  1.65e-14  5.52e-15   163    54     0
2832.29  2.71e-14  6.70e-15   163    87     0
2834.95  2.83e-14  6.28e-15   163    90     0
2837.62  2.22e-14  5.66e-15   163    74     0
2840.28  1.86e-14  6.21e-15   163    67     0
2842.95  1.34e-14  5.00e-15   164    48     0
2845.61  1.34e-14  5.13e-15   164    46     0
2848.28  1.64e-14  5.29e-15   164    56     0
2850.95  3.36e-14  9.27e-15   164   112     0
2853.61  2.52e-14  5.82e-15   164    84     0
2856.28  1.40e-14  5.21e-15   164    49     0
2858.94  2.04e-14  5.37e-15   164    72     0
2861.61  2.07e-14  5.51e-15   164    69     0
2864.27  1.96e-14  5.53e-15   164    65     0
2866.94  1.82e-14  5.38e-15   164    63     0
2869.61  2.08e-14  5.46e-15   164    71     0
2872.27  1.86e-14  5.48e-15   164    62     0
2874.94  2.89e-14  6.52e-15   164    97     0
2877.60  2.22e-14  5.66e-15   164    74     0
2880.27  2.49e-14  5.81e-15   164    84     0
2882.93  3.04e-14  6.95e-15   164   102     0
2885.60  1.39e-14  5.57e-15   164    46     0
2888.27  3.22e-14  6.92e-15   164   106     0
2890.93  1.94e-14  7.20e-15   164    63     0
2893.60  1.15e-14  5.19e-15   164    37     0
2896.26  1.86e-14  5.74e-15   164    58     0
2898.93  1.47e-14  5.53e-15   164    46     0
2901.59  1.68e-14  5.51e-15   164    54     0
2904.26  3.55e-14  9.45e-15   164   113     0
2906.93  1.93e-14  7.10e-15   164    56     0
2909.59  2.34e-14  6.23e-15   164    68     0
2912.26  2.92e-14  6.92e-15   164    89     0
2914.92  1.81e-14  6.84e-15   164    54     0
2917.59  3.55e-14  6.84e-15   164   106     0
2920.25  2.48e-14  6.49e-15   164    69     0
2922.92  2.35e-14  6.66e-15   164    64     0
2925.59  4.46e-14  7.34e-15   164   129     0
2928.25  4.18e-14  1.07e-14   164   120     0
2930.92  2.71e-14  6.41e-15   164    80     0
2933.58  1.36e-14  5.79e-15   164    40     0
2936.25  2.09e-14  6.51e-15   164    56     0
2938.91  2.75e-14  6.80e-15   164    74     0
2941.58  1.82e-14  5.99e-15   164    53     0
2944.25  3.49e-14  6.83e-15   164   101     0
2946.91  2.77e-14  6.77e-15   164    76     0
2949.58  2.95e-14  6.88e-15   164    80     0
2952.24  3.39e-14  7.00e-15   164    94     0
2954.91  2.17e-14  6.40e-15   164    60     0
2957.57  2.42e-14  6.90e-15   164    68     0
2960.24  1.99e-14  6.60e-15   164    52     0
2962.91  2.83e-14  7.06e-15   164    73     0
2965.57  1.76e-14  6.39e-15   164    48     0
2968.24  1.87e-14  6.92e-15   164    51     0
2970.90  2.70e-14  7.00e-15   164    69     0
2973.57  2.39e-14  6.92e-15   164    60     0
2976.23  3.09e-14  7.52e-15   164    75     0
2978.90  4.21e-14  8.18e-15   164   101     0
2981.57  3.54e-14  7.38e-15   164    91     0
2984.23  2.36e-14  6.86e-15   164    59     0
2986.90  3.50e-14  7.61e-15   164    85     0
2989.56  3.60e-14  8.45e-15   164    86     0
2992.23  1.58e-14  6.93e-15   164    36     0
2994.89  3.34e-14  7.89e-15   164    77     0
2997.56  1.66e-14  6.81e-15   164    40     0
3000.23  1.11e-14  6.91e-15   164    25     0
3002.89  1.38e-14  7.10e-15   164    31     0
3005.56  2.11e-14  6.98e-15   164    50     0
3008.22  1.65e-14  7.40e-15   164    38     0
3010.89  1.67e-14  7.71e-15   164    34     0
3013.55  3.81e-14  8.60e-15   164    78     0
3016.22  1.45e-14  7.74e-15   164    29     0
3018.89  2.55e-14  8.61e-15   164    50     0
3021.55  3.18e-14  7.95e-15   164    69     0
3024.22  2.29e-14  7.60e-15   164    49     0
3026.88  1.90e-14  7.83e-15   164    39     0
3029.55  2.45e-14  7.96e-15   164    50     0
3032.21  1.41e-14  7.99e-15   164    27     0
3034.88  8.24e-15  7.86e-15   164    15     0
3037.55  1.63e-14  8.24e-15   164    30     0
3040.21  3.71e-14  9.07e-15   164    70     0
3042.88  2.90e-14  8.70e-15   164    55     0
3045.54  2.10e-14  8.93e-15   164    36     0
3048.21  1.75e-14  8.85e-15   164    30     0
3050.87  3.32e-14  9.39e-15   164    57     0
3053.54  1.74e-14  8.97e-15   164    29     0
3056.21  2.09e-14  8.67e-15   164    37     0
3058.87  2.36e-14  8.67e-15   164    41     0
3061.54  2.37e-14  9.34e-15   164    39     0
3064.20  8.62e-15  8.78e-15   164    14     0
3066.87  1.19e-14  8.70e-15   163    19     0
3069.53  2.42e-14  9.48e-15   163    39     0
3072.20  4.31e-14  1.08e-14   163    66     0
3074.87  4.54e-14  1.09e-14   163    69     0
3077.53  3.16e-14  9.70e-15   163    51     0
3080.20  2.70e-14  1.03e-14   163    40     0
3082.86  2.98e-14  1.06e-14   163    43     0
3085.53  3.59e-14  1.13e-14   163    50     0
3088.19  2.01e-14  1.07e-14   163    27     0
3090.86  2.29e-14  1.02e-14   163    33     0
3093.53  2.33e-14  1.04e-14   163    33     0
3096.19  3.76e-14  1.32e-14   163    43     0
3098.86  3.49e-14  1.34e-14   163    39     0
3101.52  3.62e-14  1.21e-14   163    46     0
3104.19  3.67e-14  1.22e-14   163    45     0
3106.85  3.66e-14  1.17e-14   163    47     0
3109.52  2.76e-14  1.17e-14   163    34     0
3112.19  1.78e-14  1.12e-14   163    22     0
3114.85  3.28e-14  1.26e-14   163    40     0
3117.52  3.07e-14  1.47e-14   163    30     0
3120.18  5.97e-14  1.43e-14   163    65     0
3122.85  1.72e-14  1.28e-14   162    18     0
3125.52  4.34e-14  1.62e-14   162    39     0
3128.18  4.05e-14  1.97e-14   162    36     0
3130.85  4.34e-14  1.42e-14   162    45     0
3133.51  4.87e-14  1.47e-14   162    49     0
3136.18  4.09e-14  1.47e-14   162    40     0
3138.84  3.44e-14  1.45e-14   162    33     0
3141.51  3.07e-14  1.59e-14   162    26     0
3144.18  3.60e-14  1.66e-14   162    30     0
3146.84  2.68e-14  1.60e-14   162    22     0
3149.51  4.89e-14  1.78e-14   162    40     0
3152.17  5.33e-14  1.82e-14   162    42     0
3154.84  2.87e-14  1.75e-14   162    22     0
3157.50  3.28e-14  1.48e-14   162    30     0
3160.17  3.48e-14  1.55e-14   162    30     0
3162.83  2.12e-14  1.53e-14   162    18     0
3165.50  7.17e-15  1.67e-14   162     5     0
3168.17  4.96e-14  1.89e-14   162    36     0
3170.83  3.32e-14  1.90e-14   162    22     0
3173.50  1.50e-14  1.90e-14   162     9     0
3176.16  9.52e-16  1.71e-14   162     0     0
3178.83  3.25e-14  1.90e-14   162    22     0
3181.50  7.47e-14  2.25e-14   162    46     0
3184.16  4.26e-14  2.17e-14   161    25     0
3186.83  6.44e-14  2.07e-14   161    43     0
3189.49  2.06e-14  1.92e-14   161    13     0
3192.16  1.13e-15  1.86e-14   161     0     0
3194.82  4.21e-14  2.08e-14   161    26     0
3197.49  2.76e-14  2.62e-14   161    13     0
3200.16  2.20e-14  2.04e-14   161    13     0
3202.82  3.14e-14  2.14e-14   161    18     0
3205.49  6.01e-14  2.86e-14   161    27     0
3208.15  6.09e-14  2.94e-14   161    26     0
3210.82  1.20e-14  2.50e-14   161     5     0
3213.48  5.75e-14  2.72e-14   161    26     0
3216.15  3.71e-14  2.65e-14   161    17     0
3218.82 -5.90e-16  2.55e-14   161     0     0
3221.48  9.16e-14  2.72e-14   161    44     0
3224.15  5.17e-14  2.62e-14   161    24     0
3226.81  3.54e-14  2.92e-14   161    14     0
3229.48  6.06e-14  3.16e-14   161    24     0
3232.14  2.23e-14  3.17e-14   161     8     0
3234.81  2.69e-14  3.26e-14   161     9     0
3237.48  1.40e-14  3.13e-14   161     5     0
3240.14  1.70e-14  3.16e-14   161     6     0
3242.81  4.12e-14  3.35e-14   161    14     0
3245.47  6.34e-14  5.06e-14   161    14     0
3248.14  2.68e-14  5.11e-14   161     5     0
3250.80  8.49e-14  4.13e-14   161    24     0
3253.47  5.74e-14  4.18e-14   161    15     0
3256.14  1.33e-13  5.11e-14   161    32     0
3258.80  6.85e-14  4.93e-14   161    16     0
3261.47  1.41e-14  4.93e-14   161     3     0
3264.13  1.13e-13  5.47e-14   161    24     0
3266.80  5.06e-14  5.04e-14   161    11     0
3269.46  1.07e-13  5.40e-14   161    23     0
3272.13  1.29e-13  5.06e-14   161    30     0
3274.80  8.41e-14  4.99e-14   161    19     0
3277.46  1.12e-13  6.83e-14   162    18     0
3280.13  3.51e-14  2.24e-14   162    17     0
3282.79  1.93e-14  2.21e-14   162     9     0
3285.46  1.35e-13  6.79e-14   162    22     0
3288.12  2.28e-13  8.18e-14   162    37     0
3290.79  1.68e-14  6.30e-14   162     3     0
3293.46  9.99e-14  6.31e-14   162    17     0
3296.12  2.38e-13  1.23e-13   162    21     0
3298.79  1.36e-13  1.22e-13   162    12     0
3301.45  5.23e-14  6.84e-14   162     8     0
3304.12  1.18e-13  1.35e-13   162    19 -4096
3306.78 -1.33e-13  6.43e-13   162   -13 -4096
3309.45 -6.23e-13  6.49e-13   162   -62 -4096
3312.12  5.22e-14  4.70e-13   163     1     0
3314.78  4.16e-15  3.32e-13   163     0     0
3317.45 -1.18e-13  2.96e-13   163    -4     0
3320.11  1.02e-13  9.76e-14   163    10     0
3322.78  1.35e-14  1.03e-13   163     1     0
3325.44 -5.00e-14  8.54e-14   163    -5     0
3328.11  1.08e-13  9.57e-14   163    11     0
3330.78  3.56e-14  5.04e-14   163     7     0
3333.44  1.37e-14  5.38e-14   164     2     0
3336.11  1.88e-13  1.20e-13   164    16     0
3338.77  2.46e-13  1.28e-13   164    19     0
3341.44 -2.19e-14  1.67e-13   164    -1     0
3344.10  2.91e-13  1.85e-13   164    16     0
3346.77  1.09e-13  1.61e-13   165     6     0
3349.44 -1.06e-13  1.66e-13   165    -6     0
