NOT ORIGINAL IUE PROJECT DATA PRODUCT
LWR08443LOWLARGE
HD  197481
20:42:06
-31:31:05
48
X-TRAIL
NO
2687.857
05/08/80
13:16:22
218
17.20
12/09/97
GSFC
2444457.05303
68
33
1851.42  1.00e-13  8.31e-14   279    21     0
1854.09  1.07e-13  7.97e-14   278    23     0
1856.76  1.33e-13  8.09e-14   277    29     0
1859.42 -3.22e-14  7.41e-14   277    -7     0
1862.09  1.08e-14  6.85e-14   276     2     0
1864.76 -1.04e-13  6.42e-14   276   -28     0
1867.43  2.78e-14  6.19e-14   275     7     0
1870.10  7.28e-15  5.56e-14   275     2     0
1872.77  5.24e-14  5.25e-14   274    17     0
1875.44  4.38e-14  4.42e-14   274    17     0
1878.11  6.23e-14  4.13e-14   274    27     0
1880.78  1.28e-13  4.51e-14   273    52     0
1883.44  7.12e-14  4.17e-14   273    31     0
1886.11  8.03e-14  4.14e-14   273    35     0
1888.78  9.19e-14  3.98e-14   272    42     0
1891.45  6.29e-14  3.58e-14   272    32     0
1894.12  7.09e-14  3.48e-14   272    37     0
1896.79 -9.34e-15  3.24e-14   272    -5     0
1899.46 -2.30e-15  3.14e-14   271    -1     0
1902.13  5.45e-16  3.13e-14   271     0     0
1904.80 -1.44e-14  3.06e-14   271    -8     0
1907.46  5.65e-14  3.07e-14   271    34     0
1910.13  6.25e-14  3.13e-14   271    37     0
1912.80  2.46e-14  2.97e-14   271    15     0
1915.47  1.34e-14  2.68e-14   270     9     0
1918.14 -1.08e-14  2.59e-14   270    -7     0
1920.81 -1.75e-14  2.37e-14   270   -13     0
1923.48  3.24e-14  2.36e-14   270    26     0
1926.15  1.10e-14  2.59e-14   270     7     0
1928.82 -2.56e-14  2.50e-14   270   -19     0
1931.48  7.12e-15  2.29e-14   270     5     0
1934.15  2.65e-15  2.22e-14   270     2     0
1936.82  1.02e-14  2.06e-14   270     9     0
1939.49  1.28e-14  2.00e-14   270    12     0
1942.16 -1.42e-14  2.00e-14   270   -13     0
1944.83  1.17e-14  1.97e-14   270    11     0
1947.50  1.60e-14  1.91e-14   270    16     0
1950.17  1.20e-14  1.89e-14   271    12     0
1952.84  3.59e-14  1.89e-14   271    38     0
1955.50 -1.26e-14  1.79e-14   271   -13     0
1958.17 -6.04e-15  1.75e-14   271    -6     0
1960.84 -1.75e-14  1.70e-14   271   -20     0
1963.51  2.63e-15  1.66e-14   271     3     0
1966.18  1.92e-14  1.70e-14   271    22     0
1968.85  2.21e-14  1.67e-14   272    26     0
1971.52  3.27e-14  1.70e-14   272    39     0
1974.19 -4.91e-16  1.61e-14   272     0     0
1976.86  5.25e-15  1.55e-14   272     6     0
1979.52 -6.84e-15  1.50e-14   272    -9     0
1982.19 -1.43e-14  1.50e-14   273   -19     0
1984.86  1.35e-15  1.48e-14   273     1     0
1987.53 -9.80e-15  1.50e-14   273   -13     0
1990.20  2.15e-14  1.52e-14   273    29     0
1992.87 -1.05e-15  1.48e-14   274    -1     0
1995.54 -1.05e-14  1.47e-14   274   -14     0
1998.21  2.54e-14  1.51e-14   274    36     0
2000.88 -1.01e-14  1.38e-14   274   -15     0
2003.54 -2.28e-15  1.38e-14   275    -3     0
2006.21  2.08e-14  1.45e-14   275    31     0
2008.88  1.61e-14  1.43e-14   275    24     0
2011.55  7.71e-16  1.33e-14   276     1     0
2014.22  2.28e-14  1.36e-14   276    37     0
2016.89  1.48e-14  1.33e-14   276    24     0
2019.56  1.46e-14  1.31e-14   277    24     0
2022.23  8.48e-15  1.39e-14   277    13     0
2024.90  2.93e-14  1.41e-14   277    47     0
2027.56 -1.01e-14  1.32e-14   278   -16     0
2030.23 -7.99e-15  1.24e-14   278   -14     0
2032.90 -2.92e-15  1.24e-14   278    -5     0
2035.57  6.52e-15  1.33e-14   279    11     0
2038.24  1.18e-14  1.34e-14   279    20     0
2040.91 -1.12e-14  1.26e-14   280   -19     0
2043.58 -5.32e-15  1.27e-14   280    -9     0
2046.25  1.49e-15  1.37e-14   280     2     0
2048.92 -1.73e-14  1.51e-14   281   -29 -4096
2051.58  1.57e-14  1.46e-14   281    28 -4096
2054.25  1.92e-14  1.39e-14   282    34     0
2056.92 -1.17e-14  1.30e-14   282   -21     0
2059.59 -8.28e-16  1.26e-14   282    -1     0
2062.26 -4.49e-16  1.35e-14   283     0     0
2064.93  4.21e-15  1.34e-14   283     7     0
2067.60  5.57e-15  1.24e-14   284    10     0
2070.27  4.44e-15  1.25e-14   284     8     0
2072.94  1.60e-14  1.27e-14   284    30     0
2075.60  5.93e-15  1.31e-14   285    10     0
2078.27  2.02e-14  1.34e-14   285    37     0
2080.94  7.84e-15  1.35e-14   286    14     0
2083.61  2.36e-14  1.38e-14   286    42     0
2086.28  1.99e-14  1.24e-14   287    39     0
2088.95  1.70e-14  1.25e-14   287    33     0
2091.62  9.57e-15  1.39e-14   287    17     0
2094.29  1.81e-14  1.43e-14   288    32     0
2096.96  8.77e-16  1.29e-14   288     1     0
2099.62 -1.04e-14  1.30e-14   289   -19     0
2102.29 -7.44e-15  1.36e-14   289   -13     0
2104.96  2.22e-14  1.40e-14   290    40     0
2107.63 -3.68e-15  1.36e-14   290    -6     0
2110.30  1.45e-14  1.39e-14   290    26     0
2112.97 -9.52e-15  1.37e-14   291   -17     0
2115.64  2.34e-14  1.51e-14   291    40     0
2118.31  1.76e-14  1.49e-14   292    30     0
2120.98  2.62e-14  1.42e-14   292    49     0
2123.65  2.15e-14  1.41e-14   293    40     0
2126.31 -4.78e-15  1.40e-14   293    -8     0
2128.98  6.34e-15  1.41e-14   293    11     0
2131.65  3.24e-15  1.37e-14   294     6     0
2134.32  2.40e-15  1.38e-14   294     4     0
2136.99 -1.43e-14  1.42e-14   295   -26     0
2139.66  3.16e-15  1.43e-14   295     5     0
2142.33  1.56e-14  1.39e-14   296    30     0
2145.00  3.33e-15  1.38e-14   296     6     0
2147.67 -3.23e-15  1.48e-14   296    -5     0
2150.33 -5.10e-15  1.46e-14   297    -9     0
2153.00 -2.17e-14  1.47e-14   297   -40     0
2155.67 -3.84e-15  1.53e-14   298    -6     0
2158.34  2.46e-14  1.57e-14   298    43     0
2161.01  6.89e-15  1.51e-14   299    12     0
2163.68  2.00e-14  1.53e-14   299    36     0
2166.35  8.77e-15  1.48e-14   299    16     0
2169.02  8.49e-15  1.49e-14   300    15     0
2171.69  6.06e-15  1.56e-14   300    10     0
2174.35  1.45e-14  1.70e-14   301    26     0
2177.02 -2.07e-15  1.58e-14   301    -3     0
2179.69 -1.71e-14  1.57e-14   302   -30     0
2182.36  1.24e-14  1.46e-14   302    24     0
2185.03  3.17e-14  1.55e-14   302    60     0
2187.70  3.02e-14  4.00e-14   303    57     0
2190.37 -1.77e-14  1.53e-14   303   -35     0
2193.04 -2.87e-15  1.55e-14   304    -5     0
2195.71 -5.04e-15  1.52e-14   304    -9     0
2198.37  2.97e-15  1.50e-14   304     5     0
2201.04 -1.35e-15  1.50e-14   305    -2     0
2203.71  2.23e-14  1.51e-14   305    43     0
2206.38  7.64e-15  1.50e-14   305    15     0
2209.05 -1.39e-15  1.48e-14   306    -2     0
2211.72  1.01e-14  1.43e-14   306    20     0
2214.39  2.23e-14  1.50e-14   307    45     0
2217.06 -1.97e-14  1.58e-14   307   -37     0
2219.73 -2.07e-14  1.59e-14   307   -38     0
2222.39  2.50e-14  1.88e-14   308    48     0
2225.06  4.73e-15  1.64e-14   308     9     0
2227.73  1.80e-14  1.56e-14   308    35     0
2230.40 -1.34e-14  1.52e-14   309   -26     0
2233.07 -2.86e-15  1.50e-14   309    -5     0
2235.74  1.52e-14  1.51e-14   310    31     0
2238.41 -9.79e-15  1.45e-14   310   -20     0
2241.08 -9.27e-16  1.50e-14   310    -1     0
2243.75 -2.32e-14  1.49e-14   311   -48     0
2246.41  1.15e-14  1.36e-14   311    26     0
2249.08 -7.17e-15  1.33e-14   311   -16     0
2251.75  2.07e-15  1.36e-14   312     4     0
2254.42  8.19e-15  1.36e-14   312    18     0
2257.09 -2.03e-14  1.41e-14   312   -45     0
2259.76 -1.34e-15  1.40e-14   313    -3     0
2262.43  5.62e-16  1.40e-14   313     1     0
2265.10  7.30e-15  1.32e-14   313    17     0
2267.77  9.02e-15  1.43e-14   314    21     0
2270.43 -1.91e-15  1.32e-14   314    -4     0
2273.10 -2.60e-15  1.23e-14   314    -6     0
2275.77 -2.44e-15  1.28e-14   315    -6     0
2278.44 -5.95e-15  1.26e-14   315   -15     0
2281.11  6.31e-15  1.40e-14   315    14     0
2283.78  4.58e-15  1.38e-14   315    10     0
2286.45 -1.00e-15  1.11e-14   316    -2     0
2289.12  7.96e-15  1.10e-14   316    23     0
2291.79  1.63e-14  1.46e-14   316    44     0
2294.45  6.16e-16  1.19e-14   317     1     0
2297.12  1.21e-14  1.25e-14   317    31     0
2299.79 -3.79e-15  1.24e-14   317   -10     0
2302.46  7.41e-15  1.26e-14   317    20     0
2305.13 -1.15e-14  1.23e-14   318   -30     0
2307.80 -1.20e-14  1.22e-14   318   -32     0
2310.47  2.19e-14  1.19e-14   318    63     0
2313.14  1.76e-14  1.19e-14   318    51     0
2315.81  7.19e-15  1.34e-14   319    20     0
2318.47  1.52e-14  1.19e-14   319    43     0
2321.14 -1.89e-14  1.09e-14   319   -58     0
2323.81  3.67e-14  1.38e-14   319   114     0
2326.48  3.55e-14  1.56e-14   320   122     0
2329.15  3.02e-14  1.97e-14   320   106     0
2331.82 -4.16e-15  9.82e-15   320   -14     0
2334.49  1.26e-14  1.14e-14   320    44     0
2337.16  1.99e-14  9.61e-15   321    73     0
2339.83  1.38e-14  1.01e-14   321    51     0
2342.49  3.19e-14  1.51e-14   321   118     0
2345.16  1.32e-14  9.42e-15   321    50     0
2347.83  1.39e-14  1.06e-14   322    53     0
2350.50  3.90e-14  1.07e-14   322   147     0
2353.17  1.18e-14  9.21e-15   322    45     0
2355.84  5.38e-15  9.09e-15   322    20     0
2358.51  7.92e-15  9.05e-15   322    30     0
2361.18 -5.25e-15  8.73e-15   323   -20     0
2363.85 -2.69e-15  8.66e-15   323   -10     0
2366.51  1.01e-14  9.67e-15   323    38     0
2369.18  1.87e-14  1.46e-14   323    71     0
2371.85  2.41e-14  1.61e-14   323    95     0
2374.52  3.38e-14  1.41e-14   324   134     0
2377.19  1.12e-14  8.58e-15   324    46     0
2379.86  3.12e-15  8.39e-15   324    13     0
2382.53  1.62e-14  9.17e-15   324    65     0
2385.20  5.79e-15  9.06e-15   324    22     0
2387.87  4.35e-14  1.16e-14   324   172     0
2390.53  2.98e-14  1.01e-14   325   121     0
2393.20  3.47e-14  1.30e-14   325   142     0
2395.87  3.15e-14  8.44e-15   325   141     0
2398.54  1.52e-14  8.73e-15   325    68     0
2401.21  1.36e-14  9.21e-15   325    59     0
2403.88  1.43e-14  8.34e-15   325    63     0
2406.55  7.84e-15  8.32e-15   325    35     0
2409.22  1.21e-14  9.66e-15   326    55     0
2411.89  7.01e-15  8.01e-15   326    32     0
2414.55 -1.80e-15  7.87e-15   326    -8     0
2417.22 -8.80e-17  8.02e-15   326     0     0
2419.89 -2.73e-17  7.94e-15   326     0     0
2422.56  1.51e-14  8.45e-15   326    68     0
2425.23  9.69e-15  7.87e-15   326    46     0
2427.90  1.35e-14  1.56e-14   327    66     0
2430.57  2.25e-14  1.43e-14   327   108     0
2433.24  2.50e-16  7.59e-15   327     1     0
2435.91  1.23e-14  9.37e-15   327    58     0
2438.57  1.66e-14  1.14e-14   327    80     0
2441.24  9.39e-16  7.19e-15   327     4     0
2443.91  3.55e-14  2.58e-14   327   185     0
2446.58  1.09e-14  9.35e-15   327    58     0
2449.25  1.24e-14  7.00e-15   327    67     0
2451.92  7.85e-15  6.69e-15   328    44     0
2454.59 -7.08e-16  6.53e-15   328    -4     0
2457.26  3.51e-14  7.96e-15   328   192     0
2459.93  1.02e-15  6.74e-15   328     5     0
2462.59  2.94e-15  6.49e-15   328    17     0
2465.26  2.11e-15  6.37e-15   328    12     0
2467.93  1.76e-14  6.55e-15   328   104     0
2470.60  8.97e-15  6.75e-15   328    50     0
2473.27  1.11e-14  6.75e-15   328    63     0
2475.94  3.10e-14  1.28e-14   328   178     0
2478.61  2.26e-14  1.16e-14   328   130     0
2481.28  1.73e-14  6.74e-15   328   100     0
2483.95  1.19e-14  6.64e-15   329    69     0
2486.61  1.12e-14  6.23e-15   329    69     0
2489.28 -3.04e-15  6.09e-15   329   -18     0
2491.95  7.35e-15  7.20e-15   329    39     0
2494.62  1.75e-14  9.19e-15   329    93     0
2497.29  7.32e-15  6.62e-15   329    42     0
2499.96 -6.16e-16  6.55e-15   329    -3     0
2502.63  2.20e-15  6.02e-15   329    13     0
2505.30  6.02e-15  8.44e-15   329    36     0
2507.97  8.48e-15  6.41e-15   329    51     0
2510.63 -1.36e-16  5.89e-15   329     0     0
2513.30  9.14e-15  7.98e-15   329    60     0
2515.97  1.83e-14  9.29e-15   329   108     0
2518.64  1.97e-14  6.88e-15   329   117     0
2521.31  1.26e-14  6.36e-15   329    77     0
2523.98  2.13e-15  6.17e-15   329    13     0
2526.65  3.45e-15  5.90e-15   329    22     0
2529.32  1.11e-14  6.03e-15   329    72     0
2531.99  8.78e-15  6.14e-15   329    57     0
2534.65  1.19e-14  6.00e-15   330    78     0
2537.32  8.66e-15  5.60e-15   330    60     0
2539.99  2.13e-15  5.51e-15   330    14     0
2542.66  1.75e-14  6.01e-15   330   126     0
2545.33  1.49e-14  5.92e-15   330   106     0
2548.00  1.98e-14  6.14e-15   330   144     0
2550.67  5.85e-15  5.65e-15   330    40     0
2553.34  1.22e-14  8.33e-15   330    86     0
2556.01  1.56e-14  6.96e-15   330   108     0
2558.67  1.99e-14  1.06e-14   330   139     0
2561.34  6.07e-15  5.42e-15   330    43     0
2564.01  1.29e-14  6.08e-15   330    94     0
2566.68  1.04e-14  5.11e-15   330    81     0
2569.35  5.95e-15  5.05e-15   330    46     0
2572.02  1.99e-14  8.37e-15   330   149     0
2574.69  1.35e-14  5.95e-15   330   101 -4096
2577.36  8.52e-15  6.02e-15   330    61 -4096
2580.03  8.49e-15  5.44e-15   330    66     0
2582.69  6.98e-15  5.19e-15   330    54     0
2585.36  4.66e-15  5.33e-15   330    34     0
2588.03  1.34e-14  5.41e-15   330    99     0
2590.70  1.18e-14  5.20e-15   330    90     0
2593.37  1.67e-14  7.46e-15   330   130     0
2596.04  6.75e-15  5.01e-15   330    53     0
2598.71  1.92e-14  9.67e-15   330   154     0
2601.38  1.22e-14  5.11e-15   330    96     0
2604.05  3.23e-14  8.89e-15   330   257     0
2606.71  2.79e-14  5.84e-15   330   242     0
2609.38  1.17e-14  4.62e-15   330   103     0
2612.05  2.77e-14  6.45e-15   330   232     0
2614.72  2.57e-14  7.59e-15   330   218     0
2617.39  1.50e-14  5.01e-15   330   125     0
2620.06  2.40e-14  7.77e-15   330   207     0
2622.73  1.86e-14  4.74e-15   330   162     0
2625.40  2.39e-14  5.11e-15   330   202     0
2628.07  2.19e-14  6.42e-15   330   187     0
2630.73  3.52e-14  6.19e-15   330   306     0
2633.40  2.70e-14  7.36e-15   330   236     0
2636.07  2.82e-14  1.05e-14   330   237     0
2638.74  3.23e-14  8.90e-15   330   272     0
2641.41  1.01e-14  5.08e-15   330    89     0
2644.08  7.06e-15  4.53e-15   330    62     0
2646.75  5.16e-15  4.69e-15   330    43     0
2649.42  3.53e-15  4.68e-15   330    29     0
2652.09  2.66e-15  4.60e-15   330    23     0
2654.75  4.09e-15  4.44e-15   330    36     0
2657.42 -1.19e-16  4.54e-15   330    -1     0
2660.09  1.30e-14  4.96e-15   330   120     0
2662.76  5.90e-15  4.38e-15   330    54     0
2665.43  5.20e-15  4.30e-15   329    48     0
2668.10 -1.82e-15  4.22e-15   329   -16     0
2670.77  9.93e-15  4.29e-15   329    93     0
2673.44  8.51e-15  4.24e-15   329    80     0
2676.11  1.17e-15  4.20e-15   329    10     0
2678.77 -2.68e-17  4.17e-15   329     0     0
2681.44  1.96e-15  4.12e-15   329    18     0
2684.11 -8.94e-16  4.07e-15   329    -8     0
2686.78 -3.03e-15  4.09e-15   329   -28     0
2689.45  7.90e-15  4.80e-15   329    76     0
2692.12  7.76e-15  4.33e-15   329    71     0
2694.79 -1.93e-15  4.25e-15   329   -17     0
2697.46  8.52e-15  4.69e-15   329    72     0
2700.13  7.40e-15  4.06e-15   329    72     0
2702.79  9.41e-15  4.10e-15   329    91     0
2705.46 -2.11e-15  4.23e-15   329   -19     0
2708.13  1.34e-14  4.87e-15   329   123     0
2710.80  3.31e-15  4.08e-15   329    31     0
2713.47  5.22e-15  4.30e-15   329    50     0
2716.14  7.02e-15  4.43e-15   329    66     0
2718.81  1.12e-14  5.59e-15   329   106     0
2721.48  2.23e-15  4.25e-15   329    20     0
2724.15  1.00e-14  4.33e-15   329    92     0
2726.81  1.24e-14  6.27e-15   329   123     0
2729.48  2.61e-15  3.89e-15   329    26     0
2732.15  4.71e-15  4.24e-15   329    43     0
2734.82  1.97e-14  6.94e-15   329   183     0
2737.49  1.40e-14  4.25e-15   328   136     0
2740.16  1.80e-14  7.78e-15   328   171     0
2742.83  3.20e-14  8.50e-15   328   304     0
2745.50  9.76e-15  4.05e-15   328    96     0
2748.17  9.57e-15  4.05e-15   328    94     0
2750.83  1.36e-14  5.36e-15   328   132     0
2753.50  2.26e-14  7.29e-15   328   219     0
2756.17  2.15e-14  6.32e-15   328   215     0
2758.84  1.23e-14  4.12e-15   328   123     0
2761.51  1.74e-14  6.38e-15   328   170     0
2764.18  1.64e-14  6.48e-15   328   159     0
2766.85  1.47e-14  5.50e-15   328   138     0
2769.52  4.10e-15  4.14e-15   328    38     0
2772.19  1.18e-14  6.58e-15   328   111     0
2774.85  9.39e-15  4.28e-15   328    87     0
2777.52  1.16e-14  4.27e-15   328   111     0
2780.19  1.00e-14  4.81e-15   328    96 -4096
2782.86 -9.87e-16  4.41e-15   328    -9 -4096
2785.53  3.45e-15  4.16e-15   327    33     0
2788.20  5.27e-15  4.01e-15   327    50     0
2790.87  1.21e-14  6.55e-15   327   123     0
2793.54  2.69e-14  8.29e-15   327   273     0
2796.21  6.47e-14  1.42e-14   327   620     0
2798.87  1.37e-13  3.09e-14   327  1309     0
2801.54  1.59e-13  3.28e-14   327  1570     0
2804.21  1.58e-13  3.53e-14   327  1561     0
2806.88  1.14e-13  2.35e-14   327  1048     0
2809.55  9.31e-14  2.16e-14   327   856     0
2812.22  5.23e-14  1.51e-14   327   512     0
2814.89  1.67e-14  4.63e-15   327   163     0
2817.56  9.72e-15  4.03e-15   327    95     0
2820.23  6.71e-15  3.95e-15   327    65     0
2822.90  3.57e-15  3.91e-15   326    34     0
2825.56  1.26e-14  4.36e-15   326   112     0
2828.23  4.89e-15  4.24e-15   326    43     0
2830.90  1.39e-14  4.76e-15   326   123     0
2833.57  1.45e-14  4.44e-15   326   128     0
2836.24  1.76e-15  4.11e-15   326    16     0
2838.91  9.55e-15  6.03e-15   326    87     0
2841.58  1.66e-14  6.14e-15   326   174     0
2844.25  7.38e-15  3.83e-15   326    77     0
2846.92  1.11e-14  4.02e-15   326   106     0
2849.58  1.57e-14  4.77e-15   326   150     0
2852.25  4.27e-15  3.93e-15   325    41     0
2854.92  9.77e-15  5.62e-15   325    94     0
2857.59  1.38e-14  4.61e-15   325   133     0
2860.26  1.11e-14  5.51e-15   325   106     0
2862.93  1.35e-14  4.55e-15   325   128     0
2865.60  8.19e-15  3.81e-15   325    81     0
2868.27  1.16e-14  3.94e-15   325   114     0
2870.94  8.58e-15  5.12e-15   325    79     0
2873.60  1.06e-14  6.40e-15   325    98     0
2876.27  2.73e-15  4.63e-15   325    24     0
2878.94  2.00e-14  4.40e-15   324   179     0
2881.61  8.93e-15  6.11e-15   324    82     0
2884.28  1.55e-14  4.77e-15   324   143     0
2886.95  1.09e-14  5.75e-15   324   100     0
2889.62  1.31e-14  5.31e-15   324   120     0
2892.29  1.75e-14  5.53e-15   324   159     0
2894.96  1.27e-14  7.22e-15   324   115     0
2897.62  1.30e-14  4.71e-15   324   116     0
2900.29  1.61e-14  6.16e-15   324   150     0
2902.96  1.79e-15  3.86e-15   323    16     0
2905.63  6.30e-15  4.94e-15   323    51     0
2908.30  7.06e-15  6.12e-15   323    57     0
2910.97  6.68e-15  4.42e-15   323    57     0
2913.64  7.87e-15  4.36e-15   323    66     0
2916.31  6.37e-15  4.34e-15   323    55     0
2918.98  1.57e-14  5.64e-15   323   134     0
2921.64  1.82e-14  6.18e-15   322   143     0
2924.31  2.02e-14  8.46e-15   322   157     0
2926.98  2.55e-14  5.78e-15   322   204     0
2929.65  2.12e-14  6.12e-15   322   168     0
2932.32  1.48e-14  8.55e-15   322   124     0
2934.99  2.04e-14  4.50e-15   322   170     0
2937.66  1.76e-14  6.63e-15   322   130     0
2940.33  2.01e-14  6.87e-15   321   166     0
2943.00  7.53e-15  4.91e-15   321    62     0
2945.66  1.66e-14  6.18e-15   321   128     0
2948.33  1.76e-14  6.12e-15   321   135     0
2951.00  2.11e-14  6.53e-15   321   162     0
2953.67  2.60e-14  7.32e-15   321   198     0
2956.34  1.47e-14  4.61e-15   320   119     0
2959.01  1.04e-14  5.98e-15   320    84     0
2961.68  1.53e-14  5.43e-15   320   112     0
2964.35  1.55e-14  6.32e-15   320   113     0
2967.02  1.18e-14  4.73e-15   320    88     0
2969.68  1.58e-14  6.36e-15   320   117     0
2972.35  1.67e-14  6.21e-15   319   119     0
2975.02  2.97e-14  8.01e-15   319   200     0
2977.69  1.78e-14  9.47e-15   319   119     0
2980.36  1.63e-14  7.18e-15   319   116     0
2983.03  1.25e-14  6.40e-15   319    88     0
2985.70  7.70e-15  5.04e-15   318    53     0
2988.37  2.44e-14  5.35e-15   318   169     0
2991.04  2.16e-14  5.45e-15   318   143     0
2993.70  2.15e-14  9.93e-15   318   141     0
2996.37  2.70e-14  6.63e-15   318   187     0
2999.04  6.23e-15  4.91e-15   317    42     0
3001.71  1.32e-14  8.69e-15   317    85     0
3004.38  3.57e-14  1.10e-14   317   229     0
3007.05  1.68e-14  6.10e-15   317   117     0
3009.72  1.60e-14  5.07e-15   316   110     0
3012.39  9.66e-15  5.51e-15   316    58     0
3015.06  6.24e-17  7.07e-15   316     0     0
3017.72  1.35e-14  6.22e-15   316    79     0
3020.39  1.59e-14  9.27e-15   315    98     0
3023.06  1.37e-14  5.60e-15   315    83     0
3025.73  1.47e-14  6.09e-15   315    87     0
3028.40  1.74e-14  6.31e-15   315   102     0
3031.07  1.13e-14  5.88e-15   314    63     0
3033.74  2.01e-14  8.87e-15   314   112     0
3036.41  9.19e-15  8.07e-15   314    50     0
3039.08  1.04e-14  6.09e-15   314    56     0
3041.74  1.40e-14  9.60e-15   313    77     0
3044.41  2.25e-14  6.74e-15   313   122     0
3047.08  1.04e-14  6.89e-15   313    48     0
3049.75  3.23e-14  1.09e-14   313   150     0
3052.42  1.57e-14  6.79e-15   312    76     0
3055.09  1.92e-14  1.13e-14   312    95     0
3057.76  2.43e-14  1.21e-14   312   119     0
3060.43  3.29e-15  8.24e-15   311    15     0
3063.10  1.81e-14  7.79e-15   311    84     0
3065.76  3.13e-14  1.21e-14   311   150     0
3068.43  1.56e-14  9.56e-15   311    73     0
3071.10  1.19e-14  7.06e-15   310    53     0
3073.77  1.49e-14  7.21e-15   310    66     0
3076.44  1.12e-14  1.14e-14   310    51     0
3079.11  2.55e-14  7.69e-15   309   116     0
3081.78  1.78e-14  1.04e-14   309    73     0
3084.45  2.76e-14  9.46e-15   309   110     0
3087.12  4.35e-14  1.23e-14   308   163     0
3089.78  1.66e-14  1.46e-14   308    61     0
3092.45  1.57e-14  1.13e-14   308    61     0
3095.12  5.86e-15  8.71e-15   307    20     0
3097.79  2.49e-14  1.23e-14   307    85     0
3100.46  6.75e-15  8.69e-15   307    24     0
3103.13  2.31e-14  8.92e-15   306    80     0
3105.80  1.92e-14  1.21e-14   306    70     0
3108.47  4.07e-17  9.73e-15   305     0     0
3111.14  3.15e-14  1.21e-14   305   103     0
3113.80  1.64e-14  1.55e-14   305    52     0
3116.47  7.12e-15  1.14e-14   304    19     0
3119.14  4.20e-14  1.62e-14   304   114     0
3121.81  2.41e-14  1.46e-14   304    70     0
3124.48  1.66e-14  1.22e-14   303    47     0
3127.15  4.08e-14  1.26e-14   303   111     0
3129.82  1.94e-14  1.53e-14   302    51     0
3132.49  1.77e-14  1.06e-14   302    49     0
3135.16  5.01e-14  1.95e-14   302   140     0
3137.82  1.99e-14  1.25e-14   301    54     0
3140.49  4.49e-14  1.42e-14   301   110     0
3143.16  4.18e-14  1.32e-14   300   101     0
3145.83  1.86e-14  1.24e-14   300    44     0
3148.50  5.08e-14  2.41e-14   299   118     0
3151.17  3.71e-14  2.16e-14   299    82     0
3153.84  5.98e-14  2.68e-14   299   130     0
3156.51 -1.23e-14  1.14e-14   298   -30     0
3159.18  1.19e-14  1.42e-14   298    29     0
3161.84  4.28e-14  1.52e-14   297   101     0
3164.51  2.68e-14  1.84e-14   297    62     0
3167.18  3.66e-14  1.79e-14   296    83     0
3169.85  4.20e-14  1.83e-14   296    93     0
3172.52  4.91e-14  2.46e-14   295    96     0
3175.19  1.09e-14  1.43e-14   295    21     0
3177.86  3.53e-14  1.64e-14   294    67     0
3180.53  5.89e-15  1.71e-14   294    10     0
3183.20  6.77e-14  2.17e-14   293   113     0
3185.86  3.98e-14  1.40e-14   293    81     0
3188.53  5.99e-14  2.23e-14   292   119     0
3191.20  3.12e-14  1.93e-14   292    54     0
3193.87 -1.72e-14  1.63e-14   291   -29     0
3196.54  2.79e-15  1.78e-14   291     4     0
3199.21  1.12e-14  2.14e-14   290    16     0
3201.88  2.19e-14  1.88e-14   290    37     0
3204.55  8.75e-15  1.68e-14   289    14     0
3207.22  3.15e-14  2.03e-14   289    42     0
3209.88  1.05e-15  2.32e-14   288     1     0
3212.55  4.72e-15  2.31e-14   288     5     0
3215.22  2.55e-14  2.43e-14   287    28     0
3217.89  3.69e-14  2.50e-14   287    40     0
3220.56  8.13e-14  2.89e-14   286   119     0
3223.23  5.44e-14  3.07e-14   286    77     0
3225.90  5.07e-14  2.82e-14   285    55     0
3228.57  7.08e-14  2.60e-14   284    75     0
3231.24 -3.50e-15  2.33e-14   284    -3     0
3233.90  1.19e-14  2.95e-14   283    13     0
3236.57  9.77e-14  3.64e-14   283    94     0
3239.24  9.54e-14  3.85e-14   282    90     0
3241.91 -3.01e-15  3.10e-14   282    -2     0
3244.58 -2.77e-14  4.55e-14   281   -22     0
3247.25 -4.34e-14  4.01e-14   280   -28     0
3249.92  1.26e-14  5.25e-14   280     7     0
3252.59  6.23e-14  3.31e-14   279    50     0
3255.26  4.72e-14  4.10e-14   279    39     0
3257.92  9.63e-15  3.23e-14   278     7     0
3260.59  3.38e-14  4.04e-14   277    23     0
3263.26  8.48e-16  4.10e-14   277     0     0
3265.93  6.61e-14  5.92e-14   276    33     0
3268.60  3.70e-14  5.41e-14   276    18     0
3271.27  7.57e-14  5.78e-14   275    59     0
3273.94  8.02e-14  7.95e-14   274    61     0
3276.61 -1.00e-14  9.80e-14   274    -3     0
3279.28 -6.88e-14  6.53e-14   273   -26     0
3281.94  1.92e-15  5.28e-14   272     0     0
3284.61  7.88e-14  5.44e-14   272    37     0
3287.28  5.13e-14  3.87e-14   271    34     0
3289.95  1.79e-14  3.88e-14   270    11     0
3292.62 -1.88e-15  4.40e-14   270    -1     0
3295.29 -4.87e-14  9.70e-14   269   -19     0
3297.96  1.79e-13  7.38e-14   268    68     0
3300.63 -2.98e-14  7.37e-14   268   -10     0
3303.30  4.23e-14  1.18e-13   267    13     0
3305.96  9.23e-13  6.29e-13   267    55 -4096
3308.63  1.14e-12  9.33e-13   266    66 -4096
3311.30 -9.27e-14  1.80e-13   265   -14 -4096
3313.97  1.38e-14  1.76e-13   264     2     0
3316.64  8.99e-15  1.14e-13   264     1     0
3319.31 -1.44e-13  1.17e-13   263   -30     0
3321.98  6.39e-15  1.05e-13   262     1     0
3324.65  1.62e-13  1.64e-13   262    36     0
3327.32  1.78e-13  1.06e-13   261    63     0
3329.98  3.44e-14  7.16e-14   260    11     0
3332.65 -1.09e-14  1.71e-13   260    -1     0
3335.32 -2.92e-13  1.88e-13   259   -38     0
3337.99 -7.63e-14  1.94e-13   258    -9     0
3340.66  1.87e-13  5.54e-13   258     8     0
3343.33  1.29e-13  5.62e-13   257     5     0
3346.00 -2.32e-13  1.90e-13   256   -29     0
3348.67 -1.21e-13  1.95e-13   256   -15     0
