NOT ORIGINAL IUE PROJECT DATA PRODUCT
LWR08431LOWLARGE
HD  197481
20:42:04
-31:31:05
52
NO-TRAIL
NO
899.765
03/08/80
18:56:54
216
12.84
28/06/97
VILSPA
2444455.28951
65
29
1851.42  3.13e-14  8.49e-14    73     2     0
1854.09  1.65e-13  8.81e-14    73    12     0
1856.76  2.91e-14  8.15e-14    73     2     0
1859.42  1.95e-14  7.66e-14    72     1     0
1862.09 -1.95e-14  6.99e-14    72    -1     0
1864.76 -2.55e-14  6.57e-14    72    -2     0
1867.43 -4.79e-14  6.32e-14    71    -4     0
1870.10 -1.04e-14  5.69e-14    71    -1     0
1872.77 -2.68e-14  5.29e-14    71    -3     0
1875.44  1.54e-14  4.55e-14    70     2     0
1878.11  6.15e-14  4.49e-14    70     9     0
1880.78  6.66e-14  4.77e-14    70     9     0
1883.44 -3.95e-14  4.16e-14    70    -5     0
1886.11 -1.01e-14  4.11e-14    69    -1     0
1888.78 -2.36e-14  3.92e-14    69    -3     0
1891.45  3.29e-14  3.75e-14    69     5     0
1894.12  1.51e-14  3.54e-14    69     2     0
1896.79  2.50e-14  3.46e-14    69     4     0
1899.46 -1.40e-16  3.23e-14    68     0     0
1902.13 -2.07e-14  3.21e-14    68    -4     0
1904.80 -1.45e-14  3.13e-14    68    -2     0
1907.46 -2.28e-14  3.02e-14    68    -4     0
1910.13 -2.69e-15  3.07e-14    68     0     0
1912.80 -7.97e-15  2.98e-14    68    -1     0
1915.47  8.90e-15  2.75e-14    68     2     0
1918.14 -1.59e-14  2.62e-14    67    -3     0
1920.81 -2.25e-14  2.39e-14    67    -6     0
1923.48  7.08e-15  2.36e-14    67     1     0
1926.15 -6.94e-15  2.59e-14    67    -1     0
1928.82  1.65e-14  2.61e-14    67     4     0
1931.48  1.56e-14  2.38e-14    67     4     0
1934.15  1.09e-14  2.28e-14    67     3     0
1936.82  7.31e-15  2.09e-14    67     2     0
1939.49  2.41e-15  2.00e-14    67     0     0
1942.16 -1.74e-14  1.99e-14    67    -5     0
1944.83  1.68e-14  2.03e-14    67     5     0
1947.50  1.30e-14  1.93e-14    67     4     0
1950.17  1.76e-15  1.86e-14    67     0     0
1952.84  1.73e-14  1.91e-14    67     6     0
1955.50  2.76e-16  1.77e-14    67     0     0
1958.17 -1.20e-14  1.73e-14    67    -4     0
1960.84 -7.31e-15  1.69e-14    67    -3     0
1963.51  3.34e-15  1.67e-14    67     1     0
1966.18  2.07e-14  1.78e-14    67     8     0
1968.85  8.89e-15  1.68e-14    67     3     0
1971.52 -8.00e-15  1.64e-14    67    -3     0
1974.19 -1.34e-14  1.61e-14    67    -5     0
1976.86 -7.68e-15  1.53e-14    67    -3     0
1979.52 -7.28e-15  1.51e-14    67    -3     0
1982.19 -1.33e-14  1.52e-14    67    -6     0
1984.86  4.79e-15  1.53e-14    67     2     0
1987.53 -2.27e-14  1.52e-14    67   -10     0
1990.20  1.12e-14  1.58e-14    68     5     0
1992.87  2.24e-14  1.64e-14    68    11     0
1995.54  1.73e-14  1.61e-14    68     8     0
1998.21  3.69e-15  1.52e-14    68     1     0
2000.88  2.73e-15  1.43e-14    68     1     0
2003.54  3.46e-15  1.43e-14    68     1     0
2006.21  6.50e-15  1.49e-14    68     3     0
2008.88 -1.98e-15  1.45e-14    68    -1     0
2011.55 -7.50e-15  1.38e-14    69    -4     0
2014.22 -2.29e-15  1.37e-14    69    -1     0
2016.89 -5.78e-15  1.36e-14    69    -3     0
2019.56  6.99e-16  1.34e-14    69     0     0
2022.23 -3.24e-16  1.44e-14    69     0     0
2024.90  1.16e-14  1.48e-14    69     6     0
2027.56  2.43e-16  1.37e-14    69     0     0
2030.23  2.30e-14  1.42e-14    70    14     0
2032.90 -4.10e-15  1.29e-14    70    -2     0
2035.57  2.91e-15  1.40e-14    70     1     0
2038.24  3.60e-15  1.41e-14    70     2     0
2040.91  1.24e-14  1.39e-14    70     7     0
2043.58 -6.20e-15  1.33e-14    71    -3     0
2046.25 -1.27e-14  1.40e-14    71    -7     0
2048.92 -1.97e-15  1.40e-14    71    -1     0
2051.58  8.47e-15  1.38e-14    71     5     0
2054.25  7.24e-15  1.37e-14    72     4     0
2056.92  2.15e-15  1.34e-14    72     1     0
2059.59 -1.14e-14  1.33e-14    72    -7     0
2062.26 -9.48e-15  1.42e-14    72    -5     0
2064.93  4.34e-15  1.43e-14    72     2     0
2067.60 -6.90e-15  1.30e-14    73    -4     0
2070.27  3.05e-15  1.33e-14    73     2     0
2072.94  1.10e-14  1.37e-14    73     7     0
2075.60  3.71e-15  1.39e-14    73     2     0
2078.27  1.49e-14  1.45e-14    74     9     0
2080.94  7.20e-15  1.44e-14    74     4     0
2083.61 -6.37e-15  1.41e-14    74    -4     0
2086.28 -3.69e-15  1.28e-14    74    -2     0
2088.95 -1.28e-14  1.29e-14    75    -9     0
2091.62  1.15e-15  1.46e-14    75     0     0
2094.29  4.20e-15  1.49e-14    75     2     0
2096.96 -1.15e-14  1.36e-14    76    -7     0
2099.62  5.62e-15  1.40e-14    76     3     0
2102.29 -2.08e-15  1.43e-14    76    -1     0
2104.96 -1.19e-14  1.45e-14    76    -7     0
2107.63 -1.93e-15  1.43e-14    77    -1     0
2110.30 -3.91e-15  1.45e-14    77    -2     0
2112.97  7.90e-15  1.49e-14    77     5     0
2115.64  3.32e-15  1.58e-14    78     2     0
2118.31  9.64e-15  1.61e-14    78     5     0
2120.98 -4.49e-16  1.46e-14    78     0     0
2123.65 -1.85e-14  1.46e-14    78   -12     0
2126.31 -1.10e-14  1.48e-14    79    -7     0
2128.98 -3.43e-15  1.49e-14    79    -2     0
2131.65 -1.72e-14  1.45e-14    79   -11     0
2134.32  1.56e-15  1.46e-14    80     1     0
2136.99 -1.59e-14  1.51e-14    80   -10     0
2139.66 -4.44e-15  1.53e-14    80    -2     0
2142.33 -4.71e-15  1.47e-14    81    -3     0
2145.00 -9.04e-15  1.47e-14    81    -6     0
2147.67 -1.41e-14  1.58e-14    81    -9     0
2150.33  1.15e-14  1.62e-14    81     7     0
2153.00 -1.30e-15  1.57e-14    82     0     0
2155.67  1.11e-14  1.70e-14    82     7     0
2158.34  2.31e-14  1.77e-14    82    14     0
2161.01 -7.84e-15  1.61e-14    83    -5     0
2163.68 -2.79e-15  1.61e-14    83    -1     0
2166.35  1.14e-14  1.64e-14    83     7     0
2169.02  7.59e-15  1.63e-14    84     5     0
2171.69 -4.10e-15  1.67e-14    84    -2     0
2174.35 -7.79e-15  1.67e-14    84    -5     0
2177.02 -1.35e-14  1.69e-14    85    -8     0
2179.69 -2.68e-14  1.70e-14    85   -17     0
2182.36 -1.42e-14  1.56e-14    85    -9     0
2185.03 -8.93e-15  1.62e-14    86    -6     0
2187.70 -7.04e-15  1.64e-14    86    -4     0
2190.37 -2.13e-14  1.79e-14    86   -15     0
2193.04 -7.22e-15  1.80e-14    87    -5     0
2195.71 -3.55e-14  1.91e-14    87   -24     0
2198.37 -4.77e-15  1.63e-14    87    -3     0
2201.04 -6.30e-15  1.63e-14    87    -4     0
2203.71 -2.97e-15  1.62e-14    88    -2     0
2206.38 -1.69e-14  1.63e-14    88   -11     0
2209.05 -1.43e-14  1.62e-14    88   -10     0
2211.72 -1.40e-14  1.56e-14    89   -10     0
2214.39  3.60e-15  1.59e-14    89     2     0
2217.06 -1.09e-14  1.72e-14    89    -7     0
2219.73 -8.57e-15  1.74e-14    90    -5     0
2222.39 -3.08e-15  1.69e-14    90    -2     0
2225.06  2.60e-15  1.74e-14    90     1     0
2227.73 -4.76e-15  1.69e-14    91    -3     0
2230.40  7.41e-15  1.70e-14    91     5     0
2233.07 -4.79e-15  1.65e-14    91    -3     0
2235.74 -1.13e-14  1.62e-14    92    -8     0
2238.41 -1.21e-15  1.60e-14    92     0     0
2241.08  5.55e-15  1.69e-14    92     4     0
2243.75 -1.10e-14  1.64e-14    92    -8     0
2246.41 -1.40e-14  1.49e-14    93   -11     0
2249.08 -1.88e-14  1.47e-14    93   -15     0
2251.75 -2.60e-15  1.50e-14    93    -2     0
2254.42 -6.80e-15  1.50e-14    94    -5     0
2257.09 -1.35e-14  1.56e-14    94   -10     0
2259.76 -8.52e-15  1.55e-14    94    -6     0
2262.43  1.64e-14  1.62e-14    94    13     0
2265.10  8.30e-15  1.49e-14    95     7     0
2267.77 -1.13e-14  1.45e-14    95    -9     0
2270.43 -1.34e-14  1.38e-14    95   -12     0
2273.10 -7.33e-16  1.37e-14    96     0     0
2275.77  3.62e-15  1.43e-14    96     3     0
2278.44 -6.76e-15  1.40e-14    96    -6     0
2281.11 -1.19e-14  1.56e-14    96    -9     0
2283.78 -4.21e-15  1.54e-14    97    -3     0
2286.45 -7.68e-15  1.22e-14    97    -8     0
2289.12 -7.51e-15  1.22e-14    97    -7     0
2291.79 -2.65e-15  1.32e-14    98    -2     0
2294.45 -1.10e-14  1.32e-14    98   -10     0
2297.12 -1.11e-16  1.44e-14    98     0     0
2299.79 -1.11e-14  1.39e-14    98   -10     0
2302.46 -1.34e-14  1.32e-14    99   -13     0
2305.13  9.00e-15  1.41e-14    99     8     0
2307.80  1.61e-14  1.43e-14    99    15     0
2310.47  4.31e-15  1.30e-14    99     4     0
2313.14 -5.55e-15  1.27e-14   100    -5     0
2315.81 -1.60e-14  1.32e-14   100   -16     0
2318.47 -3.05e-15  1.31e-14   100    -3     0
2321.14 -8.31e-15  1.23e-14   100    -9     0
2323.81 -1.04e-14  1.21e-14   101   -11     0
2326.48  3.89e-15  1.11e-14   101     4     0
2329.15  2.85e-14  1.19e-14   101    35     0
2331.82 -1.05e-15  1.10e-14   101    -1     0
2334.49  1.03e-14  1.13e-14   101    12     0
2337.16  8.58e-15  1.07e-14   102    11     0
2339.83 -4.61e-15  1.02e-14   102    -6     0
2342.49  8.94e-15  1.07e-14   102    11     0
2345.16  9.89e-15  1.04e-14   102    13     0
2347.83  4.23e-15  1.01e-14   103     5     0
2350.50  2.81e-14  1.14e-14   103    37     0
2353.17  9.37e-15  1.05e-14   103    12     0
2355.84  2.88e-15  1.02e-14   103     3     0
2358.51  6.11e-15  1.02e-14   103     8     0
2361.18 -9.80e-17  9.79e-15   104     0     0
2363.85  8.87e-15  1.01e-14   104    12     0
2366.51  1.16e-14  1.09e-14   104    15     0
2369.18  4.52e-15  1.05e-14   104     6     0
2371.85  1.80e-14  1.08e-14   104    25     0
2374.52  3.12e-14  2.64e-14   105    44     0
2377.19  2.33e-14  1.05e-14   105    34     0
2379.86  2.18e-14  1.34e-14   105    32     0
2382.53  3.94e-14  1.15e-14   105    56     0
2385.20  3.53e-14  1.16e-14   105    49     0
2387.87  2.32e-14  1.13e-14   105    33     0
2390.53  1.41e-14  1.03e-14   106    20     0
2393.20  2.11e-14  1.46e-14   106    31     0
2395.87  4.23e-14  1.08e-14   106    68     0
2398.54  1.15e-14  9.33e-15   106    18     0
2401.21  7.78e-15  9.53e-15   106    12     0
2403.88  1.60e-14  9.81e-15   106    25     0
2406.55  3.29e-15  9.11e-15   106     5     0
2409.22  1.55e-14  1.33e-14   107    25     0
2411.89  1.67e-14  9.56e-15   107    27     0
2414.55  1.03e-14  9.17e-15   107    17     0
2417.22  6.28e-15  9.22e-15   107    10     0
2419.89 -4.68e-15  8.87e-15   107    -7     0
2422.56  1.78e-15  9.12e-15   107     2     0
2425.23  9.17e-15  8.75e-15   107    16     0
2427.90  2.35e-14  1.01e-14   107    41     0
2430.57  2.31e-14  9.30e-15   107    40     0
2433.24 -5.96e-15  8.38e-15   108   -10     0
2435.91 -1.86e-15  9.02e-15   108    -3     0
2438.57  1.03e-15  8.43e-15   108     1     0
2441.24 -1.80e-15  8.01e-15   108    -3     0
2443.91 -6.27e-15  7.90e-15   108   -11     0
2446.58  2.48e-15  7.82e-15   108     4     0
2449.25  5.15e-15  8.80e-15   108    10     0
2451.92  5.83e-15  7.93e-15   108    11     0
2454.59  1.07e-14  7.62e-15   108    22     0
2457.26  1.48e-14  7.99e-15   108    29     0
2459.93 -5.29e-15  7.47e-15   108   -10     0
2462.59 -1.90e-15  7.17e-15   108    -4     0
2465.26 -5.79e-17  7.06e-15   108     0     0
2467.93  2.92e-15  7.13e-15   109     6     0
2470.60 -2.30e-15  7.35e-15   109    -4     0
2473.27  6.78e-15  7.55e-15   109    14     0
2475.94  7.91e-15  7.55e-15   109    16     0
2478.61  1.10e-14  8.25e-15   109    23     0
2481.28  5.46e-14  9.42e-15   109   116     0
2483.95  1.37e-14  7.72e-15   109    29     0
2486.61  2.76e-15  6.83e-15   109     6     0
2489.28  3.30e-15  6.85e-15   109     7     0
2491.95  1.52e-14  8.38e-15   109    30     0
2494.62  1.77e-14  1.02e-14   109    34     0
2497.29  2.49e-15  7.29e-15   109     5     0
2499.96 -3.31e-15  8.06e-15   109    -7     0
2502.63  2.99e-15  6.97e-15   109     6     0
2505.30  4.23e-14  8.73e-15   109    93     0
2507.97  1.69e-15  7.04e-15   109     3     0
2510.63  1.78e-14  7.18e-15   109    42     0
2513.30  4.10e-15  6.65e-15   109     9     0
2515.97  7.69e-15  7.54e-15   109    16     0
2518.64  2.60e-15  7.15e-15   109     5     0
2521.31  1.08e-14  7.27e-15   109    24     0
2523.98  1.79e-15  6.85e-15   109     4     0
2526.65  6.60e-15  6.72e-15   109    15     0
2529.32  2.07e-14  7.35e-15   109    49     0
2531.99  1.94e-15  6.52e-15   109     4     0
2534.65  3.98e-15  6.60e-15   109     9     0
2537.32  6.47e-15  6.32e-15   109    16     0
2539.99  9.76e-16  6.10e-15   108     2     0
2542.66 -8.26e-16  5.89e-15   108    -2     0
2545.33  8.39e-15  6.23e-15   108    22     0
2548.00  1.22e-14  9.64e-15   108    32     0
2550.67  9.14e-15  6.47e-15   108    23     0
2553.34  1.20e-15  6.04e-15   108     3     0
2556.01  6.20e-15  6.46e-15   108    15     0
2558.67  6.66e-15  7.37e-15   108    17     0
2561.34  1.59e-14  6.50e-15   108    42     0
2564.01  1.47e-14  6.60e-15   108    39     0
2566.68  9.98e-15  5.89e-15   108    28     0
2569.35  2.96e-15  5.58e-15   108     8     0
2572.02  1.43e-14  7.25e-15   108    39     0
2574.69  8.12e-15  5.99e-15   108    22     0
2577.36  2.66e-14  8.09e-15   107    71     0
2580.03  6.36e-15  5.79e-15   107    18     0
2582.69  1.04e-14  5.88e-15   107    30     0
2585.36  3.61e-14  7.41e-15   107    98     0
2588.03  2.14e-14  6.68e-15   107    58     0
2590.70  1.62e-14  6.24e-15   107    46     0
2593.37  1.78e-14  6.22e-15   107    51     0
2596.04  1.82e-14  6.17e-15   107    53     0
2598.71  2.13e-14  6.22e-15   107    62     0
2601.38  5.76e-14  8.27e-15   106   167     0
2604.05  3.16e-14  6.84e-15   106    93     0
2606.71  2.65e-14  5.98e-15   106    85     0
2609.38  1.61e-14  5.52e-15   106    52     0
2612.05  2.56e-14  6.10e-15   106    79     0
2614.72  3.61e-14  6.62e-15   106   113     0
2617.39  2.62e-14  6.09e-15   106    81     0
2620.06  4.04e-14  6.74e-15   105   129     0
2622.73  2.67e-14  5.93e-15   105    85     0
2625.40  3.53e-14  6.61e-15   105   110     0
2628.07  2.09e-14  6.85e-15   105    65     0
2630.73  4.67e-14  7.24e-15   105   150     0
2633.40  3.35e-14  7.17e-15   105   108     0
2636.07  1.20e-14  5.54e-15   105    37     0
2638.74  1.50e-14  5.72e-15   104    46     0
2641.41  1.68e-14  5.48e-15   104    55     0
2644.08  5.99e-15  5.07e-15   104    19     0
2646.75  4.20e-15  5.25e-15   104    13     0
2649.42  9.19e-16  5.14e-15   104     2     0
2652.09  1.52e-17  4.85e-15   104     0     0
2654.75 -7.90e-18  4.85e-15   103     0     0
2657.42 -4.75e-16  4.97e-15   103    -1     0
2660.09  1.33e-14  5.14e-15   103    45     0
2662.76  6.66e-15  4.89e-15   103    22     0
2665.43  4.19e-15  4.81e-15   103    14     0
2668.10  4.56e-15  4.81e-15   102    15     0
2670.77  1.35e-14  5.09e-15   102    46     0
2673.44  8.98e-15  4.91e-15   102    31     0
2676.11  5.74e-15  4.81e-15   102    19     0
2678.77  1.11e-14  4.94e-15   102    38     0
2681.44  5.45e-15  4.72e-15   101    19     0
2684.11  6.13e-16  4.49e-15   101     2     0
2686.78  1.32e-16  4.50e-15   101     0     0
2689.45  9.40e-15  4.81e-15   101    33     0
2692.12  8.08e-15  4.95e-15   101    27     0
2694.79  8.19e-15  4.96e-15   100    27     0
2697.46  9.99e-15  5.40e-15   100    31     0
2700.13  6.30e-15  4.58e-15   100    22     0
2702.79  3.73e-15  4.50e-15   100    13     0
2705.46  2.17e-15  4.72e-15   100     7     0
2708.13  1.16e-14  5.17e-15    99    39     0
2710.80  9.89e-15  4.78e-15    99    35     0
2713.47  4.00e-15  4.57e-15    99    14     0
2716.14  7.09e-15  4.78e-15    99    24     0
2718.81  1.21e-14  5.02e-15    98    42     0
2721.48  1.40e-15  4.68e-15    98     4     0
2724.15  8.94e-15  4.95e-15    98    30     0
2726.81  1.16e-14  5.44e-15    98    42     0
2729.48  1.31e-14  4.77e-15    97    48     0
2732.15  1.09e-14  5.01e-15    97    37     0
2734.82  3.64e-14  5.91e-15    97   125     0
2737.49  1.19e-14  4.83e-15    97    42     0
2740.16  1.76e-14  5.05e-15    97    61     0
2742.83  3.08e-14  6.80e-15    96   108     0
2745.50  2.60e-14  5.24e-15    96    94     0
2748.17  1.77e-14  5.00e-15    96    64     0
2750.83  2.22e-14  5.29e-15    96    79     0
2753.50  2.48e-14  5.39e-15    95    88     0
2756.17  2.19e-14  5.15e-15    95    80     0
2758.84  1.72e-14  4.93e-15    95    63     0
2761.51  1.50e-14  4.88e-15    95    54     0
2764.18  1.71e-14  4.97e-15    94    61     0
2766.85  7.97e-15  4.73e-15    94    27     0
2769.52  1.20e-14  4.88e-15    94    41     0
2772.19  2.97e-14  6.51e-15    94   102     0
2774.85  1.23e-14  4.97e-15    93    42     0
2777.52  1.38e-14  4.93e-15    93    48     0
2780.19  6.50e-15  4.63e-15    93    22     0
2782.86  2.56e-15  6.68e-15    93     8     0
2785.53  1.23e-14  4.71e-15    92    43     0
2788.20  1.87e-14  5.10e-15    92    66     0
2790.87  2.12e-14  5.53e-15    92    79     0
2793.54  1.09e-13  2.70e-14    92   408     0
2796.21  1.64e-13  2.06e-14    91   577   -64
2798.87  2.44e-13  3.04e-14    91   858     0
2801.54  1.42e-13  2.98e-14    91   514     0
2804.21  1.68e-13  1.56e-14    91   608     0
2806.88  9.38e-14  9.54e-15    90   317     0
2809.55  2.29e-14  5.47e-15    90    77     0
2812.22  6.47e-15  4.43e-15    90    23     0
2814.89  4.60e-15  4.37e-15    90    16     0
2817.56  1.66e-14  4.88e-15    89    59     0
2820.23  1.60e-14  4.88e-15    89    57     0
2822.90  9.93e-15  4.59e-15    89    35     0
2825.56  8.49e-15  4.90e-15    89    27     0
2828.23  4.59e-15  4.75e-15    88    15     0
2830.90  2.92e-15  4.71e-15    88     9     0
2833.57  9.23e-15  4.96e-15    88    29     0
2836.24  1.37e-14  5.02e-15    88    45     0
2838.91  1.53e-14  5.10e-15    87    51     0
2841.58  1.11e-14  4.33e-15    87    42     0
2844.25  1.41e-14  4.47e-15    87    53     0
2846.92  1.66e-14  4.91e-15    87    58     0
2849.58  1.33e-14  4.72e-15    86    46     0
2852.25  2.27e-14  5.94e-15    86    80     0
2854.92  1.81e-14  4.94e-15    86    63     0
2857.59  2.27e-14  5.58e-15    86    79     0
2860.26  1.45e-14  4.83e-15    85    50     0
2862.93  1.36e-14  4.79e-15    85    47     0
2865.60  2.40e-14  5.08e-15    85    86     0
2868.27  9.32e-15  4.43e-15    85    33     0
2870.94  8.53e-15  5.07e-15    85    29     0
2873.60  1.12e-14  4.73e-15    84    38     0
2876.27  8.76e-15  4.80e-15    84    28     0
2878.94  1.30e-14  4.96e-15    84    42     0
2881.61  1.46e-14  4.89e-15    84    49     0
2884.28  1.58e-14  4.94e-15    83    53     0
2886.95  7.30e-15  4.59e-15    83    24     0
2889.62  2.32e-14  5.20e-15    83    77     0
2892.29  1.17e-14  4.80e-15    83    38     0
2894.96  1.75e-14  5.06e-15    83    57     0
2897.62  1.48e-14  5.00e-15    82    48     0
2900.29  1.94e-14  5.02e-15    82    66     0
2902.96  7.05e-15  4.48e-15    82    23     0
2905.63  1.17e-14  5.24e-15    82    34     0
2908.30  1.78e-14  5.45e-15    81    52     0
2910.97  1.89e-14  5.27e-15    81    58     0
2913.64  1.56e-14  5.24e-15    81    48     0
2916.31  1.58e-14  5.12e-15    81    49     0
2918.98  1.60e-14  5.08e-15    81    49     0
2921.64  2.03e-14  5.78e-15    80    58     0
2924.31  2.21e-14  5.89e-15    80    62     0
2926.98  2.45e-14  5.81e-15    80    71     0
2929.65  3.04e-14  6.20e-15    80    87     0
2932.32  1.90e-14  5.38e-15    80    57     0
2934.99  1.51e-14  5.23e-15    79    45     0
2937.66  2.48e-14  6.25e-15    79    66     0
2940.33  1.85e-14  5.39e-15    79    55     0
2943.00  2.52e-14  5.72e-15    79    75     0
2945.66  1.76e-14  5.66e-15    79    49     0
2948.33  1.02e-14  5.33e-15    78    28     0
2951.00  2.05e-14  5.81e-15    78    56     0
2953.67  3.57e-14  6.57e-15    78    98     0
2956.34  2.47e-14  5.71e-15    78    72     0
2959.01  3.70e-15  5.92e-15    78    10     0
2961.68  6.13e-15  5.34e-15    78    16     0
2964.35  2.58e-14  6.31e-15    77    67     0
2967.02  2.49e-14  6.10e-15    77    67     0
2969.68  2.35e-14  6.03e-15    77    62     0
2972.35  4.04e-14  6.93e-15    77   103     0
2975.02  1.76e-14  6.26e-15    77    42     0
2977.69  2.26e-14  6.59e-15    77    53     0
2980.36  1.80e-14  6.02e-15    76    45     0
2983.03  1.37e-14  5.86e-15    76    34     0
2985.70  1.44e-14  5.96e-15    76    35     0
2988.37  3.10e-14  6.74e-15    76    75     0
2991.04  1.54e-14  6.30e-15    76    35     0
2993.70  1.92e-14  6.49e-15    76    44     0
2996.37  1.84e-14  6.04e-15    76    44     0
2999.04  2.09e-14  6.22e-15    75    50     0
3001.71  1.56e-14  6.39e-15    75    35     0
3004.38  3.99e-14  7.38e-15    75    89     0
3007.05  1.76e-14  6.02e-15    75    42     0
3009.72  9.03e-15  5.70e-15    75    21     0
3012.39  2.64e-14  7.18e-15    75    56     0
3015.06  1.76e-14  6.95e-15    75    36     0
3017.72  1.91e-14  7.07e-15    75    39     0
3020.39  1.57e-14  6.53e-15    75    33     0
3023.06  1.17e-14  8.67e-15    74    24     0
3025.73  2.26e-14  7.07e-15    74    47     0
3028.40  1.47e-14  6.78e-15    74    30     0
3031.07  2.62e-14  7.54e-15    74    51     0
3033.74  2.31e-14  7.41e-15    74    44     0
3036.41  1.68e-14  7.23e-15    74    32     0
3039.08  8.41e-15  6.91e-15    74    16     0
3041.74  2.25e-14  7.42e-15    74    43     0
3044.41  9.94e-15  6.93e-15    74    18     0
3047.08  1.24e-14  7.98e-15    74    20     0
3049.75  9.15e-15  8.07e-15    74    14     0
3052.42  2.21e-14  8.13e-15    73    37     0
3055.09  2.80e-14  8.32e-15    73    48     0
3057.76  2.51e-14  8.24e-15    73    43     0
3060.43  1.51e-14  7.93e-15    73    25     0
3063.10  2.01e-14  8.26e-15    73    32     0
3065.76  1.77e-14  8.01e-15    73    29     0
3068.43  1.32e-14  1.07e-14    73    21     0
3071.10  9.56e-15  7.99e-15    73    15     0
3073.77  2.29e-14  8.83e-15    73    35     0
3076.44  1.35e-14  7.96e-15    73    21     0
3079.11  1.84e-14  1.06e-14    73    29     0
3081.78  1.14e-14  8.78e-15    73    16     0
3084.45  8.30e-15  8.84e-15    73    11     0
3087.12  2.14e-14  1.19e-14    73    28     0
3089.78  2.60e-14  1.03e-14    73    33     0
3092.45  6.09e-15  1.12e-14    73     8     0
3095.12  1.75e-14  1.04e-14    73    21     0
3097.79  4.80e-14  1.45e-14    73    57     0
3100.46  2.17e-14  1.03e-14    73    27     0
3103.13  2.15e-14  1.31e-14    73    26     0
3105.80  3.05e-14  1.04e-14    73    39     0
3108.47  1.35e-14  9.84e-15    73    16     0
3111.14  4.65e-14  1.20e-14    73    53     0
3113.80  2.33e-14  1.12e-14    73    26     0
3116.47  3.64e-14  1.34e-14    73    35     0
3119.14  1.87e-14  1.29e-14    73    17     0
3121.81  2.00e-14  1.20e-14    73    20     0
3124.48  3.77e-14  1.29e-14    73    37     0
3127.15  4.96e-14  1.40e-14    73    47     0
3129.82  1.62e-14  1.28e-14    73    15     0
3132.49  2.11e-14  1.24e-14    73    20     0
3135.16  2.15e-14  1.25e-14    73    21     0
3137.82  2.44e-14  1.28e-14    73    23     0
3140.49  2.98e-14  1.43e-14    73    25     0
3143.16  2.85e-14  1.45e-14    73    24     0
3145.83  1.90e-14  1.43e-14    73    15     0
3148.50  4.07e-14  1.57e-14    73    33     0
3151.17  2.30e-14  1.56e-14    73    17     0
3153.84  4.08e-14  1.70e-14    73    31     0
3156.51  2.78e-14  1.36e-14    73    24     0
3159.18  3.91e-14  1.44e-14    73    33     0
3161.84  4.02e-14  1.48e-14    73    33     0
3164.51  3.59e-14  1.50e-14    73    29     0
3167.18  9.19e-14  1.79e-14    73    73     0
3169.85  1.42e-14  1.44e-14    73    11     0
3172.52  4.01e-14  1.73e-14    73    27     0
3175.19  5.99e-14  1.85e-14    73    41     0
3177.86  2.76e-14  1.72e-14    73    18     0
3180.53  5.78e-14  2.17e-14    74    34     0
3183.20  7.49e-14  2.16e-14    74    44     0
3185.86  5.85e-14  1.76e-14    74    42     0
3188.53  5.05e-14  1.76e-14    74    35     0
3191.20  4.11e-14  1.94e-14    74    24     0
3193.87  2.34e-14  1.91e-14    74    13     0
3196.54  5.85e-14  2.22e-14    74    31     0
3199.21  6.29e-14  2.70e-14    74    32     0
3201.88  3.70e-14  1.89e-14    74    22     0
3204.55  4.46e-14  1.97e-14    74    26     0
3207.22  4.52e-14  2.40e-14    74    21     0
3209.88  6.74e-14  2.52e-14    74    31     0
3212.55  3.57e-14  2.72e-14    74    14     0
3215.22 -1.31e-14  2.66e-14    74    -5     0
3217.89  5.19e-14  2.94e-14    75    19     0
3220.56  1.56e-15  2.07e-14    75     0     0
3223.23  4.53e-14  2.28e-14    75    22     0
3225.90  2.04e-14  2.77e-14    75     7     0
3228.57  5.78e-14  3.01e-14    75    21     0
3231.24  6.30e-14  2.85e-14    75    24     0
3233.90  6.91e-15  2.67e-14    75     2     0
3236.57  1.84e-14  3.04e-14    75     6     0
3239.24  8.90e-15  3.12e-14    75     2     0
3241.91  2.49e-14  3.53e-14    75     7     0
3244.58 -2.18e-14  3.54e-14    75    -6     0
3247.25 -6.50e-15  4.46e-14    76    -1     0
3249.92  3.83e-14  4.76e-14    76     8     0
3252.59  1.41e-14  3.61e-14    76     4     0
3255.26  1.08e-13  3.92e-14    76    31     0
3257.92  1.52e-14  3.66e-14    76     4     0
3260.59  4.35e-14  4.38e-14    76    10     0
3263.26  3.96e-15  4.36e-14    76     0     0
3265.93  1.36e-13  6.20e-14    76    24     0
3268.60  1.58e-13  6.38e-14    76    27     0
3271.27  7.98e-14  3.92e-14    76    22     0
3273.94  8.64e-16  3.72e-14    76     0     0
3276.61  5.37e-14  9.85e-14    76     7     0
3279.28  1.71e-13  8.01e-14    77    23     0
3281.94 -4.38e-14  5.92e-14    77    -7     0
3284.61  4.28e-14  7.17e-14    77     7     0
3287.28  1.34e-13  5.13e-14    77    30     0
3289.95  3.65e-14  4.51e-14    77     8     0
3292.62  6.31e-14  5.16e-14    77    12     0
3295.29  9.78e-14  7.44e-14    77    13     0
3297.96 -7.36e-15  7.35e-14    77     0     0
3300.63  5.66e-14  8.56e-14    77     6     0
3303.30 -4.16e-14  9.94e-14    77    -4     0
3305.96  5.54e-13  1.09e-12    77    11 -4096
3308.63 -1.02e-13  9.69e-13    77    -2 -4096
3311.30  1.49e-13  3.79e-13    77     7 -4096
3313.97  7.86e-14  1.93e-13    77     4     0
3316.64  4.80e-14  1.30e-13    77     3     0
3319.31  2.27e-14  1.34e-13    77     1     0
3321.98 -5.09e-14  1.20e-13    78    -4     0
3324.65  1.25e-13  1.28e-13    78     9     0
3327.32  7.45e-14  1.14e-13    78     9     0
3329.98 -6.53e-14  8.14e-14    78    -7     0
3332.65 -1.79e-14  1.77e-13    78     0     0
3335.32  1.49e-13  2.21e-13    78     6     0
3337.99  8.79e-14  2.25e-13    78     3     0
3340.66 -6.12e-13  8.06e-13    78    -9     0
3343.33  3.45e-13  6.56e-13    78     5     0
3346.00 -2.12e-13  2.36e-13    78    -9     0
3348.67  1.81e-13  2.29e-13    78     7     0
