NOT ORIGINAL IUE PROJECT DATA PRODUCT
LWR08436LOWLARGE
HD  197481
20:42:06
-31:31:05
48
X-TRAIL
NO
2687.857
04/08/80
10:17:38
217
16.20
12/09/97
GSFC
2444455.92891
66
32
1851.42  6.79e-14  7.77e-14   234    14     0
1854.09  5.58e-14  7.37e-14   234    12     0
1856.76  6.57e-14  7.48e-14   233    14     0
1859.42 -7.22e-15  6.98e-14   232    -1     0
1862.09  6.06e-16  6.44e-14   232     0     0
1864.76 -2.09e-14  6.04e-14   231    -5     0
1867.43  2.25e-14  5.84e-14   231     6     0
1870.10  2.36e-14  5.26e-14   230     7     0
1872.77  3.25e-15  4.85e-14   230     1     0
1875.44  7.16e-15  4.09e-14   229     2     0
1878.11  2.58e-14  3.82e-14   229    11     0
1880.78  4.13e-14  4.10e-14   228    17     0
1883.44  8.33e-15  3.80e-14   228     3     0
1886.11  2.44e-14  3.79e-14   228    10     0
1888.78  3.78e-14  3.64e-14   227    17     0
1891.45  5.33e-14  3.37e-14   227    27     0
1894.12  6.42e-14  3.28e-14   227    34     0
1896.79 -1.72e-14  3.04e-14   226    -9     0
1899.46 -1.15e-14  2.96e-14   226    -6     0
1902.13  2.31e-15  2.94e-14   226     1     0
1904.80  2.48e-14  2.91e-14   226    14     0
1907.46 -2.36e-14  2.78e-14   226   -14     0
1910.13 -1.47e-14  2.83e-14   225    -8     0
1912.80  2.03e-14  2.79e-14   225    12     0
1915.47  2.22e-14  2.54e-14   225    15     0
1918.14  1.56e-14  2.45e-14   225    11     0
1920.81 -1.09e-14  2.23e-14   225    -8     0
1923.48  3.34e-14  2.23e-14   225    27     0
1926.15 -1.27e-14  2.43e-14   225    -9     0
1928.82 -1.39e-14  2.36e-14   224   -10     0
1931.48  1.62e-14  2.17e-14   224    13     0
1934.15  2.66e-15  2.09e-14   224     2     0
1936.82 -2.64e-15  1.93e-14   224    -2     0
1939.49 -8.91e-15  1.88e-14   224    -8     0
1942.16 -5.43e-15  1.88e-14   224    -5     0
1944.83  8.64e-15  1.84e-14   224     8     0
1947.50  1.76e-15  1.78e-14   224     1     0
1950.17  4.80e-15  1.76e-14   224     4     0
1952.84  2.54e-14  1.77e-14   224    27     0
1955.50  5.86e-15  1.69e-14   225     6     0
1958.17  9.49e-16  1.65e-14   225     1     0
1960.84 -1.24e-14  1.60e-14   225   -14     0
1963.51 -1.62e-14  1.57e-14   225   -19     0
1966.18  1.02e-14  1.59e-14   225    12     0
1968.85  7.03e-15  1.55e-14   225     8     0
1971.52  7.51e-15  1.55e-14   225     9     0
1974.19  1.29e-14  1.53e-14   225    16     0
1976.86  1.56e-14  1.46e-14   225    20     0
1979.52  9.73e-15  1.43e-14   226    13     0
1982.19 -9.53e-15  1.42e-14   226   -12     0
1984.86 -5.64e-15  1.40e-14   226    -7     0
1987.53  3.49e-15  1.42e-14   226     4     0
1990.20  3.15e-14  1.47e-14   226    43     0
1992.87 -5.09e-15  1.40e-14   227    -7     0
1995.54  1.93e-14  1.43e-14   227    27     0
1998.21 -3.17e-15  1.39e-14   227    -4     0
2000.88  3.39e-15  1.31e-14   227     5     0
2003.54 -2.51e-15  1.30e-14   228    -3     0
2006.21  2.69e-14  1.38e-14   228    40     0
2008.88  5.10e-15  1.34e-14   228     7     0
2011.55  7.21e-15  1.27e-14   228    11     0
2014.22  1.15e-14  1.27e-14   229    18     0
2016.89  1.55e-14  1.27e-14   229    25     0
2019.56  2.92e-15  1.22e-14   229     4     0
2022.23  2.00e-15  1.31e-14   229     3     0
2024.90  2.01e-15  1.29e-14   230     3     0
2027.56 -1.10e-14  1.25e-14   230   -18     0
2030.23 -2.50e-15  1.17e-14   230    -4     0
2032.90 -5.06e-15  1.17e-14   231    -9     0
2035.57 -9.10e-15  1.25e-14   231   -15     0
2038.24 -4.78e-15  1.26e-14   231    -8     0
2040.91  7.65e-15  1.21e-14   232    13     0
2043.58 -1.20e-15  1.21e-14   232    -2     0
2046.25 -2.02e-14  1.30e-14   232   -34     0
2048.92 -9.22e-15  1.44e-14   233   -15 -4096
2051.58 -2.18e-15  1.40e-14   233    -3 -4096
2054.25  1.05e-14  1.30e-14   233    19     0
2056.92  7.59e-15  1.24e-14   234    13     0
2059.59  1.03e-14  1.21e-14   234    19     0
2062.26 -2.88e-15  1.28e-14   235    -5     0
2064.93 -8.29e-15  1.27e-14   235   -14     0
2067.60 -5.01e-15  1.17e-14   235    -9     0
2070.27  9.30e-15  1.20e-14   236    17     0
2072.94  5.85e-15  1.19e-14   236    11     0
2075.60 -2.99e-15  1.24e-14   236    -5     0
2078.27 -1.96e-15  1.24e-14   237    -3     0
2080.94 -8.56e-15  1.27e-14   237   -15     0
2083.61  1.39e-14  1.30e-14   238    25     0
2086.28 -2.11e-15  1.16e-14   238    -4     0
2088.95 -3.31e-15  1.17e-14   238    -6     0
2091.62  5.01e-15  1.32e-14   239     8     0
2094.29  3.44e-15  1.33e-14   239     6     0
2096.96  5.39e-15  1.23e-14   240    10     0
2099.62 -7.99e-15  1.24e-14   240   -15     0
2102.29 -9.63e-15  1.30e-14   240   -17     0
2104.96 -6.37e-16  1.31e-14   241    -1     0
2107.63 -1.16e-14  1.29e-14   241   -21     0
2110.30  1.81e-15  1.31e-14   242     3     0
2112.97 -1.55e-14  1.30e-14   242   -29     0
2115.64  4.82e-15  1.41e-14   242     8     0
2118.31  3.10e-15  1.41e-14   243     5     0
2120.98 -5.46e-15  1.31e-14   243   -10     0
2123.65  7.32e-15  1.33e-14   244    13     0
2126.31 -1.65e-14  1.34e-14   244   -30     0
2128.98 -1.41e-14  1.34e-14   245   -26     0
2131.65 -1.23e-15  1.31e-14   245    -2     0
2134.32 -2.70e-15  1.32e-14   245    -5     0
2136.99 -2.05e-14  1.36e-14   246   -38     0
2139.66 -1.95e-15  1.36e-14   246    -3     0
2142.33 -8.84e-15  1.32e-14   247   -17     0
2145.00 -9.31e-15  1.32e-14   247   -18     0
2147.67  1.83e-14  1.45e-14   247    33     0
2150.33 -8.03e-15  1.40e-14   248   -14     0
2153.00 -1.39e-14  1.40e-14   248   -25     0
2155.67 -1.79e-14  1.47e-14   249   -32     0
2158.34 -9.55e-15  1.47e-14   249   -17     0
2161.01 -8.86e-15  1.44e-14   250   -16     0
2163.68 -1.12e-15  1.44e-14   250    -2     0
2166.35 -1.14e-14  1.42e-14   250   -21     0
2169.02  1.22e-14  1.44e-14   251    23     0
2171.69  6.68e-15  1.49e-14   251    12     0
2174.35 -3.98e-15  1.49e-14   252    -7     0
2177.02 -7.51e-16  1.51e-14   252    -1     0
2179.69 -1.45e-14  1.51e-14   252   -26     0
2182.36 -8.12e-16  1.38e-14   253    -1     0
2185.03  2.06e-14  1.47e-14   253    39     0
2187.70 -2.95e-14  1.51e-14   254   -56     0
2190.37 -6.22e-15  2.46e-14   254   -12     0
2193.04  1.04e-14  4.52e-14   254    20     0
2195.71 -1.55e-14  1.46e-14   255   -29     0
2198.37 -1.04e-15  1.44e-14   255    -2     0
2201.04 -1.79e-14  1.44e-14   256   -35     0
2203.71 -1.22e-14  1.43e-14   256   -24     0
2206.38 -1.00e-14  1.44e-14   256   -19     0
2209.05 -6.65e-15  1.43e-14   257   -13     0
2211.72 -5.35e-15  1.37e-14   257   -11     0
2214.39 -1.83e-14  1.39e-14   258   -37     0
2217.06 -9.36e-15  1.52e-14   258   -17     0
2219.73 -2.07e-14  1.53e-14   258   -39     0
2222.39  1.34e-15  1.48e-14   259     2     0
2225.06 -1.18e-14  1.49e-14   259   -23     0
2227.73 -1.18e-14  1.48e-14   260   -23     0
2230.40 -1.05e-14  1.46e-14   260   -21     0
2233.07 -5.47e-15  1.44e-14   260   -11     0
2235.74 -6.79e-15  1.42e-14   261   -14     0
2238.41 -2.14e-14  1.40e-14   261   -45     0
2241.08 -1.83e-14  1.45e-14   261   -37     0
2243.75 -2.73e-14  1.44e-14   262   -56     0
2246.41  1.05e-14  1.31e-14   262    24     0
2249.08 -9.77e-16  1.29e-14   262    -2     0
2251.75 -8.63e-16  1.31e-14   263    -1     0
2254.42  8.73e-16  1.30e-14   263     2     0
2257.09 -1.38e-14  1.36e-14   264   -30     0
2259.76 -1.04e-14  1.35e-14   264   -23     0
2262.43 -1.70e-14  1.35e-14   264   -38     0
2265.10 -4.23e-15  1.27e-14   265   -10     0
2267.77 -1.63e-15  1.26e-14   265    -3     0
2270.43 -1.54e-15  1.20e-14   265    -3     0
2273.10 -1.61e-14  1.19e-14   266   -42     0
2275.77  2.65e-15  1.23e-14   266     6     0
2278.44 -1.04e-14  1.22e-14   266   -26     0
2281.11  6.42e-15  1.35e-14   267    14     0
2283.78  4.96e-15  1.34e-14   267    11     0
2286.45  1.63e-14  1.08e-14   267    48     0
2289.12  3.25e-15  1.06e-14   268     9     0
2291.79  2.17e-15  1.14e-14   268     6     0
2294.45  3.92e-15  1.14e-14   268    10     0
2297.12  1.16e-14  1.22e-14   268    30     0
2299.79  5.49e-15  1.20e-14   269    14     0
2302.46 -5.81e-15  1.14e-14   269   -16     0
2305.13 -6.86e-15  1.19e-14   269   -18     0
2307.80 -3.81e-15  1.18e-14   270   -10     0
2310.47  2.77e-14  1.20e-14   270    80     0
2313.14  1.95e-14  1.12e-14   270    57     0
2315.81 -5.04e-15  1.15e-14   271   -14     0
2318.47  3.40e-15  1.13e-14   271     9     0
2321.14 -2.45e-14  1.06e-14   271   -75     0
2323.81  2.75e-14  1.19e-14   271    86     0
2326.48  2.89e-14  1.06e-14   272   100     0
2329.15  1.27e-14  1.71e-14   272    44     0
2331.82 -3.20e-15  9.52e-15   272   -11     0
2334.49  1.14e-14  1.17e-14   273    40     0
2337.16  1.84e-14  1.18e-14   273    68     0
2339.83  3.30e-14  1.13e-14   273   124     0
2342.49  2.41e-14  1.25e-14   273    89     0
2345.16  9.69e-15  9.12e-15   274    37     0
2347.83  1.24e-14  8.75e-15   274    48     0
2350.50  3.00e-14  9.75e-15   274   113     0
2353.17  1.48e-14  1.07e-14   274    56     0
2355.84  5.68e-15  8.82e-15   275    21     0
2358.51  3.16e-15  8.76e-15   275    12     0
2361.18 -2.26e-15  8.47e-15   275    -9     0
2363.85 -2.92e-15  8.41e-15   275   -11     0
2366.51  6.15e-15  9.28e-15   276    23     0
2369.18  5.97e-15  9.07e-15   276    22     0
2371.85  1.01e-14  1.16e-14   276    40     0
2374.52  3.10e-14  1.43e-14   276   124     0
2377.19  2.17e-14  9.66e-15   276    91     0
2379.86  1.98e-14  8.83e-15   277    83     0
2382.53  7.89e-15  8.67e-15   277    31     0
2385.20  1.78e-14  8.99e-15   277    70     0
2387.87  4.19e-14  1.09e-14   277   167     0
2390.53  2.72e-14  9.96e-15   278   111     0
2393.20  4.35e-14  1.69e-14   278   180     0
2395.87  2.64e-14  8.14e-15   278   119     0
2398.54  1.93e-14  1.29e-14   278    87     0
2401.21  1.91e-14  8.25e-15   278    84     0
2403.88  1.49e-14  8.31e-15   279    66     0
2406.55  1.40e-14  7.97e-15   279    63     0
2409.22  2.01e-14  1.43e-14   279    91     0
2411.89  2.19e-14  1.13e-14   279   100     0
2414.55  3.83e-15  7.70e-15   279    17     0
2417.22  9.12e-15  7.89e-15   279    41     0
2419.89 -4.46e-15  7.73e-15   280   -20     0
2422.56  2.50e-14  8.49e-15   280   114     0
2425.23  1.60e-14  1.06e-14   280    78     0
2427.90  1.52e-14  1.19e-14   280    75     0
2430.57  1.53e-14  1.34e-14   280    74     0
2433.24 -4.21e-15  7.32e-15   280   -20     0
2435.91  7.69e-15  8.12e-15   281    37     0
2438.57  1.64e-14  7.76e-15   281    80     0
2441.24 -3.78e-15  7.01e-15   281   -19     0
2443.91  3.30e-14  2.31e-14   281   173     0
2446.58  1.25e-14  6.99e-15   281    67     0
2449.25  1.20e-14  8.07e-15   281    65     0
2451.92  4.49e-15  7.58e-15   282    25     0
2454.59  6.74e-16  6.37e-15   282     3     0
2457.26  2.33e-14  7.08e-15   282   128     0
2459.93 -9.70e-15  6.56e-15   282   -54     0
2462.59 -5.49e-15  6.30e-15   282   -31     0
2465.26  6.58e-15  6.26e-15   282    38     0
2467.93  1.93e-14  6.78e-15   282   114     0
2470.60  7.34e-15  6.54e-15   282    41     0
2473.27  1.56e-14  6.65e-15   283    89     0
2475.94  3.11e-14  9.41e-15   283   179     0
2478.61  1.89e-14  1.12e-14   283   109     0
2481.28  9.75e-15  6.45e-15   283    56     0
2483.95  1.53e-14  6.52e-15   283    89     0
2486.61  1.22e-14  6.18e-15   283    76     0
2489.28  5.26e-15  5.98e-15   283    32     0
2491.95  1.48e-14  7.28e-15   283    79     0
2494.62  2.16e-14  8.28e-15   284   116     0
2497.29  1.34e-14  6.52e-15   284    78     0
2499.96  1.77e-15  6.35e-15   284    10     0
2502.63  1.12e-14  6.00e-15   284    71     0
2505.30  1.06e-14  1.15e-14   284    63     0
2507.97  1.23e-14  7.23e-15   284    74     0
2510.63  2.80e-15  5.78e-15   284    18     0
2513.30  1.36e-14  8.80e-15   284    89     0
2515.97  1.95e-14  1.17e-14   284   115     0
2518.64  1.88e-14  7.36e-15   284   112     0
2521.31  1.28e-14  6.23e-15   284    79     0
2523.98 -5.57e-15  6.01e-15   284   -34     0
2526.65  3.84e-15  5.78e-15   285    25     0
2529.32  9.02e-15  5.86e-15   285    59     0
2531.99  7.73e-15  5.80e-15   285    51     0
2534.65  8.87e-15  5.81e-15   285    58     0
2537.32  6.88e-15  5.46e-15   285    48     0
2539.99  1.97e-15  5.38e-15   285    13     0
2542.66  1.38e-14  5.79e-15   285   100     0
2545.33  1.19e-14  8.61e-15   285    86     0
2548.00  2.69e-14  1.11e-14   285   198     0
2550.67  5.03e-16  5.45e-15   285     3     0
2553.34  1.14e-14  6.08e-15   285    81     0
2556.01  1.47e-14  1.11e-14   285   102     0
2558.67  1.44e-14  7.83e-15   285   101     0
2561.34  8.67e-15  5.35e-15   285    63     0
2564.01  1.28e-14  5.68e-15   285    93     0
2566.68  9.57e-15  6.21e-15   285    75     0
2569.35 -8.94e-16  4.87e-15   285    -7     0
2572.02  1.62e-14  7.97e-15   286   122     0
2574.69  1.57e-14  6.08e-15   286   118     0
2577.36  6.47e-15  5.85e-15   286    47 -4096
2580.03  4.76e-15  5.40e-15   286    37 -4096
2582.69  4.45e-15  5.03e-15   286    35     0
2585.36  1.43e-14  7.56e-15   286   106     0
2588.03  2.15e-14  8.13e-15   286   160     0
2590.70  8.02e-15  5.05e-15   286    62     0
2593.37  1.70e-14  5.42e-15   286   133     0
2596.04  1.03e-14  4.95e-15   286    82     0
2598.71  3.21e-14  9.27e-15   286   259     0
2601.38  2.32e-14  5.25e-15   286   184     0
2604.05  3.01e-14  6.25e-15   286   241     0
2606.71  2.18e-14  7.32e-15   286   190     0
2609.38  8.89e-15  4.71e-15   286    78     0
2612.05  2.30e-14  6.14e-15   286   194     0
2614.72  2.53e-14  5.28e-15   286   217     0
2617.39  1.17e-14  4.71e-15   286    98     0
2620.06  2.51e-14  7.17e-15   286   219     0
2622.73  2.22e-14  5.22e-15   286   194     0
2625.40  3.26e-14  8.72e-15   286   278     0
2628.07  2.94e-14  8.25e-15   286   252     0
2630.73  3.90e-14  7.29e-15   286   342     0
2633.40  2.94e-14  6.74e-15   286   258     0
2636.07  1.82e-14  7.94e-15   286   153     0
2638.74  1.78e-14  5.46e-15   286   151     0
2641.41  6.09e-15  4.39e-15   286    54     0
2644.08  6.64e-15  4.38e-15   286    59     0
2646.75  4.37e-15  4.59e-15   286    37     0
2649.42  6.51e-15  4.90e-15   286    55     0
2652.09  3.41e-15  5.11e-15   286    30     0
2654.75  7.48e-15  4.39e-15   286    66     0
2657.42 -1.79e-15  4.41e-15   286   -15     0
2660.09  1.30e-14  4.63e-15   286   121     0
2662.76  2.95e-15  4.27e-15   286    27     0
2665.43  7.58e-15  4.23e-15   286    70     0
2668.10  4.04e-15  4.17e-15   286    37     0
2670.77  9.44e-15  4.19e-15   285    89     0
2673.44  4.35e-15  4.10e-15   285    41     0
2676.11  1.14e-15  4.10e-15   285    10     0
2678.77 -1.93e-15  4.05e-15   285   -18     0
2681.44  6.80e-15  4.13e-15   285    65     0
2684.11  4.32e-15  4.02e-15   285    41     0
2686.78 -4.32e-15  4.00e-15   285   -41     0
2689.45  5.05e-15  5.74e-15   285    49     0
2692.12  8.19e-15  4.24e-15   285    76     0
2694.79  3.03e-15  4.18e-15   285    28     0
2697.46  8.26e-15  4.59e-15   285    70     0
2700.13  3.85e-15  4.05e-15   285    38     0
2702.79  4.58e-15  3.94e-15   285    45     0
2705.46 -1.24e-15  4.14e-15   285   -11     0
2708.13  1.37e-14  5.31e-15   285   127     0
2710.80  5.13e-15  4.00e-15   285    49     0
2713.47  6.27e-15  4.10e-15   285    61     0
2716.14  6.36e-15  4.15e-15   285    60     0
2718.81  5.20e-15  5.04e-15   285    49     0
2721.48  1.49e-15  4.15e-15   284    13     0
2724.15  1.06e-14  4.24e-15   284    98     0
2726.81  1.72e-14  7.11e-15   284   172     0
2729.48  2.58e-15  3.79e-15   284    26     0
2732.15  9.02e-16  4.22e-15   284     8     0
2734.82  1.71e-14  4.98e-15   284   161     0
2737.49  1.23e-14  4.59e-15   284   120     0
2740.16  1.08e-14  4.85e-15   284   103     0
2742.83  2.78e-14  7.63e-15   284   266     0
2745.50  1.14e-14  4.58e-15   284   113     0
2748.17  1.22e-14  4.12e-15   284   121     0
2750.83  1.83e-14  4.62e-15   284   179     0
2753.50  2.55e-14  7.29e-15   283   248     0
2756.17  2.06e-14  7.66e-15   283   207     0
2758.84  1.08e-14  3.89e-15   283   108     0
2761.51  1.52e-14  4.10e-15   283   149     0
2764.18  1.08e-14  5.02e-15   283   105     0
2766.85  9.35e-15  4.13e-15   283    89     0
2769.52  1.17e-15  3.97e-15   283    11     0
2772.19  8.28e-15  4.09e-15   283    78     0
2774.85  6.81e-15  4.07e-15   283    64     0
2777.52  7.43e-15  4.18e-15   282    71     0
2780.19  2.47e-15  4.31e-15   282    23 -4096
2782.86 -5.59e-15  4.20e-15   282   -53     0
2785.53  9.97e-15  4.22e-15   282    96     0
2788.20  9.62e-15  3.98e-15   282    93     0
2790.87  2.24e-14  9.14e-15   282   229     0
2793.54  6.48e-14  1.70e-14   282   662     0
2796.21  1.02e-13  2.15e-14   282   988     0
2798.87  1.45e-13  3.16e-14   281  1394     0
2801.54  1.45e-13  3.21e-14   281  1438     0
2804.21  1.36e-13  3.22e-14   281  1345     0
2806.88  8.07e-14  1.59e-14   281   749     0
2809.55  5.08e-14  1.26e-14   281   470     0
2812.22  2.18e-14  7.95e-15   281   215     0
2814.89  6.92e-15  3.84e-15   281    68     0
2817.56  5.83e-15  4.07e-15   280    57     0
2820.23  9.43e-15  4.11e-15   280    92     0
2822.90  7.36e-15  3.96e-15   280    71     0
2825.56  1.34e-14  4.65e-15   280   120     0
2828.23  3.28e-15  4.12e-15   280    29     0
2830.90  7.81e-15  4.35e-15   280    69     0
2833.57  1.69e-14  5.97e-15   280   150     0
2836.24  5.91e-15  4.05e-15   279    54     0
2838.91  3.56e-15  4.03e-15   279    32     0
2841.58  1.63e-14  4.72e-15   279   171     0
2844.25  6.53e-15  3.54e-15   279    68     0
2846.92  1.22e-14  4.00e-15   279   117     0
2849.58  1.77e-14  4.37e-15   278   170     0
2852.25  8.13e-15  5.54e-15   278    79     0
2854.92  8.03e-15  4.34e-15   278    77     0
2857.59  1.38e-14  6.98e-15   278   133     0
2860.26  1.01e-14  5.90e-15   278    96     0
2862.93  1.39e-14  5.91e-15   278   133     0
2865.60  1.04e-14  3.75e-15   277   103     0
2868.27  1.33e-14  6.40e-15   277   132     0
2870.94  1.21e-14  5.53e-15   277   113     0
2873.60  1.36e-14  6.33e-15   277   126     0
2876.27  4.08e-15  4.44e-15   277    36     0
2878.94  2.01e-14  4.63e-15   276   180     0
2881.61  1.04e-14  3.94e-15   276    97     0
2884.28  1.89e-14  6.49e-15   276   176     0
2886.95  8.94e-15  4.30e-15   276    82     0
2889.62  1.29e-14  4.30e-15   276   119     0
2892.29  1.01e-14  3.98e-15   275    92     0
2894.96  9.86e-15  6.70e-15   275    90     0
2897.62  1.09e-14  4.33e-15   275    98     0
2900.29  1.82e-14  6.87e-15   275   171     0
2902.96  4.82e-15  3.80e-15   274    45     0
2905.63  1.66e-14  8.74e-15   274   137     0
2908.30  8.83e-15  5.74e-15   274    72     0
2910.97  8.05e-15  4.51e-15   274    69     0
2913.64  7.45e-15  4.31e-15   273    63     0
2916.31  7.65e-15  4.92e-15   273    66     0
2918.98  1.62e-14  7.27e-15   273   139     0
2921.64  1.24e-14  6.98e-15   273    98     0
2924.31  1.66e-14  7.99e-15   272   130     0
2926.98  1.81e-14  5.46e-15   272   146     0
2929.65  1.82e-14  7.16e-15   272   145     0
2932.32  8.46e-15  5.79e-15   272    71     0
2934.99  1.73e-14  5.97e-15   271   145     0
2937.66  1.59e-14  7.45e-15   271   118     0
2940.33  1.24e-14  5.90e-15   271   103     0
2943.00  6.60e-15  4.17e-15   271    54     0
2945.66  9.23e-15  6.48e-15   270    71     0
2948.33  1.52e-14  6.58e-15   270   117     0
2951.00  2.01e-14  7.16e-15   270   155     0
2953.67  2.28e-14  7.42e-15   269   174     0
2956.34  1.24e-14  4.38e-15   269   101     0
2959.01  1.63e-14  6.10e-15   269   132     0
2961.68  1.12e-14  5.82e-15   269    82     0
2964.35  1.18e-14  4.72e-15   268    86     0
2967.02  4.67e-15  5.11e-15   268    35     0
2969.68  9.56e-15  4.73e-15   268    71     0
2972.35  8.64e-15  4.71e-15   267    62     0
2975.02  2.54e-14  7.58e-15   267   172     0
2977.69  1.87e-14  8.61e-15   267   125     0
2980.36  1.32e-14  5.75e-15   266    94     0
2983.03  1.35e-14  4.81e-15   266    96     0
2985.70  6.39e-15  4.75e-15   266    44     0
2988.37  1.87e-14  5.07e-15   265   130     0
2991.04  2.44e-14  7.80e-15   265   162     0
2993.70  1.59e-14  8.98e-15   265   105     0
2996.37  2.05e-14  6.10e-15   264   143     0
2999.04  7.74e-15  4.80e-15   264    53     0
3001.71  1.40e-14  1.04e-14   264    91     0
3004.38  3.34e-14  1.22e-14   263   216     0
3007.05  1.46e-14  5.96e-15   263   102     0
3009.72  1.24e-14  4.81e-15   263    86     0
3012.39  1.32e-14  5.81e-15   262    80     0
3015.06  4.29e-15  5.63e-15   262    25     0
3017.72  9.71e-15  5.91e-15   262    57     0
3020.39  1.62e-14  6.39e-15   261   100     0
3023.06  1.52e-14  5.39e-15   261    93     0
3025.73  2.21e-14  6.70e-15   260   133     0
3028.40  1.57e-14  5.71e-15   260    92     0
3031.07  9.12e-15  5.74e-15   260    51     0
3033.74  1.55e-14  8.99e-15   259    86     0
3036.41  1.17e-14  7.75e-15   259    65     0
3039.08  1.41e-14  7.49e-15   259    77     0
3041.74  1.66e-14  1.07e-14   258    92     0
3044.41  2.45e-14  6.17e-15   258   134     0
3047.08  5.54e-15  6.58e-15   257    26     0
3049.75  3.34e-14  1.36e-14   257   156     0
3052.42  1.27e-14  7.70e-15   257    62     0
3055.09  1.65e-14  1.02e-14   256    83     0
3057.76  2.47e-14  8.95e-15   256   122     0
3060.43  7.55e-15  8.91e-15   255    36     0
3063.10  2.87e-14  8.41e-15   255   135     0
3065.76  3.00e-14  1.17e-14   254   144     0
3068.43  9.26e-15  8.41e-15   254    43     0
3071.10  1.40e-14  6.82e-15   254    63     0
3073.77  1.31e-14  7.21e-15   253    58     0
3076.44  1.74e-14  1.20e-14   253    81     0
3079.11  3.21e-14  8.31e-15   252   147     0
3081.78  2.34e-14  7.57e-15   252    96     0
3084.45  2.94e-14  9.34e-15   251   118     0
3087.12  2.37e-14  9.11e-15   251    89     0
3089.78  1.58e-14  8.48e-15   251    58     0
3092.45  1.54e-14  8.97e-15   250    61     0
3095.12  3.34e-15  9.08e-15   250    11     0
3097.79  3.78e-14  1.69e-14   249   130     0
3100.46  1.68e-14  1.05e-14   249    60     0
3103.13  2.89e-14  8.81e-15   248   102     0
3105.80  1.42e-14  8.83e-15   248    52     0
3108.47  1.58e-15  8.06e-15   247     5     0
3111.14  3.26e-14  1.13e-14   247   108     0
3113.80  8.74e-15  9.94e-15   246    28     0
3116.47  2.61e-16  1.04e-14   246     0     0
3119.14  3.38e-14  1.37e-14   245    92     0
3121.81  2.50e-14  1.37e-14   245    73     0
3124.48  2.37e-14  1.30e-14   244    68     0
3127.15  2.72e-14  1.57e-14   244    74     0
3129.82  1.80e-14  1.10e-14   243    48     0
3132.49  5.85e-16  1.00e-14   243     1     0
3135.16  4.66e-14  1.57e-14   242   131     0
3137.82  1.17e-14  1.19e-14   242    32     0
3140.49  1.72e-14  1.21e-14   241    42     0
3143.16  2.87e-14  1.19e-14   241    69     0
3145.83 -4.75e-15  1.17e-14   240   -11     0
3148.50  4.08e-14  2.30e-14   240    95     0
3151.17  1.13e-14  1.35e-14   239    25     0
3153.84  6.59e-14  2.28e-14   239   145     0
3156.51  2.22e-14  1.21e-14   238    55     0
3159.18  4.51e-14  1.60e-14   238   111     0
3161.84  3.04e-14  1.26e-14   237    72     0
3164.51  2.11e-14  2.23e-14   237    49     0
3167.18  3.54e-14  1.70e-14   236    81     0
3169.85  3.81e-14  1.91e-14   236    85     0
3172.52  5.60e-14  2.08e-14   235   110     0
3175.19  3.62e-14  1.74e-14   235    71     0
3177.86  5.91e-14  1.49e-14   234   114     0
3180.53  2.11e-14  1.57e-14   234    36     0
3183.20  4.99e-14  1.73e-14   233    84     0
3185.86  1.72e-14  1.31e-14   232    35     0
3188.53  4.07e-14  1.65e-14   232    81     0
3191.20  3.18e-14  1.56e-14   231    55     0
3193.87  1.29e-14  1.63e-14   231    21     0
3196.54  2.03e-14  1.87e-14   230    31     0
3199.21  1.70e-14  1.77e-14   230    25     0
3201.88  1.88e-14  1.56e-14   229    32     0
3204.55  3.17e-14  1.59e-14   229    53     0
3207.22  2.05e-14  1.92e-14   228    28     0
3209.88  1.12e-14  2.48e-14   227    14     0
3212.55  3.68e-15  2.22e-14   227     4     0
3215.22 -2.28e-14  2.29e-14   226   -25     0
3217.89 -1.72e-14  2.34e-14   226   -18     0
3220.56  4.14e-14  2.18e-14   225    61     0
3223.23 -5.12e-15  2.55e-14   225    -7     0
3225.90  4.29e-14  3.05e-14   224    47     0
3228.57  5.43e-14  2.44e-14   224    58     0
3231.24 -1.96e-14  2.23e-14   223   -22     0
3233.90 -2.91e-14  2.27e-14   222   -32     0
3236.57  3.64e-14  2.64e-14   222    35     0
3239.24  3.07e-14  2.93e-14   221    29     0
3241.91  2.42e-14  2.99e-14   221    20     0
3244.58  2.47e-14  3.13e-14   220    20     0
3247.25 -7.59e-16  5.85e-14   220     0     0
3249.92  6.78e-14  4.67e-14   219    43     0
3252.59  4.76e-15  3.04e-14   218     3     0
3255.26  6.64e-14  4.48e-14   218    55     0
3257.92 -1.84e-14  3.09e-14   217   -14     0
3260.59 -2.97e-14  3.59e-14   217   -20     0
3263.26 -8.13e-14  3.71e-14   216   -54     0
3265.93  6.87e-14  5.01e-14   216    35     0
3268.60  1.08e-13  6.02e-14   215    53     0
3271.27  6.11e-14  4.85e-14   214    48     0
3273.94  4.16e-14  6.25e-14   214    32     0
3276.61  9.94e-14  9.51e-14   213    39     0
3279.28  3.25e-14  6.31e-14   213    12     0
3281.94  5.33e-14  5.08e-14   212    25     0
3284.61  1.35e-13  5.98e-14   212    64     0
3287.28  7.20e-14  4.95e-14   211    48     0
3289.95  3.45e-14  4.01e-14   211    22     0
3292.62  1.98e-14  4.18e-14   210    11     0
3295.29  5.93e-14  9.93e-14   210    23     0
3297.96  1.96e-13  1.10e-13   209    76     0
3300.63  3.64e-14  7.10e-14   208    12     0
3303.30  1.59e-13  9.12e-14   208    52     0
3305.96  8.67e-13  4.65e-13   207    52 -4096
3308.63  1.51e-12  1.09e-12   207    88 -4096
3311.30 -2.04e-13  1.78e-13   206   -31 -4096
3313.97 -3.21e-14  1.62e-13   206    -4     0
3316.64  8.45e-14  1.10e-13   205    18     0
3319.31  1.49e-13  1.14e-13   205    31     0
3321.98  1.35e-13  1.02e-13   204    31     0
3324.65  4.01e-13  1.49e-13   204    91     0
3327.32  1.73e-13  1.18e-13   203    62     0
3329.98  8.86e-14  6.96e-14   203    30     0
3332.65  2.77e-13  2.49e-13   202    44     0
3335.32 -3.04e-14  1.81e-13   202    -3     0
3337.99 -1.68e-13  1.87e-13   201   -21     0
3340.66 -1.02e-13  5.25e-13   201    -4     0
3343.33  3.79e-13  5.44e-13   200    16     0
3346.00  1.50e-13  1.84e-13   200    19     0
3348.67 -1.15e-13  1.88e-13   199   -14     0
