NOT ORIGINAL IUE PROJECT DATA PRODUCT
LWR08442LOWLARGE
HD  197481
20:42:06
-31:31:05
48
X-TRAIL
NO
2687.857
05/08/80
09:23:56
218
16.54
16/06/97
GSFC
2444456.89162
65
31
1851.42  9.35e-14  7.54e-14   201    19     0
1854.09 -1.04e-14  7.02e-14   201    -2     0
1856.76  1.01e-13  7.23e-14   200    22     0
1859.42  4.84e-14  6.77e-14   199    11     0
1862.09 -3.61e-14  6.17e-14   199    -9     0
1864.76 -2.95e-14  5.79e-14   198    -8     0
1867.43  3.92e-14  5.62e-14   198    11     0
1870.10 -2.18e-14  5.00e-14   197    -6     0
1872.77  6.54e-15  4.65e-14   197     2     0
1875.44  2.57e-14  3.96e-14   196    10     0
1878.11  1.07e-14  3.64e-14   196     4     0
1880.78  9.57e-14  4.03e-14   196    39     0
1883.44  1.06e-14  3.66e-14   195     4     0
1886.11  4.61e-14  3.69e-14   195    20     0
1888.78  6.87e-14  3.57e-14   195    32     0
1891.45  6.60e-14  3.25e-14   194    34     0
1894.12  3.99e-14  3.10e-14   194    21     0
1896.79  2.19e-14  2.95e-14   194    12     0
1899.46  3.23e-14  2.89e-14   194    18     0
1902.13  1.46e-15  2.83e-14   194     0     0
1904.80  1.08e-14  2.77e-14   194     6     0
1907.46  1.41e-14  2.69e-14   194     8     0
1910.13  2.11e-14  2.75e-14   193    12     0
1912.80  3.42e-14  2.71e-14   193    21     0
1915.47  3.74e-14  2.47e-14   193    26     0
1918.14  2.14e-14  2.37e-14   193    15     0
1920.81  1.44e-14  2.16e-14   193    11     0
1923.48  3.51e-14  2.15e-14   193    28     0
1926.15 -1.75e-15  2.33e-14   193    -1     0
1928.82  1.17e-15  2.27e-14   193     0     0
1931.48  5.88e-15  2.08e-14   194     4     0
1934.15 -6.30e-15  2.01e-14   194    -5     0
1936.82  1.07e-14  1.87e-14   194     9     0
1939.49 -2.84e-14  1.81e-14   194   -27     0
1942.16 -1.03e-14  1.81e-14   194    -9     0
1944.83  1.64e-14  1.80e-14   194    16     0
1947.50  7.77e-15  1.72e-14   194     7     0
1950.17 -1.88e-15  1.70e-14   195    -1     0
1952.84  2.54e-14  1.71e-14   195    27     0
1955.50  1.52e-14  1.65e-14   195    16     0
1958.17 -6.20e-15  1.59e-14   195    -6     0
1960.84 -2.01e-14  1.55e-14   195   -23     0
1963.51  1.14e-14  1.53e-14   196    13     0
1966.18  3.88e-15  1.52e-14   196     4     0
1968.85 -8.34e-15  1.49e-14   196   -10     0
1971.52  9.11e-15  1.50e-14   196    11     0
1974.19  5.45e-15  1.47e-14   197     6     0
1976.86  9.00e-15  1.40e-14   197    12     0
1979.52 -7.00e-15  1.37e-14   197    -9     0
1982.19  9.52e-15  1.39e-14   198    12     0
1984.86 -8.75e-15  1.36e-14   198   -12     0
1987.53  8.02e-15  1.39e-14   198    11     0
1990.20  2.64e-14  1.42e-14   199    36     0
1992.87 -8.95e-15  1.36e-14   199   -12     0
1995.54  8.37e-15  1.36e-14   199    11     0
1998.21  1.16e-14  1.37e-14   200    16     0
2000.88  4.51e-15  1.27e-14   200     6     0
2003.54 -1.11e-15  1.27e-14   200    -1     0
2006.21  7.59e-15  1.31e-14   201    11     0
2008.88 -3.83e-15  1.29e-14   201    -5     0
2011.55 -6.65e-15  1.22e-14   201   -10     0
2014.22  5.04e-15  1.23e-14   202     8     0
2016.89  9.81e-15  1.22e-14   202    16     0
2019.56  2.46e-15  1.19e-14   202     4     0
2022.23  6.40e-15  1.28e-14   203    10     0
2024.90  8.33e-15  1.27e-14   203    13     0
2027.56 -8.49e-15  1.21e-14   204   -14     0
2030.23 -6.72e-15  1.14e-14   204   -12     0
2032.90 -6.21e-15  1.14e-14   204   -11     0
2035.57 -1.13e-14  1.22e-14   205   -19     0
2038.24 -8.87e-15  1.22e-14   205   -15     0
2040.91 -4.08e-15  1.17e-14   206    -7     0
2043.58 -1.04e-14  1.17e-14   206   -18     0
2046.25 -8.90e-15  1.27e-14   206   -15     0
2048.92 -8.02e-15  1.40e-14   207   -13 -4096
2051.58 -5.38e-15  1.37e-14   207    -9 -4096
2054.25 -5.53e-15  1.26e-14   207   -10     0
2056.92 -4.64e-15  1.20e-14   208    -8     0
2059.59 -6.31e-15  1.17e-14   208   -11     0
2062.26 -1.17e-14  1.25e-14   209   -20     0
2064.93 -6.79e-16  1.24e-14   209    -1     0
2067.60 -1.44e-14  1.15e-14   209   -27     0
2070.27 -3.00e-15  1.16e-14   210    -5     0
2072.94 -1.87e-14  1.15e-14   210   -36     0
2075.60 -1.33e-14  1.21e-14   211   -24     0
2078.27  4.48e-15  1.22e-14   211     8     0
2080.94 -1.10e-14  1.24e-14   211   -19     0
2083.61  3.68e-16  1.25e-14   212     0     0
2086.28 -9.84e-15  1.13e-14   212   -19     0
2088.95 -1.55e-14  1.14e-14   212   -31     0
2091.62 -9.92e-15  1.28e-14   213   -17     0
2094.29  1.64e-15  1.30e-14   213     2     0
2096.96 -8.37e-15  1.20e-14   214   -16     0
2099.62 -2.84e-15  1.21e-14   214    -5     0
2102.29 -9.24e-15  1.27e-14   214   -17     0
2104.96 -2.14e-14  1.28e-14   215   -39     0
2107.63 -2.01e-14  1.26e-14   215   -37     0
2110.30 -5.40e-15  1.28e-14   215   -10     0
2112.97 -7.02e-15  1.27e-14   216   -13     0
2115.64 -6.02e-16  1.38e-14   216    -1     0
2118.31  1.22e-15  1.38e-14   216     2     0
2120.98 -7.28e-15  1.29e-14   217   -13     0
2123.65  1.26e-14  1.30e-14   217    23     0
2126.31 -1.10e-14  1.31e-14   217   -20     0
2128.98 -8.05e-15  1.31e-14   218   -15     0
2131.65 -1.42e-15  1.28e-14   218    -2     0
2134.32 -1.11e-14  1.29e-14   218   -21     0
2136.99 -8.96e-15  1.33e-14   219   -16     0
2139.66 -9.41e-15  1.33e-14   219   -17     0
2142.33 -1.10e-14  1.29e-14   219   -21     0
2145.00 -1.48e-14  1.29e-14   219   -28     0
2147.67  8.58e-15  1.40e-14   220    15     0
2150.33  2.33e-15  1.37e-14   220     4     0
2153.00 -2.37e-14  1.37e-14   220   -44     0
2155.67 -1.43e-14  1.44e-14   221   -25     0
2158.34 -2.42e-15  1.44e-14   221    -4     0
2161.01  1.37e-15  1.41e-14   221     2     0
2163.68  9.90e-16  1.41e-14   221     1     0
2166.35 -2.20e-15  1.39e-14   222    -4     0
2169.02  3.65e-16  1.39e-14   222     0     0
2171.69 -1.38e-14  1.46e-14   222   -24     0
2174.35 -7.08e-15  1.46e-14   222   -12     0
2177.02 -1.16e-14  1.48e-14   223   -20     0
2179.69 -2.79e-14  1.48e-14   223   -50     0
2182.36 -1.59e-14  1.36e-14   223   -31     0
2185.03  8.68e-15  1.42e-14   223    16     0
2187.70 -2.56e-14  1.48e-14   224   -48     0
2190.37  1.18e-14  2.83e-14   224    23     0
2193.04  1.70e-15  3.93e-14   224     3     0
2195.71 -1.42e-14  1.43e-14   224   -27     0
2198.37  7.85e-15  1.41e-14   224    15     0
2201.04 -1.40e-14  1.41e-14   225   -27     0
2203.71 -1.95e-14  1.40e-14   225   -38     0
2206.38 -5.81e-15  1.41e-14   225   -11     0
2209.05  1.16e-16  1.40e-14   225     0     0
2211.72 -4.99e-15  1.34e-14   225   -10     0
2214.39 -1.81e-14  1.36e-14   226   -37     0
2217.06  1.92e-16  1.48e-14   226     0     0
2219.73 -1.20e-14  1.50e-14   226   -22     0
2222.39  7.03e-15  1.45e-14   226    13     0
2225.06  9.95e-16  1.46e-14   226     1     0
2227.73  5.24e-15  1.45e-14   227    10     0
2230.40  1.89e-15  1.43e-14   227     3     0
2233.07 -2.84e-15  1.41e-14   227    -5     0
2235.74  3.81e-15  1.39e-14   227     7     0
2238.41 -1.27e-14  1.37e-14   227   -26     0
2241.08 -8.43e-15  1.42e-14   227   -17     0
2243.75 -1.39e-14  1.41e-14   227   -28     0
2246.41  1.61e-14  1.29e-14   228    37     0
2249.08  3.06e-15  1.26e-14   228     7     0
2251.75  2.71e-15  1.28e-14   228     6     0
2254.42  1.00e-14  1.29e-14   228    23     0
2257.09 -1.76e-14  1.33e-14   228   -39     0
2259.76 -1.34e-14  1.33e-14   228   -30     0
2262.43 -1.83e-15  1.32e-14   228    -4     0
2265.10  2.22e-14  1.27e-14   228    53     0
2267.77  6.86e-15  1.24e-14   229    16     0
2270.43 -3.85e-16  1.18e-14   229     0     0
2273.10 -2.90e-15  1.16e-14   229    -7     0
2275.77  4.07e-15  1.21e-14   229    10     0
2278.44 -8.31e-15  1.19e-14   229   -21     0
2281.11  8.45e-15  1.33e-14   229    19     0
2283.78  9.06e-15  1.32e-14   229    21     0
2286.45  4.21e-15  1.04e-14   229    12     0
2289.12  5.61e-15  1.04e-14   229    16     0
2291.79  3.60e-15  1.12e-14   229    10     0
2294.45  1.15e-14  1.13e-14   230    32     0
2297.12  2.08e-14  1.20e-14   230    55     0
2299.79  4.40e-15  1.18e-14   230    11     0
2302.46  6.67e-15  1.12e-14   230    18     0
2305.13  4.76e-15  1.17e-14   230    12     0
2307.80  1.53e-15  1.16e-14   230     4     0
2310.47  2.47e-14  1.13e-14   230    71     0
2313.14  1.98e-14  1.10e-14   230    58     0
2315.81  1.26e-14  1.13e-14   230    35     0
2318.47  2.11e-14  1.21e-14   230    61     0
2321.14 -6.82e-15  1.04e-14   230   -21     0
2323.81  3.65e-14  1.11e-14   230   115     0
2326.48  3.19e-14  1.17e-14   230   110     0
2329.15  2.05e-14  1.99e-14   230    72     0
2331.82  3.37e-15  9.33e-15   231    11     0
2334.49  1.83e-14  9.54e-15   231    64     0
2337.16  1.07e-14  8.87e-15   231    39     0
2339.83  8.09e-15  8.73e-15   231    30     0
2342.49  1.78e-14  9.29e-15   231    66     0
2345.16  3.61e-15  8.52e-15   231    13     0
2347.83  1.24e-14  8.57e-15   231    48     0
2350.50  2.96e-14  9.11e-15   231   112     0
2353.17  6.59e-15  8.67e-15   231    25     0
2355.84  8.21e-15  8.70e-15   231    31     0
2358.51  1.10e-14  8.64e-15   231    42     0
2361.18 -3.74e-16  8.30e-15   231    -1     0
2363.85 -2.42e-15  8.24e-15   231    -9     0
2366.51  4.90e-15  8.84e-15   231    18     0
2369.18  1.72e-14  1.25e-14   231    66     0
2371.85  2.11e-14  1.19e-14   231    83     0
2374.52  3.56e-14  1.68e-14   232   142     0
2377.19  1.62e-14  9.02e-15   232    68     0
2379.86  1.14e-14  8.11e-15   232    48     0
2382.53  1.05e-15  8.40e-15   232     4     0
2385.20  3.40e-15  8.61e-15   232    13     0
2387.87  3.71e-14  9.10e-15   232   148     0
2390.53  2.20e-14  9.54e-15   232    90     0
2393.20  4.57e-14  1.61e-14   232   189     0
2395.87  2.68e-14  7.99e-15   232   120     0
2398.54  1.17e-14  9.82e-15   232    53     0
2401.21  1.16e-14  7.98e-15   232    51     0
2403.88  1.25e-14  7.93e-15   232    55     0
2406.55  2.16e-14  8.02e-15   232    97     0
2409.22  2.00e-14  1.31e-14   232    91     0
2411.89  1.88e-14  9.94e-15   232    86     0
2414.55  7.61e-15  7.59e-15   233    35     0
2417.22  8.38e-15  7.74e-15   233    38     0
2419.89  7.47e-15  7.67e-15   233    34     0
2422.56  2.90e-14  1.02e-14   233   132     0
2425.23  1.16e-14  7.49e-15   233    56     0
2427.90  2.09e-14  1.11e-14   233   103     0
2430.57  2.82e-14  1.67e-14   233   136     0
2433.24  5.50e-15  7.21e-15   233    27     0
2435.91  7.05e-15  7.39e-15   233    34     0
2438.57  2.82e-14  1.03e-14   233   138     0
2441.24  4.24e-15  6.88e-15   233    21     0
2443.91  3.91e-14  1.89e-14   233   205     0
2446.58  1.50e-14  6.80e-15   234    80     0
2449.25  8.28e-15  6.62e-15   234    45     0
2451.92  1.39e-14  6.47e-15   234    78     0
2454.59  6.98e-15  6.32e-15   234    40     0
2457.26  1.95e-14  6.74e-15   234   107     0
2459.93 -8.12e-16  6.43e-15   234    -4     0
2462.59  3.06e-15  6.19e-15   234    17     0
2465.26  7.91e-15  6.24e-15   234    46     0
2467.93  2.17e-14  6.89e-15   234   129     0
2470.60  9.63e-15  6.47e-15   234    54     0
2473.27  8.61e-15  6.43e-15   235    49     0
2475.94  2.20e-14  7.43e-15   235   127     0
2478.61  2.29e-14  8.69e-15   235   133     0
2481.28  5.33e-15  6.28e-15   235    31     0
2483.95  1.74e-14  6.44e-15   235   101     0
2486.61  1.44e-14  6.01e-15   235    90     0
2489.28  1.12e-14  5.95e-15   235    70     0
2491.95  1.73e-14  7.01e-15   236    93     0
2494.62  2.27e-14  8.73e-15   236   122     0
2497.29  7.05e-15  6.33e-15   236    41     0
2499.96  5.52e-15  6.27e-15   236    32     0
2502.63  8.30e-15  5.86e-15   236    52     0
2505.30  1.00e-14  9.71e-15   236    60     0
2507.97  1.73e-14  6.45e-15   236   104     0
2510.63 -9.64e-17  5.64e-15   237     0     0
2513.30  1.58e-14  8.84e-15   237   104     0
2515.97  2.44e-14  1.25e-14   237   145     0
2518.64  2.18e-14  6.45e-15   237   131     0
2521.31  1.66e-14  6.17e-15   237   102     0
2523.98  4.84e-15  5.95e-15   238    30     0
2526.65  1.17e-14  5.77e-15   238    77     0
2529.32  1.20e-14  5.79e-15   238    79     0
2531.99  6.51e-15  5.68e-15   238    43     0
2534.65  1.41e-14  5.79e-15   238    93     0
2537.32  6.30e-15  5.35e-15   238    44     0
2539.99  6.34e-15  5.35e-15   239    44     0
2542.66  1.07e-14  5.26e-15   239    77     0
2545.33  8.94e-15  6.08e-15   239    64     0
2548.00  2.39e-14  9.40e-15   239   175     0
2550.67  9.39e-15  5.62e-15   240    65     0
2553.34  1.42e-14  6.03e-15   240   101     0
2556.01  1.92e-14  1.02e-14   240   134     0
2558.67  1.98e-14  9.00e-15   240   139     0
2561.34  9.45e-15  5.25e-15   240    68     0
2564.01  1.53e-14  5.54e-15   241   112     0
2566.68  7.94e-15  4.95e-15   241    62     0
2569.35  5.44e-15  4.84e-15   241    42     0
2572.02  1.81e-14  9.36e-15   241   136     0
2574.69  1.06e-14  6.35e-15   242    79     0
2577.36  5.01e-15  5.75e-15   242    36 -4096
2580.03  6.50e-15  5.35e-15   242    51 -4096
2582.69  3.82e-15  4.93e-15   242    30     0
2585.36  1.36e-14  5.93e-15   243   100     0
2588.03  1.90e-14  6.20e-15   243   142     0
2590.70  9.47e-15  4.98e-15   243    73     0
2593.37  2.13e-14  5.15e-15   243   166     0
2596.04  9.01e-15  4.86e-15   244    71     0
2598.71  2.32e-14  8.50e-15   244   187     0
2601.38  1.45e-14  4.96e-15   244   115     0
2604.05  2.33e-14  5.19e-15   245   186     0
2606.71  2.17e-14  6.41e-15   245   190     0
2609.38  9.47e-15  4.64e-15   245    83     0
2612.05  2.64e-14  7.00e-15   245   223     0
2614.72  3.11e-14  7.77e-15   246   266     0
2617.39  1.16e-14  4.63e-15   246    97     0
2620.06  2.41e-14  7.92e-15   246   210     0
2622.73  2.20e-14  4.99e-15   247   193     0
2625.40  2.85e-14  7.39e-15   247   243     0
2628.07  2.36e-14  8.06e-15   247   202     0
2630.73  3.22e-14  7.96e-15   248   282     0
2633.40  3.27e-14  8.88e-15   248   287     0
2636.07  2.68e-14  9.49e-15   248   227     0
2638.74  2.27e-14  5.45e-15   248   192     0
2641.41  6.91e-15  4.33e-15   249    61     0
2644.08  3.96e-15  4.29e-15   249    35     0
2646.75  5.82e-15  4.54e-15   249    49     0
2649.42  5.11e-15  4.52e-15   250    43     0
2652.09  1.06e-15  4.26e-15   250     9     0
2654.75  6.44e-15  4.32e-15   250    57     0
2657.42 -2.84e-15  4.36e-15   251   -24     0
2660.09  8.85e-15  4.19e-15   251    82     0
2662.76  5.09e-15  4.50e-15   251    47     0
2665.43  6.42e-15  4.17e-15   252    59     0
2668.10  8.60e-16  4.09e-15   252     8     0
2670.77  9.78e-15  4.15e-15   253    92     0
2673.44  3.45e-15  4.04e-15   253    32     0
2676.11  1.77e-15  4.06e-15   253    16     0
2678.77 -4.44e-16  4.01e-15   254    -4     0
2681.44  2.55e-15  3.99e-15   254    24     0
2684.11 -5.08e-16  3.93e-15   254    -4     0
2686.78 -5.61e-15  3.96e-15   255   -53     0
2689.45  4.95e-15  4.15e-15   255    48     0
2692.12  8.72e-15  4.20e-15   255    80     0
2694.79  1.31e-15  4.11e-15   256    12     0
2697.46  8.69e-15  4.53e-15   256    74     0
2700.13  4.58e-15  3.89e-15   256    45     0
2702.79  6.86e-15  3.94e-15   257    67     0
2705.46 -1.78e-15  4.09e-15   257   -16     0
2708.13  8.15e-15  4.55e-15   257    75     0
2710.80  5.01e-15  3.97e-15   258    48     0
2713.47  1.47e-15  3.90e-15   258    14     0
2716.14  6.27e-15  4.06e-15   259    59     0
2718.81  7.95e-15  4.47e-15   259    75     0
2721.48  1.84e-15  4.11e-15   259    16     0
2724.15  6.35e-15  4.14e-15   260    59     0
2726.81  1.38e-14  5.74e-15   260   138     0
2729.48  1.26e-15  3.75e-15   260    12     0
2732.15  2.84e-15  4.54e-15   261    26     0
2734.82  1.74e-14  5.81e-15   261   163     0
2737.49  8.67e-15  3.97e-15   261    84     0
2740.16  6.59e-15  4.25e-15   262    63     0
2742.83  2.21e-14  6.78e-15   262   211     0
2745.50  1.21e-14  4.12e-15   263   119     0
2748.17  9.74e-15  4.05e-15   263    96     0
2750.83  1.17e-14  4.12e-15   263   114     0
2753.50  2.00e-14  6.18e-15   264   195     0
2756.17  1.94e-14  6.09e-15   264   195     0
2758.84  7.64e-15  3.90e-15   264    76     0
2761.51  1.26e-14  4.46e-15   265   123     0
2764.18  1.48e-14  5.91e-15   265   145     0
2766.85  1.40e-14  5.24e-15   265   132     0
2769.52 -2.03e-16  3.94e-15   266    -1     0
2772.19  3.96e-15  4.10e-15   266    37     0
2774.85  2.19e-15  3.98e-15   266    20     0
2777.52  8.47e-15  4.16e-15   267    81     0
2780.19  3.79e-15  4.31e-15   267    36 -4096
2782.86 -5.58e-15  4.17e-15   267   -53     0
2785.53  4.48e-15  4.63e-15   268    43     0
2788.20  4.39e-15  3.89e-15   268    42     0
2790.87  1.25e-14  6.69e-15   268   127     0
2793.54  3.85e-14  1.33e-14   269   393     0
2796.21  7.94e-14  1.90e-14   269   766     0
2798.87  1.33e-13  3.03e-14   269  1283     0
2801.54  1.48e-13  3.45e-14   270  1468     0
2804.21  1.46e-13  3.75e-14   270  1449     0
2806.88  9.17e-14  1.92e-14   270   851     0
2809.55  8.07e-14  1.85e-14   271   747     0
2812.22  4.20e-14  1.30e-14   271   414     0
2814.89  1.00e-14  4.03e-15   271    98     0
2817.56  7.96e-15  4.53e-15   271    78     0
2820.23  3.19e-15  3.79e-15   272    31     0
2822.90  4.67e-15  3.81e-15   272    45     0
2825.56  1.14e-14  5.02e-15   272   102     0
2828.23  1.61e-15  4.08e-15   272    14     0
2830.90  7.60e-15  4.83e-15   273    67     0
2833.57  9.83e-15  4.36e-15   273    87     0
2836.24  4.78e-15  4.02e-15   273    43     0
2838.91  3.56e-15  4.01e-15   274    32     0
2841.58  1.25e-14  3.78e-15   274   131     0
2844.25  5.95e-15  3.61e-15   274    62     0
2846.92  1.20e-14  3.98e-15   274   116     0
2849.58  1.94e-14  4.70e-15   274   186     0
2852.25  1.74e-15  3.93e-15   275    16     0
2854.92  6.01e-15  4.58e-15   275    58     0
2857.59  1.18e-14  7.12e-15   275   114     0
2860.26  1.30e-14  5.49e-15   275   124     0
2862.93  1.25e-14  4.91e-15   275   120     0
2865.60  9.42e-15  3.73e-15   276    93     0
2868.27  1.30e-14  6.03e-15   276   129     0
2870.94  7.99e-15  4.93e-15   276    74     0
2873.60  1.03e-14  5.81e-15   276    96     0
2876.27  2.56e-15  4.77e-15   276    23     0
2878.94  1.67e-14  5.20e-15   276   150     0
2881.61  7.76e-15  4.46e-15   277    72     0
2884.28  1.66e-14  6.58e-15   277   154     0
2886.95  1.27e-14  4.24e-15   277   118     0
2889.62  1.30e-14  5.71e-15   277   120     0
2892.29  7.95e-15  4.00e-15   277    73     0
2894.96  1.01e-14  6.71e-15   277    92     0
2897.62  7.95e-15  4.30e-15   277    71     0
2900.29  1.68e-14  5.81e-15   277   158     0
2902.96  1.66e-15  4.62e-15   277    15     0
2905.63  1.40e-14  8.36e-15   277   115     0
2908.30  9.04e-15  5.42e-15   277    73     0
2910.97  1.42e-14  6.13e-15   277   122     0
2913.64  1.43e-14  6.78e-15   277   122     0
2916.31  1.38e-14  4.53e-15   278   120     0
2918.98  1.56e-14  8.22e-15   278   134     0
2921.64  1.54e-14  7.73e-15   278   122     0
2924.31  1.68e-14  8.75e-15   278   131     0
2926.98  2.09e-14  7.05e-15   278   169     0
2929.65  2.04e-14  6.31e-15   277   163     0
2932.32  1.06e-14  6.92e-15   277    89     0
2934.99  1.52e-14  5.88e-15   277   128     0
2937.66  1.27e-14  6.99e-15   277    94     0
2940.33  1.48e-14  7.72e-15   277   123     0
2943.00  5.52e-15  4.17e-15   277    45     0
2945.66  1.37e-14  4.91e-15   277   106     0
2948.33  2.19e-14  8.33e-15   277   170     0
2951.00  1.51e-14  7.12e-15   277   116     0
2953.67  2.53e-14  8.25e-15   277   194     0
2956.34  1.69e-14  4.87e-15   277   138     0
2959.01  1.80e-14  5.20e-15   276   146     0
2961.68  1.80e-14  5.59e-15   276   133     0
2964.35  2.01e-14  6.56e-15   276   147     0
2967.02  1.14e-14  6.58e-15   276    86     0
2969.68  1.42e-14  5.63e-15   276   106     0
2972.35  1.57e-14  7.42e-15   276   113     0
2975.02  3.32e-14  8.41e-15   275   225     0
2977.69  2.47e-14  1.01e-14   275   165     0
2980.36  1.38e-14  6.39e-15   275    99     0
2983.03  1.56e-14  5.04e-15   275   111     0
2985.70  7.33e-15  4.79e-15   274    51     0
2988.37  2.58e-14  6.52e-15   274   180     0
2991.04  2.84e-14  6.13e-15   274   189     0
2993.70  2.21e-14  9.16e-15   273   146     0
2996.37  2.81e-14  7.47e-15   273   196     0
2999.04  1.65e-14  5.24e-15   273   114     0
3001.71  1.70e-14  9.83e-15   273   110     0
3004.38  3.74e-14  1.28e-14   272   242     0
3007.05  1.67e-14  4.83e-15   272   117     0
3009.72  1.39e-14  5.14e-15   271    96     0
3012.39  1.79e-14  6.37e-15   271   110     0
3015.06  5.48e-15  5.46e-15   271    32     0
3017.72  8.43e-15  7.50e-15   270    49     0
3020.39  1.85e-14  5.93e-15   270   115     0
3023.06  1.23e-14  5.38e-15   269    75     0
3025.73  1.30e-14  6.47e-15   269    78     0
3028.40  1.73e-14  6.79e-15   268   102     0
3031.07  1.28e-14  6.05e-15   268    73     0
3033.74  2.20e-14  9.65e-15   267   123     0
3036.41  1.27e-14  6.83e-15   267    70     0
3039.08  1.73e-14  9.88e-15   266    95     0
3041.74  1.25e-14  1.01e-14   266    69     0
3044.41  2.84e-14  7.06e-15   265   156     0
3047.08  8.85e-15  7.16e-15   265    41     0
3049.75  3.52e-14  1.28e-14   264   164     0
3052.42  1.35e-14  7.89e-15   264    66     0
3055.09  2.85e-14  1.51e-14   263   143     0
3057.76  2.98e-14  9.82e-15   262   147     0
3060.43  2.29e-15  6.41e-15   262    10     0
3063.10  1.81e-14  8.33e-15   261    85     0
3065.76  3.24e-14  1.41e-14   260   156     0
3068.43  7.33e-15  6.69e-15   260    34     0
3071.10  2.07e-14  7.85e-15   259    93     0
3073.77  8.83e-15  6.88e-15   258    39     0
3076.44  1.61e-14  1.18e-14   258    75     0
3079.11  3.48e-14  1.04e-14   257   159     0
3081.78  1.61e-14  7.47e-15   256    66     0
3084.45  2.26e-14  8.17e-15   255    91     0
3087.12  4.58e-14  1.60e-14   255   173     0
3089.78  2.46e-14  8.94e-15   254    91     0
3092.45  2.23e-14  9.16e-15   253    88     0
3095.12  1.33e-14  1.07e-14   252    47     0
3097.79  4.00e-14  1.70e-14   251   138     0
3100.46  1.96e-14  1.39e-14   251    70     0
3103.13  3.86e-14  1.30e-14   250   136     0
3105.80  2.47e-14  8.26e-15   249    90     0
3108.47  6.23e-15  8.10e-15   248    22     0
3111.14  4.10e-14  1.22e-14   247   135     0
3113.80  3.05e-14  1.44e-14   246    98     0
3116.47  1.14e-14  1.04e-14   245    32     0
3119.14  4.67e-14  1.81e-14   244   128     0
3121.81  3.12e-14  1.84e-14   243    91     0
3124.48  2.03e-14  1.28e-14   242    58     0
3127.15  3.31e-14  1.70e-14   242    90     0
3129.82  8.22e-15  1.12e-14   241    22     0
3132.49  6.59e-15  1.00e-14   240    18     0
3135.16  4.52e-14  1.73e-14   239   127     0
3137.82  2.43e-14  1.27e-14   238    67     0
3140.49  2.86e-14  1.40e-14   237    70     0
3143.16  4.65e-14  1.53e-14   236   113     0
3145.83  8.01e-15  1.17e-14   235    19     0
3148.50  4.10e-14  2.28e-14   233    96     0
3151.17  1.03e-14  1.24e-14   232    23     0
3153.84  6.73e-14  2.24e-14   231   148     0
3156.51  3.12e-14  1.52e-14   230    78     0
3159.18  4.87e-14  2.06e-14   229   120     0
3161.84  4.09e-14  1.46e-14   228    98     0
3164.51  2.75e-14  1.65e-14   227    64     0
3167.18  4.22e-14  2.05e-14   226    96     0
3169.85  4.84e-14  2.04e-14   225   108     0
3172.52  4.13e-14  2.23e-14   224    81     0
3175.19  3.06e-14  1.99e-14   223    60     0
3177.86  5.42e-14  1.82e-14   221   104     0
3180.53  2.17e-14  1.56e-14   220    37     0
3183.20  7.73e-14  2.53e-14   219   130     0
3185.86  2.31e-14  1.31e-14   218    47     0
3188.53  2.43e-14  1.52e-14   217    48     0
3191.20  3.74e-14  1.61e-14   216    65     0
3193.87  1.50e-16  1.56e-14   214     0     0
3196.54  1.93e-14  2.48e-14   213    30     0
3199.21  4.49e-14  2.61e-14   212    67     0
3201.88  4.95e-14  1.67e-14   211    86     0
3204.55  1.42e-14  1.54e-14   210    24     0
3207.22  1.93e-14  1.90e-14   208    26     0
3209.88  4.15e-14  2.80e-14   207    55     0
3212.55  2.04e-14  2.22e-14   206    24     0
3215.22 -1.56e-14  2.26e-14   205   -17     0
3217.89 -6.77e-15  2.31e-14   203    -7     0
3220.56  3.80e-14  3.05e-14   202    56     0
3223.23  4.85e-14  3.38e-14   201    69     0
3225.90  3.94e-14  2.38e-14   200    43     0
3228.57  3.06e-14  2.36e-14   198    32     0
3231.24 -2.02e-14  2.19e-14   197   -23     0
3233.90 -1.43e-14  2.26e-14   196   -16     0
3236.57  1.37e-14  2.56e-14   195    13     0
3239.24  6.24e-14  4.15e-14   194    59     0
3241.91  2.56e-14  2.93e-14   192    21     0
3244.58  1.90e-14  3.37e-14   191    15     0
3247.25 -7.34e-14  3.75e-14   190   -48     0
3249.92 -7.90e-15  3.87e-14   189    -5     0
3252.59  7.24e-16  3.20e-14   187     0     0
3255.26  7.16e-14  5.14e-14   186    59     0
3257.92 -1.41e-15  3.02e-14   185    -1     0
3260.59 -3.09e-15  3.54e-14   184    -2     0
3263.26 -4.00e-14  3.63e-14   182   -26     0
3265.93  4.27e-14  4.76e-14   181    21     0
3268.60  4.80e-14  5.08e-14   180    23     0
3271.27  9.31e-14  5.06e-14   179    74     0
3273.94  9.51e-14  5.96e-14   178    73     0
3276.61  2.81e-14  6.03e-14   176    11     0
3279.28  1.66e-15  6.10e-14   175     0     0
3281.94 -1.64e-14  4.99e-14   174    -7     0
3284.61  8.95e-14  5.09e-14   173    42     0
3287.28  1.35e-13  4.51e-14   172    90     0
3289.95  5.41e-14  4.18e-14   171    35     0
3292.62  5.33e-14  4.15e-14   170    31     0
3295.29  1.33e-13  1.09e-13   168    53     0
3297.96  1.92e-13  1.09e-13   167    74     0
3300.63  7.08e-16  6.88e-14   166     0     0
3303.30  1.68e-13  8.26e-14   165    55     0
3305.96  1.41e-12  5.57e-13   164    85 -4096
3308.63  1.10e-12  1.11e-12   163    64 -4096
3311.30 -1.26e-13  1.73e-13   162   -19 -4096
3313.97  1.37e-13  1.58e-13   161    20     0
3316.64  1.01e-13  1.07e-13   160    22     0
3319.31  1.41e-13  1.11e-13   159    29     0
3321.98  1.60e-13  9.99e-14   158    37     0
3324.65  3.48e-13  1.17e-13   157    79     0
3327.32  2.06e-13  1.22e-13   156    74     0
3329.98  6.88e-14  6.81e-14   155    23     0
3332.65  1.54e-13  1.50e-13   155    24     0
3335.32  1.26e-13  1.77e-13   154    16     0
3337.99  2.22e-13  1.84e-13   153    28     0
3340.66  8.37e-13  5.71e-13   152    37     0
3343.33  5.07e-13  5.31e-13   151    22     0
3346.00  9.12e-15  1.77e-13   151     1     0
3348.67 -9.86e-14  1.83e-13   150   -12     0
