NOT ORIGINAL IUE PROJECT DATA PRODUCT
LWR08433LOWLARGE
HD  197481
20:42:04
-31:31:05
52
X-TRAIL
NO
3585.056
04/08/80
00:16:58
217
15.20
28/06/97
VILSPA
2444455.51178
66
31
1851.42  3.21e-14  5.49e-14   200     9     0
1854.09  6.30e-15  5.18e-14   200     1     0
1856.76  4.95e-14  5.30e-14   199    14     0
1859.42  8.71e-14  5.09e-14   199    27     0
1862.09 -8.40e-15  4.55e-14   198    -2     0
1864.76  2.25e-14  4.31e-14   198     8     0
1867.43  5.26e-14  4.20e-14   197    20     0
1870.10  2.39e-15  3.69e-14   197     1     0
1872.77  2.85e-14  3.48e-14   196    13     0
1875.44  2.39e-14  2.94e-14   196    13     0
1878.11  4.78e-15  2.68e-14   196     2     0
1880.78  3.83e-14  2.92e-14   195    21     0
1883.44  8.74e-15  2.70e-14   195     5     0
1886.11  6.55e-15  2.66e-14   194     3     0
1888.78  3.59e-14  2.60e-14   194    22     0
1891.45  4.86e-14  2.40e-14   194    34     0
1894.12  4.11e-14  2.31e-14   194    29     0
1896.79  7.69e-15  2.16e-14   193     5     0
1899.46  1.37e-15  2.09e-14   193     1     0
1902.13 -1.65e-14  2.08e-14   193   -12     0
1904.80 -4.02e-15  2.03e-14   193    -3     0
1907.46  5.69e-15  1.98e-14   192     4     0
1910.13 -5.12e-15  2.00e-14   192    -4     0
1912.80  8.06e-16  1.95e-14   192     0     0
1915.47  1.76e-14  1.80e-14   192    16     0
1918.14  1.66e-14  1.75e-14   192    16     0
1920.81  1.89e-15  1.58e-14   192     2     0
1923.48  2.83e-14  1.59e-14   191    31     0
1926.15  2.76e-15  1.72e-14   191     2     0
1928.82  1.53e-15  1.67e-14   191     1     0
1931.48  9.68e-15  1.54e-14   191    10     0
1934.15  1.48e-15  1.48e-14   191     1     0
1936.82  3.15e-15  1.37e-14   191     3     0
1939.49 -1.07e-14  1.33e-14   191   -13     0
1942.16  4.23e-15  1.34e-14   191     5     0
1944.83 -2.87e-15  1.30e-14   191    -3     0
1947.50  1.63e-14  1.29e-14   191    22     0
1950.17  1.90e-14  1.29e-14   191    26     0
1952.84  1.69e-14  1.26e-14   191    24     0
1955.50  5.91e-15  1.20e-14   191     8     0
1958.17  1.51e-14  1.20e-14   191    23     0
1960.84 -1.17e-14  1.14e-14   191   -18     0
1963.51 -4.45e-15  1.11e-14   191    -7     0
1966.18  7.37e-15  1.13e-14   192    11     0
1968.85 -8.47e-16  1.09e-14   192    -1     0
1971.52 -1.03e-15  1.10e-14   192    -1     0
1974.19 -2.83e-15  1.08e-14   192    -4     0
1976.86 -8.06e-16  1.02e-14   192    -1     0
1979.52 -7.29e-15  1.00e-14   192   -13     0
1982.19 -2.62e-15  1.01e-14   192    -4     0
1984.86 -2.20e-15  9.96e-15   193    -4     0
1987.53 -8.74e-16  1.01e-14   193    -1     0
1990.20  1.48e-14  1.03e-14   193    27     0
1992.87  6.23e-15  1.01e-14   193    11     0
1995.54  7.24e-15  1.00e-14   193    13     0
1998.21  4.77e-15  9.93e-15   194     9     0
2000.88  1.40e-15  9.30e-15   194     2     0
2003.54 -1.58e-15  9.28e-15   194    -3     0
2006.21  8.90e-15  9.67e-15   194    18     0
2008.88  2.01e-15  9.49e-15   195     4     0
2011.55 -9.08e-15  8.98e-15   195   -19     0
2014.22 -1.74e-15  8.94e-15   195    -3     0
2016.89  7.70e-16  8.83e-15   195     1     0
2019.56  3.70e-15  8.73e-15   196     8     0
2022.23 -1.15e-14  9.33e-15   196   -24     0
2024.90  7.34e-15  9.33e-15   196    16     0
2027.56  1.15e-14  9.05e-15   197    26     0
2030.23  2.03e-14  1.43e-14   197    49     0
2032.90  3.44e-15  8.41e-15   197     8     0
2035.57 -6.49e-15  8.94e-15   197   -14     0
2038.24  1.27e-14  9.21e-15   198    29     0
2040.91 -1.02e-14  8.56e-15   198   -24     0
2043.58 -6.95e-15  8.61e-15   199   -16     0
2046.25 -8.66e-15  9.07e-15   199   -20     0
2048.92 -1.02e-14  1.05e-14   199   -23 -4096
2051.58 -4.90e-15  1.00e-14   200   -12 -4096
2054.25 -7.01e-15  9.23e-15   200   -17     0
2056.92 -1.94e-15  8.79e-15   200    -4     0
2059.59  1.56e-15  8.58e-15   201     3     0
2062.26 -4.47e-15  9.16e-15   201   -10     0
2064.93 -9.60e-16  9.11e-15   202    -2     0
2067.60 -3.11e-15  8.40e-15   202    -8     0
2070.27 -3.30e-15  8.48e-15   202    -8     0
2072.94 -6.21e-15  8.45e-15   203   -16     0
2075.60 -1.82e-15  8.88e-15   203    -4     0
2078.27  4.91e-15  8.96e-15   204    12     0
2080.94 -2.23e-15  9.10e-15   204    -5     0
2083.61  1.26e-14  9.37e-15   204    31     0
2086.28 -2.84e-15  8.29e-15   205    -7     0
2088.95 -1.08e-14  8.37e-15   205   -29     0
2091.62  1.38e-15  9.43e-15   206     3     0
2094.29  1.94e-15  9.54e-15   206     4     0
2096.96 -6.34e-15  8.79e-15   207   -16     0
2099.62 -2.89e-15  8.87e-15   207    -7     0
2102.29  4.19e-15  9.35e-15   207    10     0
2104.96 -4.29e-15  9.37e-15   208   -10     0
2107.63 -1.51e-14  9.29e-15   208   -38     0
2110.30 -2.06e-15  9.40e-15   209    -5     0
2112.97 -1.22e-14  9.36e-15   209   -31     0
2115.64 -7.63e-16  1.02e-14   210    -1     0
2118.31 -5.61e-15  1.01e-14   210   -13     0
2120.98 -8.10e-16  9.44e-15   211    -2     0
2123.65  2.13e-15  9.48e-15   211     5     0
2126.31 -7.36e-15  9.60e-15   212   -18     0
2128.98 -1.37e-14  9.65e-15   212   -34     0
2131.65 -1.99e-14  9.40e-15   213   -52     0
2134.32  9.82e-16  9.46e-15   213     2     0
2136.99 -1.17e-14  9.77e-15   214   -29     0
2139.66  1.25e-15  9.81e-15   214     3     0
2142.33 -2.39e-15  9.49e-15   214    -6     0
2145.00 -1.31e-14  9.53e-15   215   -34     0
2147.67 -9.76e-15  1.02e-14   215   -24     0
2150.33 -8.78e-15  1.01e-14   216   -22     0
2153.00 -1.12e-14  1.01e-14   216   -28     0
2155.67 -7.83e-15  1.06e-14   217   -18     0
2158.34 -7.87e-15  1.06e-14   217   -19     0
2161.01 -1.18e-14  1.04e-14   218   -29     0
2163.68 -1.50e-16  1.04e-14   218     0     0
2166.35 -2.90e-15  1.02e-14   219    -7     0
2169.02 -1.57e-17  1.02e-14   219     0     0
2171.69 -4.92e-15  1.07e-14   220   -12     0
2174.35 -1.50e-14  1.08e-14   220   -36     0
2177.02 -1.12e-15  1.09e-14   221    -2     0
2179.69 -1.95e-15  1.09e-14   221    -4     0
2182.36 -5.65e-15  1.00e-14   222   -15     0
2185.03 -1.42e-15  1.04e-14   222    -3     0
2187.70 -4.79e-15  2.12e-14   223   -12     0
2190.37  1.09e-14  3.30e-14   223    29     0
2193.04 -1.96e-14  1.04e-14   224   -53     0
2195.71 -1.49e-14  1.05e-14   224   -38     0
2198.37 -1.03e-14  1.04e-14   225   -27     0
2201.04 -4.40e-15  1.04e-14   225   -11     0
2203.71 -1.06e-14  1.03e-14   226   -28     0
2206.38 -1.53e-14  1.04e-14   226   -41     0
2209.05  9.61e-15  1.04e-14   227    26     0
2211.72  7.87e-15  1.00e-14   227    22     0
2214.39 -8.22e-15  1.01e-14   228   -23     0
2217.06 -1.50e-14  1.10e-14   228   -38     0
2219.73 -1.71e-14  1.11e-14   229   -43     0
2222.39  1.64e-14  1.10e-14   229    43     0
2225.06  3.31e-15  1.08e-14   230     8     0
2227.73  3.01e-15  1.07e-14   230     8     0
2230.40 -8.14e-15  1.06e-14   230   -22     0
2233.07 -3.16e-15  1.05e-14   231    -8     0
2235.74  4.21e-15  1.03e-14   231    11     0
2238.41 -1.82e-14  1.01e-14   232   -52     0
2241.08 -1.77e-14  1.05e-14   232   -49     0
2243.75 -1.48e-14  1.04e-14   233   -41     0
2246.41  3.66e-15  9.46e-15   233    11     0
2249.08 -5.70e-15  9.34e-15   234   -18     0
2251.75  9.16e-15  9.61e-15   234    28     0
2254.42  5.20e-15  9.48e-15   235    16     0
2257.09 -1.36e-14  9.87e-15   235   -41     0
2259.76  5.51e-16  9.83e-15   236     1     0
2262.43 -9.90e-15  9.80e-15   236   -30     0
2265.10  8.68e-15  9.33e-15   237    28     0
2267.77 -3.84e-15  9.16e-15   237   -12     0
2270.43 -3.22e-15  8.73e-15   237   -11     0
2273.10 -1.53e-14  8.62e-15   238   -54     0
2275.77  1.26e-16  8.97e-15   238     0     0
2278.44 -8.95e-15  8.86e-15   239   -31     0
2281.11 -6.79e-16  9.82e-15   239    -2     0
2283.78  6.54e-16  9.71e-15   240     2     0
2286.45 -2.67e-15  7.71e-15   240   -10     0
2289.12 -3.39e-15  7.71e-15   240   -13     0
2291.79 -1.95e-15  8.31e-15   241    -7     0
2294.45  5.35e-15  8.38e-15   241    20     0
2297.12  1.68e-16  8.74e-15   242     0     0
2299.79  1.32e-14  8.91e-15   242    47     0
2302.46 -6.70e-15  8.29e-15   243   -25     0
2305.13  4.06e-15  8.86e-15   243    14     0
2307.80 -1.50e-15  8.59e-15   243    -5     0
2310.47  1.64e-14  8.34e-15   244    64     0
2313.14  8.76e-15  8.12e-15   244    35     0
2315.81 -6.04e-15  8.34e-15   245   -23     0
2318.47  2.67e-15  8.45e-15   245    10     0
2321.14 -5.75e-15  7.72e-15   245   -24     0
2323.81  1.89e-14  7.99e-15   246    80     0
2326.48  1.61e-14  7.11e-15   246    75     0
2329.15  1.29e-14  1.49e-14   247    61     0
2331.82  2.36e-15  6.94e-15   247    11     0
2334.49  9.48e-15  8.70e-15   247    45     0
2337.16  1.62e-14  7.80e-15   248    81     0
2339.83  1.41e-14  8.93e-15   248    71     0
2342.49  1.72e-14  7.06e-15   248    86     0
2345.16  4.10e-15  6.39e-15   249    21     0
2347.83  8.75e-15  6.39e-15   249    46     0
2350.50  1.91e-14  6.74e-15   250    98     0
2353.17  7.79e-15  6.50e-15   250    40     0
2355.84  1.06e-14  6.59e-15   250    55     0
2358.51  6.24e-15  6.44e-15   251    32     0
2361.18  2.92e-15  6.20e-15   251    15     0
2363.85 -2.25e-15  6.14e-15   251   -12     0
2366.51  8.70e-15  6.67e-15   252    44     0
2369.18  6.36e-15  6.73e-15   252    33     0
2371.85  5.62e-15  6.37e-15   252    30     0
2374.52  2.63e-14  1.38e-14   253   142     0
2377.19  1.78e-14  7.62e-15   253   101     0
2379.86  1.78e-14  6.25e-15   253   102     0
2382.53  8.74e-15  6.36e-15   254    47     0
2385.20  1.36e-14  6.58e-15   254    73     0
2387.87  2.66e-14  6.96e-15   254   143     0
2390.53  1.15e-14  6.67e-15   255    64     0
2393.20  2.65e-14  1.29e-14   255   148     0
2395.87  2.13e-14  5.99e-15   255   130     0
2398.54  8.81e-15  6.56e-15   255    54     0
2401.21  5.73e-15  5.91e-15   256    34     0
2403.88  7.74e-15  5.89e-15   256    46     0
2406.55  1.08e-14  5.84e-15   256    66     0
2409.22  1.47e-14  1.08e-14   257    91     0
2411.89  1.27e-14  9.35e-15   257    79     0
2414.55 -9.59e-16  5.60e-15   257    -6     0
2417.22  3.62e-15  5.73e-15   257    22     0
2419.89  9.32e-16  5.65e-15   258     5     0
2422.56  8.43e-15  6.07e-15   258    52     0
2425.23  6.96e-15  5.75e-15   258    45     0
2427.90  1.06e-14  6.26e-15   259    70     0
2430.57  1.78e-14  1.11e-14   259   116     0
2433.24  1.17e-15  5.36e-15   259     7     0
2435.91  5.78e-15  7.11e-15   259    37     0
2438.57  1.34e-14  7.10e-15   260    88     0
2441.24  3.20e-15  5.14e-15   260    22     0
2443.91  1.85e-14  1.26e-14   260   131     0
2446.58  8.58e-15  5.05e-15   260    62     0
2449.25  9.72e-15  5.53e-15   260    71     0
2451.92  8.20e-15  5.47e-15   261    62     0
2454.59  7.66e-16  4.66e-15   261     5     0
2457.26  1.18e-14  5.00e-15   261    87     0
2459.93 -7.22e-17  4.80e-15   261     0     0
2462.59 -1.83e-15  4.62e-15   262   -14     0
2465.26  4.28e-15  4.58e-15   262    34     0
2467.93  1.74e-14  6.38e-15   262   139     0
2470.60  4.44e-15  4.80e-15   262    34     0
2473.27  4.68e-15  4.76e-15   262    36     0
2475.94  1.20e-14  7.21e-15   263    94     0
2478.61  1.36e-14  7.59e-15   263   107     0
2481.28  6.98e-15  4.73e-15   263    55     0
2483.95  1.11e-14  5.29e-15   263    87     0
2486.61  1.38e-14  5.87e-15   263   116     0
2489.28  4.09e-15  4.39e-15   263    34     0
2491.95  9.77e-15  5.24e-15   264    71     0
2494.62  9.78e-15  5.17e-15   264    71     0
2497.29  3.68e-15  4.70e-15   264    29     0
2499.96 -2.39e-16  4.65e-15   264    -1     0
2502.63  7.15e-15  4.43e-15   264    61     0
2505.30  4.23e-15  8.97e-15   264    34     0
2507.97  6.72e-15  4.62e-15   265    55     0
2510.63  6.26e-15  4.28e-15   265    55     0
2513.30  4.19e-15  5.42e-15   265    37     0
2515.97  1.25e-14  8.64e-15   265   100     0
2518.64  1.09e-14  4.71e-15   265    89     0
2521.31  1.33e-14  4.62e-15   265   112     0
2523.98 -2.45e-15  4.40e-15   265   -20     0
2526.65  4.29e-15  4.25e-15   265    38     0
2529.32  6.81e-15  4.29e-15   266    60     0
2531.99  5.75e-15  4.26e-15   266    51     0
2534.65  3.62e-15  4.23e-15   266    32     0
2537.32  7.53e-15  4.03e-15   266    71     0
2539.99  2.64e-15  3.97e-15   266    25     0
2542.66  1.12e-14  3.98e-15   266   110     0
2545.33  8.01e-15  3.96e-15   266    78     0
2548.00  1.52e-14  7.93e-15   266   151     0
2550.67 -3.48e-15  4.00e-15   266   -32     0
2553.34  3.62e-15  4.17e-15   267    34     0
2556.01  8.04e-15  6.41e-15   267    76     0
2558.67  1.02e-14  7.68e-15   267    97     0
2561.34  6.54e-15  3.91e-15   267    64     0
2564.01  1.12e-14  4.46e-15   267   111     0
2566.68  5.42e-15  5.43e-15   267    57     0
2569.35 -1.70e-15  3.57e-15   267   -18     0
2572.02  9.85e-15  6.37e-15   267   101     0
2574.69  1.02e-14  4.36e-15   267   104     0
2577.36  1.87e-15  4.26e-15   267    18 -4096
2580.03  5.70e-15  3.99e-15   267    60 -4096
2582.69  5.76e-15  3.72e-15   267    61     0
2585.36  9.54e-15  4.21e-15   267    95     0
2588.03  1.12e-14  4.57e-15   267   113     0
2590.70  4.81e-15  3.69e-15   267    50     0
2593.37  1.08e-14  3.75e-15   268   114     0
2596.04  1.10e-14  3.68e-15   268   118     0
2598.71  1.62e-14  5.46e-15   268   176     0
2601.38  1.12e-14  3.70e-15   268   120     0
2604.05  9.88e-15  3.64e-15   268   107     0
2606.71  1.05e-14  4.61e-15   268   124     0
2609.38  9.03e-15  3.55e-15   268   108     0
2612.05  1.40e-14  5.06e-15   268   160     0
2614.72  2.11e-14  4.54e-15   268   245     0
2617.39  6.41e-15  3.42e-15   268    73     0
2620.06  1.11e-14  3.59e-15   268   131     0
2622.73  1.39e-14  3.93e-15   268   164     0
2625.40  1.84e-14  5.20e-15   268   212     0
2628.07  1.42e-14  5.02e-15   268   164     0
2630.73  1.74e-14  4.68e-15   268   206     0
2633.40  1.16e-14  5.27e-15   268   137     0
2636.07  8.04e-15  4.98e-15   268    92     0
2638.74  1.39e-14  3.53e-15   268   159     0
2641.41  2.65e-15  3.19e-15   268    32     0
2644.08  2.69e-15  3.18e-15   268    32     0
2646.75  2.07e-15  3.34e-15   268    23     0
2649.42 -7.10e-16  3.33e-15   268    -8     0
2652.09  8.75e-16  4.05e-15   268    10     0
2654.75  1.48e-15  3.17e-15   268    17     0
2657.42 -2.10e-16  3.24e-15   268    -2     0
2660.09  7.02e-15  3.12e-15   268    88     0
2662.76  1.87e-15  3.08e-15   268    23     0
2665.43  2.01e-15  3.06e-15   268    25     0
2668.10  2.00e-15  3.05e-15   268    25     0
2670.77  2.63e-15  3.02e-15   268    33     0
2673.44  2.39e-15  3.00e-15   268    30     0
2676.11 -3.60e-15  3.01e-15   268   -45     0
2678.77 -2.34e-16  2.97e-15   267    -3     0
2681.44  2.46e-15  2.97e-15   267    31     0
2684.11 -7.00e-16  2.92e-15   267    -9     0
2686.78 -4.45e-15  2.93e-15   267   -58     0
2689.45  1.42e-15  3.06e-15   267    18     0
2692.12  4.89e-15  3.10e-15   267    61     0
2694.79 -1.63e-15  3.04e-15   267   -20     0
2697.46  3.13e-15  3.32e-15   267    36     0
2700.13  2.14e-15  2.87e-15   267    28     0
2702.79  4.59e-15  2.91e-15   267    61     0
2705.46 -2.43e-15  3.03e-15   267   -30     0
2708.13  6.14e-15  3.76e-15   267    77     0
2710.80  3.88e-15  2.94e-15   267    50     0
2713.47  2.99e-15  2.92e-15   267    39     0
2716.14  3.51e-15  2.99e-15   267    45     0
2718.81  4.50e-15  3.68e-15   267    58     0
2721.48 -1.93e-16  3.04e-15   267    -2     0
2724.15  7.99e-15  3.12e-15   267   100     0
2726.81  1.50e-14  5.39e-15   266   204     0
2729.48  2.01e-15  2.79e-15   266    27     0
2732.15  2.70e-16  2.99e-15   266     3     0
2734.82  1.11e-14  4.04e-15   266   141     0
2737.49  6.06e-15  2.93e-15   266    80     0
2740.16  6.65e-15  3.04e-15   266    86     0
2742.83  1.97e-14  5.69e-15   266   256     0
2745.50  1.00e-14  3.77e-15   266   134     0
2748.17  7.77e-15  2.91e-15   266   104     0
2750.83  8.65e-15  3.14e-15   266   114     0
2753.50  1.94e-14  4.43e-15   266   256     0
2756.17  1.19e-14  3.47e-15   266   163     0
2758.84  4.08e-15  2.81e-15   265    55     0
2761.51  8.62e-15  2.99e-15   265   115     0
2764.18  9.16e-15  2.94e-15   265   121     0
2766.85  8.42e-15  3.05e-15   265   108     0
2769.52  1.04e-15  2.91e-15   265    13     0
2772.19  2.51e-15  2.95e-15   265    32     0
2774.85 -7.06e-16  2.93e-15   265    -9     0
2777.52  2.57e-15  2.96e-15   265    33     0
2780.19  8.76e-16  3.15e-15   265    11 -4096
2782.86 -1.82e-15  3.16e-15   265   -23 -4096
2785.53  6.57e-15  3.04e-15   264    86     0
2788.20  1.61e-14  4.39e-15   264   211     0
2790.87  3.60e-14  9.86e-15   264   499     0
2793.54  5.32e-14  1.30e-14   264   736     0
2796.21  7.01e-14  1.64e-14   264   915     0
2798.87  8.88e-14  2.10e-14   264  1157     0
2801.54  7.88e-14  1.95e-14   264  1061     0
2804.21  7.77e-14  2.25e-14   264  1043     0
2806.88  3.64e-14  1.09e-14   264   458     0
2809.55  2.63e-14  9.01e-15   263   329     0
2812.22  1.29e-14  6.74e-15   263   171     0
2814.89  4.23e-15  2.82e-15   263    56     0
2817.56  1.66e-15  2.90e-15   263    22     0
2820.23  3.41e-15  2.81e-15   263    45     0
2822.90  2.49e-15  2.80e-15   263    32     0
2825.56  1.02e-14  3.12e-15   263   124     0
2828.23  5.17e-15  3.06e-15   263    62     0
2830.90  8.81e-15  3.14e-15   262   106     0
2833.57  1.01e-14  3.14e-15   262   122     0
2836.24  3.78e-15  2.96e-15   262    46     0
2838.91  3.70e-15  2.97e-15   262    45     0
2841.58  1.13e-14  3.34e-15   262   161     0
2844.25  3.47e-15  2.58e-15   262    49     0
2846.92  7.80e-15  2.86e-15   262   102     0
2849.58  1.13e-14  4.15e-15   262   147     0
2852.25  6.22e-15  3.52e-15   261    81     0
2854.92  6.06e-15  2.88e-15   261    79     0
2857.59  1.08e-14  4.86e-15   261   141     0
2860.26  9.47e-15  3.54e-15   261   122     0
2862.93  7.77e-15  3.78e-15   261   100     0
2865.60  1.03e-14  2.87e-15   261   139     0
2868.27  9.06e-15  3.64e-15   261   121     0
2870.94  8.13e-15  3.08e-15   261   103     0
2873.60  6.37e-15  3.65e-15   260    80     0
2876.27  5.88e-15  3.20e-15   260    71     0
2878.94  1.30e-14  4.83e-15   260   158     0
2881.61  1.14e-14  3.34e-15   260   144     0
2884.28  7.91e-15  3.14e-15   260    99     0
2886.95  8.07e-15  2.92e-15   260   101     0
2889.62  8.85e-15  3.06e-15   260   110     0
2892.29  7.29e-15  2.92e-15   259    90     0
2894.96  8.42e-15  3.49e-15   259   104     0
2897.62  4.48e-15  2.94e-15   259    54     0
2900.29  1.37e-14  4.29e-15   259   175     0
2902.96  2.60e-15  2.77e-15   259    33     0
2905.63  1.02e-14  6.47e-15   259   114     0
2908.30  7.25e-15  4.59e-15   259    80     0
2910.97  8.27e-15  3.68e-15   258    96     0
2913.64  7.29e-15  3.13e-15   258    84     0
2916.31  4.45e-15  2.97e-15   258    52     0
2918.98  9.70e-15  4.79e-15   258   113     0
2921.64  9.64e-15  3.36e-15   258   103     0
2924.31  1.20e-14  5.42e-15   258   126     0
2926.98  1.47e-14  4.10e-15   258   161     0
2929.65  1.40e-14  5.21e-15   258   152     0
2932.32  7.24e-15  3.88e-15   257    82     0
2934.99  1.12e-14  3.16e-15   257   127     0
2937.66  7.73e-15  3.74e-15   257    78     0
2940.33  1.07e-14  3.66e-15   257   120     0
2943.00  3.95e-15  3.05e-15   257    44     0
2945.66  1.22e-14  3.66e-15   257   128     0
2948.33  8.61e-15  5.60e-15   257    90     0
2951.00  1.22e-14  5.34e-15   256   127     0
2953.67  1.84e-14  5.20e-15   256   191     0
2956.34  1.14e-14  3.21e-15   256   126     0
2959.01  1.08e-14  3.71e-15   256   119     0
2961.68  8.60e-15  3.53e-15   256    86     0
2964.35  1.00e-14  3.54e-15   256    99     0
2967.02  8.84e-15  3.90e-15   256    90     0
2969.68  1.12e-14  3.43e-15   255   113     0
2972.35  1.02e-14  4.22e-15   255   100     0
2975.02  1.72e-14  4.27e-15   255   158     0
2977.69  1.34e-14  4.91e-15   255   121     0
2980.36  1.20e-14  5.00e-15   255   117     0
2983.03  5.72e-15  3.48e-15   255    55     0
2985.70  9.56e-15  3.56e-15   254    90     0
2988.37  1.71e-14  3.75e-15   254   161     0
2991.04  1.70e-14  4.01e-15   254   153     0
2993.70  1.49e-14  5.66e-15   254   133     0
2996.37  1.42e-14  5.41e-15   254   133     0
2999.04  9.02e-15  3.59e-15   254    84     0
3001.71  7.54e-15  7.42e-15   254    66     0
3004.38  1.94e-14  7.74e-15   253   170     0
3007.05  8.66e-15  3.48e-15   253    82     0
3009.72  1.42e-14  4.41e-15   253   133     0
3012.39  1.09e-14  4.34e-15   253    90     0
3015.06  3.39e-15  3.95e-15   253    27     0
3017.72  7.36e-15  4.07e-15   253    58     0
3020.39  9.44e-15  3.89e-15   253    79     0
3023.06  6.89e-15  3.89e-15   252    57     0
3025.73  4.65e-15  3.91e-15   252    37     0
3028.40  4.50e-15  3.97e-15   252    36     0
3031.07  7.39e-15  4.16e-15   252    56     0
3033.74  1.47e-14  5.83e-15   252   111     0
3036.41  2.47e-15  4.73e-15   252    18     0
3039.08  8.71e-15  4.74e-15   251    64     0
3041.74  1.31e-14  7.27e-15   251    98     0
3044.41  1.22e-14  4.51e-15   251    90     0
3047.08  2.77e-15  4.83e-15   251    17     0
3049.75  2.31e-14  8.16e-15   251   146     0
3052.42  2.15e-15  4.71e-15   251    14     0
3055.09  1.12e-14  7.49e-15   251    76     0
3057.76  1.81e-14  6.23e-15   250   121     0
3060.43  2.06e-15  4.70e-15   250    13     0
3063.10  1.76e-14  5.59e-15   250   112     0
3065.76  1.70e-14  7.41e-15   250   111     0
3068.43  1.43e-14  6.59e-15   250    91     0
3071.10  1.10e-14  5.86e-15   250    67     0
3073.77  6.88e-15  5.52e-15   249    41     0
3076.44  4.60e-15  4.83e-15   249    29     0
3079.11  1.63e-14  6.55e-15   249   101     0
3081.78  2.17e-14  5.70e-15   249   121     0
3084.45  2.27e-14  6.79e-15   249   124     0
3087.12  2.12e-14  6.53e-15   249   108     0
3089.78  1.62e-14  6.12e-15   248    81     0
3092.45  1.28e-14  6.35e-15   248    68     0
3095.12  8.42e-15  6.41e-15   248    40     0
3097.79  2.58e-14  1.05e-14   248   120     0
3100.46  1.38e-14  8.43e-15   248    67     0
3103.13  1.85e-14  8.02e-15   248    88     0
3105.80  1.56e-14  6.05e-15   247    77     0
3108.47  3.14e-15  5.96e-15   247    15     0
3111.14  2.48e-14  8.43e-15   247   111     0
3113.80  2.99e-15  8.11e-15   247    13     0
3116.47  4.14e-16  7.61e-15   247     1     0
3119.14  3.17e-14  9.52e-15   247   118     0
3121.81  9.91e-15  7.39e-15   246    39     0
3124.48  9.36e-15  7.40e-15   246    36     0
3127.15  1.80e-14  9.29e-15   246    66     0
3129.82  1.96e-14  8.11e-15   246    71     0
3132.49  1.17e-15  7.40e-15   246     4     0
3135.16  3.64e-14  1.05e-14   246   138     0
3137.82  1.46e-14  9.15e-15   245    54     0
3140.49  8.76e-15  8.46e-15   245    29     0
3143.16  2.54e-14  8.91e-15   245    83     0
3145.83  7.94e-15  8.71e-15   245    25     0
3148.50  3.06e-14  1.49e-14   245    97     0
3151.17 -3.34e-15  9.13e-15   244   -10     0
3153.84  3.80e-14  1.38e-14   244   113     0
3156.51  1.72e-14  8.33e-15   244    58     0
3159.18  1.14e-14  9.31e-15   244    38     0
3161.84  1.11e-14  8.58e-15   244    36     0
3164.51  1.47e-14  1.41e-14   243    46     0
3167.18  1.87e-14  1.30e-14   243    58     0
3169.85  2.37e-14  1.54e-14   243    72     0
3172.52  3.56e-14  1.67e-14   243    95     0
3175.19  1.67e-14  1.23e-14   243    45     0
3177.86  1.50e-14  1.05e-14   242    39     0
3180.53  1.62e-14  1.16e-14   242    38     0
3183.20  2.76e-14  1.33e-14   242    63     0
3185.86  1.13e-14  9.73e-15   242    31     0
3188.53  1.79e-14  1.10e-14   241    48     0
3191.20  2.31e-14  1.17e-14   241    54     0
3193.87  5.24e-15  1.17e-14   241    12     0
3196.54  6.75e-15  1.49e-14   241    14     0
3199.21  2.42e-14  1.88e-14   241    49     0
3201.88  1.88e-14  1.15e-14   240    44     0
3204.55  1.38e-14  1.17e-14   240    31     0
3207.22  1.87e-14  1.46e-14   240    34     0
3209.88  1.20e-14  1.54e-14   240    21     0
3212.55  3.45e-16  1.66e-14   239     0     0
3215.22 -1.60e-14  1.71e-14   239   -24     0
3217.89 -9.73e-15  1.75e-14   239   -14     0
3220.56  3.60e-14  1.48e-14   239    71     0
3223.23  3.25e-14  1.58e-14   238    63     0
3225.90  3.92e-14  2.36e-14   238    58     0
3228.57  4.35e-14  1.94e-14   238    63     0
3231.24  3.94e-15  1.66e-14   237     6     0
3233.90 -6.18e-15  1.93e-14   237    -9     0
3236.57  4.59e-14  2.00e-14   237    60     0
3239.24  2.15e-14  2.00e-14   237    27     0
3241.91  1.93e-15  2.21e-14   236     2     0
3244.58  1.64e-14  2.28e-14   236    18     0
3247.25 -3.15e-14  2.85e-14   236   -28     0
3249.92  3.55e-14  4.16e-14   235    30     0
3252.59  3.82e-15  2.27e-14   235     4     0
3255.26  1.67e-14  2.29e-14   235    18     0
3257.92 -2.34e-14  2.30e-14   235   -25     0
3260.59 -5.98e-15  2.68e-14   234    -5     0
3263.26 -3.89e-14  2.77e-14   234   -35     0
3265.93  5.21e-14  3.67e-14   234    36     0
3268.60  5.30e-14  3.81e-14   233    35     0
3271.27  6.64e-14  3.76e-14   233    71     0
3273.94  8.66e-14  5.43e-14   233    90     0
3276.61  7.70e-14  6.87e-14   232    41     0
3279.28 -6.69e-16  4.67e-14   232     0     0
3281.94  1.90e-15  3.76e-14   232     1     0
3284.61  7.48e-14  4.15e-14   231    48     0
3287.28  9.94e-14  4.36e-14   231    89     0
3289.95  5.43e-14  2.85e-14   230    48     0
3292.62  5.48e-14  3.18e-14   230    43     0
3295.29 -7.01e-15  6.72e-14   230    -3     0
3297.96  1.06e-13  6.36e-14   229    55     0
3300.63  5.65e-14  5.35e-14   229    26     0
3303.30  1.29e-13  8.89e-14   229    57     0
3305.96  6.10e-13  5.48e-13   228    49 -4096
3308.63  7.52e-13  7.91e-13   228    59 -4096
3311.30 -1.06e-13  1.33e-13   227   -21 -4096
3313.97 -2.48e-14  1.24e-13   227    -4     0
3316.64  8.57e-14  8.25e-14   226    25     0
3319.31  5.61e-14  8.46e-14   226    16     0
3321.98  1.03e-13  7.67e-14   226    32     0
3324.65  5.92e-14  7.89e-14   225    18     0
3327.32  1.10e-13  6.99e-14   225    53     0
3329.98  8.86e-14  5.23e-14   224    41     0
3332.65  2.40e-13  1.40e-13   224    52     0
3335.32  2.10e-14  1.35e-13   223     3     0
3337.99  6.49e-14  1.40e-13   223    11     0
3340.66 -1.65e-14  3.92e-13   222    -1     0
3343.33  3.47e-13  4.08e-13   222    20     0
3346.00 -8.95e-14  1.36e-13   221   -15     0
3348.67  8.15e-14  1.41e-13   221    13     0
