NOT ORIGINAL IUE PROJECT DATA PRODUCT
LWR08450LOWLARGE
HD  197481
20:42:06
-31:31:05
48
X-TRAIL
NO
2687.857
06/08/80
10:48:16
219
17.23
15/06/97
GSFC
2444457.95019
66
31
1851.42  1.70e-13  7.95e-14   223    35     0
1854.09  3.47e-14  7.31e-14   222     7     0
1856.76  7.46e-14  7.44e-14   222    16     0
1859.42  7.97e-14  7.06e-14   221    18     0
1862.09  1.42e-14  6.39e-14   221     3     0
1864.76 -2.33e-14  5.99e-14   220    -6     0
1867.43  6.04e-14  5.87e-14   219    17     0
1870.10  3.66e-14  5.24e-14   219    11     0
1872.77  1.64e-14  4.82e-14   218     5     0
1875.44  6.02e-14  4.16e-14   218    24     0
1878.11  7.65e-15  3.77e-14   218     3     0
1880.78  2.70e-14  4.03e-14   217    11     0
1883.44  1.18e-14  3.79e-14   217     5     0
1886.11  1.76e-14  3.75e-14   217     7     0
1888.78 -1.76e-14  3.56e-14   216    -8     0
1891.45  1.86e-15  3.24e-14   216     0     0
1894.12  6.11e-14  3.24e-14   216    32     0
1896.79  2.57e-14  3.06e-14   215    14     0
1899.46  2.57e-14  2.98e-14   215    14     0
1902.13  1.50e-14  2.94e-14   215     8     0
1904.80 -6.42e-15  2.85e-14   215    -3     0
1907.46  4.16e-14  2.84e-14   215    25     0
1910.13  4.55e-14  2.90e-14   215    27     0
1912.80  1.92e-14  2.76e-14   215    11     0
1915.47  1.80e-14  2.51e-14   214    12     0
1918.14  1.81e-15  2.42e-14   214     1     0
1920.81  1.51e-14  2.23e-14   214    11     0
1923.48  4.03e-14  2.23e-14   214    32     0
1926.15  1.48e-14  2.43e-14   214    10     0
1928.82  1.74e-14  2.37e-14   214    13     0
1931.48  8.96e-15  2.14e-14   214     7     0
1934.15  4.65e-14  2.16e-14   214    39     0
1936.82  2.48e-14  1.96e-14   215    22     0
1939.49  2.23e-14  1.91e-14   215    21     0
1942.16  1.52e-14  1.90e-14   215    14     0
1944.83  2.28e-14  1.87e-14   215    22     0
1947.50  2.44e-14  1.81e-14   215    24     0
1950.17  5.41e-15  1.76e-14   215     5     0
1952.84  4.12e-14  1.80e-14   215    43     0
1955.50  6.21e-15  1.69e-14   216     6     0
1958.17  2.56e-14  1.68e-14   216    28     0
1960.84 -2.53e-16  1.59e-14   216     0     0
1963.51  5.67e-16  1.56e-14   216     0     0
1966.18 -1.38e-14  1.57e-14   216   -16     0
1968.85  7.40e-15  1.55e-14   217     9     0
1971.52  2.18e-14  1.57e-14   217    26     0
1974.19  2.68e-15  1.51e-14   217     3     0
1976.86  1.09e-14  1.45e-14   217    14     0
1979.52  1.08e-14  1.42e-14   218    14     0
1982.19  7.21e-15  1.43e-14   218     9     0
1984.86  1.94e-14  1.43e-14   218    26     0
1987.53 -2.60e-15  1.42e-14   219    -3     0
1990.20  1.20e-14  1.43e-14   219    16     0
1992.87  9.26e-15  1.41e-14   219    12     0
1995.54  2.83e-14  1.44e-14   220    40     0
1998.21  8.07e-15  1.40e-14   220    11     0
2000.88 -2.07e-14  1.30e-14   220   -31     0
2003.54 -8.77e-15  1.30e-14   221   -13     0
2006.21  2.63e-14  1.39e-14   221    39     0
2008.88  9.86e-15  1.34e-14   222    14     0
2011.55  4.96e-15  1.27e-14   222     7     0
2014.22  1.01e-14  1.27e-14   222    16     0
2016.89  9.09e-15  1.25e-14   223    14     0
2019.56  1.45e-14  1.24e-14   223    24     0
2022.23  8.61e-15  1.32e-14   224    13     0
2024.90  8.01e-15  1.29e-14   224    12     0
2027.56 -2.12e-15  1.25e-14   224    -3     0
2030.23  4.08e-15  1.18e-14   225     7     0
2032.90 -8.17e-15  1.17e-14   225   -14     0
2035.57  2.13e-16  1.25e-14   226     0     0
2038.24 -1.79e-16  1.26e-14   226     0     0
2040.91 -7.33e-15  1.20e-14   227   -13     0
2043.58  3.07e-16  1.21e-14   227     0     0
2046.25 -5.09e-15  1.30e-14   228    -8     0
2048.92 -1.07e-14  1.44e-14   228   -18 -4096
2051.58 -3.16e-15  1.37e-14   228    -5 -4096
2054.25 -3.91e-15  1.30e-14   229    -7     0
2056.92 -1.23e-14  1.23e-14   229   -22     0
2059.59 -1.07e-14  1.20e-14   230   -19     0
2062.26 -4.39e-15  1.28e-14   230    -7     0
2064.93 -2.29e-15  1.28e-14   231    -4     0
2067.60 -1.29e-15  1.18e-14   231    -2     0
2070.27  7.65e-15  1.20e-14   232    14     0
2072.94  7.99e-15  1.19e-14   232    15     0
2075.60  9.18e-15  1.25e-14   233    16     0
2078.27  3.74e-15  1.25e-14   233     6     0
2080.94 -5.41e-16  1.27e-14   234     0     0
2083.61 -6.62e-15  1.28e-14   234   -11     0
2086.28 -2.04e-15  1.17e-14   235    -4     0
2088.95 -5.59e-15  1.17e-14   235   -11     0
2091.62 -1.29e-14  1.32e-14   236   -22     0
2094.29  4.55e-15  1.34e-14   236     8     0
2096.96  1.20e-15  1.23e-14   237     2     0
2099.62  8.25e-16  1.24e-14   237     1     0
2102.29 -7.81e-15  1.30e-14   237   -14     0
2104.96  1.61e-14  1.34e-14   238    29     0
2107.63  2.24e-15  1.30e-14   238     4     0
2110.30  7.96e-15  1.32e-14   239    14     0
2112.97 -1.47e-14  1.31e-14   239   -27     0
2115.64 -2.99e-15  1.42e-14   240    -5     0
2118.31 -1.92e-14  1.41e-14   240   -33     0
2120.98 -6.61e-16  1.32e-14   241    -1     0
2123.65  1.48e-15  1.32e-14   241     2     0
2126.31 -1.10e-14  1.34e-14   242   -20     0
2128.98 -8.42e-15  1.35e-14   242   -15     0
2131.65 -2.83e-15  1.31e-14   243    -5     0
2134.32 -5.67e-15  1.32e-14   243   -10     0
2136.99 -6.98e-15  1.36e-14   244   -13     0
2139.66 -1.06e-14  1.37e-14   244   -19     0
2142.33 -1.18e-14  1.32e-14   245   -22     0
2145.00 -1.24e-14  1.33e-14   245   -24     0
2147.67 -4.21e-15  1.44e-14   245    -7     0
2150.33 -6.36e-15  1.41e-14   246   -11     0
2153.00 -2.68e-14  1.41e-14   246   -49     0
2155.67 -1.32e-14  1.48e-14   247   -23     0
2158.34 -5.36e-15  1.48e-14   247    -9     0
2161.01 -3.11e-14  1.44e-14   248   -57     0
2163.68 -1.92e-14  1.44e-14   248   -35     0
2166.35 -2.52e-15  1.42e-14   249    -4     0
2169.02  5.50e-15  1.43e-14   249    10     0
2171.69 -1.27e-14  1.49e-14   249   -22     0
2174.35 -2.40e-14  1.50e-14   250   -43     0
2177.02 -1.82e-15  1.52e-14   250    -3     0
2179.69 -7.36e-15  1.52e-14   251   -13     0
2182.36 -1.19e-14  1.39e-14   251   -23     0
2185.03  1.38e-14  1.47e-14   252    26     0
2187.70  1.61e-14  3.75e-14   252    30     0
2190.37 -2.74e-14  1.48e-14   252   -54     0
2193.04 -1.19e-14  1.41e-14   253   -24     0
2195.71  2.64e-16  1.46e-14   253     0     0
2198.37  3.78e-15  1.45e-14   254     7     0
2201.04 -1.80e-14  1.45e-14   254   -35     0
2203.71  1.06e-15  1.43e-14   254     2     0
2206.38 -1.08e-14  1.45e-14   255   -21     0
2209.05 -1.00e-14  1.44e-14   255   -19     0
2211.72 -8.40e-15  1.38e-14   256   -17     0
2214.39 -5.19e-15  1.40e-14   256   -10     0
2217.06 -6.64e-15  1.52e-14   256   -12     0
2219.73 -2.32e-14  1.54e-14   257   -43     0
2222.39  2.20e-14  1.61e-14   257    42     0
2225.06 -1.45e-14  1.50e-14   257   -28     0
2227.73 -5.52e-15  1.49e-14   258   -10     0
2230.40 -1.89e-14  1.47e-14   258   -37     0
2233.07 -1.25e-14  1.45e-14   258   -25     0
2235.74 -9.67e-15  1.43e-14   259   -20     0
2238.41 -1.98e-14  1.41e-14   259   -41     0
2241.08 -1.89e-14  1.46e-14   260   -38     0
2243.75 -1.55e-14  1.44e-14   260   -32     0
2246.41  1.87e-14  1.33e-14   260    42     0
2249.08 -1.55e-14  1.29e-14   261   -36     0
2251.75 -3.67e-15  1.32e-14   261    -8     0
2254.42 -8.09e-16  1.31e-14   261    -1     0
2257.09 -2.28e-14  1.37e-14   261   -50     0
2259.76 -1.54e-14  1.36e-14   262   -34     0
2262.43 -1.67e-16  1.36e-14   262     0     0
2265.10 -5.80e-15  1.27e-14   262   -13     0
2267.77  7.16e-15  1.29e-14   263    17     0
2270.43 -5.96e-15  1.21e-14   263   -15     0
2273.10 -1.39e-14  1.19e-14   263   -36     0
2275.77  1.12e-15  1.24e-14   264     2     0
2278.44 -7.00e-15  1.23e-14   264   -17     0
2281.11 -1.38e-16  1.36e-14   264     0     0
2283.78  1.37e-14  1.35e-14   264    31     0
2286.45  5.64e-15  1.07e-14   265    16     0
2289.12  9.51e-16  1.07e-14   265     2     0
2291.79  6.54e-15  1.25e-14   265    18     0
2294.45 -5.79e-15  1.15e-14   266   -16     0
2297.12 -4.18e-15  1.22e-14   266   -11     0
2299.79 -1.00e-14  1.21e-14   266   -26     0
2302.46  5.72e-15  1.22e-14   266    16     0
2305.13 -2.27e-15  1.20e-14   267    -6     0
2307.80 -3.68e-15  1.19e-14   267   -10     0
2310.47  1.65e-14  1.14e-14   267    47     0
2313.14  1.75e-14  1.13e-14   267    51     0
2315.81  8.63e-15  1.16e-14   268    24     0
2318.47  7.57e-15  1.14e-14   268    21     0
2321.14 -8.71e-15  1.06e-14   268   -26     0
2323.81  2.33e-14  1.34e-14   268    72     0
2326.48  2.56e-14  1.07e-14   268    88     0
2329.15  1.69e-14  1.82e-14   269    59     0
2331.82 -7.48e-17  9.57e-15   269     0     0
2334.49  1.82e-14  1.01e-14   269    63     0
2337.16  2.54e-14  9.61e-15   269    93     0
2339.83  2.78e-14  1.21e-14   270   104     0
2342.49  2.07e-14  1.06e-14   270    76     0
2345.16 -2.48e-15  8.74e-15   270    -9     0
2347.83  6.25e-15  8.69e-15   270    24     0
2350.50  2.29e-14  1.01e-14   270    86     0
2353.17  4.70e-15  8.87e-15   271    17     0
2355.84  8.72e-15  9.09e-15   271    33     0
2358.51  4.62e-15  8.77e-15   271    17     0
2361.18 -1.19e-14  8.51e-15   271   -47     0
2363.85 -4.59e-16  8.45e-15   271    -1     0
2366.51  6.32e-15  1.03e-14   271    23     0
2369.18  3.95e-15  9.00e-15   272    15     0
2371.85  9.54e-15  1.56e-14   272    37     0
2374.52  4.12e-14  1.22e-14   272   163     0
2377.19  1.89e-14  8.47e-15   272    78     0
2379.86  8.63e-15  8.28e-15   272    36     0
2382.53  1.20e-15  8.62e-15   272     4     0
2385.20  1.26e-14  8.95e-15   273    49     0
2387.87  4.79e-14  1.27e-14   273   190     0
2390.53  2.24e-14  1.18e-14   273    91     0
2393.20  3.62e-14  1.44e-14   273   148     0
2395.87  2.31e-14  8.11e-15   273   103     0
2398.54  1.80e-14  1.21e-14   273    81     0
2401.21  1.77e-14  8.66e-15   274    77     0
2403.88  5.79e-15  8.04e-15   274    25     0
2406.55  1.11e-14  7.96e-15   274    50     0
2409.22  2.67e-14  1.36e-14   274   121     0
2411.89  1.80e-14  7.99e-15   274    82     0
2414.55  7.88e-15  7.78e-15   274    36     0
2417.22  6.66e-15  7.91e-15   274    30     0
2419.89 -6.59e-16  7.76e-15   274    -3     0
2422.56  1.25e-14  8.01e-15   275    56     0
2425.23  5.50e-15  7.45e-15   275    26     0
2427.90  1.66e-14  1.48e-14   275    81     0
2430.57  2.27e-14  1.05e-14   275   109     0
2433.24  7.03e-16  7.35e-15   275     3     0
2435.91  6.57e-15  7.57e-15   275    31     0
2438.57  1.50e-14  1.02e-14   275    73     0
2441.24 -3.25e-15  7.03e-15   275   -16     0
2443.91  2.70e-14  2.77e-14   276   141     0
2446.58  1.02e-14  7.00e-15   276    54     0
2449.25  1.30e-14  6.88e-15   276    70     0
2451.92  1.09e-14  6.60e-15   276    61     0
2454.59  8.08e-15  6.49e-15   276    46     0
2457.26  1.66e-14  6.84e-15   276    91     0
2459.93 -4.95e-15  6.58e-15   276   -27     0
2462.59 -4.92e-15  6.33e-15   276   -28     0
2465.26  8.49e-15  6.31e-15   276    49     0
2467.93  2.34e-14  6.62e-15   277   138     0
2470.60  1.35e-14  6.67e-15   277    76     0
2473.27  1.49e-14  6.67e-15   277    84     0
2475.94  2.52e-14  1.23e-14   277   145     0
2478.61  2.30e-14  1.15e-14   277   132     0
2481.28  1.30e-14  6.53e-15   277    75     0
2483.95  1.26e-14  6.52e-15   277    73     0
2486.61  6.68e-15  6.03e-15   277    41     0
2489.28  1.53e-15  5.96e-15   277     9     0
2491.95  1.77e-14  7.30e-15   277    94     0
2494.62  1.05e-14  7.05e-15   278    56     0
2497.29  7.09e-15  6.47e-15   278    41     0
2499.96  3.47e-15  6.38e-15   278    20     0
2502.63  1.06e-14  6.03e-15   278    66     0
2505.30  1.35e-14  9.54e-15   278    80     0
2507.97  1.78e-14  6.41e-15   278   107     0
2510.63  4.35e-15  5.80e-15   278    28     0
2513.30  1.08e-14  7.33e-15   278    71     0
2515.97  2.00e-14  9.47e-15   278   118     0
2518.64  2.12e-14  6.58e-15   278   126     0
2521.31  9.07e-15  6.20e-15   278    55     0
2523.98 -9.26e-16  6.03e-15   279    -5     0
2526.65  4.13e-15  5.80e-15   279    27     0
2529.32  1.00e-14  5.91e-15   279    65     0
2531.99  7.25e-15  5.81e-15   279    47     0
2534.65  5.37e-15  5.92e-15   279    35     0
2537.32  1.16e-14  5.55e-15   279    80     0
2539.99  7.10e-15  5.48e-15   279    49     0
2542.66  1.87e-14  5.64e-15   279   135     0
2545.33  1.43e-14  5.53e-15   279   102     0
2548.00  1.68e-14  5.47e-15   279   122     0
2550.67  3.30e-15  5.50e-15   279    22     0
2553.34  5.66e-15  8.16e-15   279    40     0
2556.01  1.20e-14  7.16e-15   280    83     0
2558.67  1.38e-14  8.23e-15   280    97     0
2561.34  4.06e-15  5.29e-15   280    29     0
2564.01  1.48e-14  6.16e-15   280   107     0
2566.68  1.84e-14  1.02e-14   280   143     0
2569.35  2.57e-15  4.89e-15   280    20     0
2572.02  1.26e-14  6.01e-15   280    95     0
2574.69  2.06e-14  6.05e-15   280   154 -4096
2577.36  9.49e-15  5.92e-15   280    68 -4096
2580.03  5.86e-15  5.41e-15   280    45     0
2582.69  6.99e-15  5.09e-15   280    54     0
2585.36  1.48e-14  7.45e-15   280   108     0
2588.03  1.64e-14  5.39e-15   280   121     0
2590.70  9.72e-15  5.09e-15   281    74     0
2593.37  1.88e-14  6.62e-15   281   146     0
2596.04  1.33e-14  5.02e-15   281   105     0
2598.71  2.63e-14  9.67e-15   281   211     0
2601.38  1.95e-14  5.16e-15   281   153     0
2604.05  3.00e-14  7.86e-15   281   238     0
2606.71  2.31e-14  5.34e-15   281   200     0
2609.38  9.31e-15  4.72e-15   281    81     0
2612.05  2.51e-14  5.53e-15   281   211     0
2614.72  2.79e-14  7.15e-15   281   237     0
2617.39  1.55e-14  4.98e-15   281   130     0
2620.06  2.30e-14  7.14e-15   281   199     0
2622.73  2.41e-14  4.83e-15   281   210     0
2625.40  2.55e-14  7.21e-15   282   216     0
2628.07  2.75e-14  9.05e-15   282   234     0
2630.73  3.95e-14  7.24e-15   282   345     0
2633.40  2.27e-14  7.49e-15   282   198     0
2636.07  1.25e-14  7.39e-15   282   105     0
2638.74  1.03e-14  4.74e-15   282    86     0
2641.41  2.42e-15  4.35e-15   282    21     0
2644.08  6.35e-15  4.61e-15   282    56     0
2646.75  3.19e-15  4.58e-15   282    26     0
2649.42  2.74e-15  4.59e-15   282    23     0
2652.09  3.71e-15  4.43e-15   282    32     0
2654.75  6.74e-15  4.44e-15   282    59     0
2657.42 -2.09e-15  4.44e-15   283   -18     0
2660.09  8.56e-15  4.26e-15   283    79     0
2662.76  2.77e-15  4.18e-15   283    25     0
2665.43  1.50e-15  4.18e-15   283    13     0
2668.10  4.11e-15  4.20e-15   283    38     0
2670.77  1.21e-14  4.26e-15   283   113     0
2673.44  6.56e-15  4.15e-15   283    61     0
2676.11  3.22e-15  4.16e-15   283    30     0
2678.77 -1.43e-15  4.08e-15   283   -13     0
2681.44 -1.62e-15  4.04e-15   283   -15     0
2684.11 -2.63e-15  4.00e-15   283   -25     0
2686.78 -6.62e-15  4.02e-15   283   -63     0
2689.45  5.94e-15  4.04e-15   283    57     0
2692.12  1.08e-14  4.30e-15   283    99     0
2694.79  2.00e-15  4.19e-15   284    18     0
2697.46  1.34e-14  4.68e-15   284   114     0
2700.13  4.86e-15  3.96e-15   284    47     0
2702.79  4.33e-15  3.97e-15   284    42     0
2705.46 -2.88e-16  4.16e-15   284    -2     0
2708.13  1.27e-14  4.68e-15   284   117     0
2710.80  2.90e-15  4.01e-15   284    27     0
2713.47  3.53e-15  3.99e-15   284    34     0
2716.14  9.74e-15  5.03e-15   284    91     0
2718.81  7.27e-15  4.14e-15   284    68     0
2721.48  3.59e-16  4.17e-15   284     3     0
2724.15  1.24e-14  5.32e-15   284   114     0
2726.81  1.53e-14  5.23e-15   284   152     0
2729.48  3.01e-15  3.84e-15   285    30     0
2732.15  7.34e-15  4.23e-15   285    68     0
2734.82  1.46e-14  7.11e-15   285   136     0
2737.49  1.08e-14  4.06e-15   285   105     0
2740.16  8.66e-15  5.39e-15   285    82     0
2742.83  2.29e-14  7.51e-15   285   217     0
2745.50  7.97e-15  3.94e-15   285    78     0
2748.17  1.32e-14  4.02e-15   285   130     0
2750.83  2.02e-14  4.51e-15   285   196     0
2753.50  2.73e-14  7.79e-15   285   265     0
2756.17  2.09e-14  5.33e-15   285   209     0
2758.84  1.22e-14  3.94e-15   285   121     0
2761.51  9.47e-15  4.92e-15   285    92     0
2764.18  1.12e-14  5.91e-15   285   109     0
2766.85  1.36e-14  4.20e-15   285   128     0
2769.52  4.85e-15  4.04e-15   285    45     0
2772.19  8.27e-15  4.41e-15   285    77     0
2774.85  4.65e-15  4.12e-15   286    43     0
2777.52  1.22e-14  4.23e-15   286   116     0
2780.19  1.38e-14  5.08e-15   286   131 -4096
2782.86  4.54e-15  4.68e-15   286    43 -4096
2785.53  1.60e-14  5.70e-15   286   154     0
2788.20  1.05e-14  4.03e-15   286   101     0
2790.87  1.96e-14  7.51e-15   286   199     0
2793.54  6.62e-14  1.60e-14   286   672     0
2796.21  1.21e-13  2.61e-14   286  1156     0
2798.87  1.57e-13  3.38e-14   286  1504     0
2801.54  1.35e-13  2.80e-14   286  1331     0
2804.21  1.27e-13  2.73e-14   286  1250     0
2806.88  9.10e-14  1.78e-14   286   839     0
2809.55  4.10e-14  1.08e-14   286   377     0
2812.22  1.48e-14  6.80e-15   286   145     0
2814.89  1.24e-14  4.21e-15   286   120     0
2817.56  9.24e-15  4.74e-15   286    90     0
2820.23  6.03e-15  3.87e-15   286    58     0
2822.90  8.14e-15  3.91e-15   286    78     0
2825.56  1.81e-14  4.51e-15   286   162     0
2828.23  2.39e-15  4.14e-15   286    21     0
2830.90  9.44e-15  4.26e-15   286    83     0
2833.57  9.75e-15  4.26e-15   286    86     0
2836.24 -5.36e-17  4.02e-15   286     0     0
2838.91  5.68e-15  4.41e-15   286    51     0
2841.58  1.20e-14  4.85e-15   286   125     0
2844.25  9.12e-15  3.65e-15   286    95     0
2846.92  1.57e-14  4.02e-15   286   150     0
2849.58  1.79e-14  4.67e-15   286   171     0
2852.25  6.07e-15  3.88e-15   286    58     0
2854.92  1.30e-14  5.95e-15   286   125     0
2857.59  9.75e-15  4.31e-15   286    93     0
2860.26  1.42e-14  5.38e-15   286   135     0
2862.93  1.49e-14  4.41e-15   286   141     0
2865.60  9.23e-15  3.81e-15   286    91     0
2868.27  1.54e-14  4.11e-15   286   152     0
2870.94  5.25e-15  4.22e-15   286    48     0
2873.60  1.56e-14  6.68e-15   286   144     0
2876.27 -3.93e-16  4.01e-15   286    -3     0
2878.94  1.76e-14  4.26e-15   286   157     0
2881.61  1.15e-14  5.52e-15   286   107     0
2884.28  2.11e-14  5.46e-15   286   195     0
2886.95  1.33e-14  4.95e-15   286   122     0
2889.62  9.15e-15  4.37e-15   286    84     0
2892.29  1.22e-14  4.21e-15   286   111     0
2894.96  5.53e-15  7.11e-15   286    50     0
2897.62  9.23e-15  4.76e-15   286    82     0
2900.29  1.92e-14  6.17e-15   286   179     0
2902.96  3.32e-15  3.82e-15   286    30     0
2905.63  1.48e-14  7.09e-15   285   120     0
2908.30  4.71e-15  4.47e-15   285    38     0
2910.97  4.76e-15  4.44e-15   285    40     0
2913.64  1.04e-14  4.40e-15   285    88     0
2916.31  7.96e-15  4.50e-15   285    69     0
2918.98  1.31e-14  5.79e-15   285   112     0
2921.64  1.52e-14  5.16e-15   285   120     0
2924.31  2.07e-14  7.38e-15   285   161     0
2926.98  2.54e-14  7.06e-15   285   204     0
2929.65  2.11e-14  8.40e-15   285   168     0
2932.32  1.49e-14  8.96e-15   285   124     0
2934.99  1.72e-14  4.73e-15   284   143     0
2937.66  8.95e-15  4.81e-15   284    66     0
2940.33  1.20e-14  4.59e-15   284    99     0
2943.00  6.29e-15  4.55e-15   284    52     0
2945.66  1.27e-14  5.96e-15   284    98     0
2948.33  1.41e-14  4.64e-15   284   108     0
2951.00  1.88e-14  6.30e-15   284   144     0
2953.67  2.41e-14  7.72e-15   283   183     0
2956.34  1.59e-14  4.41e-15   283   129     0
2959.01  1.50e-14  4.73e-15   283   121     0
2961.68  1.39e-14  7.26e-15   283   102     0
2964.35  1.06e-14  5.26e-15   283    77     0
2967.02  6.94e-15  5.36e-15   283    52     0
2969.68  1.15e-14  4.85e-15   282    85     0
2972.35  1.57e-14  5.66e-15   282   112     0
2975.02  2.25e-14  5.48e-15   282   151     0
2977.69  2.20e-14  9.01e-15   282   147     0
2980.36  1.45e-14  7.95e-15   282   103     0
2983.03  7.78e-15  5.11e-15   282    55     0
2985.70  7.67e-15  4.83e-15   281    53     0
2988.37  2.59e-14  5.35e-15   281   179     0
2991.04  2.28e-14  5.39e-15   281   151     0
2993.70  1.27e-14  6.33e-15   281    83     0
2996.37  2.54e-14  7.90e-15   280   176     0
2999.04  4.89e-15  4.82e-15   280    33     0
3001.71  9.85e-15  8.63e-15   280    63     0
3004.38  3.28e-14  1.07e-14   280   211     0
3007.05  1.88e-14  7.46e-15   279   131     0
3009.72  1.50e-14  4.91e-15   279   103     0
3012.39  1.13e-14  5.45e-15   279    69     0
3015.06  8.55e-15  7.44e-15   279    50     0
3017.72  1.29e-14  7.28e-15   278    75     0
3020.39  1.46e-14  7.62e-15   278    90     0
3023.06  8.11e-15  5.34e-15   278    49     0
3025.73  7.43e-15  6.56e-15   278    44     0
3028.40  1.79e-14  7.26e-15   277   105     0
3031.07  1.19e-14  5.91e-15   277    67     0
3033.74  1.73e-14  6.40e-15   277    96     0
3036.41  6.11e-15  6.88e-15   276    33     0
3039.08  1.06e-14  7.17e-15   276    57     0
3041.74  8.97e-15  9.94e-15   276    49     0
3044.41  2.25e-14  8.12e-15   275   122     0
3047.08  6.22e-15  6.69e-15   275    29     0
3049.75  2.42e-14  9.21e-15   275   112     0
3052.42  9.00e-15  6.49e-15   274    43     0
3055.09  2.44e-14  1.19e-14   274   121     0
3057.76  2.88e-14  1.16e-14   274   141     0
3060.43 -2.86e-15  6.67e-15   273   -13     0
3063.10  1.58e-14  6.79e-15   273    73     0
3065.76  2.14e-14  1.15e-14   272   102     0
3068.43  1.40e-14  9.59e-15   272    66     0
3071.10  2.67e-14  8.54e-15   272   120     0
3073.77  1.37e-14  7.62e-15   271    60     0
3076.44  1.63e-14  1.24e-14   271    75     0
3079.11  2.34e-14  1.11e-14   270   106     0
3081.78  1.55e-14  7.62e-15   270    63     0
3084.45  2.65e-14  1.25e-14   270   106     0
3087.12  2.44e-14  8.92e-15   269    91     0
3089.78  1.85e-14  1.28e-14   269    68     0
3092.45  1.13e-14  8.16e-15   268    44     0
3095.12 -1.77e-15  8.73e-15   268    -6     0
3097.79  1.96e-14  1.31e-14   267    67     0
3100.46  1.53e-14  1.17e-14   267    54     0
3103.13  2.08e-14  8.69e-15   267    72     0
3105.80  1.64e-14  8.35e-15   266    59     0
3108.47  1.58e-14  1.07e-14   266    56     0
3111.14  5.03e-14  1.28e-14   265   165     0
3113.80  8.57e-15  1.36e-14   265    27     0
3116.47 -1.21e-15  1.13e-14   264    -3     0
3119.14  4.20e-14  1.77e-14   264   114     0
3121.81  2.31e-14  1.58e-14   263    67     0
3124.48  7.54e-15  1.04e-14   263    21     0
3127.15  2.11e-14  1.23e-14   262    57     0
3129.82  9.08e-15  1.09e-14   262    24     0
3132.49 -5.74e-15  1.02e-14   261   -16     0
3135.16  3.97e-14  1.71e-14   261   111     0
3137.82  2.01e-15  1.20e-14   260     5     0
3140.49  7.26e-15  1.15e-14   260    17     0
3143.16  2.62e-14  1.20e-14   259    63     0
3145.83 -7.85e-16  1.19e-14   259    -1     0
3148.50  4.66e-14  2.41e-14   258   108     0
3151.17  2.47e-14  1.56e-14   257    55     0
3153.84  5.06e-14  1.94e-14   257   110     0
3156.51  1.38e-14  1.14e-14   256    34     0
3159.18  3.83e-14  1.71e-14   256    93     0
3161.84  1.79e-14  1.26e-14   255    42     0
3164.51  1.88e-14  2.11e-14   255    43     0
3167.18  3.61e-14  1.90e-14   254    82     0
3169.85  3.60e-14  1.36e-14   253    80     0
3172.52  5.37e-14  2.49e-14   253   105     0
3175.19  2.26e-14  1.41e-14   252    44     0
3177.86  4.00e-14  1.47e-14   252    76     0
3180.53  2.65e-14  2.06e-14   251    45     0
3183.20  7.06e-14  2.50e-14   251   118     0
3185.86  2.57e-14  1.39e-14   250    52     0
3188.53  4.01e-14  1.82e-14   249    80     0
3191.20  2.67e-14  1.96e-14   249    46     0
3193.87 -5.26e-15  1.66e-14   248    -8     0
3196.54  4.89e-14  2.94e-14   248    75     0
3199.21  5.09e-14  2.28e-14   247    76     0
3201.88  6.12e-14  2.06e-14   246   105     0
3204.55  2.47e-14  1.61e-14   246    41   -16
3207.22  3.41e-14  1.98e-14   245    46   -16
3209.88  1.74e-14  2.95e-14   244    23   -16
3212.55  3.02e-14  3.79e-14   244    35   -16
3215.22  3.14e-14  3.86e-14   243    35   -16
3217.89  3.28e-14  3.48e-14   243    35   -16
3220.56  5.18e-14  3.19e-14   242    75   -16
3223.23  2.31e-14  2.04e-14   241    33   -16
3225.90  3.68e-15  3.74e-14   241     4   -16
3228.57  6.04e-15  4.56e-14   240     6   -16
3231.24 -3.15e-14  2.75e-14   239   -35   -16
3233.90  1.83e-14  4.72e-14   239    20   -16
3236.57  2.92e-14  5.13e-14   238    28   -16
3239.24  3.89e-14  3.59e-14   238    36   -16
3241.91  6.96e-15  3.13e-14   237     5   -16
3244.58  3.25e-14  4.39e-14   236    26   -16
3247.25  2.58e-14  5.81e-14   236    16   -16
3249.92  1.67e-13  7.43e-14   235   105   -16
3252.59  8.24e-14  5.44e-14   234    67   -16
3255.26  5.23e-14  3.97e-14   234    43   -16
3257.92  2.82e-14  3.76e-14   233    22   -16
3260.59  6.68e-15  4.56e-14   233     4   -16
3263.26 -4.78e-14  5.35e-14   232   -31   -16
3265.93  1.63e-14  8.11e-14   231     8   -16
3268.60  9.85e-14  1.21e-13   231    48   -16
3271.27  4.95e-14  6.09e-14   230    39   -16
3273.94  4.90e-14  9.01e-14   229    37   -16
3276.61  1.05e-13  1.37e-13   229    41   -16
3279.28 -7.82e-14  1.30e-13   228   -30   -16
3281.94  4.88e-14  9.08e-14   228    23   -16
3284.61  4.54e-14  6.64e-14   227    21   -16
3287.28  3.76e-14  5.64e-14   226    24   -16
3289.95 -2.04e-14  3.77e-14   226   -13   -16
3292.62  8.31e-17  5.85e-14   225     0   -16
3295.29 -1.49e-15  1.11e-13   225     0     0
3297.96  1.08e-13  6.97e-14   224    41     0
3300.63  7.20e-14  7.33e-14   224    24     0
3303.30  1.10e-13  1.21e-13   223    36     0
3305.96  5.62e-13  4.64e-13   222    33 -4096
3308.63  1.19e-12  9.04e-13   222    69 -4096
3311.30  1.77e-13  1.78e-13   221    26 -4096
3313.97  6.57e-15  1.64e-13   221     0     0
3316.64  4.89e-14  1.11e-13   220    10     0
3319.31 -2.62e-14  1.14e-13   220    -5     0
3321.98  5.30e-14  1.03e-13   219    12     0
3324.65  2.66e-13  1.10e-13   219    60     0
3327.32  1.68e-13  1.19e-13   218    60     0
3329.98  2.76e-15  7.07e-14   218     0     0
3332.65  2.28e-13  1.77e-13   217    36     0
3335.32  3.49e-14  1.84e-13   217     4     0
3337.99 -1.06e-13  1.90e-13   217   -13     0
3340.66  2.90e-13  5.34e-13   216    13     0
3343.33  2.35e-13  5.51e-13   216    10     0
3346.00  6.23e-14  1.86e-13   215     8     0
3348.67  5.46e-14  1.91e-13   215     6     0
