NOT ORIGINAL IUE PROJECT DATA PRODUCT
LWR08441LOWLARGE
HD  197481
20:42:06
-31:31:05
48
X-TRAIL
NO
2687.857
05/08/80
05:37:39
218
16.90
12/09/97
GSFC
2444456.73448
0
30
1851.42 -1.22e-14  7.22e-14   185    -2     0
1854.09 -1.41e-14  6.87e-14   185    -3     0
1856.76  7.83e-14  7.06e-14   184    17     0
1859.42  8.63e-14  6.71e-14   184    20     0
1862.09  4.57e-14  6.12e-14   183    11     0
1864.76 -3.55e-14  5.67e-14   183    -9     0
1867.43  7.32e-14  5.58e-14   183    20     0
1870.10 -2.32e-14  4.90e-14   182    -7     0
1872.77  3.63e-14  4.62e-14   182    12     0
1875.44  2.92e-14  3.89e-14   181    11     0
1878.11  4.87e-15  3.56e-14   181     2     0
1880.78  9.88e-15  3.79e-14   181     4     0
1883.44 -2.80e-14  3.57e-14   180   -12     0
1886.11  5.15e-14  3.63e-14   180    23     0
1888.78  4.25e-14  3.45e-14   180    19     0
1891.45  3.18e-14  3.13e-14   180    16     0
1894.12  6.13e-14  3.09e-14   179    32     0
1896.79  3.48e-15  2.86e-14   179     1     0
1899.46 -7.77e-15  2.78e-14   179    -4     0
1902.13 -3.69e-15  2.77e-14   179    -2     0
1904.80 -8.22e-15  2.70e-14   178    -4     0
1907.46 -5.82e-15  2.62e-14   178    -3     0
1910.13  9.08e-15  2.67e-14   178     5     0
1912.80 -9.08e-16  2.59e-14   178     0     0
1915.47  5.86e-15  2.36e-14   178     4     0
1918.14  8.50e-15  2.30e-14   178     6     0
1920.81 -1.04e-15  2.10e-14   178     0     0
1923.48  2.64e-14  2.10e-14   177    21     0
1926.15  9.74e-15  2.30e-14   177     7     0
1928.82 -1.36e-14  2.22e-14   177   -10     0
1931.48  1.63e-14  2.05e-14   177    13     0
1934.15  8.94e-15  1.98e-14   177     7     0
1936.82 -1.47e-15  1.82e-14   177    -1     0
1939.49 -7.10e-15  1.77e-14   177    -6     0
1942.16  6.47e-15  1.78e-14   177     6     0
1944.83  2.56e-14  1.78e-14   177    25     0
1947.50  4.83e-15  1.68e-14   177     4     0
1950.17  1.62e-14  1.69e-14   177    16     0
1952.84  2.37e-14  1.67e-14   177    25     0
1955.50 -6.11e-15  1.59e-14   177    -6     0
1958.17  4.99e-15  1.56e-14   177     5     0
1960.84 -6.33e-15  1.51e-14   177    -7     0
1963.51  3.01e-15  1.48e-14   177     3     0
1966.18  1.19e-14  1.51e-14   177    14     0
1968.85  6.53e-15  1.47e-14   177     8     0
1971.52  2.07e-14  1.49e-14   177    25     0
1974.19  5.57e-15  1.44e-14   177     7     0
1976.86  9.27e-15  1.37e-14   177    12     0
1979.52 -2.18e-15  1.34e-14   177    -2     0
1982.19  6.26e-16  1.34e-14   177     0     0
1984.86  3.04e-14  1.38e-14   178    42     0
1987.53  1.49e-14  1.37e-14   178    20     0
1990.20  2.77e-14  1.39e-14   178    38     0
1992.87 -4.69e-16  1.33e-14   178     0     0
1995.54 -9.73e-15  1.32e-14   178   -13     0
1998.21 -1.46e-15  1.31e-14   178    -2     0
2000.88 -1.61e-14  1.24e-14   178   -24     0
2003.54 -1.13e-16  1.24e-14   178     0     0
2006.21  2.22e-14  1.31e-14   179    33     0
2008.88 -4.99e-15  1.26e-14   179    -7     0
2011.55 -5.89e-15  1.19e-14   179    -9     0
2014.22  4.51e-15  1.19e-14   179     7     0
2016.89 -3.78e-15  1.17e-14   179    -6     0
2019.56 -5.62e-15  1.16e-14   179    -9     0
2022.23 -1.73e-14  1.24e-14   179   -27     0
2024.90  7.58e-15  1.23e-14   180    12     0
2027.56  5.04e-15  1.19e-14   180     8     0
2030.23 -8.92e-15  1.11e-14   180   -16     0
2032.90 -7.85e-15  1.11e-14   180   -14     0
2035.57  4.00e-15  1.19e-14   180     6     0
2038.24  4.61e-15  1.20e-14   181     7     0
2040.91 -7.25e-15  1.14e-14   181   -13     0
2043.58  2.21e-17  1.15e-14   181     0     0
2046.25 -1.39e-15  1.23e-14   181    -2     0
2048.92 -2.29e-15  1.36e-14   181    -3 -4096
2051.58  2.25e-15  1.33e-14   182     4 -4096
2054.25  1.01e-14  1.24e-14   182    18     0
2056.92 -4.41e-16  1.17e-14   182     0     0
2059.59  1.07e-14  1.16e-14   182    19     0
2062.26 -8.99e-15  1.22e-14   183   -15     0
2064.93 -5.18e-15  1.21e-14   183    -9     0
2067.60 -3.18e-15  1.12e-14   183    -6     0
2070.27 -2.25e-15  1.13e-14   183    -4     0
2072.94 -3.99e-15  1.12e-14   183    -7     0
2075.60 -5.89e-15  1.18e-14   184   -10     0
2078.27  3.67e-15  1.19e-14   184     6     0
2080.94 -3.44e-15  1.21e-14   184    -6     0
2083.61  1.35e-14  1.24e-14   184    24     0
2086.28 -2.49e-15  1.10e-14   185    -5     0
2088.95 -6.93e-15  1.11e-14   185   -13     0
2091.62 -1.19e-15  1.25e-14   185    -2     0
2094.29  7.69e-15  1.28e-14   185    13     0
2096.96 -4.80e-15  1.17e-14   186    -9     0
2099.62 -2.33e-15  1.18e-14   186    -4     0
2102.29  5.87e-15  1.24e-14   186    10     0
2104.96  5.03e-15  1.25e-14   186     9     0
2107.63 -1.19e-14  1.23e-14   187   -22     0
2110.30  4.84e-15  1.26e-14   187     9     0
2112.97 -1.28e-15  1.24e-14   187    -2     0
2115.64  5.14e-15  1.35e-14   187     8     0
2118.31  1.20e-17  1.34e-14   188     0     0
2120.98 -2.52e-15  1.25e-14   188    -4     0
2123.65  2.59e-14  1.30e-14   188    49     0
2126.31 -7.60e-15  1.28e-14   188   -14     0
2128.98  3.28e-15  1.28e-14   189     6     0
2131.65  2.48e-15  1.25e-14   189     4     0
2134.32  3.32e-15  1.26e-14   189     6     0
2136.99  3.32e-15  1.30e-14   189     6     0
2139.66  9.32e-15  1.32e-14   190    17     0
2142.33  2.26e-16  1.26e-14   190     0     0
2145.00 -9.06e-15  1.27e-14   190   -17     0
2147.67 -5.52e-15  1.36e-14   190   -10     0
2150.33 -6.81e-15  1.34e-14   191   -12     0
2153.00 -2.30e-14  1.34e-14   191   -42     0
2155.67 -1.19e-14  1.41e-14   191   -21     0
2158.34  6.72e-15  1.42e-14   192    12     0
2161.01 -9.94e-15  1.38e-14   192   -18     0
2163.68 -3.09e-16  1.38e-14   192     0     0
2166.35  3.35e-15  1.36e-14   192     6     0
2169.02 -1.29e-16  1.36e-14   193     0     0
2171.69 -8.63e-15  1.42e-14   193   -15     0
2174.35 -2.80e-16  1.43e-14   193     0     0
2177.02 -1.37e-14  1.44e-14   193   -24     0
2179.69 -2.30e-14  1.45e-14   194   -41     0
2182.36 -9.37e-15  1.33e-14   194   -18     0
2185.03  7.61e-15  1.39e-14   194    14     0
2187.70 -1.33e-14  1.45e-14   194   -25     0
2190.37  1.48e-14  2.56e-14   195    29     0
2193.04 -2.23e-14  1.38e-14   195   -45     0
2195.71 -8.35e-16  1.40e-14   195    -1     0
2198.37 -5.44e-15  1.38e-14   195   -10     0
2201.04 -1.84e-14  1.38e-14   196   -35     0
2203.71 -7.60e-15  1.37e-14   196   -15     0
2206.38 -1.47e-16  1.38e-14   196     0     0
2209.05  4.56e-15  1.37e-14   196     9     0
2211.72 -8.45e-15  1.32e-14   197   -17     0
2214.39 -1.38e-14  1.33e-14   197   -28     0
2217.06 -2.23e-15  1.46e-14   197    -4     0
2219.73 -1.62e-14  1.47e-14   197   -30     0
2222.39  1.31e-14  1.44e-14   198    25     0
2225.06  6.22e-15  1.44e-14   198    12     0
2227.73 -2.98e-15  1.42e-14   198    -5     0
2230.40 -2.12e-14  1.40e-14   198   -42     0
2233.07 -3.71e-15  1.39e-14   199    -7     0
2235.74  3.31e-15  1.37e-14   199     6     0
2238.41 -9.52e-15  1.35e-14   199   -20     0
2241.08 -1.83e-14  1.40e-14   199   -37     0
2243.75 -2.07e-14  1.38e-14   199   -43     0
2246.41  8.41e-15  1.26e-14   200    19     0
2249.08 -3.32e-15  1.24e-14   200    -7     0
2251.75  1.86e-15  1.26e-14   200     4     0
2254.42 -2.11e-15  1.26e-14   200    -4     0
2257.09 -1.28e-14  1.34e-14   201   -28     0
2259.76  1.47e-15  1.33e-14   201     3     0
2262.43  9.27e-15  1.31e-14   201    21     0
2265.10  4.26e-15  1.22e-14   201    10     0
2267.77  5.83e-15  1.22e-14   202    14     0
2270.43  1.03e-15  1.16e-14   202     2     0
2273.10 -6.62e-15  1.14e-14   202   -17     0
2275.77  2.66e-15  1.19e-14   202     6     0
2278.44 -1.21e-14  1.18e-14   202   -30     0
2281.11 -5.00e-15  1.30e-14   203   -11     0
2283.78  8.03e-15  1.29e-14   203    18     0
2286.45 -5.69e-16  1.02e-14   203    -1     0
2289.12  3.55e-15  1.02e-14   203    10     0
2291.79  5.03e-15  1.11e-14   203    13     0
2294.45  1.13e-15  1.10e-14   204     3     0
2297.12  4.90e-15  1.16e-14   204    13     0
2299.79 -6.12e-16  1.16e-14   204    -1     0
2302.46  3.86e-15  1.10e-14   204    10     0
2305.13 -9.88e-15  1.15e-14   204   -26     0
2307.80 -1.32e-15  1.14e-14   205    -3     0
2310.47  7.02e-15  1.08e-14   205    20     0
2313.14  1.30e-14  1.08e-14   205    38     0
2315.81  1.49e-14  1.12e-14   205    42     0
2318.47  2.40e-14  1.16e-14   205    69     0
2321.14 -8.26e-15  1.02e-14   206   -25     0
2323.81  4.25e-14  1.13e-14   206   133     0
2326.48  3.77e-14  1.06e-14   206   131     0
2329.15  2.44e-14  1.91e-14   206    86     0
2331.82  2.71e-15  9.21e-15   206     9     0
2334.49  2.40e-14  1.13e-14   207    84     0
2337.16  1.96e-14  8.91e-15   207    72     0
2339.83  1.74e-14  8.87e-15   207    65     0
2342.49  9.15e-15  8.81e-15   207    34     0
2345.16  7.19e-15  8.50e-15   207    27     0
2347.83  1.20e-14  8.47e-15   207    47     0
2350.50  2.30e-14  8.91e-15   208    87     0
2353.17  1.85e-15  8.53e-15   208     7     0
2355.84  7.87e-16  8.51e-15   208     3     0
2358.51  1.33e-14  8.66e-15   208    51     0
2361.18 -1.47e-15  8.21e-15   208    -5     0
2363.85  1.61e-16  8.15e-15   208     0     0
2366.51  1.14e-14  8.85e-15   209    43     0
2369.18  1.99e-14  9.86e-15   209    76     0
2371.85  1.34e-14  1.06e-14   209    53     0
2374.52  3.47e-14  1.55e-14   209   138     0
2377.19  1.47e-14  8.12e-15   209    61     0
2379.86  6.87e-15  7.99e-15   209    29     0
2382.53  7.21e-15  8.40e-15   210    29     0
2385.20  1.36e-14  8.67e-15   210    53     0
2387.87  3.50e-14  8.94e-15   210   139     0
2390.53  1.64e-14  8.64e-15   210    67     0
2393.20  3.41e-14  1.42e-14   210   141     0
2395.87  1.41e-14  7.74e-15   210    63     0
2398.54  1.85e-14  8.20e-15   211    84     0
2401.21  1.14e-14  7.90e-15   211    50     0
2403.88  1.12e-14  7.85e-15   211    49     0
2406.55  1.32e-14  7.72e-15   211    59     0
2409.22  1.71e-14  1.20e-14   211    78     0
2411.89  1.63e-14  9.17e-15   211    74     0
2414.55  5.91e-15  7.48e-15   211    27     0
2417.22  8.18e-15  7.68e-15   212    37     0
2419.89 -1.12e-15  7.51e-15   212    -5     0
2422.56  1.59e-14  7.83e-15   212    72     0
2425.23  1.34e-14  7.28e-15   212    65     0
2427.90  1.37e-14  1.00e-14   212    67     0
2430.57  1.27e-14  1.37e-14   212    61     0
2433.24 -5.57e-15  7.12e-15   212   -27     0
2435.91  4.13e-15  7.29e-15   212    19     0
2438.57  1.33e-14  7.61e-15   213    65     0
2441.24 -3.07e-15  6.81e-15   213   -15     0
2443.91  3.04e-14  2.00e-14   213   159     0
2446.58  6.11e-15  6.63e-15   213    32     0
2449.25  9.15e-15  6.59e-15   213    49     0
2451.92  8.19e-15  6.34e-15   213    46     0
2454.59  3.50e-16  6.19e-15   213     2     0
2457.26  2.19e-14  6.72e-15   213   121     0
2459.93 -4.25e-15  6.38e-15   214   -23     0
2462.59 -7.35e-15  6.13e-15   214   -42     0
2465.26  3.97e-15  6.06e-15   214    23     0
2467.93  8.20e-15  6.09e-15   214    48     0
2470.60  3.69e-16  6.30e-15   214     2     0
2473.27  6.52e-15  6.35e-15   214    37     0
2475.94  1.37e-14  6.72e-15   214    79     0
2478.61  1.59e-14  6.76e-15   214    92     0
2481.28  8.71e-15  6.27e-15   214    50     0
2483.95  1.59e-14  6.74e-15   215    93     0
2486.61  1.16e-14  5.91e-15   215    72     0
2489.28  5.05e-15  5.83e-15   215    31     0
2491.95  6.04e-15  6.80e-15   215    32     0
2494.62  8.08e-15  6.80e-15   215    43     0
2497.29  2.31e-15  6.22e-15   215    13     0
2499.96  5.80e-17  6.18e-15   215     0     0
2502.63  3.15e-15  5.74e-15   215    20     0
2505.30  6.21e-15  1.16e-14   215    37     0
2507.97  1.03e-14  6.12e-15   215    62     0
2510.63 -9.95e-16  5.60e-15   215    -6     0
2513.30  8.58e-15  7.88e-15   216    56     0
2515.97  1.63e-14  1.12e-14   216    97     0
2518.64  1.67e-14  6.70e-15   216   100     0
2521.31  1.20e-14  6.06e-15   216    74     0
2523.98 -3.11e-15  5.86e-15   216   -19     0
2526.65  4.97e-15  5.65e-15   216    32     0
2529.32  6.02e-15  5.67e-15   216    39     0
2531.99  5.18e-15  5.62e-15   216    34     0
2534.65  5.45e-15  5.63e-15   216    36     0
2537.32  6.64e-15  5.33e-15   216    46     0
2539.99  2.47e-15  5.27e-15   216    17     0
2542.66  1.08e-14  5.20e-15   216    78     0
2545.33  8.49e-15  7.27e-15   217    61     0
2548.00  1.74e-14  8.49e-15   217   128     0
2550.67  3.06e-16  5.31e-15   217     2     0
2553.34  1.63e-14  1.03e-14   217   116     0
2556.01  1.10e-14  7.20e-15   217    77     0
2558.67  1.04e-14  6.36e-15   217    73     0
2561.34  5.04e-15  5.15e-15   217    36     0
2564.01  1.15e-14  5.21e-15   217    84     0
2566.68  5.38e-15  4.80e-15   217    42     0
2569.35  2.71e-15  4.77e-15   217    21     0
2572.02  1.29e-14  7.44e-15   217    97     0
2574.69  5.16e-15  5.34e-15   217    39     0
2577.36  7.96e-15  5.75e-15   217    58 -4096
2580.03  7.23e-15  5.31e-15   217    56 -4096
2582.69  3.05e-15  4.89e-15   217    23     0
2585.36  1.09e-14  5.93e-15   217    81     0
2588.03  7.95e-15  5.18e-15   218    59     0
2590.70  5.95e-15  4.89e-15   218    46     0
2593.37  1.12e-14  4.90e-15   218    88     0
2596.04  4.82e-15  4.76e-15   218    38     0
2598.71  2.65e-14  7.76e-15   218   213     0
2601.38  1.85e-14  4.96e-15   218   146     0
2604.05  2.15e-14  4.97e-15   218   172     0
2606.71  1.69e-14  4.49e-15   218   147     0
2609.38  7.80e-15  4.32e-15   218    69     0
2612.05  2.23e-14  6.77e-15   218   188     0
2614.72  2.26e-14  4.95e-15   218   193     0
2617.39  1.15e-14  4.58e-15   218    97     0
2620.06  2.01e-14  5.27e-15   218   174     0
2622.73  1.66e-14  4.49e-15   218   145     0
2625.40  2.48e-14  5.20e-15   218   212     0
2628.07  2.04e-14  6.23e-15   218   174     0
2630.73  2.99e-14  5.93e-15   218   262     0
2633.40  2.19e-14  6.89e-15   218   192     0
2636.07  9.45e-15  6.28e-15   218    80     0
2638.74  1.04e-14  4.56e-15   218    88     0
2641.41  3.07e-15  4.25e-15   218    27     0
2644.08  1.62e-15  4.22e-15   218    14     0
2646.75  2.21e-15  4.44e-15   218    18     0
2649.42  2.61e-15  4.46e-15   218    22     0
2652.09 -2.57e-15  4.21e-15   218   -22     0
2654.75  3.08e-15  4.23e-15   218    27     0
2657.42 -2.73e-15  4.31e-15   218   -23     0
2660.09  6.80e-15  4.12e-15   218    63     0
2662.76  3.85e-15  4.13e-15   218    35     0
2665.43  3.86e-15  4.09e-15   218    35     0
2668.10 -9.65e-17  4.03e-15   218     0     0
2670.77  7.25e-15  4.07e-15   218    68     0
2673.44 -3.02e-16  3.96e-15   218    -2     0
2676.11 -3.02e-15  4.01e-15   218   -28     0
2678.77 -4.00e-15  3.96e-15   218   -38     0
2681.44 -5.68e-16  3.93e-15   218    -5     0
2684.11  1.38e-15  3.90e-15   218    13     0
2686.78 -8.04e-16  3.91e-15   218    -7     0
2689.45  3.35e-15  4.10e-15   218    32     0
2692.12  3.94e-15  4.09e-15   218    36     0
2694.79  4.80e-16  4.05e-15   218     4     0
2697.46  4.24e-15  4.43e-15   218    36     0
2700.13  5.62e-15  3.85e-15   218    55     0
2702.79  3.30e-15  3.84e-15   218    32     0
2705.46 -5.78e-16  4.04e-15   218    -5     0
2708.13  8.60e-15  4.33e-15   218    79     0
2710.80  3.39e-15  3.89e-15   218    32     0
2713.47  6.35e-15  3.91e-15   218    61     0
2716.14  6.61e-15  4.02e-15   218    62     0
2718.81  7.16e-15  4.08e-15   218    68     0
2721.48 -1.16e-15  4.05e-15   218   -10     0
2724.15  9.28e-15  4.24e-15   218    86     0
2726.81  1.78e-14  6.06e-15   218   178     0
2729.48  3.67e-15  3.73e-15   218    37     0
2732.15  4.49e-15  4.03e-15   218    41     0
2734.82  1.75e-14  4.28e-15   218   164     0
2737.49  1.02e-14  3.92e-15   218    99     0
2740.16  1.05e-14  4.60e-15   218   100     0
2742.83  2.27e-14  6.10e-15   218   217     0
2745.50  1.15e-14  3.87e-15   217   113     0
2748.17  1.39e-14  4.42e-15   217   137     0
2750.83  8.30e-15  3.87e-15   217    81     0
2753.50  1.86e-14  5.80e-15   217   181     0
2756.17  1.68e-14  4.00e-15   217   169     0
2758.84  9.55e-15  3.78e-15   217    96     0
2761.51  1.11e-14  3.87e-15   217   109     0
2764.18  1.41e-14  4.07e-15   217   138     0
2766.85  1.51e-14  4.12e-15   217   143     0
2769.52  2.36e-15  3.89e-15   217    22     0
2772.19  5.80e-15  3.95e-15   217    54     0
2774.85  3.02e-15  3.93e-15   217    28     0
2777.52  5.77e-15  4.05e-15   217    55     0
2780.19  5.40e-15  4.26e-15   216    51 -4096
2782.86 -1.57e-15  4.09e-15   216   -15     0
2785.53  6.42e-15  4.00e-15   216    62     0
2788.20  6.92e-15  3.85e-15   216    67     0
2790.87  1.97e-14  7.85e-15   216   202     0
2793.54  5.82e-14  1.53e-14   216   594     0
2796.21  9.37e-14  2.02e-14   216   904     0
2798.87  1.32e-13  2.96e-14   216  1274     0
2801.54  1.16e-13  2.66e-14   216  1154     0
2804.21  1.20e-13  2.82e-14   215  1185     0
2806.88  7.95e-14  1.52e-14   215   737     0
2809.55  4.69e-14  1.16e-14   215   434     0
2812.22  2.55e-14  8.41e-15   215   251     0
2814.89  5.74e-15  3.72e-15   215    56     0
2817.56  4.66e-15  3.71e-15   215    45     0
2820.23  7.49e-15  3.81e-15   215    73     0
2822.90  5.59e-15  3.79e-15   214    54     0
2825.56  1.03e-14  4.10e-15   214    92     0
2828.23  3.86e-15  4.02e-15   214    34     0
2830.90  9.69e-15  4.38e-15   214    86     0
2833.57  9.55e-15  4.11e-15   214    85     0
2836.24  4.43e-15  3.93e-15   214    40     0
2838.91  5.77e-15  3.95e-15   213    52     0
2841.58  1.16e-14  3.71e-15   213   122     0
2844.25  5.56e-15  3.44e-15   213    58     0
2846.92  7.07e-15  3.78e-15   213    68     0
2849.58  1.11e-14  3.83e-15   213   106     0
2852.25  7.53e-15  5.29e-15   213    73     0
2854.92  7.63e-15  4.34e-15   212    74     0
2857.59  1.19e-14  5.96e-15   212   115     0
2860.26  1.30e-14  5.48e-15   212   124     0
2862.93  1.35e-14  4.25e-15   212   128     0
2865.60  1.17e-14  3.67e-15   212   116     0
2868.27  5.48e-15  3.58e-15   211    54     0
2870.94  5.27e-15  3.84e-15   211    49     0
2873.60  1.04e-14  4.37e-15   211    97     0
2876.27  5.90e-15  4.19e-15   211    53     0
2878.94  1.62e-14  4.17e-15   210   145     0
2881.61  8.50e-15  3.81e-15   210    79     0
2884.28  1.56e-14  4.49e-15   210   145     0
2886.95  8.79e-15  3.84e-15   210    81     0
2889.62  1.05e-14  3.97e-15   210    96     0
2892.29  8.17e-15  4.49e-15   209    75     0
2894.96  1.04e-14  5.94e-15   209    95     0
2897.62  6.30e-15  3.88e-15   209    56     0
2900.29  1.33e-14  6.51e-15   209   125     0
2902.96  3.96e-16  3.64e-15   208     3     0
2905.63  9.29e-15  7.39e-15   208    76     0
2908.30  7.73e-15  4.52e-15   208    63     0
2910.97  4.87e-15  3.98e-15   207    42     0
2913.64  5.88e-15  4.02e-15   207    50     0
2916.31  1.08e-14  4.90e-15   207    94     0
2918.98  1.21e-14  6.78e-15   207   104     0
2921.64  1.07e-14  4.51e-15   206    84     0
2924.31  3.79e-14  1.96e-14   206   296     0
2926.98  1.45e-14  7.46e-15   206   117     0
2929.65  1.70e-14  5.35e-15   205   136     0
2932.32  1.48e-14  5.87e-15   205   124     0
2934.99  2.96e-14  9.53e-15   205   248     0
2937.66  1.94e-14  4.82e-15   205   144     0
2940.33  1.04e-14  6.13e-15   204    86     0
2943.00  8.98e-15  4.08e-15   204    74     0
2945.66  8.42e-15  4.33e-15   204    65     0
2948.33  1.41e-14  7.25e-15   203   109     0
2951.00  1.42e-14  5.80e-15   203   109     0
2953.67  2.36e-14  8.61e-15   203   181     0
2956.34  1.10e-14  4.13e-15   202    89     0
2959.01  1.22e-14  5.27e-15   202    99     0
2961.68  1.50e-14  4.58e-15   201   110     0
2964.35  1.31e-14  4.60e-15   201    96     0
2967.02  5.93e-15  4.41e-15   201    44     0
2969.68  7.25e-15  4.41e-15   200    54     0
2972.35  1.28e-14  4.71e-15   200    92     0
2975.02  2.28e-14  5.27e-15   200   154     0
2977.69  1.86e-14  8.67e-15   199   124     0
2980.36  1.47e-14  4.83e-15   199   105     0
2983.03  1.08e-14  4.59e-15   198    77     0
2985.70  8.11e-15  4.62e-15   198    56     0
2988.37  2.20e-14  5.48e-15   198   153     0
2991.04  1.72e-14  5.88e-15   197   114     0
2993.70  1.25e-14  5.52e-15   197    82     0
2996.37  1.72e-14  5.59e-15   196   119     0
2999.04  6.10e-15  4.59e-15   196    42     0
3001.71  1.88e-14  8.55e-15   196   122     0
3004.38  3.45e-14  1.17e-14   195   223     0
3007.05  1.13e-14  4.57e-15   195    79     0
3009.72  9.01e-15  4.56e-15   194    62     0
3012.39  1.81e-14  7.03e-15   194   111     0
3015.06  8.73e-15  5.45e-15   193    52     0
3017.72  1.65e-14  6.30e-15   193    97     0
3020.39  1.44e-14  5.21e-15   192    89     0
3023.06  5.54e-15  5.06e-15   192    33     0
3025.73  7.02e-15  5.15e-15   192    42     0
3028.40  6.10e-15  5.21e-15   191    36     0
3031.07  8.75e-15  5.44e-15   191    49     0
3033.74  1.96e-14  7.15e-15   190   109     0
3036.41  9.11e-15  6.73e-15   190    50     0
3039.08  1.25e-14  6.74e-15   189    68     0
3041.74  1.62e-14  9.20e-15   189    89     0
3044.41  1.92e-14  6.17e-15   188   105     0
3047.08  4.94e-15  6.37e-15   188    23     0
3049.75  1.84e-14  1.16e-14   187    86     0
3052.42  2.28e-15  6.15e-15   187    11     0
3055.09  2.01e-14  1.10e-14   186   101     0
3057.76  2.10e-14  9.27e-15   186   104     0
3060.43 -7.38e-16  6.14e-15   185    -3     0
3063.10  1.44e-14  7.31e-15   185    67     0
3065.76  2.74e-14  1.07e-14   184   132     0
3068.43  8.28e-15  6.24e-15   183    39     0
3071.10  1.13e-14  6.60e-15   183    51     0
3073.77  3.87e-15  6.53e-15   182    17     0
3076.44  1.24e-14  7.70e-15   182    57     0
3079.11  2.10e-14  6.57e-15   181    96     0
3081.78  1.79e-14  7.20e-15   181    73     0
3084.45  3.01e-14  9.29e-15   180   121     0
3087.12  2.37e-14  8.00e-15   180    89     0
3089.78  1.72e-14  8.02e-15   179    63     0
3092.45  1.74e-14  7.39e-15   178    68     0
3095.12  1.14e-14  8.13e-15   178    40     0
3097.79  3.98e-14  1.36e-14   177   137     0
3100.46  1.09e-14  1.03e-14   177    39     0
3103.13  2.25e-14  9.21e-15   176    79     0
3105.80  1.45e-14  7.77e-15   175    53     0
3108.47  1.25e-14  7.86e-15   175    44     0
3111.14  3.30e-14  8.86e-15   174   109     0
3113.80  1.76e-14  8.94e-15   174    56     0
3116.47  1.08e-15  9.82e-15   173     3     0
3119.14  1.98e-14  1.14e-14   172    54     0
3121.81  7.93e-15  9.40e-15   172    23     0
3124.48  1.67e-14  1.03e-14   171    48     0
3127.15  2.41e-14  1.21e-14   171    66     0
3129.82  1.40e-14  1.03e-14   170    37     0
3132.49  2.16e-16  9.57e-15   169     0     0
3135.16  5.10e-14  1.32e-14   169   143     0
3137.82  2.05e-14  9.97e-15   168    56     0
3140.49  1.59e-14  1.10e-14   167    39     0
3143.16  2.23e-14  1.13e-14   167    54     0
3145.83  8.89e-15  1.12e-14   166    21     0
3148.50  2.79e-14  1.70e-14   165    65     0
3151.17  7.49e-15  1.18e-14   165    16     0
3153.84  3.77e-14  1.59e-14   164    82     0
3156.51  3.84e-15  1.05e-14   164     9     0
3159.18  8.24e-15  1.07e-14   163    20     0
3161.84  5.09e-15  1.09e-14   162    12     0
3164.51  2.23e-14  1.33e-14   162    52     0
3167.18  3.37e-14  1.48e-14   161    77     0
3169.85  2.13e-14  1.79e-14   160    47     0
3172.52  5.36e-14  1.47e-14   160   105     0
3175.19  3.12e-14  1.34e-14   159    61     0
3177.86  4.84e-14  1.46e-14   158    93     0
3180.53  4.16e-14  1.53e-14   157    72     0
3183.20  6.99e-14  1.74e-14   157   118     0
3185.86  2.58e-14  1.27e-14   156    53     0
3188.53  2.17e-14  1.29e-14   155    43     0
3191.20  2.32e-14  1.48e-14   155    40     0
3193.87  8.39e-15  1.49e-14   154    14     0
3196.54  3.39e-14  1.66e-14   153    52     0
3199.21  2.95e-14  1.70e-14   153    44     0
3201.88  3.45e-14  1.48e-14   152    59     0
3204.55  1.88e-14  1.50e-14   151    31     0
3207.22  4.28e-14  1.86e-14   151    58     0
3209.88  2.69e-16  1.94e-14   150     0     0
3212.55 -2.43e-14  2.10e-14   149   -28     0
3215.22 -6.51e-15  2.18e-14   149    -7     0
3217.89 -1.31e-14  2.23e-14   148   -14     0
3220.56  3.67e-14  1.84e-14   147    54     0
3223.23  2.48e-14  1.86e-14   147    35     0
3225.90  6.72e-14  2.35e-14   146    74     0
3228.57  7.60e-14  2.36e-14   145    82     0
3231.24  2.36e-14  2.15e-14   144    26     0
3233.90  2.00e-14  2.46e-14   144    22     0
3236.57  4.40e-14  2.52e-14   143    42     0
3239.24  3.80e-14  2.68e-14   142    36     0
3241.91  3.78e-14  2.86e-14   142    32     0
3244.58 -8.66e-15  2.98e-14   141    -7     0
3247.25 -1.20e-14  3.63e-14   140    -7     0
3249.92  5.57e-14  3.82e-14   140    35     0
3252.59  2.81e-14  2.92e-14   139    23     0
3255.26  7.64e-14  2.97e-14   138    63     0
3257.92 -1.53e-14  2.93e-14   138   -12     0
3260.59  9.15e-15  3.41e-14   137     6     0
3263.26 -1.95e-14  3.52e-14   136   -13     0
3265.93  7.09e-14  4.67e-14   136    36     0
3268.60 -2.64e-14  4.79e-14   135   -13     0
3271.27  3.09e-14  3.64e-14   134    24     0
3273.94  7.01e-14  4.83e-14   134    54     0
3276.61  6.48e-14  5.92e-14   133    25     0
3279.28 -3.40e-14  5.93e-14   132   -13     0
3281.94  4.39e-14  4.83e-14   132    21     0
3284.61  6.98e-14  5.06e-14   131    33     0
3287.28  5.17e-14  3.82e-14   130    34     0
3289.95  5.48e-14  3.86e-14   130    35     0
3292.62  8.45e-14  4.39e-14   129    49     0
3295.29  7.57e-14  9.55e-14   128    30     0
3297.96  1.60e-13  8.47e-14   128    61     0
3300.63  2.74e-14  6.74e-14   127     9     0
3303.30  2.27e-13  1.22e-13   127    74     0
3305.96  1.18e-12  6.39e-13   126    71 -4096
3308.63  1.27e-12  1.00e-12   125    74 -4096
3311.30  6.39e-14  1.69e-13   125     9 -4096
3313.97  6.78e-15  1.54e-13   124     1     0
3316.64  1.95e-13  1.14e-13   124    42     0
3319.31  6.12e-14  1.07e-13   123    12     0
3321.98  1.79e-13  9.82e-14   123    42     0
3324.65  1.74e-13  1.05e-13   122    39     0
3327.32  1.29e-13  6.43e-14   121    46     0
3329.98  5.71e-14  6.59e-14   121    19     0
3332.65 -4.97e-14  1.41e-13   120    -7     0
3335.32 -6.01e-14  1.72e-13   120    -7     0
3337.99  5.32e-14  1.78e-13   119     6     0
3340.66  2.68e-13  5.01e-13   119    12     0
3343.33  8.35e-14  5.15e-13   118     3     0
3346.00  1.27e-13  1.75e-13   118    16     0
3348.67 -1.07e-13  1.79e-13   117   -13     0
