NOT ORIGINAL IUE PROJECT DATA PRODUCT
LWR08437LOWLARGE
HD  197481
20:42:06
-31:31:05
48
X-TRAIL
NO
2687.857
04/08/80
14:14:06
217
16.90
12/09/97
GSFC
2444456.09313
0
33
1851.42  5.43e-14  8.53e-14   305    11     0
1854.09 -2.64e-14  8.03e-14   305    -5     0
1856.76  8.62e-14  8.24e-14   304    19     0
1859.42  7.69e-14  7.73e-14   304    18     0
1862.09  8.52e-14  7.17e-14   303    21     0
1864.76  9.87e-14  6.80e-14   302    26     0
1867.43  3.50e-14  6.42e-14   302     9     0
1870.10  2.14e-14  5.76e-14   301     6     0
1872.77 -3.28e-14  5.32e-14   301   -11     0
1875.44 -2.46e-14  4.49e-14   300    -9     0
1878.11 -8.47e-15  4.16e-14   300    -3     0
1880.78  4.90e-14  4.49e-14   299    20     0
1883.44 -5.68e-14  4.17e-14   299   -24     0
1886.11  1.68e-14  4.13e-14   299     7     0
1888.78  1.07e-13  4.13e-14   298    49     0
1891.45  4.73e-14  3.67e-14   298    24     0
1894.12  2.96e-14  3.52e-14   298    15     0
1896.79 -1.22e-14  3.34e-14   297    -6     0
1899.46 -1.77e-15  3.24e-14   297    -1     0
1902.13 -2.94e-15  3.23e-14   297    -1     0
1904.80  5.87e-16  3.15e-14   296     0     0
1907.46 -6.71e-15  3.05e-14   296    -4     0
1910.13  1.71e-14  3.12e-14   296    10     0
1912.80  4.07e-15  3.02e-14   296     2     0
1915.47 -2.33e-14  2.74e-14   296   -16     0
1918.14  3.62e-14  2.72e-14   295    25     0
1920.81  4.31e-14  2.52e-14   295    33     0
1923.48  5.37e-14  2.48e-14   295    43     0
1926.15  1.30e-14  2.67e-14   295     9     0
1928.82 -2.94e-15  2.57e-14   295    -2     0
1931.48  1.12e-14  2.37e-14   295     9     0
1934.15  7.21e-15  2.29e-14   295     6     0
1936.82  4.41e-15  2.11e-14   295     4     0
1939.49 -8.21e-15  2.05e-14   294    -7     0
1942.16  1.35e-14  2.08e-14   294    12     0
1944.83 -1.79e-15  2.00e-14   294    -1     0
1947.50 -7.19e-15  1.94e-14   294    -7     0
1950.17 -1.45e-14  1.92e-14   294   -15     0
1952.84  1.20e-14  1.89e-14   294    12     0
1955.50  6.47e-15  1.84e-14   294     7     0
1958.17 -1.66e-14  1.79e-14   294   -18     0
1960.84 -2.58e-14  1.74e-14   294   -29     0
1963.51 -5.70e-15  1.71e-14   295    -6     0
1966.18  7.61e-15  1.72e-14   295     9     0
1968.85  1.05e-15  1.68e-14   295     1     0
1971.52  1.89e-14  1.71e-14   295    23     0
1974.19  6.57e-15  1.65e-14   295     8     0
1976.86  4.03e-15  1.56e-14   295     5     0
1979.52 -1.25e-15  1.53e-14   295    -1     0
1982.19  9.83e-15  1.55e-14   295    13     0
1984.86  7.28e-15  1.52e-14   295    10     0
1987.53  4.65e-15  1.55e-14   296     6     0
1990.20  2.06e-14  1.57e-14   296    28     0
1992.87 -1.07e-14  1.52e-14   296   -14     0
1995.54  5.40e-16  1.51e-14   296     0     0
1998.21  2.55e-15  1.50e-14   296     3     0
2000.88 -9.03e-15  1.41e-14   296   -13     0
2003.54  5.92e-15  1.42e-14   297     9     0
2006.21  2.73e-14  1.49e-14   297    41     0
2008.88 -5.95e-15  1.44e-14   297    -9     0
2011.55 -7.08e-15  1.36e-14   297   -11     0
2014.22  1.10e-14  1.37e-14   298    17     0
2016.89 -1.36e-14  1.34e-14   298   -22     0
2019.56  1.25e-14  1.33e-14   298    21     0
2022.23  4.43e-15  1.41e-14   298     6     0
2024.90  1.61e-15  1.39e-14   299     2     0
2027.56  4.64e-15  1.34e-14   299     7     0
2030.23 -1.25e-15  1.26e-14   299    -2     0
2032.90 -1.68e-14  1.26e-14   300   -30     0
2035.57 -4.39e-16  1.35e-14   300     0     0
2038.24  1.90e-14  1.38e-14   300    32     0
2040.91 -1.07e-14  1.29e-14   300   -19     0
2043.58 -8.91e-15  1.30e-14   301   -15     0
2046.25 -1.53e-14  1.40e-14   301   -26     0
2048.92 -2.19e-14  1.54e-14   301   -37 -4096
2051.58  1.08e-14  1.48e-14   302    19 -4096
2054.25 -2.37e-15  1.39e-14   302    -4     0
2056.92 -7.10e-15  1.32e-14   302   -12     0
2059.59 -3.13e-16  1.29e-14   303     0     0
2062.26  8.60e-15  1.39e-14   303    14     0
2064.93  6.41e-15  1.37e-14   304    11     0
2067.60  1.87e-15  1.26e-14   304     3     0
2070.27  2.93e-14  1.32e-14   304    55     0
2072.94  1.10e-15  1.26e-14   305     2     0
2075.60 -1.50e-14  1.33e-14   305   -27     0
2078.27  4.04e-15  1.33e-14   305     7     0
2080.94 -1.27e-14  1.36e-14   306   -23     0
2083.61 -4.30e-18  1.37e-14   306     0     0
2086.28 -1.03e-14  1.24e-14   307   -20     0
2088.95 -1.33e-14  1.25e-14   307   -26     0
2091.62  1.63e-15  1.40e-14   307     2     0
2094.29 -1.34e-15  1.42e-14   308    -2     0
2096.96  3.07e-15  1.31e-14   308     5     0
2099.62 -2.05e-14  1.32e-14   309   -39     0
2102.29 -9.69e-15  1.38e-14   309   -17     0
2104.96  1.36e-15  1.39e-14   309     2     0
2107.63 -1.75e-14  1.38e-14   310   -32     0
2110.30  1.67e-14  1.41e-14   310    30     0
2112.97 -1.40e-14  1.39e-14   311   -26     0
2115.64 -8.80e-15  1.50e-14   311   -15     0
2118.31  7.27e-15  1.50e-14   312    12     0
2120.98  2.57e-15  1.40e-14   312     4     0
2123.65  1.70e-14  1.44e-14   312    31     0
2126.31 -9.57e-15  1.42e-14   313   -17     0
2128.98 -1.41e-15  1.43e-14   313    -2     0
2131.65 -1.41e-14  1.39e-14   314   -27     0
2134.32  7.23e-15  1.40e-14   314    13     0
2136.99 -1.33e-14  1.44e-14   315   -24     0
2139.66 -2.94e-15  1.45e-14   315    -5     0
2142.33 -2.97e-14  1.40e-14   316   -57     0
2145.00 -2.75e-14  1.40e-14   316   -53     0
2147.67 -1.79e-15  1.51e-14   316    -3     0
2150.33  3.23e-15  1.49e-14   317     5     0
2153.00 -1.88e-14  1.49e-14   317   -34     0
2155.67 -1.25e-14  1.56e-14   318   -22     0
2158.34  8.99e-15  1.57e-14   318    16     0
2161.01 -2.21e-14  1.52e-14   319   -40     0
2163.68 -1.48e-14  1.52e-14   319   -27     0
2166.35  7.26e-15  1.50e-14   320    13     0
2169.02  2.29e-14  1.53e-14   320    43     0
2171.69 -6.40e-15  1.57e-14   321   -11     0
2174.35 -1.05e-14  1.78e-14   321   -18     0
2177.02  2.10e-15  1.59e-14   321     3     0
2179.69 -2.82e-14  1.60e-14   322   -50     0
2182.36  2.31e-15  1.46e-14   322     4     0
2185.03 -4.47e-16  1.52e-14   323     0     0
2187.70  6.34e-15  3.70e-14   323    12     0
2190.37 -1.49e-14  1.56e-14   324   -29     0
2193.04 -8.43e-16  1.48e-14   324    -1     0
2195.71  2.37e-15  1.54e-14   325     4     0
2198.37 -1.72e-14  1.52e-14   325   -33     0
2201.04 -2.60e-14  1.52e-14   326   -50     0
2203.71  1.50e-15  1.50e-14   326     2     0
2206.38 -9.08e-16  1.52e-14   326    -1     0
2209.05  2.01e-15  1.50e-14   327     3     0
2211.72 -4.62e-15  1.45e-14   327    -9     0
2214.39 -2.41e-14  1.46e-14   328   -49     0
2217.06 -3.47e-14  1.60e-14   328   -65     0
2219.73 -2.21e-14  1.61e-14   329   -41     0
2222.39  1.39e-14  1.57e-14   329    27     0
2225.06 -1.29e-14  1.59e-14   330   -25     0
2227.73 -1.21e-14  1.56e-14   330   -23     0
2230.40  5.04e-15  1.54e-14   330    10     0
2233.07 -8.62e-15  1.52e-14   331   -17     0
2235.74  1.11e-15  1.50e-14   331     2     0
2238.41 -2.76e-14  1.47e-14   332   -58     0
2241.08 -2.99e-14  1.52e-14   332   -61     0
2243.75 -1.69e-14  1.51e-14   333   -35     0
2246.41  1.68e-14  1.39e-14   333    38     0
2249.08 -1.77e-14  1.35e-14   334   -41     0
2251.75 -2.69e-15  1.38e-14   334    -6     0
2254.42 -5.41e-15  1.48e-14   334   -12     0
2257.09 -3.12e-14  1.43e-14   335   -69     0
2259.76 -1.41e-14  1.42e-14   335   -31     0
2262.43 -1.67e-14  1.42e-14   336   -37     0
2265.10  1.06e-14  1.34e-14   336    25     0
2267.77  5.37e-15  1.32e-14   336    13     0
2270.43 -2.50e-14  1.26e-14   337   -63     0
2273.10 -1.46e-14  1.24e-14   337   -37     0
2275.77 -5.14e-17  1.29e-14   338     0     0
2278.44 -7.70e-15  1.28e-14   338   -19     0
2281.11  9.72e-15  1.42e-14   339    22     0
2283.78  5.53e-15  1.40e-14   339    12     0
2286.45  2.03e-15  1.11e-14   339     6     0
2289.12 -2.83e-15  1.11e-14   340    -8     0
2291.79 -8.95e-15  1.20e-14   340   -24     0
2294.45  5.07e-15  1.21e-14   340    14     0
2297.12  1.70e-14  1.28e-14   341    45     0
2299.79  5.81e-15  1.26e-14   341    15     0
2302.46  1.26e-15  1.40e-14   342     3     0
2305.13 -1.33e-14  1.25e-14   342   -35     0
2307.80 -1.44e-14  1.23e-14   342   -39     0
2310.47  3.10e-14  1.23e-14   343    89     0
2313.14  1.51e-14  1.17e-14   343    44     0
2315.81  8.01e-15  1.25e-14   344    22     0
2318.47  2.78e-15  1.18e-14   344     7     0
2321.14 -2.31e-14  1.11e-14   344   -71     0
2323.81  2.76e-14  1.67e-14   345    86     0
2326.48  1.77e-14  1.25e-14   345    61     0
2329.15  2.17e-14  1.93e-14   345    76     0
2331.82 -1.30e-14  9.99e-15   346   -45     0
2334.49  2.74e-14  1.49e-14   346    96     0
2337.16  1.92e-14  1.06e-14   346    71     0
2339.83  6.92e-15  1.07e-14   347    25     0
2342.49  2.20e-14  1.39e-14   347    81     0
2345.16  8.54e-15  9.60e-15   347    32     0
2347.83  8.11e-15  9.07e-15   348    31     0
2350.50  2.20e-14  1.20e-14   348    83     0
2353.17  1.19e-15  9.20e-15   348     4     0
2355.84  6.23e-15  9.21e-15   349    23     0
2358.51  4.72e-15  9.11e-15   349    18     0
2361.18 -1.04e-14  8.84e-15   349   -41     0
2363.85 -6.41e-15  8.78e-15   350   -25     0
2366.51 -9.05e-16  9.43e-15   350    -3     0
2369.18  1.93e-14  1.79e-14   350    73     0
2371.85  1.98e-14  1.42e-14   351    78     0
2374.52  4.36e-14  1.60e-14   351   173     0
2377.19  1.34e-14  9.50e-15   351    55     0
2379.86 -5.41e-15  8.50e-15   352   -22     0
2382.53  1.07e-14  9.32e-15   352    42     0
2385.20  1.12e-14  9.26e-15   352    43     0
2387.87  2.72e-14  1.32e-14   352   108     0
2390.53  2.92e-14  1.18e-14   353   119     0
2393.20  4.54e-14  1.57e-14   353   186     0
2395.87  2.44e-14  8.44e-15   353   109     0
2398.54  9.96e-15  1.24e-14   354    45     0
2401.21  3.88e-15  9.02e-15   354    16     0
2403.88  4.30e-15  8.31e-15   354    18     0
2406.55  1.17e-14  9.19e-15   354    52     0
2409.22  1.12e-14  1.00e-14   355    51     0
2411.89  9.53e-15  8.42e-15   355    43     0
2414.55  1.10e-15  8.08e-15   355     5     0
2417.22  9.84e-15  8.24e-15   355    44     0
2419.89 -2.03e-15  8.05e-15   356    -9     0
2422.56  2.11e-14  9.87e-15   356    95     0
2425.23  1.83e-14  1.02e-14   356    88     0
2427.90  1.31e-14  1.66e-14   356    64     0
2430.57  1.78e-14  1.20e-14   357    85     0
2433.24 -4.67e-15  7.62e-15   357   -22     0
2435.91  9.45e-17  7.78e-15   357     0     0
2438.57  1.69e-14  1.26e-14   357    82     0
2441.24 -9.42e-15  7.29e-15   357   -48     0
2443.91  3.32e-14  2.87e-14   358   173     0
2446.58  1.46e-14  9.72e-15   358    78     0
2449.25  8.49e-15  8.26e-15   358    46     0
2451.92  2.75e-15  6.71e-15   358    15     0
2454.59  6.69e-16  6.62e-15   359     3     0
2457.26  2.10e-14  9.46e-15   359   115     0
2459.93 -1.13e-14  6.82e-15   359   -62     0
2462.59 -5.37e-15  6.55e-15   359   -31     0
2465.26  5.40e-14  3.55e-14   359   317     0
2467.93  1.05e-14  8.51e-15   360    61     0
2470.60  4.55e-15  6.76e-15   360    25     0
2473.27  1.41e-14  6.88e-15   360    80     0
2475.94  2.71e-14  1.22e-14   360   156     0
2478.61  9.57e-15  1.06e-14   360    55     0
2481.28  6.71e-16  6.59e-15   360     3     0
2483.95  9.81e-15  6.72e-15   361    57     0
2486.61  7.76e-15  6.44e-15   361    48     0
2489.28  1.93e-15  6.18e-15   361    12     0
2491.95  2.28e-14  7.47e-15   361   121     0
2494.62  1.68e-14  9.41e-15   361    90     0
2497.29  6.29e-15  6.79e-15   361    36     0
2499.96 -1.30e-15  6.59e-15   362    -7     0
2502.63  6.89e-15  6.16e-15   362    43     0
2505.30 -8.93e-16  1.08e-14   362    -5     0
2507.97  8.65e-15  6.55e-15   362    52     0
2510.63  4.84e-15  6.11e-15   362    31     0
2513.30  2.73e-15  7.65e-15   362    17     0
2515.97  6.14e-15  1.08e-14   362    36     0
2518.64  6.20e-15  6.54e-15   363    37     0
2521.31  7.02e-15  6.39e-15   363    43     0
2523.98  2.63e-15  6.25e-15   363    16     0
2526.65  6.45e-15  6.55e-15   363    42     0
2529.32  9.76e-15  7.40e-15   363    63     0
2531.99  5.45e-15  6.24e-15   363    35     0
2534.65  4.03e-15  6.72e-15   363    26     0
2537.32  1.67e-16  5.59e-15   363     1     0
2539.99 -6.42e-16  5.58e-15   363    -4     0
2542.66  5.53e-15  5.64e-15   364    39     0
2545.33  5.82e-15  6.13e-15   364    41     0
2548.00  1.89e-14  7.02e-15   364   138     0
2550.67 -3.21e-15  5.65e-15   364   -22     0
2553.34  1.37e-14  9.87e-15   364    96     0
2556.01  9.17e-15  9.64e-15   364    63     0
2558.67  1.69e-14  1.25e-14   364   118     0
2561.34  5.60e-15  5.48e-15   364    40     0
2564.01  6.82e-15  6.56e-15   364    49     0
2566.68  3.10e-15  5.08e-15   364    24     0
2569.35 -1.49e-15  5.05e-15   364   -11     0
2572.02  1.22e-14  8.01e-15   365    91     0
2574.69  8.09e-15  6.37e-15   365    60 -4096
2577.36  5.09e-15  6.05e-15   365    36 -4096
2580.03  8.66e-16  5.42e-15   365     6     0
2582.69 -3.54e-16  5.17e-15   365    -2     0
2585.36  1.37e-15  5.57e-15   365    10     0
2588.03  5.22e-15  5.36e-15   365    38     0
2590.70 -4.34e-16  5.13e-15   365    -3     0
2593.37  1.32e-14  6.90e-15   365   103     0
2596.04  1.06e-14  5.13e-15   365    83     0
2598.71  1.62e-14  8.67e-15   365   129     0
2601.38  6.26e-16  5.03e-15   365     4     0
2604.05  1.87e-14  8.02e-15   365   149     0
2606.71  2.05e-14  7.15e-15   365   178     0
2609.38  8.15e-15  6.90e-15   365    71     0
2612.05  1.94e-14  5.15e-15   365   163     0
2614.72  1.85e-14  6.07e-15   365   157     0
2617.39  7.19e-15  4.81e-15   365    60     0
2620.06  1.88e-14  7.70e-15   365   163     0
2622.73  1.21e-14  4.70e-15   365   106     0
2625.40  1.62e-14  6.27e-15   365   137     0
2628.07  1.39e-14  8.34e-15   365   118     0
2630.73  2.44e-14  6.23e-15   365   213     0
2633.40  1.52e-14  5.74e-15   365   133     0
2636.07  2.20e-14  9.06e-15   365   185     0
2638.74  3.28e-14  9.61e-15   365   276     0
2641.41  1.15e-14  4.71e-15   365   102     0
2644.08  3.26e-15  4.70e-15   365    28     0
2646.75  1.91e-15  4.71e-15   365    16     0
2649.42  1.28e-16  4.71e-15   365     1     0
2652.09 -2.08e-15  4.50e-15   365   -18     0
2654.75  4.29e-15  4.96e-15   365    38     0
2657.42  2.24e-16  4.78e-15   365     1     0
2660.09  9.74e-15  4.65e-15   365    90     0
2662.76 -2.73e-16  4.33e-15   365    -2     0
2665.43  3.73e-15  4.38e-15   365    34     0
2668.10  6.92e-15  4.35e-15   365    64     0
2670.77  1.57e-14  4.44e-15   365   147     0
2673.44  5.27e-15  4.29e-15   365    49     0
2676.11 -4.51e-15  4.25e-15   365   -42     0
2678.77 -1.73e-15  4.20e-15   365   -16     0
2681.44  4.92e-15  4.23e-15   365    46     0
2684.11  1.65e-15  4.14e-15   365    15     0
2686.78 -9.90e-15  4.15e-15   365   -94     0
2689.45 -6.21e-16  4.19e-15   365    -5     0
2692.12  5.58e-15  4.37e-15   365    51     0
2694.79 -3.65e-15  4.30e-15   365   -33     0
2697.46  2.42e-15  4.67e-15   365    20     0
2700.13  1.84e-15  4.25e-15   365    18     0
2702.79  1.60e-15  4.05e-15   365    15     0
2705.46 -5.58e-15  4.37e-15   365   -51     0
2708.13  9.20e-15  4.48e-15   365    84     0
2710.80  3.07e-15  4.13e-15   365    29     0
2713.47  5.30e-15  4.17e-15   365    51     0
2716.14  4.08e-15  4.22e-15   365    38     0
2718.81  7.55e-15  4.97e-15   365    71     0
2721.48 -1.44e-15  4.30e-15   365   -13     0
2724.15  9.99e-15  4.41e-15   365    92     0
2726.81  1.18e-14  6.87e-15   364   117     0
2729.48 -5.23e-16  3.92e-15   364    -5     0
2732.15  2.09e-16  4.64e-15   364     1     0
2734.82  1.44e-14  6.95e-15   364   134     0
2737.49  8.52e-15  4.15e-15   364    82     0
2740.16  3.66e-15  4.15e-15   364    34     0
2742.83  1.68e-14  6.94e-15   364   160     0
2745.50  7.01e-15  4.06e-15   364    69     0
2748.17  7.03e-15  4.06e-15   364    69     0
2750.83  7.79e-15  4.20e-15   364    75     0
2753.50  1.93e-14  7.09e-15   364   188     0
2756.17  1.61e-14  5.08e-15   364   161     0
2758.84  8.69e-15  4.09e-15   364    86     0
2761.51  1.56e-14  5.09e-15   363   152     0
2764.18  1.62e-14  8.42e-15   363   158     0
2766.85  1.11e-14  5.90e-15   363   105     0
2769.52 -6.06e-16  4.12e-15   363    -5     0
2772.19  3.32e-15  5.30e-15   363    31     0
2774.85 -1.28e-15  4.15e-15   363   -11     0
2777.52  9.57e-15  4.48e-15   363    91     0
2780.19  6.20e-15  4.91e-15   363    59 -4096
2782.86 -3.30e-15  4.47e-15   363   -31 -4096
2785.53  9.22e-15  4.41e-15   363    89     0
2788.20  6.37e-15  4.09e-15   363    61     0
2790.87  1.42e-15  5.70e-15   362    14     0
2793.54  1.25e-14  6.87e-15   362   126     0
2796.21  2.17e-14  5.48e-15   362   208     0
2798.87  4.99e-14  1.55e-14   362   477     0
2801.54  1.06e-13  2.62e-14   362  1047     0
2804.21  1.46e-13  3.57e-14   362  1434     0
2806.88  9.35e-14  2.16e-14   362   862     0
2809.55  9.80e-14  2.39e-14   362   902     0
2812.22  8.95e-14  2.93e-14   362   877     0
2814.89  2.59e-14  9.56e-15   361   253     0
2817.56  6.84e-15  5.41e-15   361    66     0
2820.23  9.66e-15  5.00e-15   361    93     0
2822.90  5.82e-15  3.99e-15   361    56     0
2825.56  8.50e-15  4.40e-15   361    76     0
2828.23 -2.04e-15  4.25e-15   361   -18     0
2830.90  9.87e-15  4.41e-15   361    87     0
2833.57  1.36e-14  4.71e-15   361   120     0
2836.24  3.27e-15  4.19e-15   360    29     0
2838.91  1.82e-15  5.67e-15   360    16     0
2841.58  1.06e-14  5.57e-15   360   110     0
2844.25  3.72e-15  3.78e-15   360    38     0
2846.92  9.66e-15  4.13e-15   360    92     0
2849.58  1.14e-14  4.48e-15   360   109     0
2852.25  1.55e-15  4.32e-15   360    15     0
2854.92  6.95e-15  6.62e-15   359    66     0
2857.59  7.42e-15  5.77e-15   359    71     0
2860.26  7.06e-15  5.34e-15   359    67     0
2862.93  1.35e-14  4.68e-15   359   128     0
2865.60  3.46e-15  3.95e-15   359    34     0
2868.27  6.67e-15  4.14e-15   359    65     0
2870.94  6.11e-15  5.14e-15   359    56     0
2873.60  9.74e-15  6.43e-15   358    90     0
2876.27 -1.30e-15  5.35e-15   358   -11     0
2878.94  1.90e-14  4.42e-15   358   169     0
2881.61  3.21e-15  4.56e-15   358    29     0
2884.28  1.52e-14  5.53e-15   358   140     0
2886.95  1.11e-14  5.38e-15   358   102     0
2889.62  9.07e-15  5.26e-15   358    83     0
2892.29  7.32e-15  4.56e-15   357    66     0
2894.96  5.21e-15  7.50e-15   357    47     0
2897.62  6.91e-15  4.71e-15   357    61     0
2900.29  1.66e-14  6.21e-15   357   155     0
2902.96  1.76e-15  3.92e-15   357    16     0
2905.63  1.07e-14  7.84e-15   357    87     0
2908.30  2.56e-15  4.83e-15   356    20     0
2910.97  5.00e-15  5.92e-15   356    42     0
2913.64  9.23e-15  6.71e-15   356    78     0
2916.31  7.48e-15  5.84e-15   356    64     0
2918.98  7.59e-15  6.54e-15   356    65     0
2921.64  1.02e-14  6.26e-15   356    80     0
2924.31  1.28e-14  9.48e-15   355    99     0
2926.98  1.36e-14  6.36e-15   355   109     0
2929.65  9.76e-15  6.31e-15   355    77     0
2932.32  1.06e-14  8.18e-15   355    88     0
2934.99  2.38e-14  5.37e-15   355   198     0
2937.66  2.38e-14  8.64e-15   354   176     0
2940.33  1.47e-14  5.45e-15   354   121     0
2943.00  6.80e-15  4.62e-15   354    56     0
2945.66  6.29e-15  6.03e-15   354    48     0
2948.33  7.85e-15  5.85e-15   354    60     0
2951.00  8.40e-15  7.28e-15   354    64     0
2953.67  1.93e-14  7.94e-15   353   146     0
2956.34  9.32e-15  4.45e-15   353    75     0
2959.01  1.09e-14  7.07e-15   353    88     0
2961.68  1.77e-14  8.07e-15   353   130     0
2964.35  9.03e-15  5.42e-15   353    65     0
2967.02  3.70e-15  5.21e-15   352    27     0
2969.68  6.97e-15  5.54e-15   352    51     0
2972.35  1.43e-14  6.08e-15   352   102     0
2975.02  3.29e-14  8.73e-15   352   222     0
2977.69  1.68e-14  1.05e-14   352   112     0
2980.36  1.21e-14  7.78e-15   351    86     0
2983.03  8.81e-15  5.67e-15   351    62     0
2985.70  7.89e-15  5.62e-15   351    55     0
2988.37  2.71e-14  5.66e-15   351   187     0
2991.04  3.12e-14  7.16e-15   350   206     0
2993.70  2.04e-14  1.04e-14   350   134     0
2996.37  2.42e-14  7.57e-15   350   167     0
2999.04  3.89e-15  4.98e-15   350    26     0
3001.71  1.18e-14  9.85e-15   350    76     0
3004.38  2.77e-14  1.11e-14   349   178     0
3007.05  1.29e-14  8.52e-15   349    90     0
3009.72  5.31e-15  4.92e-15   349    36     0
3012.39  1.07e-14  5.62e-15   349    65     0
3015.06  5.13e-15  8.72e-15   348    30     0
3017.72  2.01e-14  9.26e-15   348   118     0
3020.39  1.74e-14  8.55e-15   348   107     0
3023.06  5.04e-15  5.49e-15   348    30     0
3025.73  9.97e-15  9.83e-15   348    59     0
3028.40  9.93e-15  7.88e-15   347    58     0
3031.07  4.06e-15  6.14e-15   347    22     0
3033.74  1.09e-14  9.49e-15   347    60     0
3036.41  6.10e-15  8.93e-15   347    33     0
3039.08  7.72e-15  7.47e-15   346    42     0
3041.74  7.56e-15  1.06e-14   346    41     0
3044.41  2.85e-14  8.08e-15   346   155     0
3047.08  6.51e-15  7.20e-15   346    30     0
3049.75  2.61e-14  1.35e-14   345   121     0
3052.42 -2.36e-15  6.97e-15   345   -11     0
3055.09  1.65e-14  1.21e-14   345    82     0
3057.76  2.85e-14  1.25e-14   345   140     0
3060.43 -1.32e-15  1.05e-14   344    -6     0
3063.10  1.78e-14  1.22e-14   344    83     0
3065.76  3.19e-14  1.23e-14   344   153     0
3068.43  1.33e-14  1.23e-14   344    62     0
3071.10  8.07e-15  7.12e-15   343    36     0
3073.77  1.14e-14  7.28e-15   343    50     0
3076.44  1.84e-14  1.33e-14   343    85     0
3079.11  3.29e-14  1.26e-14   343   150     0
3081.78  2.38e-14  1.22e-14   342    97     0
3084.45  2.59e-14  1.37e-14   342   104     0
3087.12  4.11e-14  1.15e-14   342   154     0
3089.78  2.72e-14  1.49e-14   341   100     0
3092.45  1.31e-14  1.37e-14   341    51     0
3095.12  5.08e-15  9.43e-15   341    17     0
3097.79  2.66e-14  1.64e-14   341    91     0
3100.46  4.54e-15  1.00e-14   340    16     0
3103.13  2.79e-14  1.12e-14   340    97     0
3105.80  1.75e-14  1.30e-14   340    64     0
3108.47  5.87e-15  9.85e-15   339    21     0
3111.14  3.83e-14  1.23e-14   339   125     0
3113.80  3.76e-15  1.45e-14   339    12     0
3116.47 -5.74e-15  1.32e-14   338   -15     0
3119.14  1.72e-14  1.88e-14   338    46     0
3121.81  2.72e-15  1.49e-14   338     7     0
3124.48  1.49e-16  1.15e-14   338     0     0
3127.15  2.65e-14  1.16e-14   337    72     0
3129.82  1.04e-14  1.50e-14   337    27     0
3132.49 -9.90e-15  1.07e-14   337   -27     0
3135.16  2.87e-14  1.83e-14   336    80     0
3137.82  6.40e-15  1.50e-14   336    17     0
3140.49  2.02e-14  1.25e-14   336    49     0
3143.16  3.34e-14  1.32e-14   335    80     0
3145.83 -4.02e-15  1.24e-14   335    -9     0
3148.50  2.86e-14  2.40e-14   335    66     0
3151.17  5.38e-15  2.13e-14   334    12     0
3153.84  4.46e-14  2.75e-14   334    97     0
3156.51  5.96e-15  1.17e-14   334    14     0
3159.18  3.41e-14  1.75e-14   333    83     0
3161.84  4.63e-14  2.48e-14   333   110     0
3164.51  2.32e-14  2.48e-14   333    54     0
3167.18  1.94e-14  1.33e-14   332    44     0
3169.85  4.20e-14  2.66e-14   332    93     0
3172.52  5.85e-14  2.54e-14   332   114     0
3175.19  3.44e-14  2.40e-14   331    67     0
3177.86  5.22e-14  1.99e-14   331   100     0
3180.53 -8.39e-15  1.65e-14   330   -14     0
3183.20  8.38e-14  3.00e-14   330   141     0
3185.86  2.17e-14  1.41e-14   330    44     0
3188.53  2.65e-14  1.93e-14   329    52     0
3191.20  2.32e-14  2.16e-14   329    40     0
3193.87 -1.38e-14  2.28e-14   329   -23     0
3196.54  2.44e-14  2.83e-14   328    37     0
3199.21  3.93e-14  2.60e-14   328    58     0
3201.88  2.12e-14  1.69e-14   327    36     0
3204.55  1.07e-14  1.67e-14   327    17     0
3207.22  6.76e-15  2.03e-14   327     9     0
3209.88 -1.92e-14  2.91e-14   326   -25     0
3212.55 -1.56e-14  2.41e-14   326   -18     0
3215.22  1.98e-14  2.51e-14   325    22     0
3217.89 -1.45e-15  2.51e-14   325    -1     0
3220.56  5.94e-14  3.74e-14   325    87     0
3223.23  4.16e-14  4.41e-14   324    59     0
3225.90  4.34e-14  2.93e-14   324    47     0
3228.57  6.23e-14  2.91e-14   323    66     0
3231.24  1.13e-14  2.40e-14   323    12     0
3233.90  2.38e-15  3.11e-14   322     2     0
3236.57  5.78e-14  2.86e-14   322    56     0
3239.24  2.99e-14  2.92e-14   322    28     0
3241.91  3.32e-14  3.33e-14   321    28     0
3244.58  4.27e-14  4.56e-14   321    35     0
3247.25  2.15e-14  5.28e-14   320    14     0
3249.92  6.05e-14  5.99e-14   320    38     0
3252.59  2.57e-14  4.31e-14   319    20     0
3255.26  4.32e-14  5.86e-14   319    35     0
3257.92  1.52e-15  3.31e-14   318     1     0
3260.59 -2.03e-14  4.02e-14   318   -13     0
3263.26 -9.12e-14  3.98e-14   317   -60     0
3265.93  1.41e-14  5.18e-14   317     7     0
3268.60  1.21e-14  5.78e-14   316     5     0
3271.27  5.24e-14  6.24e-14   316    41     0
3273.94  7.38e-14  8.16e-14   315    56     0
3276.61  5.48e-14  9.00e-14   315    21     0
3279.28 -6.99e-14  6.95e-14   314   -27     0
3281.94 -1.02e-13  6.17e-14   314   -49     0
3284.61  2.36e-14  5.76e-14   313    11     0
3287.28  1.21e-13  4.41e-14   313    80     0
3289.95  8.05e-14  5.22e-14   312    52     0
3292.62 -3.57e-14  4.84e-14   312   -20     0
3295.29  3.70e-15  1.25e-13   311     1     0
3297.96  1.16e-13  1.18e-13   311    44     0
3300.63 -6.95e-14  7.63e-14   310   -23     0
3303.30  2.20e-13  1.24e-13   310    72     0
3305.96  7.37e-13  6.11e-13   309    44 -4096
3308.63  1.58e-12  9.55e-13   309    91 -4096
3311.30 -1.93e-13  1.90e-13   308   -29 -4096
3313.97  8.41e-14  1.73e-13   308    12     0
3316.64 -7.88e-15  1.17e-13   307    -1     0
3319.31  6.17e-14  1.20e-13   306    13     0
3321.98  1.87e-13  1.10e-13   306    43     0
3324.65  1.26e-13  1.43e-13   305    28     0
3327.32  1.32e-14  1.28e-13   305     4     0
3329.98  2.79e-14  7.72e-14   304     9     0
3332.65  1.87e-13  2.16e-13   303    29     0
3335.32 -1.62e-13  1.93e-13   303   -21     0
3337.99  4.47e-14  2.00e-13   302     5     0
3340.66  3.67e-13  6.40e-13   302    16     0
3343.33  3.43e-13  5.79e-13   301    14     0
3346.00  1.02e-13  1.95e-13   300    13     0
3348.67  7.26e-14  2.00e-13   300     9     0
