NOT ORIGINAL IUE PROJECT DATA PRODUCT
LWR08434LOWLARGE
HD  197481
20:42:06
-31:31:05
48
X-TRAIL
NO
2687.857
04/08/80
02:47:56
217
16.54
16/06/97
GSFC
2444455.61662
65
31
1851.42  5.10e-14  7.61e-14   218    10     0
1854.09  7.19e-15  7.17e-14   218     1     0
1856.76  3.94e-14  7.27e-14   217     8     0
1859.42  1.83e-14  6.85e-14   216     4     0
1862.09  1.29e-14  6.31e-14   216     3     0
1864.76 -2.56e-14  5.92e-14   215    -6     0
1867.43 -2.08e-14  5.69e-14   215    -5     0
1870.10 -1.84e-15  5.11e-14   214     0     0
1872.77  3.14e-14  4.80e-14   214    10     0
1875.44  2.67e-14  4.04e-14   213    10     0
1878.11  1.12e-14  3.72e-14   213     4     0
1880.78  6.78e-14  4.07e-14   212    28     0
1883.44  1.35e-14  3.73e-14   212     5     0
1886.11  4.59e-14  3.76e-14   211    20     0
1888.78 -8.28e-15  3.51e-14   211    -3     0
1891.45  2.75e-14  3.25e-14   211    14     0
1894.12  5.24e-14  3.20e-14   210    28     0
1896.79 -2.11e-14  2.98e-14   210   -11     0
1899.46 -1.21e-14  2.90e-14   210    -6     0
1902.13  6.51e-15  2.89e-14   209     3     0
1904.80  2.01e-14  2.85e-14   209    11     0
1907.46 -2.73e-15  2.73e-14   209    -1     0
1910.13  4.71e-15  2.77e-14   209     2     0
1912.80  2.69e-14  2.75e-14   209    16     0
1915.47  9.78e-15  2.46e-14   208     6     0
1918.14  3.58e-14  2.45e-14   208    25     0
1920.81  1.60e-15  2.18e-14   208     1     0
1923.48  1.29e-14  2.14e-14   208    10     0
1926.15 -1.66e-14  2.38e-14   208   -12     0
1928.82  1.81e-14  2.33e-14   208    13     0
1931.48  7.83e-15  2.12e-14   208     6     0
1934.15 -6.07e-15  2.05e-14   207    -5     0
1936.82 -1.88e-14  1.89e-14   207   -17     0
1939.49 -1.51e-14  1.84e-14   207   -14     0
1942.16  5.52e-15  1.84e-14   207     5     0
1944.83  1.62e-14  1.83e-14   207    16     0
1947.50  3.12e-14  1.80e-14   207    32     0
1950.17  1.70e-14  1.76e-14   207    17     0
1952.84  1.95e-14  1.73e-14   207    20     0
1955.50  1.09e-14  1.67e-14   207    11     0
1958.17  7.01e-17  1.61e-14   207     0     0
1960.84 -2.00e-14  1.57e-14   207   -23     0
1963.51  7.64e-15  1.55e-14   207     9     0
1966.18  1.34e-14  1.57e-14   208    15     0
1968.85 -2.91e-15  1.51e-14   208    -3     0
1971.52  7.09e-15  1.52e-14   208     8     0
1974.19  4.16e-16  1.49e-14   208     0     0
1976.86  8.41e-15  1.42e-14   208    11     0
1979.52 -1.27e-14  1.38e-14   208   -17     0
1982.19  1.31e-14  1.41e-14   208    17     0
1984.86  4.78e-15  1.38e-14   208     6     0
1987.53 -5.81e-16  1.39e-14   208     0     0
1990.20  2.01e-14  1.42e-14   209    27     0
1992.87  1.45e-14  1.40e-14   209    20     0
1995.54  5.27e-15  1.37e-14   209     7     0
1998.21  9.39e-15  1.38e-14   209    13     0
2000.88 -6.41e-15  1.28e-14   209    -9     0
2003.54 -4.80e-15  1.28e-14   210    -7     0
2006.21  9.53e-15  1.33e-14   210    14     0
2008.88 -1.95e-15  1.31e-14   210    -2     0
2011.55 -3.16e-15  1.24e-14   210    -5     0
2014.22  5.48e-15  1.24e-14   210     8     0
2016.89  4.34e-15  1.22e-14   211     7     0
2019.56  3.30e-15  1.20e-14   211     5     0
2022.23  3.15e-15  1.29e-14   211     4     0
2024.90  2.28e-14  1.31e-14   211    36     0
2027.56  6.57e-15  1.23e-14   212    11     0
2030.23  2.82e-15  1.15e-14   212     5     0
2032.90 -5.28e-15  1.15e-14   212    -9     0
2035.57  7.85e-15  1.24e-14   213    13     0
2038.24  3.39e-15  1.24e-14   213     5     0
2040.91 -6.82e-15  1.18e-14   213   -12     0
2043.58 -8.54e-16  1.18e-14   213    -1     0
2046.25  4.38e-15  1.28e-14   214     7     0
2048.92  2.31e-16  1.41e-14   214     0 -4096
2051.58 -6.10e-15  1.38e-14   214   -11 -4096
2054.25 -9.69e-16  1.27e-14   215    -1     0
2056.92  4.75e-15  1.21e-14   215     8     0
2059.59  7.63e-15  1.19e-14   215    14     0
2062.26  2.68e-15  1.26e-14   216     4     0
2064.93 -6.44e-15  1.25e-14   216   -11     0
2067.60 -7.94e-15  1.15e-14   216   -15     0
2070.27 -1.19e-15  1.16e-14   217    -2     0
2072.94 -3.02e-15  1.16e-14   217    -5     0
2075.60 -1.17e-14  1.22e-14   217   -21     0
2078.27 -7.39e-15  1.22e-14   218   -13     0
2080.94 -9.92e-15  1.25e-14   218   -18     0
2083.61  1.01e-14  1.27e-14   218    18     0
2086.28 -1.91e-15  1.14e-14   219    -3     0
2088.95 -1.04e-14  1.15e-14   219   -20     0
2091.62 -5.60e-15  1.29e-14   219   -10     0
2094.29  6.79e-15  1.32e-14   220    12     0
2096.96  2.32e-16  1.20e-14   220     0     0
2099.62 -1.72e-15  1.22e-14   220    -3     0
2102.29 -5.26e-15  1.27e-14   221    -9     0
2104.96 -5.01e-15  1.28e-14   221    -9     0
2107.63 -7.11e-15  1.27e-14   222   -13     0
2110.30  8.95e-15  1.30e-14   222    16     0
2112.97 -4.07e-15  1.28e-14   222    -7     0
2115.64  1.52e-14  1.41e-14   223    26     0
2118.31  7.85e-15  1.39e-14   223    13     0
2120.98  1.36e-14  1.31e-14   223    25     0
2123.65  5.64e-15  1.30e-14   224    10     0
2126.31 -9.71e-15  1.31e-14   224   -18     0
2128.98 -3.02e-16  1.32e-14   225     0     0
2131.65 -3.74e-15  1.29e-14   225    -7     0
2134.32 -1.13e-14  1.29e-14   225   -21     0
2136.99 -2.58e-14  1.34e-14   226   -48     0
2139.66  2.29e-15  1.34e-14   226     4     0
2142.33 -1.29e-14  1.30e-14   227   -25     0
2145.00 -1.18e-14  1.30e-14   227   -23     0
2147.67 -1.54e-14  1.40e-14   227   -28     0
2150.33 -4.49e-15  1.38e-14   228    -8     0
2153.00 -3.46e-14  1.38e-14   228   -64     0
2155.67  8.78e-15  1.45e-14   228    15     0
2158.34  4.36e-15  1.45e-14   229     7     0
2161.01 -1.59e-14  1.42e-14   229   -29     0
2163.68 -4.67e-15  1.42e-14   230    -8     0
2166.35 -1.10e-15  1.40e-14   230    -2     0
2169.02  1.77e-15  1.40e-14   230     3     0
2171.69 -1.20e-14  1.47e-14   231   -21     0
2174.35 -1.50e-14  1.47e-14   231   -27     0
2177.02 -1.37e-14  1.48e-14   232   -24     0
2179.69 -2.43e-14  1.49e-14   232   -43     0
2182.36 -9.26e-15  1.36e-14   232   -18     0
2185.03  1.49e-14  1.44e-14   233    28     0
2187.70 -3.33e-14  1.49e-14   233   -63     0
2190.37 -4.93e-15  2.74e-14   233    -9     0
2193.04  5.83e-15  3.50e-14   234    11     0
2195.71 -8.05e-15  1.44e-14   234   -15     0
2198.37  6.53e-15  1.42e-14   235    12     0
2201.04 -1.34e-14  1.42e-14   235   -26     0
2203.71 -3.23e-15  1.41e-14   235    -6     0
2206.38 -1.02e-14  1.42e-14   236   -20     0
2209.05  3.63e-15  1.41e-14   236     7     0
2211.72  6.32e-15  1.36e-14   236    13     0
2214.39 -1.24e-14  1.37e-14   237   -25     0
2217.06 -1.97e-14  1.50e-14   237   -37     0
2219.73 -2.50e-14  1.51e-14   238   -47     0
2222.39  9.04e-15  1.47e-14   238    17     0
2225.06  1.15e-15  1.47e-14   238     2     0
2227.73 -1.18e-14  1.46e-14   239   -23     0
2230.40 -1.22e-14  1.44e-14   239   -24     0
2233.07  7.07e-15  1.43e-14   239    14     0
2235.74  2.09e-14  1.43e-14   240    43     0
2238.41 -4.06e-15  1.38e-14   240    -8     0
2241.08 -1.42e-14  1.43e-14   241   -29     0
2243.75 -2.06e-14  1.42e-14   241   -42     0
2246.41  1.63e-15  1.28e-14   241     3     0
2249.08 -1.20e-14  1.27e-14   242   -28     0
2251.75 -2.72e-15  1.30e-14   242    -6     0
2254.42  6.58e-15  1.29e-14   242    15     0
2257.09 -1.66e-14  1.34e-14   243   -37     0
2259.76 -9.02e-15  1.34e-14   243   -20     0
2262.43 -3.44e-15  1.33e-14   243    -7     0
2265.10  3.07e-14  1.96e-14   244    74     0
2267.77  4.26e-14  3.31e-14   244   104     0
2270.43  4.78e-16  1.21e-14   244     1     0
2273.10 -1.37e-14  1.17e-14   245   -35     0
2275.77  1.22e-15  1.22e-14   245     3     0
2278.44 -1.39e-14  1.20e-14   245   -35     0
2281.11  2.71e-14  1.48e-14   246    62     0
2283.78  1.32e-14  1.33e-14   246    31     0
2286.45  5.39e-15  1.05e-14   247    16     0
2289.12 -6.53e-15  1.05e-14   247   -19     0
2291.79  6.74e-15  1.13e-14   247    18     0
2294.45  5.82e-15  1.13e-14   248    16     0
2297.12  1.65e-14  1.31e-14   248    43     0
2299.79  5.19e-15  1.19e-14   248    13     0
2302.46 -1.86e-16  1.13e-14   249     0     0
2305.13  6.44e-16  1.19e-14   249     1     0
2307.80 -5.94e-15  1.17e-14   249   -16     0
2310.47  2.61e-14  1.14e-14   250    75     0
2313.14  8.28e-15  1.10e-14   250    24     0
2315.81 -8.55e-16  1.13e-14   250    -2     0
2318.47  1.67e-14  1.18e-14   250    48     0
2321.14 -1.03e-14  1.05e-14   251   -31     0
2323.81  3.32e-14  1.12e-14   251   104     0
2326.48  3.03e-14  1.09e-14   251   105     0
2329.15  2.07e-14  1.95e-14   252    73     0
2331.82  1.25e-14  9.55e-15   252    43     0
2334.49  1.73e-14  1.34e-14   252    61     0
2337.16  2.63e-14  1.01e-14   253    97     0
2339.83  3.72e-14  1.82e-14   253   140     0
2342.49  1.91e-14  1.03e-14   253    70     0
2345.16  1.30e-14  8.83e-15   254    50     0
2347.83  1.40e-14  8.72e-15   254    54     0
2350.50  2.75e-14  9.61e-15   254   104     0
2353.17  6.26e-15  8.75e-15   255    24     0
2355.84  2.40e-15  8.71e-15   255     9     0
2358.51  1.12e-14  8.75e-15   255    43     0
2361.18 -1.54e-15  8.39e-15   255    -6     0
2363.85 -1.32e-16  8.34e-15   256     0     0
2366.51  1.05e-14  9.03e-15   256    39     0
2369.18  1.37e-14  1.00e-14   256    52     0
2371.85  1.76e-14  1.15e-14   257    69     0
2374.52  3.48e-14  1.52e-14   257   139     0
2377.19  2.63e-14  1.06e-14   257   110     0
2379.86  1.02e-14  8.19e-15   257    43     0
2382.53  1.55e-14  8.71e-15   258    62     0
2385.20  2.17e-14  8.98e-15   258    86     0
2387.87  4.24e-14  9.27e-15   258   169     0
2390.53  2.28e-14  1.10e-14   259    93     0
2393.20  4.08e-14  1.56e-14   259   168     0
2395.87  2.18e-14  7.99e-15   259    98     0
2398.54  8.86e-15  1.05e-14   259    40     0
2401.21  7.40e-15  8.01e-15   260    32     0
2403.88  1.53e-14  8.07e-15   260    67     0
2406.55  1.45e-14  7.93e-15   260    65     0
2409.22  2.10e-14  1.32e-14   260    96     0
2411.89  2.31e-14  8.38e-15   261   106     0
2414.55  7.85e-15  7.68e-15   261    36     0
2417.22  6.48e-15  7.81e-15   261    29     0
2419.89 -2.18e-15  7.67e-15   262   -10     0
2422.56  2.58e-14  8.77e-15   262   117     0
2425.23  1.05e-14  8.14e-15   262    51     0
2427.90  1.33e-14  1.26e-14   262    66     0
2430.57  2.13e-14  1.73e-14   263   103     0
2433.24  2.26e-16  7.27e-15   263     1     0
2435.91  9.64e-15  7.67e-15   263    46     0
2438.57  2.31e-14  8.59e-15   263   113     0
2441.24 -1.98e-15  7.18e-15   264   -10     0
2443.91  3.04e-14  1.95e-14   264   159     0
2446.58  1.29e-14  6.86e-15   264    69     0
2449.25  1.61e-14  6.85e-15   264    87     0
2451.92  1.10e-14  6.51e-15   265    62     0
2454.59  5.97e-15  6.38e-15   265    34     0
2457.26  2.32e-14  7.56e-15   265   128     0
2459.93 -7.39e-15  6.51e-15   265   -41     0
2462.59  2.39e-15  6.27e-15   266    13     0
2465.26  1.05e-14  6.29e-15   266    62     0
2467.93  2.24e-14  8.00e-15   266   133     0
2470.60  7.93e-15  6.52e-15   266    45     0
2473.27  1.41e-14  6.58e-15   267    80     0
2475.94  2.20e-14  8.13e-15   267   127     0
2478.61  1.63e-14  7.89e-15   267    94     0
2481.28  8.15e-15  6.38e-15   267    47     0
2483.95  1.19e-14  6.44e-15   267    69     0
2486.61  1.39e-14  7.44e-15   268    87     0
2489.28  4.81e-15  5.93e-15   268    30     0
2491.95  1.19e-14  7.00e-15   268    64     0
2494.62  1.61e-14  7.20e-15   268    86     0
2497.29  9.20e-15  6.43e-15   269    53     0
2499.96 -1.24e-16  6.31e-15   269     0     0
2502.63  1.04e-14  5.95e-15   269    66     0
2505.30  1.04e-14  1.24e-14   269    62     0
2507.97  1.14e-14  6.50e-15   269    69     0
2510.63  7.12e-15  5.79e-15   270    46     0
2513.30  1.44e-14  1.02e-14   270    95     0
2515.97  1.78e-14  1.18e-14   270   106     0
2518.64  1.33e-14  6.44e-15   270    79     0
2521.31  8.51e-15  6.12e-15   271    52     0
2523.98  5.13e-15  6.03e-15   271    32     0
2526.65  8.56e-15  5.80e-15   271    56     0
2529.32  8.52e-15  5.81e-15   271    55     0
2531.99  7.32e-15  5.76e-15   271    48     0
2534.65  1.27e-14  5.84e-15   272    84     0
2537.32  5.97e-15  5.41e-15   272    42     0
2539.99  6.47e-15  5.42e-15   272    45     0
2542.66  1.16e-14  5.32e-15   272    84     0
2545.33  9.71e-15  7.04e-15   272    70     0
2548.00  2.78e-14  9.03e-15   273   204     0
2550.67  2.21e-15  5.43e-15   273    15     0
2553.34  1.16e-14  6.30e-15   273    82     0
2556.01  9.09e-15  9.06e-15   273    63     0
2558.67  1.48e-14  9.35e-15   273   104     0
2561.34  1.03e-14  5.34e-15   274    75     0
2564.01  1.49e-14  5.36e-15   274   109     0
2566.68  1.16e-14  5.81e-15   274    90     0
2569.35  3.32e-15  4.86e-15   274    26     0
2572.02  1.54e-14  7.55e-15   274   116     0
2574.69  1.39e-14  5.63e-15   275   105     0
2577.36  1.02e-14  5.90e-15   275    74 -4096
2580.03  1.05e-14  6.28e-15   275    82 -4096
2582.69  9.84e-15  5.41e-15   275    77     0
2585.36  1.63e-14  5.59e-15   275   120     0
2588.03  2.09e-14  8.85e-15   276   156     0
2590.70  7.84e-15  5.03e-15   276    60     0
2593.37  1.49e-14  5.10e-15   276   116     0
2596.04  1.40e-14  4.98e-15   276   111     0
2598.71  2.98e-14  9.52e-15   276   240     0
2601.38  2.30e-14  5.42e-15   276   182     0
2604.05  2.54e-14  5.34e-15   277   203     0
2606.71  1.59e-14  5.72e-15   277   139     0
2609.38  1.00e-14  5.17e-15   277    89     0
2612.05  2.23e-14  7.53e-15   277   188     0
2614.72  2.81e-14  7.50e-15   277   240     0
2617.39  7.46e-15  4.75e-15   278    62     0
2620.06  2.50e-14  8.32e-15   278   217     0
2622.73  1.97e-14  6.01e-15   278   173     0
2625.40  2.88e-14  8.39e-15   278   246     0
2628.07  2.66e-14  8.27e-15   278   228     0
2630.73  3.99e-14  8.30e-15   278   350     0
2633.40  2.33e-14  8.41e-15   279   204     0
2636.07  1.38e-14  8.03e-15   279   117     0
2638.74  1.37e-14  4.95e-15   279   115     0
2641.41  1.16e-15  4.31e-15   279    10     0
2644.08 -6.33e-16  4.30e-15   279    -5     0
2646.75  1.71e-15  4.53e-15   279    14     0
2649.42  8.20e-15  5.14e-15   280    69     0
2652.09  5.70e-15  6.27e-15   280    50     0
2654.75  8.24e-15  4.48e-15   280    73     0
2657.42 -1.42e-15  4.43e-15   280   -12     0
2660.09  1.38e-14  4.90e-15   280   128     0
2662.76  7.44e-15  4.31e-15   280    69     0
2665.43  5.89e-15  4.20e-15   280    54     0
2668.10  1.48e-15  4.13e-15   281    13     0
2670.77  4.97e-15  4.12e-15   281    46     0
2673.44  1.24e-15  4.05e-15   281    11     0
2676.11 -4.27e-15  4.10e-15   281   -40     0
2678.77 -2.84e-15  4.05e-15   281   -27     0
2681.44  2.00e-16  4.02e-15   281     1     0
2684.11 -1.20e-15  3.97e-15   281   -11     0
2686.78 -4.55e-15  3.99e-15   282   -43     0
2689.45  7.39e-15  6.60e-15   282    71     0
2692.12  8.78e-15  4.25e-15   282    81     0
2694.79  3.07e-15  4.17e-15   282    28     0
2697.46  7.28e-15  4.57e-15   282    62     0
2700.13  4.42e-15  4.03e-15   282    43     0
2702.79  6.82e-15  3.97e-15   282    67     0
2705.46  8.42e-17  4.14e-15   282     0     0
2708.13  1.29e-14  4.29e-15   282   119     0
2710.80  6.89e-15  4.02e-15   283    66     0
2713.47  9.60e-15  4.70e-15   283    93     0
2716.14  9.17e-15  4.59e-15   283    87     0
2718.81  6.44e-15  5.31e-15   283    61     0
2721.48 -4.07e-15  4.14e-15   283   -37     0
2724.15  9.25e-15  4.34e-15   283    85     0
2726.81  1.84e-14  6.95e-15   283   184     0
2729.48  2.69e-15  3.79e-15   283    27     0
2732.15  2.57e-15  5.65e-15   283    24     0
2734.82  1.65e-14  6.88e-15   284   155     0
2737.49  9.83e-15  4.05e-15   284    95     0
2740.16  9.52e-15  6.60e-15   284    91     0
2742.83  2.75e-14  8.15e-15   284   263     0
2745.50  1.60e-14  6.60e-15   284   158     0
2748.17  1.49e-14  6.61e-15   284   147     0
2750.83  1.45e-14  5.94e-15   284   141     0
2753.50  2.44e-14  7.22e-15   284   238     0
2756.17  2.23e-14  7.68e-15   284   225     0
2758.84  1.09e-14  4.19e-15   284   110     0
2761.51  1.11e-14  5.85e-15   284   109     0
2764.18  9.17e-15  5.52e-15   284    90     0
2766.85  1.39e-14  4.89e-15   285   132     0
2769.52 -3.49e-15  3.97e-15   285   -33     0
2772.19  1.92e-15  4.00e-15   285    18     0
2774.85 -3.86e-15  4.00e-15   285   -36     0
2777.52  1.06e-14  4.24e-15   285   102     0
2780.19  7.42e-15  4.64e-15   285    71 -4096
2782.86 -1.03e-15  4.31e-15   285    -9 -4096
2785.53  9.55e-15  4.53e-15   285    92     0
2788.20  1.06e-14  4.10e-15   285   102     0
2790.87  3.18e-14  1.15e-14   285   326     0
2793.54  9.12e-14  2.52e-14   285   932     0
2796.21  1.21e-13  2.88e-14   285  1170     0
2798.87  1.42e-13  3.47e-14   285  1366     0
2801.54  1.25e-13  3.07e-14   285  1238     0
2804.21  1.15e-13  3.02e-14   285  1145     0
2806.88  6.11e-14  1.50e-14   285   567     0
2809.55  3.29e-14  9.95e-15   285   304     0
2812.22  1.19e-14  6.51e-15   285   117     0
2814.89  6.61e-15  4.06e-15   285    65     0
2817.56  2.61e-15  4.24e-15   285    25     0
2820.23  5.21e-15  3.89e-15   285    50     0
2822.90  7.71e-15  3.89e-15   285    75     0
2825.56  1.47e-14  5.08e-15   285   132     0
2828.23  1.49e-15  4.10e-15   285    13     0
2830.90  1.09e-14  4.88e-15   285    97     0
2833.57  1.37e-14  5.26e-15   285   121     0
2836.24  6.01e-15  4.06e-15   285    55     0
2838.91  4.23e-15  4.47e-15   285    38     0
2841.58  1.40e-14  4.32e-15   285   147     0
2844.25  3.44e-15  3.51e-15   285    36     0
2846.92  1.19e-14  3.93e-15   285   115     0
2849.58  1.79e-14  5.30e-15   285   172     0
2852.25  6.09e-15  5.53e-15   285    59     0
2854.92  1.08e-14  5.75e-15   285   105     0
2857.59  1.42e-14  7.37e-15   285   137     0
2860.26  1.23e-14  5.93e-15   285   117     0
2862.93  1.20e-14  5.52e-15   285   114     0
2865.60  8.41e-15  3.73e-15   285    83     0
2868.27  1.62e-14  6.63e-15   285   161     0
2870.94  1.29e-14  5.36e-15   285   120     0
2873.60  1.27e-14  7.65e-15   285   119     0
2876.27  3.30e-15  5.32e-15   285    29     0
2878.94  1.90e-14  5.49e-15   285   171     0
2881.61  1.06e-14  4.81e-15   285    99     0
2884.28  1.98e-14  7.79e-15   284   184     0
2886.95  1.11e-14  4.06e-15   284   103     0
2889.62  1.15e-14  4.77e-15   284   106     0
2892.29  9.50e-15  5.40e-15   284    87     0
2894.96  6.62e-15  6.10e-15   284    60     0
2897.62  7.17e-15  4.01e-15   284    64     0
2900.29  2.05e-14  6.51e-15   284   193     0
2902.96  3.77e-15  4.18e-15   284    35     0
2905.63  1.25e-14  9.42e-15   284   102     0
2908.30  5.45e-15  5.61e-15   284    44     0
2910.97  8.99e-15  6.69e-15   283    77     0
2913.64  1.14e-14  5.31e-15   283    97     0
2916.31  9.74e-15  5.59e-15   283    85     0
2918.98  1.33e-14  8.08e-15   283   114     0
2921.64  1.62e-14  6.64e-15   283   128     0
2924.31  2.02e-14  8.63e-15   283   157     0
2926.98  2.66e-14  7.12e-15   283   215     0
2929.65  2.28e-14  7.93e-15   282   182     0
2932.32  6.77e-15  6.10e-15   282    57     0
2934.99  1.46e-14  5.68e-15   282   122     0
2937.66  1.35e-14  7.78e-15   282   100     0
2940.33  1.57e-14  7.61e-15   282   131     0
2943.00  7.22e-15  4.20e-15   282    60     0
2945.66  1.45e-14  6.40e-15   281   112     0
2948.33  1.79e-14  7.23e-15   281   138     0
2951.00  2.00e-14  6.87e-15   281   154     0
2953.67  2.52e-14  8.18e-15   281   193     0
2956.34  1.40e-14  5.06e-15   281   114     0
2959.01  1.11e-14  4.63e-15   281    90     0
2961.68  1.14e-14  6.00e-15   280    84     0
2964.35  9.73e-15  5.27e-15   280    71     0
2967.02  1.40e-14  7.23e-15   280   106     0
2969.68  1.07e-14  5.31e-15   280    80     0
2972.35  1.24e-14  6.03e-15   279    89     0
2975.02  3.02e-14  8.46e-15   279   204     0
2977.69  2.03e-14  1.05e-14   279   136     0
2980.36  1.28e-14  7.79e-15   279    92     0
2983.03  1.16e-14  5.50e-15   278    82     0
2985.70  1.36e-14  5.18e-15   278    95     0
2988.37  2.01e-14  5.56e-15   278   139     0
2991.04  2.11e-14  8.10e-15   278   140     0
2993.70  1.22e-14  8.52e-15   277    80     0
2996.37  2.46e-14  7.66e-15   277   171     0
2999.04  1.11e-14  4.90e-15   277    76     0
3001.71  1.32e-14  1.11e-14   277    86     0
3004.38  2.84e-14  1.25e-14   276   184     0
3007.05  1.40e-14  6.58e-15   276    98     0
3009.72  1.46e-14  4.92e-15   276   101     0
3012.39  1.85e-14  6.62e-15   275   113     0
3015.06  1.88e-15  6.43e-15   275    11     0
3017.72  8.50e-15  5.83e-15   275    50     0
3020.39  9.66e-15  5.36e-15   275    60     0
3023.06  8.76e-15  5.32e-15   274    53     0
3025.73  1.45e-14  6.83e-15   274    87     0
3028.40  8.27e-15  6.15e-15   274    48     0
3031.07  1.06e-14  5.84e-15   273    60     0
3033.74  1.90e-14  9.99e-15   273   106     0
3036.41  5.30e-15  8.08e-15   273    29     0
3039.08  6.79e-15  9.27e-15   272    37     0
3041.74  1.22e-14  1.02e-14   272    67     0
3044.41  2.10e-14  6.75e-15   271   115     0
3047.08  3.10e-15  6.59e-15   271    14     0
3049.75  3.09e-14  1.35e-14   271   144     0
3052.42  8.20e-15  6.46e-15   270    40     0
3055.09  1.54e-14  1.31e-14   270    77     0
3057.76  2.35e-14  9.20e-15   270   116     0
3060.43 -1.58e-15  6.50e-15   269    -7     0
3063.10  1.78e-14  8.93e-15   269    83     0
3065.76  2.96e-14  1.33e-14   268   142     0
3068.43  8.79e-15  8.40e-15   268    41     0
3071.10  1.84e-14  6.95e-15   268    83     0
3073.77  8.65e-15  7.17e-15   267    38     0
3076.44  1.23e-14  1.25e-14   267    57     0
3079.11  2.28e-14  9.59e-15   266   104     0
3081.78  2.15e-14  7.71e-15   266    88     0
3084.45  2.98e-14  8.75e-15   266   120     0
3087.12  3.66e-14  8.67e-15   265   138     0
3089.78  2.57e-14  1.09e-14   265    95     0
3092.45  1.26e-14  8.76e-15   264    49     0
3095.12 -6.56e-16  1.12e-14   264    -2     0
3097.79  3.88e-14  1.90e-14   263   134     0
3100.46  2.59e-14  1.20e-14   263    93     0
3103.13  2.44e-14  1.24e-14   262    86     0
3105.80  1.80e-14  8.21e-15   262    66     0
3108.47  4.99e-15  8.17e-15   262    18     0
3111.14  3.18e-14  1.13e-14   261   105     0
3113.80  1.66e-14  1.47e-14   261    53     0
3116.47 -4.60e-15  1.03e-14   260   -12     0
3119.14  3.47e-14  1.79e-14   260    95     0
3121.81  3.34e-14  1.79e-14   259    98     0
3124.48  3.05e-14  1.46e-14   259    88     0
3127.15  4.09e-14  1.52e-14   258   112     0
3129.82  1.70e-14  1.31e-14   258    45     0
3132.49  7.81e-15  1.02e-14   257    22     0
3135.16  4.04e-14  1.66e-14   257   113     0
3137.82  7.37e-15  1.25e-14   256    20     0
3140.49  1.23e-14  1.15e-14   256    30     0
3143.16  3.07e-14  1.37e-14   255    74     0
3145.83 -5.14e-15  1.18e-14   255   -12     0
3148.50  3.74e-14  2.41e-14   254    87     0
3151.17  2.49e-15  1.33e-14   254     5     0
3153.84  4.26e-14  1.99e-14   253    93     0
3156.51  1.97e-14  1.17e-14   253    49     0
3159.18  4.03e-14  1.89e-14   252    99     0
3161.84  2.63e-14  1.76e-14   251    62     0
3164.51  2.24e-14  2.20e-14   251    52     0
3167.18  2.60e-14  2.39e-14   250    59     0
3169.85  2.66e-14  1.51e-14   250    59     0
3172.52  4.57e-14  2.66e-14   249    90     0
3175.19  2.36e-14  1.80e-14   249    46     0
3177.86  2.87e-14  1.51e-14   248    55     0
3180.53  2.03e-16  1.57e-14   248     0     0
3183.20  6.67e-14  2.50e-14   247   112     0
3185.86  2.24e-14  1.37e-14   247    46     0
3188.53  3.48e-14  2.02e-14   246    69     0
3191.20  2.89e-14  2.09e-14   245    50     0
3193.87  4.26e-15  1.62e-14   245     7     0
3196.54  3.88e-15  2.31e-14   244     6     0
3199.21  2.41e-14  1.95e-14   244    36     0
3201.88  2.91e-14  1.70e-14   243    50     0
3204.55  1.06e-14  1.57e-14   243    17     0
3207.22  8.78e-15  1.92e-14   242    12     0
3209.88  1.44e-15  2.22e-14   242     1     0
3212.55  1.81e-14  2.72e-14   241    21     0
3215.22 -2.93e-14  2.31e-14   240   -33     0
3217.89 -9.40e-15  2.37e-14   240   -10     0
3220.56  4.94e-14  3.19e-14   239    72     0
3223.23  4.50e-14  2.99e-14   239    64     0
3225.90  6.09e-14  2.64e-14   238    67     0
3228.57  4.56e-14  2.51e-14   238    49     0
3231.24 -1.69e-14  2.25e-14   237   -19     0
3233.90 -9.94e-15  2.62e-14   236   -11     0
3236.57  2.89e-14  2.76e-14   236    28     0
3239.24  9.18e-15  2.90e-14   235     8     0
3241.91 -1.43e-14  2.99e-14   235   -12     0
3244.58  1.16e-15  3.27e-14   234     0     0
3247.25 -3.00e-14  3.85e-14   234   -19     0
3249.92  1.45e-14  4.18e-14   233     9     0
3252.59  3.89e-14  3.22e-14   233    31     0
3255.26  4.98e-14  5.44e-14   232    41     0
3257.92 -1.08e-14  3.11e-14   231    -8     0
3260.59  1.95e-14  3.65e-14   231    13     0
3263.26 -7.84e-14  3.74e-14   230   -52     0
3265.93  6.93e-14  4.95e-14   230    35     0
3268.60  3.75e-14  7.69e-14   229    18     0
3271.27  3.54e-14  5.28e-14   229    28     0
3273.94  5.24e-14  6.66e-14   228    40     0
3276.61  4.84e-14  6.65e-14   228    19     0
3279.28 -4.39e-14  6.31e-14   227   -17     0
3281.94  2.26e-15  5.09e-14   227     1     0
3284.61  1.29e-13  5.96e-14   226    61     0
3287.28  8.37e-14  4.14e-14   226    55     0
3289.95  4.04e-14  3.79e-14   225    26     0
3292.62  5.36e-15  4.21e-14   225     3     0
3295.29  6.42e-14  1.05e-13   224    25     0
3297.96  1.50e-13  9.58e-14   224    58     0
3300.63  5.13e-14  7.27e-14   223    17     0
3303.30  1.27e-13  8.31e-14   223    41     0
3305.96  1.02e-12  4.71e-13   222    61 -4096
3308.63  1.61e-12  1.19e-12   222    94 -4096
3311.30 -1.05e-13  1.79e-13   222   -16 -4096
3313.97  2.39e-13  1.66e-13   221    35     0
3316.64 -3.07e-14  1.10e-13   221    -6     0
3319.31 -1.09e-13  1.13e-13   220   -23     0
3321.98 -3.19e-14  1.02e-13   220    -7     0
3324.65  2.77e-13  1.15e-13   219    62     0
3327.32  2.42e-13  1.25e-13   219    87     0
3329.98  3.66e-14  6.96e-14   219    12     0
3332.65  9.31e-14  2.10e-13   218    14     0
3335.32 -4.99e-14  1.83e-13   218    -6     0
3337.99 -1.19e-13  1.89e-13   218   -15     0
3340.66 -1.65e-13  5.30e-13   217    -7     0
3343.33  3.15e-13  5.49e-13   217    13     0
3346.00 -2.15e-13  1.84e-13   217   -27     0
3348.67 -1.79e-13  1.90e-13   216   -22     0
