NOT ORIGINAL IUE PROJECT DATA PRODUCT
LWR08452LOWLARGE
HD  197481
20:42:04
-31:31:05
52
X-TRAIL
NO
3585.056
06/08/80
18:31:24
219
17.20
28/06/97
VILSPA
2444458.27181
0
30
1851.42  8.72e-14  5.58e-14   184    24     0
1854.09  6.75e-14  5.27e-14   183    20     0
1856.76  1.08e-13  5.39e-14   183    31     0
1859.42  7.51e-14  5.03e-14   182    23     0
1862.09  9.00e-15  4.53e-14   182     3     0
1864.76  3.00e-15  4.25e-14   181     1     0
1867.43  2.82e-14  4.14e-14   181    10     0
1870.10 -3.87e-14  3.67e-14   180   -16     0
1872.77 -6.14e-16  3.41e-14   180     0     0
1875.44 -2.74e-14  2.88e-14   179   -14     0
1878.11  8.55e-15  2.67e-14   179     5     0
1880.78  2.35e-14  2.87e-14   178    12     0
1883.44 -2.20e-15  2.68e-14   178    -1     0
1886.11  4.19e-14  2.72e-14   178    24     0
1888.78  3.97e-14  2.59e-14   177    24     0
1891.45  2.01e-14  2.33e-14   177    13     0
1894.12  3.19e-14  2.29e-14   177    22     0
1896.79 -2.82e-16  2.14e-14   176     0     0
1899.46  2.09e-15  2.08e-14   176     1     0
1902.13 -2.43e-15  2.07e-14   176    -1     0
1904.80 -9.49e-16  2.02e-14   176     0     0
1907.46  9.32e-15  1.98e-14   175     7     0
1910.13 -2.53e-15  1.99e-14   175    -2     0
1912.80  9.50e-16  1.94e-14   175     0     0
1915.47  1.78e-14  1.80e-14   175    16     0
1918.14  1.94e-14  1.75e-14   175    18     0
1920.81  5.99e-15  1.58e-14   175     6     0
1923.48  2.44e-14  1.58e-14   175    26     0
1926.15  6.15e-15  1.72e-14   175     5     0
1928.82  1.14e-14  1.68e-14   174    11     0
1931.48  1.90e-14  1.55e-14   174    20     0
1934.15  8.23e-15  1.49e-14   174     9     0
1936.82  3.78e-15  1.36e-14   174     4     0
1939.49  7.59e-15  1.33e-14   174     9     0
1942.16  2.80e-16  1.33e-14   174     0     0
1944.83  1.39e-14  1.32e-14   174    18     0
1947.50  8.30e-15  1.27e-14   174    11     0
1950.17 -4.98e-15  1.25e-14   174    -6     0
1952.84  2.35e-14  1.27e-14   174    33     0
1955.50  7.89e-15  1.21e-14   174    11     0
1958.17 -1.23e-15  1.17e-14   174    -1     0
1960.84 -1.40e-14  1.13e-14   175   -21     0
1963.51  3.39e-15  1.11e-14   175     5     0
1966.18 -1.04e-14  1.11e-14   175   -16     0
1968.85 -4.18e-16  1.09e-14   175     0     0
1971.52  5.49e-16  1.09e-14   175     0     0
1974.19  4.72e-15  1.08e-14   175     7     0
1976.86  1.15e-14  1.04e-14   175    20     0
1979.52 -3.06e-15  1.00e-14   175    -5     0
1982.19 -4.45e-15  1.01e-14   175    -8     0
1984.86  6.00e-15  1.00e-14   176    11     0
1987.53  3.91e-15  1.01e-14   176     7     0
1990.20  1.87e-14  1.04e-14   176    34     0
1992.87  7.09e-15  1.00e-14   176    13     0
1995.54  9.22e-15  1.00e-14   176    17     0
1998.21  1.05e-14  1.00e-14   176    19     0
2000.88 -2.86e-15  9.28e-15   177    -5     0
2003.54 -6.93e-15  9.27e-15   177   -14     0
2006.21  1.06e-15  9.49e-15   177     2     0
2008.88  4.22e-15  9.53e-15   177     8     0
2011.55  7.56e-15  9.07e-15   178    16     0
2014.22  4.34e-15  8.99e-15   178     9     0
2016.89  2.91e-15  8.86e-15   178     6     0
2019.56  8.29e-15  8.83e-15   178    18     0
2022.23  1.22e-14  9.55e-15   178    25     0
2024.90  8.06e-15  9.31e-15   179    17     0
2027.56  6.66e-15  8.98e-15   179    14     0
2030.23 -2.85e-15  8.35e-15   179    -6     0
2032.90 -6.95e-15  8.36e-15   179   -16     0
2035.57 -1.80e-15  8.93e-15   180    -4     0
2038.24 -1.86e-15  8.97e-15   180    -4     0
2040.91 -2.64e-15  8.55e-15   180    -6     0
2043.58 -2.04e-15  8.60e-15   180    -4     0
2046.25 -7.28e-15  9.27e-15   181   -16     0
2048.92  8.83e-16  1.03e-14   181     2 -4096
2051.58 -2.52e-15  9.75e-15   181    -6 -4096
2054.25  3.63e-15  9.26e-15   182     8     0
2056.92 -6.89e-15  8.79e-15   182   -16     0
2059.59  6.17e-16  8.57e-15   182     1     0
2062.26  6.85e-15  9.27e-15   182    15     0
2064.93  5.96e-15  9.20e-15   183    13     0
2067.60 -2.46e-15  8.40e-15   183    -6     0
2070.27  1.41e-14  8.73e-15   183    35     0
2072.94  5.27e-15  8.54e-15   184    13     0
2075.60 -1.33e-14  8.87e-15   184   -32     0
2078.27 -3.66e-15  8.90e-15   184    -9     0
2080.94 -1.11e-15  9.10e-15   185    -2     0
2083.61  9.08e-16  9.16e-15   185     2     0
2086.28 -5.55e-15  8.29e-15   185   -14     0
2088.95 -8.69e-15  8.36e-15   185   -23     0
2091.62 -3.21e-16  9.42e-15   186     0     0
2094.29  2.45e-15  9.54e-15   186     5     0
2096.96  8.73e-16  8.78e-15   186     2     0
2099.62 -6.20e-15  8.87e-15   187   -15     0
2102.29 -6.98e-16  9.29e-15   187    -1     0
2104.96 -5.94e-16  9.37e-15   187    -1     0
2107.63 -3.44e-16  9.28e-15   188     0     0
2110.30  1.17e-15  9.40e-15   188     2     0
2112.97 -9.54e-15  9.36e-15   188   -23     0
2115.64  2.57e-15  1.02e-14   188     5     0
2118.31  2.72e-15  1.01e-14   189     6     0
2120.98  4.18e-15  9.45e-15   189    10     0
2123.65  4.47e-15  9.53e-15   189    11     0
2126.31  4.66e-16  9.60e-15   190     1     0
2128.98 -1.83e-15  9.65e-15   190    -4     0
2131.65 -7.16e-15  9.40e-15   190   -18     0
2134.32 -4.18e-16  9.46e-15   191    -1     0
2136.99 -7.10e-16  9.76e-15   191    -1     0
2139.66 -1.32e-15  9.81e-15   191    -3     0
2142.33 -1.27e-14  9.49e-15   191   -32     0
2145.00 -9.68e-15  9.52e-15   192   -25     0
2147.67  4.37e-15  1.03e-14   192    10     0
2150.33 -5.57e-15  1.01e-14   192   -13     0
2153.00 -9.76e-15  1.01e-14   193   -24     0
2155.67 -4.19e-15  1.06e-14   193    -9     0
2158.34 -9.67e-15  1.06e-14   193   -23     0
2161.01 -1.42e-14  1.04e-14   193   -34     0
2163.68 -7.40e-15  1.04e-14   194   -18     0
2166.35 -2.76e-15  1.02e-14   194    -6     0
2169.02  7.85e-15  1.04e-14   194    19     0
2171.69 -1.06e-14  1.07e-14   195   -25     0
2174.35 -1.95e-14  1.07e-14   195   -47     0
2177.02 -5.36e-15  1.09e-14   195   -12     0
2179.69 -6.88e-15  1.09e-14   195   -16     0
2182.36 -8.94e-15  9.99e-15   196   -23     0
2185.03  8.72e-15  1.05e-14   196    22     0
2187.70  2.49e-14  4.40e-14   196    63     0
2190.37 -2.04e-14  1.06e-14   196   -54     0
2193.04 -2.34e-14  1.04e-14   197   -63     0
2195.71 -1.04e-14  1.05e-14   197   -26     0
2198.37 -7.41e-15  1.04e-14   197   -19     0
2201.04 -1.81e-14  1.04e-14   197   -47     0
2203.71 -4.53e-16  1.03e-14   198    -1     0
2206.38 -7.53e-15  1.04e-14   198   -19     0
2209.05 -4.75e-15  1.03e-14   198   -12     0
2211.72 -6.89e-15  9.92e-15   198   -19     0
2214.39 -3.15e-15  1.00e-14   199    -8     0
2217.06 -8.46e-16  1.10e-14   199    -2     0
2219.73 -1.59e-14  1.11e-14   199   -40     0
2222.39  4.55e-15  1.07e-14   199    11     0
2225.06 -3.41e-15  1.08e-14   200    -8     0
2227.73 -3.24e-15  1.07e-14   200    -8     0
2230.40 -7.96e-15  1.06e-14   200   -21     0
2233.07 -1.18e-16  1.04e-14   200     0     0
2235.74 -8.40e-16  1.03e-14   201    -2     0
2238.41 -4.17e-15  1.01e-14   201   -11     0
2241.08 -9.86e-15  1.05e-14   201   -26     0
2243.75 -8.67e-15  1.04e-14   201   -24     0
2246.41  5.68e-15  9.49e-15   201    17     0
2249.08 -7.18e-15  9.33e-15   202   -22     0
2251.75  4.77e-15  9.55e-15   202    14     0
2254.42  3.58e-15  9.45e-15   202    11     0
2257.09 -1.86e-14  9.85e-15   202   -55     0
2259.76 -9.14e-15  9.81e-15   202   -27     0
2262.43  1.05e-16  9.78e-15   203     0     0
2265.10  2.46e-15  9.19e-15   203     7     0
2267.77  2.52e-15  9.14e-15   203     8     0
2270.43 -4.76e-15  8.71e-15   203   -16     0
2273.10 -5.39e-15  8.60e-15   203   -18     0
2275.77 -5.84e-15  8.95e-15   204   -19     0
2278.44 -1.04e-14  8.85e-15   204   -35     0
2281.11  1.01e-14  9.92e-15   204    31     0
2283.78  2.29e-15  9.70e-15   204     7     0
2286.45 -5.12e-15  7.70e-15   204   -20     0
2289.12 -3.05e-15  7.70e-15   205   -12     0
2291.79  4.32e-15  8.31e-15   205    15     0
2294.45  1.09e-15  8.30e-15   205     4     0
2297.12  1.00e-15  8.72e-15   205     3     0
2299.79 -1.22e-15  8.73e-15   205    -4     0
2302.46 -7.77e-17  8.54e-15   205     0     0
2305.13  2.53e-15  8.66e-15   206     9     0
2307.80  3.59e-15  8.59e-15   206    13     0
2310.47  1.26e-14  8.25e-15   206    48     0
2313.14  3.49e-15  8.02e-15   206    13     0
2315.81  1.63e-15  8.32e-15   206     6     0
2318.47  8.91e-15  8.32e-15   206    34     0
2321.14 -6.28e-15  7.70e-15   206   -25     0
2323.81  3.18e-14  8.35e-15   207   132     0
2326.48  2.82e-14  9.55e-15   207   130     0
2329.15  1.56e-14  1.24e-14   207    73     0
2331.82  2.15e-15  6.93e-15   207     9     0
2334.49  1.51e-14  8.40e-15   207    71     0
2337.16  1.35e-14  6.69e-15   207    66     0
2339.83  7.11e-15  6.63e-15   207    35     0
2342.49  1.19e-14  8.02e-15   208    58     0
2345.16  2.83e-15  6.33e-15   208    14     0
2347.83  1.05e-14  6.58e-15   208    54     0
2350.50  1.54e-14  6.86e-15   208    77     0
2353.17 -3.03e-15  6.41e-15   208   -15     0
2355.84  5.22e-15  6.44e-15   208    26     0
2358.51  2.72e-15  6.37e-15   208    14     0
2361.18 -1.39e-15  6.17e-15   208    -7     0
2363.85 -3.09e-15  6.13e-15   209   -16     0
2366.51  3.48e-15  6.58e-15   209    17     0
2369.18  8.15e-15  6.61e-15   209    41     0
2371.85  1.44e-14  1.06e-14   209    76     0
2374.52  2.55e-14  9.94e-15   209   135     0
2377.19  1.99e-14  6.95e-15   209   111     0
2379.86  2.53e-14  6.59e-15   209   143     0
2382.53  2.05e-14  6.52e-15   209   110     0
2385.20  7.34e-15  6.47e-15   209    38     0
2387.87  1.99e-14  6.62e-15   209   105     0
2390.53  1.00e-14  7.13e-15   210    54     0
2393.20  2.09e-14  9.64e-15   210   114     0
2395.87  1.73e-14  5.89e-15   210   104     0
2398.54  6.23e-15  7.29e-15   210    37     0
2401.21  6.82e-15  5.91e-15   210    39     0
2403.88  7.84e-15  5.89e-15   210    46     0
2406.55  1.03e-14  5.80e-15   210    62     0
2409.22  1.52e-14  7.30e-15   210    92     0
2411.89  1.16e-14  5.79e-15   210    71     0
2414.55  3.08e-15  5.61e-15   210    19     0
2417.22  2.32e-15  5.70e-15   210    14     0
2419.89 -6.16e-15  5.64e-15   211   -37     0
2422.56  4.92e-15  5.75e-15   211    29     0
2425.23  5.59e-16  5.36e-15   211     3     0
2427.90  8.98e-15  1.00e-14   211    59     0
2430.57  8.90e-15  5.93e-15   211    57     0
2433.24 -6.89e-16  5.35e-15   211    -4     0
2435.91  5.02e-15  5.51e-15   211    32     0
2438.57  1.29e-14  6.81e-15   211    83     0
2441.24 -1.29e-15  5.12e-15   211    -8     0
2443.91  2.06e-14  1.80e-14   211   143     0
2446.58  8.26e-15  5.90e-15   211    59     0
2449.25  1.01e-14  5.23e-15   211    72     0
2451.92  1.01e-14  4.81e-15   211    76     0
2454.59  5.89e-16  4.65e-15   211     4     0
2457.26  1.53e-14  5.25e-15   212   112     0
2459.93 -4.16e-15  4.79e-15   212   -30     0
2462.59  6.23e-16  4.61e-15   212     4     0
2465.26  8.24e-15  4.63e-15   212    64     0
2467.93  1.12e-14  4.65e-15   212    88     0
2470.60  3.76e-15  4.77e-15   212    28     0
2473.27  5.65e-15  4.78e-15   212    42     0
2475.94  1.38e-14  6.07e-15   212   106     0
2478.61  1.41e-14  8.36e-15   212   108     0
2481.28  3.69e-15  4.68e-15   212    28     0
2483.95  6.17e-15  4.71e-15   212    47     0
2486.61  5.48e-15  4.40e-15   212    45     0
2489.28  2.08e-15  4.36e-15   212    17     0
2491.95  1.06e-14  5.17e-15   212    75     0
2494.62  6.24e-15  5.12e-15   212    44     0
2497.29  5.60e-15  4.72e-15   212    43     0
2499.96 -6.09e-16  4.64e-15   212    -4     0
2502.63  2.78e-15  4.32e-15   213    23     0
2505.30  7.53e-15  6.60e-15   213    60     0
2507.97  1.27e-14  4.72e-15   213   102     0
2510.63  5.43e-15  4.27e-15   213    47     0
2513.30  7.98e-15  4.98e-15   213    70     0
2515.97  1.42e-14  7.70e-15   213   112     0
2518.64  1.26e-14  4.73e-15   213   101     0
2521.31  7.68e-15  4.54e-15   213    63     0
2523.98  7.50e-16  4.40e-15   213     6     0
2526.65  6.15e-15  4.27e-15   213    53     0
2529.32  8.67e-15  4.31e-15   213    75     0
2531.99  5.15e-15  4.23e-15   213    45     0
2534.65  7.05e-15  4.25e-15   213    62     0
2537.32  6.57e-15  4.01e-15   213    61     0
2539.99  5.37e-15  3.99e-15   213    50     0
2542.66  9.81e-15  3.93e-15   213    95     0
2545.33  5.08e-15  4.06e-15   213    48     0
2548.00  1.05e-14  4.78e-15   213   102     0
2550.67  3.13e-15  4.02e-15   213    29     0
2553.34  4.88e-15  3.97e-15   213    46     0
2556.01  1.18e-14  7.43e-15   214   109     0
2558.67  1.75e-14  9.17e-15   214   164     0
2561.34  5.19e-15  3.88e-15   214    50     0
2564.01  1.19e-14  3.95e-15   214   115     0
2566.68  1.38e-14  5.46e-15   214   143     0
2569.35  5.05e-16  3.56e-15   214     5     0
2572.02  8.63e-15  4.58e-15   214    87     0
2574.69  9.75e-15  4.09e-15   214    98     0
2577.36  6.78e-15  4.31e-15   214    65 -4096
2580.03  4.99e-15  3.88e-15   214    52     0
2582.69  6.25e-15  3.72e-15   214    65     0
2585.36  8.93e-15  4.00e-15   214    88     0
2588.03  1.12e-14  4.42e-15   214   111     0
2590.70  3.74e-15  3.67e-15   214    38     0
2593.37  1.12e-14  3.82e-15   214   116     0
2596.04  1.18e-14  3.85e-15   214   125     0
2598.71  1.95e-14  7.08e-15   214   208     0
2601.38  1.02e-14  3.68e-15   214   107     0
2604.05  1.26e-14  3.76e-15   214   134     0
2606.71  1.10e-14  4.32e-15   214   128     0
2609.38  7.89e-15  3.73e-15   214    92     0
2612.05  1.76e-14  5.27e-15   214   198     0
2614.72  1.73e-14  4.47e-15   214   197     0
2617.39  1.15e-14  5.34e-15   215   128     0
2620.06  1.47e-14  5.14e-15   215   170     0
2622.73  1.50e-14  3.80e-15   215   175     0
2625.40  2.02e-14  5.68e-15   215   229     0
2628.07  2.11e-14  7.02e-15   215   240     0
2630.73  2.52e-14  6.29e-15   215   294     0
2633.40  1.04e-14  4.18e-15   215   121     0
2636.07  6.02e-15  4.13e-15   215    67     0
2638.74  7.67e-15  3.49e-15   215    86     0
2641.41  9.55e-16  3.17e-15   215    11     0
2644.08  3.31e-15  3.19e-15   215    39     0
2646.75  3.59e-15  3.37e-15   215    40     0
2649.42  8.43e-16  3.33e-15   215     9     0
2652.09  5.18e-17  3.16e-15   215     0     0
2654.75  5.97e-15  3.22e-15   215    70     0
2657.42 -3.35e-16  3.24e-15   215    -3     0
2660.09  7.02e-15  3.12e-15   215    86     0
2662.76  2.10e-15  3.09e-15   215    26     0
2665.43  8.79e-16  3.04e-15   215    10     0
2668.10  1.50e-15  3.04e-15   215    18     0
2670.77  6.52e-15  3.06e-15   215    81     0
2673.44  5.62e-16  2.98e-15   215     7     0
2676.11  4.58e-16  3.01e-15   215     5     0
2678.77 -4.06e-16  2.97e-15   215    -5     0
2681.44  9.20e-16  2.95e-15   215    11     0
2684.11 -3.82e-16  2.92e-15   215    -4     0
2686.78 -4.77e-15  2.93e-15   216   -61     0
2689.45  3.14e-15  3.04e-15   216    40     0
2692.12  6.08e-15  3.11e-15   216    75     0
2694.79 -1.55e-15  3.04e-15   216   -19     0
2697.46  8.07e-15  3.97e-15   216    91     0
2700.13  1.66e-15  2.86e-15   216    21     0
2702.79  2.92e-15  2.89e-15   216    38     0
2705.46 -1.37e-15  3.03e-15   216   -16     0
2708.13  7.71e-15  3.11e-15   216    95     0
2710.80  3.30e-15  2.93e-15   216    42     0
2713.47  2.93e-15  2.95e-15   216    37     0
2716.14  3.49e-15  3.06e-15   216    44     0
2718.81  7.01e-15  3.20e-15   216    88     0
2721.48 -5.51e-16  3.04e-15   216    -6     0
2724.15  6.51e-15  3.09e-15   216    80     0
2726.81  1.44e-14  5.20e-15   216   192     0
2729.48  3.67e-15  2.81e-15   216    49     0
2732.15  7.97e-15  3.59e-15   216    99     0
2734.82  1.21e-14  5.03e-15   216   151     0
2737.49  5.96e-15  2.93e-15   216    77     0
2740.16  3.38e-15  2.95e-15   216    43     0
2742.83  1.77e-14  4.49e-15   216   225     0
2745.50  9.74e-15  3.31e-15   216   128     0
2748.17  7.89e-15  3.36e-15   216   104     0
2750.83  8.63e-15  3.45e-15   216   112     0
2753.50  1.45e-14  4.29e-15   216   188     0
2756.17  9.50e-15  3.36e-15   216   127     0
2758.84  5.04e-15  2.81e-15   216    67     0
2761.51  5.13e-15  2.87e-15   216    67     0
2764.18  4.61e-15  3.60e-15   216    60     0
2766.85  6.19e-15  3.22e-15   216    78     0
2769.52 -8.05e-16  2.91e-15   216   -10     0
2772.19  4.74e-15  3.12e-15   216    59     0
2774.85 -3.58e-16  2.93e-15   216    -4     0
2777.52  7.08e-15  3.11e-15   216    90     0
2780.19  5.02e-15  3.28e-15   216    64 -4096
2782.86 -2.89e-17  3.08e-15   216     0     0
2785.53  1.37e-14  4.38e-15   216   177     0
2788.20  1.27e-14  5.00e-15   216   163     0
2790.87  3.98e-14  1.26e-14   216   541     0
2793.54  9.68e-14  2.54e-14   216  1315     0
2796.21  9.82e-14  2.45e-14   216  1260     0
2798.87  9.74e-14  2.51e-14   216  1246     0
2801.54  8.27e-14  1.96e-14   216  1094     0
2804.21  6.64e-14  1.73e-14   216   876     0
2806.88  2.36e-14  7.24e-15   216   291     0
2809.55  6.86e-15  3.01e-15   216    84     0
2812.22  6.32e-15  3.05e-15   216    82     0
2814.89  6.33e-15  2.83e-15   216    82     0
2817.56  4.99e-15  2.92e-15   216    65     0
2820.23  2.01e-15  2.78e-15   216    26     0
2822.90  5.90e-15  2.87e-15   216    76     0
2825.56  1.06e-14  3.69e-15   216   127     0
2828.23  3.79e-15  3.03e-15   216    45     0
2830.90  6.63e-15  3.09e-15   216    78     0
2833.57  7.15e-15  3.09e-15   216    84     0
2836.24  2.40e-15  2.95e-15   216    29     0
2838.91  4.53e-15  3.21e-15   216    55     0
2841.58  9.44e-15  3.67e-15   216   132     0
2844.25  4.64e-15  2.59e-15   216    64     0
2846.92  8.64e-15  2.88e-15   216   110     0
2849.58  1.16e-14  3.92e-15   215   148     0
2852.25  5.54e-15  2.87e-15   215    71     0
2854.92  6.47e-15  4.19e-15   215    83     0
2857.59  7.42e-15  3.70e-15   215    95     0
2860.26  9.64e-15  4.35e-15   215   122     0
2862.93  1.03e-14  3.01e-15   215   131     0
2865.60  5.23e-15  2.71e-15   215    69     0
2868.27  8.96e-15  3.06e-15   215   118     0
2870.94  7.41e-15  3.69e-15   215    92     0
2873.60  8.87e-15  5.35e-15   215   110     0
2876.27 -6.00e-16  2.90e-15   215    -7     0
2878.94  1.11e-14  4.31e-15   215   132     0
2881.61  4.49e-15  2.88e-15   215    55     0
2884.28  9.85e-15  3.76e-15   214   122     0
2886.95  6.57e-15  3.24e-15   214    80     0
2889.62  7.30e-15  3.32e-15   214    89     0
2892.29  7.74e-15  3.72e-15   214    94     0
2894.96  8.08e-15  5.63e-15   214    98     0
2897.62  7.51e-15  2.99e-15   214    89     0
2900.29  1.23e-14  5.39e-15   214   154     0
2902.96  6.70e-16  2.74e-15   214     8     0
2905.63  8.07e-15  6.39e-15   214    88     0
2908.30  6.46e-16  4.34e-15   213     7     0
2910.97  2.83e-15  3.79e-15   213    32     0
2913.64  4.67e-15  4.26e-15   213    53   -16
2916.31  8.93e-15  3.38e-15   213   103   -16
2918.98  1.09e-14  5.75e-15   213   124   -16
2921.64  1.15e-14  5.31e-15   213   121   -16
2924.31  1.64e-14  6.24e-15   213   170   -16
2926.98  1.58e-14  5.70e-15   212   169   -16
2929.65  9.95e-15  4.98e-15   212   105   -16
2932.32  7.13e-15  4.83e-15   212    80   -16
2934.99  1.00e-14  3.41e-15   212   111   -16
2937.66  6.61e-15  3.80e-15   212    65   -16
2940.33  8.96e-15  3.55e-15   212    99   -16
2943.00  4.32e-15  3.61e-15   211    47   -16
2945.66  6.66e-15  3.32e-15   211    69   -16
2948.33  1.00e-14  6.30e-15   211   103   -16
2951.00  6.20e-15  5.76e-15   211    63   -16
2953.67  1.40e-14  5.93e-15   211   142   -16
2956.34  4.78e-15  3.15e-15   210    52   -16
2959.01  1.15e-14  3.93e-15   210   124   -16
2961.68  1.13e-14  4.59e-15   210   111   -16
2964.35  9.75e-15  5.62e-15   210    94   -16
2967.02  9.64e-15  6.10e-15   210    97   -16
2969.68  8.89e-15  3.37e-15   209    88   -16
2972.35  1.27e-14  4.23e-15   209   121   -16
2975.02  2.43e-14  6.97e-15   209   219   -16
2977.69  1.51e-14  6.40e-15   209   134   -16
2980.36  1.13e-14  6.48e-15   208   108   -16
2983.03  6.72e-15  4.61e-15   208    63   -16
2985.70  1.81e-15  4.24e-15   208    16   -16
2988.37  1.02e-14  3.70e-15   208    94   -16
2991.04  1.47e-14  5.38e-15   207   130   -16
2993.70  1.02e-14  5.64e-15   207    90     0
2996.37  1.76e-14  5.40e-15   207   163     0
2999.04  6.18e-15  3.52e-15   207    57     0
3001.71  9.84e-15  7.85e-15   206    85     0
3004.38  2.23e-14  8.63e-15   206   191     0
3007.05  5.55e-15  4.81e-15   206    51     0
3009.72  7.44e-15  3.84e-15   205    68     0
3012.39  8.26e-15  3.97e-15   205    67     0
3015.06  7.82e-15  5.61e-15   205    62     0
3017.72  5.78e-15  5.21e-15   204    45     0
3020.39  9.83e-15  4.73e-15   204    81     0
3023.06  6.03e-15  3.85e-15   204    49     0
3025.73  8.62e-15  6.03e-15   203    68     0
3028.40  8.54e-15  4.64e-15   203    67     0
3031.07  1.10e-14  4.21e-15   203    82     0
3033.74  1.30e-14  6.45e-15   202    96     0
3036.41  5.49e-15  7.06e-15   202    40     0
3039.08  1.22e-14  6.40e-15   202    88     0
3041.74  1.43e-14  8.72e-15   201   105     0
3044.41  1.17e-14  5.46e-15   201    85     0
3047.08 -2.51e-15  4.76e-15   200   -15     0
3049.75  2.12e-14  7.96e-15   200   131     0
3052.42  5.77e-15  4.90e-15   200    37     0
3055.09  1.45e-14  1.00e-14   199    97     0
3057.76  1.56e-14  7.87e-15   199   102     0
3060.43 -1.36e-15  4.69e-15   198    -8     0
3063.10  1.49e-14  5.30e-15   198    92     0
3065.76  1.32e-14  7.80e-15   198    84     0
3068.43  3.31e-15  4.72e-15   197    20     0
3071.10  1.32e-14  5.02e-15   197    79     0
3073.77  9.05e-15  5.03e-15   196    53     0
3076.44  1.48e-14  6.93e-15   196    91     0
3079.11  1.40e-14  5.75e-15   195    85     0
3081.78  1.31e-14  5.65e-15   195    72     0
3084.45  1.60e-14  7.66e-15   194    86     0
3087.12  2.49e-14  1.01e-14   194   125     0
3089.78  1.41e-14  8.44e-15   193    69     0
3092.45  6.30e-15  6.29e-15   193    33     0
3095.12  6.47e-15  9.93e-15   192    30     0
3097.79  1.99e-14  1.20e-14   192    91     0
3100.46  1.50e-14  7.04e-15   191    71     0
3103.13  1.21e-14  7.83e-15   191    56     0
3105.80  1.94e-14  6.55e-15   190    95     0
3108.47  5.11e-15  5.97e-15   190    24     0
3111.14  2.90e-14  9.88e-15   189   127     0
3113.80  8.97e-15  8.72e-15   189    38     0
3116.47  6.06e-15  7.98e-15   188    22     0
3119.14  3.14e-14  1.22e-14   188   114     0
3121.81  1.64e-14  1.29e-14   187    64     0
3124.48  9.53e-15  1.12e-14   187    36     0
3127.15  1.11e-14  7.67e-15   186    40     0
3129.82  1.08e-14  7.78e-15   186    38     0
3132.49  9.75e-19  7.26e-15   185     0     0
3135.16  2.63e-14  9.83e-15   184    98     0
3137.82  3.34e-15  1.02e-14   184    12     0
3140.49  1.41e-14  9.36e-15   183    46     0
3143.16  2.64e-14  9.34e-15   183    85     0
3145.83  4.12e-15  8.49e-15   182    13     0
3148.50  3.09e-14  1.68e-14   181    96     0
3151.17  8.48e-15  9.22e-15   181    25     0
3153.84  3.30e-14  1.35e-14   180    96     0
3156.51  1.06e-14  8.05e-15   179    35     0
3159.18  2.45e-14  8.39e-15   179    80     0
3161.84  1.43e-14  9.41e-15   178    45     0
3164.51  1.69e-14  1.14e-14   178    52     0
3167.18  2.37e-14  1.26e-14   177    72     0
3169.85  2.56e-14  9.66e-15   176    76     0
3172.52  3.47e-14  1.78e-14   176    91     0
3175.19  2.15e-14  1.30e-14   175    56     0
3177.86  2.05e-14  1.03e-14   174    52     0
3180.53  8.07e-15  1.13e-14   174    18     0
3183.20  3.54e-14  1.34e-14   173    79     0
3185.86  1.19e-14  9.46e-15   172    32     0
3188.53  1.61e-14  1.26e-14   172    43     0
3191.20  2.75e-14  1.35e-14   171    63     0
3193.87  3.21e-15  1.30e-14   170     7     0
3196.54  4.93e-15  1.35e-14   169    10     0
3199.21  3.05e-14  1.37e-14   169    61     0
3201.88  3.22e-14  1.13e-14   168    74     0
3204.55  1.03e-14  1.26e-14   167    23     0
3207.22  2.13e-14  1.40e-14   167    38     0
3209.88  1.72e-14  2.04e-14   166    30     0
3212.55  1.29e-14  1.68e-14   165    20     0
3215.22 -2.70e-14  1.66e-14   164   -40     0
3217.89  4.28e-15  1.69e-14   164     6     0
3220.56  2.98e-14  2.25e-14   163    58     0
3223.23  1.91e-14  2.52e-14   162    36     0
3225.90  4.03e-14  1.73e-14   161    59     0
3228.57  7.73e-14  3.09e-14   161   111     0
3231.24  2.31e-15  1.61e-14   160     3     0
3233.90  4.82e-15  1.71e-14   159     7     0
3236.57  8.95e-15  1.88e-14   158    11     0
3239.24  2.97e-14  1.97e-14   158    37     0
3241.91  1.74e-14  2.15e-14   157    19     0
3244.58  3.01e-14  2.24e-14   156    33     0
3247.25 -2.25e-14  2.75e-14   155   -19     0
3249.92  5.25e-14  3.42e-14   155    44     0
3252.59  3.61e-14  2.43e-14   154    39     0
3255.26  3.01e-14  3.25e-14   153    33     0
3257.92 -2.04e-14  2.22e-14   152   -21     0
3260.59 -1.74e-14  2.59e-14   152   -15     0
3263.26 -6.36e-14  2.67e-14   151   -56     0
3265.93 -6.44e-15  3.48e-14   150    -4     0
3268.60  3.95e-14  4.84e-14   149    26     0
3271.27  6.10e-14  3.17e-14   148    64     0
3273.94  3.82e-14  4.29e-14   148    39     0
3276.61  2.86e-14  5.20e-14   147    15     0
3279.28 -4.55e-14  4.50e-14   146   -23     0
3281.94  1.27e-15  3.62e-14   145     0     0
3284.61  1.07e-13  3.88e-14   144    67     0
3287.28  4.05e-14  2.83e-14   144    35     0
3289.95  4.24e-14  2.80e-14   143    36     0
3292.62  3.56e-14  3.03e-14   142    27     0
3295.29 -1.62e-14  7.91e-14   141    -8     0
3297.96  8.27e-14  6.69e-14   141    42     0
3300.63 -1.55e-14  5.08e-14   140    -7     0
3303.30  1.49e-13  5.97e-14   139    65     0
3305.96  4.32e-13  3.30e-13   138    34 -4096
3308.63  8.91e-13  7.10e-13   137    69 -4096
3311.30 -4.45e-14  1.28e-13   137    -9 -4096
3313.97  6.86e-14  1.20e-13   136    13     0
3316.64  4.41e-14  7.89e-14   135    12     0
3319.31  1.82e-15  8.09e-14   134     0     0
3321.98  1.32e-14  7.26e-14   134     4     0
3324.65  2.01e-13  7.77e-14   133    61     0
3327.32  5.69e-14  6.78e-14   132    27     0
3329.98 -2.11e-15  4.93e-14   131     0     0
3332.65  6.25e-14  1.14e-13   131    13     0
3335.32  1.84e-14  1.30e-13   130     3     0
3337.99 -1.57e-13  1.35e-13   129   -26     0
3340.66  3.74e-14  3.78e-13   128     2     0
3343.33  6.83e-14  3.89e-13   128     3     0
3346.00  4.42e-14  1.32e-13   127     7     0
3348.67 -1.25e-14  1.35e-13   126    -2     0
