NOT ORIGINAL IUE PROJECT DATA PRODUCT
LWR08256LOWLARGE
HD  197481
20:42:04
-31:31:05
48
NO-TRAIL
NO
2699.548
15/07/80
15:31:05
197
12.50
26/07/97
GSFC
2444436.14659
95
47
1851.30  1.44e-13  1.01e-13   434    27     0
1853.96  6.29e-14  6.68e-14   434    12     0
1856.63  1.85e-14  5.38e-14   434     4     0
1859.29  3.48e-14  5.12e-14   434     9     0
1861.96  9.88e-14  5.28e-14   434    26     0
1864.63  3.87e-14  4.60e-14   434    11     0
1867.29 -4.13e-14  4.43e-14   434   -12     0
1869.96  2.39e-14  4.29e-14   434     7     0
1872.62  1.56e-16  3.56e-14   434     0     0
1875.29  6.08e-15  3.22e-14   435     2     0
1877.95  1.05e-14  3.04e-14   435     4     0
1880.62 -3.42e-14  3.09e-14   435   -14     0
1883.29 -4.70e-14  2.92e-14   435   -21     0
1885.95  1.46e-14  2.69e-14   435     7     0
1888.62 -1.71e-15  2.52e-14   435     0     0
1891.28 -8.18e-15  2.60e-14   435    -4     0
1893.95 -1.20e-14  2.50e-14   435    -6     0
1896.61  1.42e-14  2.33e-14   435     8     0
1899.28  1.97e-14  2.33e-14   436    12     0
1901.95  8.23e-15  2.10e-14   436     5     0
1904.61 -4.35e-14  2.01e-14   436   -29     0
1907.28  3.96e-14  2.19e-14   436    26     0
1909.94  1.50e-15  1.99e-14   436     1     0
1912.61 -3.31e-15  1.88e-14   436    -2     0
1915.28 -1.08e-14  1.89e-14   437    -7     0
1917.94 -1.52e-14  1.83e-14   437   -11     0
1920.61  1.13e-14  1.67e-14   437     9     0
1923.27 -2.26e-14  1.58e-14   437   -19     0
1925.94 -8.47e-15  1.58e-14   437    -7     0
1928.60 -1.91e-14  1.52e-14   438   -17     0
1931.27 -1.47e-14  1.49e-14   438   -13     0
1933.94  1.27e-14  1.50e-14   438    12     0
1936.60  1.96e-14  1.64e-14   438    19     0
1939.27 -9.82e-15  1.34e-14   439   -10     0
1941.93 -5.89e-15  1.38e-14   439    -5     0
1944.60  1.03e-14  1.67e-14   439    10     0
1947.26  2.25e-15  1.23e-14   439     2     0
1949.93 -3.46e-15  1.46e-14   440    -4     0
1952.60 -1.50e-14  1.37e-14   440   -17     0
1955.26 -2.58e-15  1.16e-14   440    -3     0
1957.93 -1.83e-14  1.39e-14   440   -23     0
1960.59  4.73e-15  1.15e-14   441     5     0
1963.26  3.79e-15  1.12e-14   441     4     0
1965.92  4.82e-15  1.08e-14   441     6     0
1968.59  7.24e-15  1.07e-14   441    10     0
1971.26 -4.17e-15  1.05e-14   442    -5     0
1973.92  1.82e-15  1.04e-14   442     2     0
1976.59 -7.15e-15  9.29e-15   442   -11     0
1979.25 -9.74e-15  9.17e-15   443   -15     0
1981.92  1.69e-15  1.05e-14   443     2     0
1984.58 -8.38e-16  9.53e-15   443    -1     0
1987.25 -9.65e-15  9.71e-15   444   -14     0
1989.92 -9.60e-15  9.56e-15   444   -14     0
1992.58 -1.20e-14  9.39e-15   444   -18     0
1995.25 -4.45e-16  1.11e-14   445     0     0
1997.91 -9.56e-16  9.37e-15   445    -1     0
2000.58  8.93e-16  9.23e-15   445     1     0
2003.24 -2.10e-15  9.14e-15   445    -3     0
2005.91  4.51e-15  8.96e-15   446     7     0
2008.58 -6.75e-15  8.76e-15   446   -11     0
2011.24 -6.16e-15  8.72e-15   446   -10     0
2013.91  1.61e-14  1.24e-14   447    27     0
2016.57 -2.01e-14  1.21e-14   447   -38     0
2019.24 -1.49e-14  7.74e-15   447   -28     0
2021.90  4.88e-15  8.63e-15   448     8     0
2024.57  2.85e-17  8.35e-15   448     0     0
2027.24 -1.94e-14  8.74e-15   449   -34     0
2029.90  2.73e-14  9.72e-15   449    49     0
2032.57  9.89e-15  8.35e-15   449    19     0
2035.23  7.37e-16  7.91e-15   450     1     0
2037.90 -2.14e-15  8.39e-15   450    -4     0
2040.56  1.42e-14  8.51e-15   450    27     0
2043.23  1.23e-14  8.95e-15   451    24     0
2045.90 -2.89e-15  7.82e-15   451    -5     0
2048.56 -4.11e-15  7.68e-15   451    -8     0
2051.23 -1.32e-14  8.23e-15   452   -25     0
2053.89  3.73e-15  9.16e-15   452     7     0
2056.56  1.41e-14  8.42e-15   452    28     0
2059.22 -5.52e-15  7.57e-15   453   -11     0
2061.89 -7.93e-15  7.61e-15   453   -16     0
2064.56  4.62e-15  7.82e-15   454     9     0
2067.22  9.45e-15  7.94e-15   454    19     0
2069.89  2.10e-15  7.54e-15   454     4     0
2072.55  9.60e-15  7.99e-15   455    19     0
2075.22  7.63e-15  1.26e-14   455    15     0
2077.88 -2.57e-14  7.90e-15   455   -51     0
2080.55 -1.28e-15  7.54e-15   456    -2     0
2083.22  1.19e-14  8.07e-15   456    24     0
2085.88  4.65e-15  9.20e-15   457     9     0
2088.55  6.96e-15  7.86e-15   457    14     0
2091.21 -3.80e-15  7.79e-15   457    -7     0
2093.88  7.79e-15  8.12e-15   458    15     0
2096.54  1.09e-15  7.59e-15   458     2     0
2099.21  1.59e-15  7.83e-15   458     3     0
2101.88  1.74e-14  8.52e-15   459    35     0
2104.54 -5.55e-15  8.90e-15   459   -11     0
2107.21 -1.80e-15  1.37e-14   459    -3     0
2109.87 -2.88e-15  8.91e-15   460    -6     0
2112.54 -5.72e-15  8.96e-15   460   -11     0
2115.20 -9.42e-15  7.97e-15   461   -19     0
2117.87  6.69e-15  8.28e-15   461    13     0
2120.54  2.11e-15  7.81e-15   461     4     0
2123.20  1.11e-14  9.27e-15   462    23     0
2125.87 -1.40e-14  1.08e-14   462   -30     0
2128.53  5.52e-15  7.80e-15   462    11     0
2131.20 -4.94e-16  7.78e-15   463    -1     0
2133.86 -3.01e-15  7.76e-15   463    -6     0
2136.53 -1.40e-14  7.33e-15   464   -31     0
2139.20  6.47e-15  9.06e-15   464    14     0
2141.86 -3.11e-15  7.56e-15   464    -6     0
2144.53 -1.07e-16  8.63e-15   465     0     0
2147.19 -1.88e-14  7.82e-15   465   -39     0
2149.86 -2.86e-15  7.85e-15   465    -6     0
2152.52 -5.20e-15  7.73e-15   466   -11     0
2155.19 -2.63e-14  8.23e-15   466   -53     0
2157.86  8.16e-15  8.58e-15   466    16     0
2160.52 -7.15e-15  7.72e-15   467   -15     0
2163.19  9.08e-15  9.29e-15   467    19     0
2165.85  1.33e-14  8.78e-15   468    27     0
2168.52 -1.13e-14  8.10e-15   468   -23     0
2171.18  1.08e-14  9.05e-15   468    21     0
2173.85 -1.47e-14  8.46e-15   469   -29     0
2176.52  2.74e-15  9.68e-15   469     5     0
2179.18  2.06e-14  9.61e-15   469    41     0
2181.85 -8.03e-16  8.04e-15   470    -1     0
2184.51 -9.96e-15  8.00e-15   470   -21     0
2187.18 -8.96e-16  8.69e-15   470    -1     0
2189.84 -3.94e-16  7.97e-15   471     0     0
2192.51  1.48e-14  1.46e-14   471    32     0
2195.18 -8.01e-15  7.61e-15   471   -18     0
2197.84 -4.02e-15  7.78e-15   472    -9     0
2200.51 -4.98e-15  8.03e-15   472   -11     0
2203.17  2.56e-15  7.80e-15   472     5     0
2205.84  4.33e-15  8.14e-15   473    10     0
2208.50  1.42e-14  1.45e-14   473    32     0
2211.17  1.79e-14  1.24e-14   473    40     0
2213.84 -1.30e-14  1.40e-14   474   -28     0
2216.50  1.03e-14  8.86e-15   474    21     0
2219.17 -3.31e-15  1.44e-14   474    -6     0
2221.83 -1.32e-14  8.34e-15   475   -27     0
2224.50  2.21e-14  9.58e-15   475    46     0
2227.17  7.75e-15  1.06e-14   475    16     0
2229.83 -1.42e-14  1.53e-14   476   -31     0
2232.50  1.31e-14  1.35e-14   476    31     0
2235.16  9.78e-15  7.96e-15   476    23     0
2237.83 -8.66e-17  1.49e-14   477     0     0
2240.49  2.37e-15  8.51e-15   477     5     0
2243.16 -1.60e-14  9.12e-15   477   -34     0
2245.83 -5.19e-15  7.20e-15   478   -12     0
2248.49  1.47e-14  1.24e-14   478    36     0
2251.16  4.33e-15  1.38e-14   478    10     0
2253.82  1.27e-14  7.78e-15   479    32     0
2256.49 -5.06e-15  7.27e-15   479   -13     0
2259.15  5.99e-15  7.76e-15   479    15     0
2261.82  7.61e-15  1.06e-14   479    18     0
2264.49  1.53e-14  9.45e-15   480    37     0
2267.15  3.66e-14  1.43e-14   480    93     0
2269.82  2.97e-15  7.17e-15   480     7     0
2272.48  4.09e-15  6.90e-15   481    10     0
2275.15 -7.35e-15  7.25e-15   481   -20     0
2277.81  2.23e-15  6.48e-15   481     6     0
2280.48  6.65e-15  6.85e-15   481    18     0
2283.15 -3.04e-16  6.46e-15   482     0     0
2285.81  4.08e-15  7.47e-15   482    12     0
2288.48  2.01e-14  1.14e-14   482    60     0
2291.14  1.42e-14  8.84e-15   483    42     0
2293.81 -9.78e-15  6.22e-15   483   -29     0
2296.47 -8.11e-15  1.24e-14   483   -22     0
2299.14  8.15e-15  7.74e-15   483    23     0
2301.81  4.05e-16  6.19e-15   484     1     0
2304.47 -1.30e-14  7.36e-15   484   -39     0
2307.14 -3.28e-15  1.19e-14   484    -9     0
2309.80  1.03e-14  7.22e-15   484    30     0
2312.47  1.76e-14  7.28e-15   485    56     0
2315.13 -8.44e-16  6.07e-15   485    -2     0
2317.80  9.94e-15  6.48e-15   485    31     0
2320.47  1.73e-14  8.77e-15   485    58     0
2323.13  3.81e-15  8.39e-15   486    13     0
2325.80  1.99e-14  1.17e-14   486    68     0
2328.46  1.06e-14  8.03e-15   486    37     0
2331.13  9.59e-15  5.46e-15   486    36     0
2333.79  2.90e-15  5.76e-15   487    11     0
2336.46  2.37e-14  6.18e-15   487    89     0
2339.13  3.40e-15  5.05e-15   487    13     0
2341.79  2.01e-14  7.74e-15   487    78     0
2344.46  9.52e-15  7.78e-15   487    37     0
2347.12  1.06e-14  8.19e-15   488    44     0
2349.79  2.69e-14  9.75e-15   488   113     0
2352.45  6.10e-15  7.54e-15   488    25     0
2355.12  7.58e-15  4.84e-15   488    32     0
2357.79  5.00e-15  5.99e-15   489    21     0
2360.45  5.38e-15  7.67e-15   489    22     0
2363.12  2.89e-15  4.55e-15   489    12     0
2365.78  1.23e-14  5.55e-15   489    48     0
2368.45  2.55e-15  7.42e-15   489    10     0
2371.11  1.18e-15  8.35e-15   490     4     0
2373.78  3.51e-14  7.06e-15   490   148     0
2376.45  1.82e-14  8.55e-15   490    81     0
2379.11  1.25e-14  6.76e-15   490    56     0
2381.78  2.41e-14  1.09e-14   490   103     0
2384.44  4.03e-14  7.04e-15   491   174     0
2387.11  3.14e-14  9.00e-15   491   135     0
2389.77  1.18e-14  6.09e-15   491    51     0
2392.44  8.94e-15  7.69e-15   491    38     0
2395.11  2.53e-14  6.80e-15   491   119     0
2397.77  2.21e-14  5.37e-15   491   105     0
2400.44  2.16e-14  8.89e-15   492   103     0
2403.10  4.47e-15  5.15e-15   492    21     0
2405.77  1.10e-14  5.26e-15   492    52     0
2408.43  1.09e-14  7.12e-15   492    52     0
2411.10  1.18e-14  6.79e-15   492    54     0
2413.77  1.31e-14  4.89e-15   493    62     0
2416.43  1.23e-14  4.53e-15   493    59     0
2419.10  5.01e-15  4.42e-15   493    24     0
2421.76  1.49e-14  5.01e-15   493    71     0
2424.43  8.06e-15  4.66e-15   493    39     0
2427.09  4.21e-15  3.89e-15   493    22     0
2429.76  7.71e-15  7.31e-15   493    41     0
2432.43  2.70e-15  6.29e-15   494    14     0
2435.09  9.45e-15  6.57e-15   494    49     0
2437.76  1.28e-14  6.46e-15   494    67     0
2440.42  1.49e-14  5.39e-15   494    82     0
2443.09  1.72e-15  3.61e-15   494     9     0
2445.75  4.89e-15  3.84e-15   494    27     0
2448.42  1.14e-14  4.99e-15   494    65     0
2451.09  7.09e-15  7.72e-15   495    42     0
2453.75  8.52e-15  4.97e-15   495    51     0
2456.42  3.84e-15  3.72e-15   495    21     0
2459.08  6.10e-15  3.87e-15   495    34     0
2461.75  2.84e-15  3.42e-15   495    17     0
2464.41  9.40e-15  3.76e-15   495    58     0
2467.08  1.45e-14  4.98e-15   495    95     0
2469.75  1.05e-14  3.63e-15   495    68     0
2472.41  1.66e-14  4.17e-15   496   101     0
2475.08  2.05e-14  7.97e-15   496   130     0
2477.74  1.83e-14  5.67e-15   496   116     0
2480.41  1.45e-14  4.99e-15   496    95     0
2483.07  1.75e-14  4.07e-15   496   115     0
2485.74  1.48e-14  5.35e-15   496    97     0
2488.41  4.31e-15  3.24e-15   496    28     0
2491.07  1.56e-14  4.59e-15   496    93     0
2493.74  1.98e-14  7.52e-15   497   118     0
2496.40  1.94e-14  6.88e-15   497   122     0
2499.07  1.35e-15  3.38e-15   497     8     0
2501.73  1.16e-14  5.07e-15   497    80     0
2504.40  6.01e-15  3.54e-15   497    41     0
2507.07  1.25e-14  3.94e-15   497    82     0
2509.73  1.47e-14  4.00e-15   497    97     0
2512.40  1.88e-14  4.17e-15   497   130     0
2515.06  1.08e-14  4.31e-15   497    68     0
2517.73  2.36e-14  4.46e-15   497   151     0
2520.40  1.88e-14  4.53e-15   497   126     0
2523.06  1.08e-14  3.65e-15   498    72     0
2525.73  1.05e-14  3.42e-15   498    75     0
2528.39  1.61e-14  3.71e-15   498   117     0
2531.06  1.20e-14  3.59e-15   498    86     0
2533.72  9.34e-15  5.24e-15   498    67     0
2536.39  1.25e-14  3.61e-15   498    93     0
2539.06  1.48e-14  3.55e-15   498   112     0
2541.72  8.96e-15  3.03e-15   498    73     0
2544.39  1.05e-14  3.56e-15   498    86     0
2547.05  8.00e-15  3.58e-15   498    63     0
2549.72  1.40e-14  5.12e-15   498   112     0
2552.38  5.78e-15  3.34e-15   498    44     0
2555.05  6.72e-15  3.30e-15   498    48     0
2557.72  1.01e-14  6.81e-15   499    73     0
2560.38  7.76e-15  3.10e-15   499    60     0
2563.05  1.69e-14  3.69e-15   499   133     0
2565.71  1.25e-14  3.28e-15   499   103     0
2568.38  7.56e-15  2.92e-15   499    62     0
2571.04  1.23e-14  3.27e-15   499   101     0
2573.71  9.39e-15  2.94e-15   499    78     0
2576.38  1.62e-14  4.83e-15   499   127     0
2579.04  1.45e-14  6.61e-15   499   113 -4096
2581.71  9.73e-15  5.60e-15   499    85 -4096
2584.37  1.89e-14  4.03e-15   499   166     0
2587.04  2.29e-14  3.88e-15   499   188     0
2589.70  1.89e-14  3.67e-15   499   157     0
2592.37  1.27e-14  3.18e-15   499   108     0
2595.04  2.53e-14  3.96e-15   499   215     0
2597.70  2.48e-14  3.93e-15   499   211     0
2600.37  5.09e-14  5.91e-15   500   432     0
2603.03  3.75e-14  5.43e-15   500   321     0
2605.70  1.73e-14  3.29e-15   500   161     0
2608.36  2.91e-14  3.99e-15   500   273     0
2611.03  3.24e-14  4.77e-15   500   287     0
2613.70  3.72e-14  7.67e-15   500   334     0
2616.36  3.82e-14  4.52e-15   500   351     0
2619.03  4.19e-14  4.94e-15   500   390     0
2621.69  3.20e-14  4.25e-15   500   307     0
2624.36  3.72e-14  4.41e-15   500   362     0
2627.02  5.08e-14  5.59e-15   500   469     0
2629.69  4.65e-14  5.24e-15   500   434     0
2632.36  5.62e-14  8.27e-15   500   548     0
2635.02  2.14e-14  3.80e-15   500   193     0
2637.69  7.23e-15  2.74e-15   500    65     0
2640.35  5.08e-15  2.55e-15   500    46     0
2643.02  5.45e-15  2.55e-15   500    50     0
2645.68  1.09e-14  2.91e-15   500    99     0
2648.35  1.01e-14  2.91e-15   500    91     0
2651.02  9.46e-15  2.77e-15   500    88     0
2653.68  6.93e-15  2.66e-15   500    64     0
2656.35  4.88e-15  2.48e-15   501    45     0
2659.01  7.11e-15  2.64e-15   501    66     0
2661.68  5.26e-15  2.42e-15   501    52     0
2664.34  4.43e-15  2.32e-15   501    44     0
2667.01  1.88e-14  3.26e-15   501   188     0
2669.68  1.04e-14  2.71e-15   501   105     0
2672.34  1.65e-14  3.08e-15   501   166     0
2675.01  6.66e-15  2.43e-15   501    66     0
2677.67  1.20e-14  2.77e-15   501   121     0
2680.34  8.15e-15  2.53e-15   501    85     0
2683.00  6.79e-15  2.38e-15   501    71     0
2685.67  8.36e-15  2.54e-15   501    85     0
2688.34  8.17e-15  2.48e-15   501    83     0
2691.00  1.41e-14  2.92e-15   501   142     0
2693.67  1.29e-14  2.80e-15   501   129     0
2696.33  1.17e-14  2.94e-15   501   110     0
2699.00  1.47e-14  3.16e-15   501   138     0
2701.66  1.71e-14  2.96e-15   501   180     0
2704.33  9.56e-15  2.56e-15   501   100     0
2707.00  6.90e-15  2.58e-15   501    66     0
2709.66  2.23e-14  3.47e-15   501   216     0
2712.33  1.40e-14  2.80e-15   501   145     0
2714.99  1.66e-14  3.00e-15   501   173     0
2717.66  1.78e-14  3.23e-15   502   175     0
2720.32  9.23e-15  2.49e-15   502    95     0
2722.99  1.48e-14  2.74e-15   502   154     0
2725.66  1.83e-14  2.95e-15   502   200     0
2728.32  1.02e-14  2.47e-15   502   113     0
2730.99  2.44e-14  3.62e-15   502   253     0
2733.65  2.58e-14  4.46e-15   502   270     0
2736.32  2.26e-14  3.25e-15   502   243     0
2738.98  1.80e-14  3.82e-15   502   192     0
2741.65  2.61e-14  3.75e-15   502   263     0
2744.32  2.80e-14  4.55e-15   502   281     0
2746.98  3.45e-14  4.15e-15   502   367     0
2749.65  3.21e-14  3.85e-15   502   339     0
2752.31  2.47e-14  3.84e-15   502   256     0
2754.98  2.72e-14  3.75e-15   502   280     0
2757.64  2.26e-14  3.47e-15   502   229     0
2760.31  1.97e-14  3.28e-15   502   198     0
2762.98  1.71e-14  3.11e-15   502   171     0
2765.64  1.60e-14  3.09e-15   503   165     0
2768.31  1.45e-14  3.06e-15   503   150     0
2770.97  1.50e-14  2.98e-15   503   150     0
2773.64  1.48e-14  2.94e-15   503   148     0
2776.30  1.80e-14  3.11e-15   503   187     0
2778.97  1.40e-14  2.84e-15   503   145     0
2781.64  1.19e-14  2.66e-15   503   123     0
2784.30  1.50e-14  2.88e-15   503   154     0
2786.97  2.64e-14  5.21e-15   503   269     0
2789.63  5.44e-14  6.67e-15   503   553     0
2792.30  5.81e-14  1.33e-14   503   615 -1280
2794.96  1.81e-13  2.79e-14   503  1916 -1344
2797.63  1.33e-13  1.27e-14   503  1394 -1280
2800.30  1.30e-13  1.25e-14   503  1320 -1280
2802.96  1.43e-13  3.08e-14   503  1455 -1344
2805.63  5.36e-14  6.86e-15   504   537     0
2808.29  1.53e-14  2.94e-15   504   153     0
2810.96  1.49e-14  2.86e-15   504   156     0
2813.62  1.99e-14  5.77e-15   504   209     0
2816.29  1.29e-14  2.64e-15   504   139     0
2818.96  1.79e-14  3.28e-15   504   192     0
2821.62  1.23e-14  2.62e-15   504   127     0
2824.29  1.47e-14  2.87e-15   504   151     0
2826.95  1.52e-14  3.10e-15   504   151     0
2829.62  1.18e-14  3.58e-15   504   116     0
2832.29  1.74e-14  3.20e-15   504   168     0
2834.95  1.25e-14  2.88e-15   505   120     0
2837.62  1.53e-14  3.00e-15   505   155     0
2840.28  1.46e-14  2.75e-15   505   159     0
2842.95  1.37e-14  2.68e-15   505   149     0
2845.61  1.89e-14  3.09e-15   505   197     0
2848.28  2.20e-14  3.77e-15   505   228     0
2850.95  1.86e-14  3.15e-15   505   187     0
2853.61  1.75e-14  3.06e-15   505   177     0
2856.28  1.57e-14  2.83e-15   505   167     0
2858.94  1.25e-14  2.75e-15   505   133     0
2861.61  1.66e-14  2.92e-15   506   167     0
2864.27  2.46e-14  3.49e-15   506   247     0
2866.94  1.92e-14  3.04e-15   506   200     0
2869.61  2.22e-14  6.20e-15   506   230     0
2872.27  1.49e-14  3.19e-15   506   151     0
2874.94  1.49e-14  2.88e-15   506   151     0
2877.60  2.06e-14  3.26e-15   506   208     0
2880.27  2.28e-14  3.21e-15   506   232     0
2882.93  2.64e-14  4.18e-15   507   267     0
2885.60  1.32e-14  2.74e-15   507   131     0
2888.27  1.78e-14  3.07e-15   507   177     0
2890.93  1.56e-14  2.97e-15   507   154     0
2893.60  1.69e-14  3.03e-15   507   166     0
2896.26  1.06e-14  2.70e-15   507   100     0
2898.93  1.93e-14  3.20e-15   507   181     0
2901.59  1.12e-14  2.67e-15   508   107     0
2904.26  1.39e-14  3.38e-15   508   133     0
2906.93  2.21e-14  6.72e-15   508   195     0
2909.59  1.60e-14  3.69e-15   508   140     0
2912.26  2.10e-14  3.38e-15   508   192     0
2914.92  2.34e-14  3.58e-15   508   213     0
2917.59  2.54e-14  3.53e-15   508   229     0
2920.25  1.98e-14  3.42e-15   509   166     0
2922.92  2.46e-14  3.85e-15   509   204     0
2925.59  4.27e-14  4.77e-15   509   373     0
2928.25  4.16e-14  4.59e-15   509   360     0
2930.92  2.40e-14  3.60e-15   509   213     0
2933.58  1.82e-14  3.52e-15   509   161     0
2936.25  3.54e-14  4.53e-15   510   287     0
2938.91  2.73e-14  3.94e-15   510   221     0
2941.58  2.27e-14  3.52e-15   510   199     0
2944.25  2.46e-14  3.71e-15   510   215     0
2946.91  2.32e-14  3.70e-15   510   192     0
2949.58  2.61e-14  3.82e-15   511   216     0
2952.24  2.88e-14  4.21e-15   511   242     0
2954.91  2.35e-14  3.68e-15   511   197     0
2957.57  1.70e-14  3.29e-15   511   145     0
2960.24  8.18e-15  2.94e-15   511    64     0
2962.91  2.63e-14  3.99e-15   512   205     0
2965.57  2.56e-14  3.80e-15   512   213     0
2968.24  2.13e-14  3.94e-15   512   175     0
2970.90  2.37e-14  3.84e-15   512   183     0
2973.57  1.59e-14  3.48e-15   512   121     0
2976.23  2.33e-14  3.97e-15   513   170     0
2978.90  2.71e-14  4.18e-15   513   195     0
2981.57  2.04e-14  3.63e-15   513   158     0
2984.23  2.43e-14  3.85e-15   513   185     0
2986.90  2.12e-14  3.79e-15   513   155     0
2989.56  1.82e-14  3.74e-15   514   131     0
2992.23  1.87e-14  3.81e-15   514   131     0
2994.89  2.09e-14  3.95e-15   514   145     0
2997.56  1.98e-14  3.69e-15   514   143     0
3000.23  2.03e-14  3.93e-15   515   138     0
3002.89  2.50e-14  4.40e-15   515   168     0
3005.56  2.30e-14  4.55e-15   515   164     0
3008.22  1.67e-14  3.62e-15   515   118     0
3010.89  2.36e-14  4.31e-15   516   147     0
3013.55  2.09e-14  4.16e-15   516   128     0
3016.22  1.58e-14  4.00e-15   516    96     0
3018.89  2.40e-14  4.48e-15   516   143     0
3021.55  2.19e-14  4.04e-15   517   144     0
3024.22  2.00e-14  3.91e-15   517   129     0
3026.88  1.97e-14  3.95e-15   517   125     0
3029.55  2.33e-14  4.28e-15   517   145     0
3032.21  2.73e-14  4.76e-15   518   157     0
3034.88  1.75e-14  4.27e-15   518    99     0
3037.55  1.97e-14  4.46e-15   518   111     0
3040.21  3.04e-14  5.60e-15   518   174     0
3042.88  2.33e-14  4.54e-15   519   133     0
3045.54  1.71e-14  4.39e-15   519    89     0
3048.21  1.70e-14  4.42e-15   519    88     0
3050.87  1.83e-14  4.55e-15   520    94     0
3053.54  2.86e-14  5.22e-15   520   146     0
3056.21  2.79e-14  4.97e-15   520   150     0
3058.87  2.08e-14  4.53e-15   520   110     0
3061.54  9.06e-15  4.20e-15   521    45     0
3064.20  1.36e-14  4.48e-15   521    67     0
3066.87  1.36e-14  5.00e-15   521    67     0
3069.53  1.94e-14  5.69e-15   522    95     0
3072.20  2.39e-14  5.25e-15   522   111     0
3074.87  3.80e-14  6.09e-15   522   173     0
3077.53  2.52e-14  6.96e-15   523   123     0
3080.20  3.16e-14  5.77e-15   523   141     0
3082.86  2.82e-14  5.68e-15   523   124     0
3085.53  2.39e-14  7.14e-15   524   100     0
3088.19  2.90e-14  5.88e-15   524   119     0
3090.86  2.35e-14  5.41e-15   524   103     0
3093.53  1.94e-14  5.67e-15   525    83     0
3096.19  3.12e-14  6.81e-15   525   108     0
3098.86  2.71e-14  6.73e-15   525    92     0
3101.52  2.58e-14  7.08e-15   526    98     0
3104.19  2.48e-14  6.11e-15   526    93     0
3106.85  2.91e-14  6.18e-15   526   112     0
3109.52  2.12e-14  5.82e-15   527    80     0
3112.19  2.76e-14  1.05e-14   527   104     0
3114.85  2.32e-14  8.70e-15   527    86     0
3117.52  1.72e-14  6.90e-15   528    50     0
3120.18  3.13e-14  7.07e-15   528   103     0
3122.85  3.09e-14  7.09e-15   528    99     0
3125.52  3.16e-14  7.93e-15   529    87     0
3128.18  3.22e-14  8.16e-15   529    87     0
3130.85  2.41e-14  6.79e-15   529    75     0
3133.51  2.32e-14  6.89e-15   530    71     0
3136.18  3.11e-14  7.41e-15   530    93     0
3138.84  2.10e-14  7.05e-15   531    61     0
3141.51  2.93e-14  8.20e-15   531    75     0
3144.18  9.98e-15  7.32e-15   531    25     0
3146.84  1.32e-14  7.45e-15   532    33     0
3149.51  3.41e-14  1.72e-14   532    85     0
3152.17  3.17e-14  8.72e-15   532    75     0
3154.84  4.94e-14  9.91e-15   533   114     0
3157.50  2.61e-14  7.47e-15   533    72     0
3160.17  3.86e-14  8.40e-15   534   102     0
3162.83  4.25e-14  8.71e-15   534   110     0
3165.50  4.40e-14  9.42e-15   534   100     0
3168.17  4.04e-14  1.24e-14   535    89     0
3170.83  2.25e-14  9.17e-15   535    46     0
3173.50  4.55e-14  1.06e-14   535    91     0
3176.16  5.77e-14  1.07e-14   536   123     0
3178.83  4.69e-14  1.05e-14   536    97     0
3181.50  6.43e-14  1.21e-14   537   121     0
3184.16  5.35e-14  1.55e-14   537    97     0
3186.83  2.21e-14  9.31e-15   537    44     0
3189.49  4.10e-14  1.63e-14   538    81     0
3192.16  1.64e-14  1.05e-14   538    31     0
3194.82  3.25e-14  1.03e-14   539    61     0
3197.49  3.54e-14  1.32e-14   539    50     0
3200.16  3.79e-14  1.08e-14   540    69     0
3202.82  4.36e-14  1.17e-14   540    76     0
3205.49  2.87e-14  1.37e-14   540    39     0
3208.15  3.86e-14  1.42e-14   541    50     0
3210.82  3.56e-14  1.27e-14   541    51     0
3213.48  3.14e-14  1.31e-14   542    43     0
3216.15  3.62e-14  1.35e-14   542    50     0
3218.82  6.00e-14  1.47e-14   542    82     0
3221.48  5.99e-14  1.37e-14   543    87     0
3224.15  4.53e-14  1.34e-14   543    64     0
3226.81  5.02e-14  2.29e-14   544    61     0
3229.48  1.87e-14  3.24e-14   544    22     0
3232.14  3.93e-14  1.62e-14   545    43     0
3234.81  6.39e-14  3.66e-14   545    69     0
3237.48  2.93e-14  2.92e-14   545    32     0
3240.14  4.55e-14  1.68e-14   546    49     0
3242.81  1.30e-13  3.43e-14   546   137     0
3245.47  4.38e-14  3.77e-14   547    30   -16
3248.14 -5.70e-14  3.24e-14   547   -37   -16
3250.80 -1.75e-13  4.70e-14   548  -153  -144
3253.47 -3.57e-13  6.33e-14   548  -299  -176
3256.14 -1.72e-13  6.25e-14   548  -126  -176
3258.80 -1.70e-13  5.95e-14   549  -119  -176
3261.47 -8.29e-14  5.20e-14   549   -55  -176
3264.13 -1.60e-13  6.79e-14   550  -103  -176
3266.80 -7.25e-14  6.68e-14   550   -48  -176
3269.46 -2.34e-14  5.59e-14   551   -15   -48
3272.13 -7.74e-14  5.24e-14   551   -54  -176
3274.80 -1.33e-13  5.29e-14   552   -91   -16
3277.46 -4.46e-14  3.25e-14   552   -22   -16
3280.13 -1.17e-14  2.01e-14   552   -17   -16
3282.79  3.82e-15  1.41e-14   553     5   -16
3285.46 -8.77e-14  3.13e-14   553   -43   -16
3288.12  1.19e-14  3.08e-14   554     5   -16
3290.79 -6.49e-14  5.96e-14   554   -35   -16
3293.46 -3.57e-14  3.68e-14   555   -18   -16
3296.12  1.57e-14  1.08e-13   555     4   -16
3298.79 -1.55e-14  8.86e-14   555    -4   -16
3301.45  1.05e-14  4.62e-14   556     5   -16
3304.12  4.62e-14  3.25e-13   556    22 -4112
3306.78  4.14e-13  1.81e-12   557   126 -4096
3309.45  8.18e-13  1.22e-12   557   245 -4096
3312.12  2.03e-12  2.89e-12   558   191 -4096
3314.78  4.06e-13  3.39e-13   558    37     0
3317.45  3.47e-13  1.82e-13   559    35     0
3320.11  6.79e-14  4.68e-14   559    21     0
3322.78 -7.27e-15  4.93e-14   559    -2     0
3325.44  1.57e-13  5.88e-14   560    55     0
3328.11  1.43e-13  5.12e-14   560    46     0
3330.78  1.10e-13  3.22e-14   561    66     0
3333.44  4.70e-14  2.69e-14   561    26     0
3336.11  8.70e-14  5.61e-14   562    22     0
3338.77  1.53e-13  7.38e-14   562    37     0
3341.44  1.36e-13  9.97e-14   562    23     0
3344.10  1.93e-13  8.89e-14   563    31     0
3346.77  1.01e-13  8.37e-14   563    18     0
3349.44  3.00e-13  1.48e-13   564    52     0
