NOT ORIGINAL IUE PROJECT DATA PRODUCT
LWR08449LOWLARGE
HD  197481
20:42:06
-31:31:05
48
X-TRAIL
NO
2687.857
06/08/80
07:03:55
219
16.20
15/06/97
GSFC
2444457.79439
65
31
1851.42  1.58e-14  7.12e-14   176     3     0
1854.09 -1.69e-14  6.76e-14   175    -3     0
1856.76  7.83e-14  6.90e-14   174    17     0
1859.42  7.22e-14  6.56e-14   174    17     0
1862.09 -9.50e-15  5.94e-14   173    -2     0
1864.76 -4.44e-14  5.57e-14   173   -12     0
1867.43  2.15e-14  5.39e-14   172     6     0
1870.10  1.83e-14  4.85e-14   172     5     0
1872.77 -2.26e-14  4.47e-14   171    -7     0
1875.44 -3.96e-14  3.77e-14   171   -16     0
1878.11 -2.23e-14  3.50e-14   170    -9     0
1880.78  2.17e-14  3.75e-14   170     9     0
1883.44  1.53e-14  3.52e-14   169     6     0
1886.11  9.06e-15  3.48e-14   169     4     0
1888.78  3.16e-14  3.36e-14   169    14     0
1891.45  1.84e-14  3.05e-14   169     9     0
1894.12  6.75e-14  3.04e-14   168    36     0
1896.79 -9.62e-15  2.81e-14   168    -5     0
1899.46 -1.83e-14  2.73e-14   168   -10     0
1902.13  5.65e-15  2.72e-14   168     3     0
1904.80  4.76e-15  2.66e-14   167     2     0
1907.46 -7.78e-15  2.57e-14   167    -4     0
1910.13  1.35e-14  2.63e-14   167     8     0
1912.80  2.35e-14  2.59e-14   167    14     0
1915.47  2.62e-14  2.36e-14   167    18     0
1918.14  3.06e-14  2.31e-14   167    21     0
1920.81 -1.74e-14  2.06e-14   167   -13     0
1923.48  5.59e-15  2.01e-14   167     4     0
1926.15 -1.88e-14  2.25e-14   167   -13     0
1928.82 -1.77e-16  2.18e-14   167     0     0
1931.48  9.98e-16  1.99e-14   167     0     0
1934.15 -6.53e-15  1.94e-14   167    -5     0
1936.82 -1.50e-14  1.79e-14   167   -13     0
1939.49 -2.27e-14  1.74e-14   167   -21     0
1942.16 -6.21e-15  1.74e-14   167    -5     0
1944.83  6.85e-15  1.71e-14   167     6     0
1947.50  2.56e-15  1.65e-14   167     2     0
1950.17  8.74e-15  1.65e-14   167     9     0
1952.84  1.92e-14  1.64e-14   167    20     0
1955.50  1.61e-14  1.59e-14   167    17     0
1958.17  9.29e-15  1.55e-14   168    10     0
1960.84 -7.12e-16  1.49e-14   168     0     0
1963.51  9.40e-15  1.47e-14   168    11     0
1966.18 -2.86e-15  1.47e-14   168    -3     0
1968.85 -1.12e-14  1.44e-14   168   -13     0
1971.52  6.73e-15  1.45e-14   169     8     0
1974.19 -2.64e-16  1.41e-14   169     0     0
1976.86 -4.52e-16  1.34e-14   169     0     0
1979.52 -1.20e-14  1.32e-14   169   -16     0
1982.19 -1.03e-14  1.32e-14   169   -14     0
1984.86  1.08e-14  1.32e-14   170    15     0
1987.53  2.46e-15  1.33e-14   170     3     0
1990.20  1.64e-14  1.35e-14   170    22     0
1992.87 -4.29e-15  1.31e-14   171    -6     0
1995.54 -2.30e-15  1.30e-14   171    -3     0
1998.21  1.06e-15  1.30e-14   171     1     0
2000.88  6.35e-16  1.22e-14   172     0     0
2003.54 -1.28e-15  1.22e-14   172    -1     0
2006.21  1.07e-14  1.27e-14   172    16     0
2008.88  5.76e-15  1.26e-14   173     8     0
2011.55 -4.10e-15  1.18e-14   173    -6     0
2014.22  8.30e-15  1.19e-14   173    13     0
2016.89  1.34e-14  1.19e-14   174    22     0
2019.56  6.05e-15  1.16e-14   174    10     0
2022.23  5.35e-15  1.24e-14   174     8     0
2024.90  3.45e-15  1.22e-14   175     5     0
2027.56  3.78e-15  1.18e-14   175     6     0
2030.23 -6.70e-15  1.10e-14   176   -12     0
2032.90 -9.18e-15  1.10e-14   176   -16     0
2035.57  2.31e-15  1.18e-14   176     3     0
2038.24 -3.87e-15  1.19e-14   177    -6     0
2040.91 -5.02e-15  1.13e-14   177    -9     0
2043.58 -5.03e-15  1.14e-14   178    -9     0
2046.25 -6.64e-15  1.23e-14   178   -11     0
2048.92 -7.55e-15  1.36e-14   179   -13 -4096
2051.58 -2.40e-15  1.33e-14   179    -4 -4096
2054.25  4.40e-16  1.22e-14   179     0     0
2056.92 -4.90e-15  1.16e-14   180    -9     0
2059.59  1.85e-15  1.13e-14   180     3     0
2062.26  3.14e-15  1.21e-14   181     5     0
2064.93 -3.73e-15  1.21e-14   181    -6     0
2067.60 -3.81e-15  1.11e-14   182    -7     0
2070.27 -2.10e-15  1.12e-14   182    -4     0
2072.94 -1.44e-16  1.12e-14   183     0     0
2075.60  7.49e-16  1.18e-14   183     1     0
2078.27 -3.62e-15  1.18e-14   183    -6     0
2080.94 -1.37e-14  1.21e-14   184   -25     0
2083.61  1.07e-15  1.21e-14   184     1     0
2086.28 -4.33e-15  1.10e-14   185    -8     0
2088.95 -2.32e-15  1.11e-14   185    -4     0
2091.62  6.18e-15  1.26e-14   186    11     0
2094.29  7.90e-15  1.28e-14   186    14     0
2096.96 -4.91e-15  1.17e-14   187    -9     0
2099.62  5.23e-15  1.18e-14   187    10     0
2102.29  1.46e-15  1.23e-14   188     2     0
2104.96  7.94e-17  1.24e-14   188     0     0
2107.63 -7.66e-15  1.23e-14   189   -14     0
2110.30  6.47e-15  1.25e-14   189    12     0
2112.97 -3.41e-15  1.24e-14   190    -6     0
2115.64  3.88e-15  1.35e-14   190     6     0
2118.31 -1.23e-14  1.34e-14   190   -21     0
2120.98 -4.49e-15  1.25e-14   191    -8     0
2123.65  2.80e-15  1.26e-14   191     5     0
2126.31  1.28e-15  1.28e-14   192     2     0
2128.98 -9.36e-15  1.28e-14   192   -17     0
2131.65 -6.52e-15  1.25e-14   193   -12     0
2134.32 -4.39e-15  1.26e-14   193    -8     0
2136.99 -1.46e-14  1.30e-14   194   -27     0
2139.66 -5.95e-15  1.30e-14   194   -11     0
2142.33 -1.65e-14  1.26e-14   195   -32     0
2145.00 -5.16e-15  1.27e-14   195   -10     0
2147.67 -8.74e-16  1.36e-14   196    -1     0
2150.33  4.38e-16  1.34e-14   196     0     0
2153.00 -2.49e-14  1.34e-14   196   -46     0
2155.67 -1.36e-14  1.41e-14   197   -24     0
2158.34  5.41e-15  1.42e-14   197     9     0
2161.01  6.31e-16  1.38e-14   198     1     0
2163.68  8.71e-15  1.39e-14   198    16     0
2166.35  3.20e-15  1.36e-14   199     6     0
2169.02  8.74e-15  1.37e-14   199    16     0
2171.69 -5.60e-15  1.43e-14   200   -10     0
2174.35 -1.06e-14  1.43e-14   200   -19     0
2177.02  5.12e-15  1.45e-14   200     9     0
2179.69 -1.05e-14  1.45e-14   201   -19     0
2182.36 -1.13e-14  1.33e-14   201   -22     0
2185.03  1.63e-14  1.41e-14   202    31     0
2187.70 -1.23e-14  1.45e-14   202   -23     0
2190.37 -1.73e-14  1.42e-14   203   -35     0
2193.04  1.60e-14  2.64e-14   203    32     0
2195.71  1.55e-15  1.40e-14   203     2     0
2198.37  8.11e-15  1.40e-14   204    15     0
2201.04 -1.60e-15  1.39e-14   204    -3     0
2203.71  1.01e-14  1.39e-14   205    20     0
2206.38  6.19e-15  1.39e-14   205    12     0
2209.05  1.98e-14  1.40e-14   205    39     0
2211.72  2.28e-14  1.35e-14   206    47     0
2214.39  5.77e-14  2.40e-14   206   119     0
2217.06  4.98e-14  3.38e-14   207    95     0
2219.73  2.92e-14  2.59e-14   207    55     0
2222.39  5.46e-14  2.51e-14   207   107     0
2225.06  1.37e-14  1.46e-14   208    26     0
2227.73  2.82e-14  1.47e-14   208    55     0
2230.40  1.77e-14  1.44e-14   209    35     0
2233.07  9.53e-15  1.40e-14   209    19     0
2235.74  1.39e-14  1.39e-14   209    29     0
2238.41 -9.74e-15  1.35e-14   210   -20     0
2241.08 -1.21e-14  1.40e-14   210   -24     0
2243.75 -5.28e-15  1.39e-14   210   -11     0
2246.41  1.92e-14  1.28e-14   211    44     0
2249.08 -4.91e-16  1.24e-14   211    -1     0
2251.75  4.19e-15  1.27e-14   212     9     0
2254.42  1.48e-14  1.28e-14   212    34     0
2257.09 -1.56e-14  1.31e-14   212   -35     0
2259.76  2.07e-15  1.31e-14   213     4     0
2262.43 -3.00e-15  1.30e-14   213    -6     0
2265.10  9.46e-15  1.24e-14   213    23     0
2267.77  7.46e-15  1.23e-14   214    18     0
2270.43 -2.59e-15  1.16e-14   214    -6     0
2273.10 -9.28e-15  1.15e-14   214   -24     0
2275.77  3.63e-15  1.20e-14   215     9     0
2278.44 -5.46e-15  1.18e-14   215   -14     0
2281.11 -4.89e-15  1.31e-14   215   -11     0
2283.78  1.11e-14  1.31e-14   215    26     0
2286.45  6.90e-15  1.03e-14   216    20     0
2289.12  6.60e-15  1.03e-14   216    19     0
2291.79  7.23e-15  1.11e-14   216    20     0
2294.45  9.88e-15  1.12e-14   217    27     0
2297.12  1.41e-14  1.18e-14   217    37     0
2299.79  1.17e-14  1.18e-14   217    31     0
2302.46  7.93e-15  1.11e-14   218    22     0
2305.13  3.62e-15  1.17e-14   218     9     0
2307.80  5.67e-15  1.15e-14   218    15     0
2310.47  1.78e-14  1.10e-14   218    51     0
2313.14  1.11e-14  1.08e-14   219    33     0
2315.81  1.24e-15  1.11e-14   219     3     0
2318.47  1.80e-14  1.12e-14   219    52     0
2321.14 -1.56e-14  1.03e-14   219   -48     0
2323.81  3.21e-14  1.09e-14   220   101     0
2326.48  2.69e-14  9.56e-15   220    93     0
2329.15  2.29e-14  2.03e-14   220    81     0
2331.82  8.94e-15  9.83e-15   220    31     0
2334.49  2.33e-14  1.19e-14   221    82     0
2337.16  2.36e-14  9.31e-15   221    88     0
2339.83  2.66e-14  1.22e-14   221   100     0
2342.49  2.06e-14  1.02e-14   221    76     0
2345.16  1.30e-14  8.59e-15   222    50     0
2347.83  2.60e-14  8.71e-15   222   101     0
2350.50  2.94e-14  1.07e-14   222   111     0
2353.17  2.05e-15  8.56e-15   222     7     0
2355.84  8.38e-15  8.63e-15   223    32     0
2358.51  9.77e-15  9.82e-15   223    38     0
2361.18 -2.89e-15  8.24e-15   223   -11     0
2363.85  1.09e-15  8.19e-15   223     4     0
2366.51  1.35e-14  9.76e-15   223    51     0
2369.18  1.06e-14  1.15e-14   224    40     0
2371.85  1.54e-14  8.61e-15   224    61     0
2374.52  3.82e-14  1.10e-14   224   153     0
2377.19  1.93e-14  8.24e-15   224    81     0
2379.86  2.61e-14  1.14e-14   224   111     0
2382.53  1.74e-14  8.56e-15   225    70     0
2385.20  1.90e-14  8.77e-15   225    75     0
2387.87  3.92e-14  1.16e-14   225   157     0
2390.53  2.51e-14  8.61e-15   225   103     0
2393.20  3.44e-14  1.39e-14   225   142     0
2395.87  2.54e-14  7.92e-15   225   114     0
2398.54  1.51e-14  8.02e-15   226    68     0
2401.21  1.04e-14  7.97e-15   226    46     0
2403.88  2.01e-14  8.26e-15   226    89     0
2406.55  2.41e-14  7.93e-15   226   109     0
2409.22  3.88e-14  1.52e-14   226   178     0
2411.89  2.72e-14  1.04e-14   226   125     0
2414.55  4.77e-15  7.50e-15   227    22     0
2417.22  1.22e-14  7.76e-15   227    55     0
2419.89 -3.26e-15  7.53e-15   227   -15     0
2422.56  1.04e-14  7.74e-15   227    47     0
2425.23  4.35e-15  7.19e-15   227    21     0
2427.90  1.88e-14  1.14e-14   227    93     0
2430.57  2.01e-14  1.10e-14   227    98     0
2433.24  2.70e-15  7.14e-15   228    13     0
2435.91  1.50e-14  7.46e-15   228    72     0
2438.57  2.14e-14  8.03e-15   228   105     0
2441.24  1.01e-15  6.83e-15   228     5     0
2443.91  3.63e-14  2.11e-14   228   190     0
2446.58  1.32e-14  6.76e-15   228    71     0
2449.25  1.60e-14  8.24e-15   228    87     0
2451.92  1.21e-14  7.26e-15   229    68     0
2454.59 -1.22e-15  6.21e-15   229    -7     0
2457.26  1.35e-14  6.61e-15   229    74     0
2459.93 -3.84e-16  6.40e-15   229    -2     0
2462.59 -2.29e-15  6.15e-15   229   -13     0
2465.26  5.59e-15  6.11e-15   229    33     0
2467.93  1.35e-14  6.18e-15   229    80     0
2470.60  1.18e-14  6.46e-15   229    67     0
2473.27  1.17e-14  6.43e-15   229    66     0
2475.94  2.74e-14  1.10e-14   230   159     0
2478.61  2.87e-14  1.22e-14   230   167     0
2481.28  1.89e-14  6.44e-15   230   110     0
2483.95  2.04e-14  6.46e-15   230   119     0
2486.61  9.90e-15  5.91e-15   230    62     0
2489.28  2.15e-15  5.81e-15   230    13     0
2491.95  1.33e-14  6.91e-15   230    71     0
2494.62  2.13e-14  7.73e-15   230   115     0
2497.29  1.26e-14  6.36e-15   230    74     0
2499.96  7.06e-15  6.26e-15   230    41     0
2502.63  1.68e-14  5.94e-15   231   107     0
2505.30  1.23e-14  9.51e-15   231    74     0
2507.97  1.21e-14  6.44e-15   231    73     0
2510.63  1.26e-14  5.76e-15   231    82     0
2513.30  1.10e-14  5.87e-15   231    73     0
2515.97  1.02e-14  7.67e-15   231    60     0
2518.64  1.68e-14  6.31e-15   231   101     0
2521.31  9.29e-15  6.04e-15   231    57     0
2523.98  2.20e-15  5.88e-15   231    13     0
2526.65  1.33e-14  5.76e-15   231    87     0
2529.32  1.21e-14  6.42e-15   231    80     0
2531.99  5.37e-15  5.63e-15   231    35     0
2534.65  9.31e-15  5.89e-15   231    61     0
2537.32  1.23e-14  5.40e-15   232    86     0
2539.99  9.26e-15  5.35e-15   232    65     0
2542.66  2.17e-14  6.08e-15   232   158     0
2545.33  1.26e-14  6.20e-15   232    91     0
2548.00  2.62e-14  1.03e-14   232   193     0
2550.67  7.61e-15  5.40e-15   232    53     0
2553.34  1.20e-14  8.23e-15   232    85     0
2556.01  1.29e-14  7.82e-15   232    90     0
2558.67  2.14e-14  9.19e-15   232   151     0
2561.34  1.29e-14  5.26e-15   232    94     0
2564.01  2.00e-14  6.57e-15   232   147     0
2566.68  1.70e-14  6.12e-15   232   133     0
2569.35  7.67e-15  4.84e-15   232    60     0
2572.02  1.77e-14  5.21e-15   232   134     0
2574.69  1.51e-14  6.44e-15   232   114     0
2577.36  5.70e-15  5.73e-15   232    41 -4096
2580.03  9.13e-15  5.45e-15   233    72 -4096
2582.69  4.29e-15  4.92e-15   233    33     0
2585.36  1.48e-14  6.07e-15   233   110     0
2588.03  1.67e-14  5.68e-15   233   125     0
2590.70  1.05e-14  4.95e-15   233    81     0
2593.37  1.43e-14  4.98e-15   233   112     0
2596.04  1.44e-14  4.89e-15   233   115     0
2598.71  3.09e-14  8.91e-15   233   249     0
2601.38  2.10e-14  5.20e-15   233   167     0
2604.05  2.33e-14  6.58e-15   233   187     0
2606.71  2.17e-14  5.88e-15   233   190     0
2609.38  1.44e-14  4.91e-15   233   127     0
2612.05  2.79e-14  8.01e-15   233   236     0
2614.72  2.97e-14  6.43e-15   233   255     0
2617.39  1.58e-14  5.01e-15   233   133     0
2620.06  2.64e-14  7.85e-15   233   230     0
2622.73  2.40e-14  4.86e-15   233   211     0
2625.40  3.01e-14  7.46e-15   233   258     0
2628.07  2.57e-14  8.22e-15   233   221     0
2630.73  4.32e-14  9.14e-15   233   380     0
2633.40  2.80e-14  8.01e-15   234   247     0
2636.07  1.66e-14  5.35e-15   234   141     0
2638.74  1.59e-14  4.64e-15   234   135     0
2641.41  5.50e-15  4.28e-15   234    49     0
2644.08  6.48e-15  4.29e-15   234    58     0
2646.75  7.46e-15  4.83e-15   234    63     0
2649.42  4.82e-15  4.50e-15   234    41     0
2652.09  2.78e-15  4.24e-15   234    24     0
2654.75  8.35e-15  4.31e-15   234    74     0
2657.42  2.57e-15  4.36e-15   234    22     0
2660.09  1.34e-14  4.29e-15   234   124     0
2662.76  4.07e-15  4.08e-15   234    38     0
2665.43  2.98e-15  4.09e-15   234    27     0
2668.10  3.83e-15  4.08e-15   234    35     0
2670.77  1.19e-14  4.13e-15   234   112     0
2673.44  6.86e-15  4.05e-15   234    65     0
2676.11  2.59e-15  4.04e-15   234    24     0
2678.77  2.02e-15  3.98e-15   234    19     0
2681.44  2.82e-15  3.96e-15   234    27     0
2684.11  6.23e-15  3.95e-15   234    60     0
2686.78 -6.05e-16  3.91e-15   234    -5     0
2689.45  9.49e-15  6.31e-15   234    92     0
2692.12  9.54e-15  4.16e-15   234    88     0
2694.79  3.01e-15  4.08e-15   234    27     0
2697.46  1.27e-14  4.56e-15   234   109     0
2700.13  6.60e-15  3.88e-15   234    65     0
2702.79  4.83e-15  3.87e-15   234    47     0
2705.46  2.72e-15  4.07e-15   234    25     0
2708.13  1.09e-14  4.16e-15   234   101     0
2710.80  7.66e-15  3.96e-15   234    74     0
2713.47  8.21e-15  3.94e-15   234    80     0
2716.14  1.51e-14  4.30e-15   234   144     0
2718.81  5.89e-15  4.11e-15   234    56     0
2721.48  1.93e-15  4.07e-15   234    17     0
2724.15  1.14e-14  4.22e-15   235   106     0
2726.81  2.04e-14  6.73e-15   235   205     0
2729.48  6.00e-15  3.77e-15   235    60     0
2732.15  7.80e-15  4.08e-15   235    73     0
2734.82  2.08e-14  6.32e-15   235   196     0
2737.49  1.18e-14  4.06e-15   235   115     0
2740.16  1.45e-14  4.15e-15   235   138     0
2742.83  2.78e-14  7.61e-15   235   267     0
2745.50  1.44e-14  4.29e-15   235   143     0
2748.17  1.46e-14  4.29e-15   235   145     0
2750.83  2.24e-14  7.17e-15   235   220     0
2753.50  3.01e-14  6.88e-15   235   294     0
2756.17  2.28e-14  7.46e-15   235   230     0
2758.84  1.57e-14  3.97e-15   235   158     0
2761.51  1.55e-14  4.42e-15   235   152     0
2764.18  1.61e-14  6.11e-15   235   159     0
2766.85  1.60e-14  4.61e-15   235   152     0
2769.52  5.36e-15  3.94e-15   235    51     0
2772.19  1.46e-14  5.25e-15   235   137     0
2774.85  9.96e-15  4.03e-15   235    94     0
2777.52  1.35e-14  4.45e-15   235   130     0
2780.19  9.93e-15  4.51e-15   235    95     0
2782.86  1.95e-15  4.23e-15   235    18 -4096
2785.53  1.38e-14  4.18e-15   235   134     0
2788.20  1.27e-14  3.94e-15   235   124     0
2790.87  2.92e-14  9.56e-15   235   299     0
2793.54  9.33e-14  3.10e-14   235   956     0
2796.21  1.43e-13  3.54e-14   235  1383     0
2798.87  1.60e-13  3.61e-14   235  1542     0
2801.54  1.25e-13  2.91e-14   235  1248     0
2804.21  1.46e-13  3.44e-14   235  1451     0
2806.88  8.25e-14  1.79e-14   235   768     0
2809.55  3.45e-14  9.04e-15   235   320     0
2812.22  1.77e-14  6.42e-15   235   175     0
2814.89  1.57e-14  4.21e-15   235   154     0
2817.56  1.10e-14  4.55e-15   234   108     0
2820.23  8.05e-15  3.80e-15   234    78     0
2822.90  6.30e-15  3.77e-15   234    61     0
2825.56  1.52e-14  4.19e-15   234   137     0
2828.23  6.15e-15  4.12e-15   234    55     0
2830.90  1.41e-14  6.11e-15   234   126     0
2833.57  1.67e-14  4.36e-15   234   149     0
2836.24  1.15e-14  4.04e-15   234   105     0
2838.91  1.11e-14  4.13e-15   234   101     0
2841.58  1.77e-14  4.73e-15   234   186     0
2844.25  8.75e-15  3.59e-15   234    92     0
2846.92  1.69e-14  3.92e-15   234   163     0
2849.58  2.66e-14  5.51e-15   234   256     0
2852.25  1.10e-14  4.22e-15   234   107     0
2854.92  1.23e-14  5.87e-15   234   120     0
2857.59  1.66e-14  6.83e-15   234   161     0
2860.26  1.80e-14  5.08e-15   234   173     0
2862.93  1.71e-14  4.73e-15   234   164     0
2865.60  1.36e-14  3.73e-15   234   136     0
2868.27  1.65e-14  5.22e-15   234   164     0
2870.94  9.62e-15  5.36e-15   234    90     0
2873.60  1.57e-14  5.53e-15   234   147     0
2876.27  5.27e-15  4.06e-15   234    47     0
2878.94  1.96e-14  5.70e-15   233   176     0
2881.61  1.15e-14  4.18e-15   233   107     0
2884.28  1.68e-14  4.37e-15   233   156     0
2886.95  1.11e-14  3.89e-15   233   103     0
2889.62  1.68e-14  6.15e-15   233   156     0
2892.29  1.02e-14  3.91e-15   233    94     0
2894.96  1.28e-14  7.88e-15   233   117     0
2897.62  1.57e-14  6.03e-15   233   141     0
2900.29  1.77e-14  5.83e-15   233   167     0
2902.96  7.34e-15  4.58e-15   233    69     0
2905.63  1.65e-14  8.47e-15   233   136     0
2908.30  1.20e-14  4.82e-15   233    98     0
2910.97  1.50e-14  6.27e-15   232   130     0
2913.64  1.28e-14  4.35e-15   232   109     0
2916.31  1.06e-14  5.04e-15   232    92     0
2918.98  1.64e-14  7.34e-15   232   141     0
2921.64  1.46e-14  5.09e-15   232   116     0
2924.31  2.12e-14  7.13e-15   232   166     0
2926.98  2.65e-14  6.96e-15   232   214     0
2929.65  2.32e-14  7.69e-15   232   185     0
2932.32  1.21e-14  5.85e-15   232   102     0
2934.99  1.69e-14  5.11e-15   231   142     0
2937.66  1.44e-14  7.22e-15   231   107     0
2940.33  1.84e-14  6.97e-15   231   154     0
2943.00  8.42e-15  4.11e-15   231    70     0
2945.66  1.63e-14  5.54e-15   231   127     0
2948.33  1.52e-14  5.27e-15   231   118     0
2951.00  2.09e-14  6.64e-15   231   161     0
2953.67  2.66e-14  8.95e-15   230   204     0
2956.34  1.82e-14  4.92e-15   230   149     0
2959.01  1.60e-14  4.69e-15   230   130     0
2961.68  1.61e-14  5.51e-15   230   119     0
2964.35  1.65e-14  4.71e-15   230   121     0
2967.02  1.09e-14  5.99e-15   230    82     0
2969.68  1.50e-14  5.23e-15   229   112     0
2972.35  1.44e-14  5.77e-15   229   104     0
2975.02  2.35e-14  5.85e-15   229   159     0
2977.69  1.85e-14  6.29e-15   229   124     0
2980.36  1.89e-14  6.62e-15   229   136     0
2983.03  1.51e-14  4.73e-15   229   108     0
2985.70  8.03e-15  4.76e-15   228    56     0
2988.37  2.26e-14  4.98e-15   228   157     0
2991.04  2.19e-14  5.95e-15   228   146     0
2993.70  1.68e-14  8.13e-15   228   111     0
2996.37  2.66e-14  6.95e-15   228   186     0
2999.04  1.38e-14  4.76e-15   227    96     0
3001.71  1.88e-14  9.06e-15   227   122     0
3004.38  3.79e-14  1.11e-14   227   246     0
3007.05  1.68e-14  5.20e-15   227   118     0
3009.72  1.95e-14  5.52e-15   227   136     0
3012.39  1.40e-14  5.66e-15   226    86     0
3015.06  8.20e-15  6.52e-15   226    49     0
3017.72  9.99e-15  5.81e-15   226    59     0
3020.39  2.14e-14  7.05e-15   226   133     0
3023.06  1.63e-14  5.29e-15   225   100     0
3025.73  8.18e-15  6.57e-15   225    49     0
3028.40  1.21e-14  6.01e-15   225    71     0
3031.07  8.82e-15  5.53e-15   225    50     0
3033.74  1.76e-14  8.48e-15   224    99     0
3036.41  1.03e-14  6.57e-15   224    57     0
3039.08  1.40e-14  8.31e-15   224    77     0
3041.74  1.64e-14  9.60e-15   224    91     0
3044.41  2.85e-14  6.23e-15   223   157     0
3047.08  1.08e-14  6.53e-15   223    51     0
3049.75  3.03e-14  1.26e-14   223   142     0
3052.42  2.14e-14  8.28e-15   222   105     0
3055.09  2.58e-14  1.11e-14   222   130     0
3057.76  3.08e-14  1.02e-14   222   152     0
3060.43  8.27e-15  6.49e-15   222    39     0
3063.10  2.51e-14  1.08e-14   221   118     0
3065.76  2.63e-14  1.06e-14   221   127     0
3068.43  1.39e-14  1.02e-14   221    66     0
3071.10  2.27e-14  7.15e-15   220   103     0
3073.77  1.93e-14  6.93e-15   220    86     0
3076.44  2.93e-14  1.26e-14   220   137     0
3079.11  3.63e-14  1.17e-14   219   166     0
3081.78  2.15e-14  7.44e-15   219    88     0
3084.45  3.28e-14  7.75e-15   219   133     0
3087.12  3.89e-14  1.07e-14   218   147     0
3089.78  2.83e-14  8.42e-15   218   105     0
3092.45  2.20e-14  1.10e-14   218    87     0
3095.12  6.22e-15  9.84e-15   217    22     0
3097.79  3.03e-14  1.62e-14   217   105     0
3100.46  1.82e-14  9.63e-15   217    65     0
3103.13  3.15e-14  8.69e-15   216   111     0
3105.80  3.62e-14  9.67e-15   216   133     0
3108.47  1.37e-14  8.04e-15   215    49     0
3111.14  3.79e-14  1.16e-14   215   125     0
3113.80  7.73e-15  8.78e-15   215    25     0
3116.47  9.46e-15  1.08e-14   214    26     0
3119.14  4.39e-14  1.60e-14   214   120     0
3121.81  2.45e-14  1.72e-14   213    72     0
3124.48  1.96e-14  1.15e-14   213    56     0
3127.15  4.05e-14  1.79e-14   213   111     0
3129.82  1.91e-14  1.14e-14   212    51     0
3132.49  8.12e-15  9.86e-15   212    23     0
3135.16  4.50e-14  1.48e-14   211   127     0
3137.82  2.61e-14  1.08e-14   211    72     0
3140.49  1.72e-14  1.13e-14   211    42     0
3143.16  3.21e-14  1.18e-14   210    78     0
3145.83 -2.29e-16  1.14e-14   210     0     0
3148.50  4.52e-14  1.99e-14   209   106     0
3151.17  1.74e-14  1.29e-14   209    39     0
3153.84  5.49e-14  2.00e-14   209   121     0
3156.51  1.58e-14  1.09e-14   208    39     0
3159.18  3.95e-14  1.46e-14   208    97     0
3161.84  3.12e-14  1.18e-14   207    75     0
3164.51  4.01e-14  2.29e-14   207    94     0
3167.18  3.22e-14  1.51e-14   206    74     0
3169.85  4.06e-14  1.39e-14   206    91     0
3172.52  4.64e-14  2.23e-14   205    91     0
3175.19  2.17e-14  1.37e-14   205    43     0
3177.86  5.13e-14  1.43e-14   204    99     0
3180.53  3.46e-14  1.59e-14   204    60     0
3183.20  8.49e-14  2.77e-14   204   144     0
3185.86  2.38e-14  1.29e-14   203    49     0
3188.53  5.24e-14  1.91e-14   203   105     0
3191.20  3.23e-14  1.53e-14   202    56     0
3193.87  1.81e-14  1.55e-14   202    30     0
3196.54  3.84e-14  2.08e-14   201    59     0
3199.21  5.14e-14  1.78e-14   201    77     0
3201.88  4.50e-14  1.62e-14   200    78     0
3204.55  1.09e-14  1.53e-14   200    18     0
3207.22  3.17e-14  1.90e-14   199    43     0
3209.88  3.44e-14  2.91e-14   199    46     0
3212.55  1.03e-14  2.16e-14   198    12     0
3215.22  6.64e-15  2.25e-14   198     7     0
3217.89  1.03e-14  2.30e-14   197    11     0
3220.56  6.68e-14  2.75e-14   197    98     0
3223.23  4.81e-14  2.79e-14   196    69     0
3225.90  6.05e-14  2.41e-14   196    67     0
3228.57  5.29e-14  2.50e-14   195    57     0
3231.24  1.92e-14  2.20e-14   195    22     0
3233.90  3.42e-14  2.82e-14   194    38     0
3236.57  5.00e-14  2.65e-14   194    48     0
3239.24  3.78e-14  3.14e-14   193    36     0
3241.91  1.38e-14  2.91e-14   193    11     0
3244.58  3.40e-14  4.25e-14   192    28     0
3247.25 -4.36e-14  3.74e-14   192   -28     0
3249.92  5.73e-14  4.24e-14   191    36     0
3252.59  2.67e-14  3.18e-14   191    22     0
3255.26  5.33e-14  3.73e-14   190    44     0
3257.92 -1.94e-14  3.02e-14   190   -15     0
3260.59 -2.85e-15  3.60e-14   189    -1     0
3263.26 -2.58e-15  4.91e-14   189    -1   -16
3265.93  6.34e-14  4.91e-14   188    32   -16
3268.60  1.19e-13  6.40e-14   188    59   -16
3271.27  1.10e-13  4.63e-14   187    88   -16
3273.94  1.06e-13  6.45e-14   187    82   -16
3276.61  9.74e-14  6.93e-14   186    38   -16
3279.28 -6.41e-14  6.73e-14   186   -25   -16
3281.94  5.48e-14  6.43e-14   185    26   -16
3284.61  1.18e-13  6.82e-14   185    56   -16
3287.28  1.12e-13  6.28e-14   184    75   -16
3289.95  5.35e-14  3.70e-14   184    35   -16
3292.62  5.91e-14  4.18e-14   183    34   -16
3295.29  1.36e-14  1.05e-13   183     5   -16
3297.96  4.64e-14  1.03e-13   182    18   -16
3300.63 -4.04e-14  6.95e-14   182   -13   -16
3303.30  1.26e-13  1.36e-13   182    41   -16
3305.96  1.21e-12  9.08e-13   181    73 -4112
3308.63  1.72e-12  1.19e-12   181   101 -4112
3311.30  1.93e-13  1.77e-13   180    29 -4112
3313.97  8.88e-14  1.59e-13   180    13   -16
3316.64 -4.09e-14  1.07e-13   179    -8   -16
3319.31  1.73e-14  1.10e-13   179     3   -16
3321.98  1.77e-13  1.26e-13   178    41   -16
3324.65  5.00e-13  1.55e-13   178   114   -16
3327.32  2.02e-13  1.01e-13   178    72   -16
3329.98  5.47e-14  6.78e-14   177    19   -16
3332.65  7.81e-14  2.33e-13   177    12   -16
3335.32 -1.89e-13  1.80e-13   176   -24   -16
3337.99  2.36e-13  1.86e-13   176    30   -16
3340.66  1.84e-13  6.36e-13   176     8     0
3343.33  8.35e-14  5.31e-13   175     3     0
3346.00 -7.20e-14  1.79e-13   175    -9     0
3348.67 -9.96e-14  1.85e-13   175   -12     0
