NOT ORIGINAL IUE PROJECT DATA PRODUCT
LWR08438LOWLARGE
HD  197481
20:42:04
-31:31:05
52
NO-TRAIL
NO
1980.700
04/08/80
17:32:01
217
16.17
14/07/97
VILSPA
2444456.23057
70
32
1851.42  6.24e-14  4.85e-14   136     9     0
1854.09  2.98e-14  4.47e-14   135     4     0
1856.76 -4.95e-15  4.34e-14   135     0     0
1859.42  4.42e-15  4.12e-14   135     0     0
1862.09  1.56e-14  3.89e-14   134     2     0
1864.76  1.24e-14  3.64e-14   134     2     0
1867.43 -2.42e-14  3.44e-14   134    -5     0
1870.10  2.57e-15  3.10e-14   134     0     0
1872.77  4.45e-15  2.90e-14   133     1     0
1875.44 -4.04e-14  2.43e-14   133   -11     0
1878.11  1.56e-14  2.34e-14   133     5     0
1880.78  6.54e-15  2.41e-14   133     1     0
1883.44 -4.50e-15  2.26e-14   132    -1     0
1886.11  2.23e-14  2.36e-14   132     7     0
1888.78  2.32e-15  2.14e-14   132     0     0
1891.45  2.24e-14  2.07e-14   132     8     0
1894.12  4.29e-14  2.12e-14   132    16     0
1896.79  1.87e-14  1.91e-14   132     7     0
1899.46 -1.70e-15  1.75e-14   131     0     0
1902.13 -1.99e-14  1.74e-14   131    -8     0
1904.80  1.24e-14  1.77e-14   131     5     0
1907.46  2.46e-14  1.78e-14   131    11     0
1910.13  3.26e-14  1.86e-14   131    14     0
1912.80  2.69e-14  1.76e-14   131    12     0
1915.47 -4.73e-15  1.47e-14   131    -2     0
1918.14 -1.12e-14  1.42e-14   131    -5     0
1920.81  1.79e-14  1.40e-14   131    10     0
1923.48  1.48e-14  1.35e-14   131     8     0
1926.15  5.26e-15  1.43e-14   131     2     0
1928.82  4.95e-15  1.39e-14   131     2     0
1931.48 -6.67e-15  1.24e-14   131    -4     0
1934.15  8.01e-15  1.25e-14   130     5     0
1936.82  1.85e-14  1.21e-14   130    12     0
1939.49 -4.08e-15  1.07e-14   130    -2     0
1942.16  3.35e-15  1.09e-14   130     2     0
1944.83  1.00e-14  1.10e-14   130     7     0
1947.50 -1.59e-15  1.01e-14   130    -1     0
1950.17 -1.95e-15  1.00e-14   130    -1     0
1952.84  8.06e-16  9.82e-15   130     0     0
1955.50  4.23e-15  9.80e-15   131     3     0
1958.17 -8.70e-15  9.35e-15   131    -7     0
1960.84 -4.08e-15  9.09e-15   131    -3     0
1963.51  1.45e-15  8.96e-15   131     1     0
1966.18 -7.45e-15  8.94e-15   131    -6     0
1968.85 -5.76e-15  8.77e-15   131    -5     0
1971.52 -6.73e-15  8.79e-15   131    -6     0
1974.19  5.71e-16  8.64e-15   131     0     0
1976.86  3.13e-15  8.33e-15   131     3     0
1979.52  5.69e-15  8.40e-15   131     5     0
1982.19 -2.77e-15  8.13e-15   131    -2     0
1984.86 -4.25e-15  8.03e-15   131    -4     0
1987.53  5.75e-15  8.48e-15   131     5     0
1990.20  1.86e-14  8.95e-15   131    19     0
1992.87  3.67e-15  8.29e-15   132     3     0
1995.54  2.07e-15  8.09e-15   132     2     0
1998.21  3.43e-15  8.21e-15   132     3     0
2000.88 -3.74e-16  7.56e-15   132     0     0
2003.54 -1.35e-15  7.55e-15   132    -1     0
2006.21  8.88e-15  8.22e-15   132     9     0
2008.88 -2.39e-16  7.73e-15   132     0     0
2011.55 -4.09e-15  7.32e-15   132    -4     0
2014.22  1.57e-15  7.37e-15   133     1     0
2016.89  1.17e-14  7.88e-15   133    14     0
2019.56  9.47e-15  7.58e-15   133    11     0
2022.23 -7.50e-15  7.62e-15   133    -8     0
2024.90  4.89e-15  7.72e-15   133     5     0
2027.56  7.31e-15  7.61e-15   133     9     0
2030.23  2.40e-14  7.97e-15   134    31     0
2032.90  4.81e-15  7.08e-15   134     6     0
2035.57  1.12e-14  7.89e-15   134    14     0
2038.24  2.43e-15  7.45e-15   134     3     0
2040.91 -1.21e-15  6.97e-15   134    -1     0
2043.58  3.25e-15  7.16e-15   134     4     0
2046.25  2.21e-15  7.49e-15   135     2     0
2048.92 -1.40e-14  1.49e-14   135   -17 -4096
2051.58  7.01e-14  5.08e-14   135    94 -4096
2054.25 -1.49e-14  8.09e-15   135   -20     0
2056.92 -2.96e-15  7.04e-15   135    -4     0
2059.59  1.73e-15  7.03e-15   136     2     0
2062.26  1.32e-15  7.48e-15   136     1     0
2064.93 -2.90e-15  7.37e-15   136    -3     0
2067.60  3.80e-15  6.99e-15   136     5     0
2070.27  5.68e-15  7.14e-15   136     8     0
2072.94  1.69e-15  6.86e-15   137     2     0
2075.60 -5.59e-15  7.15e-15   137    -7     0
2078.27  6.94e-16  7.19e-15   137     0     0
2080.94  4.09e-16  7.32e-15   137     0     0
2083.61  5.80e-15  7.65e-15   137     7     0
2086.28  1.92e-15  6.75e-15   138     2     0
2088.95 -2.13e-15  6.70e-15   138    -3     0
2091.62 -2.38e-15  7.55e-15   138    -3     0
2094.29  1.02e-14  8.21e-15   138    13     0
2096.96  8.24e-15  7.47e-15   139    12     0
2099.62  4.02e-15  7.27e-15   139     5     0
2102.29 -1.48e-15  7.42e-15   139    -2     0
2104.96  1.48e-15  7.53e-15   139     2     0
2107.63 -1.44e-14  7.40e-15   139   -20     0
2110.30 -3.19e-15  7.51e-15   140    -4     0
2112.97 -1.14e-14  7.45e-15   140   -16     0
2115.64 -7.12e-15  8.07e-15   140    -9     0
2118.31 -3.21e-15  8.03e-15   140    -4     0
2120.98  6.64e-17  7.50e-15   141     0     0
2123.65 -1.63e-15  7.52e-15   141    -2     0
2126.31  5.48e-15  7.89e-15   141     7     0
2128.98 -6.60e-15  7.65e-15   141    -9     0
2131.65 -3.45e-15  7.45e-15   142    -5     0
2134.32 -5.83e-15  7.50e-15   142    -8     0
2136.99 -2.09e-15  7.73e-15   142    -2     0
2139.66  4.84e-16  7.77e-15   142     0     0
2142.33  4.21e-15  7.70e-15   143     6     0
2145.00 -6.49e-15  7.53e-15   143    -9     0
2147.67  8.50e-15  8.46e-15   143    11     0
2150.33 -8.21e-15  7.98e-15   143   -11     0
2153.00 -8.68e-15  7.99e-15   143   -12     0
2155.67 -3.26e-15  8.37e-15   144    -4     0
2158.34 -3.47e-15  8.37e-15   144    -4     0
2161.01 -9.97e-15  8.18e-15   144   -13     0
2163.68 -4.48e-15  8.18e-15   144    -6     0
2166.35  7.05e-15  8.34e-15   145    10     0
2169.02 -6.29e-15  8.08e-15   145    -9     0
2171.69 -5.21e-15  8.47e-15   145    -7     0
2174.35 -1.50e-15  8.48e-15   145    -2     0
2177.02  8.02e-15  8.89e-15   146    10     0
2179.69  4.49e-15  8.80e-15   146     6     0
2182.36 -7.70e-15  7.88e-15   146   -11     0
2185.03  3.58e-15  1.24e-14   146     5     0
2187.70 -4.06e-15  8.27e-15   147    -5     0
2190.37 -1.47e-14  7.93e-15   147   -22     0
2193.04 -1.92e-15  9.42e-15   147    -2     0
2195.71 -7.13e-15  8.30e-15   147   -10     0
2198.37 -6.03e-15  8.21e-15   148    -8     0
2201.04 -7.29e-15  8.20e-15   148   -10     0
2203.71 -8.08e-15  8.16e-15   148   -12     0
2206.38 -2.40e-15  8.20e-15   148    -3     0
2209.05 -5.16e-15  8.14e-15   149    -7     0
2211.72  1.57e-15  7.89e-15   149     2     0
2214.39  3.49e-15  8.07e-15   149     5     0
2217.06  1.91e-16  8.65e-15   149     0     0
2219.73 -2.92e-15  8.75e-15   149    -4     0
2222.39  9.80e-15  1.06e-14   150    14     0
2225.06  2.96e-15  8.62e-15   150     4     0
2227.73  5.64e-16  8.45e-15   150     0     0
2230.40  1.46e-15  8.40e-15   150     2     0
2233.07 -3.78e-15  8.23e-15   151    -5     0
2235.74 -4.28e-15  8.13e-15   151    -6     0
2238.41 -1.25e-14  7.99e-15   151   -19     0
2241.08 -1.18e-14  8.29e-15   151   -18     0
2243.75 -2.59e-15  8.21e-15   151    -4     0
2246.41  3.08e-15  7.55e-15   152     5     0
2249.08  2.11e-15  7.46e-15   152     3     0
2251.75  3.23e-15  7.64e-15   152     5     0
2254.42  1.40e-14  8.11e-15   152    24     0
2257.09  1.12e-14  8.29e-15   153    18     0
2259.76  4.90e-15  7.96e-15   153     8     0
2262.43 -7.28e-15  7.71e-15   153   -12     0
2265.10 -5.58e-15  7.24e-15   153   -10     0
2267.77  4.54e-15  7.37e-15   153     8     0
2270.43  1.03e-15  6.87e-15   154     2     0
2273.10  2.80e-15  6.92e-15   154     5     0
2275.77  2.78e-15  7.16e-15   154     5     0
2278.44 -1.28e-15  6.97e-15   154    -2     0
2281.11 -7.15e-15  7.72e-15   154   -12     0
2283.78  3.00e-15  7.75e-15   155     5     0
2286.45  5.59e-15  6.70e-15   155    12     0
2289.12  1.42e-14  6.60e-15   155    31     0
2291.79  6.36e-15  6.63e-15   155    13     0
2294.45  1.15e-14  6.91e-15   155    24     0
2297.12  3.85e-15  7.03e-15   156     7     0
2299.79  7.63e-15  7.18e-15   156    15     0
2302.46 -1.01e-14  6.71e-15   156   -21     0
2305.13 -1.42e-15  6.81e-15   156    -2     0
2307.80  8.13e-15  7.11e-15   156    16     0
2310.47  8.82e-15  6.73e-15   157    19     0
2313.14 -5.04e-15  6.28e-15   157   -11     0
2315.81 -1.25e-15  6.54e-15   157    -2     0
2318.47 -2.29e-16  6.44e-15   157     0     0
2321.14 -5.09e-15  6.04e-15   157   -11     0
2323.81  3.95e-15  8.20e-15   158     9     0
2326.48 -1.72e-15  5.42e-15   158    -4     0
2329.15 -6.66e-15  5.34e-15   158   -17     0
2331.82  8.32e-15  5.71e-15   158    21     0
2334.49  9.99e-15  5.81e-15   158    26     0
2337.16  2.32e-14  8.09e-15   158    65     0
2339.83  1.35e-14  5.55e-15   159    38     0
2342.49  5.66e-15  9.49e-15   159    15     0
2345.16  1.35e-14  5.60e-15   159    39     0
2347.83  1.00e-14  5.27e-15   159    29     0
2350.50  9.75e-15  8.47e-15   159    28     0
2353.17  9.19e-15  5.41e-15   159    26     0
2355.84  5.70e-15  5.20e-15   159    16     0
2358.51  4.02e-15  5.14e-15   160    11     0
2361.18  5.45e-15  5.02e-15   160    16     0
2363.85  2.72e-15  5.98e-15   160     8     0
2366.51  1.67e-14  5.74e-15   160    48     0
2369.18  9.91e-15  7.68e-15   160    28     0
2371.85  3.59e-15  5.06e-15   160    10     0
2374.52  4.76e-15  5.23e-15   161    14     0
2377.19  1.04e-14  5.08e-15   161    33     0
2379.86  4.07e-15  4.78e-15   161    13     0
2382.53 -1.04e-17  4.97e-15   161     0     0
2385.20  1.09e-14  5.42e-15   161    32     0
2387.87  1.98e-14  1.25e-14   161    60     0
2390.53  9.56e-15  9.47e-15   161    29     0
2393.20  2.40e-14  5.94e-15   161    75     0
2395.87  7.50e-15  4.72e-15   162    25     0
2398.54  2.13e-14  5.32e-15   162    74     0
2401.21  8.70e-15  8.46e-15   162    29     0
2403.88  5.91e-15  4.69e-15   162    20     0
2406.55  1.30e-14  6.45e-15   162    44     0
2409.22  1.60e-14  1.00e-14   162    56     0
2411.89  1.59e-14  5.21e-15   162    56     0
2414.55  1.34e-14  4.83e-15   162    47     0
2417.22  8.35e-15  4.73e-15   163    29     0
2419.89  1.62e-15  4.40e-15   163     5     0
2422.56  1.23e-14  4.85e-15   163    43     0
2425.23  5.87e-15  4.37e-15   163    22     0
2427.90  7.79e-15  4.42e-15   163    29     0
2430.57  4.41e-16  4.68e-15   163     1     0
2433.24 -5.55e-15  4.09e-15   163   -21     0
2435.91 -1.16e-15  4.17e-15   163    -4     0
2438.57  4.78e-15  4.33e-15   163    18     0
2441.24 -5.55e-16  3.90e-15   163    -2     0
2443.91  7.24e-15  4.14e-15   164    29     0
2446.58  3.34e-15  3.90e-15   164    13     0
2449.25  3.16e-15  4.07e-15   164    13     0
2451.92  2.38e-15  3.66e-15   164    10     0
2454.59  5.70e-15  3.79e-15   164    25     0
2457.26  2.82e-15  3.87e-15   164    12     0
2459.93 -1.63e-15  3.64e-15   164    -7     0
2462.59  7.85e-15  3.78e-15   164    35     0
2465.26  1.78e-15  3.51e-15   164     8     0
2467.93  1.27e-14  3.88e-15   164    58     0
2470.60  3.73e-15  3.73e-15   164    16     0
2473.27  2.84e-15  3.66e-15   164    12     0
2475.94  1.41e-14  6.13e-15   165    63     0
2478.61  1.25e-14  7.90e-15   165    56     0
2481.28  1.78e-15  3.57e-15   165     8     0
2483.95  8.93e-15  3.92e-15   165    40     0
2486.61  6.19e-15  6.77e-15   165    30     0
2489.28  3.80e-15  3.41e-15   165    18     0
2491.95  8.74e-15  4.19e-15   165    36     0
2494.62  1.08e-15  3.90e-15   165     4     0
2497.29  2.41e-15  3.59e-15   165    11     0
2499.96  5.62e-15  3.72e-15   165    25     0
2502.63  9.18e-15  3.59e-15   165    45     0
2505.30  1.27e-16  3.70e-15   165     0     0
2507.97  8.07e-15  3.76e-15   165    38     0
2510.63  3.80e-15  3.29e-15   165    19     0
2513.30  4.24e-15  3.45e-15   165    21     0
2515.97  1.13e-14  3.95e-15   165    52     0
2518.64  5.19e-15  3.63e-15   165    24     0
2521.31 -2.14e-15  3.33e-15   165   -10     0
2523.98  2.08e-15  3.37e-15   166    10     0
2526.65  1.05e-14  3.60e-15   166    53     0
2529.32  7.93e-15  3.55e-15   166    40     0
2531.99  2.07e-15  4.82e-15   166    10     0
2534.65  4.64e-15  4.59e-15   166    24     0
2537.32  6.56e-15  3.20e-15   166    36     0
2539.99  3.35e-15  3.10e-15   166    18     0
2542.66  8.86e-15  3.56e-15   166    50     0
2545.33  1.81e-14  5.59e-15   166   102     0
2548.00  4.10e-15  3.51e-15   166    23     0
2550.67  3.10e-15  3.12e-15   166    16     0
2553.34  1.81e-15  3.01e-15   166    10     0
2556.01  6.75e-15  3.27e-15   166    36     0
2558.67  3.92e-15  3.10e-15   166    21     0
2561.34  2.38e-15  3.42e-15   166    13     0
2564.01  1.20e-15  2.91e-15   166     6     0
2566.68  7.41e-15  3.20e-15   166    45     0
2569.35  1.12e-14  3.19e-15   166    69     0
2572.02  1.34e-15  5.09e-15   166     7     0
2574.69  8.36e-15  3.07e-15   166    49     0
2577.36  7.08e-16  2.91e-15   166     4     0
2580.03  3.66e-15  2.83e-15   166    22     0
2582.69  2.50e-15  2.77e-15   166    15     0
2585.36  7.81e-15  4.58e-15   166    45     0
2588.03  5.87e-15  3.18e-15   166    34     0
2590.70  7.32e-15  4.51e-15   166    44     0
2593.37  1.36e-14  3.97e-15   166    83     0
2596.04  8.92e-15  3.04e-15   166    55     0
2598.71  1.34e-14  3.30e-15   166    84     0
2601.38  7.27e-15  4.58e-15   166    45     0
2604.05  1.74e-14  7.18e-15   166   109     0
2606.71  1.32e-14  7.48e-15   166    90     0
2609.38  3.29e-15  4.27e-15   166    22     0
2612.05  9.19e-15  6.56e-15   166    61     0
2614.72  1.20e-14  4.51e-15   166    80     0
2617.39  1.47e-14  5.04e-15   166    97     0
2620.06  1.91e-14  7.57e-15   166   130     0
2622.73  1.08e-14  5.88e-15   166    74     0
2625.40  1.68e-14  7.47e-15   166   112     0
2628.07  2.01e-14  4.90e-15   166   135     0
2630.73  3.30e-14  9.42e-15   166   227     0
2633.40  2.81e-14  8.70e-15   166   194     0
2636.07  2.66e-14  5.86e-15   166   177     0
2638.74  1.62e-14  7.41e-15   166   107     0
2641.41  1.80e-15  2.42e-15   166    12     0
2644.08 -2.79e-16  2.36e-15   165    -1     0
2646.75  2.10e-15  3.94e-15   165    14     0
2649.42  8.88e-16  2.52e-15   165     5     0
2652.09  8.32e-15  2.72e-15   165    58     0
2654.75  5.68e-15  2.54e-15   165    39     0
2657.42  4.27e-15  2.68e-15   165    29     0
2660.09  5.54e-15  3.78e-15   165    40     0
2662.76  2.22e-15  2.34e-15   165    16     0
2665.43  1.39e-15  2.32e-15   165    10     0
2668.10  1.49e-15  2.31e-15   165    10     0
2670.77  3.14e-15  3.36e-15   165    23     0
2673.44  4.21e-15  2.39e-15   165    31     0
2676.11  1.00e-15  2.28e-15   165     7     0
2678.77  2.25e-15  2.30e-15   165    16     0
2681.44  6.63e-15  2.48e-15   165    49     0
2684.11  4.23e-15  2.36e-15   165    32     0
2686.78  1.08e-15  2.23e-15   165     8     0
2689.45  7.71e-15  2.50e-15   165    58     0
2692.12  4.59e-15  2.46e-15   165    33     0
2694.79  2.07e-15  2.36e-15   165    15     0
2697.46  4.99e-15  2.67e-15   165    33     0
2700.13  1.03e-15  2.20e-15   165     7     0
2702.79  7.06e-15  2.90e-15   164    54     0
2705.46  6.16e-16  2.28e-15   164     4     0
2708.13  1.52e-15  2.32e-15   164    11     0
2710.80  4.02e-15  2.32e-15   164    30     0
2713.47  7.01e-15  2.45e-15   164    53     0
2716.14  1.54e-15  3.15e-15   164    11     0
2718.81  2.14e-15  2.88e-15   164    16     0
2721.48  2.24e-15  2.36e-15   164    16     0
2724.15  2.50e-15  3.44e-15   164    18     0
2726.81  1.23e-14  3.83e-15   164    97     0
2729.48  5.40e-15  2.28e-15   164    42     0
2732.15  6.91e-15  3.13e-15   164    50     0
2734.82  1.24e-14  3.11e-15   164    91     0
2737.49  8.67e-15  4.22e-15   164    66     0
2740.16  1.03e-14  2.64e-15   164    76     0
2742.83  1.16e-14  2.75e-15   163    87     0
2745.50  1.48e-14  3.55e-15   163   114     0
2748.17  6.47e-15  3.32e-15   163    50     0
2750.83  9.30e-15  4.69e-15   163    71     0
2753.50  1.45e-14  6.47e-15   163   111     0
2756.17  7.94e-15  4.56e-15   163    62     0
2758.84  8.50e-15  3.31e-15   163    66     0
2761.51  1.25e-14  6.42e-15   163    96     0
2764.18  2.70e-15  4.15e-15   163    20     0
2766.85  5.74e-15  3.46e-15   163    42     0
2769.52  1.73e-15  2.26e-15   163    12     0
2772.19  4.99e-15  4.30e-15   163    36     0
2774.85  2.16e-15  4.16e-15   162    15     0
2777.52  4.45e-15  5.12e-15   162    33     0
2780.19  6.22e-15  3.05e-15   162    46     0
2782.86  2.43e-15  2.59e-15   162    18     0
2785.53  8.04e-15  2.49e-15   162    61     0
2788.20  3.71e-15  2.26e-15   162    28     0
2790.87  1.48e-14  3.63e-15   162   118     0
2793.54  1.30e-14  6.17e-15   162   103     0
2796.21  5.07e-14  1.30e-14   162   382     0
2798.87  9.21e-14  9.56e-15   162   691     0
2801.54  1.02e-13  2.20e-14   162   794     0
2804.21  1.06e-13  2.75e-14   161   818     0
2806.88  8.36e-14  2.67e-14   161   605     0
2809.55  5.84e-14  1.64e-14   161   422     0
2812.22  2.95e-14  7.43e-15   161   227     0
2814.89  7.20e-15  2.79e-15   161    55     0
2817.56  4.75e-15  3.19e-15   161    36     0
2820.23  4.76e-15  2.33e-15   161    36     0
2822.90  4.51e-15  2.27e-15   161    34     0
2825.56  8.01e-15  2.60e-15   161    56     0
2828.23  6.39e-15  2.53e-15   161    44     0
2830.90  7.77e-15  2.72e-15   160    54     0
2833.57  7.82e-15  4.10e-15   160    54     0
2836.24  2.24e-15  2.30e-15   160    15     0
2838.91  3.08e-15  3.95e-15   160    21     0
2841.58  4.18e-15  3.05e-15   160    34     0
2844.25  6.01e-15  2.78e-15   160    49     0
2846.92  4.38e-15  2.59e-15   160    32     0
2849.58  1.19e-14  4.70e-15   160    89     0
2852.25  2.82e-15  3.40e-15   160    21     0
2854.92  1.14e-14  3.72e-15   159    86     0
2857.59  9.77e-15  2.58e-15   159    73     0
2860.26  6.00e-15  4.45e-15   159    44     0
2862.93  1.40e-14  2.91e-15   159   104     0
2865.60  6.33e-15  2.33e-15   159    48     0
2868.27  8.88e-15  2.77e-15   159    68     0
2870.94  7.99e-15  3.33e-15   159    58     0
2873.60  8.48e-15  4.06e-15   159    61     0
2876.27  7.47e-15  2.56e-15   159    52     0
2878.94  1.14e-14  3.33e-15   158    79     0
2881.61  7.73e-15  4.21e-15   158    55     0
2884.28  9.18e-15  2.74e-15   158    66     0
2886.95  9.36e-15  3.41e-15   158    67     0
2889.62  9.55e-15  3.25e-15   158    68     0
2892.29  7.63e-15  2.93e-15   158    54     0
2894.96  1.11e-14  4.86e-15   158    78     0
2897.62  4.21e-15  3.41e-15   158    29     0
2900.29  8.89e-15  3.78e-15   157    64     0
2902.96  4.23e-15  2.24e-15   157    30     0
2905.63  6.67e-15  6.16e-15   157    42     0
2908.30  4.32e-15  2.67e-15   157    27     0
2910.97  7.34e-15  4.82e-15   157    48     0
2913.64  9.71e-15  3.21e-15   157    64     0
2916.31  2.68e-15  4.59e-15   157    18     0
2918.98  5.23e-15  5.45e-15   157    34     0
2921.64  1.31e-14  6.41e-15   156    79     0
2924.31  1.61e-14  6.76e-15   156    97     0
2926.98  1.26e-14  5.21e-15   156    78     0
2929.65  1.53e-14  5.36e-15   156    94     0
2932.32  1.28e-14  4.86e-15   156    82     0
2934.99  4.31e-15  4.24e-15   156    27     0
2937.66  2.02e-14  4.64e-15   156   116     0
2940.33  1.69e-14  6.76e-15   155   108     0
2943.00  6.74e-15  3.04e-15   155    43     0
2945.66  1.48e-14  3.11e-15   155    88     0
2948.33  1.31e-14  4.89e-15   155    78     0
2951.00  3.80e-15  2.59e-15   155    22     0
2953.67  1.61e-14  6.52e-15   155    94     0
2956.34  1.01e-14  2.93e-15   155    63     0
2959.01  9.13e-15  4.34e-15   154    56     0
2961.68  1.32e-14  3.18e-15   154    74     0
2964.35  6.68e-15  2.86e-15   154    37     0
2967.02  8.42e-15  4.97e-15   154    48     0
2969.68  8.82e-15  5.10e-15   154    50     0
2972.35  8.86e-15  6.49e-15   154    48     0
2975.02  1.09e-14  6.83e-15   154    56     0
2977.69  1.10e-14  5.75e-15   153    56     0
2980.36  1.24e-14  4.90e-15   153    67     0
2983.03  1.02e-14  3.11e-15   153    54     0
2985.70  6.59e-15  2.97e-15   153    34     0
2988.37  1.50e-14  7.23e-15   153    78     0
2991.04  1.54e-14  5.05e-15   153    76     0
2993.70  8.37e-15  5.26e-15   153    41     0
2996.37  3.21e-15  6.62e-15   152    16     0
2999.04  1.31e-15  3.18e-15   152     6     0
3001.71  4.28e-15  5.81e-15   152    20     0
3004.38  1.74e-14  6.29e-15   152    83     0
3007.05  5.77e-15  4.23e-15   152    30     0
3009.72  1.29e-14  3.55e-15   152    66     0
3012.39  1.68e-14  4.24e-15   152    76     0
3015.06  4.66e-15  3.51e-15   151    20     0
3017.72  1.91e-15  4.16e-15   151     8     0
3020.39  1.45e-14  5.43e-15   151    66     0
3023.06  8.14e-15  3.34e-15   151    36     0
3025.73  4.59e-15  3.25e-15   151    20     0
3028.40  6.02e-15  3.68e-15   151    26     0
3031.07  5.69e-15  3.45e-15   150    24     0
3033.74  1.92e-14  7.82e-15   150    79     0
3036.41  3.61e-15  4.78e-15   150    14     0
3039.08  3.40e-15  3.41e-15   150    13     0
3041.74  5.27e-15  3.55e-15   150    21     0
3044.41  7.93e-15  4.49e-15   150    32     0
3047.08  6.51e-17  3.79e-15   149     0     0
3049.75  5.72e-15  4.15e-15   149    19     0
3052.42  1.04e-14  4.20e-15   149    37     0
3055.09  7.88e-15  7.58e-15   149    29     0
3057.76  8.68e-15  8.74e-15   149    31     0
3060.43  7.98e-15  6.99e-15   149    28     0
3063.10  8.82e-15  4.24e-15   148    30     0
3065.76  6.18e-15  7.60e-15   148    22     0
3068.43  2.12e-15  7.49e-15   148     7     0
3071.10  1.07e-14  6.07e-15   148    36     0
3073.77  1.82e-15  4.85e-15   148     6     0
3076.44  9.04e-15  7.10e-15   148    31     0
3079.11  1.87e-14  9.84e-15   147    63     0
3081.78  3.64e-15  8.38e-15   147    11     0
3084.45  6.43e-15  7.87e-15   147    19     0
3087.12  9.03e-15  4.93e-15   147    25     0
3089.78  4.08e-15  9.22e-15   147    11     0
3092.45  1.40e-14  1.04e-14   146    41     0
3095.12  1.27e-14  6.45e-15   146    33     0
3097.79  1.74e-14  1.20e-14   146    44     0
3100.46  1.53e-14  6.73e-15   146    40     0
3103.13  3.12e-14  6.85e-15   146    81     0
3105.80  9.13e-15  7.57e-15   146    24     0
3108.47  1.09e-15  6.60e-15   145     2     0
3111.14  2.66e-14  1.26e-14   145    65     0
3113.80  2.40e-14  6.44e-15   145    57     0
3116.47  1.70e-14  7.27e-15   145    35     0
3119.14  2.22e-14  1.49e-14   145    45     0
3121.81  2.64e-14  7.40e-15   144    57     0
3124.48  1.33e-14  9.18e-15   144    28     0
3127.15  1.94e-14  1.08e-14   144    39     0
3129.82  9.41e-15  7.77e-15   144    18     0
3132.49  3.31e-15  5.95e-15   144     6     0
3135.16  1.49e-14  1.10e-14   143    31     0
3137.82  8.99e-15  6.22e-15   143    18     0
3140.49  2.49e-17  7.72e-15   143     0     0
3143.16  7.23e-15  8.55e-15   143    13     0
3145.83  9.22e-15  7.90e-15   143    16     0
3148.50  3.17e-14  1.50e-14   142    54     0
3151.17  2.00e-14  7.94e-15   142    33     0
3153.84  3.38e-14  1.64e-14   142    55     0
3156.51  1.78e-14  7.23e-15   142    33     0
3159.18  8.88e-15  8.11e-15   142    16     0
3161.84  7.77e-15  6.97e-15   141    13     0
3164.51 -1.51e-16  1.05e-14   141     0     0
3167.18 -6.92e-16  8.24e-15   141    -1     0
3169.85  2.19e-14  8.39e-15   141    36     0
3172.52  6.87e-15  8.30e-15   140    10     0
3175.19  3.65e-14  1.12e-14   140    53     0
3177.86  2.89e-14  1.51e-14   140    41     0
3180.53  7.76e-15  1.41e-14   140    10     0
3183.20  3.23e-14  2.16e-14   140    40     0
3185.86  5.96e-15  8.17e-15   139     9     0
3188.53  4.72e-15  9.36e-15   139     7     0
3191.20  1.40e-14  1.17e-14   139    18     0
3193.87  1.62e-14  1.05e-14   139    20     0
3196.54  2.42e-14  1.44e-14   138    27     0
3199.21  3.63e-14  1.44e-14   138    40     0
3201.88  4.03e-14  1.05e-14   138    52     0
3204.55  1.96e-14  1.23e-14   138    24     0
3207.22  4.08e-14  1.29e-14   137    41     0
3209.88  1.20e-14  1.37e-14   137    11     0
3212.55  2.64e-14  1.39e-14   137    23     0
3215.22 -1.06e-14  1.34e-14   137    -8     0
3217.89  2.59e-15  1.37e-14   137     2     0
3220.56  1.10e-14  1.72e-14   136    12     0
3223.23  1.68e-15  1.06e-14   136     1     0
3225.90  1.32e-14  1.43e-14   136    10     0
3228.57  1.24e-14  3.12e-14   136     9     0
3231.24 -9.69e-15  1.30e-14   135    -8     0
3233.90 -6.46e-15  1.34e-14   135    -5     0
3236.57  2.72e-14  1.64e-14   135    19     0
3239.24  1.63e-14  1.93e-14   134    11     0
3241.91  1.27e-14  1.78e-14   134     7     0
3244.58 -1.79e-14  3.48e-14   134   -10     0
3247.25  1.42e-14  2.28e-14   134     6     0
3249.92 -2.45e-15  2.31e-14   133    -1     0
3252.59  9.20e-16  1.78e-14   133     0     0
3255.26  8.60e-15  1.77e-14   133     5     0
3257.92  1.89e-14  1.88e-14   133    11     0
3260.59  3.88e-14  2.25e-14   132    19     0
3263.26 -7.57e-15  2.17e-14   132    -3     0
3265.93  1.25e-14  2.88e-14   132     4     0
3268.60  4.96e-14  4.61e-14   132    18     0
3271.27  4.60e-16  1.81e-14   131     0     0
3273.94  6.05e-14  2.30e-14   131    34     0
3276.61  9.94e-14  5.13e-14   131    29     0
3279.28  3.41e-15  3.65e-14   130     0     0
3281.94 -6.32e-15  2.94e-14   130    -2     0
3284.61  2.82e-15  3.02e-14   130     0     0
3287.28  5.94e-14  2.36e-14   130    29     0
3289.95  1.92e-14  2.24e-14   129     9     0
3292.62  3.29e-14  2.56e-14   129    14     0
3295.29  9.44e-14  4.81e-14   129    28     0
3297.96  1.22e-13  7.92e-14   128    35     0
3300.63 -1.61e-14  4.13e-14   128    -4     0
3303.30  4.36e-14  4.44e-14   128    10     0
3305.96  3.73e-13  3.44e-13   127    16     0
3308.63  3.62e-13  2.67e-13   127    15     0
3311.30  9.09e-14  9.52e-14   127    10     0
3313.97 -6.02e-14  9.53e-14   126    -6     0
3316.64  2.68e-14  8.69e-14   126     4     0
3319.31 -8.04e-15  6.57e-14   126    -1     0
3321.98  2.99e-14  5.96e-14   126     5     0
3324.65  2.21e-16  9.44e-14   125     0     0
3327.32  5.32e-14  4.12e-14   125    14     0
3329.98 -2.90e-15  4.02e-14   125     0     0
3332.65  1.22e-13  9.50e-14   124    14     0
3335.32  2.15e-14  1.06e-13   124     2     0
3337.99  1.16e-13  1.13e-13   124    10     0
3340.66  5.11e-14  3.08e-13   123     1     0
3343.33  2.09e-13  3.23e-13   123     6     0
3346.00 -5.50e-15  1.07e-13   123     0     0
3348.67  1.52e-13  1.15e-13   122    14     0
