NOT ORIGINAL IUE PROJECT DATA PRODUCT
LWR08439LOWLARGE
HD  197481
20:42:04
-31:31:05
52
X-TRAIL
NO
3585.056
04/08/80
21:41:36
217
17.20
28/06/97
VILSPA
2444456.40389
68
30
1851.42  6.88e-14  5.68e-14   204    19     0
1854.09  1.82e-14  5.31e-14   203     5     0
1856.76 -2.75e-14  5.33e-14   202    -8     0
1859.42 -1.42e-14  5.04e-14   201    -4     0
1862.09  8.42e-15  4.65e-14   201     2     0
1864.76  3.34e-14  4.43e-14   200    12     0
1867.43  3.58e-14  4.26e-14   199    13     0
1870.10 -2.91e-14  3.77e-14   198   -12     0
1872.77  1.20e-14  3.51e-14   198     5     0
1875.44  1.70e-14  2.98e-14   197     9     0
1878.11 -1.57e-14  2.73e-14   196    -9     0
1880.78  3.36e-14  2.96e-14   196    18     0
1883.44  2.93e-16  2.74e-14   195     0     0
1886.11  1.07e-14  2.72e-14   195     6     0
1888.78  1.46e-14  2.60e-14   194     9     0
1891.45  4.01e-14  2.43e-14   194    27     0
1894.12  5.79e-14  2.39e-14   193    41     0
1896.79  1.56e-15  2.19e-14   193     1     0
1899.46  7.04e-15  2.14e-14   192     5     0
1902.13 -6.24e-16  2.12e-14   192     0     0
1904.80  1.60e-14  2.09e-14   191    12     0
1907.46 -2.53e-15  2.00e-14   191    -2     0
1910.13  8.79e-15  2.05e-14   191     7     0
1912.80  2.40e-14  2.03e-14   190    20     0
1915.47  3.24e-14  1.86e-14   190    29     0
1918.14  1.06e-16  1.75e-14   190     0     0
1920.81  6.00e-15  1.61e-14   189     6     0
1923.48  2.70e-14  1.61e-14   189    29     0
1926.15  2.01e-14  1.78e-14   189    19     0
1928.82  3.65e-14  1.76e-14   188    36     0
1931.48  1.70e-14  1.58e-14   188    18     0
1934.15  9.63e-15  1.51e-14   188    10     0
1936.82  2.22e-14  1.43e-14   188    27     0
1939.49 -3.55e-15  1.35e-14   188    -4     0
1942.16  1.38e-14  1.37e-14   187    17     0
1944.83  1.87e-14  1.35e-14   187    24     0
1947.50  2.40e-14  1.32e-14   187    32     0
1950.17  1.92e-14  1.30e-14   187    26     0
1952.84  2.17e-14  1.28e-14   187    30     0
1955.50  1.88e-14  1.25e-14   187    27     0
1958.17  1.06e-14  1.20e-14   187    15     0
1960.84 -6.37e-15  1.15e-14   187    -9     0
1963.51  3.74e-15  1.13e-14   187     5     0
1966.18  5.00e-16  1.13e-14   187     0     0
1968.85 -2.41e-15  1.11e-14   187    -3     0
1971.52  5.35e-15  1.12e-14   187     8     0
1974.19  4.11e-16  1.09e-14   187     0     0
1976.86 -7.10e-16  1.03e-14   187    -1     0
1979.52  2.35e-15  1.02e-14   187     4     0
1982.19  4.05e-15  1.03e-14   187     7     0
1984.86  1.75e-15  1.01e-14   187     3     0
1987.53  1.42e-14  1.05e-14   187    25     0
1990.20  3.60e-14  1.09e-14   187    66     0
1992.87 -1.50e-15  1.01e-14   187    -2     0
1995.54 -6.67e-15  1.00e-14   187   -12     0
1998.21  8.07e-15  1.01e-14   187    15     0
2000.88  2.23e-15  9.43e-15   187     4     0
2003.54 -2.24e-15  9.38e-15   187    -4     0
2006.21  1.05e-14  9.80e-15   187    21     0
2008.88 -1.78e-15  9.58e-15   188    -3     0
2011.55  3.49e-16  9.07e-15   188     0     0
2014.22 -3.14e-15  9.03e-15   188    -6     0
2016.89 -6.72e-16  8.92e-15   188    -1     0
2019.56  8.17e-15  8.95e-15   188    18     0
2022.23 -3.73e-15  9.42e-15   188    -7     0
2024.90 -7.30e-15  9.29e-15   189   -15     0
2027.56 -5.40e-15  8.97e-15   189   -12     0
2030.23 -2.20e-15  8.44e-15   189    -5     0
2032.90 -5.41e-15  8.45e-15   189   -12     0
2035.57  9.14e-16  9.03e-15   189     2     0
2038.24  4.33e-15  9.11e-15   190     9     0
2040.91 -5.73e-15  8.64e-15   190   -13     0
2043.58 -8.43e-15  8.69e-15   190   -20     0
2046.25 -6.86e-15  9.36e-15   190   -15     0
2048.92 -2.58e-15  1.03e-14   191    -5 -4096
2051.58  1.26e-14  1.01e-14   191    30 -4096
2054.25  6.59e-15  9.42e-15   191    16     0
2056.92  6.66e-16  8.88e-15   192     1     0
2059.59  1.11e-14  8.86e-15   192    27     0
2062.26  2.97e-16  9.25e-15   192     0     0
2064.93  2.35e-15  9.23e-15   192     5     0
2067.60 -5.86e-15  8.48e-15   193   -14     0
2070.27  3.19e-15  8.59e-15   193     8     0
2072.94 -1.99e-15  8.53e-15   193    -5     0
2075.60 -7.27e-15  8.96e-15   194   -17     0
2078.27  1.36e-16  8.99e-15   194     0     0
2080.94  4.03e-15  9.25e-15   194     9     0
2083.61  8.44e-15  9.39e-15   195    20     0
2086.28 -5.13e-15  8.37e-15   195   -13     0
2088.95 -3.53e-15  8.44e-15   195    -9     0
2091.62  7.30e-15  9.63e-15   196    17     0
2094.29  1.11e-14  9.77e-15   196    26     0
2096.96 -1.81e-15  8.86e-15   196    -4     0
2099.62  9.21e-16  8.96e-15   197     2     0
2102.29 -8.22e-16  9.38e-15   197    -2     0
2104.96 -7.07e-15  9.45e-15   197   -17     0
2107.63 -1.94e-14  9.37e-15   198   -48     0
2110.30 -4.85e-15  9.48e-15   198   -12     0
2112.97 -2.04e-15  9.45e-15   199    -5     0
2115.64  1.20e-14  1.04e-14   199    27     0
2118.31  2.51e-15  1.02e-14   199     5     0
2120.98  3.48e-15  9.55e-15   200     8     0
2123.65  3.90e-15  9.59e-15   200     9     0
2126.31 -1.13e-14  9.69e-15   201   -28     0
2128.98 -1.01e-14  9.74e-15   201   -25     0
2131.65 -2.45e-15  9.48e-15   201    -6     0
2134.32  2.52e-15  9.55e-15   202     6     0
2136.99 -1.10e-14  9.85e-15   202   -27     0
2139.66  1.05e-14  1.00e-14   203    26     0
2142.33 -9.54e-16  9.58e-15   203    -2     0
2145.00 -1.20e-14  9.61e-15   203   -31     0
2147.67  1.17e-15  1.03e-14   204     2     0
2150.33 -4.19e-15  1.02e-14   204   -10     0
2153.00 -1.85e-14  1.02e-14   205   -45     0
2155.67 -9.82e-15  1.07e-14   205   -23     0
2158.34 -8.47e-16  1.07e-14   205    -2     0
2161.01  6.77e-15  1.05e-14   206    16     0
2163.68  3.58e-15  1.05e-14   206     8     0
2166.35 -4.95e-15  1.03e-14   207   -12     0
2169.02 -3.91e-15  1.03e-14   207    -9     0
2171.69 -3.17e-15  1.08e-14   207    -7     0
2174.35 -3.16e-15  1.09e-14   208    -7     0
2177.02 -1.17e-14  1.10e-14   208   -28     0
2179.69 -1.07e-14  1.10e-14   209   -25     0
2182.36 -1.06e-14  1.01e-14   209   -27     0
2185.03 -3.34e-15  1.05e-14   210    -8     0
2187.70  3.28e-14  4.41e-14   210    83     0
2190.37  2.13e-15  1.07e-14   210     5     0
2193.04 -1.68e-14  1.05e-14   211   -45     0
2195.71 -1.10e-14  1.06e-14   211   -28     0
2198.37 -4.10e-15  1.05e-14   212   -10     0
2201.04 -6.98e-15  1.05e-14   212   -18     0
2203.71 -1.47e-15  1.04e-14   212    -3     0
2206.38 -8.66e-15  1.05e-14   213   -22     0
2209.05  9.94e-15  1.05e-14   213    26     0
2211.72  6.05e-15  1.01e-14   214    16     0
2214.39 -6.94e-15  1.01e-14   214   -19     0
2217.06 -1.22e-14  1.11e-14   215   -30     0
2219.73 -1.06e-14  1.12e-14   215   -26     0
2222.39  3.59e-15  1.08e-14   215     9     0
2225.06  3.29e-15  1.09e-14   216     8     0
2227.73  2.03e-15  1.08e-14   216     5     0
2230.40 -4.12e-15  1.07e-14   217   -11     0
2233.07 -1.24e-14  1.05e-14   217   -33     0
2235.74  3.51e-15  1.04e-14   217     9     0
2238.41 -1.13e-14  1.02e-14   218   -31     0
2241.08 -8.77e-15  1.06e-14   218   -23     0
2243.75 -1.49e-14  1.05e-14   219   -41     0
2246.41  1.08e-14  9.64e-15   219    33     0
2249.08 -1.62e-15  9.43e-15   219    -5     0
2251.75  5.25e-15  9.67e-15   220    16     0
2254.42  2.01e-15  9.77e-15   220     6     0
2257.09 -2.08e-14  1.02e-14   220   -61     0
2259.76 -7.63e-15  1.01e-14   221   -22     0
2262.43 -8.77e-16  9.89e-15   221    -2     0
2265.10  7.00e-15  9.37e-15   222    22     0
2267.77 -3.74e-15  9.24e-15   222   -12     0
2270.43 -6.95e-15  8.81e-15   222   -23     0
2273.10 -5.64e-15  8.70e-15   223   -19     0
2275.77  5.70e-16  9.05e-15   223     1     0
2278.44 -4.46e-15  8.94e-15   223   -15     0
2281.11  6.68e-15  9.97e-15   224    20     0
2283.78  5.12e-15  9.86e-15   224    16     0
2286.45 -2.76e-15  7.78e-15   225   -10     0
2289.12 -2.37e-15  7.79e-15   225    -9     0
2291.79 -1.50e-15  8.40e-15   225    -5     0
2294.45 -9.98e-16  8.40e-15   226    -3     0
2297.12  4.27e-15  8.83e-15   226    15     0
2299.79 -2.52e-16  8.83e-15   226     0     0
2302.46 -6.33e-17  8.69e-15   227     0     0
2305.13 -9.65e-15  8.77e-15   227   -34     0
2307.80 -7.06e-16  8.67e-15   227    -2     0
2310.47  1.17e-14  8.32e-15   228    45     0
2313.14  6.01e-15  8.15e-15   228    23     0
2315.81  2.19e-15  8.42e-15   228     8     0
2318.47  9.22e-15  8.39e-15   229    35     0
2321.14 -7.70e-15  7.79e-15   229   -31     0
2323.81  2.30e-14  1.07e-14   229    96     0
2326.48  1.30e-14  7.80e-15   230    60     0
2329.15  1.96e-14  1.33e-14   230    92     0
2331.82  2.08e-15  7.01e-15   230     9     0
2334.49  1.73e-14  1.06e-14   231    81     0
2337.16  1.32e-14  7.17e-15   231    65     0
2339.83  9.22e-15  6.64e-15   231    46     0
2342.49  7.71e-15  7.54e-15   231    38     0
2345.16  4.45e-15  6.45e-15   232    22     0
2347.83  3.89e-15  6.37e-15   232    20     0
2350.50  1.56e-14  6.94e-15   232    78     0
2353.17 -2.04e-15  6.50e-15   233   -10     0
2355.84 -5.56e-15  6.47e-15   233   -28     0
2358.51  5.48e-15  6.48e-15   233    28     0
2361.18 -8.54e-16  6.24e-15   233    -4     0
2363.85 -2.02e-15  6.20e-15   234   -10     0
2366.51  1.27e-14  7.76e-15   234    64     0
2369.18  1.74e-14  1.33e-14   234    88     0
2371.85  1.46e-14  1.07e-14   235    77     0
2374.52  2.05e-14  1.04e-14   235   109     0
2377.19  1.43e-14  6.25e-15   235    79     0
2379.86  5.43e-15  6.06e-15   235    30     0
2382.53  1.09e-14  6.46e-15   236    58     0
2385.20  1.28e-14  6.64e-15   236    67     0
2387.87  2.39e-14  6.89e-15   236   126     0
2390.53  1.93e-14  1.00e-14   236   105     0
2393.20  2.74e-14  1.11e-14   236   151     0
2395.87  1.42e-14  5.93e-15   237    85     0
2398.54  7.82e-15  6.66e-15   237    47     0
2401.21  1.28e-14  6.50e-15   237    75     0
2403.88  9.70e-15  5.99e-15   237    57     0
2406.55  1.32e-14  7.53e-15   238    79     0
2409.22  1.21e-14  7.89e-15   238    73     0
2411.89  7.34e-15  5.80e-15   238    44     0
2414.55  5.93e-15  5.73e-15   238    36     0
2417.22  9.63e-15  5.88e-15   238    58     0
2419.89  4.47e-15  5.76e-15   239    27     0
2422.56  1.36e-14  7.15e-15   239    82     0
2425.23  8.67e-15  6.23e-15   239    56     0
2427.90  1.48e-14  1.06e-14   239    97     0
2430.57  1.13e-14  6.54e-15   239    72     0
2433.24 -2.89e-15  5.41e-15   239   -18     0
2435.91  3.67e-15  5.54e-15   240    23     0
2438.57  1.78e-14  7.88e-15   240   115     0
2441.24 -2.62e-15  5.18e-15   240   -18     0
2443.91  3.07e-14  2.01e-14   240   214     0
2446.58  9.91e-15  5.81e-15   240    70     0
2449.25  6.55e-15  5.28e-15   240    47     0
2451.92  7.87e-15  5.31e-15   241    59     0
2454.59 -7.44e-16  4.71e-15   241    -5     0
2457.26  1.55e-14  5.42e-15   241   113     0
2459.93 -8.03e-15  4.85e-15   241   -59     0
2462.59 -3.43e-15  4.66e-15   241   -26     0
2465.26  4.37e-15  4.63e-15   241    34     0
2467.93  1.09e-14  4.70e-15   241    86     0
2470.60  3.21e-16  4.79e-15   242     2     0
2473.27  9.41e-15  4.89e-15   242    71     0
2475.94  2.36e-14  5.83e-15   242   182     0
2478.61  1.60e-14  7.26e-15   242   123     0
2481.28  8.27e-15  4.79e-15   242    64     0
2483.95  7.55e-15  4.78e-15   242    58     0
2486.61  8.01e-15  4.71e-15   242    66     0
2489.28  1.23e-15  4.39e-15   242    10     0
2491.95  1.01e-14  5.23e-15   242    72     0
2494.62  8.46e-15  5.20e-15   243    60     0
2497.29  7.48e-15  4.80e-15   243    58     0
2499.96  1.52e-16  4.69e-15   243     1     0
2502.63  5.84e-15  4.40e-15   243    49     0
2505.30  4.97e-15  7.33e-15   243    39     0
2507.97  1.67e-14  5.68e-15   243   135     0
2510.63  6.70e-15  4.33e-15   243    58     0
2513.30  1.07e-14  5.25e-15   243    94     0
2515.97  1.20e-14  8.81e-15   243    94     0
2518.64  1.06e-14  5.01e-15   243    85     0
2521.31  6.02e-15  4.55e-15   243    49     0
2523.98 -5.21e-15  4.45e-15   243   -43     0
2526.65  4.44e-16  4.25e-15   243     3     0
2529.32  6.57e-15  4.33e-15   243    57     0
2531.99  4.72e-15  4.41e-15   243    41     0
2534.65  2.62e-15  4.27e-15   244    23     0
2537.32  4.52e-15  4.03e-15   244    42     0
2539.99  5.56e-15  4.03e-15   244    52     0
2542.66  1.43e-14  5.61e-15   244   138     0
2545.33  6.85e-15  3.98e-15   244    65     0
2548.00  1.46e-14  4.67e-15   244   143     0
2550.67  1.16e-15  4.03e-15   244    10     0
2553.34  1.41e-14  7.50e-15   244   134     0
2556.01  8.32e-15  7.88e-15   244    77     0
2558.67  1.38e-14  8.97e-15   244   129     0
2561.34  4.85e-15  3.95e-15   244    47     0
2564.01  6.89e-15  3.98e-15   244    67     0
2566.68  3.34e-15  3.64e-15   244    34     0
2569.35 -3.62e-15  3.60e-15   244   -37     0
2572.02  6.42e-15  5.52e-15   244    64     0
2574.69  9.40e-15  4.22e-15   244    94     0
2577.36  7.24e-15  4.37e-15   244    70 -4096
2580.03  5.27e-15  3.92e-15   244    55     0
2582.69  6.20e-15  3.76e-15   244    64     0
2585.36  1.19e-14  6.00e-15   244   117     0
2588.03  1.09e-14  5.98e-15   244   108     0
2590.70  5.10e-15  3.72e-15   244    52     0
2593.37  1.39e-14  4.39e-15   244   144     0
2596.04  1.27e-14  3.85e-15   244   135     0
2598.71  2.73e-14  8.87e-15   244   292     0
2601.38  1.01e-14  3.71e-15   244   106     0
2604.05  1.20e-14  3.72e-15   244   128     0
2606.71  1.12e-14  4.04e-15   244   130     0
2609.38  7.51e-15  3.53e-15   244    88     0
2612.05  1.93e-14  5.69e-15   243   217     0
2614.72  1.59e-14  3.74e-15   243   181     0
2617.39  7.86e-15  3.49e-15   243    88     0
2620.06  1.76e-14  5.60e-15   243   204     0
2622.73  1.53e-14  3.50e-15   243   179     0
2625.40  2.47e-14  7.09e-15   243   281     0
2628.07  2.26e-14  7.44e-15   243   258     0
2630.73  2.47e-14  7.10e-15   243   287     0
2633.40  1.22e-14  5.07e-15   243   143     0
2636.07  4.30e-15  4.02e-15   243    48     0
2638.74  8.10e-15  3.77e-15   243    91     0
2641.41  3.18e-15  3.23e-15   243    37     0
2644.08  3.01e-15  3.27e-15   243    35     0
2646.75  2.04e-15  3.38e-15   243    23     0
2649.42  3.25e-15  3.39e-15   243    36     0
2652.09  1.80e-15  3.22e-15   243    21     0
2654.75  3.13e-15  3.22e-15   243    37     0
2657.42 -1.25e-15  3.27e-15   242   -14     0
2660.09  8.39e-15  3.17e-15   242   103     0
2662.76  3.25e-15  3.20e-15   242    40     0
2665.43  2.85e-15  3.10e-15   242    35     0
2668.10  1.77e-15  3.07e-15   242    22     0
2670.77  6.45e-15  3.10e-15   242    80     0
2673.44  2.92e-15  3.03e-15   242    36     0
2676.11 -2.33e-15  3.04e-15   242   -29     0
2678.77 -2.44e-16  3.00e-15   242    -3     0
2681.44 -6.33e-16  2.98e-15   242    -8     0
2684.11  5.81e-16  2.94e-15   242     7     0
2686.78  5.65e-16  2.96e-15   242     7     0
2689.45  1.60e-15  3.31e-15   241    20     0
2692.12  2.69e-15  3.09e-15   241    33     0
2694.79  2.71e-15  3.10e-15   241    33     0
2697.46  6.42e-15  3.39e-15   241    73     0
2700.13  4.66e-15  3.03e-15   241    61     0
2702.79  5.64e-15  2.95e-15   241    73     0
2705.46 -2.12e-16  3.06e-15   241    -2     0
2708.13  5.99e-15  3.25e-15   241    74     0
2710.80  3.75e-15  2.97e-15   241    48     0
2713.47  6.10e-15  3.04e-15   240    78     0
2716.14  8.38e-16  3.01e-15   240    10     0
2718.81  3.49e-15  3.12e-15   240    44     0
2721.48 -2.83e-15  3.07e-15   240   -34     0
2724.15  6.39e-15  3.22e-15   240    78     0
2726.81  1.49e-14  5.19e-15   240   198     0
2729.48  4.15e-15  2.84e-15   240    55     0
2732.15  2.38e-15  3.48e-15   240    29     0
2734.82  1.23e-14  4.67e-15   240   153     0
2737.49  8.21e-15  3.08e-15   239   106     0
2740.16  4.60e-15  2.99e-15   239    58     0
2742.83  1.62e-14  4.64e-15   239   206     0
2745.50  1.14e-14  3.58e-15   239   150     0
2748.17  8.56e-15  3.57e-15   239   112     0
2750.83  7.84e-15  3.17e-15   239   102     0
2753.50  1.79e-14  5.39e-15   239   232     0
2756.17  1.23e-14  4.47e-15   238   165     0
2758.84  5.78e-15  2.84e-15   238    77     0
2761.51  7.06e-15  2.93e-15   238    92     0
2764.18  5.43e-15  3.02e-15   238    71     0
2766.85  1.01e-14  4.58e-15   238   127     0
2769.52 -2.20e-15  2.93e-15   238   -27     0
2772.19  5.31e-15  3.04e-15   238    66     0
2774.85 -1.68e-15  2.95e-15   238   -21     0
2777.52  4.66e-15  3.07e-15   237    59     0
2780.19  3.98e-15  3.43e-15   237    50 -4096
2782.86 -2.44e-15  3.10e-15   237   -31     0
2785.53  7.22e-15  3.08e-15   237    93     0
2788.20  1.07e-14  3.94e-15   237   138     0
2790.87  5.03e-14  1.52e-14   237   685     0
2793.54  9.60e-14  2.33e-14   237  1304     0
2796.21  1.02e-13  2.51e-14   236  1312     0
2798.87  9.18e-14  2.46e-14   236  1174     0
2801.54  8.96e-14  2.35e-14   236  1186     0
2804.21  7.82e-14  2.28e-14   236  1032     0
2806.88  2.81e-14  7.43e-15   236   346     0
2809.55  4.79e-15  3.01e-15   236    59     0
2812.22  8.19e-15  3.85e-15   236   107     0
2814.89  3.00e-15  2.81e-15   235    39     0
2817.56  5.55e-15  3.32e-15   235    72     0
2820.23  5.59e-15  2.92e-15   235    72     0
2822.90  4.24e-15  2.86e-15   235    54     0
2825.56  8.25e-15  3.26e-15   235    98     0
2828.23  2.39e-15  3.15e-15   235    28     0
2830.90  7.38e-15  3.65e-15   234    87     0
2833.57  1.10e-14  3.46e-15   234   130     0
2836.24  5.03e-15  3.01e-15   234    61     0
2838.91  5.05e-15  4.16e-15   234    61     0
2841.58  1.07e-14  4.38e-15   234   149     0
2844.25  4.18e-15  2.63e-15   234    58     0
2846.92  1.01e-14  2.91e-15   234   129     0
2849.58  1.31e-14  3.99e-15   233   168     0
2852.25  5.58e-15  3.61e-15   233    72     0
2854.92  7.38e-15  4.29e-15   233    95     0
2857.59  5.15e-15  3.27e-15   233    66     0
2860.26  5.95e-15  5.22e-15   233    75     0
2862.93  9.55e-15  3.67e-15   233   121     0
2865.60  8.37e-15  2.84e-15   232   110     0
2868.27  4.43e-15  2.90e-15   232    58     0
2870.94  3.83e-15  3.03e-15   232    47     0
2873.60  8.14e-15  4.04e-15   232   101     0
2876.27  2.99e-16  3.32e-15   232     3     0
2878.94  1.31e-14  4.02e-15   232   157     0
2881.61  6.20e-15  4.19e-15   231    77     0
2884.28  1.43e-14  5.04e-15   231   177     0
2886.95  3.14e-15  3.16e-15   231    38     0
2889.62  9.10e-15  2.98e-15   231   112     0
2892.29  9.88e-15  3.45e-15   231   120     0
2894.96  5.99e-15  5.04e-15   231    72     0
2897.62  3.07e-15  2.96e-15   230    36     0
2900.29  8.08e-15  3.97e-15   230   101     0
2902.96  2.93e-15  2.79e-15   230    36     0
2905.63  6.11e-15  5.74e-15   230    67     0
2908.30  4.63e-15  3.44e-15   230    50     0
2910.97  4.17e-15  4.65e-15   230    47     0
2913.64  6.16e-15  4.23e-15   229    70     0
2916.31  3.87e-15  4.10e-15   229    44     0
2918.98  1.14e-14  5.84e-15   229   130     0
2921.64  1.29e-14  4.99e-15   229   136     0
2924.31  1.70e-14  7.82e-15   229   177     0
2926.98  1.52e-14  5.63e-15   229   164     0
2929.65  1.30e-14  4.91e-15   228   138     0
2932.32  8.08e-15  5.74e-15   228    90     0
2934.99  8.81e-15  4.34e-15   228    98     0
2937.66  7.71e-15  3.57e-15   228    76     0
2940.33  7.73e-15  4.44e-15   228    85     0
2943.00  5.56e-15  3.21e-15   228    61     0
2945.66  7.23e-15  4.19e-15   227    74     0
2948.33  7.71e-15  6.08e-15   227    79     0
2951.00  1.03e-14  5.29e-15   227   105     0
2953.67  1.53e-14  4.47e-15   227   156     0
2956.34  7.52e-15  3.13e-15   227    81     0
2959.01  5.79e-15  3.69e-15   226    62     0
2961.68  1.50e-14  5.13e-15   226   147     0
2964.35  8.95e-15  5.20e-15   226    87     0
2967.02  4.72e-15  4.10e-15   226    47     0
2969.68  6.47e-15  3.65e-15   226    64     0
2972.35  6.22e-15  4.57e-15   226    59     0
2975.02  1.91e-14  7.14e-15   225   172     0
2977.69  1.56e-14  7.76e-15   225   139     0
2980.36  8.95e-15  5.38e-15   225    85     0
2983.03  5.57e-15  3.61e-15   225    52     0
2985.70  3.86e-15  3.49e-15   225    36     0
2988.37  1.32e-14  3.77e-15   224   122     0
2991.04  1.59e-14  4.70e-15   224   141     0
2993.70  7.52e-15  6.17e-15   224    66     0
2996.37  1.30e-14  3.71e-15   224   120     0
2999.04  6.32e-15  3.53e-15   224    58     0
3001.71  9.67e-15  8.27e-15   223    83     0
3004.38  2.09e-14  8.98e-15   223   180     0
3007.05  9.92e-15  4.65e-15   223    92     0
3009.72  8.33e-15  3.64e-15   223    77     0
3012.39  9.88e-15  4.19e-15   223    80     0
3015.06  6.44e-15  5.25e-15   222    51     0
3017.72  8.39e-15  5.98e-15   222    65     0
3020.39  7.27e-15  5.42e-15   222    60     0
3023.06  5.23e-15  3.87e-15   222    42     0
3025.73  8.57e-15  5.02e-15   222    68     0
3028.40  7.07e-15  4.70e-15   221    55     0
3031.07  1.10e-14  5.01e-15   221    83     0
3033.74  3.44e-14  1.41e-14   221   256     0
3036.41  1.27e-14  7.93e-15   221    94     0
3039.08  8.44e-15  6.52e-15   221    61     0
3041.74  8.77e-15  8.34e-15   220    64     0
3044.41  1.56e-14  5.24e-15   220   113     0
3047.08  2.26e-15  4.87e-15   220    14     0
3049.75  2.03e-14  9.96e-15   220   126     0
3052.42  2.01e-15  4.67e-15   219    13     0
3055.09  1.79e-14  8.30e-15   219   119     0
3057.76  1.89e-14  8.10e-15   219   124     0
3060.43  1.06e-15  4.77e-15   219     6     0
3063.10  1.22e-14  5.77e-15   219    76     0
3065.76  2.06e-14  8.60e-15   218   132     0
3068.43  1.23e-14  5.49e-15   218    77     0
3071.10  7.48e-15  5.00e-15   218    45     0
3073.77  2.51e-15  4.99e-15   218    14     0
3076.44  7.96e-15  7.90e-15   217    49     0
3079.11  2.00e-14  5.82e-15   217   121     0
3081.78  1.40e-14  5.89e-15   217    76     0
3084.45  1.66e-14  9.19e-15   217    89     0
3087.12  2.52e-14  7.86e-15   216   127     0
3089.78  1.92e-14  9.94e-15   216    94     0
3092.45  1.32e-14  8.94e-15   216    69     0
3095.12  7.00e-15  8.03e-15   216    32     0
3097.79  3.42e-14  1.32e-14   215   157     0
3100.46  8.83e-15  6.94e-15   215    42     0
3103.13  1.31e-14  9.94e-15   215    61     0
3105.80  1.44e-14  8.79e-15   214    70     0
3108.47  4.70e-15  6.55e-15   214    22     0
3111.14  1.97e-14  6.85e-15   214    86     0
3113.80  2.02e-14  9.19e-15   214    87     0
3116.47  3.75e-15  7.57e-15   213    13     0
3119.14  3.01e-14  1.29e-14   213   109     0
3121.81  8.83e-15  8.02e-15   213    34     0
3124.48  5.35e-15  7.76e-15   212    20     0
3127.15  1.32e-14  8.01e-15   212    48     0
3129.82  1.22e-14  7.94e-15   212    43     0
3132.49  4.72e-15  7.40e-15   211    17     0
3135.16  3.02e-14  1.03e-14   211   113     0
3137.82  8.18e-15  1.02e-14   211    30     0
3140.49  1.58e-14  8.54e-15   210    52     0
3143.16  3.57e-14  9.35e-15   210   115     0
3145.83  5.49e-15  8.89e-15   210    17     0
3148.50  3.38e-14  1.63e-14   209   105     0
3151.17  1.36e-14  9.34e-15   209    40     0
3153.84  4.44e-14  1.74e-14   209   130     0
3156.51  7.25e-15  8.13e-15   208    24     0
3159.18  1.46e-14  8.39e-15   208    47     0
3161.84  1.48e-14  1.00e-14   208    47     0
3164.51  2.75e-14  1.33e-14   207    85     0
3167.18  2.15e-14  1.13e-14   207    65     0
3169.85  3.82e-14  1.80e-14   207   114     0
3172.52  5.08e-14  1.59e-14   206   133     0
3175.19  2.25e-14  1.40e-14   206    59     0
3177.86  2.82e-14  1.24e-14   205    72     0
3180.53  1.71e-14  1.17e-14   205    39     0
3183.20  5.83e-14  2.05e-14   205   131     0
3185.86  1.27e-14  9.68e-15   204    34     0
3188.53  3.09e-14  1.54e-14   204    82     0
3191.20  3.16e-14  1.59e-14   203    73     0
3193.87  1.14e-14  1.23e-14   203    25     0
3196.54  2.15e-14  2.13e-14   202    44     0
3199.21  1.70e-14  1.70e-14   202    34     0
3201.88  2.36e-14  1.16e-14   202    54     0
3204.55  2.21e-14  1.17e-14   201    49     0
3207.22  1.44e-14  1.42e-14   201    26     0
3209.88  3.91e-15  1.71e-14   200     6     0
3212.55 -1.24e-14  1.63e-14   200   -19     0
3215.22 -2.11e-14  1.69e-14   199   -31     0
3217.89 -3.58e-14  1.73e-14   199   -52     0
3220.56  2.31e-14  2.32e-14   198    45     0
3223.23  1.63e-14  3.01e-14   198    31     0
3225.90  3.76e-14  1.94e-14   197    55     0
3228.57  4.30e-14  2.18e-14   197    61     0
3231.24 -4.40e-15  1.65e-14   196    -6     0
3233.90  2.10e-14  1.71e-14   196    31     0
3236.57  3.44e-14  1.97e-14   195    44     0
3239.24  4.75e-14  2.96e-14   194    60     0
3241.91 -1.27e-14  2.19e-14   194   -14     0
3244.58  2.03e-14  3.19e-14   193    22     0
3247.25  3.04e-15  2.83e-14   193     2     0
3249.92  3.00e-14  4.02e-14   192    25     0
3252.59  2.28e-14  2.27e-14   192    24     0
3255.26  4.75e-14  3.94e-14   191    52     0
3257.92  5.97e-15  2.36e-14   190     6     0
3260.59  3.30e-14  2.69e-14   190    30     0
3263.26 -2.79e-14  2.74e-14   189   -24     0
3265.93  6.32e-14  3.65e-14   188    42     0
3268.60  4.41e-14  4.54e-14   188    29     0
3271.27  1.31e-14  2.80e-14   187    13     0
3273.94  3.21e-14  5.02e-14   186    33     0
3276.61 -2.26e-14  4.91e-14   186   -11     0
3279.28 -2.68e-14  4.62e-14   185   -13     0
3281.94 -3.55e-14  4.16e-14   184   -22     0
3284.61  3.53e-14  3.97e-14   183    22     0
3287.28  3.14e-14  2.81e-14   183    27     0
3289.95  2.02e-14  2.75e-14   182    17     0
3292.62  2.56e-14  3.17e-14   181    19     0
3295.29  7.50e-14  9.06e-14   180    40     0
3297.96  1.27e-13  8.80e-14   180    65     0
3300.63 -4.76e-14  5.21e-14   179   -21     0
3303.30  4.69e-14  5.86e-14   178    20     0
3305.96  6.62e-13  3.52e-13   177    52 -4096
3308.63  1.19e-12  8.18e-13   176    92 -4096
3311.30 -2.03e-13  1.31e-13   176   -41 -4096
3313.97  9.16e-14  1.23e-13   175    18     0
3316.64  1.65e-13  9.39e-14   174    48     0
3319.31  1.18e-15  8.30e-14   173     0     0
3321.98  1.23e-13  7.59e-14   172    38     0
3324.65  1.51e-13  7.90e-14   171    45     0
3327.32  1.06e-13  9.07e-14   170    50     0
3329.98  2.72e-14  5.17e-14   169    12     0
3332.65  4.36e-14  1.45e-13   168     9     0
3335.32 -1.29e-13  1.33e-13   167   -22     0
3337.99  8.04e-14  1.42e-13   166    13     0
3340.66 -7.23e-13  3.86e-13   165   -43     0
3343.33 -3.40e-14  3.98e-13   164    -1     0
3346.00 -5.98e-14  1.34e-13   163   -10     0
3348.67 -1.32e-13  1.38e-13   162   -22     0
