NOT ORIGINAL IUE PROJECT DATA PRODUCT
LWR08451LOWLARGE
HD  197481
20:42:06
-31:31:05
48
X-TRAIL
NO
2687.857
06/08/80
14:42:14
219
17.20
12/09/97
GSFC
2444458.11266
0
36
1851.42  2.23e-13  9.70e-14   395    47     0
1854.09 -4.06e-14  8.85e-14   394    -9     0
1856.76  1.52e-13  9.20e-14   394    33     0
1859.42  9.21e-14  8.55e-14   394    21     0
1862.09  1.12e-13  7.97e-14   393    28     0
1864.76  1.40e-13  7.55e-14   393    37     0
1867.43  9.31e-14  7.17e-14   393    26     0
1870.10  9.44e-15  6.33e-14   392     2     0
1872.77 -4.83e-14  5.88e-14   392   -16     0
1875.44  4.01e-14  5.00e-14   392    16     0
1878.11  4.60e-14  4.67e-14   391    20     0
1880.78  2.24e-14  4.90e-14   391     9     0
1883.44 -2.33e-15  4.89e-14   391    -1     0
1886.11 -1.80e-14  4.56e-14   391    -8     0
1888.78 -3.03e-14  4.35e-14   391   -14     0
1891.45 -7.44e-16  3.96e-14   391     0     0
1894.12  5.64e-14  3.90e-14   391    30     0
1896.79  5.92e-14  3.77e-14   390    32     0
1899.46  3.79e-14  3.65e-14   390    21     0
1902.13  1.77e-14  3.59e-14   390    10     0
1904.80 -2.11e-14  3.49e-14   390   -12     0
1907.46  2.99e-15  3.38e-14   390     1     0
1910.13  4.47e-14  3.50e-14   390    27     0
1912.80  3.44e-14  3.40e-14   390    21     0
1915.47  3.95e-14  3.09e-14   390    27     0
1918.14  1.43e-14  2.97e-14   390    10     0
1920.81 -1.42e-14  2.70e-14   390   -11     0
1923.48  7.98e-15  2.63e-14   390     6     0
1926.15  1.27e-14  2.95e-14   390     9     0
1928.82 -2.96e-15  2.85e-14   391    -2     0
1931.48 -9.70e-15  2.60e-14   391    -7     0
1934.15  2.96e-14  2.58e-14   391    25     0
1936.82  7.76e-15  2.33e-14   391     7     0
1939.49 -5.67e-15  2.27e-14   391    -5     0
1942.16 -1.63e-14  2.27e-14   391   -15     0
1944.83 -1.90e-14  2.22e-14   391   -18     0
1947.50  4.84e-15  2.14e-14   392     4     0
1950.17  1.57e-15  2.13e-14   392     1     0
1952.84  4.94e-14  2.17e-14   392    52     0
1955.50  3.38e-14  2.09e-14   392    36     0
1958.17  7.29e-15  1.99e-14   392     8     0
1960.84  2.34e-15  1.93e-14   393     2     0
1963.51  1.83e-14  1.90e-14   393    21     0
1966.18 -2.37e-14  1.89e-14   393   -28     0
1968.85 -1.76e-14  1.85e-14   393   -21     0
1971.52  2.53e-14  1.89e-14   394    30     0
1974.19 -1.22e-14  1.82e-14   394   -15     0
1976.86  1.67e-14  1.74e-14   394    22     0
1979.52  1.80e-14  1.72e-14   395    24     0
1982.19 -1.99e-14  1.70e-14   395   -26     0
1984.86  8.40e-15  1.68e-14   395    11     0
1987.53 -3.04e-14  1.70e-14   396   -41     0
1990.20  1.27e-14  1.70e-14   396    17     0
1992.87  2.74e-14  1.83e-14   396    38     0
1995.54 -1.62e-16  1.66e-14   397     0     0
1998.21  2.44e-14  1.69e-14   397    34     0
2000.88 -1.87e-14  1.57e-14   397   -28     0
2003.54  8.79e-15  1.56e-14   398    13     0
2006.21  2.55e-14  1.64e-14   398    38     0
2008.88  8.73e-15  1.59e-14   398    13     0
2011.55 -1.18e-14  1.50e-14   399   -18     0
2014.22  1.94e-14  1.65e-14   399    31     0
2016.89  2.24e-15  1.47e-14   400     3     0
2019.56  1.03e-14  1.48e-14   400    17     0
2022.23  4.65e-15  1.55e-14   400     7     0
2024.90  3.13e-14  1.93e-14   401    50     0
2027.56 -3.79e-15  1.48e-14   401    -6     0
2030.23  7.69e-16  1.39e-14   402     1     0
2032.90 -1.56e-14  1.39e-14   402   -28     0
2035.57  2.12e-14  1.51e-14   402    35     0
2038.24  9.17e-15  1.50e-14   403    15     0
2040.91 -3.92e-15  1.41e-14   403    -6     0
2043.58 -8.70e-15  1.42e-14   404   -15     0
2046.25 -1.07e-14  1.53e-14   404   -18     0
2048.92 -2.23e-14  1.69e-14   404   -38 -4096
2051.58  3.58e-14  2.01e-14   405    64 -4096
2054.25  3.61e-14  1.61e-14   405    65     0
2056.92  1.37e-14  1.60e-14   406    24     0
2059.59 -7.72e-15  1.41e-14   406   -14     0
2062.26  6.90e-15  1.50e-14   407    11     0
2064.93  5.25e-15  1.50e-14   407     9     0
2067.60 -5.79e-15  1.38e-14   408   -11     0
2070.27  8.25e-15  1.40e-14   408    15     0
2072.94  1.04e-14  1.39e-14   408    19     0
2075.60 -1.22e-14  1.45e-14   409   -22     0
2078.27  1.51e-15  1.45e-14   409     2     0
2080.94  1.05e-14  1.49e-14   410    19     0
2083.61  3.56e-14  1.55e-14   410    64     0
2086.28  2.26e-14  1.48e-14   411    45     0
2088.95  3.20e-15  1.36e-14   411     6     0
2091.62  1.53e-15  1.53e-14   412     2     0
2094.29 -3.53e-15  1.54e-14   412    -6     0
2096.96 -9.30e-15  1.42e-14   412   -17     0
2099.62 -2.62e-16  1.43e-14   413     0     0
2102.29  1.91e-15  1.50e-14   413     3     0
2104.96  3.26e-14  1.56e-14   414    59     0
2107.63  1.09e-14  1.51e-14   414    20     0
2110.30  1.60e-14  1.56e-14   415    29     0
2112.97 -2.07e-14  1.51e-14   415   -38     0
2115.64 -6.59e-15  1.63e-14   416   -11     0
2118.31  2.90e-14  1.67e-14   416    50     0
2120.98  3.91e-14  1.58e-14   417    73     0
2123.65 -2.48e-15  1.52e-14   417    -4     0
2126.31 -2.39e-14  1.54e-14   417   -44     0
2128.98  1.88e-14  1.56e-14   418    34     0
2131.65 -6.04e-15  1.50e-14   418   -11     0
2134.32 -9.57e-15  1.51e-14   419   -18     0
2136.99 -2.41e-14  1.56e-14   419   -45     0
2139.66  2.02e-14  1.59e-14   420    37     0
2142.33  8.05e-15  1.52e-14   420    15     0
2145.00 -2.49e-15  1.51e-14   420    -4     0
2147.67 -3.70e-15  1.70e-14   421    -6     0
2150.33 -1.66e-14  1.60e-14   421   -30     0
2153.00 -2.89e-14  1.60e-14   422   -53     0
2155.67 -8.79e-15  1.68e-14   422   -15     0
2158.34  2.48e-14  1.71e-14   423    44     0
2161.01 -1.99e-14  1.64e-14   423   -36     0
2163.68 -2.12e-14  1.64e-14   423   -39     0
2166.35 -1.90e-15  1.61e-14   424    -3     0
2169.02  2.19e-14  1.65e-14   424    41     0
2171.69 -6.72e-15  1.69e-14   425   -12     0
2174.35 -1.67e-14  1.95e-14   425   -30     0
2177.02 -1.61e-14  1.71e-14   426   -28     0
2179.69 -3.20e-14  1.71e-14   426   -57     0
2182.36 -1.07e-14  1.57e-14   426   -21     0
2185.03  2.53e-14  1.67e-14   427    48     0
2187.70  2.62e-14  4.03e-14   427    49     0
2190.37 -1.37e-14  1.67e-14   428   -27     0
2193.04 -3.79e-14  1.59e-14   428   -76     0
2195.71 -1.42e-14  1.64e-14   428   -27     0
2198.37 -7.86e-15  1.63e-14   429   -15     0
2201.04 -2.39e-14  1.62e-14   429   -46     0
2203.71 -3.39e-15  1.61e-14   429    -6     0
2206.38 -6.71e-15  1.82e-14   430   -13     0
2209.05 -3.78e-15  1.61e-14   430    -7     0
2211.72  1.22e-16  1.54e-14   431     0     0
2214.39  1.12e-14  1.57e-14   431    23     0
2217.06 -2.91e-14  1.70e-14   431   -55     0
2219.73 -2.49e-14  1.72e-14   432   -46     0
2222.39  2.79e-14  1.71e-14   432    54     0
2225.06 -1.26e-14  1.77e-14   432   -24     0
2227.73 -1.42e-14  1.66e-14   433   -27     0
2230.40 -1.52e-14  1.64e-14   433   -30     0
2233.07 -3.55e-14  1.61e-14   433   -72     0
2235.74  7.11e-16  1.61e-14   434     1     0
2238.41 -1.54e-14  1.57e-14   434   -32     0
2241.08 -2.63e-14  1.62e-14   434   -53     0
2243.75 -2.71e-14  1.61e-14   435   -56     0
2246.41  4.46e-14  1.52e-14   435   102     0
2249.08 -2.44e-15  1.44e-14   435    -5     0
2251.75  1.76e-15  1.46e-14   436     4     0
2254.42  1.90e-14  1.50e-14   436    43     0
2257.09 -3.26e-14  1.51e-14   436   -72     0
2259.76  4.00e-15  1.73e-14   437     8     0
2262.43 -4.96e-15  1.50e-14   437   -11     0
2265.10  2.60e-14  1.45e-14   437    62     0
2267.77  1.40e-14  1.44e-14   438    34     0
2270.43 -7.92e-15  1.34e-14   438   -20     0
2273.10 -2.06e-14  1.32e-14   438   -53     0
2275.77 -1.67e-15  1.37e-14   439    -4     0
2278.44 -3.21e-16  1.35e-14   439     0     0
2281.11 -5.76e-16  1.52e-14   439    -1     0
2283.78  4.62e-15  1.48e-14   439    10     0
2286.45 -1.66e-14  1.17e-14   440   -49     0
2289.12 -1.08e-14  1.17e-14   440   -31     0
2291.79  4.77e-15  1.39e-14   440    13     0
2294.45 -6.30e-15  1.26e-14   441   -17     0
2297.12 -9.28e-16  1.53e-14   441    -2     0
2299.79 -3.58e-15  1.33e-14   441    -9     0
2302.46 -3.05e-15  1.31e-14   441    -8     0
2305.13 -2.35e-14  1.32e-14   442   -63     0
2307.80 -1.26e-14  1.30e-14   442   -34     0
2310.47  2.22e-14  1.26e-14   442    64     0
2313.14  1.68e-14  1.23e-14   442    49     0
2315.81 -1.09e-15  1.34e-14   443    -3     0
2318.47  2.40e-14  1.51e-14   443    69     0
2321.14 -2.30e-14  1.17e-14   443   -70     0
2323.81  2.16e-14  1.90e-14   443    67     0
2326.48  2.80e-14  1.51e-14   444    96     0
2329.15  1.94e-14  1.91e-14   444    68     0
2331.82  2.56e-15  1.05e-14   444     8     0
2334.49  1.37e-14  1.39e-14   444    48     0
2337.16  1.69e-14  1.12e-14   445    62     0
2339.83  2.03e-14  1.15e-14   445    76     0
2342.49  1.29e-14  1.34e-14   445    47     0
2345.16  1.15e-14  9.69e-15   445    44     0
2347.83  1.09e-14  9.91e-15   446    42     0
2350.50  2.54e-14  1.26e-14   446    95     0
2353.17 -9.17e-17  9.91e-15   446     0     0
2355.84  3.54e-15  9.65e-15   446    13     0
2358.51  1.26e-14  1.01e-14   446    48     0
2361.18 -1.00e-14  9.27e-15   447   -40     0
2363.85 -7.44e-15  9.20e-15   447   -30     0
2366.51  4.50e-15  1.08e-14   447    17     0
2369.18  4.51e-15  1.23e-14   447    17     0
2371.85  3.00e-14  1.85e-14   447   118     0
2374.52  4.50e-14  1.50e-14   448   178     0
2377.19  2.48e-14  9.74e-15   448   103     0
2379.86  1.70e-14  9.11e-15   448    71     0
2382.53  1.41e-14  1.55e-14   448    56     0
2385.20  6.30e-15  9.61e-15   448    24     0
2387.87  3.67e-14  1.42e-14   448   145     0
2390.53  1.86e-14  1.61e-14   449    75     0
2393.20  3.57e-14  1.38e-14   449   146     0
2395.87  1.79e-14  8.69e-15   449    80     0
2398.54  2.53e-15  9.81e-15   449    11     0
2401.21  1.00e-14  1.01e-14   449    43     0
2403.88  1.19e-14  9.36e-15   450    52     0
2406.55  1.11e-14  8.74e-15   450    50     0
2409.22  1.39e-14  1.05e-14   450    63     0
2411.89  8.73e-15  8.75e-15   450    39     0
2414.55 -2.23e-15  8.34e-15   450   -10     0
2417.22  4.53e-15  8.49e-15   450    20     0
2419.89 -2.12e-15  8.40e-15   450    -9     0
2422.56  4.08e-15  8.52e-15   451    18     0
2425.23  5.26e-15  8.00e-15   451    25     0
2427.90  6.90e-15  1.46e-14   451    33     0
2430.57  1.78e-14  1.27e-14   451    85     0
2433.24 -4.00e-15  7.95e-15   451   -19     0
2435.91  9.70e-15  8.22e-15   451    46     0
2438.57  3.19e-14  1.77e-14   451   155     0
2441.24 -9.44e-15  7.59e-15   452   -48     0
2443.91  3.13e-14  3.05e-14   452   162     0
2446.58  3.28e-15  8.20e-15   452    17     0
2449.25  1.43e-14  7.50e-15   452    77     0
2451.92  1.72e-14  7.68e-15   452    96     0
2454.59 -2.66e-15  6.89e-15   452   -15     0
2457.26  3.48e-14  1.22e-14   452   190     0
2459.93 -2.91e-15  7.10e-15   453   -16     0
2462.59 -3.78e-15  6.82e-15   453   -21     0
2465.26  3.31e-15  6.73e-15   453    19     0
2467.93  9.87e-15  7.03e-15   453    58     0
2470.60  1.81e-15  7.00e-15   453    10     0
2473.27  7.45e-15  7.05e-15   453    42     0
2475.94  2.40e-14  1.38e-14   453   138     0
2478.61  1.93e-14  1.13e-14   453   111     0
2481.28  6.99e-15  6.93e-15   454    40     0
2483.95  1.56e-14  7.09e-15   454    90     0
2486.61  1.07e-14  7.37e-15   454    66     0
2489.28  9.04e-15  6.51e-15   454    56     0
2491.95  2.03e-14  8.09e-15   454   108     0
2494.62  1.35e-14  9.64e-15   454    72     0
2497.29  7.36e-15  6.95e-15   454    42     0
2499.96  1.71e-15  6.91e-15   454    10     0
2502.63  8.05e-15  6.42e-15   455    51     0
2505.30  6.46e-15  8.63e-15   455    38     0
2507.97  6.23e-15  7.24e-15   455    37     0
2510.63  1.20e-14  7.02e-15   455    77     0
2513.30  6.42e-15  8.70e-15   455    42     0
2515.97  1.08e-14  9.38e-15   455    64     0
2518.64  9.37e-15  6.85e-15   455    56     0
2521.31  4.75e-15  6.59e-15   455    29     0
2523.98 -1.81e-16  6.48e-15   455    -1     0
2526.65  1.09e-14  6.32e-15   455    71     0
2529.32  1.00e-14  7.56e-15   456    65     0
2531.99  6.78e-15  7.28e-15   456    44     0
2534.65  1.05e-14  6.36e-15   456    69     0
2537.32  2.05e-14  8.83e-15   456   143     0
2539.99  2.47e-15  5.81e-15   456    17     0
2542.66  1.62e-14  5.93e-15   456   117     0
2545.33  1.06e-14  6.18e-15   456    76     0
2548.00  1.79e-14  6.62e-15   456   131     0
2550.67 -1.34e-15  5.87e-15   456    -9     0
2553.34  5.14e-15  9.76e-15   457    36     0
2556.01  1.22e-14  8.98e-15   457    84     0
2558.67  1.09e-14  1.26e-14   457    76     0
2561.34  5.92e-15  5.74e-15   457    42     0
2564.01  1.30e-14  6.07e-15   457    94     0
2566.68  2.66e-15  5.63e-15   457    20     0
2569.35 -3.70e-16  5.24e-15   457    -2     0
2572.02  1.67e-14  6.33e-15   457   125     0
2574.69  7.88e-15  6.08e-15   457    59 -4096
2577.36  1.41e-15  6.22e-15   457    10 -4096
2580.03  1.98e-15  5.62e-15   458    15     0
2582.69  1.22e-15  5.36e-15   458     9     0
2585.36  3.08e-15  5.72e-15   458    22     0
2588.03  1.01e-14  5.64e-15   458    74     0
2590.70  5.22e-15  5.38e-15   458    40     0
2593.37  1.78e-14  6.31e-15   458   138     0
2596.04  1.05e-14  5.32e-15   458    83     0
2598.71  2.14e-14  1.06e-14   458   171     0
2601.38  1.08e-14  5.35e-15   458    85     0
2604.05  2.98e-14  6.40e-15   458   237     0
2606.71  1.74e-14  5.07e-15   459   151     0
2609.38  7.96e-15  5.23e-15   459    70     0
2612.05  2.48e-14  6.27e-15   459   208     0
2614.72  2.78e-14  8.42e-15   459   236     0
2617.39  1.36e-14  5.75e-15   459   113     0
2620.06  1.83e-14  7.53e-15   459   158     0
2622.73  2.09e-14  5.27e-15   459   182     0
2625.40  2.26e-14  7.14e-15   459   191     0
2628.07  2.06e-14  9.12e-15   459   175     0
2630.73  3.03e-14  7.00e-15   459   264     0
2633.40  1.98e-14  6.74e-15   460   173     0
2636.07  1.79e-14  7.20e-15   460   150     0
2638.74  2.34e-14  8.08e-15   460   197     0
2641.41  4.08e-15  4.68e-15   460    36     0
2644.08  1.44e-15  4.64e-15   460    12     0
2646.75 -4.40e-16  4.88e-15   460    -3     0
2649.42  2.06e-15  4.88e-15   460    17     0
2652.09  4.27e-15  4.99e-15   460    37     0
2654.75  5.12e-15  4.70e-15   460    45     0
2657.42 -2.34e-15  4.91e-15   461   -20     0
2660.09  1.17e-14  4.68e-15   461   107     0
2662.76 -9.87e-16  4.45e-15   461    -9     0
2665.43 -2.36e-16  4.53e-15   461    -2     0
2668.10  6.96e-16  4.44e-15   461     6     0
2670.77  8.33e-15  4.50e-15   461    78     0
2673.44  2.89e-15  4.38e-15   461    27     0
2676.11 -2.81e-15  4.42e-15   461   -26     0
2678.77 -5.13e-15  4.36e-15   461   -48     0
2681.44 -1.15e-15  4.33e-15   461   -10     0
2684.11  2.70e-15  4.31e-15   462    25     0
2686.78 -1.70e-15  4.31e-15   462   -16     0
2689.45  3.34e-15  4.86e-15   462    32     0
2692.12  4.41e-15  4.51e-15   462    40     0
2694.79 -5.31e-15  4.47e-15   462   -48     0
2697.46  6.64e-15  4.91e-15   462    56     0
2700.13  5.09e-15  4.31e-15   462    49     0
2702.79  6.38e-15  4.39e-15   462    62     0
2705.46  9.90e-16  4.46e-15   462     9     0
2708.13  1.01e-14  4.58e-15   463    93     0
2710.80  5.70e-15  4.33e-15   463    54     0
2713.47  4.22e-15  4.29e-15   463    40     0
2716.14  3.70e-15  5.06e-15   463    34     0
2718.81  7.40e-15  5.11e-15   463    70     0
2721.48 -6.43e-15  4.47e-15   463   -59     0
2724.15  6.57e-15  4.51e-15   463    60     0
2726.81  1.38e-14  6.11e-15   463   137     0
2729.48  2.38e-15  4.10e-15   464    23     0
2732.15  2.14e-15  4.56e-15   464    19     0
2734.82  1.92e-14  6.40e-15   464   179     0
2737.49  7.33e-15  4.31e-15   464    71     0
2740.16  6.41e-15  5.72e-15   464    60     0
2742.83  1.87e-14  7.79e-15   464   178     0
2745.50  4.79e-15  4.18e-15   464    47     0
2748.17  5.96e-15  4.23e-15   464    58     0
2750.83  8.60e-15  5.09e-15   464    83     0
2753.50  1.92e-14  7.35e-15   465   186     0
2756.17  2.06e-14  5.03e-15   465   206     0
2758.84  9.85e-15  4.21e-15   465    98     0
2761.51  1.38e-14  4.45e-15   465   134     0
2764.18  1.65e-14  8.31e-15   465   161     0
2766.85  1.51e-14  4.54e-15   465   142     0
2769.52  3.81e-15  4.66e-15   465    35     0
2772.19  6.26e-15  4.61e-15   465    58     0
2774.85  2.91e-15  4.35e-15   466    27     0
2777.52  1.32e-14  4.92e-15   466   126     0
2780.19  9.09e-15  6.31e-15   466    86     0
2782.86 -4.97e-15  4.66e-15   466   -47 -4096
2785.53  1.15e-14  4.78e-15   466   111     0
2788.20 -9.33e-16  4.18e-15   466    -8     0
2790.87  6.85e-15  6.08e-15   466    69     0
2793.54  2.94e-14  1.00e-14   466   298     0
2796.21  8.21e-14  1.90e-14   467   786     0
2798.87  1.58e-13  3.60e-14   467  1512     0
2801.54  1.31e-13  2.97e-14   467  1294     0
2804.21  1.27e-13  3.09e-14   467  1255     0
2806.88  1.17e-13  2.43e-14   467  1078     0
2809.55  6.11e-14  1.70e-14   467   562     0
2812.22  1.86e-14  8.22e-15   467   182     0
2814.89  8.41e-15  4.22e-15   467    82     0
2817.56  7.33e-16  4.12e-15   467     7     0
2820.23 -1.42e-15  4.10e-15   468   -13     0
2822.90  2.98e-15  4.13e-15   468    28     0
2825.56  1.16e-14  4.60e-15   468   103     0
2828.23 -6.13e-15  4.46e-15   468   -54     0
2830.90  5.74e-15  4.53e-15   468    50     0
2833.57  1.55e-14  4.71e-15   468   137     0
2836.24  1.04e-14  4.48e-15   468    94     0
2838.91  8.96e-15  5.61e-15   468    81     0
2841.58  1.16e-14  6.56e-15   468   121     0
2844.25  2.40e-15  3.80e-15   469    25     0
2846.92  9.54e-15  4.42e-15   469    91     0
2849.58  1.33e-14  5.36e-15   469   127     0
2852.25  6.13e-15  4.24e-15   469    59     0
2854.92  7.47e-15  4.18e-15   469    72     0
2857.59  8.08e-15  6.56e-15   469    77     0
2860.26  9.89e-15  6.06e-15   469    94     0
2862.93  9.52e-15  4.25e-15   469    90     0
2865.60  5.59e-15  4.13e-15   469    55     0
2868.27  5.86e-15  4.28e-15   470    57     0
2870.94  4.60e-15  4.25e-15   470    42     0
2873.60  1.21e-14  4.45e-15   470   112     0
2876.27  7.27e-15  5.14e-15   470    65     0
2878.94  1.69e-14  4.96e-15   470   151     0
2881.61  6.32e-15  4.54e-15   470    58     0
2884.28  1.46e-14  4.43e-15   470   135     0
2886.95  1.08e-14  5.69e-15   470    99     0
2889.62  4.23e-15  4.28e-15   470    38     0
2892.29  7.65e-15  4.34e-15   470    69     0
2894.96  8.00e-15  6.50e-15   471    72     0
2897.62  4.54e-15  4.88e-15   471    40     0
2900.29  8.32e-15  5.98e-15   471    77     0
2902.96 -2.69e-15  4.24e-15   471   -25     0
2905.63  6.94e-15  7.51e-15   471    56     0
2908.30  7.73e-15  4.79e-15   471    62     0
2910.97  3.43e-15  4.48e-15   471    29     0
2913.64  6.81e-15  4.57e-15   471    57     0
2916.31  7.06e-15  4.92e-15   471    61     0
2918.98  8.37e-15  7.32e-15   471    71     0
2921.64  8.57e-15  5.18e-15   471    67     0
2924.31  1.69e-14  8.34e-15   471   131     0
2926.98  2.10e-14  8.32e-15   472   168     0
2929.65  1.42e-14  7.90e-15   472   113     0
2932.32  1.45e-14  1.02e-14   472   121     0
2934.99  1.26e-14  5.54e-15   472   104     0
2937.66  9.62e-15  6.74e-15   472    71     0
2940.33  1.11e-14  5.01e-15   472    91     0
2943.00 -1.98e-15  4.54e-15   472   -16     0
2945.66  1.02e-14  5.68e-15   472    78     0
2948.33  1.16e-14  5.29e-15   472    89     0
2951.00  1.07e-14  7.31e-15   472    82     0
2953.67  1.67e-14  5.91e-15   472   127     0
2956.34  1.22e-14  4.72e-15   472    99     0
2959.01  1.78e-14  8.52e-15   472   144     0
2961.68  1.57e-14  6.53e-15   472   115     0
2964.35  1.20e-14  8.24e-15   472    87     0
2967.02  5.41e-15  6.00e-15   472    40     0
2969.68  8.55e-15  5.13e-15   472    63     0
2972.35  1.43e-14  6.84e-15   472   102     0
2975.02  3.02e-14  7.29e-15   472   204     0
2977.69  1.85e-14  7.90e-15   472   123     0
2980.36  1.70e-14  8.23e-15   472   121     0
2983.03  1.01e-14  6.11e-15   472    71     0
2985.70  1.63e-14  5.79e-15   472   113     0
2988.37  3.06e-14  6.08e-15   473   211     0
2991.04  2.47e-14  6.49e-15   473   163     0
2993.70  1.55e-14  9.02e-15   473   101     0
2996.37  2.12e-14  7.31e-15   473   147     0
2999.04  2.01e-15  5.83e-15   473    13     0
3001.71  5.03e-15  9.72e-15   473    32     0
3004.38  2.34e-14  1.07e-14   473   150     0
3007.05  1.27e-14  8.44e-15   473    88     0
3009.72  8.20e-15  7.42e-15   472    56     0
3012.39  1.11e-14  5.98e-15   472    67     0
3015.06  2.29e-15  6.62e-15   472    13     0
3017.72  1.32e-14  7.32e-15   472    77     0
3020.39  1.37e-14  9.02e-15   472    84     0
3023.06  5.83e-15  5.98e-15   472    35     0
3025.73  1.24e-14  1.00e-14   472    73     0
3028.40  7.73e-15  7.76e-15   472    45     0
3031.07  2.91e-15  6.56e-15   472    16     0
3033.74  1.49e-14  1.01e-14   472    82     0
3036.41  5.69e-15  8.50e-15   472    31     0
3039.08  6.46e-15  6.52e-15   472    35     0
3041.74  8.73e-15  1.00e-14   472    48     0
3044.41  1.52e-14  8.14e-15   472    83     0
3047.08  1.07e-15  7.36e-15   472     5     0
3049.75  2.67e-14  1.06e-14   472   124     0
3052.42  3.70e-16  8.24e-15   472     1     0
3055.09  1.76e-14  1.40e-14   472    87     0
3057.76  2.53e-14  1.01e-14   472   124     0
3060.43 -5.18e-15  8.24e-15   472   -24     0
3063.10  2.05e-14  1.04e-14   471    96     0
3065.76  2.76e-14  1.23e-14   471   132     0
3068.43  1.10e-14  1.33e-14   471    51     0
3071.10  1.54e-14  8.98e-15   471    69     0
3073.77  9.76e-15  7.77e-15   471    43     0
3076.44  1.80e-14  1.17e-14   471    83     0
3079.11  2.19e-14  1.16e-14   471    99     0
3081.78  1.14e-14  8.44e-15   471    46     0
3084.45  2.11e-14  1.48e-14   471    84     0
3087.12  1.64e-14  1.04e-14   470    61     0
3089.78  2.49e-15  1.11e-14   470     9     0
3092.45  6.71e-15  1.03e-14   470    26     0
3095.12 -8.90e-15  1.01e-14   470   -31     0
3097.79  3.18e-14  1.23e-14   470   109     0
3100.46  3.92e-15  1.16e-14   470    14     0
3103.13  3.22e-14  1.06e-14   469   112     0
3105.80  1.78e-14  1.06e-14   469    65     0
3108.47  1.31e-14  9.35e-15   469    46     0
3111.14  5.07e-14  1.46e-14   469   166     0
3113.80  7.75e-16  1.74e-14   469     2     0
3116.47 -2.80e-14  1.44e-14   469   -78     0
3119.14  4.83e-14  2.23e-14   468   131     0
3121.81 -9.21e-16  1.73e-14   468    -2     0
3124.48  5.47e-16  1.67e-14   468     1     0
3127.15  2.79e-14  1.70e-14   468    76     0
3129.82  2.43e-14  1.95e-14   468    64     0
3132.49  2.45e-16  1.15e-14   467     0     0
3135.16  3.58e-14  1.98e-14   467   100     0
3137.82  9.46e-15  1.56e-14   467    25     0
3140.49  8.60e-15  1.45e-14   467    21     0
3143.16  3.76e-14  1.43e-14   466    90     0
3145.83  3.41e-15  1.54e-14   466     8     0
3148.50  1.85e-14  2.26e-14   466    43     0
3151.17 -1.00e-14  1.58e-14   466   -22     0
3153.84  6.37e-14  2.32e-14   465   139     0
3156.51  3.09e-15  1.33e-14   465     7     0
3159.18  2.55e-15  1.29e-14   465     6     0
3161.84  2.18e-14  2.00e-14   465    51     0
3164.51  7.42e-15  2.22e-14   464    17     0
3167.18  1.58e-14  2.19e-14   464    35     0
3169.85  1.64e-14  1.70e-14   464    36     0
3172.52  4.41e-14  2.74e-14   463    86     0
3175.19  8.25e-15  1.62e-14   463    16     0
3177.86  3.70e-14  2.07e-14   463    71     0
3180.53 -1.14e-14  2.12e-14   462   -19     0
3183.20  6.04e-14  3.12e-14   462   101     0
3185.86 -2.42e-16  2.05e-14   462     0     0
3188.53  3.61e-14  2.81e-14   461    71     0
3191.20 -5.51e-15  2.06e-14   461    -9     0
3193.87 -1.07e-14  3.15e-14   461   -18     0
3196.54  3.41e-14  2.34e-14   460    52   -16
3199.21  6.30e-14  2.64e-14   460    94   -16
3201.88  4.43e-14  1.99e-14   460    76   -16
3204.55  2.14e-14  3.02e-14   459    35   -16
3207.22  1.07e-14  3.13e-14   459    14   -16
3209.88 -1.63e-14  3.25e-14   458   -21   -16
3212.55  4.62e-15  3.82e-14   458     5   -16
3215.22  5.33e-14  3.74e-14   458    59   -16
3217.89 -1.95e-14  3.65e-14   457   -21   -16
3220.56  4.37e-14  3.70e-14   457    63   -16
3223.23  3.09e-14  3.20e-14   456    44   -16
3225.90  3.73e-14  4.43e-14   456    40   -16
3228.57  4.45e-14  2.92e-14   456    47   -16
3231.24 -1.56e-14  3.90e-14   455   -17   -16
3233.90 -2.56e-14  4.68e-14   455   -28   -16
3236.57  3.03e-14  5.35e-14   454    29   -16
3239.24  2.29e-14  5.70e-14   454    21   -16
3241.91 -2.83e-14  3.68e-14   453   -23   -16
3244.58 -8.67e-15  5.19e-14   453    -7   -16
3247.25 -3.36e-14  4.51e-14   452   -21   -16
3249.92  1.17e-13  7.98e-14   452    74   -16
3252.59  1.18e-13  4.46e-14   452    96   -16
3255.26  8.40e-14  5.19e-14   451    69   -16
3257.92  1.82e-14  4.59e-14   451    14   -16
3260.59  2.91e-14  4.49e-14   450    19   -16
3263.26 -9.74e-14  5.57e-14   450   -64   -16
3265.93  3.91e-14  8.74e-14   449    19   -16
3268.60  3.75e-15  1.04e-13   449     1   -16
3271.27  6.14e-14  6.71e-14   448    48   -16
3273.94  7.75e-14  8.77e-14   448    59   -16
3276.61 -4.68e-14  1.17e-13   447   -18     0
3279.28 -1.12e-13  9.61e-14   446   -43     0
3281.94 -4.30e-14  7.31e-14   446   -20     0
3284.61  7.26e-15  6.47e-14   445     3     0
3287.28  2.66e-14  6.05e-14   445    17     0
3289.95  3.35e-14  4.32e-14   444    21     0
3292.62 -8.99e-15  6.23e-14   444    -5     0
3295.29  6.44e-15  1.05e-13   443     2     0
3297.96  1.10e-13  7.59e-14   443    42     0
3300.63 -7.09e-14  8.93e-14   442   -24     0
3303.30  1.53e-13  1.07e-13   442    50     0
3305.96  2.12e-13  5.25e-13   441    12 -4096
3308.63  1.56e-12  1.04e-12   440    91 -4096
3311.30 -3.15e-13  2.05e-13   440   -47 -4096
3313.97  2.48e-13  1.89e-13   439    36     0
3316.64 -2.14e-14  1.32e-13   439    -4     0
3319.31 -2.79e-14  1.64e-13   438    -5     0
3321.98 -7.14e-14  1.17e-13   437   -16     0
3324.65  1.44e-13  2.09e-13   437    32     0
3327.32  1.43e-13  1.43e-13   436    51     0
3329.98 -6.94e-14  8.21e-14   436   -23     0
3332.65  6.69e-14  2.19e-13   435    10     0
3335.32  1.84e-13  2.25e-13   434    24     0
3337.99  5.50e-13  2.32e-13   434    69     0
3340.66 -2.75e-13  7.19e-13   433   -12     0
3343.33 -2.64e-14  6.60e-13   432    -1     0
3346.00 -7.92e-14  2.41e-13   432   -10     0
3348.67 -3.05e-14  2.61e-13   431    -3     0
