NOT ORIGINAL IUE PROJECT DATA PRODUCT
LWR08453LOWLARGE
HD  197481
20:42:04
-31:31:05
52
X-TRAIL
NO
3585.056
06/08/80
22:23:45
219
17.20
28/06/97
VILSPA
2444458.43316
0
30
1851.42  5.06e-14  5.47e-14   179    14     0
1854.09  7.61e-16  5.12e-14   178     0     0
1856.76  3.94e-14  5.21e-14   178    11     0
1859.42  1.43e-14  4.90e-14   177     4     0
1862.09 -4.26e-14  4.50e-14   177   -14     0
1864.76  1.64e-14  4.25e-14   176     5     0
1867.43  2.64e-14  4.11e-14   176     9     0
1870.10  5.61e-15  3.65e-14   175     2     0
1872.77  7.64e-15  3.39e-14   175     3     0
1875.44  1.52e-14  2.88e-14   174     8     0
1878.11  2.21e-16  2.65e-14   174     0     0
1880.78  5.37e-14  2.91e-14   174    29     0
1883.44  2.68e-14  2.70e-14   173    15     0
1886.11  3.07e-14  2.69e-14   173    18     0
1888.78  3.42e-14  2.57e-14   173    21     0
1891.45  3.68e-14  2.36e-14   173    25     0
1894.12  4.77e-14  2.30e-14   172    34     0
1896.79  3.31e-14  2.19e-14   172    24     0
1899.46  1.20e-14  2.09e-14   172     9     0
1902.13 -1.93e-15  2.06e-14   172    -1     0
1904.80  5.55e-15  2.02e-14   171     4     0
1907.46  3.51e-14  2.02e-14   171    28     0
1910.13  2.10e-14  2.02e-14   171    17     0
1912.80  1.86e-14  1.96e-14   171    15     0
1915.47  1.62e-14  1.78e-14   171    14     0
1918.14  1.31e-14  1.73e-14   171    12     0
1920.81 -3.75e-16  1.56e-14   171     0     0
1923.48  2.03e-14  1.56e-14   171    21     0
1926.15 -1.34e-15  1.70e-14   171    -1     0
1928.82 -5.85e-15  1.65e-14   171    -5     0
1931.48 -2.23e-15  1.51e-14   171    -2     0
1934.15 -6.60e-15  1.47e-14   171    -7     0
1936.82  4.07e-15  1.36e-14   171     5     0
1939.49 -4.83e-15  1.32e-14   171    -6     0
1942.16 -4.47e-16  1.32e-14   171     0     0
1944.83  4.36e-15  1.29e-14   171     5     0
1947.50 -3.50e-15  1.25e-14   171    -4     0
1950.17  1.09e-15  1.24e-14   171     1     0
1952.84  1.35e-14  1.24e-14   171    19     0
1955.50 -6.57e-15  1.19e-14   171    -9     0
1958.17 -1.03e-14  1.16e-14   171   -15     0
1960.84 -6.60e-15  1.13e-14   171   -10     0
1963.51  8.45e-15  1.12e-14   171    13     0
1966.18 -5.72e-15  1.11e-14   171    -9     0
1968.85  2.60e-15  1.09e-14   171     4     0
1971.52  9.83e-15  1.11e-14   172    16     0
1974.19  1.26e-14  1.09e-14   172    21     0
1976.86  2.96e-15  1.02e-14   172     5     0
1979.52  7.36e-15  1.01e-14   172    13     0
1982.19  9.41e-15  1.02e-14   172    17     0
1984.86  6.01e-15  9.95e-15   172    11     0
1987.53  6.97e-15  1.01e-14   173    12     0
1990.20  3.06e-14  1.06e-14   173    56     0
1992.87  3.65e-15  9.92e-15   173     6     0
1995.54 -3.19e-15  9.84e-15   173    -6     0
1998.21  7.44e-16  9.81e-15   173     1     0
2000.88 -5.92e-15  9.25e-15   174   -12     0
2003.54 -1.76e-15  9.23e-15   174    -3     0
2006.21  8.68e-15  9.62e-15   174    17     0
2008.88 -6.16e-15  9.43e-15   174   -12     0
2011.55 -3.45e-15  8.94e-15   174    -7     0
2014.22  1.31e-15  8.90e-15   175     2     0
2016.89 -6.42e-15  8.79e-15   175   -14     0
2019.56 -3.76e-15  8.66e-15   175    -8     0
2022.23  3.63e-15  9.34e-15   175     7     0
2024.90  1.37e-14  9.42e-15   176    29     0
2027.56 -8.82e-16  8.85e-15   176    -1     0
2030.23 -9.11e-15  8.32e-15   176   -21     0
2032.90 -1.02e-14  8.34e-15   176   -24     0
2035.57 -1.48e-16  8.91e-15   177     0     0
2038.24 -4.71e-15  8.94e-15   177   -10     0
2040.91 -7.85e-15  8.52e-15   177   -18     0
2043.58 -2.88e-16  8.58e-15   178     0     0
2046.25 -2.74e-15  9.24e-15   178    -6     0
2048.92 -4.29e-15  1.02e-14   178    -9 -4096
2051.58  1.88e-15  9.73e-15   178     4 -4096
2054.25  1.43e-15  9.21e-15   179     3     0
2056.92 -1.31e-14  8.77e-15   179   -32     0
2059.59 -1.44e-16  8.55e-15   179     0     0
2062.26  5.09e-15  9.21e-15   180    11     0
2064.93 -1.45e-15  9.09e-15   180    -3     0
2067.60 -5.12e-15  8.38e-15   180   -13     0
2070.27 -3.92e-15  8.45e-15   180    -9     0
2072.94 -2.07e-15  8.42e-15   181    -5     0
2075.60 -1.06e-14  8.85e-15   181   -26     0
2078.27 -7.36e-15  8.88e-15   181   -18     0
2080.94 -7.41e-15  9.08e-15   182   -17     0
2083.61 -9.51e-15  9.13e-15   182   -22     0
2086.28 -3.98e-15  8.27e-15   182   -10     0
2088.95 -1.05e-14  8.34e-15   182   -28     0
2091.62 -1.16e-14  9.40e-15   183   -27     0
2094.29 -2.27e-15  9.51e-15   183    -5     0
2096.96 -1.11e-14  8.76e-15   183   -28     0
2099.62 -1.04e-14  8.84e-15   184   -26     0
2102.29 -8.23e-15  9.27e-15   184   -20     0
2104.96  2.02e-15  9.36e-15   184     4     0
2107.63 -1.02e-15  9.26e-15   185    -2     0
2110.30  2.72e-17  9.37e-15   185     0     0
2112.97 -4.15e-16  9.34e-15   185    -1     0
2115.64  9.12e-16  1.01e-14   185     2     0
2118.31 -9.81e-15  1.01e-14   186   -22     0
2120.98  1.12e-14  9.55e-15   186    28     0
2123.65  8.72e-15  9.56e-15   186    21     0
2126.31 -9.55e-15  9.57e-15   187   -23     0
2128.98 -1.24e-14  9.63e-15   187   -30     0
2131.65 -6.58e-15  9.37e-15   187   -16     0
2134.32 -6.56e-15  9.44e-15   187   -16     0
2136.99 -8.01e-15  9.74e-15   188   -20     0
2139.66  2.93e-15  9.79e-15   188     7     0
2142.33 -5.38e-15  9.46e-15   188   -13     0
2145.00 -1.76e-15  9.50e-15   189    -4     0
2147.67 -8.50e-16  1.02e-14   189    -2     0
2150.33 -8.67e-17  1.01e-14   189     0     0
2153.00 -1.88e-14  1.01e-14   189   -46     0
2155.67 -1.41e-14  1.06e-14   190   -33     0
2158.34 -7.24e-15  1.06e-14   190   -17     0
2161.01 -9.31e-15  1.03e-14   190   -22     0
2163.68 -5.57e-15  1.03e-14   190   -13     0
2166.35 -4.57e-15  1.02e-14   191   -11     0
2169.02  8.89e-16  1.02e-14   191     2     0
2171.69 -1.51e-14  1.07e-14   191   -36     0
2174.35 -1.42e-14  1.07e-14   191   -34     0
2177.02 -5.42e-15  1.08e-14   192   -12     0
2179.69 -1.59e-14  1.09e-14   192   -38     0
2182.36 -1.32e-14  9.96e-15   192   -34     0
2185.03  8.37e-15  1.05e-14   192    21     0
2187.70  2.79e-14  4.37e-14   193    71     0
2190.37 -8.67e-15  1.06e-14   193   -23     0
2193.04 -2.22e-14  1.04e-14   193   -59     0
2195.71 -1.50e-14  1.05e-14   193   -38     0
2198.37 -6.44e-15  1.04e-14   194   -16     0
2201.04 -9.79e-15  1.04e-14   194   -25     0
2203.71 -2.21e-15  1.03e-14   194    -5     0
2206.38 -1.18e-15  1.04e-14   194    -3     0
2209.05 -4.48e-15  1.03e-14   195   -11     0
2211.72 -7.26e-15  9.90e-15   195   -20     0
2214.39 -1.41e-14  1.00e-14   195   -38     0
2217.06 -1.14e-14  1.09e-14   195   -28     0
2219.73 -1.78e-14  1.11e-14   195   -44     0
2222.39  4.84e-15  1.07e-14   196    12     0
2225.06 -9.93e-15  1.08e-14   196   -25     0
2227.73 -4.15e-15  1.07e-14   196   -10     0
2230.40 -6.32e-15  1.05e-14   196   -16     0
2233.07  2.11e-15  1.04e-14   196     5     0
2235.74  1.60e-15  1.03e-14   197     4     0
2238.41 -7.86e-15  1.01e-14   197   -22     0
2241.08 -1.05e-14  1.05e-14   197   -28     0
2243.75 -1.11e-14  1.04e-14   197   -30     0
2246.41  8.69e-15  9.51e-15   197    26     0
2249.08 -8.95e-15  9.31e-15   198   -27     0
2251.75  6.49e-15  9.57e-15   198    19     0
2254.42 -9.07e-18  9.43e-15   198     0     0
2257.09 -1.62e-14  9.82e-15   198   -48     0
2259.76 -1.30e-14  9.79e-15   198   -38     0
2262.43 -3.54e-15  9.76e-15   199   -10     0
2265.10  4.57e-15  9.21e-15   199    14     0
2267.77  3.63e-15  9.12e-15   199    11     0
2270.43 -1.28e-14  8.69e-15   199   -43     0
2273.10 -7.91e-15  8.58e-15   199   -27     0
2275.77 -3.13e-15  8.93e-15   199   -10     0
2278.44  6.07e-16  8.82e-15   200     2     0
2281.11  5.41e-15  9.81e-15   200    16     0
2283.78  6.36e-16  9.67e-15   200     1     0
2286.45 -2.50e-15  7.68e-15   200    -9     0
2289.12 -2.84e-15  7.68e-15   200   -11     0
2291.79 -1.68e-15  8.28e-15   200    -6     0
2294.45 -1.58e-15  8.28e-15   201    -5     0
2297.12  4.51e-15  8.80e-15   201    15     0
2299.79  3.80e-15  8.72e-15   201    13     0
2302.46  4.80e-15  8.50e-15   201    18     0
2305.13 -1.01e-14  8.64e-15   201   -36     0
2307.80 -7.03e-15  8.55e-15   201   -25     0
2310.47  8.74e-15  8.18e-15   202    33     0
2313.14  1.31e-14  8.12e-15   202    51     0
2315.81  6.09e-16  8.31e-15   202     2     0
2318.47  1.48e-14  8.42e-15   202    56     0
2321.14 -7.81e-15  7.69e-15   202   -32     0
2323.81  2.16e-14  8.19e-15   202    90     0
2326.48  1.89e-14  7.85e-15   202    87     0
2329.15  1.52e-14  1.18e-14   202    71     0
2331.82  3.76e-15  6.95e-15   203    17     0
2334.49  1.23e-14  8.85e-15   203    57     0
2337.16  1.04e-14  6.62e-15   203    51     0
2339.83  1.43e-14  6.60e-15   203    71     0
2342.49  9.54e-15  6.97e-15   203    47     0
2345.16 -1.81e-15  6.32e-15   203    -9     0
2347.83  1.08e-14  6.38e-15   203    56     0
2350.50  2.16e-14  7.39e-15   203   109     0
2353.17  7.46e-15  6.47e-15   204    38     0
2355.84  8.17e-15  6.46e-15   204    41     0
2358.51  4.20e-15  6.37e-15   204    21     0
2361.18 -1.70e-15  6.16e-15   204    -9     0
2363.85 -2.83e-15  6.12e-15   204   -15     0
2366.51  4.52e-15  6.80e-15   204    22     0
2369.18  5.75e-15  6.55e-15   204    29     0
2371.85  2.31e-14  1.33e-14   204   121     0
2374.52  2.96e-14  1.13e-14   205   157     0
2377.19  1.46e-14  6.28e-15   205    81     0
2379.86  1.02e-14  6.05e-15   205    57     0
2382.53  1.19e-14  6.40e-15   205    63     0
2385.20  6.97e-15  6.47e-15   205    36     0
2387.87  2.28e-14  6.65e-15   205   121     0
2390.53  1.39e-14  9.66e-15   205    76     0
2393.20  2.97e-14  1.04e-14   205   163     0
2395.87  2.05e-14  5.92e-15   205   123     0
2398.54  9.69e-15  8.09e-15   205    58     0
2401.21  3.10e-15  5.84e-15   206    18     0
2403.88  4.49e-15  5.84e-15   206    26     0
2406.55  7.92e-15  5.84e-15   206    47     0
2409.22  1.03e-14  5.78e-15   206    62     0
2411.89  9.22e-15  5.75e-15   206    56     0
2414.55  3.76e-15  5.61e-15   206    23     0
2417.22  3.21e-15  5.70e-15   206    19     0
2419.89 -3.16e-15  5.63e-15   206   -19     0
2422.56  9.80e-15  5.81e-15   206    59     0
2425.23  5.58e-15  5.40e-15   206    36     0
2427.90  9.21e-15  9.14e-15   207    60     0
2430.57  6.93e-15  5.53e-15   207    44     0
2433.24  2.67e-15  5.34e-15   207    17     0
2435.91  2.89e-15  5.47e-15   207    18     0
2438.57  1.66e-14  8.91e-15   207   108     0
2441.24  4.06e-15  5.13e-15   207    27     0
2443.91  2.72e-14  1.96e-14   207   189     0
2446.58  9.75e-15  5.42e-15   207    69     0
2449.25  7.90e-15  4.95e-15   207    57     0
2451.92  9.84e-15  4.81e-15   207    74     0
2454.59  1.62e-15  4.66e-15   207    12     0
2457.26  1.58e-14  5.57e-15   208   116     0
2459.93 -2.01e-15  4.78e-15   208   -14     0
2462.59 -1.02e-15  4.60e-15   208    -7     0
2465.26  7.38e-15  4.61e-15   208    58     0
2467.93  7.34e-15  4.59e-15   208    58     0
2470.60  7.91e-15  4.82e-15   208    59     0
2473.27  7.30e-15  4.79e-15   208    55     0
2475.94  1.77e-14  5.14e-15   208   136     0
2478.61  1.78e-14  7.64e-15   208   137     0
2481.28  6.60e-15  4.71e-15   208    51     0
2483.95  8.78e-15  4.74e-15   208    68     0
2486.61  8.10e-15  4.42e-15   209    67     0
2489.28  6.12e-15  4.40e-15   209    50     0
2491.95  1.30e-14  5.20e-15   209    92     0
2494.62  4.87e-15  5.08e-15   209    34     0
2497.29  6.25e-15  4.73e-15   209    48     0
2499.96 -6.42e-16  4.63e-15   209    -5     0
2502.63  3.72e-15  4.32e-15   209    31     0
2505.30  5.87e-15  6.06e-15   209    47     0
2507.97  1.04e-14  4.75e-15   209    83     0
2510.63  3.79e-15  4.24e-15   209    32     0
2513.30  5.38e-15  4.55e-15   209    47     0
2515.97  1.12e-14  7.01e-15   210    88     0
2518.64  8.18e-15  4.66e-15   210    65     0
2521.31  6.28e-15  4.51e-15   210    51     0
2523.98  1.33e-15  4.40e-15   210    11     0
2526.65  7.57e-15  4.28e-15   210    66     0
2529.32  6.19e-15  4.27e-15   210    54     0
2531.99  6.43e-15  4.24e-15   210    56     0
2534.65  6.47e-15  4.25e-15   210    56     0
2537.32  6.24e-15  4.00e-15   210    58     0
2539.99  6.73e-15  4.00e-15   210    63     0
2542.66  1.00e-14  3.99e-15   211    96     0
2545.33  9.08e-15  3.99e-15   211    87     0
2548.00  1.72e-14  4.63e-15   211   168     0
2550.67  1.95e-15  4.00e-15   211    18     0
2553.34  7.83e-15  4.15e-15   211    74     0
2556.01  8.23e-15  6.48e-15   211    76     0
2558.67  8.55e-15  5.77e-15   211    80     0
2561.34  5.96e-15  3.89e-15   211    57     0
2564.01  8.31e-15  3.90e-15   211    81     0
2566.68  5.97e-15  3.63e-15   211    62     0
2569.35 -7.93e-16  3.56e-15   212    -8     0
2572.02  1.29e-14  5.80e-15   212   130     0
2574.69  1.05e-14  4.10e-15   212   105     0
2577.36  1.00e-14  4.36e-15   212    97 -4096
2580.03  8.73e-15  3.93e-15   212    91     0
2582.69  5.74e-15  3.71e-15   212    60     0
2585.36  6.69e-15  4.15e-15   212    66     0
2588.03  9.61e-15  5.89e-15   212    95     0
2590.70  2.16e-15  3.64e-15   212    22     0
2593.37  8.87e-15  3.79e-15   212    92     0
2596.04  1.10e-14  3.67e-15   213   116     0
2598.71  2.02e-14  7.41e-15   213   217     0
2601.38  1.22e-14  3.70e-15   213   128     0
2604.05  1.39e-14  3.91e-15   213   148     0
2606.71  1.20e-14  3.90e-15   213   139     0
2609.38  6.75e-15  3.26e-15   213    79     0
2612.05  1.56e-14  5.06e-15   213   175     0
2614.72  1.60e-14  3.65e-15   213   181     0
2617.39  7.46e-15  3.42e-15   213    83     0
2620.06  1.36e-14  4.48e-15   213   158     0
2622.73  1.26e-14  3.36e-15   214   146     0
2625.40  1.58e-14  4.47e-15   214   179     0
2628.07  1.65e-14  5.86e-15   214   189     0
2630.73  1.97e-14  5.49e-15   214   229     0
2633.40  1.30e-14  3.94e-15   214   151     0
2636.07  7.81e-15  3.64e-15   214    87     0
2638.74  7.94e-15  3.49e-15   214    89     0
2641.41  6.36e-16  3.16e-15   214     7     0
2644.08  2.34e-16  3.16e-15   214     2     0
2646.75  2.18e-15  3.35e-15   215    24     0
2649.42  1.18e-15  3.33e-15   215    13     0
2652.09  3.02e-15  3.19e-15   215    35     0
2654.75  4.59e-15  3.21e-15   215    54     0
2657.42 -1.29e-15  3.24e-15   215   -14     0
2660.09  8.18e-15  3.13e-15   215   101     0
2662.76  2.56e-15  3.36e-15   215    31     0
2665.43  9.04e-16  3.05e-15   215    11     0
2668.10  9.77e-16  3.03e-15   215    12     0
2670.77  4.97e-15  3.04e-15   215    62     0
2673.44  2.35e-15  3.00e-15   216    29     0
2676.11 -3.86e-15  3.01e-15   216   -48     0
2678.77 -1.14e-15  2.97e-15   216   -14     0
2681.44  2.79e-15  2.97e-15   216    35     0
2684.11  5.37e-16  2.92e-15   216     6     0
2686.78 -3.97e-15  2.93e-15   216   -50     0
2689.45  1.48e-15  3.11e-15   216    19     0
2692.12  4.59e-15  3.09e-15   216    56     0
2694.79 -2.89e-15  3.04e-15   216   -35     0
2697.46  2.64e-15  3.32e-15   216    29     0
2700.13  5.25e-15  2.91e-15   217    68     0
2702.79  6.71e-15  2.94e-15   217    87     0
2705.46 -4.13e-16  3.03e-15   217    -5     0
2708.13  7.95e-15  3.12e-15   217    98     0
2710.80  2.84e-15  2.93e-15   217    36     0
2713.47  3.45e-15  2.96e-15   217    44     0
2716.14  4.85e-15  3.05e-15   217    61     0
2718.81  4.46e-15  2.99e-15   217    56     0
2721.48 -2.46e-15  3.04e-15   217   -30     0
2724.15  5.68e-15  3.08e-15   217    70     0
2726.81  1.09e-14  4.40e-15   217   145     0
2729.48  5.48e-15  2.84e-15   218    73     0
2732.15  3.96e-15  3.04e-15   218    49     0
2734.82  1.30e-14  4.40e-15   218   162     0
2737.49  5.06e-15  2.92e-15   218    65     0
2740.16  5.20e-15  3.46e-15   218    66     0
2742.83  1.85e-14  4.70e-15   218   235     0
2745.50  6.34e-15  2.91e-15   218    83     0
2748.17  3.95e-15  2.85e-15   218    52     0
2750.83  5.83e-15  2.91e-15   218    75     0
2753.50  1.31e-14  4.26e-15   218   170     0
2756.17  8.66e-15  3.03e-15   218   116     0
2758.84  4.80e-15  2.81e-15   218    64     0
2761.51  7.04e-15  2.90e-15   218    92     0
2764.18  9.75e-15  4.62e-15   218   127     0
2766.85  1.18e-14  3.92e-15   218   148     0
2769.52  1.02e-15  2.91e-15   219    12     0
2772.19  1.67e-15  2.94e-15   219    20     0
2774.85  3.61e-16  2.93e-15   219     4     0
2777.52  7.35e-15  3.08e-15   219    94     0
2780.19  6.19e-15  3.28e-15   219    79 -4096
2782.86 -1.19e-15  3.08e-15   219   -15     0
2785.53  6.97e-15  3.13e-15   219    90     0
2788.20  1.15e-14  3.94e-15   219   148     0
2790.87  3.82e-14  1.12e-14   219   520     0
2793.54  6.68e-14  1.56e-14   219   907     0
2796.21  7.38e-14  1.64e-14   219   946     0
2798.87  9.48e-14  2.13e-14   219  1213     0
2801.54  7.48e-14  1.75e-14   219   990     0
2804.21  6.01e-14  1.72e-14   219   792     0
2806.88  2.75e-14  6.91e-15   219   339     0
2809.55  8.24e-15  3.31e-15   219   101     0
2812.22  7.74e-15  3.39e-15   219   101     0
2814.89  3.48e-15  2.82e-15   219    45     0
2817.56  2.95e-15  3.08e-15   219    38     0
2820.23  4.31e-15  2.82e-15   219    56     0
2822.90  6.22e-15  2.84e-15   219    80     0
2825.56  7.51e-15  3.42e-15   219    90     0
2828.23 -8.06e-16  3.00e-15   219    -9     0
2830.90  6.23e-15  3.13e-15   219    74     0
2833.57  8.85e-15  3.42e-15   219   104     0
2836.24  3.86e-15  2.97e-15   219    47     0
2838.91  5.10e-15  3.64e-15   219    62     0
2841.58  9.77e-15  3.49e-15   219   136     0
2844.25  2.55e-15  2.57e-15   219    35     0
2846.92  5.84e-15  2.83e-15   219    75     0
2849.58  1.11e-14  3.02e-15   219   142     0
2852.25  4.82e-15  2.84e-15   219    62     0
2854.92  6.52e-15  3.93e-15   219    84     0
2857.59  5.55e-15  3.18e-15   219    71     0
2860.26  7.20e-15  4.00e-15   219    91     0
2862.93  1.22e-14  3.19e-15   219   155     0
2865.60  6.02e-15  2.72e-15   219    79     0
2868.27  7.33e-15  3.87e-15   218    96     0
2870.94  3.90e-15  2.98e-15   218    48     0
2873.60  6.35e-15  4.67e-15   218    79     0
2876.27  7.38e-16  3.04e-15   218     8     0
2878.94  1.40e-14  3.68e-15   218   168     0
2881.61  3.59e-15  2.84e-15   218    44     0
2884.28  1.11e-14  4.11e-15   218   137     0
2886.95  4.90e-15  3.36e-15   218    60     0
2889.62  6.73e-15  3.72e-15   218    82     0
2892.29  4.61e-15  3.07e-15   218    56     0
2894.96  5.64e-15  5.46e-15   218    68     0
2897.62  4.81e-15  3.27e-15   217    57     0
2900.29  8.82e-15  4.20e-15   217   110     0
2902.96 -1.19e-15  2.75e-15   217   -14     0
2905.63  7.46e-15  5.43e-15   217    81     0
2908.30  2.07e-15  3.40e-15   217    22     0
2910.97  3.91e-15  4.02e-15   217    44     0
2913.64  7.20e-15  3.78e-15   217    81     0
2916.31  6.55e-15  3.52e-15   216    76     0
2918.98  7.96e-15  5.28e-15   216    91     0
2921.64  1.40e-14  5.37e-15   216   147     0
2924.31  1.43e-14  6.74e-15   216   148     0
2926.98  1.50e-14  5.93e-15   216   161     0
2929.65  7.96e-15  3.50e-15   216    84     0
2932.32  7.12e-15  4.22e-15   215    79     0
2934.99  1.12e-14  4.09e-15   215   124     0
2937.66  5.05e-15  3.56e-15   215    50     0
2940.33  4.78e-15  3.45e-15   215    52     0
2943.00  4.88e-15  3.05e-15   215    54     0
2945.66  8.41e-15  4.57e-15   214    87     0
2948.33  1.00e-14  4.70e-15   214   103     0
2951.00  1.06e-14  5.23e-15   214   108     0
2953.67  1.41e-14  3.86e-15   214   144     0
2956.34  4.30e-15  3.06e-15   213    46     0
2959.01  9.43e-15  3.99e-15   213   101     0
2961.68  9.21e-15  4.02e-15   213    90     0
2964.35  5.00e-15  3.48e-15   213    48     0
2967.02  3.07e-15  3.37e-15   212    30     0
2969.68  3.72e-15  3.32e-15   212    37     0
2972.35  7.35e-15  4.40e-15   212    70     0
2975.02  2.11e-14  6.03e-15   211   190     0
2977.69  1.36e-14  7.38e-15   211   121     0
2980.36  9.80e-15  5.66e-15   211    93     0
2983.03  6.31e-15  3.48e-15   211    59     0
2985.70  1.99e-16  3.42e-15   210     1     0
2988.37  1.28e-14  3.81e-15   210   118     0
2991.04  1.20e-14  4.10e-15   210   106     0
2993.70  4.97e-15  4.93e-15   209    43     0
2996.37  1.55e-14  4.84e-15   209   144     0
2999.04  7.76e-15  3.61e-15   209    71     0
3001.71  1.17e-14  8.02e-15   208   101     0
3004.38  1.94e-14  8.48e-15   208   167     0
3007.05  7.35e-15  4.10e-15   208    68     0
3009.72  6.46e-15  3.49e-15   207    59     0
3012.39  9.42e-15  3.93e-15   207    76     0
3015.06  7.35e-15  5.41e-15   206    58     0
3017.72  7.57e-15  4.40e-15   206    59     0
3020.39  6.16e-15  4.93e-15   206    51     0
3023.06  9.46e-15  3.90e-15   205    77     0
3025.73  7.74e-15  4.98e-15   205    61     0
3028.40  4.44e-15  4.82e-15   204    34     0
3031.07  6.14e-15  4.41e-15   204    46     0
3033.74  1.25e-14  6.20e-15   203    93     0
3036.41  4.96e-15  6.44e-15   203    36     0
3039.08  6.84e-15  6.61e-15   203    50     0
3041.74  6.06e-15  8.70e-15   202    44     0
3044.41  1.66e-14  4.82e-15   202   121     0
3047.08  3.36e-15  4.79e-15   201    21     0
3049.75  2.08e-14  8.48e-15   201   129     0
3052.42  4.64e-15  4.72e-15   200    30     0
3055.09  1.26e-14  1.03e-14   200    84     0
3057.76  2.01e-14  7.62e-15   199   132     0
3060.43 -2.65e-15  4.77e-15   199   -16     0
3063.10  1.42e-14  6.09e-15   198    88     0
3065.76  1.95e-14  1.00e-14   198   125     0
3068.43  2.56e-15  4.91e-15   197    16     0
3071.10  1.16e-14  4.99e-15   197    69     0
3073.77  5.32e-15  4.99e-15   196    31     0
3076.44  5.52e-15  8.03e-15   196    34     0
3079.11  1.56e-14  5.60e-15   195    95     0
3081.78  8.64e-15  5.53e-15   195    47     0
3084.45  1.44e-14  9.20e-15   194    77     0
3087.12  1.72e-14  6.11e-15   193    86     0
3089.78  9.92e-15  8.54e-15   193    48     0
3092.45  3.55e-15  5.87e-15   192    18     0
3095.12 -3.33e-15  7.00e-15   192   -15     0
3097.79  2.98e-14  1.28e-14   191   136     0
3100.46  8.81e-15  7.25e-15   190    42     0
3103.13  1.07e-14  7.36e-15   190    50     0
3105.80  1.20e-14  6.19e-15   189    58     0
3108.47  8.00e-15  6.02e-15   189    38     0
3111.14  2.28e-14  6.92e-15   188   100     0
3113.80  1.93e-14  1.07e-14   187    83     0
3116.47  6.56e-16  8.14e-15   187     2     0
3119.14  2.64e-14  1.10e-14   186    96     0
3121.81  1.11e-14  1.21e-14   186    43     0
3124.48  1.24e-15  7.17e-15   185     4     0
3127.15  1.33e-14  7.69e-15   184    48     0
3129.82  2.09e-15  7.66e-15   184     7     0
3132.49 -8.62e-16  7.27e-15   183    -3     0
3135.16  1.72e-14  1.03e-14   182    64     0
3137.82  1.71e-15  1.00e-14   182     6     0
3140.49  1.28e-14  9.76e-15   181    42     0
3143.16  3.30e-14  1.00e-14   180   106     0
3145.83  1.24e-14  8.59e-15   180    39     0
3148.50  3.84e-14  1.71e-14   179   119     0
3151.17  9.89e-15  1.00e-14   178    29     0
3153.84  3.21e-14  1.51e-14   177    94     0
3156.51  1.44e-14  8.20e-15   177    48     0
3159.18  2.63e-14  1.14e-14   176    86     0
3161.84  9.99e-15  8.50e-15   175    31     0
3164.51  7.08e-15  1.36e-14   175    22     0
3167.18  1.92e-14  1.07e-14   174    58     0
3169.85  2.99e-14  1.04e-14   173    89     0
3172.52  3.79e-14  1.85e-14   173    99     0
3175.19  1.91e-14  1.06e-14   172    50     0
3177.86  1.64e-14  1.03e-14   171    42     0
3180.53  1.65e-14  1.13e-14   170    38     0
3183.20  4.67e-14  1.73e-14   170   105     0
3185.86  5.88e-15  9.34e-15   169    16     0
3188.53  2.75e-14  1.39e-14   168    73     0
3191.20  1.67e-14  1.24e-14   167    38     0
3193.87  2.89e-15  1.20e-14   167     6     0
3196.54  2.16e-14  2.27e-14   166    44     0
3199.21  1.26e-14  1.29e-14   165    25     0
3201.88  1.86e-14  1.11e-14   165    43     0
3204.55  8.55e-15  1.13e-14   164    19     0
3207.22  4.76e-15  1.37e-14   163     8     0
3209.88 -3.92e-15  1.56e-14   162    -6     0
3212.55 -2.08e-14  1.59e-14   162   -32     0
3215.22 -2.96e-14  1.65e-14   161   -44     0
3217.89  1.53e-15  1.69e-14   160     2     0
3220.56  3.92e-14  2.20e-14   159    76     0
3223.23  2.88e-14  3.01e-14   159    55     0
3225.90  3.97e-14  1.78e-14   158    58     0
3228.57  3.78e-15  1.70e-14   157     5     0
3231.24 -1.49e-14  1.60e-14   156   -22     0
3233.90 -6.79e-18  1.63e-14   156     0     0
3236.57  3.22e-14  2.01e-14   155    41     0
3239.24  2.81e-15  2.22e-14   154     3     0
3241.91 -8.96e-15  2.13e-14   153   -10     0
3244.58  1.16e-14  2.19e-14   153    12     0
3247.25 -1.70e-14  2.77e-14   152   -14     0
3249.92  6.02e-14  3.98e-14   151    50     0
3252.59  3.71e-14  3.98e-14   151    40     0
3255.26  8.58e-14  4.60e-14   150    95     0
3257.92  2.77e-14  2.95e-14   149    29   -16
3260.59 -1.04e-14  3.81e-14   149    -9   -16
3263.26 -6.14e-14  3.21e-14   148   -54   -16
3265.93  1.64e-14  6.65e-14   147    11   -16
3268.60  3.13e-14  8.21e-14   146    20   -16
3271.27  9.39e-15  5.26e-14   146     9   -16
3273.94  9.17e-15  4.91e-14   145     9   -16
3276.61 -2.66e-14  9.66e-14   144   -14   -16
3279.28 -6.99e-14  7.06e-14   144   -36   -16
3281.94 -3.71e-14  7.16e-14   143   -23   -16
3284.61  5.74e-14  7.06e-14   143    36   -16
3287.28  4.23e-14  5.32e-14   142    37   -16
3289.95  5.52e-14  5.20e-14   141    48   -16
3292.62  6.36e-14  5.64e-14   141    49   -16
3295.29  1.45e-13  1.18e-13   140    77   -16
3297.96  2.20e-13  1.16e-13   139   113   -16
3300.63  2.68e-14  1.04e-13   139    12   -16
3303.30  9.71e-14  1.35e-13   138    42   -16
3305.96 -3.79e-13  5.66e-13   138   -30 -4112
3308.63  1.09e-12  9.73e-13   137    84 -4112
3311.30 -1.19e-14  1.82e-13   137    -2 -4112
3313.97  8.14e-14  2.02e-13   136    16   -16
3316.64 -2.47e-14  1.23e-13   136    -7   -16
3319.31 -2.03e-13  1.49e-13   135   -57   -16
3321.98 -1.55e-13  1.34e-13   135   -48   -16
3324.65  5.28e-14  2.00e-13   134    15   -16
3327.32  1.77e-14  1.15e-13   134     8   -16
3329.98 -1.74e-16  1.37e-13   133     0   -16
3332.65  1.81e-13  2.02e-13   133    38   -16
3335.32  4.81e-14  2.02e-13   132     8   -16
3337.99 -1.70e-13  1.40e-13   132   -28   -16
3340.66 -2.16e-13  4.17e-13   132   -13   -16
3343.33 -5.36e-13  4.68e-13   131   -31   -16
3346.00  8.13e-14  1.73e-13   131    14     0
3348.67 -4.63e-14  1.36e-13   131    -7     0
