NOT ORIGINAL IUE PROJECT DATA PRODUCT
LWR13552LOWLARGE
HD  197481
20:42:04
-31:31:15
48
NO-TRAIL
NO
599.528
23/06/82
20:53:21
174
14.80
09/07/97
GSFC
2445144.37038
0
28
1851.42  1.41e-13  1.56e-13    65     6     0
1854.09 -1.23e-13  1.26e-13    65    -5     0
1856.76  1.50e-13  1.34e-13    65     7     0
1859.42 -1.38e-13  1.14e-13    64    -7     0
1862.09  1.17e-13  1.11e-13    64     6     0
1864.76 -5.09e-14  9.87e-14    64    -3     0
1867.43  2.85e-14  9.46e-14    64     1     0
1870.10  2.26e-13  9.87e-14    64    15     0
1872.77 -9.87e-14  8.08e-14    64    -7     0
1875.44 -5.56e-14  7.10e-14    64    -4     0
1878.11 -1.90e-14  6.78e-14    64    -1     0
1880.78  9.89e-14  6.83e-14    63     9     0
1883.44  7.72e-15  6.12e-14    63     0     0
1886.11  2.08e-13  7.15e-14    63    21     0
1888.78  6.79e-14  6.05e-14    63     7     0
1891.45 -1.33e-14  5.60e-14    63    -1     0
1894.12  3.14e-15  5.39e-14    63     0     0
1896.79 -7.84e-14  5.20e-14    63    -9     0
1899.46  1.40e-13  5.66e-14    63    17     0
1902.13  4.73e-14  4.96e-14    63     6     0
1904.80 -4.55e-14  4.61e-14    63    -6     0
1907.46  4.77e-14  4.94e-14    63     6     0
1910.13  3.35e-14  4.72e-14    63     4     0
1912.80 -4.68e-14  4.43e-14    63    -6     0
1915.47 -2.59e-14  4.22e-14    63    -3     0
1918.14 -2.11e-14  4.12e-14    63    -3     0
1920.81 -3.96e-14  3.76e-14    63    -6     0
1923.48  3.35e-14  3.82e-14    63     5     0
1926.15  8.85e-14  4.33e-14    63    15     0
1928.82 -4.72e-14  3.72e-14    63    -8     0
1931.48  1.75e-14  3.60e-14    63     3     0
1934.15 -2.88e-14  3.42e-14    63    -5     0
1936.82  3.61e-14  3.36e-14    63     7     0
1939.49 -1.64e-14  3.09e-14    63    -3     0
1942.16  1.59e-14  3.18e-14    63     3     0
1944.83  1.05e-14  3.08e-14    63     2     0
1947.50  1.01e-14  2.97e-14    63     2     0
1950.17 -1.62e-14  3.06e-14    63    -3     0
1952.84 -6.13e-15  2.82e-14    64    -1     0
1955.50  3.94e-14  2.98e-14    64     9     0
1958.17  1.12e-14  2.76e-14    64     2     0
1960.84 -1.21e-14  2.65e-14    64    -3     0
1963.51  2.01e-15  2.71e-14    64     0     0
1966.18  7.96e-15  2.58e-14    64     2     0
1968.85  1.31e-14  2.58e-14    64     3     0
1971.52  1.19e-14  2.51e-14    64     3     0
1974.19 -4.68e-15  2.43e-14    64    -1     0
1976.86  7.98e-14  2.78e-14    64    24     0
1979.52  5.94e-15  2.37e-14    64     1     0
1982.19 -1.55e-14  2.39e-14    64    -4     0
1984.86 -6.01e-16  2.36e-14    64     0     0
1987.53  2.63e-14  2.46e-14    64     8     0
1990.20  1.04e-15  2.36e-14    65     0     0
1992.87 -1.02e-14  2.42e-14    65    -3     0
1995.54  5.43e-15  2.34e-14    65     1     0
1998.21  8.70e-15  2.38e-14    65     2     0
2000.88  4.71e-15  2.21e-14    65     1     0
2003.54 -1.74e-14  2.20e-14    65    -5     0
2006.21  1.91e-14  2.37e-14    65     6     0
2008.88 -2.25e-14  2.26e-14    65    -7     0
2011.55 -4.99e-14  2.22e-14    65   -17     0
2014.22  8.16e-15  2.78e-14    65     2     0
2016.89  1.22e-15  2.12e-14    65     0     0
2019.56  6.08e-15  2.12e-14    65     2     0
2022.23  2.16e-14  2.31e-14    66     7     0
2024.90 -1.08e-14  2.20e-14    66    -3     0
2027.56  6.31e-15  2.15e-14    66     2     0
2030.23 -7.79e-15  2.03e-14    66    -3     0
2032.90  3.50e-14  2.41e-14    66    13     0
2035.57  4.42e-15  2.17e-14    66     1     0
2038.24 -7.94e-15  2.15e-14    66    -2     0
2040.91  5.38e-15  2.12e-14    66     2     0
2043.58 -1.04e-14  2.11e-14    66    -4     0
2046.25  3.54e-14  2.40e-14    66    13     0
2048.92 -1.77e-14  2.21e-14    66    -6     0
2051.58 -2.16e-14  2.17e-14    66    -8     0
2054.25 -1.57e-14  2.17e-14    67    -6     0
2056.92  5.13e-15  2.11e-14    67     2     0
2059.59  2.15e-14  2.21e-14    67     8     0
2062.26 -1.20e-15  2.19e-14    67     0     0
2064.93 -1.38e-14  2.18e-14    67    -5     0
2067.60  7.61e-15  2.13e-14    67     3     0
2070.27 -5.44e-15  2.06e-14    67    -2     0
2072.94 -1.20e-14  2.05e-14    67    -5     0
2075.60  1.02e-15  2.91e-14    67     0     0
2078.27  4.63e-14  2.40e-14    67    19     0
2080.94  2.00e-14  2.23e-14    67     8     0
2083.61 -2.31e-14  2.16e-14    67    -9     0
2086.28 -1.36e-14  2.05e-14    67    -5     0
2088.95  1.21e-14  2.13e-14    67     5     0
2091.62  1.11e-14  2.27e-14    67     4     0
2094.29  9.81e-15  2.30e-14    67     3     0
2096.96 -3.96e-15  2.14e-14    67    -1     0
2099.62  1.60e-14  2.23e-14    68     6     0
2102.29 -9.77e-15  2.25e-14    68    -4     0
2104.96 -1.55e-14  2.26e-14    68    -6     0
2107.63 -1.25e-16  2.23e-14    68     0     0
2110.30 -2.11e-14  2.27e-14    68    -8     0
2112.97  2.42e-14  2.37e-14    68    10     0
2115.64  4.32e-15  2.39e-14    68     1     0
2118.31  6.06e-14  2.59e-14    68    24     0
2120.98  3.57e-14  2.38e-14    68    15     0
2123.65  3.61e-14  2.35e-14    68    15     0
2126.31  4.82e-14  2.51e-14    68    20     0
2128.98 -1.19e-14  2.31e-14    68    -5     0
2131.65  2.55e-14  2.38e-14    68    11     0
2134.32  6.35e-15  2.29e-14    68     2     0
2136.99 -2.21e-14  2.35e-14    68    -9     0
2139.66 -2.00e-14  2.36e-14    68    -8     0
2142.33 -7.34e-15  2.30e-14    68    -3     0
2145.00  5.50e-15  2.33e-14    68     2     0
2147.67 -2.23e-14  2.41e-14    68    -9     0
2150.33  2.45e-14  2.51e-14    68    10     0
2153.00  5.17e-15  2.43e-14    68     2     0
2155.67 -1.23e-14  2.50e-14    68    -4     0
2158.34  2.03e-14  2.59e-14    68     8     0
2161.01  2.26e-14  2.51e-14    68     9     0
2163.68 -1.54e-14  2.41e-14    68    -6     0
2166.35 -1.98e-14  2.47e-14    68    -8     0
2169.02  3.10e-14  2.61e-14    68    13     0
2171.69  1.88e-14  2.55e-14    68     7     0
2174.35 -8.44e-15  2.47e-14    68    -3     0
2177.02  1.70e-15  2.63e-14    68     0     0
2179.69 -9.82e-16  2.63e-14    68     0     0
2182.36 -6.65e-15  2.44e-14    68    -2     0
2185.03 -3.91e-14  2.50e-14    68   -16     0
2187.70  6.03e-14  3.54e-14    68    25     0
2190.37  7.67e-15  4.85e-14    68     3 -2112
2193.04 -1.35e-14  4.63e-14    68    -6 -2048
2195.71  2.59e-14  3.68e-14    68    11     0
2198.37 -1.11e-14  2.50e-14    68    -4     0
2201.04  8.29e-15  2.46e-14    68     3     0
2203.71  4.00e-14  2.61e-14    68    18     0
2206.38  1.83e-14  2.47e-14    68     8     0
2209.05  2.57e-14  2.53e-14    68    11     0
2211.72 -1.13e-14  3.11e-14    68    -5     0
2214.39  2.83e-15  2.45e-14    67     1     0
2217.06 -8.73e-15  2.57e-14    67    -3     0
2219.73 -2.03e-14  2.60e-14    67    -8     0
2222.39 -7.78e-15  2.58e-14    67    -3     0
2225.06  2.15e-14  3.05e-14    67     9     0
2227.73 -2.22e-14  2.52e-14    67   -10     0
2230.40  1.31e-14  2.59e-14    67     5     0
2233.07  9.45e-15  2.58e-14    67     4     0
2235.74 -2.05e-15  2.47e-14    67     0     0
2238.41  9.01e-14  2.81e-14    67    43     0
2241.08 -4.11e-15  2.48e-14    67    -1     0
2243.75  3.03e-15  2.47e-14    67     1     0
2246.41  1.02e-14  2.38e-14    67     5     0
2249.08 -9.30e-15  2.32e-14    67    -4     0
2251.75  1.78e-14  2.41e-14    67     9     0
2254.42  8.12e-15  2.47e-14    67     4     0
2257.09  1.18e-14  2.38e-14    67     6     0
2259.76 -3.22e-15  2.32e-14    66    -1     0
2262.43  2.33e-14  2.44e-14    66    11     0
2265.10  2.85e-14  2.37e-14    66    15     0
2267.77 -1.12e-14  2.23e-14    66    -6     0
2270.43  6.89e-15  2.20e-14    66     3     0
2273.10  1.97e-14  2.24e-14    66    11     0
2275.77  2.16e-14  2.30e-14    66    11     0
2278.44  1.85e-14  2.25e-14    66    10     0
2281.11  1.58e-14  2.38e-14    66     8     0
2283.78  4.70e-15  2.30e-14    66     2     0
2286.45  3.41e-14  2.08e-14    66    21     0
2289.12 -1.21e-14  1.96e-14    66    -7     0
2291.79  1.64e-14  2.13e-14    66     9     0
2294.45  1.90e-14  2.15e-14    65    11     0
2297.12  3.33e-15  2.83e-14    65     1     0
2299.79  5.58e-15  2.17e-14    65     3     0
2302.46  1.86e-14  2.11e-14    65    11     0
2305.13  6.23e-14  2.30e-14    65    37     0
2307.80 -2.10e-15  2.07e-14    65    -1     0
2310.47  1.40e-14  2.01e-14    65     9     0
2313.14  1.59e-14  2.00e-14    65    10     0
2315.81  1.54e-14  2.04e-14    65    10     0
2318.47 -1.84e-14  1.95e-14    65   -12     0
2321.14  1.74e-14  1.95e-14    64    11     0
2323.81  1.87e-14  1.93e-14    64    13     0
2326.48 -8.64e-15  1.78e-14    64    -6     0
2329.15  9.61e-15  1.80e-14    64     7     0
2331.82  4.05e-14  1.88e-14    64    31     0
2334.49  2.25e-14  1.78e-14    64    17     0
2337.16  8.29e-15  2.65e-14    64     6     0
2339.83  4.34e-15  1.64e-14    64     3     0
2342.49  3.34e-14  1.77e-14    64    27     0
2345.16  3.13e-14  1.68e-14    64    26     0
2347.83  2.58e-14  1.65e-14    64    22     0
2350.50  4.37e-14  1.77e-14    63    36     0
2353.17  1.71e-14  1.62e-14    63    14     0
2355.84  9.95e-15  1.59e-14    63     8     0
2358.51  3.56e-14  1.67e-14    63    31     0
2361.18  1.95e-14  1.62e-14    63    17     0
2363.85  1.31e-14  1.58e-14    63    11     0
2366.51  2.98e-14  1.72e-14    63    25     0
2369.18  1.82e-14  1.65e-14    63    15     0
2371.85  7.24e-15  1.55e-14    63     6     0
2374.52  6.27e-15  2.19e-14    63     5     0
2377.19  3.22e-14  1.62e-14    62    29     0
2379.86  1.18e-14  1.52e-14    62    10     0
2382.53  4.00e-14  1.67e-14    62    36     0
2385.20  3.30e-14  1.66e-14    62    29     0
2387.87  2.16e-14  1.61e-14    62    19     0
2390.53  2.94e-14  1.62e-14    62    27     0
2393.20  4.88e-14  1.69e-14    62    45     0
2395.87  9.20e-15  1.82e-14    62     9     0
2398.54  3.31e-14  1.51e-14    62    33     0
2401.21  2.32e-14  1.50e-14    62    23     0
2403.88  3.96e-14  1.56e-14    61    39     0
2406.55  3.63e-14  1.55e-14    61    36     0
2409.22  1.79e-14  1.45e-14    61    18     0
2411.89  3.73e-14  1.49e-14    61    39     0
2414.55  1.72e-14  1.40e-14    61    18     0
2417.22  1.88e-14  1.45e-14    61    19     0
2419.89  1.38e-14  1.42e-14    61    14     0
2422.56 -2.49e-15  1.37e-14    61    -2     0
2425.23  1.05e-14  1.34e-14    61    11     0
2427.90  2.16e-14  1.37e-14    61    24     0
2430.57  2.29e-14  1.36e-14    60    25     0
2433.24  2.13e-14  1.35e-14    60    24     0
2435.91  1.26e-14  1.36e-14    60    13     0
2438.57  2.37e-14  1.38e-14    60    26     0
2441.24  1.17e-14  1.24e-14    60    14     0
2443.91  1.49e-14  1.24e-14    60    18     0
2446.58  2.94e-15  1.26e-14    60     3     0
2449.25  1.85e-14  1.23e-14    60    23     0
2451.92  1.53e-14  1.18e-14    60    19     0
2454.59  2.50e-14  1.20e-14    60    32     0
2457.26  1.78e-14  1.19e-14    60    23     0
2459.93  1.60e-14  1.18e-14    60    20     0
2462.59  1.49e-14  1.13e-14    59    20     0
2465.26  1.42e-14  1.13e-14    59    19     0
2467.93  1.06e-14  1.11e-14    59    14     0
2470.60  4.44e-15  1.11e-14    59     5     0
2473.27  1.15e-14  1.14e-14    59    15     0
2475.94  1.49e-14  1.14e-14    59    20     0
2478.61  2.92e-14  1.19e-14    59    39     0
2481.28  3.47e-14  1.21e-14    59    47     0
2483.95  9.25e-15  1.11e-14    59    12     0
2486.61  1.02e-14  1.06e-14    59    14     0
2489.28  1.61e-14  1.09e-14    59    23     0
2491.95  7.15e-15  1.19e-14    59     9     0
2494.62  2.58e-14  1.26e-14    59    33     0
2497.29  1.45e-14  1.14e-14    59    19     0
2499.96  1.92e-15  1.09e-14    59     2     0
2502.63  5.68e-15  1.06e-14    58     8     0
2505.30  3.06e-14  1.19e-14    58    42     0
2507.97  2.00e-14  1.14e-14    58    28     0
2510.63  2.24e-14  1.09e-14    58    33     0
2513.30  1.61e-14  1.06e-14    58    24     0
2515.97  2.75e-14  1.17e-14    58    39     0
2518.64  9.23e-15  1.08e-14    58    13     0
2521.31  7.70e-15  1.05e-14    58    11     0
2523.98  1.07e-14  1.06e-14    58    15     0
2526.65  6.29e-15  1.01e-14    58     9     0
2529.32  7.08e-15  1.01e-14    58    10     0
2531.99  1.53e-14  1.04e-14    58    23     0
2534.65  1.49e-14  1.04e-14    58    22     0
2537.32  2.48e-14  1.06e-14    58    39     0
2539.99  3.36e-14  1.09e-14    58    53     0
2542.66  1.42e-14  9.62e-15    58    23     0
2545.33  1.15e-14  9.64e-15    58    18     0
2548.00  3.95e-14  1.26e-14    58    66     0
2550.67  1.87e-14  9.94e-15    58    30     0
2553.34  6.06e-15  9.29e-15    58    10     0
2556.01  2.96e-14  1.02e-14    58    48     0
2558.67  9.57e-15  9.55e-15    58    15     0
2561.34  1.02e-14  9.08e-15    58    17     0
2564.01  6.08e-15  8.89e-15    58    10     0
2566.68  1.24e-14  8.92e-15    57    22     0
2569.35  1.53e-14  9.04e-15    57    27     0
2572.02  8.62e-15  8.84e-15    57    15     0
2574.69  7.86e-15  8.83e-15    57    14     0
2577.36  4.55e-15  8.99e-15    57     7     0
2580.03  1.97e-14  9.12e-15    57    36     0
2582.69  3.05e-14  9.49e-15    57    55     0
2585.36  4.65e-14  1.06e-14    57    81     0
2588.03  3.08e-14  9.90e-15    57    54     0
2590.70  1.80e-14  9.09e-15    57    32     0
2593.37  2.61e-14  9.30e-15    57    48     0
2596.04  4.71e-14  1.01e-14    57    88     0
2598.71  4.55e-14  9.97e-15    57    86     0
2601.38  3.85e-14  9.94e-15    57    70     0
2604.05  1.88e-14  8.96e-15    57    35     0
2606.71  5.28e-14  9.79e-15    57   107     0
2609.38  4.44e-14  9.22e-15    57    91     0
2612.05  5.98e-14  1.02e-14    57   118     0
2614.72  4.88e-14  9.74e-15    57    97     0
2617.39  2.74e-14  8.72e-15    57    55     0
2620.06  3.98e-14  9.21e-15    57    81     0
2622.73  4.06e-14  9.02e-15    57    83     0
2625.40  6.05e-14  1.02e-14    57   123     0
2628.07  5.46e-14  9.91e-15    57   111     0
2630.73  4.75e-14  9.42e-15    57    98     0
2633.40  3.57e-14  8.82e-15    58    74     0
2636.07  1.56e-14  8.34e-15    58    30     0
2638.74  1.10e-14  8.16e-15    58    21     0
2641.41  7.90e-15  7.53e-15    58    16     0
2644.08  7.75e-15  7.53e-15    58    16     0
2646.75  1.45e-14  7.97e-15    58    30     0
2649.42  7.86e-15  7.75e-15    58    16     0
2652.09  7.91e-15  7.64e-15    58    16     0
2654.75  9.48e-15  7.69e-15    58    19     0
2657.42  3.79e-15  7.78e-15    58     7     0
2660.09  1.05e-14  7.54e-15    58    22     0
2662.76  1.25e-14  7.64e-15    58    26     0
2665.43  1.01e-14  7.58e-15    58    21     0
2668.10  1.49e-14  7.68e-15    58    32     0
2670.77  2.65e-14  7.83e-15    58    58     0
2673.44  5.24e-15  7.11e-15    58    11     0
2676.11  1.24e-14  7.58e-15    58    27     0
2678.77  9.96e-15  7.39e-15    58    21     0
2681.44  6.03e-15  7.12e-15    58    13     0
2684.11  8.07e-15  7.11e-15    58    18     0
2686.78  8.39e-15  7.23e-15    58    18     0
2689.45  1.00e-14  7.23e-15    58    22     0
2692.12  1.58e-14  7.64e-15    58    34     0
2694.79  9.41e-15  7.41e-15    58    20     0
2697.46  1.06e-14  7.73e-15    58    22     0
2700.13  1.19e-14  7.19e-15    58    27     0
2702.79  7.55e-15  7.05e-15    58    17     0
2705.46  1.15e-14  7.43e-15    59    25     0
2708.13  1.09e-14  7.39e-15    59    23     0
2710.80  1.11e-14  7.16e-15    59    25     0
2713.47  1.39e-14  7.25e-15    59    31     0
2716.14  1.20e-14  7.33e-15    59    26     0
2718.81  2.15e-14  7.68e-15    59    48     0
2721.48  1.16e-14  7.28e-15    59    25     0
2724.15  1.77e-14  7.45e-15    59    39     0
2726.81  2.29e-14  7.53e-15    59    52     0
2729.48  2.51e-14  7.47e-15    59    58     0
2732.15  2.41e-14  7.76e-15    59    53     0
2734.82  3.91e-14  8.22e-15    59    88     0
2737.49  2.57e-14  7.58e-15    59    59     0
2740.16  2.45e-14  7.56e-15    59    56     0
2742.83  3.53e-14  7.99e-15    59    81     0
2745.50  3.95e-14  7.99e-15    59    93     0
2748.17  2.74e-14  7.50e-15    60    64     0
2750.83  3.79e-14  8.15e-15    60    87     0
2753.50  2.48e-14  7.59e-15    60    57     0
2756.17  3.27e-14  7.87e-15    60    76     0
2758.84  3.60e-14  7.94e-15    60    83     0
2761.51  1.17e-14  6.93e-15    60    27     0
2764.18  2.03e-14  7.24e-15    60    47     0
2766.85  1.48e-14  7.18e-15    60    33     0
2769.52  1.09e-14  7.05e-15    60    24     0
2772.19  2.75e-15  6.77e-15    60     6     0
2774.85  1.28e-14  7.10e-15    60    28     0
2777.52  1.63e-14  7.15e-15    60    37     0
2780.19  1.11e-14  6.96e-15    60    25     0
2782.86  1.26e-14  7.00e-15    60    29     0
2785.53  1.36e-14  7.10e-15    60    30     0
2788.20  2.79e-14  9.73e-15    60    63     0
2790.87  4.84e-14  1.00e-14    61   113     0
2793.54  2.24e-13  4.28e-14    61   522     0
2796.21  3.32e-13  2.87e-14    61   755     0
2798.87  1.13e-13  1.53e-14    61   256     0
2801.54  2.56e-13  3.60e-14    61   588     0
2804.21  1.79e-13  1.67e-14    61   410     0
2806.88  3.96e-14  8.41e-15    61    87     0
2809.55  1.51e-14  7.26e-15    61    33     0
2812.22  2.33e-14  7.33e-15    61    53     0
2814.89  1.85e-14  7.13e-15    61    42     0
2817.56  1.70e-14  7.13e-15    61    38     0
2820.23  2.19e-14  7.42e-15    61    49     0
2822.90  9.91e-15  6.92e-15    61    22     0
2825.56  1.67e-14  7.49e-15    61    35     0
2828.23  2.17e-14  7.67e-15    61    46     0
2830.90  1.35e-14  7.40e-15    61    28     0
2833.57  1.60e-14  7.55e-15    62    33     0
2836.24  2.39e-14  7.46e-15    62    52     0
2838.91  1.47e-14  7.20e-15    62    32     0
2841.58  2.04e-14  7.06e-15    62    47     0
2844.25  1.41e-14  6.79e-15    62    33     0
2846.92  1.46e-14  7.12e-15    62    32     0
2849.58  3.89e-14  1.08e-14    62    86     0
2852.25  1.83e-14  7.22e-15    62    40     0
2854.92  1.47e-14  7.11e-15    62    32     0
2857.59  4.67e-14  8.68e-15    62   103     0
2860.26  2.53e-14  7.58e-15    62    55     0
2862.93  1.47e-14  1.08e-14    62    32     0
2865.60  8.19e-15  6.76e-15    62    18     0
2868.27  2.04e-14  7.21e-15    62    45     0
2870.94  1.51e-14  7.18e-15    62    32     0
2873.60  2.51e-14  7.71e-15    62    54     0
2876.27  3.51e-14  8.09e-15    62    73     0
2878.94  3.29e-14  8.18e-15    62    68     0
2881.61  3.46e-14  8.07e-15    62    73     0
2884.28  1.31e-14  7.19e-15    62    27     0
2886.95  7.23e-15  6.95e-15    62    15     0
2889.62  1.66e-14  7.30e-15    62    35     0
2892.29  2.92e-14  7.85e-15    62    62     0
2894.96  1.85e-14  7.33e-15    63    39     0
2897.62  1.24e-14  7.22e-15    63    25     0
2900.29  1.53e-14  7.05e-15    63    33     0
2902.96  1.18e-14  6.93e-15    63    25     0
2905.63  1.89e-14  7.94e-15    63    37     0
2908.30  1.50e-14  7.53e-15    63    29     0
2910.97  1.77e-14  7.67e-15    63    35     0
2913.64  1.24e-14  7.51e-15    63    24     0
2916.31  2.21e-14  7.98e-15    63    43     0
2918.98  3.61e-14  1.05e-14    63    69     0
2921.64  3.25e-14  8.61e-15    63    60     0
2924.31  2.78e-14  8.60e-15    63    51     0
2926.98  3.77e-14  9.03e-15    63    69     0
2929.65  3.62e-14  8.96e-15    63    66     0
2932.32  3.22e-14  8.34e-15    63    61     0
2934.99  3.33e-14  8.45e-15    63    63     0
2937.66  1.95e-14  8.59e-15    63    33     0
2940.33  2.40e-14  8.11e-15    63    45     0
2943.00  3.10e-14  8.48e-15    63    58     0
2945.66  2.57e-14  8.62e-15    63    45     0
2948.33  2.46e-14  9.13e-15    63    43     0
2951.00  2.00e-14  9.39e-15    63    35     0
2953.67  3.35e-14  9.81e-15    63    59     0
2956.34  4.49e-14  9.00e-15    62    84     0
2959.01  2.59e-14  8.17e-15    62    48     0
2961.68  8.96e-15  8.23e-15    62    15     0
2964.35  2.16e-14  8.81e-15    62    36     0
2967.02  2.90e-14  8.87e-15    62    50     0
2969.68  2.15e-14  8.64e-15    62    36     0
2972.35  1.69e-14  8.72e-15    62    27     0
2975.02  2.05e-14  9.47e-15    62    31     0
2977.69  1.88e-14  9.48e-15    62    28     0
2980.36  2.98e-14  9.55e-15    62    46     0
2983.03  3.44e-14  9.81e-15    62    53     0
2985.70  2.18e-14  9.52e-15    62    33     0
2988.37  2.85e-14  9.76e-15    62    42     0
2991.04  2.35e-14  9.68e-15    62    34     0
2993.70  2.59e-14  9.80e-15    62    37     0
2996.37  1.98e-14  9.21e-15    62    30     0
2999.04  4.09e-14  1.00e-14    62    62     0
3001.71  2.00e-14  9.76e-15    62    28     0
3004.38  4.43e-14  1.29e-14    61    63     0
3007.05  4.14e-14  1.44e-14    61    63     0
3009.72  2.06e-14  9.61e-15    61    31     0
3012.39  2.15e-14  1.03e-14    61    28     0
3015.06  2.03e-14  1.01e-14    61    27     0
3017.72  3.61e-14  1.63e-14    61    47     0
3020.39  2.77e-14  1.02e-14    61    38     0
3023.06  1.50e-14  9.85e-15    61    20     0
3025.73  2.51e-14  1.07e-14    61    32     0
3028.40  4.38e-14  1.15e-14    61    56     0
3031.07  1.72e-14  1.07e-14    60    21     0
3033.74  3.05e-14  1.14e-14    60    37     0
3036.41  2.83e-14  1.11e-14    60    34     0
3039.08  1.76e-14  1.10e-14    60    21     0
3041.74  5.80e-14  2.02e-14    60    71     0
3044.41  3.17e-14  1.14e-14    60    38     0
3047.08  1.48e-14  1.17e-14    60    16     0
3049.75  2.61e-14  1.22e-14    60    28     0
3052.42  1.75e-14  1.17e-14    59    19     0
3055.09  3.68e-14  1.23e-14    59    40     0
3057.76  3.54e-14  1.25e-14    59    38     0
3060.43  2.71e-14  1.25e-14    59    28     0
3063.10  2.21e-14  1.25e-14    59    23     0
3065.76  2.59e-14  1.26e-14    59    27     0
3068.43  3.73e-14  1.33e-14    59    38     0
3071.10  3.08e-14  1.31e-14    58    31     0
3073.77  3.59e-14  1.35e-14    58    35     0
3076.44  4.10e-14  1.34e-14    58    41     0
3079.11  4.97e-14  1.56e-14    58    49     0
3081.78  4.03e-14  1.42e-14    58    38     0
3084.45  5.03e-14  1.81e-14    58    46     0
3087.12  1.57e-14  1.42e-14    57    13     0
3089.78  3.19e-14  1.52e-14    57    26     0
3092.45  5.14e-14  1.51e-14    57    45     0
3095.12  1.55e-14  1.51e-14    57    12     0
3097.79  5.32e-14  1.79e-14    57    41     0
3100.46  4.89e-14  1.59e-14    56    40     0
3103.13  2.38e-14  1.53e-14    56    19     0
3105.80  3.07e-14  1.56e-14    56    24     0
3108.47  3.08e-14  1.58e-14    56    24     0
3111.14  2.00e-14  1.67e-14    56    14     0
3113.80  3.45e-14  1.74e-14    55    24     0
3116.47  2.78e-14  1.82e-14    55    18     0
3119.14  6.66e-14  2.04e-14    55    43     0
3121.81  3.41e-14  1.77e-14    55    23     0
3124.48  3.86e-14  1.82e-14    55    26     0
3127.15  4.40e-14  1.94e-14    54    27     0
3129.82  3.14e-14  1.93e-14    54    19     0
3132.49  2.29e-14  1.90e-14    54    14     0
3135.16 -4.24e-16  1.77e-14    54     0     0
3137.82  4.53e-14  1.99e-14    53    27     0
3140.49  3.66e-14  2.08e-14    53    20     0
3143.16  4.14e-14  2.14e-14    53    23     0
3145.83  3.13e-14  2.09e-14    53    17     0
3148.50  1.18e-14  2.05e-14    52     6     0
3151.17  1.64e-14  2.11e-14    52     8     0
3153.84  1.49e-14  2.15e-14    52     7     0
3156.51  2.64e-14  2.14e-14    52    13     0
3159.18  2.41e-14  2.17e-14    51    12     0
3161.84  3.64e-14  2.20e-14    51    19     0
3164.51  1.80e-14  2.15e-14    51     9     0
3167.18  1.02e-13  2.56e-14    51    52     0
3169.85  7.34e-14  2.44e-14    50    36     0
3172.52  6.32e-14  2.52e-14    50    29     0
3175.19  3.96e-14  2.58e-14    50    17     0
3177.86  1.38e-14  2.52e-14    50     5     0
3180.53  1.14e-14  2.70e-14    49     4     0
3183.20  3.70e-14  2.87e-14    49    14     0
3185.86  3.33e-14  2.51e-14    49    14     0
3188.53  3.42e-14  2.57e-14    49    14     0
3191.20  5.47e-14  2.84e-14    48    21     0
3193.87  3.33e-14  2.82e-14    48    12     0
3196.54  5.85e-14  3.09e-14    48    21     0
3199.21  5.36e-14  3.41e-14    48    18     0
3201.88  7.44e-14  3.02e-14    47    28     0
3204.55  7.77e-14  3.10e-14    47    28     0
3207.22  4.81e-14  3.32e-14    47    15     0
3209.88  2.82e-14  3.30e-14    47     8     0
3212.55  1.31e-14  3.75e-14    46     3     0
3215.22  2.31e-14  4.00e-14    46     5     0
3217.89  1.15e-14  4.05e-14    46     2     0
3220.56  3.09e-14  3.28e-14    46     9     0
3223.23  6.39e-14  3.71e-14    45    19     0
3225.90  2.67e-14  3.81e-14    45     7     0
3228.57 -1.19e-17  3.80e-14    45     0     0
3231.24  7.80e-14  4.08e-14    45    20     0
3233.90  3.64e-14  3.97e-14    44     9     0
3236.57  2.35e-14  4.50e-14    44     5     0
3239.24  3.08e-14  4.61e-14    44     6     0
3241.91 -1.58e-14  4.90e-14    44    -3     0
3244.58 -1.27e-14  5.02e-14    43    -2     0
3247.25 -8.92e-15  5.93e-14    43    -1     0
3249.92  5.07e-14  6.32e-14    43     8     0
3252.59  1.31e-14  5.01e-14    43     2     0
3255.26  1.76e-15  4.98e-14    42     0     0
3257.92  2.72e-14  5.26e-14    42     5     0
3260.59  2.61e-14  5.86e-14    42     4     0
3263.26  3.43e-14  6.08e-14    42     5     0
3265.93  5.21e-14  7.08e-14    42     7     0
3268.60  1.13e-13  7.49e-14    41    15     0
3271.27  1.06e-13  5.93e-14    41    18     0
3273.94  2.51e-13  8.37e-14    41    42     0
3276.61 -1.08e-14  8.35e-14    41    -1     0
3279.28  1.94e-13  9.29e-14    41    21     0
3281.94  9.56e-14  7.69e-14    40    12     0
3284.61  5.27e-14  7.60e-14    40     6     0
3287.28  4.91e-14  7.00e-14    40     8     0
3289.95  2.47e-14  5.90e-14    40     4     0
3292.62  6.35e-14  6.88e-14    40     9     0
3295.29  1.93e-15  8.47e-14    40     0     0
3297.96  6.12e-14  8.98e-14    39     6     0
3300.63 -1.06e-14  9.76e-14    39    -1     0
3303.30 -2.52e-14  1.01e-13    39    -2     0
3305.96  9.98e-14  2.10e-13    39     5     0
3308.63  1.49e-15  2.11e-13    39     0     0
3311.30  1.69e-13  1.91e-13    39    10     0
3313.97  3.49e-14  1.67e-13    39     2     0
3316.64  1.80e-13  1.65e-13    39    10     0
3319.31  3.21e-13  1.75e-13    38    18     0
3321.98  5.69e-14  1.27e-13    38     4     0
3324.65  7.65e-14  1.33e-13    38     5     0
3327.32  8.22e-14  1.04e-13    38     7     0
3329.98  9.89e-14  1.09e-13    38     8     0
3332.65  6.31e-14  1.77e-13    38     3     0
3335.32 -6.98e-14  1.96e-13    38    -3     0
3337.99 -1.37e-13  2.02e-13    38    -6     0
3340.66  1.97e-13  3.59e-13    38     5     0
3343.33  4.20e-13  3.79e-13    38    10     0
3346.00 -5.44e-14  2.44e-13    38    -2     0
3348.67  1.84e-13  2.58e-13    38     6     0
