NOT ORIGINAL IUE PROJECT DATA PRODUCT
LWR15692LOWLARGE
HD  197481
20:42:05
-31:31:18
48
NO-TRAIL
NO
899.765
09/04/83
22:55:53
99
13.50
12/06/97
GSFC
2445434.45547
122
69
1851.42  1.90e-13  2.82e-13   893    12     0
1854.09 -4.20e-13  2.59e-13   894   -29     0
1856.76 -3.80e-13  2.68e-13   894   -28     0
1859.42 -1.73e-13  2.36e-13   895   -13     0
1862.09 -1.05e-13  2.20e-13   895    -8     0
1864.76  3.15e-14  2.08e-13   895     2     0
1867.43 -4.86e-13  1.94e-13   896   -46     0
1870.10  9.89e-14  1.87e-13   896    10     0
1872.77 -1.51e-13  1.69e-13   897   -16     0
1875.44  8.75e-14  1.62e-13   897    10     0
1878.11  6.11e-15  1.41e-13   897     0     0
1880.78  1.53e-13  1.42e-13   898    21     0
1883.44 -1.03e-13  1.27e-13   898   -15     0
1886.11  1.79e-13  1.34e-13   899    27     0
1888.78 -4.02e-14  1.19e-13   899    -6     0
1891.45 -9.47e-14  1.16e-13   899   -15     0
1894.12  2.65e-13  1.25e-13   900    45     0
1896.79  1.29e-13  1.12e-13   900    23     0
1899.46  1.34e-13  1.09e-13   901    25     0
1902.13  2.09e-13  1.10e-13   901    41     0
1904.80  2.35e-14  9.69e-14   901     4     0
1907.46 -1.51e-13  9.69e-14   902   -30     0
1910.13  8.17e-14  9.76e-14   902    17     0
1912.80  1.18e-14  9.17e-14   903     2     0
1915.47 -1.73e-13  8.80e-14   903   -38     0
1918.14  6.97e-14  8.84e-14   903    16     0
1920.81  1.46e-14  7.97e-14   904     3     0
1923.48 -1.07e-13  7.68e-14   904   -27     0
1926.15 -7.62e-14  8.59e-14   904   -19     0
1928.82 -2.07e-14  8.10e-14   905    -5     0
1931.48 -5.58e-14  7.27e-14   905   -15     0
1934.15 -1.64e-14  7.04e-14   906    -4     0
1936.82  2.08e-13  7.75e-14   906    63     0
1939.49 -6.88e-14  6.45e-14   906   -21     0
1942.16 -9.85e-14  6.37e-14   907   -31     0
1944.83  4.42e-14  6.67e-14   907    14     0
1947.50  1.36e-14  6.07e-14   907     4     0
1950.17 -3.23e-15  7.39e-14   908    -1     0
1952.84  1.47e-14  5.78e-14   908     5     0
1955.50  7.21e-14  6.48e-14   909    26     0
1958.17  7.70e-14  5.90e-14   909    29     0
1960.84 -1.84e-14  5.35e-14   909    -7     0
1963.51  3.85e-14  5.44e-14   910    15     0
1966.18 -9.17e-14  5.14e-14   910   -37     0
1968.85  6.02e-14  5.45e-14   910    25     0
1971.52  6.36e-15  5.76e-14   911     2     0
1974.19  6.74e-14  5.21e-14   911    29     0
1976.86  1.94e-15  4.91e-14   912     0     0
1979.52  2.75e-14  4.75e-14   912    12     0
1982.19  1.23e-14  4.81e-14   912     5     0
1984.86 -8.66e-14  6.18e-14   913   -39     0
1987.53 -7.69e-17  4.57e-14   913     0     0
1990.20  4.37e-15  4.61e-14   913     2     0
1992.87 -1.24e-13  5.73e-14   914   -58     0
1995.54  5.33e-14  4.76e-14   914    25     0
1998.21  8.38e-15  4.64e-14   915     4     0
2000.88  5.11e-14  4.82e-14   915    25     0
2003.54 -8.83e-14  4.28e-14   915   -44     0
2006.21 -1.32e-14  4.37e-14   916    -6     0
2008.88 -2.75e-14  4.36e-14   916   -13     0
2011.55 -1.04e-13  4.30e-14   916   -52     0
2014.22  7.92e-14  4.80e-14   917    40     0
2016.89 -9.19e-15  4.09e-14   917    -4     0
2019.56 -1.98e-14  4.49e-14   917   -10     0
2022.23 -2.18e-14  4.19e-14   918   -11     0
2024.90 -3.08e-14  4.13e-14   918   -16     0
2027.56 -6.83e-14  4.05e-14   919   -37     0
2030.23 -7.12e-14  3.85e-14   919   -41     0
2032.90  4.08e-14  4.04e-14   919    23     0
2035.57  3.70e-14  4.17e-14   920    20     0
2038.24 -1.46e-15  3.99e-14   920     0     0
2040.91  1.19e-14  3.95e-14   920     6     0
2043.58 -3.33e-14  3.93e-14   921   -19     0
2046.25  3.09e-14  4.29e-14   921    17     0
2048.92 -4.48e-14  4.04e-14   921   -25     0
2051.58  7.49e-14  4.46e-14   922    42     0
2054.25  3.85e-14  4.27e-14   922    22     0
2056.92  1.91e-14  4.10e-14   922    11     0
2059.59  6.12e-14  4.16e-14   923    36     0
2062.26 -2.43e-14  3.93e-14   923   -14     0
2064.93 -3.03e-14  3.92e-14   924   -17     0
2067.60  5.81e-14  4.16e-14   924    35     0
2070.27  1.61e-15  3.72e-14   924     1     0
2072.94  6.83e-14  4.10e-14   925    42     0
2075.60 -5.85e-14  4.27e-14   925   -35     0
2078.27  3.37e-14  4.55e-14   925    20     0
2080.94 -3.16e-14  3.81e-14   926   -19     0
2083.61 -4.94e-14  3.78e-14   926   -30     0
2086.28  2.31e-14  3.76e-14   926    14     0
2088.95  2.74e-14  3.82e-14   927    17     0
2091.62 -1.19e-14  4.31e-14   927    -7     0
2094.29 -3.17e-14  3.90e-14   927   -19     0
2096.96  5.84e-14  4.11e-14   928    36     0
2099.62 -1.59e-14  3.82e-14   928   -10     0
2102.29  2.62e-14  4.03e-14   929    15     0
2104.96  4.83e-14  4.15e-14   929    29     0
2107.63 -5.65e-14  3.85e-14   929   -35     0
2110.30 -7.90e-14  3.92e-14   930   -48     0
2112.97 -7.15e-15  4.27e-14   930    -4     0
2115.64 -6.03e-14  3.98e-14   930   -36     0
2118.31 -1.83e-14  3.95e-14   931   -11     0
2120.98  1.19e-15  3.73e-14   931     0     0
2123.65  4.30e-14  4.02e-14   931    27     0
2126.31  4.75e-14  7.25e-14   932    29     0
2128.98  4.34e-14  4.08e-14   932    27     0
2131.65  4.71e-14  4.07e-14   932    30     0
2134.32  4.85e-14  4.05e-14   933    31     0
2136.99  8.86e-15  5.52e-14   933     5     0
2139.66 -4.52e-14  4.04e-14   933   -28     0
2142.33 -3.54e-14  4.84e-14   934   -22     0
2145.00  7.48e-14  4.70e-14   934    48     0
2147.67 -5.97e-14  3.94e-14   934   -37     0
2150.33 -1.09e-13  3.93e-14   935   -68     0
2153.00 -1.82e-14  3.92e-14   935   -11     0
2155.67  3.81e-14  5.98e-14   935    23     0
2158.34 -6.62e-14  4.02e-14   936   -41     0
2161.01  3.36e-14  4.08e-14   936    21     0
2163.68  8.98e-15  3.88e-14   936     5     0
2166.35 -5.44e-14  3.96e-14   937   -34     0
2169.02  4.05e-14  4.11e-14   937    25     0
2171.69  2.67e-14  4.02e-14   937    17     0
2174.35  1.63e-14  4.00e-14   938    10     0
2177.02 -2.21e-14  4.12e-14   938   -13     0
2179.69 -6.47e-14  4.11e-14   938   -39     0
2182.36  1.23e-14  3.91e-14   939     7     0
2185.03  1.51e-14  3.99e-14   939     9     0
2187.70  8.84e-16  3.94e-14   939     0     0
2190.37  3.82e-14  5.47e-14   940    25     0
2193.04 -4.72e-14  4.37e-14   940   -31     0
2195.71  1.38e-14  4.58e-14   940     8     0
2198.37 -3.04e-14  3.89e-14   941   -20     0
2201.04 -1.20e-14  5.62e-14   941    -8     0
2203.71  3.96e-14  4.28e-14   941    27     0
2206.38  1.32e-13  4.63e-14   942    90     0
2209.05  2.19e-15  6.38e-14   942     1     0
2211.72  6.16e-14  4.06e-14   942    42     0
2214.39 -3.54e-14  3.77e-14   943   -24     0
2217.06  1.08e-14  3.94e-14   943     7     0
2219.73 -9.28e-14  3.93e-14   943   -61     0
2222.39 -6.71e-14  3.97e-14   944   -44     0
2225.06 -3.19e-14  3.87e-14   944   -21     0
2227.73  7.36e-14  7.58e-14   944    50     0
2230.40  1.63e-14  4.14e-14   945    11     0
2233.07  2.26e-14  3.94e-14   945    15     0
2235.74 -3.40e-14  3.72e-14   945   -24     0
2238.41 -4.35e-14  4.04e-14   946   -31     0
2241.08 -3.39e-14  3.68e-14   946   -24     0
2243.75 -4.91e-14  3.64e-14   946   -35     0
2246.41 -6.25e-14  3.55e-14   946   -47     0
2249.08  1.86e-14  3.58e-14   947    14     0
2251.75  5.45e-14  4.10e-14   947    41     0
2254.42  4.21e-14  3.71e-14   947    32     0
2257.09 -3.97e-15  3.42e-14   948    -3     0
2259.76  2.37e-14  3.54e-14   948    18     0
2262.43 -9.03e-15  5.87e-14   948    -7     0
2265.10 -2.90e-14  4.03e-14   949   -23     0
2267.77  1.70e-14  5.35e-14   949    13     0
2270.43 -2.74e-14  3.23e-14   949   -22     0
2273.10 -5.23e-15  3.27e-14   950    -4     0
2275.77 -4.14e-14  3.22e-14   950   -34     0
2278.44  5.42e-14  3.79e-14   950    46     0
2281.11 -1.46e-14  3.28e-14   950   -12     0
2283.78  4.94e-14  3.48e-14   951    41     0
2286.45  2.85e-14  3.34e-14   951    26     0
2289.12  5.83e-14  3.28e-14   951    54     0
2291.79 -3.53e-14  3.65e-14   952   -31     0
2294.45  9.58e-15  3.31e-14   952     8     0
2297.12  2.29e-14  3.22e-14   952    20     0
2299.79  1.48e-14  3.17e-14   952    13     0
2302.46 -8.58e-16  2.95e-14   953     0     0
2305.13 -6.74e-14  3.31e-14   953   -61     0
2307.80  2.07e-14  4.28e-14   953    19     0
2310.47 -3.66e-14  2.82e-14   954   -35     0
2313.14 -1.59e-14  2.86e-14   954   -15     0
2315.81  6.80e-14  3.24e-14   954    66     0
2318.47  1.95e-14  2.85e-14   954    19     0
2321.14 -1.88e-14  2.69e-14   955   -19     0
2323.81  5.41e-15  3.17e-14   955     5     0
2326.48  1.88e-14  2.88e-14   955    20     0
2329.15 -3.39e-15  3.18e-14   956    -3     0
2331.82  2.56e-14  2.59e-14   956    29     0
2334.49  3.79e-14  2.84e-14   956    43     0
2337.16  4.59e-14  2.67e-14   956    54     0
2339.83  2.55e-15  2.55e-14   957     3     0
2342.49 -1.03e-14  3.54e-14   957   -12     0
2345.16  6.45e-14  2.67e-14   957    80     0
2347.83  1.06e-13  2.93e-14   957   133     0
2350.50 -1.66e-14  3.14e-14   958   -20     0
2353.17  3.17e-14  2.44e-14   958    40     0
2355.84  3.06e-14  2.38e-14   958    39     0
2358.51 -1.77e-15  2.17e-14   958    -2     0
2361.18  9.29e-14  2.85e-14   959   120     0
2363.85 -2.29e-14  2.16e-14   959   -29     0
2366.51 -7.86e-15  2.20e-14   959   -10     0
2369.18  1.06e-14  3.33e-14   959    13     0
2371.85  4.56e-14  4.11e-14   960    60     0
2374.52  2.81e-14  3.13e-14   960    37     0
2377.19  3.30e-16  2.08e-14   960     0     0
2379.86  6.07e-14  2.63e-14   960    83     0
2382.53  3.56e-14  2.35e-14   961    48     0
2385.20  2.50e-14  2.47e-14   961    33     0
2387.87 -1.48e-14  2.08e-14   961   -20     0
2390.53 -3.87e-14  2.05e-14   961   -53     0
2393.20  7.13e-14  4.31e-14   962   100     0
2395.87 -2.86e-14  1.92e-14   962   -42     0
2398.54  1.83e-14  2.01e-14   962    27     0
2401.21  1.95e-14  2.12e-14   962    28     0
2403.88  4.89e-14  2.34e-14   963    73     0
2406.55  1.09e-14  2.05e-14   963    16     0
2409.22  2.43e-14  2.05e-14   963    36     0
2411.89  8.03e-14  2.29e-14   963   125     0
2414.55  1.18e-14  2.08e-14   964    18     0
2417.22  1.29e-14  1.96e-14   964    19     0
2419.89  8.55e-15  1.91e-14   964    13     0
2422.56 -2.18e-14  1.88e-14   964   -34     0
2425.23 -1.88e-14  1.77e-14   964   -30     0
2427.90  7.80e-15  1.77e-14   965    12     0
2430.57  1.67e-14  2.54e-14   965    27     0
2433.24  4.36e-14  2.01e-14   965    74     0
2435.91 -5.41e-14  1.78e-14   965   -89     0
2438.57  6.96e-14  2.30e-14   966   117     0
2441.24 -8.52e-15  1.61e-14   966   -15     0
2443.91 -3.28e-14  1.59e-14   966   -59     0
2446.58  4.01e-15  1.61e-14   966     7     0
2449.25 -6.69e-15  1.55e-14   966   -12     0
2451.92  3.11e-14  1.71e-14   967    59     0
2454.59 -1.36e-14  1.88e-14   967   -26     0
2457.26  3.97e-14  2.13e-14   967    77     0
2459.93  6.93e-14  2.03e-14   967   136     0
2462.59 -4.69e-15  1.44e-14   968    -9     0
2465.26  3.29e-14  1.92e-14   968    66     0
2467.93  6.16e-14  2.06e-14   968   125     0
2470.60 -4.86e-15  1.50e-14   968    -9     0
2473.27 -2.03e-14  1.45e-14   968   -41     0
2475.94  2.40e-14  1.60e-14   969    49     0
2478.61  1.20e-14  1.51e-14   969    24     0
2481.28  2.86e-14  1.64e-14   969    58     0
2483.95  1.79e-14  1.53e-14   969    36     0
2486.61  5.22e-15  1.92e-14   969    11     0
2489.28 -1.93e-14  1.38e-14   970   -41     0
2491.95 -5.40e-16  1.50e-14   970    -1     0
2494.62  2.45e-15  1.51e-14   970     4     0
2497.29  7.31e-16  1.43e-14   970     1     0
2499.96 -6.20e-15  1.42e-14   970   -12     0
2502.63 -1.53e-15  2.23e-14   971    -3     0
2505.30  7.38e-15  1.45e-14   971    15     0
2507.97  2.90e-14  1.62e-14   971    61     0
2510.63  2.20e-14  2.32e-14   971    48     0
2513.30 -9.12e-15  2.05e-14   971   -20     0
2515.97  2.35e-14  1.59e-14   972    50     0
2518.64 -8.65e-15  1.39e-14   972   -18     0
2521.31  1.12e-14  1.40e-14   972    24     0
2523.98  1.35e-14  1.42e-14   972    30     0
2526.65  2.14e-14  1.55e-14   972    49     0
2529.32  1.10e-14  1.37e-14   973    25     0
2531.99  1.24e-14  1.39e-14   973    28     0
2534.65 -1.23e-14  1.29e-14   973   -28     0
2537.32  3.03e-14  1.51e-14   973    70     0
2539.99  3.86e-14  1.56e-14   973    90     0
2542.66 -1.11e-14  1.21e-14   973   -27     0
2545.33  1.27e-14  1.28e-14   974    30     0
2548.00  3.82e-14  1.51e-14   974    94     0
2550.67  5.81e-15  1.39e-14   974    14     0
2553.34 -1.34e-14  1.18e-14   974   -33     0
2556.01  1.41e-14  1.29e-14   974    35     0
2558.67  1.07e-14  1.26e-14   975    26     0
2561.34  1.12e-14  1.21e-14   975    29     0
2564.01  3.77e-15  1.13e-14   975    10     0
2566.68 -7.64e-15  1.11e-14   975   -20     0
2569.35  2.37e-15  1.11e-14   975     6     0
2572.02  1.95e-14  1.23e-14   975    52     0
2574.69  7.97e-15  1.16e-14   976    21     0
2577.36  6.84e-15  1.21e-14   976    17     0
2580.03  1.54e-14  1.23e-14   976    41     0
2582.69  3.24e-14  1.33e-14   976    87     0
2585.36  2.38e-14  1.32e-14   976    62     0
2588.03  8.34e-15  1.17e-14   977    22     0
2590.70  1.82e-14  1.22e-14   977    49     0
2593.37  3.08e-14  1.31e-14   977    84     0
2596.04  5.41e-14  1.48e-14   977   151     0
2598.71  1.49e-14  1.16e-14   977    42     0
2601.38  2.70e-14  1.86e-14   977    74     0
2604.05  3.49e-14  1.33e-14   978    97     0
2606.71  5.58e-14  1.43e-14   978   167     0
2609.38  4.89e-14  1.34e-14   978   148     0
2612.05  3.49e-14  1.25e-14   978   103     0
2614.72  4.65e-14  1.35e-14   978   138     0
2617.39  2.44e-14  1.17e-14   978    73     0
2620.06  5.17e-14  1.30e-14   979   158     0
2622.73  4.40e-14  1.29e-14   979   135     0
2625.40  3.53e-14  1.43e-14   979   108     0
2628.07  4.24e-14  1.25e-14   979   130     0
2630.73  2.82e-14  1.17e-14   979    88     0
2633.40  1.59e-14  1.02e-14   980    49     0
2636.07 -6.31e-15  9.95e-15   980   -19     0
2638.74  1.66e-14  1.09e-14   980    50     0
2641.41  8.50e-16  1.01e-14   980     2     0
2644.08  2.00e-14  1.07e-14   980    63     0
2646.75  2.26e-14  1.12e-14   980    70     0
2649.42  2.18e-14  1.11e-14   981    68     0
2652.09  2.17e-15  9.64e-15   981     6     0
2654.75 -4.93e-16  9.57e-15   981    -1     0
2657.42  3.22e-15  1.00e-14   981     9     0
2660.09  1.10e-14  1.02e-14   981    35     0
2662.76  1.57e-14  1.06e-14   982    50     0
2665.43 -6.24e-15  9.42e-15   982   -19     0
2668.10  9.40e-15  1.00e-14   982    30     0
2670.77  2.46e-14  1.06e-14   982    80     0
2673.44  1.01e-14  9.78e-15   982    33     0
2676.11  1.38e-14  1.10e-14   982    44     0
2678.77  6.46e-15  9.60e-15   983    21     0
2681.44  8.06e-15  9.44e-15   983    26     0
2684.11 -1.78e-15  8.88e-15   983    -6     0
2686.78  3.16e-15  8.99e-15   983    10     0
2689.45  1.03e-14  9.48e-15   983    34     0
2692.12  1.26e-14  9.84e-15   984    41     0
2694.79  1.97e-15  9.07e-15   984     6     0
2697.46  4.96e-15  9.52e-15   984    15     0
2700.13  1.50e-14  9.70e-15   984    51     0
2702.79  5.04e-15  9.18e-15   984    17     0
2705.46  2.24e-14  1.08e-14   985    74     0
2708.13  1.16e-15  9.10e-15   985     3     0
2710.80  6.83e-15  9.20e-15   985    23     0
2713.47  1.05e-14  1.31e-14   985    35     0
2716.14  8.41e-15  9.49e-15   985    28     0
2718.81  1.49e-14  9.85e-15   986    50     0
2721.48  1.45e-15  8.94e-15   986     4     0
2724.15 -1.17e-14  8.84e-15   986   -39     0
2726.81  1.35e-14  1.04e-14   986    46     0
2729.48  1.29e-14  9.77e-15   986    44     0
2732.15  1.07e-14  9.52e-15   987    36     0
2734.82  1.92e-14  1.01e-14   987    65     0
2737.49  2.73e-14  1.02e-14   987    95     0
2740.16  1.29e-14  9.26e-15   987    44     0
2742.83  3.27e-14  1.14e-14   988   113     0
2745.50  4.03e-14  1.13e-14   988   143     0
2748.17  2.06e-14  9.94e-15   988    73     0
2750.83  1.88e-14  9.88e-15   988    65     0
2753.50  2.64e-14  1.05e-14   988    91     0
2756.17  2.32e-14  9.69e-15   989    80     0
2758.84  5.57e-14  1.23e-14   989   194     0
2761.51  1.01e-14  9.04e-15   989    35     0
2764.18  1.05e-14  9.14e-15   989    36     0
2766.85  8.94e-15  1.17e-14   990    30     0
2769.52  8.48e-16  8.67e-15   990     2     0
2772.19  2.21e-14  1.02e-14   990    75     0
2774.85 -3.01e-15  8.71e-15   990   -10     0
2777.52  1.85e-14  9.82e-15   991    63     0
2780.19  1.20e-14  9.36e-15   991    41     0
2782.86  8.71e-15  8.96e-15   991    30     0
2785.53 -5.15e-16  8.99e-15   991    -1     0
2788.20  5.27e-14  1.49e-14   992   179     0
2790.87  1.77e-13  2.20e-14   992   614     0
2793.54  1.14e-13  5.00e-14   992   394   -64
2796.21  2.13e-13  2.31e-14   992   727     0
2798.87  1.58e-13  3.14e-14   993   536 -1280
2801.54  1.80e-13  1.96e-14   993   615     0
2804.21  5.54e-14  1.22e-14   993   189     0
2806.88 -1.07e-14  8.87e-15   993   -35     0
2809.55  8.88e-15  9.48e-15   994    29     0
2812.22  1.36e-14  9.52e-15   994    46     0
2814.89  2.27e-14  1.02e-14   994    77     0
2817.56  6.63e-15  9.11e-15   995    22     0
2820.23  4.82e-15  9.07e-15   995    16     0
2822.90  9.59e-16  8.79e-15   995     3     0
2825.56  1.24e-14  9.88e-15   995    40     0
2828.23 -1.40e-15  9.07e-15   996    -4     0
2830.90 -6.18e-15  9.15e-15   996   -19     0
2833.57  2.94e-14  1.12e-14   996    94     0
2836.24  3.71e-14  1.15e-14   997   122     0
2838.91  1.92e-14  1.02e-14   997    63     0
2841.58  4.13e-14  1.10e-14   997   141     0
2844.25  1.55e-14  9.67e-15   998    53     0
2846.92  8.97e-15  9.85e-15   998    29     0
2849.58  2.42e-14  1.06e-14   998    79     0
2852.25  1.97e-14  1.08e-14   999    64     0
2854.92  8.66e-15  1.01e-14   999    28     0
2857.59  2.21e-14  1.03e-14   999    72     0
2860.26  1.07e-14  9.99e-15  1000    34     0
2862.93  1.57e-14  1.10e-14  1000    51     0
2865.60  1.42e-16  8.80e-15  1000     0     0
2868.27  7.47e-15  9.34e-15  1001    24     0
2870.94  1.57e-14  1.01e-14  1001    50     0
2873.60  1.39e-14  9.84e-15  1001    44     0
2876.27  2.62e-14  1.06e-14  1002    82     0
2878.94  3.77e-14  1.17e-14  1002   118     0
2881.61  2.80e-14  1.11e-14  1003    89     0
2884.28  8.81e-15  9.85e-15  1003    28     0
2886.95 -2.92e-15  9.12e-15  1003    -9     0
2889.62  4.96e-15  9.28e-15  1004    15     0
2892.29  4.66e-15  9.37e-15  1004    14     0
2894.96  1.49e-14  1.00e-14  1004    47     0
2897.62  1.34e-15  9.26e-15  1005     4     0
2900.29  3.58e-14  1.11e-14  1005   115     0
2902.96  1.27e-14  9.72e-15  1006    40     0
2905.63  1.32e-15  9.61e-15  1006     3     0
2908.30  9.38e-15  1.14e-14  1007    27     0
2910.97  1.47e-14  1.08e-14  1007    44     0
2913.64  1.25e-14  1.04e-14  1007    37     0
2916.31  1.97e-14  1.10e-14  1008    57     0
2918.98  3.90e-14  1.20e-14  1008   112     0
2921.64  1.39e-14  1.08e-14  1009    39     0
2924.31  2.43e-14  1.18e-14  1009    67     0
2926.98  2.02e-14  1.17e-14  1010    56     0
2929.65  2.13e-14  1.19e-14  1010    58     0
2932.32  8.90e-15  1.07e-14  1011    25     0
2934.99  7.50e-15  1.05e-14  1011    21     0
2937.66  2.67e-14  1.30e-14  1011    70     0
2940.33  3.71e-14  1.27e-14  1012   103     0
2943.00  3.38e-14  1.25e-14  1012    94     0
2945.66  1.32e-14  1.92e-14  1013    35     0
2948.33  2.62e-14  1.30e-14  1013    70     0
2951.00  2.27e-14  1.52e-14  1014    60     0
2953.67  1.98e-14  1.22e-14  1014    52     0
2956.34  2.99e-14  1.25e-14  1015    82     0
2959.01  1.45e-14  1.10e-14  1015    39     0
2961.68 -2.21e-15  1.13e-14  1016    -5     0
2964.35  8.13e-15  1.17e-14  1016    20     0
2967.02  1.71e-14  1.20e-14  1017    44     0
2969.68  1.64e-14  1.21e-14  1018    41     0
2972.35  2.81e-14  1.33e-14  1018    68     0
2975.02  7.82e-15  1.25e-14  1019    18     0
2977.69  2.15e-14  1.37e-14  1019    49     0
2980.36  2.44e-14  1.34e-14  1020    57     0
2983.03  2.33e-14  1.34e-14  1020    53     0
2985.70  1.01e-15  1.23e-14  1021     2     0
2988.37  1.43e-14  1.34e-14  1021    32     0
2991.04  1.43e-14  1.35e-14  1022    31     0
2993.70  2.30e-14  1.41e-14  1023    50     0
2996.37  1.91e-14  1.32e-14  1023    43     0
2999.04  4.06e-14  1.51e-14  1024    91     0
3001.71  2.39e-14  1.43e-14  1024    51     0
3004.38  9.14e-14  1.83e-14  1025   196     0
3007.05  2.12e-14  1.38e-14  1026    47     0
3009.72  1.76e-15  1.39e-14  1026     3     0
3012.39  1.13e-14  1.43e-14  1027    23     0
3015.06  1.95e-14  1.48e-14  1028    39     0
3017.72  1.57e-14  1.46e-14  1028    31     0
3020.39  1.18e-14  1.46e-14  1029    24     0
3023.06 -1.40e-15  1.57e-14  1030    -2     0
3025.73  1.89e-14  1.52e-14  1030    36     0
3028.40  3.11e-14  1.64e-14  1031    59     0
3031.07  3.01e-14  1.64e-14  1032    56     0
3033.74  7.02e-15  1.53e-14  1032    12     0
3036.41  2.39e-14  1.61e-14  1033    44     0
3039.08  1.42e-14  1.58e-14  1034    25     0
3041.74  1.92e-14  1.76e-14  1034    35     0
3044.41  1.66e-14  1.59e-14  1035    30     0
3047.08 -3.84e-15  1.59e-14  1036    -6     0
3049.75  3.49e-15  1.61e-14  1036     5     0
3052.42  3.71e-14  1.83e-14  1037    62     0
3055.09  2.43e-14  1.73e-14  1038    40     0
3057.76  1.92e-14  1.75e-14  1039    31     0
3060.43  3.51e-14  1.87e-14  1039    56     0
3063.10  7.36e-15  1.75e-14  1040    11     0
3065.76 -1.80e-15  1.71e-14  1041    -2     0
3068.43  2.17e-14  2.06e-14  1042    33     0
3071.10  7.65e-14  2.69e-14  1042   115     0
3073.77  1.46e-14  1.87e-14  1043    21     0
3076.44  2.95e-14  1.96e-14  1044    44     0
3079.11  2.68e-14  1.96e-14  1045    39     0
3081.78  5.33e-14  2.32e-14  1046    75     0
3084.45  3.00e-14  2.14e-14  1046    41     0
3087.12  3.69e-14  2.36e-14  1047    48     0
3089.78  3.07e-14  2.23e-14  1048    39     0
3092.45  8.01e-14  2.44e-14  1049   106     0
3095.12 -1.73e-14  3.75e-14  1050   -21     0
3097.79  7.60e-15  2.24e-14  1051     9     0
3100.46  3.17e-14  2.29e-14  1051    39     0
3103.13  1.72e-14  2.26e-14  1052    20     0
3105.80  3.14e-14  2.79e-14  1053    37     0
3108.47  2.91e-14  2.47e-14  1054    34     0
3111.14  2.92e-14  3.16e-14  1055    32     0
3113.80  2.39e-14  2.55e-14  1056    25     0
3116.47 -1.68e-15  2.56e-14  1057    -1     0
3119.14  4.44e-14  3.17e-14  1058    44     0
3121.81  1.01e-13  3.09e-14  1059   105     0
3124.48 -2.55e-15  2.54e-14  1060    -2     0
3127.15  1.78e-14  4.01e-14  1060    17     0
3129.82  2.45e-14  2.85e-14  1061    23     0
3132.49  2.97e-14  3.12e-14  1062    27     0
3135.16 -2.57e-14  2.80e-14  1063   -24     0
3137.82  5.05e-15  3.11e-14  1064     4     0
3140.49  9.65e-15  2.99e-14  1065     8     0
3143.16  2.59e-14  3.13e-14  1066    22     0
3145.83  1.08e-13  3.57e-14  1067    91     0
3148.50  4.44e-14  3.29e-14  1068    36     0
3151.17  4.01e-14  4.94e-14  1069    32     0
3153.84  5.38e-15  3.23e-14  1070     4     0
3156.51  1.94e-14  3.25e-14  1071    15     0
3159.18  3.75e-14  3.49e-14  1072    28     0
3161.84  9.09e-14  4.55e-14  1073    70     0
3164.51 -5.74e-15  3.69e-14  1074    -4     0
3167.18 -7.61e-15  3.31e-14  1075    -5     0
3169.85  1.98e-14  4.46e-14  1076    14     0
3172.52 -3.76e-14  3.56e-14  1077   -26     0
3175.19 -1.29e-14  3.86e-14  1078    -8     0
3177.86  3.93e-14  4.10e-14  1079    25     0
3180.53 -4.45e-14  4.17e-14  1080   -27     0
3183.20  5.85e-14  5.06e-14  1082    34     0
3185.86  3.57e-14  4.02e-14  1083    23     0
3188.53  1.02e-13  4.50e-14  1084    64     0
3191.20  1.69e-13  5.22e-14  1085   100     0
3193.87  7.53e-14  5.38e-14  1086    43     0
3196.54 -8.68e-15  5.42e-14  1087    -4     0
3199.21 -3.92e-14  4.73e-14  1088   -20     0
3201.88  5.82e-14  4.73e-14  1089    32     0
3204.55 -2.27e-14  4.58e-14  1090   -12     0
3207.22 -9.04e-15  5.20e-14  1092    -4     0
3209.88 -2.80e-14  5.36e-14  1093   -13     0
3212.55  1.06e-13  7.04e-14  1094    44     0
3215.22  7.58e-14  6.67e-14  1095    30     0
3217.89  3.05e-14  7.57e-14  1096    11     0
3220.56 -3.05e-14  5.26e-14  1097   -14     0
3223.23  1.13e-13  8.38e-14  1099    51     0
3225.90  1.40e-13  6.58e-14  1100    57     0
3228.57  1.87e-14  6.18e-14  1101     7     0
3231.24  1.06e-13  6.81e-14  1102    41     0
3233.90 -1.61e-14  6.25e-14  1103    -6     0
3236.57  1.02e-13  7.35e-14  1105    35     0
3239.24 -1.63e-13  7.12e-14  1106   -55     0
3241.91  9.53e-14  8.03e-14  1107    30     0
3244.58  2.07e-14  7.86e-14  1108     6     0
3247.25 -2.69e-14  8.77e-14  1110    -7     0
3249.92 -4.92e-16  9.22e-14  1111     0     0
3252.59  9.05e-14  8.30e-14  1112    27     0
3255.26  2.61e-13  1.31e-13  1113    77     0
3257.92  1.41e-13  8.97e-14  1115    40     0
3260.59  1.17e-13  9.56e-14  1116    30     0
3263.26 -3.13e-14  9.35e-14  1117    -7     0
3265.93  5.62e-14  1.05e-13  1119    12     0
3268.60 -4.09e-14  1.06e-13  1120    -9     0
3271.27  1.89e-14  9.14e-14  1121     4     0
3273.94 -1.11e-13  1.07e-13  1123   -27     0
3276.61 -1.93e-13  1.20e-13  1124   -37     0
3279.28  1.39e-13  1.72e-13  1125    26     0
3281.94  2.76e-13  1.24e-13  1127    57     0
3284.61  3.96e-14  1.15e-13  1128     8     0
3287.28 -3.53e-14  9.42e-14  1129    -8     0
3289.95 -1.69e-13  9.80e-14  1131   -40     0
3292.62  7.15e-14  1.10e-13  1132    15     0
3295.29  9.81e-14  1.32e-13  1133    17     0
3297.96  1.37e-13  1.38e-13  1135    23     0
3300.63  1.10e-13  1.68e-13  1136    17     0
3303.30 -2.87e-13  1.50e-13  1137   -43     0
3305.96 -1.79e-13  2.39e-13  1139   -19     0
3308.63 -1.13e-13  2.42e-13  1140   -12     0
3311.30 -2.36e-13  4.72e-13  1142   -26 -4096
3313.97  2.52e-14  2.22e-13  1143     2     0
3316.64  2.42e-13  2.21e-13  1144    25     0
3319.31 -1.92e-13  2.17e-13  1146   -19     0
3321.98  9.19e-14  1.82e-13  1147    11     0
3324.65  4.87e-14  1.85e-13  1149     5     0
3327.32 -2.73e-13  1.66e-13  1150   -38     0
3329.98  1.91e-13  1.73e-13  1152    25     0
3332.65  9.53e-14  2.40e-13  1153     8     0
3335.32  4.40e-14  2.53e-13  1155     3     0
3337.99  4.09e-13  3.16e-13  1156    34     0
3340.66  8.25e-13  4.00e-13  1157    49     0
3343.33  8.41e-13  4.15e-13  1159    49     0
3346.00  5.64e-13  3.32e-13  1160    40     0
3348.67  1.99e-13  3.19e-13  1162    13     0
