NOT ORIGINAL IUE PROJECT DATA PRODUCT
LWR16887LOWLARGE
HD  197481
20:42:05
-31:31:18
48
NO-TRAIL
NO
899.765
28/09/83
09:24:40
271
14.85
08/06/97
GSFC
2445605.89213
0
54
1851.42  3.53e-13  2.24e-13   554    23     0
1854.09 -8.83e-14  2.21e-13   554    -6     0
1856.76  1.95e-14  1.87e-13   554     1     0
1859.42  8.46e-14  1.80e-13   554     6     0
1862.09  3.57e-14  1.68e-13   555     2     0
1864.76  6.62e-14  1.69e-13   555     5     0
1867.43  4.26e-14  1.47e-13   555     3     0
1870.10  1.93e-13  1.47e-13   555    19     0
1872.77 -1.34e-13  1.27e-13   556   -14     0
1875.44 -9.08e-14  1.43e-13   556   -10     0
1878.11 -1.34e-14  1.27e-13   556    -1     0
1880.78  2.87e-14  1.02e-13   556     3     0
1883.44 -7.62e-14  9.59e-14   557   -11     0
1886.11  7.04e-14  9.96e-14   557    10     0
1888.78 -7.46e-14  8.91e-14   557   -11     0
1891.45 -1.15e-14  8.64e-14   558    -1     0
1894.12  4.92e-14  8.46e-14   558     8     0
1896.79 -2.01e-14  7.91e-14   558    -3     0
1899.46  1.27e-13  8.31e-14   559    23     0
1902.13  1.22e-13  8.01e-14   559    23     0
1904.80 -1.78e-14  7.32e-14   559    -3     0
1907.46  2.56e-14  7.35e-14   560     5     0
1910.13  7.75e-14  7.40e-14   560    15     0
1912.80 -6.08e-14  6.83e-14   560   -12     0
1915.47  1.25e-14  6.59e-14   561     2     0
1918.14 -2.94e-15  6.39e-14   561     0     0
1920.81  3.43e-14  6.20e-14   561     8     0
1923.48  1.04e-13  6.40e-14   562    25     0
1926.15  1.66e-13  7.18e-14   562    41     0
1928.82 -3.24e-14  5.68e-14   563    -8     0
1931.48 -6.36e-14  6.19e-14   563   -17     0
1934.15 -9.05e-14  5.29e-14   563   -25     0
1936.82  8.15e-14  5.42e-14   564    24     0
1939.49 -6.56e-14  4.85e-14   564   -20     0
1942.16  2.04e-14  4.88e-14   564     6     0
1944.83 -1.16e-16  6.12e-14   565     0     0
1947.50 -1.27e-15  4.54e-14   565     0     0
1950.17 -3.64e-14  4.42e-14   566   -12     0
1952.84 -7.53e-14  4.32e-14   566   -26     0
1955.50  7.97e-14  4.76e-14   567    28     0
1958.17 -5.37e-15  4.13e-14   567    -1     0
1960.84  4.02e-14  4.25e-14   567    15     0
1963.51 -6.17e-14  3.95e-14   568   -23     0
1966.18 -2.14e-14  4.01e-14   568    -8     0
1968.85  6.61e-14  4.46e-14   569    26     0
1971.52 -4.77e-14  3.71e-14   569   -19     0
1974.19 -5.61e-14  3.71e-14   570   -23     0
1976.86  2.75e-15  4.44e-14   570     1     0
1979.52  3.82e-14  3.70e-14   570    16     0
1982.19 -8.18e-14  3.53e-14   571   -36     0
1984.86  1.29e-14  3.55e-14   571     5     0
1987.53  4.41e-14  3.66e-14   572    20     0
1990.20 -4.89e-14  3.45e-14   572   -22     0
1992.87 -8.63e-14  3.43e-14   573   -39     0
1995.54  3.03e-14  3.61e-14   573    14     0
1998.21 -5.34e-14  4.08e-14   574   -25     0
2000.88  2.35e-14  3.74e-14   574    11     0
2003.54 -8.08e-14  3.26e-14   574   -39     0
2006.21 -9.68e-15  3.32e-14   575    -4     0
2008.88 -1.02e-14  3.31e-14   575    -4     0
2011.55 -6.49e-14  3.27e-14   576   -32     0
2014.22 -2.24e-14  3.25e-14   576   -11     0
2016.89  1.06e-15  3.14e-14   577     0     0
2019.56  4.91e-15  3.11e-14   577     2     0
2022.23  8.40e-15  3.17e-14   578     4     0
2024.90  7.18e-14  3.78e-14   578    37     0
2027.56 -1.81e-14  4.27e-14   578    -9     0
2030.23  1.28e-14  3.00e-14   579     7     0
2032.90  5.14e-14  5.04e-14   579    28     0
2035.57 -7.46e-15  3.05e-14   580    -4     0
2038.24 -4.16e-14  3.03e-14   580   -22     0
2040.91 -1.47e-14  3.27e-14   581    -8     0
2043.58 -1.13e-14  3.00e-14   581    -6     0
2046.25 -1.09e-14  3.52e-14   582    -5     0
2048.92 -2.03e-14  3.14e-14   582   -11     0
2051.58  7.97e-14  3.86e-14   582    44     0
2054.25  6.64e-14  4.48e-14   583    37     0
2056.92 -4.24e-14  2.96e-14   583   -24     0
2059.59  4.34e-14  4.02e-14   584    25     0
2062.26  2.63e-15  3.97e-14   584     1     0
2064.93 -5.72e-14  3.64e-14   585   -33     0
2067.60  1.69e-14  5.05e-14   585     9     0
2070.27 -2.38e-14  2.86e-14   586   -14     0
2072.94  6.89e-14  3.14e-14   586    42     0
2075.60 -5.18e-14  2.88e-14   586   -31     0
2078.27  2.56e-14  3.35e-14   587    15     0
2080.94  1.63e-14  5.38e-14   587     9     0
2083.61 -3.57e-14  2.90e-14   588   -21     0
2086.28  7.32e-14  3.18e-14   588    45     0
2088.95  4.88e-14  3.15e-14   588    30     0
2091.62 -1.86e-14  5.02e-14   589   -11     0
2094.29 -5.48e-15  2.99e-14   589    -3     0
2096.96  3.21e-15  2.91e-14   590     1     0
2099.62 -4.10e-14  3.98e-14   590   -24     0
2102.29  2.19e-14  3.32e-14   591    13     0
2104.96  2.37e-14  3.11e-14   591    14     0
2107.63 -8.32e-14  4.16e-14   591   -50     0
2110.30 -2.86e-14  5.30e-14   592   -17     0
2112.97 -1.53e-14  2.98e-14   592    -9     0
2115.64 -2.71e-15  3.03e-14   593    -1     0
2118.31 -3.17e-14  3.27e-14   593   -19     0
2120.98  3.87e-14  3.25e-14   593    24     0
2123.65  3.71e-14  3.84e-14   594    23     0
2126.31  2.93e-14  5.30e-14   594    18     0
2128.98  6.36e-14  4.20e-14   595    39     0
2131.65  2.94e-14  4.63e-14   595    18     0
2134.32  2.64e-14  3.52e-14   595    16     0
2136.99  2.91e-14  3.36e-14   596    17     0
2139.66  1.82e-14  3.21e-14   596    11     0
2142.33 -2.02e-14  3.22e-14   596   -12     0
2145.00  1.11e-14  4.41e-14   597     6     0
2147.67 -1.30e-14  3.03e-14   597    -8     0
2150.33 -2.12e-14  3.03e-14   598   -13     0
2153.00  2.26e-14  3.21e-14   598    14     0
2155.67 -1.11e-14  5.75e-14   598    -6     0
2158.34 -1.37e-14  5.61e-14   599    -8     0
2161.01  6.85e-14  3.77e-14   599    43     0
2163.68  3.52e-14  3.20e-14   599    22     0
2166.35 -6.26e-14  3.05e-14   600   -39     0
2169.02  1.05e-13  3.65e-14   600    65     0
2171.69  1.49e-13  3.89e-14   600    93     0
2174.35  5.42e-14  3.32e-14   601    34     0
2177.02 -4.85e-14  3.18e-14   601   -29     0
2179.69 -2.57e-15  4.09e-14   601    -1     0
2182.36 -2.21e-14  3.07e-14   602   -14     0
2185.03  4.41e-14  3.26e-14   602    28     0
2187.70 -2.05e-15  3.03e-14   602    -1     0
2190.37 -6.81e-15  3.56e-14   603    -4     0
2193.04 -1.29e-13  6.40e-14   603   -84 -3392
2195.71  5.97e-14  6.38e-14   603    38 -3392
2198.37  1.12e-14  5.63e-14   603     7     0
2201.04 -3.95e-14  3.83e-14   604   -26     0
2203.71 -1.13e-14  3.23e-14   604    -7     0
2206.38 -3.35e-15  2.98e-14   604    -2     0
2209.05  1.33e-14  2.93e-14   605     9     0
2211.72  4.21e-14  3.11e-14   605    28     0
2214.39 -5.75e-14  3.69e-14   605   -38     0
2217.06  5.90e-14  3.37e-14   606    39     0
2219.73 -5.87e-14  3.02e-14   606   -38     0
2222.39  1.34e-14  3.09e-14   606     8     0
2225.06  5.50e-15  3.02e-14   606     3     0
2227.73  5.05e-14  3.24e-14   607    33     0
2230.40  1.67e-14  3.08e-14   607    11     0
2233.07  2.04e-14  3.02e-14   607    13     0
2235.74 -3.22e-14  2.88e-14   607   -22     0
2238.41  2.61e-14  3.72e-14   608    18     0
2241.08 -3.48e-15  2.83e-14   608    -2     0
2243.75 -3.79e-14  2.80e-14   608   -27     0
2246.41 -2.90e-14  2.72e-14   608   -21     0
2249.08  2.64e-14  2.84e-14   609    19     0
2251.75 -2.60e-15  2.68e-14   609    -1     0
2254.42  6.38e-15  2.70e-14   609     4     0
2257.09 -2.69e-14  2.65e-14   609   -20     0
2259.76  1.32e-14  2.84e-14   610    10     0
2262.43 -2.76e-14  2.68e-14   610   -21     0
2265.10  2.21e-15  3.22e-14   610     1     0
2267.77  6.33e-14  4.48e-14   610    50     0
2270.43 -1.63e-14  2.52e-14   610   -13     0
2273.10  5.86e-14  3.00e-14   611    48     0
2275.77 -5.11e-14  2.50e-14   611   -42     0
2278.44 -3.76e-14  2.46e-14   611   -31     0
2281.11 -2.75e-14  2.51e-14   611   -22     0
2283.78 -1.71e-14  2.47e-14   611   -14     0
2286.45 -1.08e-14  2.32e-14   612    -9     0
2289.12  9.69e-15  2.41e-14   612     8     0
2291.79 -6.04e-14  2.40e-14   612   -53     0
2294.45  2.47e-15  2.35e-14   612     2     0
2297.12 -4.40e-14  2.39e-14   612   -38     0
2299.79 -3.02e-14  2.39e-14   612   -26     0
2302.46  4.85e-14  2.58e-14   613    44     0
2305.13 -2.14e-14  2.36e-14   613   -19     0
2307.80  2.92e-14  2.66e-14   613    26     0
2310.47  8.86e-15  2.25e-14   613     8     0
2313.14 -1.43e-14  2.38e-14   613   -13     0
2315.81  1.86e-14  2.30e-14   613    18     0
2318.47 -4.19e-14  2.15e-14   614   -41     0
2321.14 -1.70e-14  2.16e-14   614   -17     0
2323.81 -2.03e-14  3.45e-14   614   -20     0
2326.48 -6.48e-15  2.45e-14   614    -6     0
2329.15 -4.06e-15  3.29e-14   614    -4     0
2331.82  2.98e-14  2.13e-14   614    32     0
2334.49  3.09e-15  2.45e-14   614     3     0
2337.16 -3.86e-15  1.89e-14   615    -4     0
2339.83 -1.91e-14  1.86e-14   615   -22     0
2342.49  1.35e-14  3.52e-14   615    15     0
2345.16  7.21e-14  2.19e-14   615    87     0
2347.83  4.26e-14  2.02e-14   615    52     0
2350.50 -4.09e-16  1.79e-14   615     0     0
2353.17  2.73e-14  2.01e-14   615    33     0
2355.84  3.80e-15  2.08e-14   615     4     0
2358.51 -2.23e-14  1.71e-14   615   -28     0
2361.18  5.27e-14  2.04e-14   616    66     0
2363.85 -5.75e-15  1.70e-14   616    -7     0
2366.51 -1.36e-14  1.72e-14   616   -17     0
2369.18  6.54e-15  2.69e-14   616     8     0
2371.85  4.05e-14  1.88e-14   616    52     0
2374.52 -1.39e-14  3.44e-14   616   -18     0
2377.19  4.94e-15  2.04e-14   616     6     0
2379.86  4.84e-14  1.93e-14   616    65     0
2382.53  1.53e-14  1.71e-14   616    20     0
2385.20  1.55e-15  1.64e-14   616     2     0
2387.87  4.79e-15  1.70e-14   616     6     0
2390.53 -4.26e-14  1.61e-14   617   -58     0
2393.20  4.10e-14  2.17e-14   617    56     0
2395.87 -1.50e-14  2.08e-14   617   -21     0
2398.54  5.65e-15  1.54e-14   617     8     0
2401.21 -9.70e-16  1.53e-14   617    -1     0
2403.88  2.52e-14  1.75e-14   617    36     0
2406.55 -2.36e-15  1.52e-14   617    -3     0
2409.22 -8.90e-15  1.49e-14   617   -13     0
2411.89  3.67e-14  2.44e-14   617    55     0
2414.55  8.55e-15  1.49e-14   617    13     0
2417.22 -7.52e-15  1.52e-14   617   -11     0
2419.89 -3.23e-14  1.69e-14   617   -49     0
2422.56 -3.87e-14  1.44e-14   617   -59     0
2425.23  1.34e-14  1.74e-14   617    21     0
2427.90  3.82e-14  1.61e-14   617    61     0
2430.57  5.64e-15  2.83e-14   617     9     0
2433.24  5.86e-14  1.70e-14   617    97     0
2435.91 -3.20e-14  1.36e-14   617   -52     0
2438.57  3.40e-14  1.63e-14   618    56     0
2441.24  7.48e-15  1.31e-14   618    13     0
2443.91  1.64e-14  1.36e-14   618    29     0
2446.58  9.20e-15  1.30e-14   618    16     0
2449.25  1.19e-14  1.69e-14   618    21     0
2451.92  1.66e-14  1.48e-14   618    31     0
2454.59  2.38e-14  1.35e-14   618    45     0
2457.26  4.83e-14  1.77e-14   618    91     0
2459.93  4.86e-14  1.50e-14   618    93     0
2462.59 -4.80e-15  1.14e-14   618    -9     0
2465.26  6.42e-15  1.39e-14   618    12     0
2467.93  2.32e-14  1.28e-14   618    46     0
2470.60 -1.15e-14  1.21e-14   618   -22     0
2473.27 -1.65e-14  1.14e-14   618   -32     0
2475.94  1.52e-14  1.23e-14   618    30     0
2478.61  3.87e-15  1.22e-14   618     7     0
2481.28  3.32e-14  1.34e-14   618    66     0
2483.95  1.53e-14  1.22e-14   618    30     0
2486.61  1.24e-14  1.18e-14   618    25     0
2489.28 -1.11e-14  1.10e-14   618   -22     0
2491.95  9.80e-15  1.19e-14   618    19     0
2494.62  1.37e-14  1.24e-14   618    26     0
2497.29  1.61e-14  1.45e-14   618    32     0
2499.96  7.22e-15  1.16e-14   618    14     0
2502.63 -2.24e-15  1.14e-14   618    -4     0
2505.30  1.10e-14  1.16e-14   618    22     0
2507.97  2.77e-14  1.24e-14   618    57     0
2510.63 -4.33e-15  1.13e-14   618    -9     0
2513.30  1.34e-14  1.24e-14   618    29     0
2515.97  3.94e-14  1.30e-14   618    83     0
2518.64 -4.11e-15  1.06e-14   618    -8     0
2521.31  2.70e-14  1.19e-14   618    58     0
2523.98 -7.12e-15  1.03e-14   618   -15     0
2526.65  6.42e-15  1.05e-14   618    14     0
2529.32  1.14e-14  1.12e-14   618    25     0
2531.99  1.76e-14  1.46e-14   618    39     0
2534.65 -1.29e-14  1.02e-14   618   -29     0
2537.32  2.93e-14  1.20e-14   618    66     0
2539.99  2.68e-14  1.22e-14   618    61     0
2542.66 -2.57e-15  9.64e-15   618    -6     0
2545.33  4.11e-15  9.90e-15   618     9     0
2548.00  1.58e-14  1.01e-14   618    38     0
2550.67  9.63e-15  9.89e-15   618    23     0
2553.34 -9.01e-16  9.22e-15   618    -2     0
2556.01  1.75e-14  1.02e-14   618    43     0
2558.67  3.37e-14  1.13e-14   618    83     0
2561.34  2.76e-14  1.04e-14   618    71     0
2564.01  8.48e-15  9.21e-15   618    22     0
2566.68  8.78e-15  9.27e-15   618    23     0
2569.35 -3.15e-15  9.14e-15   618    -8     0
2572.02  3.80e-15  1.34e-14   618    10     0
2574.69  6.22e-15  9.07e-15   618    16     0
2577.36  9.76e-15  9.89e-15   618    25     0
2580.03  9.04e-15  9.15e-15   618    23     0
2582.69  2.62e-14  1.02e-14   618    69     0
2585.36  2.46e-14  1.04e-14   618    63     0
2588.03  2.33e-14  1.39e-14   618    60     0
2590.70  8.66e-15  9.09e-15   618    23     0
2593.37  2.21e-14  9.75e-15   618    59     0
2596.04  3.30e-14  1.05e-14   618    90     0
2598.71  1.60e-14  9.30e-15   618    44     0
2601.38  1.83e-14  1.56e-14   618    49     0
2604.05  2.50e-14  9.65e-15   618    68     0
2606.71  4.61e-14  1.10e-14   618   134     0
2609.38  4.05e-14  9.83e-15   618   119     0
2612.05  2.95e-14  9.56e-15   618    85     0
2614.72  3.21e-14  9.97e-15   618    93     0
2617.39  2.73e-14  9.69e-15   618    80     0
2620.06  1.60e-14  8.71e-15   618    47     0
2622.73  5.56e-14  1.37e-14   618   167     0
2625.40  5.13e-14  1.12e-14   618   154     0
2628.07  3.85e-14  1.04e-14   618   116     0
2630.73  3.72e-14  1.38e-14   618   113     0
2633.40  2.62e-14  1.38e-14   618    80     0
2636.07  5.52e-15  8.00e-15   618    16     0
2638.74  1.47e-14  8.42e-15   618    44     0
2641.41  8.34e-15  7.84e-15   619    25     0
2644.08  5.76e-15  7.70e-15   619    17     0
2646.75  2.10e-14  8.72e-15   619    64     0
2649.42  9.42e-15  8.42e-15   619    28     0
2652.09 -1.70e-15  1.01e-14   619    -5     0
2654.75 -7.22e-15  1.17e-14   619   -22     0
2657.42 -9.11e-16  7.64e-15   619    -2     0
2660.09 -6.67e-16  7.41e-15   619    -2     0
2662.76  1.08e-14  8.08e-15   619    33     0
2665.43 -6.16e-15  7.40e-15   619   -19     0
2668.10  7.90e-15  9.11e-15   619    24     0
2670.77  2.87e-14  8.81e-15   619    91     0
2673.44  1.29e-14  8.05e-15   619    41     0
2676.11  3.05e-15  7.40e-15   619     9     0
2678.77  6.48e-16  7.22e-15   619     2     0
2681.44 -3.09e-15  7.05e-15   619   -10     0
2684.11  1.39e-15  7.04e-15   619     4     0
2686.78  1.91e-16  7.02e-15   619     0     0
2689.45 -6.07e-16  6.95e-15   619    -2     0
2692.12  2.36e-14  8.42e-15   620    77     0
2694.79  3.21e-15  7.09e-15   620    10     0
2697.46  3.17e-15  7.32e-15   620    10     0
2700.13  1.12e-14  8.02e-15   620    37     0
2702.79  7.74e-15  7.35e-15   620    25     0
2705.46  5.44e-15  7.61e-15   620    17     0
2708.13 -1.43e-16  7.04e-15   620     0     0
2710.80  4.43e-15  8.84e-15   620    14     0
2713.47 -3.89e-15  6.94e-15   620   -12     0
2716.14  5.80e-15  7.30e-15   620    19     0
2718.81  2.62e-14  8.62e-15   620    86     0
2721.48  1.96e-14  8.21e-15   620    64     0
2724.15  1.26e-14  7.52e-15   621    41     0
2726.81  2.40e-14  1.02e-14   621    81     0
2729.48  4.55e-14  9.45e-15   621   154     0
2732.15  1.38e-14  7.60e-15   621    46     0
2734.82  3.00e-14  8.62e-15   621   101     0
2737.49  1.74e-14  7.76e-15   621    60     0
2740.16  1.10e-14  7.43e-15   621    37     0
2742.83  2.47e-14  1.42e-14   621    84     0
2745.50  3.53e-14  8.70e-15   622   122     0
2748.17  1.22e-14  7.49e-15   622    42     0
2750.83  2.60e-14  8.33e-15   622    89     0
2753.50  1.83e-14  7.81e-15   622    62     0
2756.17  1.13e-14  7.25e-15   622    38     0
2758.84  4.21e-14  1.30e-14   622   144     0
2761.51  5.47e-15  6.95e-15   622    18     0
2764.18  2.19e-14  7.96e-15   623    74     0
2766.85  1.86e-14  7.78e-15   623    63     0
2769.52  1.51e-14  7.73e-15   623    51     0
2772.19  3.49e-14  8.98e-15   623   117     0
2774.85  4.27e-15  8.28e-15   623    14     0
2777.52  1.98e-14  7.91e-15   623    67     0
2780.19  1.58e-14  7.84e-15   624    53     0
2782.86  2.29e-14  7.99e-15   624    77     0
2785.53  1.58e-14  7.77e-15   624    53     0
2788.20  5.41e-14  1.02e-14   624   181     0
2790.87  3.01e-14  1.70e-14   624   102 -1312
2793.54  2.66e-13  4.52e-14   624   897     0
2796.21  2.17e-13  1.95e-14   625   725     0
2798.87  1.18e-13  2.45e-14   625   393  -256
2801.54  2.08e-13  2.39e-14   625   696     0
2804.21  7.11e-14  1.17e-14   625   237     0
2806.88  1.41e-14  7.74e-15   625    46     0
2809.55  2.77e-15  7.01e-15   626     9     0
2812.22 -1.88e-15  6.76e-15   626    -6     0
2814.89  1.86e-14  9.29e-15   626    61     0
2817.56  8.67e-15  7.32e-15   626    28     0
2820.23  1.72e-14  7.94e-15   627    56     0
2822.90  1.65e-14  7.66e-15   627    54     0
2825.56  1.74e-14  7.97e-15   627    55     0
2828.23  1.65e-14  8.06e-15   627    52     0
2830.90  1.37e-14  7.75e-15   628    43     0
2833.57  1.68e-14  8.10e-15   628    53     0
2836.24  1.62e-14  7.93e-15   628    52     0
2838.91  9.55e-15  7.44e-15   628    30     0
2841.58  1.22e-14  7.49e-15   629    40     0
2844.25  4.50e-15  6.99e-15   629    14     0
2846.92  1.11e-14  9.14e-15   629    35     0
2849.58  3.14e-14  8.73e-15   629   100     0
2852.25  2.46e-15  7.03e-15   630     7     0
2854.92  6.74e-15  7.87e-15   630    21     0
2857.59  3.14e-14  8.93e-15   630   100     0
2860.26  1.33e-14  7.82e-15   631    42     0
2862.93  1.21e-14  8.69e-15   631    38     0
2865.60 -3.30e-15  7.17e-15   631   -10     0
2868.27  2.48e-14  8.55e-15   631    79     0
2870.94  2.19e-14  8.42e-15   632    69     0
2873.60  1.26e-14  9.57e-15   632    39     0
2876.27  2.61e-14  8.95e-15   632    80     0
2878.94  7.64e-15  7.50e-15   633    23     0
2881.61  2.47e-14  8.55e-15   633    77     0
2884.28  1.32e-14  7.89e-15   633    41     0
2886.95 -8.73e-16  7.25e-15   634    -2     0
2889.62  2.22e-15  7.30e-15   634     6     0
2892.29  3.21e-14  9.12e-15   634    99     0
2894.96  2.62e-14  8.66e-15   635    81     0
2897.62 -4.21e-15  7.18e-15   635   -12     0
2900.29  1.70e-14  9.24e-15   635    53     0
2902.96  1.22e-14  7.72e-15   636    38     0
2905.63  1.55e-14  1.02e-14   636    45     0
2908.30  4.42e-15  1.17e-14   637    13     0
2910.97  2.29e-14  1.17e-14   637    67     0
2913.64  1.25e-14  8.09e-15   637    36     0
2916.31  1.68e-14  9.62e-15   638    48     0
2918.98  1.81e-14  8.80e-15   638    51     0
2921.64 -2.02e-15  8.11e-15   639    -5     0
2924.31  1.19e-14  8.63e-15   639    32     0
2926.98  1.08e-14  9.39e-15   639    29     0
2929.65  1.57e-14  1.25e-14   640    42     0
2932.32  1.87e-14  9.24e-15   640    51     0
2934.99  1.10e-14  1.06e-14   641    29     0
2937.66  1.56e-14  9.38e-15   641    40     0
2940.33  2.37e-14  9.90e-15   641    64     0
2943.00  2.75e-14  9.57e-15   642    74     0
2945.66  2.19e-14  1.59e-14   642    57     0
2948.33  2.86e-14  1.33e-14   643    75     0
2951.00  1.57e-14  1.19e-14   643    40     0
2953.67  2.03e-14  9.74e-15   644    52     0
2956.34  3.27e-14  1.09e-14   644    87     0
2959.01  1.73e-15  1.09e-14   645     4     0
2961.68  1.80e-14  1.08e-14   645    44     0
2964.35  2.00e-14  1.15e-14   646    49     0
2967.02  1.15e-14  9.69e-15   646    28     0
2969.68  1.31e-14  9.47e-15   647    32     0
2972.35  1.36e-14  9.72e-15   647    32     0
2975.02  7.93e-16  9.37e-15   648     1     0
2977.69  9.27e-15  9.94e-15   648    20     0
2980.36  1.98e-14  1.51e-14   649    45     0
2983.03  2.47e-14  1.09e-14   649    56     0
2985.70 -3.46e-16  1.09e-14   650     0     0
2988.37  3.05e-14  1.15e-14   650    67     0
2991.04  2.91e-14  1.13e-14   651    63     0
2993.70  2.11e-14  1.12e-14   651    45     0
2996.37  1.80e-14  1.06e-14   652    39     0
2999.04  2.44e-14  1.62e-14   652    53     0
3001.71 -3.52e-15  9.97e-15   653    -7     0
3004.38  2.25e-14  1.13e-14   653    47     0
3007.05  4.19e-14  1.60e-14   654    90     0
3009.72 -6.70e-15  1.20e-14   654   -14     0
3012.39  1.61e-14  1.12e-14   655    32     0
3015.06  1.04e-14  1.11e-14   655    20     0
3017.72  2.84e-14  1.29e-14   656    56     0
3020.39  1.28e-14  1.13e-14   657    25     0
3023.06  1.92e-14  1.18e-14   657    37     0
3025.73 -3.80e-15  1.10e-14   658    -7     0
3028.40  2.85e-14  1.27e-14   658    53     0
3031.07  4.56e-15  1.16e-14   659     8     0
3033.74  1.45e-15  1.16e-14   660     2     0
3036.41  2.10e-14  1.26e-14   660    37     0
3039.08  2.55e-14  1.92e-14   661    45     0
3041.74  3.77e-14  1.86e-14   661    67     0
3044.41  2.98e-14  1.34e-14   662    52     0
3047.08  3.11e-14  1.42e-14   663    52     0
3049.75  2.81e-15  1.26e-14   663     4     0
3052.42  1.78e-14  1.37e-14   664    29     0
3055.09  1.35e-14  1.34e-14   664    22     0
3057.76  1.59e-14  1.80e-14   665    25     0
3060.43  3.20e-14  1.72e-14   666    50     0
3063.10  1.13e-14  1.37e-14   666    17     0
3065.76 -1.71e-15  1.34e-14   667    -2     0
3068.43  3.27e-14  1.68e-14   668    49     0
3071.10  4.10e-14  1.58e-14   668    60     0
3073.77  1.83e-14  1.61e-14   669    26     0
3076.44  1.96e-14  1.99e-14   670    28     0
3079.11  2.20e-14  1.72e-14   670    31     0
3081.78  3.57e-14  1.63e-14   671    49     0
3084.45  4.33e-14  2.00e-14   672    59     0
3087.12  2.16e-14  1.70e-14   672    28     0
3089.78  4.82e-14  1.94e-14   673    61     0
3092.45  3.81e-14  1.77e-14   674    49     0
3095.12 -1.98e-14  2.25e-14   674   -23     0
3097.79  5.90e-15  1.76e-14   675     7     0
3100.46  1.60e-14  1.75e-14   676    19     0
3103.13  1.31e-14  1.75e-14   676    15     0
3105.80  2.01e-14  2.02e-14   677    23     0
3108.47  1.72e-14  1.85e-14   678    19     0
3111.14  2.57e-14  2.00e-14   679    27     0
3113.80  5.57e-14  2.78e-14   679    59     0
3116.47  9.69e-15  2.15e-14   680     9     0
3119.14  4.10e-14  2.22e-14   681    41     0
3121.81  3.65e-14  2.14e-14   682    37     0
3124.48 -1.69e-14  1.99e-14   682   -16     0
3127.15  3.79e-14  2.93e-14   683    36     0
3129.82 -1.57e-14  2.12e-14   684   -14     0
3132.49  1.73e-14  2.25e-14   684    15     0
3135.16  1.87e-14  2.25e-14   685    17     0
3137.82  5.76e-14  3.51e-14   686    51     0
3140.49  4.60e-14  2.61e-14   687    39     0
3143.16  2.22e-14  2.44e-14   687    18     0
3145.83  1.56e-14  2.42e-14   688    13     0
3148.50  7.46e-14  2.79e-14   689    61     0
3151.17  4.33e-14  3.00e-14   690    34     0
3153.84  1.40e-14  2.89e-14   691    11     0
3156.51  1.95e-14  2.62e-14   691    15     0
3159.18  2.75e-14  2.73e-14   692    20     0
3161.84  4.88e-14  2.84e-14   693    37     0
3164.51  8.02e-14  3.03e-14   694    59     0
3167.18  4.39e-14  2.84e-14   694    32     0
3169.85  3.96e-14  3.44e-14   695    28     0
3172.52  3.61e-14  2.97e-14   696    25     0
3175.19  2.25e-14  3.06e-14   697    14     0
3177.86  3.19e-14  3.21e-14   698    20     0
3180.53 -2.37e-14  3.16e-14   698   -14     0
3183.20 -5.20e-15  3.35e-14   699    -3     0
3185.86  3.36e-14  3.23e-14   700    21     0
3188.53  3.42e-15  3.15e-14   701     2     0
3191.20  7.08e-14  3.64e-14   702    41     0
3193.87  3.40e-14  3.57e-14   702    19     0
3196.54  6.79e-14  4.03e-14   703    36     0
3199.21 -4.07e-14  4.33e-14   704   -21     0
3201.88  2.83e-14  3.68e-14   705    15     0
3204.55  1.41e-14  3.71e-14   706     7     0
3207.22 -9.25e-15  3.94e-14   707    -4     0
3209.88 -6.68e-14  4.05e-14   707   -31     0
3212.55  6.51e-15  4.48e-14   708     2     0
3215.22  2.54e-14  4.89e-14   709    10     0
3217.89  3.36e-14  4.87e-14   710    13     0
3220.56 -4.01e-14  4.34e-14   711   -17     0
3223.23  7.96e-14  8.51e-14   712    34     0
3225.90  1.17e-13  5.53e-14   712    46     0
3228.57 -6.62e-14  4.78e-14   713   -25     0
3231.24  7.97e-14  6.48e-14   714    30     0
3233.90  2.06e-14  5.00e-14   715     7     0
3236.57  1.72e-13  6.36e-14   716    59     0
3239.24  1.38e-14  5.70e-14   717     4     0
3241.91  2.02e-14  5.86e-14   717     6     0
3244.58  4.02e-14  6.16e-14   718    12     0
3247.25  5.07e-14  8.70e-14   719    14     0
3249.92  1.44e-13  7.40e-14   720    39     0
3252.59  1.50e-13  6.82e-14   721    44     0
3255.26  1.31e-13  7.02e-14   722    38     0
3257.92 -7.36e-14  6.55e-14   723   -20     0
3260.59 -1.28e-13  7.02e-14   723   -33     0
3263.26 -1.78e-13  7.25e-14   724   -44     0
3265.93 -6.95e-15  7.83e-14   725    -1     0
3268.60 -1.19e-13  9.07e-14   726   -26     0
3271.27 -9.32e-14  7.33e-14   727   -23     0
3273.94  1.38e-13  8.72e-14   728    33     0
3276.61 -1.44e-13  1.04e-13   729   -29     0
3279.28  4.60e-14  1.08e-13   730     9     0
3281.94  1.28e-13  9.12e-14   730    27     0
3284.61  6.14e-14  8.98e-14   731    12     0
3287.28  1.60e-13  1.14e-13   732    37     0
3289.95  4.72e-14  7.97e-14   733    10     0
3292.62  9.26e-14  1.04e-13   734    19     0
3295.29  8.95e-14  1.40e-13   735    16     0
3297.96  2.11e-14  1.02e-13   736     3     0
3300.63  7.30e-15  1.12e-13   736     1     0
3303.30 -1.14e-13  1.13e-13   737   -17     0
3305.96  2.67e-13  1.51e-13   738    33     0
3308.63  7.25e-14  1.87e-13   739     8     0
3311.30 -2.31e-14  2.26e-13   740    -2     0
3313.97  1.23e-13  1.94e-13   741    14     0
3316.64  1.12e-13  1.55e-13   742    13     0
3319.31 -8.70e-14  1.55e-13   743    -9     0
3321.98  2.28e-13  1.45e-13   743    29     0
3324.65  1.91e-15  1.44e-13   744     0     0
3327.32  3.86e-14  3.03e-13   745     5     0
3329.98  4.64e-13  2.36e-13   746    60     0
3332.65  2.43e-13  2.12e-13   747    24     0
3335.32  1.21e-13  1.87e-13   748    11     0
3337.99 -1.48e-13  1.87e-13   749   -13     0
3340.66  2.99e-13  2.50e-13   749    21     0
3343.33  8.80e-13  2.83e-13   750    61     0
3346.00  3.89e-13  2.52e-13   751    30     0
3348.67  4.17e-14  2.23e-13   752     3     0
