NOT ORIGINAL IUE PROJECT DATA PRODUCT
LWR16886LOWLARGE
HD  197481
20:42:05
-31:31:18
48
NO-TRAIL
NO
899.765
28/09/83
08:11:05
271
14.51
08/06/97
GSFC
2445605.84103
0
40
1851.42  2.02e-15  2.08e-13   309     0     0
1854.09 -1.17e-13  1.75e-13   309    -8     0
1856.76  1.35e-13  1.51e-13   309     9     0
1859.42 -4.12e-14  1.29e-13   309    -3     0
1862.09 -2.48e-14  1.20e-13   309    -2     0
1864.76 -2.72e-14  1.13e-13   309    -2     0
1867.43  5.18e-14  1.14e-13   309     4     0
1870.10  1.71e-13  1.11e-13   309    17     0
1872.77 -1.42e-13  1.24e-13   310   -15     0
1875.44  4.89e-14  8.59e-14   310     5     0
1878.11  1.22e-13  8.39e-14   310    15     0
1880.78  1.35e-13  8.05e-14   310    18     0
1883.44  4.21e-14  7.12e-14   310     6     0
1886.11  6.51e-14  7.10e-14   310     9     0
1888.78 -1.20e-13  6.46e-14   310   -18     0
1891.45 -4.02e-14  6.26e-14   310    -6     0
1894.12 -1.66e-14  6.04e-14   310    -2     0
1896.79 -3.48e-14  5.73e-14   310    -6     0
1899.46  5.35e-15  5.58e-14   310     0     0
1902.13 -2.42e-14  5.36e-14   311    -4     0
1904.80 -8.58e-14  5.23e-14   311   -16     0
1907.46  1.51e-13  6.10e-14   311    29     0
1910.13  1.65e-13  5.91e-14   311    33     0
1912.80 -4.14e-14  4.94e-14   311    -8     0
1915.47 -3.20e-14  4.77e-14   311    -7     0
1918.14 -4.54e-15  4.65e-14   311    -1     0
1920.81  8.78e-15  4.39e-14   311     2     0
1923.48  2.96e-14  4.39e-14   312     7     0
1926.15  6.47e-16  4.25e-14   312     0     0
1928.82 -5.38e-14  4.12e-14   312   -13     0
1931.48 -1.66e-14  3.96e-14   312    -4     0
1934.15 -1.68e-14  3.84e-14   312    -4     0
1936.82  8.68e-14  4.08e-14   312    25     0
1939.49  5.98e-15  3.54e-14   313     1     0
1942.16  4.77e-14  3.73e-14   313    14     0
1944.83 -3.11e-14  3.52e-14   313    -9     0
1947.50 -5.25e-14  3.29e-14   313   -17     0
1950.17 -5.85e-14  4.08e-14   313   -19     0
1952.84 -7.17e-15  3.14e-14   314    -2     0
1955.50 -1.03e-14  3.07e-14   314    -3     0
1958.17 -2.21e-14  3.00e-14   314    -8     0
1960.84  2.37e-14  3.04e-14   314     8     0
1963.51 -5.76e-15  2.87e-14   314    -2     0
1966.18  6.45e-14  3.16e-14   315    25     0
1968.85  4.47e-14  2.96e-14   315    18     0
1971.52  1.78e-14  2.78e-14   315     7     0
1974.19  9.86e-16  2.65e-14   315     0     0
1976.86  3.94e-14  3.22e-14   315    17     0
1979.52 -2.12e-14  2.57e-14   316    -9     0
1982.19 -3.98e-14  2.58e-14   316   -17     0
1984.86  8.50e-15  2.58e-14   316     3     0
1987.53  2.01e-14  2.61e-14   316     9     0
1990.20 -3.45e-14  2.52e-14   317   -15     0
1992.87 -1.60e-14  2.51e-14   317    -7     0
1995.54  1.24e-14  2.51e-14   317     5     0
1998.21  2.71e-14  2.59e-14   317    12     0
2000.88  8.77e-15  2.45e-14   317     4     0
2003.54 -3.71e-14  2.39e-14   318   -18     0
2006.21  2.19e-14  2.56e-14   318    10     0
2008.88 -4.04e-16  2.43e-14   318     0     0
2011.55 -3.86e-14  2.40e-14   318   -19     0
2014.22  4.87e-14  2.67e-14   319    24     0
2016.89  1.74e-14  2.39e-14   319     9     0
2019.56 -1.39e-14  2.27e-14   319    -7     0
2022.23  1.82e-14  2.40e-14   319     9     0
2024.90  2.57e-14  2.43e-14   320    13     0
2027.56  1.90e-14  2.49e-14   320    10     0
2030.23 -8.57e-15  2.22e-14   320    -4     0
2032.90  2.92e-14  2.35e-14   320    16     0
2035.57 -1.95e-14  2.23e-14   321   -10     0
2038.24 -3.34e-14  2.23e-14   321   -18     0
2040.91 -4.91e-15  2.21e-14   321    -2     0
2043.58 -1.97e-14  2.22e-14   321   -10     0
2046.25 -1.53e-14  2.27e-14   322    -8     0
2048.92 -5.42e-14  2.27e-14   322   -29     0
2051.58 -3.73e-14  2.26e-14   322   -20     0
2054.25 -2.54e-14  3.28e-14   322   -14     0
2056.92  4.81e-15  2.22e-14   322     2     0
2059.59 -1.57e-14  2.20e-14   323    -9     0
2062.26 -2.38e-14  2.22e-14   323   -13     0
2064.93 -5.94e-15  2.20e-14   323    -3     0
2067.60 -1.06e-14  2.16e-14   323    -6     0
2070.27 -2.45e-14  2.12e-14   324   -14     0
2072.94  8.74e-15  2.29e-14   324     5     0
2075.60 -4.31e-15  2.27e-14   324    -2     0
2078.27  9.27e-15  2.20e-14   324     5     0
2080.94 -1.54e-14  2.15e-14   325    -9     0
2083.61 -3.54e-15  2.15e-14   325    -2     0
2086.28  2.40e-14  2.37e-14   325    14     0
2088.95  3.52e-14  2.46e-14   325    21     0
2091.62  5.74e-15  2.28e-14   326     3     0
2094.29 -2.70e-14  2.23e-14   326   -16     0
2096.96 -1.22e-14  2.18e-14   326    -7     0
2099.62 -9.56e-15  2.19e-14   326    -5     0
2102.29 -3.38e-15  2.25e-14   327    -2     0
2104.96 -6.31e-15  2.26e-14   327    -3     0
2107.63  2.32e-14  2.51e-14   327    14     0
2110.30 -2.78e-14  2.26e-14   327   -16     0
2112.97  5.09e-14  2.97e-14   328    30     0
2115.64 -1.19e-14  2.28e-14   328    -7     0
2118.31  4.03e-14  2.81e-14   328    24     0
2120.98  3.69e-14  2.36e-14   328    23     0
2123.65  5.06e-14  2.44e-14   328    32     0
2126.31  1.96e-14  2.83e-14   329    12     0
2128.98  4.23e-15  2.24e-14   329     2     0
2131.65 -1.89e-14  2.21e-14   329   -11     0
2134.32 -2.32e-14  2.22e-14   329   -14     0
2136.99 -3.59e-14  2.27e-14   330   -22     0
2139.66  2.00e-14  2.37e-14   330    12     0
2142.33  9.63e-15  2.30e-14   330     6     0
2145.00  2.17e-14  2.37e-14   330    13     0
2147.67 -2.44e-14  2.30e-14   331   -15     0
2150.33  4.49e-14  2.65e-14   331    27     0
2153.00  3.13e-14  2.46e-14   331    19     0
2155.67 -3.04e-14  2.34e-14   331   -18     0
2158.34 -2.33e-14  2.34e-14   331   -14     0
2161.01  1.31e-14  2.31e-14   332     8     0
2163.68 -3.19e-14  2.28e-14   332   -20     0
2166.35  1.08e-14  2.34e-14   332     6     0
2169.02  2.23e-14  2.43e-14   332    13     0
2171.69 -1.20e-14  2.51e-14   332    -7     0
2174.35 -3.71e-14  2.30e-14   333   -23     0
2177.02 -4.87e-14  2.39e-14   333   -29     0
2179.69 -2.23e-14  2.39e-14   333   -13     0
2182.36 -7.95e-15  2.30e-14   333    -5     0
2185.03  2.63e-14  2.46e-14   333    16     0
2187.70 -2.60e-14  2.32e-14   334   -16     0
2190.37  3.25e-14  4.65e-14   334    21 -3392
2193.04 -3.01e-13  1.14e-13   334  -198 -3392
2195.71  2.25e-14  3.40e-14   334    14     0
2198.37 -2.99e-14  2.36e-14   334   -19     0
2201.04 -1.03e-14  2.24e-14   335    -6     0
2203.71  4.07e-14  2.43e-14   335    27     0
2206.38  3.66e-15  2.23e-14   335     2     0
2209.05  1.61e-14  2.26e-14   335    11     0
2211.72 -4.13e-15  2.22e-14   335    -2     0
2214.39 -9.75e-15  2.24e-14   336    -6     0
2217.06  7.94e-16  2.31e-14   336     0     0
2219.73 -2.73e-14  2.33e-14   336   -17     0
2222.39  2.08e-15  2.67e-14   336     1     0
2225.06  3.46e-14  2.52e-14   336    22     0
2227.73 -2.52e-14  2.36e-14   336   -16     0
2230.40  2.32e-15  2.32e-14   337     1     0
2233.07 -1.64e-14  2.28e-14   337   -11     0
2235.74 -9.17e-15  2.35e-14   337    -6     0
2238.41  2.59e-14  2.33e-14   337    18     0
2241.08 -6.73e-16  2.20e-14   337     0     0
2243.75 -2.26e-14  2.17e-14   337   -16     0
2246.41 -1.69e-14  2.20e-14   338   -12     0
2249.08  2.16e-15  2.09e-14   338     1     0
2251.75  1.39e-14  2.14e-14   338    10     0
2254.42  6.88e-15  2.09e-14   338     5     0
2257.09  4.46e-14  2.33e-14   338    34     0
2259.76 -1.49e-14  2.05e-14   338   -11     0
2262.43  2.35e-14  2.18e-14   339    18     0
2265.10  1.01e-14  2.05e-14   339     8     0
2267.77  1.34e-14  2.05e-14   339    10     0
2270.43  1.26e-14  2.03e-14   339    10     0
2273.10  4.10e-14  2.14e-14   339    33     0
2275.77 -4.63e-14  1.96e-14   339   -38     0
2278.44 -2.32e-14  1.93e-14   339   -19     0
2281.11  2.60e-15  1.96e-14   340     2     0
2283.78 -2.40e-15  1.94e-14   340    -2     0
2286.45  2.70e-14  1.94e-14   340    24     0
2289.12 -2.79e-14  2.05e-14   340   -25     0
2291.79 -6.86e-15  1.84e-14   340    -6     0
2294.45  2.92e-14  1.99e-14   340    25     0
2297.12 -1.96e-14  2.09e-14   340   -17     0
2299.79 -5.68e-15  2.00e-14   340    -4     0
2302.46  1.08e-14  1.86e-14   341     9     0
2305.13 -1.04e-14  1.98e-14   341    -9     0
2307.80 -6.39e-16  1.81e-14   341     0     0
2310.47  2.06e-14  1.82e-14   341    19     0
2313.14 -1.06e-14  1.79e-14   341   -10     0
2315.81  1.17e-14  1.77e-14   341    11     0
2318.47 -3.30e-14  1.69e-14   341   -32     0
2321.14 -3.19e-15  1.66e-14   341    -3     0
2323.81 -3.75e-14  1.63e-14   341   -38     0
2326.48 -7.19e-15  2.38e-14   342    -7     0
2329.15  2.01e-14  1.68e-14   342    21     0
2331.82  3.42e-14  1.70e-14   342    37     0
2334.49 -1.50e-14  1.50e-14   342   -16     0
2337.16  2.97e-15  2.60e-14   342     3     0
2339.83  9.03e-15  1.50e-14   342    10     0
2342.49  3.39e-14  1.97e-14   342    39     0
2345.16  4.96e-14  1.68e-14   342    59     0
2347.83 -1.67e-15  1.39e-14   342    -2     0
2350.50 -1.02e-14  1.40e-14   342   -12     0
2353.17  3.51e-14  2.09e-14   343    43     0
2355.84  1.71e-14  1.49e-14   343    21     0
2358.51  1.35e-14  1.43e-14   343    17     0
2361.18  2.27e-14  1.48e-14   343    28     0
2363.85 -8.91e-16  1.35e-14   343    -1     0
2366.51  1.39e-14  1.42e-14   343    17     0
2369.18  1.18e-14  1.41e-14   343    15     0
2371.85  1.43e-14  1.38e-14   343    18     0
2374.52  2.77e-15  1.51e-14   343     3     0
2377.19  2.00e-14  1.42e-14   343    26     0
2379.86  4.85e-14  1.55e-14   343    65     0
2382.53  4.78e-14  1.57e-14   343    64     0
2385.20  6.95e-15  1.34e-14   343     9     0
2387.87  1.75e-14  2.20e-14   344    23     0
2390.53  7.28e-15  1.29e-14   344     9     0
2393.20  4.21e-14  1.48e-14   344    57     0
2395.87  1.31e-14  2.40e-14   344    18     0
2398.54  2.05e-14  1.32e-14   344    29     0
2401.21 -6.26e-15  1.23e-14   344    -9     0
2403.88  1.54e-14  1.28e-14   344    22     0
2406.55 -4.87e-15  1.28e-14   344    -7     0
2409.22  2.32e-14  1.37e-14   344    34     0
2411.89  1.32e-14  1.34e-14   344    19     0
2414.55  9.86e-15  1.23e-14   344    15     0
2417.22  2.06e-15  1.18e-14   344     3     0
2419.89 -7.48e-15  1.16e-14   344   -11     0
2422.56  6.11e-16  1.40e-14   344     0     0
2425.23  1.54e-14  1.20e-14   344    24     0
2427.90  1.50e-14  1.17e-14   344    24     0
2430.57  1.67e-15  1.11e-14   344     2     0
2433.24  2.91e-14  1.26e-14   344    48     0
2435.91 -1.96e-14  1.09e-14   344   -32     0
2438.57  3.90e-14  1.37e-14   345    64     0
2441.24  5.59e-15  1.03e-14   345     9     0
2443.91  2.39e-14  1.77e-14   345    42     0
2446.58  2.38e-14  1.13e-14   345    42     0
2449.25  2.21e-14  1.12e-14   345    40     0
2451.92  3.93e-14  1.25e-14   345    73     0
2454.59  1.74e-14  1.61e-14   345    33     0
2457.26  2.64e-14  1.08e-14   345    50     0
2459.93  2.29e-14  1.05e-14   345    44     0
2462.59 -1.36e-14  9.18e-15   345   -26     0
2465.26 -1.19e-14  9.20e-15   345   -23     0
2467.93  3.00e-14  1.20e-14   345    59     0
2470.60  1.78e-14  1.00e-14   345    35     0
2473.27  2.81e-14  1.06e-14   345    55     0
2475.94  5.10e-14  1.20e-14   345   101     0
2478.61  2.11e-14  1.18e-14   345    42     0
2481.28  5.62e-14  1.20e-14   345   113     0
2483.95 -3.09e-15  9.09e-15   345    -6     0
2486.61  1.02e-14  9.66e-15   345    21     0
2489.28  5.57e-18  8.84e-15   345     0     0
2491.95  1.41e-14  9.94e-15   345    27     0
2494.62  3.48e-14  1.15e-14   345    67     0
2497.29  3.30e-14  1.14e-14   345    67     0
2499.96  8.17e-15  9.42e-15   345    16     0
2502.63 -4.44e-15  1.02e-14   345    -9     0
2505.30  5.99e-15  9.15e-15   345    12     0
2507.97  1.59e-14  9.60e-15   345    33     0
2510.63  4.74e-15  8.78e-15   345    10     0
2513.30 -1.74e-15  8.49e-15   345    -3     0
2515.97  2.42e-14  1.03e-14   345    51     0
2518.64  2.07e-15  8.69e-15   345     4     0
2521.31  3.35e-14  1.01e-14   345    73     0
2523.98 -1.01e-15  8.39e-15   345    -2     0
2526.65  1.63e-15  8.29e-15   345     3     0
2529.32  3.10e-15  8.35e-15   345     6     0
2531.99  7.07e-15  1.26e-14   345    15     0
2534.65 -1.99e-15  8.24e-15   345    -4     0
2537.32  1.29e-14  8.83e-15   345    29     0
2539.99  5.06e-15  8.60e-15   345    11     0
2542.66  4.44e-15  8.03e-15   345    10     0
2545.33  1.76e-14  8.75e-15   346    41     0
2548.00  3.05e-14  9.17e-15   346    73     0
2550.67 -2.49e-16  7.66e-15   346     0     0
2553.34 -4.34e-15  7.49e-15   346   -10     0
2556.01  3.20e-14  9.34e-15   346    78     0
2558.67  1.97e-14  8.53e-15   346    49     0
2561.34  2.43e-14  8.38e-15   346    62     0
2564.01  1.29e-14  7.75e-15   346    33     0
2566.68  7.02e-15  7.87e-15   346    18     0
2569.35 -7.08e-16  7.10e-15   346    -1     0
2572.02  1.02e-14  1.08e-14   346    26     0
2574.69 -4.55e-16  7.11e-15   346    -1     0
2577.36  6.92e-15  1.15e-14   346    17     0
2580.03  1.20e-14  7.64e-15   346    31     0
2582.69  3.04e-14  8.61e-15   346    80     0
2585.36  1.99e-14  8.24e-15   346    51     0
2588.03  7.03e-15  7.74e-15   346    18     0
2590.70  1.55e-14  7.83e-15   346    41     0
2593.37  4.08e-14  8.80e-15   346   109     0
2596.04  3.74e-14  9.27e-15   346   102     0
2598.71  3.14e-14  8.53e-15   346    86     0
2601.38  2.51e-14  1.62e-14   346    68     0
2604.05  1.22e-14  7.33e-15   346    33     0
2606.71  4.38e-14  8.50e-15   346   127     0
2609.38  3.32e-14  7.84e-15   346    97     0
2612.05  3.52e-14  8.35e-15   346   102     0
2614.72  3.53e-14  8.38e-15   346   103     0
2617.39  3.68e-14  1.26e-14   346   108     0
2620.06  3.33e-14  8.05e-15   346    99     0
2622.73  6.26e-14  9.61e-15   346   188     0
2625.40  6.91e-14  1.04e-14   346   208     0
2628.07  5.84e-14  9.65e-15   346   177     0
2630.73  3.48e-14  9.72e-15   346   106     0
2633.40  1.14e-14  8.50e-15   346    35     0
2636.07  1.81e-15  6.37e-15   346     5     0
2638.74  1.01e-14  6.68e-15   346    30     0
2641.41  1.13e-14  6.58e-15   346    35     0
2644.08  8.93e-15  6.43e-15   346    27     0
2646.75  2.30e-14  7.34e-15   346    70     0
2649.42  1.18e-14  6.58e-15   346    36     0
2652.09  3.65e-15  6.26e-15   346    11     0
2654.75  2.22e-15  6.16e-15   346     6     0
2657.42  4.99e-15  6.43e-15   346    15     0
2660.09  3.13e-15  6.16e-15   346     9     0
2662.76  1.36e-14  6.72e-15   346    42     0
2665.43  2.09e-15  6.12e-15   346     6     0
2668.10  7.98e-15  6.35e-15   346    24     0
2670.77  1.63e-14  6.63e-15   346    52     0
2673.44  1.17e-14  6.43e-15   346    37     0
2676.11 -1.32e-15  5.92e-15   346    -4     0
2678.77  5.85e-15  6.15e-15   346    18     0
2681.44 -2.54e-15  5.75e-15   347    -8     0
2684.11  3.44e-15  5.84e-15   347    11     0
2686.78  1.84e-16  5.72e-15   347     0     0
2689.45  7.75e-15  6.01e-15   347    25     0
2692.12  2.24e-14  6.85e-15   347    73     0
2694.79  7.10e-15  6.06e-15   347    23     0
2697.46  2.87e-15  5.97e-15   347     9     0
2700.13  1.27e-14  6.09e-15   347    42     0
2702.79  1.12e-14  6.21e-15   347    36     0
2705.46  1.30e-14  6.31e-15   347    42     0
2708.13  7.99e-15  6.15e-15   347    26     0
2710.80  1.73e-14  8.79e-15   347    57     0
2713.47  2.09e-14  6.73e-15   347    69     0
2716.14  1.32e-14  6.36e-15   347    43     0
2718.81  3.12e-14  7.43e-15   347   103     0
2721.48  2.19e-14  6.80e-15   347    72     0
2724.15  1.71e-14  6.46e-15   347    56     0
2726.81  1.60e-14  6.57e-15   347    54     0
2729.48  3.03e-14  7.05e-15   347   103     0
2732.15  1.28e-14  6.17e-15   347    42     0
2734.82  3.01e-14  6.90e-15   347   101     0
2737.49  1.71e-14  6.27e-15   348    59     0
2740.16  2.70e-14  6.93e-15   348    92     0
2742.83  2.83e-14  7.15e-15   348    96     0
2745.50  4.98e-14  1.06e-14   348   173     0
2748.17  1.87e-14  6.46e-15   348    65     0
2750.83  3.41e-14  7.52e-15   348   117     0
2753.50  3.02e-14  7.06e-15   348   103     0
2756.17  1.71e-14  7.28e-15   348    58     0
2758.84  2.54e-14  6.60e-15   348    87     0
2761.51  2.16e-14  6.39e-15   348    74     0
2764.18  2.79e-14  7.40e-15   348    95     0
2766.85  1.74e-14  6.25e-15   348    59     0
2769.52  1.54e-14  6.19e-15   348    52     0
2772.19  2.79e-14  6.92e-15   348    94     0
2774.85  4.99e-15  5.67e-15   349    16     0
2777.52  1.90e-14  6.42e-15   349    64     0
2780.19  1.72e-14  6.35e-15   349    58     0
2782.86  1.20e-14  5.99e-15   349    40     0
2785.53  1.14e-14  6.04e-15   349    38     0
2788.20  6.31e-14  8.91e-15   349   211     0
2790.87  7.70e-14  1.78e-14   349   260 -1376
2793.54  2.24e-13  2.33e-14   349   758     0
2796.21  2.16e-13  1.81e-14   349   722     0
2798.87  1.66e-13  2.43e-14   349   555  -256
2801.54  2.07e-13  1.78e-14   349   692     0
2804.21  6.35e-14  9.08e-15   350   211     0
2806.88  1.98e-14  6.60e-15   350    64     0
2809.55  1.75e-14  6.55e-15   350    57     0
2812.22  2.33e-15  5.58e-15   350     7     0
2814.89  1.54e-14  6.28e-15   350    51     0
2817.56  9.74e-15  5.99e-15   350    32     0
2820.23  1.41e-14  6.20e-15   350    46     0
2822.90  1.32e-14  6.93e-15   350    43     0
2825.56  1.80e-14  6.64e-15   350    57     0
2828.23  1.80e-14  6.67e-15   351    57     0
2830.90  7.32e-15  6.09e-15   351    23     0
2833.57  1.58e-14  6.56e-15   351    49     0
2836.24  2.44e-14  6.89e-15   351    79     0
2838.91  1.07e-14  6.16e-15   351    34     0
2841.58  1.84e-14  6.44e-15   351    60     0
2844.25  1.32e-14  6.17e-15   351    43     0
2846.92  2.20e-14  6.68e-15   351    70     0
2849.58  3.68e-14  7.68e-15   352   118     0
2852.25  8.66e-15  6.00e-15   352    27     0
2854.92  8.53e-15  6.08e-15   352    27     0
2857.59  2.18e-14  6.73e-15   352    69     0
2860.26  1.29e-14  6.31e-15   352    41     0
2862.93  1.08e-14  6.16e-15   352    34     0
2865.60  1.23e-14  9.13e-15   352    39     0
2868.27  5.71e-15  5.88e-15   353    18     0
2870.94  1.71e-14  6.56e-15   353    54     0
2873.60  1.43e-14  6.29e-15   353    45     0
2876.27  1.84e-14  7.41e-15   353    57     0
2878.94  1.77e-14  6.74e-15   353    54     0
2881.61  1.47e-14  6.46e-15   353    45     0
2884.28  1.03e-14  6.25e-15   353    32     0
2886.95  1.20e-14  6.34e-15   354    37     0
2889.62  9.54e-15  6.21e-15   354    29     0
2892.29  1.47e-14  6.45e-15   354    45     0
2894.96  1.73e-14  6.61e-15   354    53     0
2897.62  6.10e-15  6.03e-15   354    18     0
2900.29  1.69e-14  6.52e-15   354    53     0
2902.96  5.32e-15  5.88e-15   355    16     0
2905.63  1.56e-14  6.60e-15   355    46     0
2908.30  7.48e-15  6.18e-15   355    21     0
2910.97  1.82e-14  7.01e-15   355    53     0
2913.64  1.55e-14  6.75e-15   355    45     0
2916.31  9.57e-15  6.53e-15   356    27     0
2918.98  2.50e-14  7.45e-15   356    70     0
2921.64  1.64e-14  7.41e-15   356    45     0
2924.31  1.30e-14  6.98e-15   356    35     0
2926.98  1.17e-14  7.00e-15   356    31     0
2929.65  1.93e-14  1.14e-14   356    52     0
2932.32  3.32e-14  8.17e-15   357    90     0
2934.99  1.76e-14  7.33e-15   357    47     0
2937.66  1.17e-14  7.25e-15   357    30     0
2940.33  1.99e-14  7.39e-15   357    54     0
2943.00  2.70e-14  7.82e-15   357    73     0
2945.66  2.47e-14  7.96e-15   358    65     0
2948.33  1.35e-14  7.26e-15   358    35     0
2951.00  5.57e-15  7.02e-15   358    14     0
2953.67  1.75e-14  7.49e-15   358    45     0
2956.34  3.11e-14  8.05e-15   359    83     0
2959.01  1.14e-14  6.91e-15   359    30     0
2961.68  3.14e-15  6.91e-15   359     7     0
2964.35  1.30e-14  1.10e-14   359    32     0
2967.02  2.38e-14  8.87e-15   359    59     0
2969.68  1.98e-14  7.91e-15   360    48     0
2972.35  3.78e-14  9.09e-15   360    90     0
2975.02  1.71e-14  8.36e-15   360    39     0
2977.69  9.14e-15  7.90e-15   360    20     0
2980.36  1.34e-14  9.76e-15   361    30     0
2983.03  1.86e-14  8.36e-15   361    42     0
2985.70  9.45e-15  8.08e-15   361    20     0
2988.37  1.55e-14  8.48e-15   361    34     0
2991.04  9.03e-15  8.16e-15   362    19     0
2993.70  2.87e-14  9.25e-15   362    62     0
2996.37  2.56e-14  8.87e-15   362    56     0
2999.04  2.65e-14  9.24e-15   362    58     0
3001.71 -1.53e-15  7.87e-15   363    -3     0
3004.38  9.36e-15  8.73e-15   363    19     0
3007.05  2.06e-14  1.34e-14   363    44     0
3009.72  6.72e-15  8.31e-15   363    14     0
3012.39  1.61e-14  9.03e-15   364    32     0
3015.06  1.79e-14  9.22e-15   364    35     0
3017.72  1.85e-14  1.03e-14   364    36     0
3020.39  1.99e-14  1.22e-14   364    39     0
3023.06  2.02e-14  9.29e-15   365    39     0
3025.73  1.41e-14  9.31e-15   365    26     0
3028.40  2.69e-14  1.01e-14   365    50     0
3031.07  2.78e-14  1.04e-14   365    50     0
3033.74  4.40e-14  1.12e-14   366    79     0
3036.41  6.12e-15  9.33e-15   366    11     0
3039.08 -4.79e-15  9.14e-15   366    -8     0
3041.74  3.51e-14  1.48e-14   366    62     0
3044.41  2.38e-14  1.04e-14   367    42     0
3047.08  1.57e-14  1.04e-14   367    26     0
3049.75  6.51e-15  9.95e-15   367    10     0
3052.42  2.72e-14  1.12e-14   368    44     0
3055.09  1.91e-15  1.19e-14   368     3     0
3057.76  2.76e-14  1.16e-14   368    44     0
3060.43  2.40e-14  1.49e-14   368    37     0
3063.10  3.56e-15  1.05e-14   369     5     0
3065.76  2.16e-14  1.17e-14   369    33     0
3068.43  3.81e-14  2.14e-14   369    57     0
3071.10  3.28e-14  1.22e-14   370    48     0
3073.77  7.82e-15  1.12e-14   370    11     0
3076.44  5.14e-15  1.12e-14   370     7     0
3079.11  4.17e-14  2.16e-14   371    59     0
3081.78  1.66e-14  1.22e-14   371    23     0
3084.45  2.42e-14  1.41e-14   371    33     0
3087.12 -1.27e-14  1.21e-14   371   -16     0
3089.78  2.58e-14  1.37e-14   372    33     0
3092.45  4.52e-14  1.49e-14   372    58     0
3095.12 -6.57e-15  1.30e-14   372    -7     0
3097.79  5.62e-15  1.32e-14   373     6     0
3100.46  1.25e-14  1.36e-14   373    15     0
3103.13 -4.02e-15  1.35e-14   373    -4     0
3105.80  1.45e-14  1.41e-14   374    16     0
3108.47  1.55e-14  1.44e-14   374    17     0
3111.14  3.51e-15  1.49e-14   374     3     0
3113.80  3.23e-14  2.01e-14   374    34     0
3116.47  8.99e-15  1.62e-14   375     9     0
3119.14  2.72e-14  1.68e-14   375    27     0
3121.81  3.23e-14  1.67e-14   375    33     0
3124.48  1.52e-14  2.44e-14   376    15     0
3127.15  5.60e-14  2.80e-14   376    53     0
3129.82 -7.32e-15  1.64e-14   376    -6     0
3132.49  9.81e-15  1.72e-14   377     8     0
3135.16 -2.57e-16  1.67e-14   377     0     0
3137.82  5.91e-14  2.28e-14   377    53     0
3140.49  4.27e-14  2.33e-14   378    36     0
3143.16  3.16e-14  1.95e-14   378    26     0
3145.83  7.23e-15  1.84e-14   378     6     0
3148.50  3.45e-14  2.01e-14   379    28     0
3151.17  2.55e-14  3.30e-14   379    20     0
3153.84 -8.69e-15  1.95e-14   379    -6     0
3156.51  2.94e-14  2.19e-14   380    22     0
3159.18 -6.23e-16  1.98e-14   380     0     0
3161.84  4.23e-14  2.18e-14   380    32     0
3164.51  4.67e-14  2.24e-14   381    34     0
3167.18  1.04e-14  2.12e-14   381     7     0
3169.85  5.09e-14  2.82e-14   381    37     0
3172.52  3.41e-14  2.29e-14   382    23     0
3175.19  3.79e-14  2.43e-14   382    24     0
3177.86  5.17e-14  2.57e-14   382    33     0
3180.53  4.61e-14  2.70e-14   383    28     0
3183.20  5.48e-14  2.76e-14   383    32     0
3185.86  4.82e-14  2.57e-14   383    30     0
3188.53  1.99e-14  2.46e-14   384    12     0
3191.20  3.41e-14  2.69e-14   384    19     0
3193.87  5.84e-15  2.61e-14   384     3     0
3196.54  3.85e-14  2.89e-14   385    20     0
3199.21 -6.56e-15  2.92e-14   385    -3     0
3201.88  4.87e-14  2.95e-14   385    26     0
3204.55  4.91e-14  3.01e-14   386    25     0
3207.22  1.08e-14  3.05e-14   386     5     0
3209.88 -5.30e-14  3.18e-14   386   -24     0
3212.55 -2.82e-14  3.40e-14   387   -12     0
3215.22 -4.40e-14  3.71e-14   387   -17     0
3217.89  3.16e-14  3.75e-14   387    12     0
3220.56 -3.54e-14  3.23e-14   387   -15     0
3223.23  2.26e-14  4.93e-14   388     9     0
3225.90  9.23e-14  4.01e-14   388    37     0
3228.57  2.90e-14  3.76e-14   388    11     0
3231.24  5.93e-14  4.26e-14   389    22     0
3233.90  8.78e-15  3.81e-14   389     3     0
3236.57  3.69e-14  4.26e-14   389    12     0
3239.24  1.93e-14  4.26e-14   390     6     0
3241.91  2.01e-15  4.42e-14   390     0     0
3244.58 -6.40e-14  4.68e-14   390   -20     0
3247.25 -4.23e-14  5.22e-14   391   -12     0
3249.92  5.99e-14  6.27e-14   391    16     0
3252.59  4.04e-14  4.89e-14   391    12     0
3255.26  6.03e-14  5.09e-14   392    17     0
3257.92  3.12e-14  5.08e-14   392     8     0
3260.59 -7.70e-14  5.36e-14   392   -20     0
3263.26 -6.82e-14  5.54e-14   393   -17     0
3265.93  1.71e-13  6.63e-14   393    39     0
3268.60  7.23e-14  7.10e-14   393    16     0
3271.27  1.78e-14  5.63e-14   394     4     0
3273.94  1.72e-13  7.93e-14   394    41     0
3276.61 -6.94e-14  6.84e-14   394   -14     0
3279.28 -2.20e-14  1.02e-13   394    -4     0
3281.94  1.32e-13  7.11e-14   395    27     0
3284.61  3.44e-14  6.78e-14   395     7     0
3287.28  5.10e-14  9.81e-14   395    11     0
3289.95  2.43e-14  6.37e-14   396     5     0
3292.62  8.48e-14  7.02e-14   396    17     0
3295.29  6.25e-14  7.76e-14   396    11     0
3297.96  1.03e-13  8.30e-14   396    17     0
3300.63  7.67e-14  8.68e-14   397    12     0
3303.30 -1.47e-13  1.02e-13   397   -23     0
3305.96  7.77e-14  1.14e-13   397     9     0
3308.63  1.36e-14  1.13e-13   398     1     0
3311.30  6.63e-17  1.41e-13   398     0     0
3313.97  1.19e-13  1.20e-13   398    14     0
3316.64  1.66e-13  1.23e-13   398    19     0
3319.31  1.43e-13  1.25e-13   399    16     0
3321.98  1.39e-13  1.10e-13   399    17     0
3324.65 -1.83e-14  1.27e-13   399    -2     0
3327.32  1.45e-14  2.04e-13   399     1     0
3329.98  1.03e-13  1.25e-13   400    13     0
3332.65  1.65e-13  1.40e-13   400    16     0
3335.32  4.58e-13  1.59e-13   400    43     0
3337.99 -1.45e-14  1.44e-13   401    -1     0
3340.66  2.06e-13  1.91e-13   401    14     0
3343.33  1.35e-13  1.93e-13   401     9     0
3346.00 -2.44e-13  1.67e-13   401   -19     0
3348.67 -1.02e-13  1.71e-13   401    -7     0
