NOT ORIGINAL IUE PROJECT DATA PRODUCT
SWP6429LOWLARGE
HD  197481
20:42:04
-31:31:17
48
X-TRAIL
NO
1463.039
08/09/79
01:35:13
251
7.50
12/10/95
GSFC
2444124.56612
0
19
1150.58  1.01e-13  1.67e-13    88    18     0
1152.26  1.45e-13  1.58e-13    87    28     0
1153.93  1.97e-15  1.46e-13    87     0     0
1155.61  1.01e-14  1.43e-13    87     2     0
1157.29  4.59e-14  1.33e-13    87    10     0
1158.96  5.26e-14  1.23e-13    86    12     0
1160.64  9.44e-14  1.17e-13    86    24     0
1162.31  1.45e-13  1.09e-13    86    40     0
1163.99  7.19e-15  9.98e-14    86     2     0
1165.67  2.25e-14  9.55e-14    85     6     0
1167.34  4.07e-15  8.88e-14    85     1     0
1169.02  3.09e-14  8.29e-14    85    10     0
1170.70  1.09e-13  7.82e-14    84    41     0
1172.37 -5.36e-14  1.09e-13    84   -21     0
1174.05  6.50e-14  6.78e-14    84    28     0
1175.73  1.06e-13  6.51e-14    84    48     0
1177.40  3.83e-14  6.01e-14    84    18     0
1179.08  3.18e-14  5.65e-14    83    16     0
1180.75 -1.11e-13  8.32e-14    83   -58     0
1182.43  1.51e-14  5.11e-14    83     8     0
1184.11  1.05e-14  4.83e-14    83     6     0
1185.78  1.59e-14  4.58e-14    82    10     0
1187.46 -1.44e-14  4.44e-14    82    -9     0
1189.14  5.91e-14  4.32e-14    82    40     0
1190.81 -3.68e-14  4.52e-14    82   -25     0
1192.49  8.81e-14  4.47e-14    81    63     0
1194.17  7.41e-14  4.28e-14    81    55     0
1195.84 -2.23e-14  3.75e-14    81   -17     0
1197.52  1.59e-14  3.46e-14    81    12     0
1199.19  1.97e-14  3.35e-14    81    16     0
1200.87  5.84e-14  3.37e-14    80    48     0
1202.55  3.76e-14  3.22e-14    80    31     0
1204.22  1.36e-14  3.28e-14    80    11     0
1205.90  5.79e-14  4.93e-14    80    52     0
1207.58  1.59e-13  3.07e-14    80   148     0
1209.25  2.50e-13  5.05e-14    79   241     0
1210.93  5.19e-13  9.62e-14    79   506     0
1212.60  8.20e-13  1.43e-13    79   820     0
1214.28  1.09e-12  1.68e-13    79  1121     0
1215.96  1.17e-12  2.02e-13    79  1225     0
1217.63  1.01e-12  1.70e-13    79  1082     0
1219.31  6.62e-13  1.14e-13    78   723     0
1220.99  3.94e-13  7.41e-14    78   437     0
1222.66  1.69e-13  4.12e-14    78   191     0
1224.34  7.51e-14  2.33e-14    78    86     0
1226.02 -4.24e-15  2.18e-14    78    -4     0
1227.69  9.74e-15  2.15e-14    78    11     0
1229.37  1.23e-14  2.11e-14    77    14     0
1231.04  1.75e-14  2.07e-14    77    21     0
1232.72  2.43e-14  2.04e-14    77    30     0
1234.40  9.50e-15  2.15e-14    77    12     0
1236.07  6.47e-15  1.94e-14    77     8     0
1237.75  1.52e-14  1.92e-14    77    19     0
1239.43  1.66e-15  2.21e-14    76     2     0
1241.10  1.13e-14  1.90e-14    76    14     0
1242.78  1.93e-14  1.88e-14    76    25     0
1244.46  2.51e-15  1.83e-14    76     3     0
1246.13  8.80e-15  1.79e-14    76    12     0
1247.81  7.16e-15  1.76e-14    76     9     0
1249.48 -1.43e-14  1.73e-14    76   -19     0
1251.16  2.12e-14  1.79e-14    75    28     0
1252.84 -7.00e-15  1.74e-14    75    -9     0
1254.51 -2.06e-14  1.72e-14    75   -28     0
1256.19  1.20e-14  1.72e-14    75    16     0
1257.87 -6.50e-16  1.68e-14    75     0     0
1259.54  6.61e-15  1.67e-14    75     9     0
1261.22  1.83e-14  1.67e-14    75    25     0
1262.89  6.22e-15  1.64e-14    74     8     0
1264.57 -2.07e-14  1.62e-14    74   -29     0
1266.25 -7.05e-15  1.62e-14    74   -10     0
1267.92 -1.82e-14  1.61e-14    74   -26     0
1269.60  7.88e-15  1.60e-14    74    11     0
1271.28 -1.98e-14  1.59e-14    74   -28     0
1272.95 -3.05e-15  1.57e-14    74    -4     0
1274.63  2.74e-15  1.56e-14    73     3     0
1276.31  1.43e-14  1.56e-14    73    20     0
1277.98  1.15e-14  1.54e-14    73    16     0
1279.66  9.81e-15  1.77e-14    73    14     0
1281.33  1.70e-14  1.53e-14    73    24     0
1283.01 -3.40e-14  1.66e-14    73   -50     0
1284.69 -1.99e-14  1.49e-14    73   -29     0
1286.36  1.64e-14  1.49e-14    73    24     0
1288.04  5.69e-15  1.47e-14    72     8     0
1289.72  9.92e-15  1.46e-14    72    14     0
1291.39  1.40e-14  1.49e-14    72    20     0
1293.07  7.85e-15  1.47e-14    72    11     0
1294.75 -9.82e-15  1.46e-14    72   -14     0
1296.42 -7.40e-15  1.43e-14    72   -11     0
1298.10 -4.88e-15  1.42e-14    72    -7     0
1299.77  1.16e-14  1.43e-14    72    17     0
1301.45  3.18e-14  1.48e-14    71    46     0
1303.13  5.81e-15  1.49e-14    71     8     0
1304.80  4.20e-15  1.43e-14    71     6     0
1306.48  3.13e-14  1.44e-14    71    46     0
1308.16  8.61e-15  1.40e-14    71    12     0
1309.83 -9.43e-15  1.41e-14    71   -14     0
1311.51 -1.27e-14  1.39e-14    71   -18     0
1313.19  9.05e-15  1.40e-14    71    13     0
1314.86 -1.53e-14  1.39e-14    70   -22     0
1316.54  7.18e-15  1.37e-14    70    10     0
1318.21 -1.66e-14  1.39e-14    70   -24     0
1319.89  2.44e-14  1.46e-14    70    36     0
1321.57  9.82e-15  1.47e-14    70    14     0
1323.24  1.89e-14  1.53e-14    70    27     0
1324.92  5.45e-15  1.46e-14    70     8     0
1326.60  3.42e-15  1.38e-14    70     5     0
1328.27  4.98e-15  1.38e-14    69     7     0
1329.95 -5.04e-15  1.35e-14    69    -7     0
1331.62  1.30e-14  1.33e-14    69    19     0
1333.30  1.40e-14  1.33e-14    69    20     0
1334.98  2.11e-14  1.50e-14    69    31     0
1336.65  5.83e-14  1.45e-14    69    83     0
1338.33  1.31e-14  1.37e-14    69    18     0
1340.01 -4.96e-16  1.35e-14    68     0     0
1341.68 -6.76e-15  1.35e-14    68    -9     0
1343.36  2.62e-14  1.39e-14    68    36     0
1345.04 -1.20e-14  1.36e-14    68   -17     0
1346.71 -1.54e-14  2.19e-14    68   -21     0
1348.39 -1.58e-15  1.35e-14    68    -2     0
1350.06  2.26e-15  1.36e-14    68     3     0
1351.74  1.06e-14  1.37e-14    68    14     0
1353.42  1.07e-14  1.37e-14    67    14     0
1355.09  1.43e-14  1.39e-14    67    19     0
1356.77  7.42e-15  1.38e-14    67     9     0
1358.45  1.61e-14  1.39e-14    67    21     0
1360.12  5.12e-15  1.36e-14    67     6     0
1361.80  1.44e-15  1.36e-14    67     1     0
1363.48  2.10e-14  1.39e-14    67    28     0
1365.15  1.53e-14  1.38e-14    67    20     0
1366.83  9.83e-15  1.37e-14    66    13     0
1368.50  1.11e-15  1.36e-14    66     1     0
1370.18  5.72e-15  1.39e-14    66     7     0
1371.86  2.21e-14  1.42e-14    66    28     0
1373.53  4.10e-15  1.38e-14    66     5     0
1375.21  1.76e-15  1.37e-14    66     2     0
1376.89 -1.79e-14  3.08e-14    66   -22     0
1378.56  2.07e-15  1.37e-14    65     2     0
1380.24  2.67e-15  1.37e-14    65     3     0
1381.91  1.02e-15  1.38e-14    65     1     0
1383.59 -3.46e-14  1.37e-14    65   -43     0
1385.27 -1.42e-14  1.39e-14    65   -17     0
1386.94 -8.51e-15  1.71e-14    65   -10     0
1388.62  1.49e-15  1.40e-14    65     1     0
1390.30  9.54e-15  1.40e-14    64    11     0
1391.97  8.56e-15  1.41e-14    64    10     0
1393.65  2.03e-14  1.43e-14    64    24     0
1395.33  3.73e-14  1.50e-14    64    44     0
1397.00  8.97e-15  1.44e-14    64    10     0
1398.68  1.42e-14  1.68e-14    64    16     0
1400.35  1.11e-14  1.43e-14    64    12     0
1402.03 -1.51e-14  1.42e-14    63   -17     0
1403.71  2.48e-14  1.46e-14    63    28     0
1405.38  2.07e-14  1.44e-14    63    23     0
1407.06 -1.76e-14  1.42e-14    63   -20     0
1408.74  2.07e-15  1.42e-14    63     2     0
1410.41  2.75e-14  1.46e-14    63    31     0
1412.09  1.31e-14  1.44e-14    63    14     0
1413.77 -2.02e-14  1.42e-14    62   -22     0
1415.44  9.73e-15  1.45e-14    62    10     0
1417.12 -6.51e-15  1.45e-14    62    -7     0
1418.79  8.97e-15  1.47e-14    62     9     0
1420.47 -2.94e-15  1.45e-14    62    -3     0
1422.15 -1.88e-14  1.45e-14    62   -20     0
1423.82 -1.25e-14  1.58e-14    61   -13     0
1425.50 -4.98e-15  1.47e-14    61    -5     0
1427.18 -3.06e-14  1.47e-14    61   -32     0
1428.85  3.85e-15  1.47e-14    61     4     0
1430.53 -6.96e-15  1.46e-14    61    -7     0
1432.20  5.37e-15  1.68e-14    61     5     0
1433.88 -1.65e-14  1.46e-14    60   -17     0
1435.56 -1.02e-14  1.48e-14    60   -10     0
1437.23  3.40e-15  1.56e-14    60     3     0
1438.91 -1.31e-14  1.72e-14    60   -13     0
1440.59 -1.35e-14  1.49e-14    60   -13     0
1442.26 -3.61e-15  1.49e-14    60    -3     0
1443.94  1.53e-16  1.49e-14    60     0     0
1445.62 -4.34e-16  1.52e-14    59     0     0
1447.29  7.01e-15  1.52e-14    59     6     0
1448.97  1.01e-15  1.48e-14    59     0     0
1450.64  3.18e-15  1.49e-14    59     3     0
1452.32  9.11e-15  1.90e-14    59     8     0
1454.00  4.29e-15  1.57e-14    58     4     0
1455.67 -6.69e-15  1.48e-14    58    -6     0
1457.35 -1.72e-18  1.48e-14    58     0     0
1459.03 -1.35e-14  1.47e-14    58   -13     0
1460.70 -1.00e-14  1.50e-14    58    -9     0
1462.38  1.77e-14  1.52e-14    58    16     0
1464.06 -2.15e-14  1.50e-14    57   -20     0
1465.73  1.60e-14  1.48e-14    57    15     0
1467.41  1.65e-14  1.49e-14    57    15     0
1469.08  2.12e-14  1.49e-14    57    20     0
1470.76  2.00e-14  1.50e-14    57    18     0
1472.44  1.37e-14  1.48e-14    57    12     0
1474.11 -1.50e-14  1.48e-14    56   -14     0
1475.79 -1.29e-14  1.46e-14    56   -12     0
1477.47  2.43e-14  1.51e-14    56    22     0
1479.14  1.07e-14  1.46e-14    56     9     0
1480.82  1.81e-14  1.46e-14    56    17     0
1482.50  1.07e-14  1.44e-14    56    10     0
1484.17  1.23e-14  1.44e-14    55    11     0
1485.85  4.59e-15  1.43e-14    55     4     0
1487.52  1.11e-14  1.44e-14    55    10     0
1489.20 -1.08e-14  1.43e-14    55    -9     0
1490.88  2.64e-14  1.46e-14    55    24     0
1492.55  8.82e-15  1.42e-14    54     8     0
1494.23 -8.59e-15  1.41e-14    54    -7     0
1495.91 -1.49e-14  1.45e-14    54   -13     0
1497.58  3.75e-15  1.42e-14    54     3     0
1499.26 -9.12e-15  1.42e-14    54    -8     0
1500.93  3.41e-14  1.70e-14    54    30     0
1502.61 -3.23e-15  1.44e-14    53    -2     0
1504.29  2.12e-14  1.47e-14    53    18     0
1505.96  6.72e-15  1.45e-14    53     5     0
1507.64  1.73e-14  1.72e-14    53    15     0
1509.32  3.88e-14  1.52e-14    53    33     0
1510.99  4.08e-15  1.45e-14    52     3     0
1512.67 -1.15e-14  1.42e-14    52   -10     0
1514.35  2.13e-16  1.42e-14    52     0     0
1516.02 -6.78e-15  1.42e-14    52    -5     0
1517.70  2.28e-15  1.42e-14    52     1     0
1519.37  8.18e-15  1.42e-14    51     7     0
1521.05  1.24e-14  1.64e-14    51    10     0
1522.73 -4.57e-15  1.45e-14    51    -3     0
1524.40  2.29e-14  1.44e-14    51    19     0
1526.08  7.01e-15  1.42e-14    51     6     0
1527.76  1.07e-14  2.23e-14    51     9     0
1529.43 -1.42e-14  1.40e-14    50   -12     0
1531.11  3.04e-14  1.46e-14    50    25     0
1532.79 -4.30e-15  1.42e-14    50    -3     0
1534.46  2.18e-14  1.44e-14    50    18     0
1536.14  3.04e-14  2.20e-14    50    25     0
1537.81 -1.60e-14  1.71e-14    49   -13     0
1539.49  1.29e-14  1.76e-14    49    10     0
1541.17  1.33e-14  1.40e-14    49    11     0
1542.84  2.71e-14  1.52e-14    49    22     0
1544.52  2.37e-14  1.62e-14    49    19     0
1546.20  5.15e-14  1.90e-14    48    43     0
1547.87  6.58e-14  2.54e-14    48    54     0
1549.55  8.12e-14  2.99e-14    48    67     0
1551.22  7.63e-14  1.89e-14    48    63     0
1552.90  5.68e-14  1.44e-14    48    47     0
1554.58  2.83e-15  1.46e-14    48     2     0
1556.25 -9.12e-15  1.33e-14    47    -7     0
1557.93 -1.31e-15  1.68e-14    47    -1     0
1559.61 -8.62e-15  1.60e-14    47    -7     0
1561.28  1.76e-14  1.35e-14    47    14     0
1562.96 -6.62e-16  1.41e-14    47     0     0
1564.64 -3.73e-14  1.29e-14    46   -31     0
1566.31 -4.32e-15  1.65e-14    46    -3     0
1567.99 -4.13e-15  1.33e-14    46    -3     0
1569.66  1.77e-14  1.41e-14    46    14     0
1571.34 -1.73e-14  1.26e-14    46   -14     0
1573.02 -9.16e-15  1.27e-14    45    -7     0
1574.69 -1.41e-14  1.24e-14    45   -11     0
1576.37 -1.50e-14  1.25e-14    45   -12     0
1578.05  2.40e-14  1.49e-14    45    20     0
1579.72  1.41e-14  1.72e-14    45    12     0
1581.40 -1.63e-14  1.39e-14    45   -13     0
1583.08  2.01e-14  1.25e-14    44    17     0
1584.75  1.14e-14  1.34e-14    44     9     0
1586.43 -4.55e-15  1.28e-14    44    -3     0
1588.10  2.20e-14  1.26e-14    44    18     0
1589.78  3.42e-14  1.65e-14    44    28     0
1591.46  1.51e-14  1.65e-14    43    12     0
1593.13 -4.66e-15  1.72e-14    43    -3     0
1594.81 -9.18e-15  1.16e-14    43    -7     0
1596.49  2.17e-14  1.28e-14    43    18     0
1598.16 -6.69e-15  1.30e-14    43    -5     0
1599.84  1.59e-14  1.55e-14    43    13     0
1601.52  2.12e-14  1.17e-14    42    18     0
1603.19  2.47e-14  1.17e-14    42    21     0
1604.87 -1.42e-14  1.63e-14    42   -12     0
1606.54  5.77e-14  1.51e-14    42    49     0
1608.22  4.80e-14  1.25e-14    42    41     0
1609.90 -2.20e-14  1.12e-14    41   -19     0
1611.57  1.21e-14  1.09e-14    41    10     0
1613.25 -4.04e-15  1.07e-14    41    -3     0
1614.93 -1.54e-14  1.20e-14    41   -13     0
1616.60  1.85e-14  1.34e-14    41    16     0
1618.28 -1.10e-15  1.07e-14    41     0     0
1619.95  2.03e-14  1.46e-14    40    17     0
1621.63  4.10e-14  1.81e-14    40    36     0
1623.31 -5.92e-15  1.30e-14    40    -5     0
1624.98  2.06e-14  1.06e-14    40    18     0
1626.66 -2.19e-15  1.03e-14    40    -1     0
1628.34  1.15e-14  1.03e-14    40    10     0
1630.01  6.30e-15  1.29e-14    39     5     0
1631.69 -4.71e-15  1.24e-14    39    -4     0
1633.37  1.08e-14  1.62e-14    39     9     0
1635.04  4.62e-15  1.00e-14    39     4     0
1636.72  3.04e-14  1.06e-14    39    27     0
1638.39  2.41e-14  2.08e-14    39    21     0
1640.07  7.09e-14  1.72e-14    39    64     0
1641.75  6.85e-14  2.04e-14    38    62     0
1643.42  1.65e-14  1.05e-14    38    15     0
1645.10  1.95e-14  9.72e-15    38    17     0
1646.78  1.23e-14  9.49e-15    38    11     0
1648.45  5.40e-15  1.12e-14    38     4     0
1650.13  5.45e-15  1.24e-14    38     5     0
1651.81  1.40e-14  9.50e-15    37    13     0
1653.48  3.55e-15  1.78e-14    37     3     0
1655.16  2.59e-14  1.72e-14    37    24     0
1656.83  1.97e-14  9.97e-15    37    18     0
1658.51  3.16e-14  1.25e-14    37    30     0
1660.19  1.53e-14  1.79e-14    37    14     0
1661.86  1.71e-14  1.63e-14    37    16     0
1663.54  2.09e-14  8.77e-15    36    20     0
1665.22 -5.73e-15  8.41e-15    36    -5     0
1666.89 -5.31e-15  8.33e-15    36    -5     0
1668.57 -8.02e-15  8.25e-15    36    -7     0
1670.24  1.78e-15  8.24e-15    36     1     0
1671.92  5.53e-15  1.09e-14    36     5     0
1673.60  7.46e-15  8.16e-15    36     7     0
1675.27  1.38e-14  9.47e-15    36    13     0
1676.95  1.13e-15  8.55e-15    35     1     0
1678.63  1.06e-14  8.00e-15    35    10     0
1680.30 -2.06e-15  9.84e-15    35    -2     0
1681.98  8.38e-15  1.10e-14    35     8     0
1683.66  4.47e-15  7.50e-15    35     4     0
1685.33 -8.58e-15  7.39e-15    35    -8     0
1687.01 -1.21e-15  1.02e-14    35    -1     0
1688.68 -2.42e-15  9.24e-15    35    -2     0
1690.36  7.54e-15  7.36e-15    35     7     0
1692.04 -9.22e-16  9.24e-15    34     0     0
1693.71  2.63e-15  7.56e-15    34     2     0
1695.39  1.30e-14  7.13e-15    34    13     0
1697.07  1.19e-14  7.05e-15    34    12     0
1698.74  1.26e-14  8.23e-15    34    13     0
1700.42 -1.65e-14  8.50e-15    34   -17     0
1702.10  3.71e-15  6.66e-15    34     4     0
1703.77  7.89e-15  6.79e-15    34     8     0
1705.45 -5.47e-15  6.53e-15    34    -5     0
1707.12  6.06e-15  6.51e-15    34     6     0
1708.80 -1.31e-15  6.37e-15    34    -1     0
1710.48  4.46e-15  6.37e-15    33     4     0
1712.15 -1.55e-15  6.98e-15    33    -1     0
1713.83  2.00e-15  6.21e-15    33     2     0
1715.51  3.40e-15  6.05e-15    33     3     0
1717.18 -1.79e-15  6.09e-15    33    -2     0
1718.86  1.86e-15  5.89e-15    33     2     0
1720.54  1.21e-15  5.86e-15    33     1     0
1722.21 -9.01e-15  5.83e-15    33   -10     0
1723.89  3.61e-15  8.01e-15    33     4     0
1725.56  7.04e-15  5.76e-15    33     8     0
1727.24 -5.87e-15  5.65e-15    33    -6     0
1728.92  1.27e-14  5.77e-15    33    14     0
1730.59  4.65e-15  6.26e-15    33     5     0
1732.27 -6.88e-15  6.46e-15    33    -8     0
1733.95  3.27e-15  5.36e-15    32     3     0
1735.62  3.24e-15  5.16e-15    32     4     0
1737.30  9.63e-15  5.28e-15    32    12     0
1738.97  2.63e-15  6.91e-15    32     3     0
1740.65  3.54e-15  5.04e-15    32     4     0
1742.33  2.30e-14  5.43e-15    32    28     0
1744.00  2.96e-14  7.95e-15    32    37     0
1745.68  3.96e-14  1.08e-14    32    50     0
1747.36  1.93e-14  9.28e-15    32    24     0
1749.03  1.38e-14  4.97e-15    32    17     0
1750.71  9.32e-15  4.90e-15    32    11     0
1752.39  1.11e-14  5.03e-15    32    14     0
1754.06  1.93e-14  6.83e-15    32    25     0
1755.74  4.96e-15  4.58e-15    32     6     0
1757.41  1.02e-14  4.68e-15    32    13     0
1759.09  2.51e-15  4.44e-15    32     3     0
1760.77  5.05e-15  4.83e-15    32     6     0
1762.44  1.10e-14  4.50e-15    32    14     0
1764.12  6.40e-16  4.37e-15    32     0     0
1765.80  4.35e-15  4.83e-15    32     5     0
1767.47  2.72e-15  4.22e-15    32     3     0
1769.15  2.48e-15  6.45e-15    32     3     0
1770.83 -1.07e-14  4.09e-15    32   -14     0
1772.50 -3.72e-15  4.05e-15    32    -5     0
1774.18 -1.71e-15  4.01e-15    32    -2     0
1775.85 -7.33e-16  3.95e-15    32    -1     0
1777.53  4.65e-15  4.03e-15    32     6     0
1779.21 -9.91e-16  3.84e-15    32    -1     0
1780.88  2.74e-16  4.24e-15    32     0     0
1782.56  1.49e-16  3.91e-15    32     0     0
1784.24  9.94e-17  3.81e-15    32     0     0
1785.91 -7.69e-16  3.96e-15    32    -1     0
1787.59 -1.63e-15  4.77e-15    32    -2     0
1789.26  6.15e-15  4.36e-15    32     8     0
1790.94 -4.38e-15  4.45e-15    32    -6     0
1792.62 -9.14e-15  3.93e-15    32   -13     0
1794.29 -4.01e-15  3.98e-15    32    -5     0
1795.97 -7.07e-15  3.70e-15    32   -10     0
1797.65 -7.81e-15  4.15e-15    32   -11     0
1799.32  4.09e-16  3.42e-15    32     0     0
1801.00  8.06e-16  3.95e-15    32     1     0
1802.68  1.63e-15  3.38e-15    33     2     0
1804.35  1.45e-15  4.85e-15    33     2     0
1806.03  9.67e-15  5.03e-15    33    14     0
1807.70  1.12e-14  3.94e-15    33    16     0
1809.38  1.20e-14  3.56e-15    33    17     0
1811.06  1.27e-14  3.64e-15    33    18     0
1812.73  8.16e-15  4.76e-15    33    12     0
1814.41  1.17e-14  4.44e-15    33    17     0
1816.09  1.81e-14  6.79e-15    33    27     0
1817.76  2.84e-14  6.80e-15    33    42     0
1819.44  1.56e-14  6.71e-15    33    23     0
1821.12  6.44e-15  3.70e-15    33     9     0
1822.79 -1.55e-15  3.19e-15    33    -2     0
1824.47 -1.88e-15  3.46e-15    33    -2     0
1826.14  3.72e-15  3.17e-15    34     5     0
1827.82  1.45e-15  3.89e-15    34     2     0
1829.50  8.37e-15  3.63e-15    34    12     0
1831.17  8.32e-15  4.00e-15    34    12     0
1832.85  1.35e-14  5.78e-15    34    20     0
1834.53  2.01e-15  3.56e-15    34     3     0
1836.20  1.57e-15  3.37e-15    34     2     0
1837.88  2.24e-15  3.17e-15    34     3     0
1839.55  1.28e-15  3.17e-15    34     1     0
1841.23  2.25e-17  3.32e-15    35     0     0
1842.91  1.77e-15  3.25e-15    35     2     0
1844.58  4.49e-15  3.18e-15    35     6     0
1846.26  4.87e-15  3.41e-15    35     7     0
1847.94  3.83e-15  3.19e-15    35     5     0
1849.61  9.74e-15  3.21e-15    35    14     0
1851.29  1.46e-14  3.17e-15    35    22     0
1852.97  1.08e-14  3.17e-15    35    16     0
1854.64  8.51e-15  3.17e-15    36    12     0
1856.32  1.54e-14  3.19e-15    36    23     0
1857.99  1.72e-14  3.20e-15    36    25     0
1859.67  6.48e-15  3.23e-15    36     9     0
1861.35  8.19e-15  3.46e-15    36    12     0
1863.02  1.01e-14  3.63e-15    36    15     0
1864.70  7.53e-15  3.19e-15    36    11     0
1866.38  2.99e-15  3.32e-15    37     4     0
1868.05  9.18e-16  3.22e-15    37     1     0
1869.73  3.51e-16  3.22e-15    37     0     0
1871.41 -2.19e-15  3.22e-15    37    -3     0
1873.08 -2.58e-15  3.23e-15    37    -3     0
1874.76  8.11e-15  3.23e-15    37    12     0
1876.43  3.94e-15  3.27e-15    38     5     0
1878.11  7.66e-15  3.28e-15    38    11     0
1879.79  6.81e-15  3.29e-15    38     9     0
1881.46  7.98e-15  3.25e-15    38    11     0
1883.14  2.78e-15  3.26e-15    38     4     0
1884.82  4.22e-15  3.27e-15    38     6     0
1886.49  5.79e-15  3.27e-15    39     8     0
1888.17  5.89e-15  4.09e-15    39     8     0
1889.85  1.15e-14  3.29e-15    39    16     0
1891.52  1.15e-14  3.31e-15    39    16     0
1893.20  4.22e-16  3.32e-15    39     0     0
1894.87 -1.98e-15  3.32e-15    40    -2     0
1896.55  5.89e-15  3.31e-15    40     8     0
1898.23  7.84e-15  3.35e-15    40    11     0
1899.90  1.25e-14  3.32e-15    40    18     0
1901.58  1.68e-14  3.33e-15    40    24     0
1903.26  1.07e-14  3.32e-15    40    15     0
1904.93  8.08e-15  3.33e-15    41    11     0
1906.61  1.00e-14  3.34e-15    41    14     0
1908.28  1.10e-14  3.61e-15    41    15     0
1909.96  4.95e-15  3.34e-15    41     7     0
1911.64 -2.06e-15  3.34e-15    42    -2     0
1913.31 -4.62e-16  3.34e-15    42     0     0
1914.99  4.86e-15  3.42e-15    42     6     0
1916.67  2.07e-15  3.67e-15    42     2     0
1918.34  9.05e-15  3.67e-15    42    13     0
1920.02  1.29e-14  3.90e-15    43    18     0
1921.70  5.97e-15  3.90e-15    43     8     0
1923.37  7.14e-15  4.02e-15    43    10     0
1925.05  3.17e-15  3.71e-15    43     4     0
1926.72  8.66e-15  3.64e-15    43    12     0
1928.40  5.17e-15  3.37e-15    44     7     0
1930.08  5.15e-16  3.96e-15    44     0     0
1931.75 -4.76e-16  4.24e-15    44     0     0
1933.43 -5.45e-16  3.37e-15    44     0     0
1935.11  5.39e-15  3.31e-15    45     7     0
1936.78  5.10e-15  3.31e-15    45     7     0
1938.46  5.81e-15  3.30e-15    45     8     0
1940.14  1.00e-14  3.31e-15    45    14     0
1941.81  3.31e-15  3.30e-15    45     4     0
1943.49  3.19e-15  3.29e-15    46     4     0
1945.16  4.59e-15  3.27e-15    46     6     0
1946.84  4.21e-15  3.28e-15    46     6     0
1948.52  7.39e-15  3.25e-15    46    10     0
1950.19 -6.06e-16  3.21e-15    47     0     0
1951.87  1.13e-14  3.21e-15    47    16     0
1953.55  1.73e-14  3.19e-15    47    26     0
1955.22  1.35e-14  3.20e-15    47    20     0
1956.90  7.88e-15  3.19e-15    48    11     0
1958.57  7.60e-15  3.19e-15    48    11     0
1960.25  7.89e-15  3.19e-15    48    11     0
1961.93  7.73e-15  3.19e-15    48    11     0
1963.60  4.56e-15  3.19e-15    48     6     0
1965.28 -3.69e-15  3.22e-15    49    -5     0
1966.96  3.53e-16  3.22e-15    49     0     0
1968.63 -8.11e-16  3.26e-15    49    -1     0
1970.31 -6.20e-15  3.46e-15    49    -9     0
1971.99 -1.82e-15  3.37e-15    50    -2     0
1973.66 -9.50e-16  3.26e-15    50    -1     0
1975.34  1.06e-14  3.53e-15    50    15     0
1977.01  1.21e-14  3.32e-15    50    17     0
1978.69  1.27e-14  3.30e-15    51    18     0
