NOT ORIGINAL IUE PROJECT DATA PRODUCT
SWP06409LOWLARGE
HD  197481
20:42:03
-31:31:05
48
NO-TRAIL
NO
8999.602
06/09/79
19:00:35
249
8.17
02/08/99
VILSPA
2444123.29207
54
33
1150.59  1.22e-14  1.77e-14   412    13     0
1152.27  1.84e-14  1.69e-14   411    20     0
1153.94  1.48e-14  1.57e-14   411    18     0
1155.62 -6.78e-16  1.41e-14   411     0     0
1157.29  3.29e-15  1.32e-14   410     4     0
1158.97 -9.29e-15  1.21e-14   410   -14     0
1160.65  2.46e-15  1.10e-14   409     4     0
1162.32  7.44e-15  1.10e-14   409    13     0
1164.00 -1.19e-14  9.69e-15   409   -22     0
1165.68 -6.11e-15  9.26e-15   408   -11     0
1167.35 -6.87e-15  8.62e-15   408   -14     0
1169.03 -1.45e-15  8.03e-15   407    -3     0
1170.70 -2.92e-15  7.56e-15   407    -6     0
1172.38 -3.53e-15  7.06e-15   406    -8     0
1174.06  1.01e-14  7.02e-15   406    27     0
1175.73  1.60e-14  6.83e-15   405    46     0
1177.41  2.82e-14  6.97e-15   404    86     0
1179.09  1.84e-14  6.25e-15   404    60     0
1180.76  8.10e-15  5.53e-15   403    27     0
1182.44 -2.37e-16  4.88e-15   403     0     0
1184.12 -2.01e-15  4.62e-15   402    -7     0
1185.79 -2.02e-15  6.04e-15   402    -8     0
1187.47 -3.18e-15  8.25e-15   401   -13 -4096
1189.14 -1.09e-15  9.12e-15   400    -4 -4096
1190.82 -3.39e-14  2.59e-14   400  -149 -4096
1192.50  1.59e-14  3.54e-14   399    73 -4096
1194.17  8.02e-15  8.89e-15   398    38 -4096
1195.85  9.45e-15  7.53e-15   398    46 -4096
1197.53  7.88e-15  3.74e-15   397    40     0
1199.20  5.64e-15  3.52e-15   396    29     0
1200.88  1.10e-14  3.73e-15   396    58     0
1202.56  1.15e-14  3.64e-15   395    62     0
1204.23  1.55e-14  3.73e-15   394    87     0
1205.91  3.90e-14  9.64e-15   394   225     0
1207.58  5.73e-14  1.00e-14   393   340     0
1209.26  1.06e-13  1.96e-14   392   647     0
1210.94  2.09e-13  2.22e-14   392  1297     0
1212.61  4.50e-13  1.87e-14   391  2866 -1312
1214.29  8.09e-13  4.50e-13   390  5283 -1280
1215.97  1.73e-12  1.36e-13   390 11590 -1280
1217.64  5.44e-12  1.78e-12   389 37213 -1280
1219.32  5.93e-13  2.98e-13   388  4151 -1280
1221.00  5.30e-13  1.29e-14   387  3797 -1312
1222.67  1.03e-13  9.54e-15   387   749     0
1224.35  3.49e-14  6.42e-15   386   260     0
1226.02  8.11e-15  2.96e-15   385    60     0
1227.70  3.84e-15  2.31e-15   385    29     0
1229.38  5.68e-15  2.36e-15   384    43     0
1231.05  7.45e-15  2.42e-15   383    57     0
1232.73  1.03e-15  2.09e-15   382     8     0
1234.41  1.62e-15  2.08e-15   382    12     0
1236.08  6.07e-15  2.30e-15   381    48     0
1237.76  3.96e-15  2.15e-15   380    32     0
1239.44  1.04e-14  2.45e-15   379    85     0
1241.11  7.93e-15  2.27e-15   379    66     0
1242.79  8.61e-15  2.29e-15   378    73     0
1244.46  6.39e-15  2.15e-15   377    54     0
1246.14  3.95e-15  2.04e-15   377    34     0
1247.82  7.25e-16  1.83e-15   376     6     0
1249.49  2.97e-16  1.80e-15   375     2     0
1251.17 -1.26e-15  1.81e-15   374   -10     0
1252.85 -4.13e-16  1.79e-15   374    -3     0
1254.52  3.05e-15  1.92e-15   373    26     0
1256.20  2.60e-15  1.86e-15   372    23     0
1257.88  1.12e-15  1.77e-15   372    10     0
1259.55  1.57e-15  1.77e-15   371    14     0
1261.23  1.61e-15  1.79e-15   370    14     0
1262.90  2.20e-15  1.80e-15   369    19     0
1264.58  5.54e-16  1.71e-15   369     5     0
1266.26  3.37e-15  1.86e-15   368    30     0
1267.93  5.27e-15  1.92e-15   367    47     0
1269.61  3.04e-15  1.80e-15   367    27     0
1271.29  1.41e-15  1.69e-15   366    13     0
1272.96  3.39e-15  1.78e-15   365    31     0
1274.64  1.01e-15  1.66e-15   365     9     0
1276.31  1.92e-15  1.67e-15   364    18     0
1277.99  5.94e-15  1.85e-15   363    56     0
1279.67  4.95e-15  1.78e-15   362    47     0
1281.34  1.57e-15  1.63e-15   362    14     0
1283.02  1.07e-15  1.61e-15   361    10     0
1284.70  1.29e-15  1.61e-15   360    12     0
1286.37  4.62e-15  1.78e-15   360    43     0
1288.05  2.12e-15  1.62e-15   359    20     0
1289.73  1.07e-15  1.66e-15   358    10     0
1291.40  1.14e-15  1.59e-15   358    10     0
1293.08 -3.61e-16  1.53e-15   357    -3     0
1294.75  2.80e-15  1.65e-15   357    26     0
1296.43  4.45e-15  1.75e-15   356    41     0
1298.11  2.02e-15  1.63e-15   355    19     0
1299.78  3.87e-15  1.70e-15   355    36     0
1301.46  6.64e-15  1.82e-15   354    63     0
1303.14  1.01e-14  2.16e-15   353    96     0
1304.81  1.76e-14  2.36e-15   353   169     0
1306.49  2.11e-14  2.49e-15   352   205     0
1308.17  1.54e-14  2.20e-15   352   149     0
1309.84  9.11e-15  1.89e-15   351    88     0
1311.52  2.64e-15  1.62e-15   350    24     0
1313.19  4.00e-15  1.70e-15   350    37     0
1314.87  4.71e-15  1.73e-15   349    44     0
1316.55  2.98e-15  1.64e-15   349    27     0
1318.22  3.65e-15  1.66e-15   348    34     0
1319.90  3.08e-15  1.63e-15   347    28     0
1321.58  2.16e-15  1.55e-15   347    20     0
1323.25  1.66e-15  1.52e-15   346    15     0
1324.93  2.61e-15  1.57e-15   346    24     0
1326.61  7.06e-16  1.46e-15   345     6     0
1328.28  1.62e-15  1.52e-15   345    15     0
1329.96  2.66e-15  1.57e-15   344    25     0
1331.63  5.76e-15  1.75e-15   343    53     0
1333.31  1.16e-14  1.98e-15   343   106     0
1334.99  2.82e-14  2.82e-15   342   259     0
1336.66  3.62e-14  3.22e-15   342   325     0
1338.34  2.95e-14  3.07e-15   341   264     0
1340.02  5.87e-15  1.75e-15   341    53     0
1341.69  1.53e-15  1.54e-15   340    13     0
1343.37  4.21e-15  1.68e-15   340    38     0
1345.05 -1.13e-16  1.48e-15   339    -1     0
1346.72 -2.21e-15  1.48e-15   339   -19     0
1348.40  1.09e-15  1.53e-15   338     9     0
1350.07 -1.34e-16  1.49e-15   338    -1     0
1351.75  2.61e-15  1.62e-15   337    22     0
1353.43  4.11e-15  1.70e-15   337    35     0
1355.10  2.86e-15  1.65e-15   336    24     0
1356.78  1.71e-15  1.60e-15   336    14     0
1358.46  4.59e-15  1.73e-15   335    39     0
1360.13  3.20e-16  1.50e-15   335     2     0
1361.81  3.93e-15  1.69e-15   334    33     0
1363.48  4.75e-15  1.74e-15   334    40     0
1365.16  1.83e-15  1.59e-15   334    15     0
1366.84  2.64e-15  1.64e-15   333    22     0
1368.51  2.07e-16  1.52e-15   333     1     0
1370.19  1.07e-15  1.58e-15   332     8     0
1371.87  1.45e-15  1.60e-15   332    11     0
1373.54  2.03e-15  1.63e-15   331    16     0
1375.22  2.05e-15  1.64e-15   331    16     0
1376.90  6.25e-15  1.85e-15   330    50     0
1378.57 -1.91e-16  1.57e-15   330    -1     0
1380.25  2.47e-15  1.68e-15   330    19     0
1381.92  4.12e-15  1.78e-15   329    32     0
1383.60  4.64e-15  2.03e-15   329    36     0
1385.28  2.04e-15  1.69e-15   328    15     0
1386.95  3.96e-15  1.78e-15   328    30     0
1388.63  6.59e-15  1.94e-15   328    50     0
1390.31  2.80e-15  1.74e-15   327    21     0
1391.98  6.71e-15  1.95e-15   327    51     0
1393.66  1.03e-14  2.13e-15   326    78     0
1395.34  1.48e-14  2.34e-15   326   111     0
1397.01  1.12e-14  2.15e-15   326    83     0
1398.69  8.78e-15  2.06e-15   325    65     0
1400.36  5.27e-15  1.89e-15   325    38     0
1402.04  8.58e-15  2.15e-15   325    62     0
1403.72  8.47e-15  2.09e-15   324    61     0
1405.39  6.73e-15  1.94e-15   324    49     0
1407.07  5.75e-15  2.55e-15   323    41     0
1408.75  2.89e-15  1.80e-15   323    20     0
1410.42  3.51e-15  1.85e-15   323    24     0
1412.10  1.63e-15  1.77e-15   322    11     0
1413.78  3.65e-15  1.87e-15   322    25     0
1415.45  1.60e-15  1.81e-15   322    10     0
1417.13  1.50e-15  1.81e-15   321    10     0
1418.80  1.10e-15  1.81e-15   321     7     0
1420.48  1.03e-15  1.73e-15   321     7     0
1422.16 -1.67e-16  1.71e-15   320    -1     0
1423.83  1.85e-15  1.85e-15   320    12     0
1425.51  8.43e-16  1.80e-15   320     5     0
1427.19  8.57e-16  1.80e-15   319     5     0
1428.86  4.27e-15  1.98e-15   319    27     0
1430.54  1.81e-15  1.85e-15   319    11     0
1432.22  3.70e-15  2.19e-15   318    23     0
1433.89  1.52e-15  2.45e-15   318     9     0
1435.57  1.94e-15  1.90e-15   318    12     0
1437.24 -1.17e-15  1.77e-15   318    -7     0
1438.92  1.94e-15  1.87e-15   317    12     0
1440.60  2.00e-15  1.91e-15   317    12     0
1442.27  6.35e-15  2.13e-15   317    39     0
1443.95  1.58e-15  1.89e-15   316     9     0
1445.63  3.82e-15  1.99e-15   316    23     0
1447.30  2.32e-15  1.93e-15   316    14     0
1448.98  4.54e-15  2.05e-15   315    28     0
1450.66  3.25e-15  2.00e-15   315    19     0
1452.33  3.30e-15  2.01e-15   315    19     0
1454.01  2.73e-15  1.98e-15   315    16     0
1455.68  1.87e-15  1.95e-15   314    11     0
1457.36  2.43e-15  1.96e-15   314    14     0
1459.04  2.42e-15  1.95e-15   314    14     0
1460.71  2.09e-15  2.42e-15   313    12     0
1462.39  2.68e-15  2.03e-15   313    15     0
1464.07  5.28e-15  2.53e-15   313    30     0
1465.74  4.94e-15  2.11e-15   313    29     0
1467.42  2.83e-15  2.06e-15   312    16     0
1469.09  3.06e-15  2.01e-15   312    17     0
1470.77  5.87e-15  2.11e-15   312    34     0
1472.45  3.64e-15  2.01e-15   311    21     0
1474.12  5.84e-15  2.11e-15   311    34     0
1475.80  2.25e-15  1.91e-15   311    13     0
1477.48  3.51e-15  2.15e-15   311    20     0
1479.15  1.93e-15  1.91e-15   310    11     0
1480.83 -1.05e-15  1.84e-15   310    -6     0
1482.51  4.17e-15  2.03e-15   310    24     0
1484.18  2.09e-15  1.94e-15   310    12     0
1485.86 -2.17e-15  1.86e-15   309   -12     0
1487.53 -6.46e-18  1.86e-15   309     0     0
1489.21  3.95e-15  2.07e-15   309    22     0
1490.89  2.21e-15  1.94e-15   308    12     0
1492.56  2.50e-15  1.92e-15   308    14     0
1494.24  1.51e-15  1.91e-15   308     8     0
1495.92 -9.63e-16  1.88e-15   308    -5     0
1497.59  1.98e-15  1.97e-15   307    11     0
1499.27  3.52e-15  2.04e-15   307    19     0
1500.95  5.99e-15  2.20e-15   307    32     0
1502.62  3.58e-16  1.91e-15   307     1     0
1504.30  3.78e-15  2.08e-15   306    20     0
1505.97  3.52e-15  2.08e-15   306    18     0
1507.65  4.11e-15  2.12e-15   306    22     0
1509.33  5.96e-15  2.23e-15   306    31     0
1511.00  3.49e-15  2.06e-15   305    18     0
1512.68  1.91e-15  1.99e-15   305    10     0
1514.36 -1.47e-15  1.91e-15   305    -7     0
1516.03 -4.23e-16  1.90e-15   305    -2     0
1517.71 -3.02e-15  1.90e-15   304   -16     0
1519.39  1.68e-15  1.98e-15   304     8     0
1521.06  4.33e-15  2.12e-15   304    22     0
1522.74  9.88e-16  1.95e-15   303     5     0
1524.41  3.90e-16  1.92e-15   303     2     0
1526.09 -2.72e-15  1.91e-15   303   -14     0
1527.77  6.91e-16  1.98e-15   303     3     0
1529.44  6.36e-15  2.21e-15   302    33     0
1531.12  2.46e-15  2.06e-15   302    12     0
1532.80  1.62e-15  2.01e-15   302     8     0
1534.47  3.83e-15  2.12e-15   302    19     0
1536.15 -9.58e-16  1.94e-15   301    -4     0
1537.83 -1.87e-15  1.94e-15   301    -9     0
1539.50  8.61e-16  1.97e-15   301     4     0
1541.18  8.56e-15  2.33e-15   301    43     0
1542.85  1.42e-14  2.58e-15   300    71     0
1544.53  1.87e-14  4.10e-15   300    95     0
1546.21  3.74e-14  3.51e-15   300   189     0
1547.88  4.64e-14  4.28e-15   299   235     0
1549.56  5.27e-14  6.72e-15   299   267     0
1551.24  4.87e-14  5.18e-15   299   249     0
1552.91  2.85e-14  3.15e-15   299   146     0
1554.59  1.16e-14  2.39e-15   298    59     0
1556.26  5.55e-15  2.13e-15   298    28     0
1557.94  8.38e-15  2.26e-15   298    42     0
1559.62  6.48e-15  2.16e-15   298    33     0
1561.29  6.79e-15  2.18e-15   297    34     0
1562.97  8.50e-15  2.25e-15   297    43     0
1564.65  3.15e-15  1.99e-15   297    16     0
1566.32  1.23e-15  1.92e-15   296     6     0
1568.00  1.58e-15  1.93e-15   296     7     0
1569.68 -1.43e-15  1.98e-15   296    -7     0
1571.35  1.03e-16  1.81e-15   296     0     0
1573.03  8.68e-15  2.19e-15   295    45     0
1574.70  3.27e-15  1.94e-15   295    16     0
1576.38 -1.10e-15  1.97e-15   295    -5     0
1578.06 -1.32e-15  2.46e-15   294    -6     0
1579.73  4.78e-15  1.99e-15   294    25     0
1581.41  4.93e-15  1.99e-15   294    25     0
1583.09  3.52e-15  1.94e-15   294    18     0
1584.76  3.54e-15  1.90e-15   293    18     0
1586.44  9.64e-16  1.80e-15   293     5     0
1588.12  3.76e-15  1.93e-15   293    19     0
1589.79  5.28e-15  2.00e-15   293    27     0
1591.47  4.50e-15  1.93e-15   292    23     0
1593.14  1.25e-15  1.75e-15   292     6     0
1594.82  1.60e-15  1.78e-15   292     8     0
1596.50  3.45e-15  1.88e-15   291    18     0
1598.17  3.76e-15  1.87e-15   291    19     0
1599.85  1.87e-15  1.79e-15   291     9     0
1601.53  7.94e-15  2.14e-15   291    41     0
1603.20  9.33e-15  2.12e-15   290    48     0
1604.88  5.44e-15  1.94e-15   290    28     0
1606.56  3.27e-15  1.83e-15   290    17     0
1608.23  1.56e-15  1.72e-15   289     8     0
1609.91 -1.18e-15  1.66e-15   289    -6     0
1611.58  2.01e-15  1.74e-15   289    10     0
1613.26 -2.83e-15  1.64e-15   288   -15     0
1614.94 -2.59e-15  1.63e-15   288   -13     0
1616.61  2.92e-15  1.75e-15   288    15     0
1618.29  6.06e-15  1.90e-15   288    32     0
1619.97  2.30e-15  1.71e-15   287    12     0
1621.64  1.03e-15  1.65e-15   287     5     0
1623.32  2.25e-15  1.70e-15   287    12     0
1625.00  9.69e-16  1.64e-15   286     5     0
1626.67  1.26e-17  1.59e-15   286     0     0
1628.35 -8.04e-16  1.58e-15   286    -4     0
1630.02  1.65e-15  1.61e-15   286     9     0
1631.70  2.94e-15  1.64e-15   285    16     0
1633.38  1.41e-15  1.57e-15   285     7     0
1635.05  8.34e-15  1.91e-15   285    46     0
1636.73  1.34e-14  2.11e-15   284    74     0
1638.41  2.90e-14  2.61e-15   284   160     0
1640.08  3.76e-14  3.64e-15   284   210     0
1641.76  4.11e-14  4.66e-15   284   231     0
1643.44  2.59e-14  2.46e-15   283   146     0
1645.11  1.35e-14  2.06e-15   283    75     0
1646.79  8.12e-15  1.84e-15   283    45     0
1648.46  5.94e-15  1.73e-15   282    33     0
1650.14  2.61e-15  1.55e-15   282    15     0
1651.82  3.71e-15  1.60e-15   282    21     0
1653.49  6.89e-15  1.73e-15   282    39     0
1655.17  1.19e-14  1.95e-15   281    67     0
1656.85  1.49e-14  2.04e-15   281    85     0
1658.52  1.60e-14  2.07e-15   281    92     0
1660.20  1.16e-14  2.01e-15   280    66     0
1661.87  6.76e-15  1.71e-15   280    39     0
1663.55  4.85e-15  1.62e-15   280    28     0
1665.23  3.37e-15  1.51e-15   280    20     0
1666.90  3.23e-15  1.49e-15   279    19     0
1668.58  5.07e-15  1.55e-15   279    30     0
1670.26  5.10e-15  1.58e-15   279    30     0
1671.93  3.55e-15  1.51e-15   279    21     0
1673.61  1.86e-15  1.42e-15   278    11     0
1675.29  4.03e-15  1.51e-15   278    24     0
1676.96  2.00e-15  1.40e-15   278    12     0
1678.64  3.91e-15  1.49e-15   277    23     0
1680.31  2.36e-15  1.39e-15   277    14     0
1681.99  1.45e-15  1.34e-15   277     8     0
1683.67  1.55e-15  1.33e-15   277     9     0
1685.34 -1.57e-17  1.25e-15   276     0     0
1687.02  1.09e-15  1.29e-15   276     6     0
1688.70  1.21e-15  1.28e-15   276     7     0
1690.37  3.45e-15  1.37e-15   276    21     0
1692.05  2.87e-15  1.35e-15   275    18     0
1693.73  2.53e-15  1.33e-15   275    16     0
1695.40  2.20e-15  1.29e-15   275    14     0
1697.08  2.46e-15  1.30e-15   275    15     0
1698.75  5.13e-15  1.41e-15   274    33     0
1700.43  4.17e-15  1.35e-15   274    27     0
1702.11  1.61e-15  1.31e-15   274    10     0
1703.78 -1.50e-16  1.15e-15   274     0     0
1705.46  1.09e-16  1.13e-15   273     0     0
1707.14 -9.40e-16  1.12e-15   273    -6     0
1708.81 -7.94e-16  1.11e-15   273    -5     0
1710.49  1.97e-15  1.19e-15   273    13     0
1712.17  2.12e-15  1.19e-15   273    14     0
1713.84  4.44e-15  1.28e-15   272    30     0
1715.52  4.21e-15  1.27e-15   272    29     0
1717.19  4.33e-15  1.82e-15   272    30     0
1718.87  2.93e-15  1.21e-15   272    20     0
1720.55  3.37e-15  1.21e-15   272    23     0
1722.22  3.39e-15  1.21e-15   271    23     0
1723.90  2.56e-15  1.16e-15   271    18     0
1725.58  1.93e-15  1.09e-15   271    14     0
1727.25  1.67e-16  9.98e-16   271     1     0
1728.93  2.42e-15  1.09e-15   271    18     0
1730.61  3.42e-15  1.12e-15   270    25     0
1732.28  3.51e-15  1.12e-15   270    26     0
1733.96  2.94e-15  1.10e-15   270    22     0
1735.63  3.58e-15  1.12e-15   270    27     0
1737.31  4.30e-15  1.14e-15   270    32     0
1738.99  1.58e-15  1.01e-15   269    12     0
1740.66  4.23e-15  1.13e-15   269    32     0
1742.34  4.76e-15  1.15e-15   269    36     0
1744.02  5.35e-15  1.28e-15   269    41     0
1745.69  4.35e-15  1.90e-15   269    33     0
1747.37  2.73e-15  1.03e-15   269    21     0
1749.04  2.53e-15  1.05e-15   268    19     0
1750.72  5.34e-15  1.40e-15   268    41     0
1752.40  4.89e-15  1.31e-15   268    38     0
1754.07  5.62e-15  1.97e-15   268    44     0
1755.75  5.43e-15  1.10e-15   268    44     0
1757.43  3.53e-15  1.02e-15   268    28     0
1759.10  2.57e-15  9.67e-16   268    21     0
1760.78  8.41e-16  8.82e-16   268     6     0
1762.46  2.57e-15  9.48e-16   267    21     0
1764.13  3.15e-15  9.83e-16   267    26     0
1765.81  4.62e-15  1.04e-15   267    38     0
1767.48  4.27e-15  1.02e-15   267    35     0
1769.16  3.73e-15  9.88e-16   267    31     0
1770.84  2.61e-15  9.43e-16   267    21     0
1772.51  1.38e-15  8.83e-16   267    11     0
1774.19  1.51e-15  8.79e-16   267    12     0
1775.87  2.06e-15  8.98e-16   267    17     0
1777.54  1.91e-15  8.87e-16   267    16     0
1779.22  2.74e-15  9.16e-16   267    23     0
1780.90  1.21e-15  8.42e-16   267    10     0
1782.57  1.32e-15  8.44e-16   266    11     0
1784.25  9.69e-16  9.07e-16   266     8     0
1785.92  4.40e-16  8.82e-16   266     3     0
1787.60 -2.29e-15  8.59e-16   266   -19     0
1789.28  5.63e-15  7.24e-15   266    48 -4096
1790.95  2.17e-15  2.89e-15   266    18 -4096
1792.63  1.65e-15  1.39e-15   266    14 -4096
1794.31  3.41e-15  8.98e-16   266    30     0
1795.98  1.92e-15  8.37e-16   266    16     0
1797.66  3.24e-15  8.89e-16   266    28     0
1799.34  2.23e-15  8.55e-16   266    19     0
1801.01  1.46e-15  1.20e-15   266    13     0
1802.69  1.28e-15  7.92e-16   266    11     0
1804.36  3.91e-15  8.97e-16   266    35     0
1806.04  7.36e-15  1.02e-15   266    67     0
1807.72  9.10e-15  1.16e-15   266    83     0
1809.39  9.73e-15  1.17e-15   266    89     0
1811.07  8.20e-15  1.03e-15   266    74     0
1812.75  5.38e-15  9.34e-16   266    49     0
1814.42  7.88e-15  1.87e-15   266    71     0
1816.10  1.15e-14  1.56e-15   266   105     0
1817.78  1.47e-14  1.79e-15   266   135     0
1819.45  1.21e-14  1.15e-15   267   112     0
1821.13  6.11e-15  9.45e-16   267    57     0
1822.80  4.61e-15  8.75e-16   267    43     0
1824.48  2.62e-15  7.95e-16   267    24     0
1826.16  2.70e-15  7.90e-16   267    25     0
1827.83  2.68e-15  7.91e-16   267    25     0
1829.51  2.74e-15  7.88e-16   267    25     0
1831.19  1.91e-15  7.74e-16   267    17     0
1832.86  3.31e-15  8.30e-16   267    30     0
1834.54  3.24e-15  8.19e-16   267    29     0
1836.22  4.91e-15  8.75e-16   267    45     0
1837.89  4.52e-15  8.76e-16   267    41     0
1839.57  3.96e-15  1.28e-15   268    36     0
1841.24  3.40e-15  8.12e-16   268    31     0
1842.92  2.53e-15  7.84e-16   268    23     0
1844.60  1.33e-15  7.29e-16   268    12     0
1846.27  1.52e-15  7.50e-16   268    13     0
1847.95  2.16e-15  8.80e-16   268    19     0
1849.63  4.02e-15  1.33e-15   268    36     0
1851.30  5.02e-15  1.43e-15   269    46     0
1852.98  4.27e-15  8.41e-16   269    39     0
1854.65  5.54e-15  8.80e-16   269    51     0
1856.33  3.97e-15  8.32e-16   269    36     0
1858.01  2.87e-15  7.86e-16   269    26     0
1859.68  3.22e-15  7.98e-16   269    29     0
1861.36  3.16e-15  8.04e-16   270    28     0
1863.04  2.31e-15  8.40e-16   270    21     0
1864.71  2.24e-15  7.62e-16   270    20     0
1866.39  3.06e-15  7.85e-16   270    28     0
1868.07  2.16e-15  7.48e-16   270    19     0
1869.74  1.38e-15  7.14e-16   270    12     0
1871.42  1.71e-15  7.29e-16   271    15     0
1873.09  3.14e-15  7.86e-16   271    28     0
1874.77  2.20e-15  7.49e-16   271    20     0
1876.45  1.66e-15  7.29e-16   271    15     0
1878.12  1.67e-15  7.27e-16   271    15     0
1879.80  1.99e-15  7.40e-16   272    18     0
1881.48  1.78e-15  7.33e-16   272    16     0
1883.15  1.06e-15  7.02e-16   272     9     0
1884.83  1.90e-15  7.33e-16   272    17     0
1886.51  2.36e-15  7.54e-16   273    21     0
1888.18  2.22e-15  7.51e-16   273    19     0
1889.86  3.72e-15  8.08e-16   273    33     0
1891.53  5.19e-15  8.62e-16   273    46     0
1893.21  5.31e-15  8.68e-16   274    47     0
1894.89  4.48e-15  8.40e-16   274    39     0
1896.56  3.62e-15  8.01e-16   274    32     0
1898.24  5.23e-15  8.58e-16   274    46     0
1899.92  7.07e-15  1.20e-15   274    62     0
1901.59  5.04e-15  1.07e-15   275    44     0
1903.27  6.72e-15  1.54e-15   275    59     0
1904.95  4.67e-15  8.78e-16   275    41     0
1906.62  2.99e-15  7.81e-16   275    26     0
1908.30  2.35e-15  7.58e-16   276    20     0
1909.97  2.43e-15  7.63e-16   276    21     0
1911.65  9.68e-16  6.94e-16   276     8     0
1913.33  1.18e-15  7.02e-16   276    10     0
1915.00  9.69e-16  6.92e-16   277     8     0
1916.68  1.29e-15  6.93e-16   277    11     0
1918.36  8.52e-16  6.73e-16   277     7     0
1920.03  1.14e-15  6.86e-16   277    10     0
1921.71  1.52e-15  7.01e-16   278    13     0
1923.39  1.79e-15  7.11e-16   278    15     0
1925.06  1.32e-15  6.97e-16   278    11     0
1926.74  1.03e-15  6.80e-16   278     9     0
1928.41  1.26e-15  6.84e-16   278    11     0
1930.09  3.16e-15  7.62e-16   279    27     0
1931.77  3.76e-15  7.81e-16   279    32     0
1933.44  3.48e-15  7.72e-16   279    30     0
1935.12  2.38e-15  7.22e-16   279    21     0
1936.80  2.03e-15  7.05e-16   280    18     0
1938.47  1.72e-15  6.90e-16   280    15     0
1940.15  1.24e-15  6.66e-16   280    11     0
1941.82  1.17e-15  6.59e-16   280    10     0
1943.50  1.90e-15  6.86e-16   280    17     0
1945.18  1.92e-15  6.89e-16   281    17     0
1946.85  1.66e-15  6.75e-16   281    14     0
1948.53  1.85e-15  6.79e-16   281    16     0
1950.21  2.29e-15  6.87e-16   281    20     0
1951.88  2.08e-15  6.72e-16   281    19     0
1953.56  1.40e-15  6.41e-16   281    12     0
1955.24  1.79e-15  6.61e-16   281    16     0
1956.91  2.46e-15  6.84e-16   282    22     0
1958.59  2.06e-15  6.66e-16   282    18     0
1960.26  2.21e-15  6.71e-16   282    20     0
1961.94  1.42e-15  6.35e-16   282    13     0
1963.62  1.25e-15  6.24e-16   282    11     0
1965.29  1.79e-15  6.47e-16   282    16     0
1966.97  1.71e-15  7.92e-16   282    15     0
1968.65  2.68e-15  6.80e-16   282    24     0
1970.32  2.72e-15  6.84e-16   282    24     0
1972.00  2.51e-15  6.77e-16   282    22     0
1973.68  2.47e-15  6.77e-16   282    22     0
1975.35  2.17e-15  6.67e-16   282    19     0
1977.03  2.21e-15  6.69e-16   282    19     0
1978.70  3.42e-15  7.22e-16   282    30     0
