NOT ORIGINAL IUE PROJECT DATA PRODUCT
SWP6433LOWLARGE
HD  197481
20:42:04
-31:31:17
48
X-TRAIL
NO
3927.349
08/09/79
06:09:33
251
7.16
12/10/95
GSFC
2444124.75663
0
21
1150.58  3.62e-14  6.52e-14   184    17     0
1152.26  5.11e-14  6.15e-14   184    26     0
1153.93 -5.75e-14  5.70e-14   184   -32     0
1155.61 -4.35e-15  5.56e-14   184    -2     0
1157.29 -2.80e-15  5.16e-14   184    -1     0
1158.96 -1.15e-15  4.76e-14   184     0     0
1160.64  4.90e-14  4.57e-14   183    34     0
1162.31  6.05e-15  4.20e-14   183     4     0
1163.99 -3.36e-14  3.90e-14   183   -26     0
1165.67 -2.42e-14  3.73e-14   183   -20     0
1167.34 -1.51e-14  3.47e-14   183   -13     0
1169.02 -1.02e-14  3.24e-14   183    -9     0
1170.70  2.74e-14  3.03e-14   183    27     0
1172.37 -3.21e-14  3.19e-14   182   -35     0
1174.05  2.39e-14  2.65e-14   182    27     0
1175.73  4.58e-14  2.56e-14   182    55     0
1177.40  1.02e-14  2.35e-14   182    13     0
1179.08  1.46e-14  2.22e-14   182    19     0
1180.75 -3.10e-14  2.74e-14   182   -43     0
1182.43  3.36e-14  2.05e-14   182    50     0
1184.11 -1.50e-14  1.90e-14   182   -23     0
1185.78  1.46e-14  1.77e-14   181    24     0
1187.46 -1.19e-14  1.75e-14   181   -21     0
1189.14  1.38e-14  1.68e-14   181    25     0
1190.81  4.32e-15  1.73e-14   181     8     0
1192.49  2.60e-14  1.75e-14   181    50     0
1194.17  2.18e-15  1.55e-14   181     4     0
1195.84 -1.48e-14  1.51e-14   181   -30     0
1197.52  1.65e-14  1.42e-14   181    35     0
1199.19  1.28e-14  1.33e-14   181    28     0
1200.87  6.55e-15  1.30e-14   180    14     0
1202.55  2.31e-14  1.28e-14   180    52     0
1204.22  1.43e-14  1.25e-14   180    33     0
1205.90  1.12e-14  2.39e-14   180    27     0
1207.58  8.03e-14  1.24e-14   180   202     0
1209.25  1.29e-13  2.35e-14   180   333     0
1210.93  2.40e-13  4.67e-14   180   629     0
1212.60  4.34e-13  8.28e-14   180  1166     0
1214.28  6.11e-13  1.23e-13   179  1683     0
1215.96  6.72e-13  1.29e-13   179  1888     0
1217.63  5.54e-13  1.08e-13   179  1594     0
1219.31  3.43e-13  6.07e-14   179  1007     0
1220.99  2.11e-13  3.98e-14   179   629     0
1222.66  7.72e-14  1.77e-14   179   234     0
1224.34  3.51e-14  9.30e-15   179   108     0
1226.02 -5.71e-15  8.67e-15   178   -17     0
1227.69 -5.06e-15  8.49e-15   178   -16     0
1229.37  2.13e-15  8.34e-15   178     6     0
1231.04 -9.89e-16  8.11e-15   178    -3     0
1232.72  1.17e-15  7.97e-15   178     3     0
1234.40 -3.27e-16  7.88e-15   178    -1     0
1236.07 -2.36e-15  7.69e-15   178    -8     0
1237.75  1.02e-14  7.69e-15   177    35     0
1239.43  7.37e-15  7.58e-15   177    26     0
1241.10  7.91e-15  7.63e-15   177    27     0
1242.78  9.80e-15  7.54e-15   177    34     0
1244.46  6.13e-15  7.38e-15   177    21     0
1246.13  2.99e-15  7.11e-15   177    10     0
1247.81  3.48e-15  7.03e-15   177    12     0
1249.48 -4.30e-15  6.92e-15   176   -16     0
1251.16  3.74e-15  7.05e-15   176    13     0
1252.84  8.41e-15  7.07e-15   176    30     0
1254.51 -6.77e-15  6.87e-15   176   -25     0
1256.19  3.98e-16  6.80e-15   176     1     0
1257.87 -9.66e-15  6.73e-15   176   -36     0
1259.54  2.56e-15  6.69e-15   175     9     0
1261.22  9.49e-15  6.72e-15   175    36     0
1262.89 -5.84e-15  6.54e-15   175   -22     0
1264.57 -4.59e-15  6.48e-15   175   -17     0
1266.25 -6.74e-15  6.50e-15   175   -25     0
1267.92 -2.44e-15  6.45e-15   175    -9     0
1269.60 -9.92e-17  6.40e-15   174     0     0
1271.28 -9.64e-15  6.37e-15   174   -37     0
1272.95 -6.67e-16  6.32e-15   174    -2     0
1274.63  1.59e-15  6.28e-15   174     6     0
1276.31  6.97e-15  6.29e-15   174    27     0
1277.98  1.04e-14  6.30e-15   173    40     0
1279.66  4.26e-15  7.33e-15   173    16     0
1281.33  9.14e-15  6.71e-15   173    36     0
1283.01 -9.26e-15  6.04e-15   173   -36     0
1284.69 -6.86e-15  6.00e-15   173   -27     0
1286.36  1.03e-14  6.08e-15   172    41     0
1288.04  1.05e-14  6.03e-15   172    42     0
1289.72  2.47e-14  7.38e-15   172    99     0
1291.39  1.93e-14  1.07e-14   172    76     0
1293.07  9.42e-15  6.04e-15   172    37     0
1294.75  1.09e-14  6.04e-15   171    43     0
1296.42  2.39e-14  6.12e-15   171    96     0
1298.10  1.28e-14  5.95e-15   171    51     0
1299.77  1.94e-14  6.02e-15   171    78     0
1301.45  1.71e-14  6.06e-15   171    67     0
1303.13  1.74e-14  6.11e-15   170    69     0
1304.80  2.07e-14  6.08e-15   170    82     0
1306.48  2.08e-14  6.34e-15   170    83     0
1308.16  4.72e-15  5.68e-15   170    18     0
1309.83  7.29e-15  5.73e-15   169    29     0
1311.51  4.63e-15  5.71e-15   169    18     0
1313.19  8.80e-15  5.77e-15   169    34     0
1314.86  3.43e-15  5.67e-15   169    13     0
1316.54  6.50e-15  5.62e-15   169    26     0
1318.21  1.04e-15  5.64e-15   168     4     0
1319.89  1.26e-14  5.95e-15   168    50     0
1321.57  1.67e-14  6.22e-15   168    66     0
1323.24  1.31e-14  6.17e-15   168    51     0
1324.92  1.17e-14  5.96e-15   167    46     0
1326.60  3.82e-15  5.66e-15   167    15     0
1328.27  5.89e-15  5.55e-15   167    23     0
1329.95  3.28e-15  5.51e-15   167    12     0
1331.62  1.20e-14  5.55e-15   166    48     0
1333.30  2.21e-14  5.81e-15   166    88     0
1334.98  2.63e-14  1.00e-14   166   104     0
1336.65  3.46e-14  6.87e-15   166   133     0
1338.33  1.69e-14  5.92e-15   165    64     0
1340.01  6.89e-15  5.61e-15   165    26     0
1341.68  4.52e-15  5.56e-15   165    17     0
1343.36  9.85e-15  5.74e-15   165    37     0
1345.04  1.66e-15  5.48e-15   164     6     0
1346.71 -1.09e-14  1.08e-14   164   -41     0
1348.39 -1.21e-16  5.55e-15   164     0     0
1350.06  3.00e-15  5.56e-15   164    11     0
1351.74  6.32e-15  5.61e-15   163    23     0
1353.42  6.80e-15  5.81e-15   163    25     0
1355.09 -1.84e-15  5.89e-15   163    -6     0
1356.77  7.44e-15  5.71e-15   162    26     0
1358.45  2.75e-15  5.61e-15   162     9     0
1360.12  8.70e-15  5.70e-15   162    31     0
1361.80  5.39e-15  5.66e-15   162    19     0
1363.48  1.44e-14  5.82e-15   161    51     0
1365.15  4.00e-15  5.60e-15   161    14     0
1366.83  3.16e-15  5.60e-15   161    11     0
1368.50  7.30e-15  5.68e-15   161    25     0
1370.18 -8.37e-15  5.66e-15   160   -29     0
1371.86  1.09e-14  5.84e-15   160    37     0
1373.53  7.03e-15  5.76e-15   160    24     0
1375.21 -5.98e-16  7.85e-15   159    -2     0
1376.89 -1.98e-15  8.67e-15   159    -6     0
1378.56  8.75e-15  5.79e-15   159    29     0
1380.24  1.22e-14  5.81e-15   159    41     0
1381.91  6.16e-15  5.71e-15   158    20     0
1383.59 -6.72e-15  5.65e-15   158   -22     0
1385.27  1.13e-15  5.73e-15   158     3     0
1386.94  2.71e-15  5.77e-15   157     8     0
1388.62  6.31e-15  5.84e-15   157    20     0
1390.30 -4.51e-15  5.75e-15   157   -14     0
1391.97  4.27e-15  5.83e-15   157    13     0
1393.65  1.35e-14  5.99e-15   156    43     0
1395.33  2.49e-14  6.98e-15   156    79     0
1397.00  8.47e-15  7.86e-15   156    27     0
1398.68  3.14e-16  7.49e-15   155     0     0
1400.35  3.09e-15  5.87e-15   155     9     0
1402.03  2.02e-15  5.88e-15   155     6     0
1403.71  1.78e-14  6.19e-15   154    55     0
1405.38  2.32e-14  6.23e-15   154    72     0
1407.06 -3.96e-15  5.87e-15   154   -12     0
1408.74  8.39e-15  6.02e-15   154    25     0
1410.41  5.23e-15  5.92e-15   153    16     0
1412.09  3.71e-15  5.92e-15   153    11     0
1413.77 -2.90e-15  5.90e-15   153    -8     0
1415.44 -6.23e-15  6.00e-15   152   -18     0
1417.12 -8.91e-15  6.02e-15   152   -26     0
1418.79  1.01e-14  6.21e-15   152    29     0
1420.47 -2.52e-15  6.02e-15   151    -7     0
1422.15 -1.47e-14  7.42e-15   151   -42     0
1423.82 -1.41e-14  6.05e-15   151   -40     0
1425.50 -1.19e-14  6.10e-15   151   -33     0
1427.18 -1.40e-14  6.11e-15   150   -39     0
1428.85  1.37e-15  6.25e-15   150     3     0
1430.53 -2.29e-15  6.06e-15   150    -6     0
1432.20 -2.81e-15  6.07e-15   149    -7     0
1433.88 -7.70e-15  6.08e-15   149   -21     0
1435.56 -1.64e-15  6.17e-15   149    -4     0
1437.23  6.02e-15  6.26e-15   148    16     0
1438.91  9.09e-15  6.55e-15   148    24     0
1440.59 -4.49e-15  6.22e-15   148   -12     0
1442.26 -8.44e-15  6.22e-15   148   -22     0
1443.94  1.13e-15  6.23e-15   147     3     0
1445.62 -6.93e-15  6.37e-15   147   -18     0
1447.29  8.86e-15  7.88e-15   147    23     0
1448.97  1.46e-15  6.20e-15   146     3     0
1450.64 -2.26e-15  6.25e-15   146    -5     0
1452.32  4.49e-15  6.29e-15   146    11     0
1454.00  1.02e-14  7.79e-15   145    26     0
1455.67 -9.40e-15  6.19e-15   145   -24     0
1457.35  7.92e-15  6.28e-15   145    20     0
1459.03  5.46e-16  6.18e-15   144     1     0
1460.70  1.56e-15  6.28e-15   144     3     0
1462.38  6.51e-15  6.36e-15   144    16     0
1464.06 -1.23e-14  6.26e-15   144   -31     0
1465.73  8.80e-15  6.27e-15   143    22     0
1467.41  1.24e-14  6.92e-15   143    31     0
1469.08  2.78e-15  6.13e-15   143     7     0
1470.76  4.54e-15  6.21e-15   142    11     0
1472.44  1.17e-15  6.17e-15   142     2     0
1474.11  3.39e-15  6.17e-15   142     8     0
1475.79  6.67e-15  6.23e-15   141    16     0
1477.47 -8.35e-16  6.15e-15   141    -2     0
1479.14 -6.55e-16  6.14e-15   141    -1     0
1480.82  7.56e-15  6.73e-15   141    19     0
1482.50  9.72e-16  6.03e-15   140     2     0
1484.17 -8.02e-15  6.02e-15   140   -20     0
1485.85 -8.34e-15  6.12e-15   140   -20     0
1487.52 -7.13e-17  6.04e-15   139     0     0
1489.20 -5.32e-15  6.03e-15   139   -13     0
1490.88  1.69e-14  6.30e-15   139    42     0
1492.55  7.74e-15  6.89e-15   138    19     0
1494.23 -4.03e-15  5.97e-15   138   -10     0
1495.91  4.70e-15  6.59e-15   138    11     0
1497.58  1.11e-14  8.63e-15   138    27     0
1499.26 -2.32e-15  6.00e-15   137    -5     0
1500.93  1.25e-14  6.31e-15   137    30     0
1502.61  4.76e-15  6.16e-15   137    11     0
1504.29  1.54e-14  6.46e-15   136    36     0
1505.96  3.60e-15  6.50e-15   136     8     0
1507.64  1.18e-14  6.81e-15   136    27     0
1509.32  1.47e-14  7.48e-15   136    34     0
1510.99  7.55e-15  7.00e-15   135    17     0
1512.67 -2.95e-15  6.05e-15   135    -6     0
1514.35  1.51e-14  6.58e-15   135    35     0
1516.02  9.37e-15  6.19e-15   134    21     0
1517.70 -1.26e-15  6.06e-15   134    -2     0
1519.37  1.96e-15  7.31e-15   134     4     0
1521.05 -1.18e-15  7.34e-15   134    -2     0
1522.73 -6.13e-15  6.39e-15   133   -14     0
1524.40  8.22e-15  6.10e-15   133    18     0
1526.08  1.01e-15  6.02e-15   133     2     0
1527.76  1.26e-14  7.07e-15   132    28     0
1529.43 -4.20e-15  6.96e-15   132    -9     0
1531.11  8.21e-15  7.82e-15   132    18     0
1532.79  1.29e-14  6.30e-15   132    29     0
1534.46  2.05e-14  6.38e-15   131    45     0
1536.14  1.26e-14  8.46e-15   131    28     0
1537.81  4.81e-15  6.31e-15   131    10     0
1539.49  6.21e-15  6.17e-15   130    13     0
1541.17  9.03e-15  6.10e-15   130    20     0
1542.84  1.61e-14  6.65e-15   130    35     0
1544.52  1.96e-14  1.06e-14   130    43     0
1546.20  3.93e-14  1.39e-14   129    88     0
1547.87  6.64e-14  2.13e-14   129   149     0
1549.55  7.97e-14  2.17e-14   129   179     0
1551.22  4.41e-14  1.46e-14   129    99     0
1552.90  3.06e-14  6.55e-15   128    68     0
1554.58  9.91e-15  7.60e-15   128    22     0
1556.25  1.26e-14  5.95e-15   128    28     0
1557.93  1.67e-14  6.07e-15   128    37     0
1559.61  5.84e-15  7.34e-15   127    13     0
1561.28  1.76e-14  8.65e-15   127    39     0
1562.96  8.46e-15  5.78e-15   127    19     0
1564.64  1.02e-15  5.58e-15   127     2     0
1566.31  1.07e-14  7.56e-15   126    24     0
1567.99  1.55e-14  5.89e-15   126    35     0
1569.66  1.70e-14  6.09e-15   126    38     0
1571.34  5.19e-15  5.54e-15   125    11     0
1573.02  2.00e-14  8.32e-15   125    45     0
1574.69  1.33e-14  5.82e-15   125    30     0
1576.37  2.05e-14  6.89e-15   125    46     0
1578.05  4.06e-14  8.77e-15   124    92     0
1579.72  4.85e-14  1.46e-14   124   110     0
1581.40  4.52e-14  1.65e-14   124   103     0
1583.08  4.40e-14  1.52e-14   124   100     0
1584.75  2.89e-14  9.48e-15   123    66     0
1586.43  6.22e-15  5.40e-15   123    14     0
1588.10  2.60e-14  7.42e-15   123    59     0
1589.78  2.06e-14  9.81e-15   123    46     0
1591.46 -3.29e-16  5.38e-15   123     0     0
1593.13  7.48e-15  6.15e-15   122    17     0
1594.81  8.44e-15  6.52e-15   122    19     0
1596.49  2.28e-14  7.46e-15   122    52     0
1598.16  1.19e-15  5.17e-15   122     2     0
1599.84  1.16e-14  6.20e-15   121    26     0
1601.52  1.40e-14  5.50e-15   121    32     0
1603.19  1.32e-14  5.18e-15   121    30     0
1604.87 -6.80e-15  6.68e-15   121   -15     0
1606.54  2.43e-14  5.82e-15   120    56     0
1608.22  1.53e-14  5.16e-15   120    35     0
1609.90  2.54e-15  5.81e-15   120     5     0
1611.57  1.65e-14  5.16e-15   120    38     0
1613.25  1.20e-14  5.45e-15   119    28     0
1614.93  5.73e-15  7.02e-15   119    13     0
1616.60  5.48e-15  4.86e-15   119    12     0
1618.28  6.80e-15  5.38e-15   119    15     0
1619.95  1.14e-14  5.47e-15   119    26     0
1621.63  1.10e-14  9.01e-15   118    26     0
1623.31 -1.23e-15  4.61e-15   118    -2     0
1624.98  1.56e-14  4.85e-15   118    37     0
1626.66  3.40e-15  4.58e-15   118     8     0
1628.34  9.08e-15  4.68e-15   117    21     0
1630.01  7.21e-15  7.66e-15   117    17     0
1631.69  8.36e-15  4.95e-15   117    20     0
1633.37  7.78e-15  4.77e-15   117    19     0
1635.04  9.90e-15  4.58e-15   117    23     0
1636.72  2.11e-14  8.25e-15   116    51     0
1638.39  2.62e-14  1.17e-14   116    63     0
1640.07  5.51e-14  1.45e-14   116   134     0
1641.75  4.48e-14  1.37e-14   116   109     0
1643.42  2.20e-14  6.65e-15   116    54     0
1645.10  9.92e-15  4.38e-15   115    24     0
1646.78 -2.76e-16  4.19e-15   115     0     0
1648.45 -1.22e-15  4.16e-15   115    -3     0
1650.13  5.19e-15  4.18e-15   115    12     0
1651.81  1.40e-14  5.82e-15   115    35     0
1653.48  1.67e-14  5.78e-15   114    42     0
1655.16  1.29e-14  7.41e-15   114    32     0
1656.83  1.18e-14  5.87e-15   114    30     0
1658.51  1.07e-14  5.79e-15   114    27     0
1660.19  1.79e-14  9.09e-15   113    46     0
1661.86  1.42e-14  7.28e-15   113    36     0
1663.54  3.65e-15  3.86e-15   113     9     0
1665.22 -2.69e-15  3.82e-15   113    -6     0
1666.89 -4.66e-16  3.79e-15   113    -1     0
1668.57  5.86e-15  4.16e-15   113    15     0
1670.24  8.23e-15  4.25e-15   112    21     0
1671.92 -5.65e-16  4.34e-15   112    -1     0
1673.60  9.09e-15  3.85e-15   112    23     0
1675.27  7.92e-15  4.88e-15   112    20     0
1676.95  2.37e-15  3.63e-15   112     6     0
1678.63  5.15e-15  3.65e-15   111    13     0
1680.30  2.59e-15  3.52e-15   111     7     0
1681.98  3.30e-15  4.71e-15   111     9     0
1683.66  9.70e-16  3.47e-15   111     2     0
1685.33  7.13e-15  3.95e-15   111    19     0
1687.01  2.60e-15  4.25e-15   110     7     0
1688.68  3.39e-15  3.60e-15   110     9     0
1690.36  1.57e-14  5.90e-15   110    43     0
1692.04  1.47e-14  6.52e-15   110    41     0
1693.71  1.02e-14  3.67e-15   110    28     0
1695.39  1.10e-14  3.41e-15   110    31     0
1697.07  6.81e-15  3.30e-15   109    19     0
1698.74  5.46e-15  3.23e-15   109    15     0
1700.42 -4.03e-15  3.13e-15   109   -11     0
1702.10  2.78e-15  3.12e-15   109     8     0
1703.77  5.71e-15  3.16e-15   109    16     0
1705.45 -1.13e-15  3.21e-15   108    -3     0
1707.12 -3.83e-15  3.06e-15   108   -11     0
1708.80 -4.94e-15  2.97e-15   108   -14     0
1710.48 -4.33e-16  3.19e-15   108    -1     0
1712.15  2.61e-15  3.11e-15   108     7     0
1713.83  1.77e-17  2.90e-15   108     0     0
1715.51  7.14e-16  2.83e-15   107     2     0
1717.18  1.18e-15  2.80e-15   107     3     0
1718.86  9.03e-15  2.95e-15   107    27     0
1720.54  4.62e-15  2.83e-15   107    14     0
1722.21 -6.20e-16  2.75e-15   107    -1     0
1723.89 -1.81e-15  2.71e-15   107    -5     0
1725.56  1.03e-15  2.68e-15   106     3     0
1727.24 -5.49e-16  2.65e-15   106    -1     0
1728.92  6.75e-15  2.75e-15   106    21     0
1730.59  9.55e-15  3.32e-15   106    30     0
1732.27  6.77e-15  4.94e-15   106    22     0
1733.95  2.94e-15  2.55e-15   106     9     0
1735.62  9.39e-16  2.48e-15   106     3     0
1737.30  5.58e-15  2.52e-15   105    18     0
1738.97 -1.62e-15  2.97e-15   105    -5     0
1740.65  2.69e-16  2.39e-15   105     0     0
1742.33  4.91e-15  2.45e-15   105    16     0
1744.00  5.10e-15  3.50e-15   105    17     0
1745.68  1.48e-14  5.18e-15   105    50     0
1747.36  1.12e-14  3.79e-15   105    38     0
1749.03  6.83e-15  2.56e-15   104    23     0
1750.71  7.36e-16  2.65e-15   104     2     0
1752.39 -4.02e-15  2.37e-15   104   -13     0
1754.06 -1.78e-15  2.96e-15   104    -6     0
1755.74  5.79e-16  2.18e-15   104     2     0
1757.41  2.55e-15  2.20e-15   104     9     0
1759.09 -1.28e-15  2.15e-15   104    -4     0
1760.77 -1.32e-15  2.23e-15   103    -4     0
1762.44  1.38e-15  2.10e-15   103     4     0
1764.12  1.33e-15  2.07e-15   103     4     0
1765.80  3.10e-15  2.11e-15   103    11     0
1767.47 -1.60e-15  2.33e-15   103    -5     0
1769.15 -6.04e-16  2.02e-15   103    -2     0
1770.83 -1.33e-16  2.55e-15   103     0     0
1772.50  3.03e-15  2.67e-15   102    11     0
1774.18  3.09e-15  2.05e-15   102    11     0
1775.85  7.94e-16  1.92e-15   102     2     0
1777.53 -2.99e-16  1.90e-15   102    -1     0
1779.21 -1.70e-15  1.88e-15   102    -6     0
1780.88  4.28e-15  2.09e-15   102    16     0
1782.56  4.58e-15  1.94e-15   102    17     0
1784.24 -2.50e-16  1.87e-15   102     0     0
1785.91 -2.57e-15  1.99e-15   102    -9     0
1787.59 -2.04e-15  2.60e-15   101    -7     0
1789.26 -2.57e-15  2.10e-15   101    -9     0
1790.94 -3.11e-16  2.65e-15   101    -1     0
1792.62  4.03e-16  1.93e-15   101     1     0
1794.29  5.71e-15  1.93e-15   101    22     0
1795.97  3.19e-15  1.79e-15   101    12     0
1797.65  1.75e-15  1.91e-15   101     6     0
1799.32  8.60e-16  1.71e-15   101     3     0
1801.00 -8.80e-16  1.71e-15   101    -3     0
1802.68 -3.22e-15  1.84e-15   101   -12     0
1804.35 -3.39e-16  1.68e-15   101    -1     0
1806.03  5.99e-15  2.05e-15   100    23     0
1807.70  8.01e-15  2.64e-15   100    32     0
1809.38  9.47e-15  3.28e-15   100    37     0
1811.06  8.74e-15  2.96e-15   100    34     0
1812.73  1.01e-14  2.44e-15   100    40     0
1814.41  1.00e-14  1.80e-15   100    40     0
1816.09  1.28e-14  4.29e-15   100    51     0
1817.76  1.71e-14  4.63e-15   100    68     0
1819.44  1.02e-14  3.42e-15   100    41     0
1821.12  3.55e-15  1.60e-15   100    14     0
1822.79  3.21e-15  2.35e-15   100    12     0
1824.47  3.77e-16  1.86e-15   100     1     0
1826.14  1.18e-15  1.54e-15   100     4     0
1827.82  3.50e-16  1.49e-15   100     1     0
1829.50  2.57e-15  1.52e-15   100    10     0
1831.17  3.85e-16  1.47e-15   100     1     0
1832.85  2.37e-15  1.78e-15   100     9     0
1834.53 -6.77e-16  1.45e-15   100    -2     0
1836.20  2.22e-15  1.48e-15    99     9     0
1837.88  6.94e-16  1.43e-15    99     2     0
1839.55  2.34e-15  1.79e-15    99     9     0
1841.23  2.69e-15  1.47e-15    99    10     0
1842.91  1.73e-15  1.43e-15    99     7     0
1844.58  1.90e-15  1.51e-15    99     7     0
1846.26  2.99e-15  1.56e-15    99    12     0
1847.94  2.54e-15  1.43e-15    99    10     0
1849.61  3.65e-15  1.46e-15    99    14     0
1851.29  3.54e-15  2.04e-15    99    14     0
1852.97  4.19e-15  1.66e-15    99    17     0
1854.64  2.25e-15  1.44e-15    99     9     0
1856.32  2.46e-15  1.38e-15   100     9     0
1857.99  3.71e-15  1.41e-15   100    14     0
1859.67  3.01e-15  1.38e-15   100    12     0
1861.35  1.82e-15  1.47e-15   100     7     0
1863.02  2.36e-15  1.44e-15   100     9     0
1864.70  5.01e-15  1.98e-15   100    20     0
1866.38  2.94e-15  1.38e-15   100    11     0
1868.05  1.65e-15  1.31e-15   100     6     0
1869.73  3.98e-15  1.36e-15   100    15     0
1871.41  4.07e-15  1.41e-15   100    16     0
1873.08  2.32e-15  1.37e-15   100     9     0
1874.76  4.82e-15  1.35e-15   100    19     0
1876.43  3.31e-15  1.74e-15   100    13     0
1878.11  3.57e-15  1.87e-15   100    14     0
1879.79  1.96e-15  1.35e-15   101     7     0
1881.46  3.09e-15  1.36e-15   101    12     0
1883.14  4.30e-15  1.71e-15   101    17     0
1884.82  6.24e-15  1.40e-15   101    24     0
1886.49  6.04e-15  1.94e-15   101    23     0
1888.17  3.93e-15  2.03e-15   101    15     0
1889.85  2.92e-15  1.87e-15   101    11     0
1891.52  3.84e-15  1.39e-15   102    14     0
1893.20  1.91e-15  1.27e-15   102     7     0
1894.87  2.62e-15  1.38e-15   102    10     0
1896.55  2.26e-16  1.23e-15   102     0     0
1898.23  3.26e-15  1.39e-15   102    12     0
1899.90  5.55e-15  1.27e-15   102    21     0
1901.58  6.62e-15  1.29e-15   103    25     0
1903.26  4.96e-15  1.38e-15   103    19     0
1904.93  4.83e-15  2.12e-15   103    18     0
1906.61  6.29e-15  1.27e-15   103    24     0
1908.28  3.67e-15  1.39e-15   104    14     0
1909.96  3.83e-15  1.50e-15   104    14     0
1911.64  1.30e-15  1.84e-15   104     5     0
1913.31 -5.35e-16  1.96e-15   104    -2     0
1914.99 -2.45e-16  1.73e-15   105     0     0
1916.67  2.10e-15  1.37e-15   105     8     0
1918.34  4.19e-15  1.43e-15   105    16     0
1920.02  8.83e-15  1.46e-15   106    33     0
1921.70  7.03e-15  1.45e-15   106    27     0
1923.37  7.72e-15  2.28e-15   106    29     0
1925.05  6.09e-15  2.45e-15   107    23     0
1926.72  5.05e-15  1.32e-15   107    19     0
1928.40  2.81e-15  1.56e-15   107    10     0
1930.08  2.05e-15  1.25e-15   108     7     0
1931.75  3.72e-15  1.25e-15   108    14     0
1933.43  3.55e-15  1.66e-15   109    13     0
1935.11  3.20e-15  1.23e-15   109    12     0
1936.78  3.30e-15  1.23e-15   110    12     0
1938.46  5.22e-16  1.48e-15   110     2     0
1940.14 -4.88e-16  1.44e-15   110    -1     0
1941.81  1.97e-15  1.27e-15   111     7     0
1943.49 -1.11e-15  1.71e-15   111    -4     0
1945.16 -6.10e-16  1.22e-15   112    -2     0
1946.84 -1.65e-16  1.21e-15   113     0     0
1948.52  6.29e-16  1.21e-15   113     2     0
1950.19  4.11e-15  1.23e-15   114    16     0
1951.87  5.38e-15  1.47e-15   114    21     0
1953.55  5.82e-15  1.63e-15   115    23     0
1955.22  6.33e-15  1.31e-15   115    25     0
1956.90  4.77e-15  1.83e-15   116    19     0
1958.57  2.76e-15  1.24e-15   117    11     0
1960.25  3.36e-16  1.20e-15   117     1     0
1961.93  1.68e-15  1.24e-15   118     6     0
1963.60  1.63e-15  1.20e-15   119     6     0
1965.28  1.48e-15  1.37e-15   119     5     0
1966.96  3.42e-15  1.20e-15   120    13     0
1968.63  3.85e-15  1.20e-15   121    15     0
1970.31  6.43e-16  1.20e-15   122     2     0
1971.99  1.16e-15  1.68e-15   122     4     0
1973.66  2.89e-15  1.63e-15   123    11     0
1975.34  3.50e-15  2.22e-15   124    13     0
1977.01  4.92e-15  1.41e-15   125    19     0
1978.69  5.71e-15  1.26e-15   126    22     0
