NOT ORIGINAL IUE PROJECT DATA PRODUCT
SWP06434LOWLARGE
HD  197481
20:42:04
-31:31:17
48
X-TRAIL
NO
4252.457
08/09/79
07:15:22
251
7.16
12/10/95
GSFC
2444124.80234
0
21
1150.58 -2.88e-14  6.10e-14   225   -15     0
1152.26  3.66e-14  5.77e-14   224    20     0
1153.93 -3.18e-14  5.36e-14   224   -19     0
1155.61  1.45e-14  5.34e-14   224     8     0
1157.29  1.40e-14  4.87e-14   223     9     0
1158.96 -2.33e-14  4.49e-14   223   -16     0
1160.64  4.20e-14  4.30e-14   223    31     0
1162.31  1.07e-15  3.95e-14   222     0     0
1163.99  8.27e-15  3.67e-14   222     7     0
1165.67 -1.67e-14  3.51e-14   222   -15     0
1167.34 -3.88e-14  3.28e-14   221   -37     0
1169.02 -3.34e-14  3.05e-14   221   -34     0
1170.70  1.91e-14  2.87e-14   221    21     0
1172.37 -4.03e-14  4.45e-14   220   -47     0
1174.05  1.08e-14  2.48e-14   220    13     0
1175.73  4.26e-14  2.41e-14   219    56     0
1177.40 -1.60e-14  2.21e-14   219   -22     0
1179.08  5.17e-16  2.07e-14   218     0     0
1180.75 -3.51e-14  2.31e-14   218   -53     0
1182.43  1.29e-14  1.90e-14   217    20     0
1184.11 -1.75e-14  1.78e-14   217   -29     0
1185.78 -1.57e-14  1.65e-14   217   -28     0
1187.46 -1.88e-14  1.64e-14   216   -36     0
1189.14  1.21e-14  1.62e-14   216    24     0
1190.81 -1.99e-14  1.67e-14   215   -40     0
1192.49  2.74e-14  1.65e-14   214    57     0
1194.17  6.58e-15  1.47e-14   214    14     0
1195.84 -2.11e-14  1.39e-14   213   -46     0
1197.52  7.20e-15  1.28e-14   213    16     0
1199.19  2.39e-14  1.27e-14   212    56     0
1200.87  1.66e-14  1.24e-14   212    39     0
1202.55  1.21e-14  1.19e-14   211    29     0
1204.22  1.92e-14  1.22e-14   211    49     0
1205.90  2.80e-14  1.83e-14   210    74     0
1207.58  7.74e-14  1.17e-14   210   211     0
1209.25  1.25e-13  2.34e-14   209   350     0
1210.93  2.37e-13  4.74e-14   208   671     0
1212.60  4.00e-13  7.45e-14   208  1163     0
1214.28  5.91e-13  1.17e-13   207  1764     0
1215.96  6.78e-13  1.33e-13   207  2064     0
1217.63  6.21e-13  1.27e-13   206  1933     0
1219.31  3.60e-13  6.49e-14   205  1144     0
1220.99  1.90e-13  3.88e-14   205   613     0
1222.66  7.75e-14  1.78e-14   204   255     0
1224.34  4.02e-14  8.93e-15   204   134     0
1226.02 -2.97e-16  8.13e-15   203    -1     0
1227.69 -2.86e-15  7.96e-15   202    -9     0
1229.37 -2.31e-16  7.81e-15   202     0     0
1231.04 -2.57e-15  7.60e-15   201    -9     0
1232.72  2.12e-15  7.48e-15   201     7     0
1234.40  6.36e-15  7.59e-15   200    23     0
1236.07  6.46e-15  7.28e-15   199    24     0
1237.75  5.04e-15  7.16e-15   199    19     0
1239.43  9.91e-15  1.20e-14   198    37     0
1241.10  1.08e-14  7.18e-15   197    40     0
1242.78  8.86e-15  7.04e-15   197    33     0
1244.46  5.07e-15  6.88e-15   196    19     0
1246.13  3.38e-15  6.66e-15   196    13     0
1247.81  4.01e-15  6.59e-15   195    16     0
1249.48 -3.18e-15  6.62e-15   194   -12     0
1251.16 -9.48e-15  6.56e-15   194   -37     0
1252.84 -1.71e-15  6.49e-15   193    -6     0
1254.51 -8.23e-15  6.42e-15   192   -33     0
1256.19  2.26e-15  6.36e-15   192     9     0
1257.87 -5.99e-15  6.58e-15   191   -24     0
1259.54  4.31e-16  6.23e-15   191     1     0
1261.22  7.07e-15  6.24e-15   190    29     0
1262.89  8.68e-16  6.10e-15   189     3     0
1264.57 -8.70e-15  6.05e-15   189   -36     0
1266.25 -3.80e-15  6.06e-15   188   -15     0
1267.92  1.27e-15  6.01e-15   187     5     0
1269.60  4.28e-16  5.96e-15   187     1     0
1271.28 -6.05e-15  5.94e-15   186   -25     0
1272.95  4.59e-16  5.89e-15   185     1     0
1274.63 -1.18e-15  5.85e-15   185    -4     0
1276.31  1.40e-15  5.77e-15   184     5     0
1277.98  4.51e-15  5.77e-15   184    19     0
1279.66 -1.42e-15  5.97e-15   183    -6     0
1281.33 -4.88e-15  6.16e-15   182   -20     0
1283.01 -1.12e-14  5.62e-15   182   -48     0
1284.69 -1.12e-14  5.58e-15   181   -48     0
1286.36  5.03e-15  5.55e-15   180    21     0
1288.04 -9.78e-16  5.47e-15   180    -4     0
1289.72  8.80e-15  5.56e-15   179    38     0
1291.39  3.18e-15  5.53e-15   179    13     0
1293.07 -8.28e-15  5.48e-15   178   -35     0
1294.75 -4.41e-15  5.45e-15   177   -18     0
1296.42  6.96e-15  5.44e-15   177    30     0
1298.10  3.60e-15  5.34e-15   176    15     0
1299.77  9.23e-15  5.44e-15   176    40     0
1301.45  1.16e-14  5.58e-15   175    49     0
1303.13  4.02e-15  8.99e-15   174    17     0
1304.80  8.50e-15  5.44e-15   174    36     0
1306.48  2.32e-14  6.60e-15   173   101     0
1308.16 -1.99e-16  8.65e-15   173     0     0
1309.83 -4.15e-15  6.10e-15   172   -18     0
1311.51 -5.96e-15  5.59e-15   171   -25     0
1313.19  4.71e-15  5.28e-15   171    20     0
1314.86 -1.49e-15  5.20e-15   170    -6     0
1316.54 -3.39e-15  5.10e-15   170   -14     0
1318.21 -1.08e-14  5.21e-15   169   -46     0
1319.89  7.62e-15  5.43e-15   168    33     0
1321.57  2.44e-15  5.51e-15   168    10     0
1323.24  7.33e-15  5.72e-15   167    31     0
1324.92  2.01e-15  5.48e-15   167     8     0
1326.60 -4.04e-16  5.18e-15   166    -1     0
1328.27  1.47e-15  5.06e-15   166     6     0
1329.95 -5.39e-15  5.06e-15   165   -22     0
1331.62  8.26e-15  5.06e-15   164    35     0
1333.30  1.80e-14  7.25e-15   164    77     0
1334.98  1.66e-14  1.07e-14   163    71     0
1336.65  4.26e-14  9.30e-15   163   177     0
1338.33  2.50e-14  7.29e-15   162   103     0
1340.01  7.92e-15  5.19e-15   162    32     0
1341.68 -2.93e-16  5.08e-15   161    -1     0
1343.36  8.99e-15  5.20e-15   161    36     0
1345.04  4.33e-15  6.26e-15   160    17     0
1346.71 -2.88e-16  8.58e-15   159    -1     0
1348.39  4.27e-15  5.19e-15   159    17     0
1350.06  2.54e-15  5.11e-15   158    10     0
1351.74  4.28e-15  5.56e-15   158    17     0
1353.42  1.53e-15  5.10e-15   157     6     0
1355.09  1.76e-15  5.22e-15   157     6     0
1356.77  4.65e-15  5.20e-15   156    18     0
1358.45  3.42e-16  5.76e-15   156     1     0
1360.12 -5.43e-15  5.11e-15   155   -21     0
1361.80 -4.17e-15  5.11e-15   155   -16     0
1363.48  6.31e-15  5.19e-15   154    24     0
1365.15  3.16e-15  5.21e-15   154    12     0
1366.83  9.88e-16  5.11e-15   153     3     0
1368.50  1.43e-15  5.12e-15   153     5     0
1370.18 -6.64e-15  5.34e-15   152   -25     0
1371.86  6.17e-15  5.26e-15   152    23     0
1373.53  1.63e-15  5.20e-15   151     6     0
1375.21 -1.50e-15  6.12e-15   151    -5     0
1376.89 -2.98e-15  8.24e-15   150   -11     0
1378.56  4.27e-15  5.21e-15   150    15     0
1380.24  1.15e-15  5.18e-15   149     4     0
1381.91  4.26e-15  5.22e-15   149    15     0
1383.59 -9.21e-15  5.35e-15   148   -33     0
1385.27  8.89e-17  5.24e-15   148     0     0
1386.94  3.18e-15  5.30e-15   147    11     0
1388.62  1.75e-15  5.26e-15   147     6     0
1390.30 -2.48e-15  5.26e-15   147    -8     0
1391.97 -1.64e-15  5.26e-15   146    -5     0
1393.65  8.56e-15  5.39e-15   146    29     0
1395.33  2.52e-14  5.92e-15   145    87     0
1397.00  6.51e-15  8.61e-15   145    22     0
1398.68  6.73e-15  6.01e-15   144    23     0
1400.35  2.80e-15  5.35e-15   144     9     0
1402.03 -4.55e-15  5.46e-15   143   -15     0
1403.71  1.10e-14  5.54e-15   143    36     0
1405.38  1.31e-14  5.55e-15   143    44     0
1407.06 -2.41e-15  5.94e-15   142    -8     0
1408.74  4.36e-15  5.42e-15   142    14     0
1410.41  8.17e-15  5.46e-15   141    27     0
1412.09  9.72e-15  5.52e-15   141    32     0
1413.77  1.58e-15  5.38e-15   140     5     0
1415.44  8.69e-15  5.58e-15   140    27     0
1417.12 -5.42e-15  5.48e-15   140   -17     0
1418.79  9.60e-15  5.65e-15   139    30     0
1420.47 -1.15e-14  5.48e-15   139   -36     0
1422.15 -9.28e-15  7.48e-15   138   -29     0
1423.82 -8.31e-15  5.73e-15   138   -25     0
1425.50  3.18e-15  5.56e-15   138     9     0
1427.18 -3.75e-15  6.04e-15   137   -11     0
1428.85  3.12e-15  5.59e-15   137     9     0
1430.53  9.08e-16  5.51e-15   136     2     0
1432.20  3.71e-15  5.90e-15   136    11     0
1433.88  1.70e-15  5.52e-15   136     5     0
1435.56  8.90e-15  5.85e-15   135    26     0
1437.23  1.46e-14  6.52e-15   135    43     0
1438.91  1.31e-14  5.83e-15   134    38     0
1440.59 -1.61e-15  5.65e-15   134    -4     0
1442.26  7.81e-16  5.65e-15   134     2     0
1443.94 -6.72e-17  5.65e-15   133     0     0
1445.62 -3.65e-15  5.62e-15   133   -10     0
1447.29  1.14e-14  7.19e-15   133    32     0
1448.97  6.71e-15  5.73e-15   132    19     0
1450.64  3.53e-17  5.67e-15   132     0     0
1452.32  3.97e-15  6.20e-15   131    11     0
1454.00  4.19e-15  5.69e-15   131    11     0
1455.67 -7.29e-15  5.61e-15   131   -20     0
1457.35 -2.57e-15  5.68e-15   130    -7     0
1459.03 -3.58e-15  6.10e-15   130   -10     0
1460.70  2.20e-15  5.69e-15   130     6     0
1462.38  1.55e-14  5.94e-15   129    42     0
1464.06 -1.13e-15  7.72e-15   129    -3     0
1465.73  1.14e-14  6.67e-15   129    31     0
1467.41  1.17e-14  6.29e-15   128    32     0
1469.08  5.78e-15  5.60e-15   128    16     0
1470.76  6.18e-15  5.69e-15   128    16     0
1472.44 -5.99e-16  5.93e-15   127    -1     0
1474.11  2.65e-15  8.92e-15   127     7     0
1475.79 -4.65e-15  6.11e-15   127   -12     0
1477.47  7.47e-15  6.18e-15   126    20     0
1479.14  8.87e-15  5.68e-15   126    24     0
1480.82  1.04e-14  5.83e-15   126    28     0
1482.50  8.56e-15  5.58e-15   125    23     0
1484.17  1.50e-15  5.45e-15   125     4     0
1485.85 -1.93e-15  5.48e-15   125    -5     0
1487.52  1.91e-15  6.36e-15   124     5     0
1489.20 -3.72e-15  5.47e-15   124   -10     0
1490.88  1.28e-14  5.65e-15   124    34     0
1492.55 -1.96e-15  5.52e-15   123    -5     0
1494.23 -4.15e-16  5.52e-15   123    -1     0
1495.91  7.56e-15  5.88e-15   123    20     0
1497.58  5.43e-15  6.14e-15   122    14     0
1499.26  2.29e-15  5.43e-15   122     6     0
1500.93  6.82e-15  5.73e-15   122    17     0
1502.61 -5.94e-15  5.50e-15   121   -15     0
1504.29  1.92e-16  6.17e-15   121     0     0
1505.96 -6.90e-15  5.55e-15   121   -17     0
1507.64  5.23e-15  6.59e-15   121    13     0
1509.32  9.38e-15  5.95e-15   120    23     0
1510.99  1.61e-14  5.75e-15   120    41     0
1512.67  1.18e-14  5.63e-15   120    30     0
1514.35  2.16e-14  9.47e-15   119    54     0
1516.02  1.23e-14  7.24e-15   119    31     0
1517.70 -3.70e-15  5.47e-15   119    -9     0
1519.37  3.28e-15  5.48e-15   119     8     0
1521.05  2.14e-15  7.35e-15   118     5     0
1522.73  2.52e-15  5.81e-15   118     6     0
1524.40  1.01e-14  5.56e-15   118    25     0
1526.08  3.77e-15  5.51e-15   117     9     0
1527.76  4.81e-15  8.16e-15   117    11     0
1529.43 -4.27e-15  5.39e-15   117   -10     0
1531.11  8.16e-15  5.75e-15   117    19     0
1532.79  4.01e-15  5.62e-15   116     9     0
1534.46  1.74e-14  5.74e-15   116    42     0
1536.14  1.87e-14  6.39e-15   116    45     0
1537.81  4.20e-15  5.46e-15   116    10     0
1539.49  5.32e-15  7.16e-15   115    12     0
1541.17  1.33e-14  5.81e-15   115    32     0
1542.84  8.58e-15  6.45e-15   115    20     0
1544.52  3.16e-15  7.77e-15   115     7     0
1546.20  2.90e-14  1.02e-14   114    70     0
1547.87  5.75e-14  1.65e-14   114   139     0
1549.55  6.79e-14  1.76e-14   114   165     0
1551.22  4.92e-14  1.31e-14   114   120     0
1552.90  4.68e-14  1.08e-14   113   114     0
1554.58  1.23e-14  7.72e-15   113    30     0
1556.25 -3.45e-15  5.19e-15   113    -8     0
1557.93  5.67e-15  5.29e-15   113    13     0
1559.61 -6.50e-15  5.83e-15   112   -15     0
1561.28  2.34e-15  5.47e-15   112     5     0
1562.96  2.82e-16  5.02e-15   112     0     0
1564.64 -5.70e-15  5.01e-15   112   -14     0
1566.31  8.63e-15  7.90e-15   111    21     0
1567.99  7.11e-15  6.35e-15   111    17     0
1569.66  1.07e-14  5.09e-15   111    26     0
1571.34  4.06e-15  5.16e-15   111     9     0
1573.02  1.03e-14  5.18e-15   110    25     0
1574.69 -2.06e-15  4.87e-15   110    -5     0
1576.37 -8.02e-15  5.85e-15   110   -19     0
1578.05  5.38e-15  6.99e-15   110    13     0
1579.72  9.61e-15  5.24e-15   110    23     0
1581.40  1.83e-15  5.64e-15   109     4     0
1583.08  1.04e-14  5.05e-15   109    25     0
1584.75  8.49e-15  5.31e-15   109    21     0
1586.43 -5.78e-15  4.75e-15   109   -14     0
1588.10  1.20e-14  5.12e-15   109    29     0
1589.78  1.44e-14  1.03e-14   108    35     0
1591.46  8.27e-15  5.26e-15   108    20     0
1593.13  1.01e-14  7.23e-15   108    25     0
1594.81 -2.40e-15  4.79e-15   108    -5     0
1596.49  1.23e-14  6.86e-15   108    30     0
1598.16 -1.33e-14  5.96e-15   107   -32     0
1599.84  2.56e-15  4.74e-15   107     6     0
1601.52  4.13e-15  4.77e-15   107    10     0
1603.19  1.31e-14  4.71e-15   107    32     0
1604.87  7.29e-15  5.18e-15   107    18     0
1606.54  2.77e-14  6.01e-15   107    69     0
1608.22  1.89e-14  4.84e-15   106    47     0
1609.90 -5.13e-15  4.36e-15   106   -12     0
1611.57  2.44e-15  5.43e-15   106     6     0
1613.25  2.47e-16  4.32e-15   106     0     0
1614.93 -1.44e-14  4.68e-15   106   -36     0
1616.60  2.46e-15  4.72e-15   106     6     0
1618.28  1.08e-14  4.45e-15   105    27     0
1619.95  1.42e-14  5.08e-15   105    35     0
1621.63  1.37e-14  5.97e-15   105    35     0
1623.31  1.14e-15  4.32e-15   105     2     0
1624.98  1.23e-14  4.40e-15   105    31     0
1626.66 -1.64e-16  4.10e-15   105     0     0
1628.34  2.67e-15  4.31e-15   104     6     0
1630.01  4.38e-15  6.15e-15   104    11     0
1631.69  4.70e-16  4.08e-15   104     1     0
1633.37  1.04e-14  4.35e-15   104    27     0
1635.04  1.22e-14  5.20e-15   104    31     0
1636.72  2.13e-14  5.37e-15   104    55     0
1638.39  2.09e-14  9.91e-15   104    54     0
1640.07  4.04e-14  1.11e-14   104   106     0
1641.75  4.10e-14  1.28e-14   103   108     0
1643.42  3.25e-14  8.27e-15   103    86     0
1645.10  1.92e-14  4.70e-15   103    51     0
1646.78  7.14e-15  3.89e-15   103    19     0
1648.45  9.61e-15  3.90e-15   103    25     0
1650.13  1.25e-14  4.01e-15   103    33     0
1651.81  1.69e-14  4.31e-15   103    45     0
1653.48  1.35e-14  5.60e-15   103    36     0
1655.16  4.18e-15  5.61e-15   103    11     0
1656.83  7.50e-15  6.22e-15   103    20     0
1658.51  1.38e-14  4.84e-15   102    38     0
1660.19  1.83e-14  7.84e-15   102    51     0
1661.86  1.60e-14  6.68e-15   102    44     0
1663.54  1.08e-14  3.63e-15   102    30     0
1665.22 -4.34e-15  3.47e-15   102   -12     0
1666.89 -8.04e-15  3.41e-15   102   -22     0
1668.57 -2.31e-15  3.38e-15   102    -6     0
1670.24 -5.91e-16  3.46e-15   102    -1     0
1671.92 -8.79e-16  3.78e-15   102    -2     0
1673.60  4.37e-15  3.38e-15   102    12     0
1675.27  7.76e-15  4.66e-15   102    22     0
1676.95  7.12e-15  3.42e-15   102    20     0
1678.63  3.09e-15  3.27e-15   102     8     0
1680.30 -3.22e-15  3.20e-15   102    -9     0
1681.98 -4.25e-15  4.76e-15   102   -12     0
1683.66 -8.24e-15  3.11e-15   102   -24     0
1685.33  3.38e-15  3.11e-15   102    10     0
1687.01 -9.18e-16  3.09e-15   102    -2     0
1688.68  4.33e-16  3.16e-15   102     1     0
1690.36  1.43e-14  3.32e-15   102    43     0
1692.04  7.73e-15  3.50e-15   102    23     0
1693.71  2.25e-15  2.98e-15   102     6     0
1695.39  2.24e-15  2.98e-15   102     6     0
1697.07  7.10e-15  2.99e-15   102    22     0
1698.74 -6.03e-17  3.08e-15   102     0     0
1700.42 -8.89e-15  3.12e-15   102   -27     0
1702.10 -6.51e-16  2.81e-15   102    -2     0
1703.77  4.05e-15  2.84e-15   102    12     0
1705.45 -1.31e-15  2.75e-15   102    -4     0
1707.12  1.53e-15  2.74e-15   102     4     0
1708.80  5.12e-16  2.70e-15   102     1     0
1710.48  3.22e-16  2.72e-15   102     1     0
1712.15  4.38e-16  3.34e-15   102     1     0
1713.83 -6.59e-15  2.64e-15   102   -21     0
1715.51 -2.58e-15  2.66e-15   102    -8     0
1717.18 -2.90e-15  2.57e-15   102    -9     0
1718.86 -4.40e-16  2.52e-15   102    -1     0
1720.54 -3.76e-15  2.79e-15   102   -12     0
1722.21 -1.10e-15  2.49e-15   102    -3     0
1723.89 -9.97e-16  2.87e-15   103    -3     0
1725.56  3.41e-15  2.50e-15   103    11     0
1727.24 -2.90e-16  2.43e-15   103     0     0
1728.92  5.61e-16  2.99e-15   103     1     0
1730.59 -6.61e-15  2.54e-15   103   -23     0
1732.27 -4.97e-15  2.34e-15   103   -17     0
1733.95 -3.88e-15  2.30e-15   103   -13     0
1735.62 -3.01e-15  2.25e-15   103   -10     0
1737.30  1.79e-15  2.25e-15   103     6     0
1738.97  2.57e-15  2.23e-15   104     9     0
1740.65  8.06e-15  2.35e-15   104    29     0
1742.33  9.19e-15  2.36e-15   104    33     0
1744.00  4.85e-15  2.64e-15   104    17     0
1745.68  1.25e-14  4.82e-15   104    46     0
1747.36  6.15e-15  4.53e-15   104    23     0
1749.03  2.08e-16  2.10e-15   105     0     0
1750.71 -4.18e-15  2.12e-15   105   -15     0
1752.39 -4.10e-15  2.49e-15   105   -15     0
1754.06 -2.30e-15  2.08e-15   105    -8     0
1755.74  1.48e-15  2.05e-15   105     5     0
1757.41  5.76e-15  2.11e-15   105    22     0
1759.09 -1.18e-15  1.99e-15   106    -4     0
1760.77  2.96e-15  2.00e-15   106    11     0
1762.44  1.36e-15  1.95e-15   106     5     0
1764.12 -5.01e-15  1.92e-15   106   -19     0
1765.80 -2.48e-15  1.93e-15   107    -9     0
1767.47 -2.60e-15  1.95e-15   107   -10     0
1769.15 -1.26e-15  1.89e-15   107    -5     0
1770.83 -1.19e-15  1.87e-15   107    -4     0
1772.50  2.71e-15  1.90e-15   108    10     0
1774.18  2.35e-15  1.87e-15   108     9     0
1775.85 -6.57e-16  1.81e-15   108    -2     0
1777.53 -1.49e-15  1.79e-15   108    -6     0
1779.21  1.07e-15  1.79e-15   109     4     0
1780.88  7.56e-15  3.65e-15   109    31     0
1782.56  5.66e-15  2.44e-15   109    23     0
1784.24  2.16e-15  1.81e-15   110     9     0
1785.91  3.20e-15  1.92e-15   110    13     0
1787.59  2.02e-15  2.49e-15   110     8     0
1789.26  7.84e-15  2.18e-15   111    32     0
1790.94  4.81e-15  2.07e-15   111    20     0
1792.62  3.91e-16  1.84e-15   111     1     0
1794.29  1.81e-15  1.76e-15   112     7     0
1795.97 -1.76e-15  1.80e-15   112    -7     0
1797.65 -5.68e-15  1.66e-15   112   -24     0
1799.32 -4.08e-15  1.65e-15   113   -17     0
1801.00 -2.91e-15  1.69e-15   113   -12     0
1802.68 -3.39e-15  1.64e-15   113   -14     0
1804.35  3.36e-15  1.68e-15   114    14     0
1806.03  4.89e-15  1.86e-15   114    21     0
1807.70  2.90e-15  1.63e-15   114    12     0
1809.38  5.97e-15  1.87e-15   115    25     0
1811.06  8.05e-15  1.73e-15   115    34     0
1812.73  5.58e-15  1.72e-15   116    24     0
1814.41  3.42e-15  1.96e-15   116    14     0
1816.09  4.09e-15  2.89e-15   117    17     0
1817.76  6.56e-15  2.85e-15   117    28     0
1819.44  6.87e-15  2.87e-15   117    30     0
1821.12  8.60e-15  2.46e-15   118    37     0
1822.79  6.46e-15  1.63e-15   118    28     0
1824.47  5.33e-15  1.61e-15   119    23     0
1826.14  5.04e-15  1.62e-15   119    22     0
1827.82  2.60e-15  1.52e-15   120    11     0
1829.50  4.92e-15  1.56e-15   120    21     0
1831.17  7.28e-16  1.55e-15   121     3     0
1832.85  2.91e-15  1.54e-15   121    12     0
1834.53 -7.10e-17  1.47e-15   122     0     0
1836.20  8.51e-17  1.50e-15   122     0     0
1837.88 -1.14e-15  1.45e-15   123    -5     0
1839.55  2.53e-15  1.49e-15   123    11     0
1841.23  2.21e-15  1.48e-15   124     9     0
1842.91  2.19e-15  1.48e-15   124     9     0
1844.58  3.29e-15  1.50e-15   125    14     0
1846.26  6.48e-15  1.56e-15   125    28     0
1847.94  4.29e-15  1.51e-15   126    18     0
1849.61  3.36e-15  1.48e-15   126    14     0
1851.29  3.71e-15  1.80e-15   127    16     0
1852.97  3.62e-15  1.46e-15   127    15     0
1854.64  9.65e-16  1.41e-15   128     4     0
1856.32  1.38e-15  1.43e-15   129     6     0
1857.99  2.39e-15  1.44e-15   129    10     0
1859.67  4.22e-16  1.42e-15   130     1     0
1861.35  4.23e-15  1.77e-15   130    18     0
1863.02  5.11e-15  2.29e-15   131    22     0
1864.70  9.82e-15  4.49e-15   132    42     0
1866.38  1.19e-14  6.22e-15   132    51     0
1868.05  6.99e-15  2.85e-15   133    30     0
1869.73  3.65e-15  1.54e-15   133    15     0
1871.41  2.76e-15  1.50e-15   134    11     0
1873.08  4.20e-15  2.33e-15   135    18     0
1874.76  1.20e-14  3.46e-15   135    51     0
1876.43  2.76e-14  1.19e-14   136   117     0
1878.11  6.01e-14  2.99e-14   136   256     0
1879.79  5.53e-14  2.28e-14   137   234     0
1881.46  2.91e-14  9.34e-15   138   124     0
1883.14  1.24e-14  2.40e-15   138    53     0
1884.82  8.98e-15  1.70e-15   139    38     0
1886.49  6.89e-15  2.26e-15   140    29     0
1888.17  3.11e-15  1.72e-15   140    13     0
1889.85  5.43e-15  1.85e-15   141    23     0
1891.52  8.00e-15  1.65e-15   142    33     0
1893.20  7.22e-15  1.85e-15   142    30     0
1894.87  6.52e-15  2.37e-15   143    27     0
1896.55  5.92e-15  1.62e-15   144    24     0
1898.23  3.82e-15  1.51e-15   144    16     0
1899.90  4.89e-15  1.65e-15   145    20     0
1901.58  8.12e-15  1.47e-15   146    34     0
1903.26  7.59e-15  1.46e-15   147    31     0
1904.93  5.93e-15  1.54e-15   147    24     0
1906.61  4.56e-15  1.38e-15   148    19     0
1908.28  3.50e-15  1.36e-15   149    14     0
1909.96  4.41e-15  1.37e-15   149    18     0
1911.64  4.73e-15  1.38e-15   150    19     0
1913.31  5.52e-15  1.40e-15   151    23     0
1914.99  3.38e-15  1.40e-15   151    14     0
1916.67  2.93e-15  1.45e-15   152    12     0
1918.34  4.61e-15  1.49e-15   153    19     0
1920.02  9.58e-15  1.76e-15   154    39     0
1921.70  9.91e-15  2.08e-15   154    41     0
1923.37  1.17e-14  1.74e-15   155    48     0
1925.05  8.92e-15  2.31e-15   156    36     0
1926.72  1.20e-14  1.87e-15   156    49     0
1928.40  1.11e-14  1.64e-15   157    45     0
1930.08  8.21e-15  1.40e-15   158    33     0
1931.75  1.12e-14  1.50e-15   159    46     0
1933.43  9.80e-15  1.77e-15   159    40     0
1935.11  9.50e-15  1.39e-15   160    40     0
1936.78  8.15e-15  1.37e-15   161    34     0
1938.46  7.77e-15  1.35e-15   161    32     0
1940.14  8.64e-15  1.52e-15   162    36     0
1941.81  7.98e-15  1.57e-15   163    33     0
1943.49  7.47e-15  1.38e-15   164    31     0
1945.16  8.02e-15  1.90e-15   164    34     0
1946.84  1.25e-14  1.90e-15   165    53     0
1948.52  1.43e-14  1.69e-15   166    61     0
1950.19  1.63e-14  1.47e-15   166    70     0
1951.87  1.85e-14  1.50e-15   167    80     0
1953.55  2.17e-14  1.55e-15   168    94     0
1955.22  2.13e-14  2.08e-15   169    93     0
1956.90  1.97e-14  2.74e-15   169    86     0
1958.57  2.05e-14  2.76e-15   170    89     0
1960.25  1.99e-14  2.83e-15   171    86     0
1961.93  2.22e-14  3.41e-15   171    97     0
1963.60  2.13e-14  3.02e-15   172    93     0
1965.28  2.12e-14  2.42e-15   173    91     0
1966.96  2.12e-14  2.93e-15   173    91     0
1968.63  2.26e-14  3.01e-15   174    97     0
1970.31  2.28e-14  2.77e-15   175    98     0
1971.99  2.15e-14  3.23e-15   175    92     0
1973.66  2.37e-14  3.78e-15   176   101     0
1975.34  2.80e-14  4.21e-15   176   119     0
1977.01  3.01e-14  5.53e-15   177   127     0
1978.69  3.03e-14  5.86e-15   178   128     0
