NOT ORIGINAL IUE PROJECT DATA PRODUCT
SWP6428LOWLARGE
HD  197481
20:42:04
-31:31:17
48
NO-TRAIL
NO
1799.652
08/09/79
00:21:54
251
7.16
12/10/95
GSFC
2444124.51521
0
19
1150.58  1.23e-13  6.98e-14    65    26     0
1152.26  3.45e-14  6.23e-14    65     7     0
1153.93 -1.80e-14  5.71e-14    65    -4     0
1155.61  1.01e-13  6.93e-14    65    26     0
1157.29 -5.91e-14  4.91e-14    65   -16     0
1158.96 -1.67e-15  4.53e-14    64     0     0
1160.64  2.99e-14  4.20e-14    64    10     0
1162.31  7.13e-14  4.07e-14    64    25     0
1163.99 -2.79e-14  3.53e-14    64   -10     0
1165.67  1.33e-14  3.50e-14    64     5     0
1167.34 -8.68e-15  3.29e-14    64    -3     0
1169.02 -1.79e-14  2.99e-14    64    -8     0
1170.70 -5.42e-14  2.81e-14    64   -25     0
1172.37  3.47e-14  2.75e-14    64    17     0
1174.05  2.28e-14  2.53e-14    64    12     0
1175.73  4.74e-14  2.47e-14    63    27     0
1177.40  5.27e-14  2.35e-14    63    32     0
1179.08  1.43e-14  2.05e-14    63     9     0
1180.75  1.75e-14  1.98e-14    63    12     0
1182.43  1.58e-14  1.86e-14    63    11     0
1184.11  1.30e-14  1.74e-14    63     9     0
1185.78 -8.24e-15  1.60e-14    63    -6     0
1187.46 -5.63e-14  1.86e-14    63   -47     0
1189.14  9.39e-15  1.82e-14    62     8     0
1190.81  2.12e-14  3.57e-14    62    18 -4096
1192.49  4.38e-14  3.59e-14    62    40 -4096
1194.17  3.27e-15  1.64e-14    62     3     0
1195.84 -4.11e-15  1.68e-14    62    -4     0
1197.52  1.38e-14  1.29e-14    62    14     0
1199.19  1.01e-14  1.23e-14    62    10     0
1200.87 -6.55e-15  1.17e-14    61    -6     0
1202.55  1.26e-14  1.18e-14    61    13     0
1204.22  3.18e-14  1.23e-14    61    36     0
1205.90  1.87e-14  1.18e-14    61    21     0
1207.58  2.99e-14  1.28e-14    61    35     0
1209.25  1.16e-13  3.53e-14    61   142     0
1210.93  2.31e-13  5.09e-14    61   289     0
1212.60  4.03e-13  7.73e-14    60   517     0
1214.28  3.95e-13  5.63e-14    60   519     0
1215.96  4.84e-13  6.18e-14    60   651     0
1217.63  5.77e-13  1.20e-13    60   795     0
1219.31  2.44e-13  5.55e-14    60   344     0
1220.99  1.47e-13  2.83e-14    60   212     0
1222.66  4.91e-14  1.67e-14    60    72     0
1224.34  3.63e-14  1.25e-14    59    54     0
1226.02  1.13e-18  7.79e-15    59     0     0
1227.69  2.03e-15  7.68e-15    59     3     0
1229.37  5.59e-15  7.71e-15    59     8     0
1231.04  1.16e-14  7.89e-15    59    18     0
1232.72  2.72e-15  7.36e-15    59     4     0
1234.40  2.51e-15  7.16e-15    58     4     0
1236.07  4.38e-15  7.25e-15    58     7     0
1237.75  1.22e-14  7.49e-15    58    19     0
1239.43  1.71e-14  7.65e-15    58    28     0
1241.10  7.10e-15  6.98e-15    58    12     0
1242.78  6.76e-15  6.86e-15    58    11     0
1244.46  2.34e-15  6.58e-15    57     4     0
1246.13  7.45e-15  6.73e-15    57    12     0
1247.81  1.07e-14  6.80e-15    57    18     0
1249.48  9.73e-15  6.67e-15    57    17     0
1251.16 -1.38e-15  6.33e-15    57    -2     0
1252.84  4.56e-15  6.42e-15    56     8     0
1254.51 -2.51e-15  6.18e-15    56    -4     0
1256.19  2.87e-15  6.18e-15    56     5     0
1257.87  5.56e-15  6.24e-15    56    10     0
1259.54  3.03e-15  6.05e-15    56     5     0
1261.22  1.92e-14  6.85e-15    56    34     0
1262.89 -6.20e-15  5.89e-15    55   -11     0
1264.57 -6.41e-15  5.83e-15    55   -11     0
1266.25 -1.83e-15  5.84e-15    55    -3     0
1267.92  4.57e-15  6.00e-15    55     8     0
1269.60  1.66e-16  5.74e-15    55     0     0
1271.28 -1.52e-15  5.62e-15    55    -2     0
1272.95 -2.12e-15  5.57e-15    54    -3     0
1274.63  6.74e-15  5.85e-15    54    12     0
1276.31  4.73e-15  5.64e-15    54     9     0
1277.98  1.62e-16  5.39e-15    54     0     0
1279.66  1.11e-14  5.77e-15    54    21     0
1281.33  7.03e-16  5.42e-15    54     1     0
1283.01 -4.87e-15  5.33e-15    53    -9     0
1284.69  3.06e-15  5.41e-15    53     5     0
1286.36  7.66e-15  5.67e-15    53    14     0
1288.04 -2.57e-15  5.27e-15    53    -4     0
1289.72  1.65e-15  5.27e-15    53     3     0
1291.39  6.53e-15  5.61e-15    52    12     0
1293.07  6.30e-15  5.48e-15    52    12     0
1294.75 -5.33e-15  5.16e-15    52   -10     0
1296.42  3.60e-15  5.38e-15    52     6     0
1298.10  1.24e-14  5.78e-15    52    23     0
1299.77  1.02e-14  5.63e-15    52    19     0
1301.45  1.53e-14  6.62e-15    51    29     0
1303.13  1.23e-14  6.18e-15    51    23     0
1304.80  1.54e-14  5.58e-15    51    29     0
1306.48  1.98e-14  6.31e-15    51    38     0
1308.16  8.08e-15  6.00e-15    51    15     0
1309.83 -1.22e-15  4.87e-15    50    -2     0
1311.51 -1.69e-15  5.01e-15    50    -3     0
1313.19 -3.16e-15  5.00e-15    50    -5     0
1314.86  3.83e-15  5.15e-15    50     7     0
1316.54  5.27e-15  5.22e-15    50     9     0
1318.21  5.19e-15  5.19e-15    50     9     0
1319.89  1.05e-14  5.46e-15    49    19     0
1321.57  9.28e-15  5.24e-15    49    17     0
1323.24  4.59e-16  4.81e-15    49     0     0
1324.92  3.77e-15  4.94e-15    49     7     0
1326.60 -1.75e-16  4.75e-15    49     0     0
1328.27  7.25e-15  5.07e-15    49    13     0
1329.95 -7.25e-15  4.94e-15    48   -13     0
1331.62  1.09e-14  5.36e-15    48    20     0
1333.30  1.36e-14  5.34e-15    48    25     0
1334.98  2.54e-14  1.07e-14    48    47     0
1336.65  2.02e-14  9.65e-15    48    36     0
1338.33  1.96e-14  5.83e-15    48    35     0
1340.01  1.16e-14  5.27e-15    47    21     0
1341.68  4.89e-15  5.03e-15    47     8     0
1343.36  7.32e-15  5.13e-15    47    13     0
1345.04  5.37e-15  5.06e-15    47     9     0
1346.71 -4.54e-15  8.49e-15    47    -8     0
1348.39 -1.04e-14  6.03e-15    46   -18     0
1350.06 -6.58e-16  4.85e-15    46    -1     0
1351.74  3.68e-15  5.04e-15    46     6     0
1353.42  5.50e-15  5.96e-15    46     9     0
1355.09  5.59e-15  5.16e-15    46     9     0
1356.77 -3.49e-15  4.90e-15    46    -6     0
1358.45  7.43e-15  6.44e-15    45    12     0
1360.12  5.28e-15  5.04e-15    45     9     0
1361.80 -5.87e-15  4.81e-15    45   -10     0
1363.48  1.00e-14  5.27e-15    45    17     0
1365.15  7.97e-15  5.12e-15    45    13     0
1366.83  2.77e-15  4.95e-15    45     4     0
1368.50  3.43e-15  4.90e-15    44     5     0
1370.18  2.26e-15  4.93e-15    44     3     0
1371.86  4.14e-15  5.11e-15    44     6     0
1373.53 -1.52e-15  4.93e-15    44    -2     0
1375.21  1.84e-15  4.97e-15    44     3     0
1376.89  2.58e-15  5.05e-15    44     4     0
1378.56  4.53e-15  5.14e-15    44     7     0
1380.24 -7.12e-15  4.95e-15    43   -11     0
1381.91  6.71e-15  5.28e-15    43    10     0
1383.59 -2.69e-15  5.52e-15    43    -4     0
1385.27  4.96e-15  5.27e-15    43     7     0
1386.94  1.01e-14  5.61e-15    43    15     0
1388.62 -5.57e-15  5.04e-15    43    -8     0
1390.30  1.74e-15  5.35e-15    42     2     0
1391.97  4.28e-15  5.23e-15    42     6     0
1393.65  1.50e-14  5.67e-15    42    23     0
1395.33  1.20e-14  9.33e-15    42    18     0
1397.00  1.08e-14  6.34e-15    42    16     0
1398.68  4.92e-15  6.59e-15    42     7     0
1400.35  1.65e-15  5.16e-15    42     2     0
1402.03  1.36e-14  5.71e-15    41    20     0
1403.71  1.30e-14  5.77e-15    41    19     0
1405.38  6.78e-15  5.43e-15    41     9     0
1407.06  1.47e-15  5.17e-15    41     2     0
1408.74  7.54e-15  5.51e-15    41    10     0
1410.41  1.20e-14  5.72e-15    41    17     0
1412.09 -5.62e-16  5.19e-15    40     0     0
1413.77 -1.20e-14  5.20e-15    40   -16     0
1415.44  9.16e-16  5.37e-15    40     1     0
1417.12 -8.04e-16  5.35e-15    40    -1     0
1418.79  6.00e-16  5.36e-15    40     0     0
1420.47  2.51e-15  5.26e-15    40     3     0
1422.15  6.28e-15  5.54e-15    40     8     0
1423.82  4.32e-15  5.51e-15    39     5     0
1425.50  5.68e-15  5.63e-15    39     7     0
1427.18  6.45e-15  5.61e-15    39     8     0
1428.85  4.72e-15  5.60e-15    39     6     0
1430.53  2.24e-15  5.47e-15    39     2     0
1432.20  9.63e-15  5.79e-15    39    12     0
1433.88  6.12e-15  5.70e-15    39     7     0
1435.56  1.64e-15  5.31e-15    39     2     0
1437.23  4.66e-15  5.51e-15    38     6     0
1438.91  1.03e-14  6.19e-15    38    13     0
1440.59 -7.62e-15  5.42e-15    38    -9     0
1442.26  4.57e-15  5.59e-15    38     5     0
1443.94  2.96e-16  5.43e-15    38     0     0
1445.62  9.61e-15  5.90e-15    38    12     0
1447.29  2.86e-15  7.77e-15    38     3     0
1448.97 -9.87e-16  5.41e-15    37    -1     0
1450.64  6.18e-15  5.76e-15    37     7     0
1452.32  8.90e-15  6.05e-15    37    10     0
1454.00  2.92e-15  7.38e-15    37     3     0
1455.67  1.11e-15  5.50e-15    37     1     0
1457.35  6.39e-15  5.78e-15    37     7     0
1459.03  2.31e-15  5.65e-15    37     2     0
1460.70  2.52e-15  5.68e-15    37     2     0
1462.38  1.06e-14  6.07e-15    36    12     0
1464.06 -3.06e-16  5.54e-15    36     0     0
1465.73  9.81e-15  5.92e-15    36    11     0
1467.41  5.38e-15  5.65e-15    36     6     0
1469.08  1.01e-14  5.97e-15    36    11     0
1470.76  5.26e-15  5.48e-15    36     6     0
1472.44 -4.76e-16  6.26e-15    36     0     0
1474.11  2.78e-15  5.41e-15    36     3     0
1475.79  4.68e-15  5.48e-15    36     5     0
1477.47  5.46e-15  5.52e-15    35     6     0
1479.14  1.04e-14  5.75e-15    35    12     0
1480.82  2.19e-15  5.43e-15    35     2     0
1482.50 -5.07e-16  5.26e-15    35     0     0
1484.17 -2.97e-15  5.39e-15    35    -3     0
1485.85 -6.40e-15  5.30e-15    35    -7     0
1487.52 -4.16e-15  5.29e-15    35    -4     0
1489.20  5.22e-16  5.31e-15    35     0     0
1490.88  3.80e-15  5.52e-15    35     4     0
1492.55  5.07e-16  5.90e-15    34     0     0
1494.23  5.83e-16  5.19e-15    34     0     0
1495.91  1.74e-15  5.36e-15    34     1     0
1497.58 -6.14e-15  5.40e-15    34    -6     0
1499.26  4.41e-15  5.51e-15    34     4     0
1500.93  5.68e-15  5.55e-15    34     6     0
1502.61  8.14e-16  5.36e-15    34     0     0
1504.29 -1.31e-16  5.66e-15    34     0     0
1505.96 -2.38e-15  5.35e-15    34    -2     0
1507.64  9.84e-15  5.84e-15    34    10     0
1509.32  1.03e-15  5.42e-15    33     1     0
1510.99  6.00e-15  5.53e-15    33     6     0
1512.67 -1.13e-15  5.28e-15    33    -1     0
1514.35 -2.77e-16  5.29e-15    33     0     0
1516.02 -9.15e-15  5.28e-15    33    -9     0
1517.70 -2.92e-15  5.33e-15    33    -3     0
1519.37 -3.57e-15  5.24e-15    33    -3     0
1521.05  1.48e-15  5.31e-15    33     1     0
1522.73  2.45e-16  5.24e-15    33     0     0
1524.40  6.87e-15  6.61e-15    33     7     0
1526.08 -7.46e-15  5.25e-15    33    -7     0
1527.76 -9.91e-16  5.73e-15    32    -1     0
1529.43 -6.76e-15  5.22e-15    32    -7     0
1531.11 -8.64e-16  5.29e-15    32     0     0
1532.79  3.76e-15  5.46e-15    32     3     0
1534.46  1.08e-14  5.84e-15    32    11     0
1536.14  2.95e-15  5.40e-15    32     3     0
1537.81  7.11e-15  5.60e-15    32     7     0
1539.49  5.65e-16  5.35e-15    32     0     0
1541.17  5.98e-15  5.52e-15    32     6     0
1542.84  1.35e-14  5.92e-15    32    13     0
1544.52  2.72e-14  1.07e-14    32    27     0
1546.20  4.06e-14  1.15e-14    32    41     0
1547.87  7.63e-14  1.38e-14    32    77     0
1549.55  7.77e-14  2.08e-14    31    79     0
1551.22  3.10e-14  1.24e-14    31    32     0
1552.90  2.07e-14  7.99e-15    31    21     0
1554.58  5.37e-15  7.20e-15    31     5     0
1556.25  1.90e-15  5.01e-15    31     1     0
1557.93  1.30e-14  5.67e-15    31    13     0
1559.61  1.80e-14  5.89e-15    31    18     0
1561.28  1.56e-14  5.99e-15    31    16     0
1562.96  9.37e-15  5.29e-15    31     9     0
1564.64  1.68e-16  4.83e-15    31     0     0
1566.31  1.01e-14  5.35e-15    31    10     0
1567.99  1.53e-15  4.90e-15    31     1     0
1569.66 -2.48e-15  4.96e-15    31    -2     0
1571.34 -4.79e-15  4.72e-15    31    -4     0
1573.02  6.53e-15  5.04e-15    30     6     0
1574.69 -1.52e-15  4.65e-15    30    -1     0
1576.37 -2.24e-15  4.63e-15    30    -2     0
1578.05 -1.85e-15  4.57e-15    30    -1     0
1579.72  8.25e-15  7.27e-15    30     8     0
1581.40  1.31e-15  4.56e-15    30     1     0
1583.08  5.17e-15  4.83e-15    30     5     0
1584.75  3.71e-15  6.48e-15    30     3     0
1586.43 -1.05e-14  4.52e-15    30   -10     0
1588.10  8.50e-15  4.88e-15    30     8     0
1589.78  5.67e-15  6.61e-15    30     5     0
1591.46  4.64e-15  7.53e-15    30     4     0
1593.13 -1.57e-15  5.50e-15    30    -1     0
1594.81  3.78e-15  4.50e-15    30     4     0
1596.49  1.85e-14  5.32e-15    30    19     0
1598.16 -4.40e-15  4.34e-15    30    -4     0
1599.84  4.18e-15  4.57e-15    30     4     0
1601.52  1.14e-14  4.92e-15    30    12     0
1603.19  1.01e-14  4.83e-15    30    10     0
1604.87  1.19e-15  5.11e-15    29     1     0
1606.54  9.61e-15  5.34e-15    29    10     0
1608.22  8.35e-15  4.61e-15    29     8     0
1609.90 -1.86e-16  4.64e-15    29     0     0
1611.57  7.29e-15  5.71e-15    29     7     0
1613.25  3.80e-15  4.28e-15    29     4     0
1614.93 -2.54e-15  4.06e-15    29    -2     0
1616.60  6.18e-15  4.28e-15    29     6     0
1618.28  7.70e-15  4.41e-15    29     8     0
1619.95  2.67e-15  4.14e-15    29     2     0
1621.63  3.97e-15  4.17e-15    29     4     0
1623.31  1.67e-15  3.98e-15    29     1     0
1624.98  1.38e-14  4.72e-15    29    15     0
1626.66  8.61e-15  4.37e-15    29     9     0
1628.34  2.01e-15  3.96e-15    29     2     0
1630.01 -1.28e-15  3.76e-15    29    -1     0
1631.69  5.19e-15  3.98e-15    29     5     0
1633.37  6.31e-15  4.03e-15    29     7     0
1635.04  7.79e-15  4.20e-15    29     8     0
1636.72  2.13e-14  4.81e-15    29    23     0
1638.39  3.41e-14  1.13e-14    29    38     0
1640.07  8.13e-14  1.46e-14    29    91     0
1641.75  7.39e-14  1.11e-14    29    83     0
1643.42  2.58e-14  5.67e-15    29    29     0
1645.10  3.79e-15  3.72e-15    29     4     0
1646.78  9.55e-15  4.08e-15    29    10     0
1648.45  4.39e-15  3.77e-15    29     5     0
1650.13  1.03e-14  4.65e-15    29    11     0
1651.81  4.96e-15  3.77e-15    29     5     0
1653.48  1.52e-14  7.23e-15    29    17     0
1655.16  1.15e-14  7.08e-15    29    13     0
1656.83  1.36e-14  4.66e-15    29    15     0
1658.51  6.90e-15  4.80e-15    29     8     0
1660.19  6.82e-15  5.79e-15    29     7     0
1661.86  9.91e-15  3.92e-15    29    11     0
1663.54  1.24e-14  4.00e-15    29    14     0
1665.22  4.00e-15  3.40e-15    29     4     0
1666.89  8.14e-15  3.57e-15    29     9     0
1668.57  4.12e-15  5.18e-15    29     5     0
1670.24  5.66e-15  3.39e-15    29     6     0
1671.92  4.02e-15  4.03e-15    29     4     0
1673.60  6.84e-15  3.44e-15    29     8     0
1675.27  4.53e-15  3.29e-15    29     5     0
1676.95  2.11e-15  3.14e-15    29     2     0
1678.63  2.51e-15  3.15e-15    29     3     0
1680.30  2.70e-15  3.21e-15    29     3     0
1681.98  5.25e-15  3.27e-15    29     6     0
1683.66 -6.99e-17  3.12e-15    29     0     0
1685.33  2.77e-15  3.00e-15    29     3     0
1687.01 -1.41e-15  2.82e-15    29    -1     0
1688.68 -1.36e-16  2.94e-15    29     0     0
1690.36  1.87e-15  2.84e-15    29     2     0
1692.04  4.70e-15  3.25e-15    29     6     0
1693.71  1.59e-15  2.79e-15    29     2     0
1695.39  7.30e-15  3.10e-15    29     9     0
1697.07  6.99e-15  3.26e-15    29     9     0
1698.74  4.74e-15  2.92e-15    29     6     0
1700.42  2.99e-15  3.76e-15    29     3     0
1702.10  1.52e-15  2.76e-15    29     2     0
1703.77  2.53e-15  2.67e-15    29     3     0
1705.45 -2.20e-15  2.51e-15    29    -2     0
1707.12 -5.64e-17  2.50e-15    29     0     0
1708.80  3.07e-15  3.03e-15    29     4     0
1710.48 -1.18e-15  2.52e-15    29    -1     0
1712.15  8.58e-15  2.92e-15    29    11     0
1713.83  5.52e-15  2.70e-15    29     7     0
1715.51  9.82e-15  2.87e-15    29    13     0
1717.18  4.71e-15  2.58e-15    29     6     0
1718.86  2.14e-15  2.45e-15    29     3     0
1720.54  2.23e-15  2.89e-15    29     3     0
1722.21  1.94e-15  2.37e-15    29     2     0
1723.89  1.43e-15  2.34e-15    29     2     0
1725.56 -3.22e-15  2.16e-15    29    -4     0
1727.24  1.38e-15  2.22e-15    29     2     0
1728.92  6.26e-15  2.47e-15    29     9     0
1730.59 -5.14e-17  3.25e-15    29     0     0
1732.27  1.62e-15  2.75e-15    29     2     0
1733.95  2.54e-15  2.22e-15    29     3     0
1735.62  2.94e-15  2.22e-15    29     4     0
1737.30  5.19e-15  2.29e-15    29     7     0
1738.97  3.12e-15  2.14e-15    29     4     0
1740.65  1.03e-14  2.61e-15    29    15     0
1742.33  4.18e-15  2.22e-15    29     6     0
1744.00 -4.15e-16  1.97e-15    29     0     0
1745.68 -5.59e-16  3.61e-15    29     0     0
1747.36 -1.07e-15  1.99e-15    29    -1     0
1749.03  6.66e-15  2.30e-15    29    10     0
1750.71  9.14e-15  2.84e-15    29    14     0
1752.39  5.81e-15  2.26e-15    29     9     0
1754.06  3.14e-15  2.85e-15    29     5     0
1755.74  6.49e-16  1.82e-15    29     1     0
1757.41 -1.82e-15  2.23e-15    29    -2     0
1759.09 -2.11e-15  1.76e-15    30    -3     0
1760.77  1.03e-16  1.74e-15    30     0     0
1762.44  5.59e-16  1.74e-15    30     0     0
1764.12  5.24e-15  2.06e-15    30     8     0
1765.80  9.21e-15  2.26e-15    30    15     0
1767.47  4.03e-15  1.90e-15    30     6     0
1769.15  1.51e-15  2.15e-15    30     2     0
1770.83  2.35e-15  1.80e-15    30     3     0
1772.50  4.23e-15  1.85e-15    30     7     0
1774.18  3.05e-15  1.94e-15    30     5     0
1775.85 -1.74e-15  1.78e-15    30    -2     0
1777.53 -3.86e-15  1.59e-15    30    -6     0
1779.21  4.69e-17  1.57e-15    30     0     0
1780.88  2.30e-15  1.69e-15    30     4     0
1782.56  2.49e-15  1.68e-15    30     4     0
1784.24  2.53e-16  2.39e-15    30     0     0
1785.91  3.81e-15  2.85e-15    30     6 -4096
1787.59 -1.12e-14  5.46e-15    30   -19 -4096
1789.26  2.79e-14  3.32e-14    30    48 -4096
1790.94  4.66e-14  3.42e-14    31    82 -4096
1792.62  7.41e-15  1.02e-14    31    13 -4096
1794.29  1.39e-15  2.96e-15    31     2 -4096
1795.97  6.37e-16  1.47e-15    31     1     0
1797.65  4.21e-16  1.48e-15    31     0     0
1799.32  3.58e-15  1.66e-15    31     6     0
1801.00 -9.67e-16  1.49e-15    31    -1     0
1802.68  1.20e-15  1.45e-15    31     2     0
1804.35  1.66e-15  1.54e-15    31     2     0
1806.03  5.53e-15  1.92e-15    31    10     0
1807.70  4.06e-15  1.57e-15    31     7     0
1809.38  8.17e-15  1.78e-15    31    15     0
1811.06  7.47e-15  2.66e-15    31    13     0
1812.73  3.76e-15  2.23e-15    31     6     0
1814.41  6.78e-15  2.59e-15    31    12     0
1816.09  1.41e-14  3.53e-15    32    26     0
1817.76  1.55e-14  3.87e-15    32    28     0
1819.44  1.35e-14  2.94e-15    32    25     0
1821.12  5.69e-15  1.78e-15    32    10     0
1822.79  1.92e-15  1.62e-15    32     3     0
1824.47  3.82e-15  2.19e-15    32     7     0
1826.14  1.35e-15  1.27e-15    32     2     0
1827.82  2.15e-15  1.34e-15    32     4     0
1829.50  2.92e-15  1.52e-15    32     5     0
1831.17  1.22e-16  1.47e-15    32     0     0
1832.85  1.88e-15  1.97e-15    32     3     0
1834.53  1.47e-15  1.27e-15    32     2     0
1836.20  4.28e-15  1.42e-15    33     7     0
1837.88  2.17e-15  1.46e-15    33     4     0
1839.55  2.12e-15  1.28e-15    33     3     0
1841.23  3.66e-15  1.35e-15    33     6     0
1842.91  2.49e-15  1.29e-15    33     4     0
1844.58  9.10e-16  1.18e-15    33     1     0
1846.26  4.88e-15  1.42e-15    33     8     0
1847.94  4.35e-15  1.38e-15    33     7     0
1849.61  2.91e-15  1.30e-15    33     5     0
1851.29  2.43e-15  2.13e-15    33     4     0
1852.97  4.36e-15  2.30e-15    33     8     0
1854.64  5.81e-15  2.06e-15    33    10     0
1856.32  4.14e-15  2.24e-15    34     7     0
1857.99  1.78e-15  1.21e-15    34     3     0
1859.67  4.01e-15  1.32e-15    34     7     0
1861.35  4.41e-15  2.34e-15    34     8     0
1863.02  3.84e-15  2.39e-15    34     7     0
1864.70  3.53e-15  1.52e-15    34     6     0
1866.38  1.75e-15  1.24e-15    34     3     0
1868.05 -1.85e-16  2.11e-15    34     0     0
1869.73 -1.14e-15  2.66e-15    34    -2     0
1871.41  1.01e-15  1.88e-15    34     1     0
1873.08  3.83e-15  1.32e-15    35     7     0
1874.76  5.58e-15  1.35e-15    35    10     0
1876.43  4.50e-15  1.53e-15    35     8     0
1878.11  4.34e-15  1.32e-15    35     7     0
1879.79  6.33e-15  1.37e-15    35    11     0
1881.46  3.21e-15  1.21e-15    35     5     0
1883.14  1.25e-15  1.21e-15    35     2     0
1884.82  4.50e-15  2.01e-15    35     8     0
1886.49  4.30e-15  1.27e-15    35     7     0
1888.17  4.67e-15  1.25e-15    35     8     0
1889.85  6.51e-15  1.75e-15    36    11     0
1891.52  6.59e-15  1.72e-15    36    11     0
1893.20  4.99e-15  2.44e-15    36     8     0
1894.87  3.20e-15  1.79e-15    36     5     0
1896.55  3.14e-15  1.45e-15    36     5     0
1898.23  4.61e-15  1.25e-15    36     8     0
1899.90  3.42e-15  1.23e-15    36     6     0
1901.58  3.89e-15  1.36e-15    36     6     0
1903.26  3.26e-15  1.24e-15    36     5     0
1904.93  5.68e-15  1.27e-15    37    10     0
1906.61  4.38e-15  1.24e-15    37     7     0
1908.28  3.54e-15  1.24e-15    37     6     0
1909.96  2.44e-15  1.24e-15    37     4     0
1911.64  1.21e-15  1.30e-15    37     2     0
1913.31  1.24e-15  1.24e-15    37     2     0
1914.99  2.03e-15  1.24e-15    37     3     0
1916.67  1.27e-15  1.23e-15    37     2     0
1918.34  2.05e-15  1.23e-15    37     3     0
1920.02  2.68e-15  1.69e-15    38     4     0
1921.70  2.34e-16  1.22e-15    38     0     0
1923.37 -9.88e-16  2.33e-15    38    -1     0
1925.05 -1.44e-15  1.68e-15    38    -2     0
1926.72 -1.76e-15  1.63e-15    38    -3     0
1928.40  2.56e-15  1.25e-15    38     4     0
1930.08  1.68e-15  1.25e-15    38     2     0
1931.75  3.26e-15  1.60e-15    38     5     0
1933.43  1.65e-15  1.50e-15    38     2     0
1935.11  4.64e-16  1.39e-15    39     0     0
1936.78  1.60e-15  1.68e-15    39     2     0
1938.46  9.32e-16  1.21e-15    39     1     0
1940.14  1.11e-15  1.21e-15    39     1     0
1941.81 -4.24e-17  1.21e-15    39     0     0
1943.49  1.22e-15  1.20e-15    39     2     0
1945.16  8.05e-16  1.21e-15    39     1     0
1946.84  8.68e-16  1.20e-15    39     1     0
1948.52  2.77e-15  1.20e-15    39     5     0
1950.19  2.18e-15  1.18e-15    40     4     0
1951.87  1.48e-15  1.18e-15    40     2     0
1953.55  1.45e-15  1.18e-15    40     2     0
1955.22  8.11e-16  1.18e-15    40     1     0
1956.90 -8.92e-16  1.19e-15    40    -1     0
1958.57 -4.15e-16  1.18e-15    40     0     0
1960.25  1.03e-15  1.18e-15    40     1     0
1961.93  1.14e-15  1.18e-15    40     2     0
1963.60  2.73e-15  1.25e-15    40     5     0
1965.28  7.12e-16  1.18e-15    41     1     0
1966.96  1.34e-15  1.28e-15    41     2     0
1968.63  3.94e-15  1.35e-15    41     7     0
1970.31  5.17e-15  1.19e-15    41     9     0
1971.99  5.95e-15  1.94e-15    41    10     0
1973.66  3.27e-15  1.20e-15    41     5     0
1975.34  3.07e-15  1.21e-15    41     5     0
1977.01  7.33e-16  1.25e-15    41     1     0
1978.69  5.19e-16  1.24e-15    41     0     0
