NOT ORIGINAL IUE PROJECT DATA PRODUCT
SWP06430LOWLARGE
HD  197481
20:42:04
-31:31:17
48
X-TRAIL
NO
3927.349
08/09/79
02:47:27
251
7.50
12/10/95
GSFC
2444124.61628
0
21
1150.58 -3.28e-15  6.50e-14   187    -1     0
1152.26  9.62e-14  6.24e-14   187    50     0
1153.93  1.81e-14  5.72e-14   186    10     0
1155.61 -3.47e-14  5.58e-14   186   -19     0
1157.29  1.50e-15  5.18e-14   186     0     0
1158.96 -1.34e-14  4.78e-14   186    -8     0
1160.64  2.19e-14  4.54e-14   185    15     0
1162.31  3.02e-14  4.24e-14   185    22     0
1163.99 -3.77e-14  3.91e-14   185   -30     0
1165.67 -4.46e-14  3.74e-14   185   -37     0
1167.34 -2.16e-15  3.48e-14   184    -1     0
1169.02  5.00e-15  3.24e-14   184     4     0
1170.70  1.15e-14  3.02e-14   184    11     0
1172.37 -3.60e-14  4.20e-14   183   -39     0
1174.05  4.33e-14  2.69e-14   183    50     0
1175.73  4.72e-14  2.57e-14   183    57     0
1177.40  5.99e-15  2.35e-14   183     7     0
1179.08  8.09e-15  2.21e-14   182    11     0
1180.75 -2.63e-14  2.62e-14   182   -37     0
1182.43  3.73e-14  2.06e-14   182    55     0
1184.11 -7.18e-15  1.90e-14   182   -11     0
1185.78 -2.21e-15  1.80e-14   181    -3     0
1187.46 -1.88e-14  1.75e-14   181   -33     0
1189.14  1.25e-14  1.68e-14   181    23     0
1190.81 -2.07e-14  1.78e-14   180   -38     0
1192.49 -2.83e-15  1.71e-14   180    -5     0
1194.17 -4.17e-15  1.55e-14   180    -8     0
1195.84 -2.54e-14  1.48e-14   180   -52     0
1197.52 -2.61e-15  1.36e-14   179    -5     0
1199.19 -2.77e-15  1.31e-14   179    -6     0
1200.87 -1.27e-16  1.30e-14   179     0     0
1202.55  9.69e-15  1.26e-14   178    22     0
1204.22  1.32e-14  1.24e-14   178    31     0
1205.90  2.48e-14  2.23e-14   178    60     0
1207.58  7.03e-14  1.23e-14   178   177     0
1209.25  1.27e-13  2.45e-14   177   327     0
1210.93  2.43e-13  4.59e-14   177   637     0
1212.60  4.17e-13  7.36e-14   177  1121     0
1214.28  5.77e-13  1.03e-13   176  1587     0
1215.96  6.26e-13  1.18e-13   176  1756     0
1217.63  5.78e-13  1.14e-13   176  1658     0
1219.31  3.88e-13  7.32e-14   176  1137     0
1220.99  2.22e-13  4.66e-14   175   662     0
1222.66  1.07e-13  2.38e-14   175   326     0
1224.34  5.27e-14  9.59e-15   175   163     0
1226.02  6.19e-15  8.71e-15   174    19     0
1227.69  2.86e-15  8.50e-15   174     9     0
1229.37  2.76e-15  8.33e-15   174     8     0
1231.04  9.77e-15  8.23e-15   174    32     0
1232.72  1.07e-14  8.11e-15   173    35     0
1234.40  2.58e-15  7.83e-15   173     8     0
1236.07 -3.03e-15  7.67e-15   173   -10     0
1237.75  5.23e-15  7.60e-15   172    18     0
1239.43  6.86e-15  7.58e-15   172    24     0
1241.10  1.51e-15  7.50e-15   172     5     0
1242.78  5.72e-15  7.47e-15   172    20     0
1244.46  6.80e-16  7.29e-15   171     2     0
1246.13  6.99e-15  7.14e-15   171    25     0
1247.81  5.09e-15  7.03e-15   171    18     0
1249.48 -1.58e-15  6.90e-15   170    -5     0
1251.16  2.05e-15  7.01e-15   170     7     0
1252.84  7.40e-15  7.03e-15   170    27     0
1254.51 -1.09e-14  6.85e-15   169   -40     0
1256.19 -7.98e-18  6.78e-15   169     0     0
1257.87  4.11e-15  6.76e-15   169    15     0
1259.54  2.86e-15  6.67e-15   169    10     0
1261.22  3.95e-15  6.62e-15   168    15     0
1262.89 -2.07e-15  6.52e-15   168    -7     0
1264.57 -5.05e-15  6.46e-15   168   -19     0
1266.25 -5.56e-15  6.48e-15   167   -21     0
1267.92 -6.88e-15  6.42e-15   167   -26     0
1269.60 -9.64e-15  6.37e-15   167   -37     0
1271.28 -1.25e-14  6.35e-15   167   -48     0
1272.95 -2.78e-15  6.30e-15   166   -10     0
1274.63  4.35e-15  6.29e-15   166    16     0
1276.31  4.34e-15  6.23e-15   166    17     0
1277.98  7.83e-15  6.24e-15   165    30     0
1279.66 -5.10e-15  8.21e-15   165   -20     0
1281.33  6.53e-15  6.11e-15   165    25     0
1283.01 -7.99e-15  6.01e-15   165   -31     0
1284.69 -2.65e-15  5.98e-15   164   -10     0
1286.36  9.89e-15  6.04e-15   164    39     0
1288.04 -1.99e-15  5.86e-15   164    -7     0
1289.72  8.03e-15  5.94e-15   163    32     0
1291.39 -1.04e-16  5.91e-15   163     0     0
1293.07 -4.74e-15  5.87e-15   163   -18     0
1294.75 -6.88e-15  5.85e-15   162   -27     0
1296.42  6.38e-15  5.82e-15   162    25     0
1298.10 -1.01e-15  5.70e-15   162    -4     0
1299.77  7.35e-15  5.79e-15   162    29     0
1301.45  7.22e-15  5.87e-15   161    28     0
1303.13  4.50e-15  6.86e-15   161    17     0
1304.80  1.09e-14  5.88e-15   161    43     0
1306.48  1.65e-14  5.99e-15   160    66     0
1308.16  3.21e-15  5.64e-15   160    12     0
1309.83  3.16e-15  5.61e-15   160    12     0
1311.51  3.21e-15  5.63e-15   160    12     0
1313.19  1.00e-14  5.77e-15   159    39     0
1314.86 -5.06e-15  5.64e-15   159   -20     0
1316.54  2.22e-15  5.51e-15   159     8     0
1318.21 -5.69e-15  5.60e-15   158   -22     0
1319.89 -2.07e-17  5.72e-15   158     0     0
1321.57  7.12e-15  6.01e-15   158    28     0
1323.24  5.07e-15  5.96e-15   157    20     0
1324.92  5.51e-15  5.78e-15   157    21     0
1326.60  1.74e-15  5.58e-15   157     6     0
1328.27  5.92e-17  5.44e-15   157     0     0
1329.95 -2.90e-15  5.44e-15   156   -11     0
1331.62  7.97e-15  5.42e-15   156    31     0
1333.30  1.09e-14  5.75e-15   156    43     0
1334.98  2.23e-14  1.01e-14   155    88     0
1336.65  3.80e-14  1.10e-14   155   145     0
1338.33  1.90e-14  9.41e-15   155    72     0
1340.01  1.85e-15  5.47e-15   155     7     0
1341.68  8.09e-15  5.59e-15   154    30     0
1343.36  1.17e-14  5.64e-15   154    44     0
1345.04  4.23e-15  5.47e-15   154    16     0
1346.71 -2.53e-15  8.61e-15   153    -9     0
1348.39  2.16e-15  5.44e-15   153     8     0
1350.06  1.16e-15  5.49e-15   153     4     0
1351.74  5.42e-15  5.56e-15   152    20     0
1353.42 -1.86e-15  5.50e-15   152    -6     0
1355.09 -7.04e-15  5.55e-15   152   -25     0
1356.77  7.34e-15  5.65e-15   152    26     0
1358.45  5.82e-15  5.63e-15   151    20     0
1360.12 -2.27e-15  5.52e-15   151    -8     0
1361.80  2.89e-15  5.55e-15   151    10     0
1363.48  8.92e-15  5.65e-15   150    31     0
1365.15  4.80e-15  5.57e-15   150    17     0
1366.83 -1.30e-15  5.52e-15   150    -4     0
1368.50  1.87e-15  5.53e-15   149     6     0
1370.18  5.20e-16  5.60e-15   149     1     0
1371.86  1.22e-14  5.79e-15   149    42     0
1373.53 -4.18e-16  5.62e-15   149    -1     0
1375.21  1.29e-15  5.59e-15   148     4     0
1376.89  4.13e-15  7.27e-15   148    14     0
1378.56 -4.00e-15  5.59e-15   148   -13     0
1380.24  9.94e-15  5.73e-15   147    33     0
1381.91  9.12e-15  5.82e-15   147    30     0
1383.59 -5.34e-15  5.60e-15   147   -18     0
1385.27 -8.82e-15  5.67e-15   146   -29     0
1386.94 -9.69e-15  5.68e-15   146   -31     0
1388.62 -5.03e-15  5.70e-15   146   -16     0
1390.30  5.31e-15  5.74e-15   146    17     0
1391.97 -1.08e-15  5.70e-15   145    -3     0
1393.65  7.93e-15  5.81e-15   145    25     0
1395.33  1.98e-14  7.28e-15   145    63     0
1397.00  5.84e-15  8.74e-15   144    18     0
1398.68 -2.64e-15  6.75e-15   144    -8     0
1400.35  4.30e-15  5.85e-15   144    13     0
1402.03 -4.73e-16  5.80e-15   143    -1     0
1403.71  1.58e-14  6.07e-15   143    48     0
1405.38  1.46e-14  6.02e-15   143    45     0
1407.06  5.81e-16  5.80e-15   142     1     0
1408.74 -8.66e-16  5.82e-15   142    -2     0
1410.41  5.51e-16  5.80e-15   142     1     0
1412.09  3.36e-15  5.85e-15   142    10     0
1413.77 -8.05e-15  5.83e-15   141   -24     0
1415.44  1.01e-14  6.50e-15   141    29     0
1417.12 -4.03e-15  5.95e-15   141   -11     0
1418.79  1.02e-14  6.14e-15   140    29     0
1420.47 -1.30e-15  6.11e-15   140    -3     0
1422.15 -3.53e-15  7.39e-15   140   -10     0
1423.82 -4.11e-15  6.08e-15   139   -11     0
1425.50 -5.45e-15  6.02e-15   139   -15     0
1427.18 -7.37e-15  6.04e-15   139   -20     0
1428.85  7.35e-15  6.15e-15   138    20     0
1430.53  3.54e-17  5.98e-15   138     0     0
1432.20  6.49e-15  6.30e-15   138    18     0
1433.88 -4.35e-15  6.01e-15   138   -12     0
1435.56  4.46e-15  6.38e-15   137    12     0
1437.23 -6.25e-16  6.38e-15   137    -1     0
1438.91  2.65e-15  7.05e-15   137     7     0
1440.59 -2.42e-15  6.14e-15   136    -6     0
1442.26 -6.68e-15  6.14e-15   136   -17     0
1443.94  2.44e-15  6.17e-15   136     6     0
1445.62 -6.98e-15  6.14e-15   135   -18     0
1447.29  1.41e-16  7.44e-15   135     0     0
1448.97  2.79e-15  6.14e-15   135     7     0
1450.64 -2.39e-15  6.17e-15   134    -6     0
1452.32  2.04e-15  6.70e-15   134     5     0
1454.00  3.26e-15  6.18e-15   134     8     0
1455.67 -1.27e-14  6.11e-15   133   -33     0
1457.35 -3.26e-15  6.10e-15   133    -8     0
1459.03 -1.19e-14  6.09e-15   133   -30     0
1460.70 -3.14e-15  6.19e-15   132    -8     0
1462.38  4.27e-16  6.18e-15   132     1     0
1464.06 -3.19e-15  6.90e-15   132    -8     0
1465.73  1.21e-14  6.82e-15   131    31     0
1467.41  5.28e-15  6.21e-15   131    13     0
1469.08  7.23e-15  6.15e-15   131    18     0
1470.76  1.05e-14  6.24e-15   131    26     0
1472.44  6.14e-15  6.15e-15   130    15     0
1474.11  7.03e-15  6.23e-15   130    17     0
1475.79  7.06e-15  6.15e-15   130    17     0
1477.47  7.61e-15  6.16e-15   129    19     0
1479.14  3.51e-15  6.07e-15   129     8     0
1480.82  1.61e-14  6.22e-15   129    40     0
1482.50  4.51e-15  6.00e-15   128    11     0
1484.17  8.21e-15  6.06e-15   128    20     0
1485.85  1.64e-15  5.96e-15   128     4     0
1487.52  4.49e-15  5.98e-15   127    11     0
1489.20 -3.30e-15  5.94e-15   127    -8     0
1490.88  9.24e-15  6.02e-15   127    23     0
1492.55  3.75e-15  6.04e-15   126     9     0
1494.23  6.12e-15  5.96e-15   126    15     0
1495.91  2.18e-15  5.91e-15   126     5     0
1497.58  1.12e-14  6.25e-15   125    27     0
1499.26  4.98e-15  6.26e-15   125    12     0
1500.93  8.62e-15  6.13e-15   125    20     0
1502.61  9.74e-16  5.99e-15   124     2     0
1504.29  1.06e-14  6.18e-15   124    25     0
1505.96  1.13e-15  6.05e-15   124     2     0
1507.64  1.15e-14  6.43e-15   123    26     0
1509.32  7.98e-15  6.19e-15   123    18     0
1510.99  9.69e-15  6.08e-15   123    22     0
1512.67  6.30e-15  6.03e-15   122    14     0
1514.35  1.31e-14  6.13e-15   122    30     0
1516.02  4.23e-15  5.99e-15   122     9     0
1517.70  3.43e-15  5.97e-15   121     7     0
1519.37 -1.62e-15  6.27e-15   121    -3     0
1521.05 -2.35e-15  7.99e-15   121    -5     0
1522.73 -3.88e-15  5.98e-15   120    -8     0
1524.40  1.04e-14  6.03e-15   120    24     0
1526.08  6.55e-15  5.96e-15   120    15     0
1527.76  1.39e-14  6.70e-15   119    31     0
1529.43 -1.08e-14  5.87e-15   119   -24     0
1531.11  1.35e-14  7.73e-15   119    30     0
1532.79  4.51e-15  6.24e-15   118    10     0
1534.46  1.45e-14  6.17e-15   118    32     0
1536.14  1.46e-14  6.27e-15   118    32     0
1537.81 -5.97e-16  6.76e-15   118    -1     0
1539.49  2.52e-15  6.84e-15   117     5     0
1541.17  6.95e-15  7.98e-15   117    15     0
1542.84  1.28e-14  9.69e-15   117    28     0
1544.52  2.14e-14  1.10e-14   116    47     0
1546.20  4.96e-14  1.44e-14   116   111     0
1547.87  6.65e-14  2.33e-14   116   148     0
1549.55  8.26e-14  2.37e-14   115   185     0
1551.22  6.12e-14  1.64e-14   115   137     0
1552.90  4.33e-14  1.10e-14   115    97     0
1554.58  3.03e-15  6.85e-15   114     6     0
1556.25 -2.30e-15  5.67e-15   114    -5     0
1557.93 -4.65e-16  5.64e-15   114    -1     0
1559.61 -2.07e-15  9.10e-15   113    -4     0
1561.28  6.61e-15  8.32e-15   113    14     0
1562.96  1.15e-15  5.97e-15   113     2     0
1564.64 -9.97e-15  5.52e-15   112   -22     0
1566.31  5.20e-15  9.48e-15   112    11     0
1567.99  4.82e-15  6.18e-15   112    10     0
1569.66  1.56e-14  7.26e-15   111    35     0
1571.34 -1.08e-14  5.34e-15   111   -24     0
1573.02 -6.25e-16  5.86e-15   111    -1     0
1574.69 -4.23e-15  5.28e-15   111    -9     0
1576.37 -1.33e-14  5.38e-15   110   -30     0
1578.05 -8.83e-16  5.22e-15   110    -2     0
1579.72  1.41e-14  5.89e-15   110    32     0
1581.40 -2.02e-15  5.17e-15   109    -4     0
1583.08 -1.76e-15  5.23e-15   109    -4     0
1584.75 -9.16e-15  5.15e-15   109   -20     0
1586.43 -1.09e-14  5.15e-15   108   -24     0
1588.10  1.17e-14  5.91e-15   108    26     0
1589.78  1.20e-14  7.24e-15   108    27     0
1591.46 -1.47e-14  5.95e-15   107   -33     0
1593.13 -1.45e-15  5.21e-15   107    -3     0
1594.81 -8.83e-15  6.24e-15   107   -20     0
1596.49  8.00e-15  8.29e-15   107    18     0
1598.16 -8.22e-15  5.79e-15   106   -18     0
1599.84  8.90e-15  5.61e-15   106    20     0
1601.52  2.15e-15  4.85e-15   106     4     0
1603.19  4.48e-15  4.89e-15   105    10     0
1604.87 -5.13e-15  6.04e-15   105   -11     0
1606.54  2.16e-14  5.32e-15   105    50     0
1608.22  9.79e-15  4.90e-15   105    22     0
1609.90 -1.22e-14  4.71e-15   104   -28     0
1611.57  5.53e-15  5.36e-15   104    13     0
1613.25 -2.41e-15  4.60e-15   104    -5     0
1614.93 -7.62e-15  4.57e-15   103   -18     0
1616.60  2.35e-15  4.77e-15   103     5     0
1618.28 -3.92e-15  4.60e-15   103    -9     0
1619.95 -2.66e-17  5.13e-15   103     0     0
1621.63  1.07e-14  8.81e-15   102    25     0
1623.31 -4.58e-15  4.47e-15   102   -10     0
1624.98  1.59e-14  4.77e-15   102    37     0
1626.66  6.67e-15  4.52e-15   101    15     0
1628.34  3.42e-15  4.42e-15   101     8     0
1630.01  1.97e-15  7.37e-15   101     4     0
1631.69  1.48e-14  5.78e-15   101    36     0
1633.37  1.32e-14  5.59e-15   100    32     0
1635.04  7.72e-15  4.41e-15   100    18     0
1636.72  9.02e-15  4.57e-15   100    21     0
1638.39  1.59e-14  1.01e-14   100    38     0
1640.07  5.12e-14  1.36e-14    99   124     0
1641.75  5.48e-14  1.52e-14    99   133     0
1643.42  3.17e-14  1.10e-14    99    77     0
1645.10  1.70e-14  4.46e-15    99    41     0
1646.78  3.89e-15  4.09e-15    98     9     0
1648.45 -4.82e-16  4.01e-15    98    -1     0
1650.13  4.93e-15  4.18e-15    98    12     0
1651.81  1.48e-14  4.26e-15    98    37     0
1653.48  1.27e-14  7.64e-15    97    32     0
1655.16  1.41e-14  6.59e-15    97    35     0
1656.83  1.89e-14  7.15e-15    97    48     0
1658.51  2.10e-14  8.28e-15    97    53     0
1660.19  1.86e-14  8.22e-15    97    47     0
1661.86  1.27e-14  6.79e-15    96    32     0
1663.54  1.28e-14  4.02e-15    96    33     0
1665.22  2.83e-15  3.71e-15    96     7     0
1666.89  2.70e-15  3.67e-15    96     7     0
1668.57  2.07e-15  3.62e-15    95     5     0
1670.24  6.04e-15  3.70e-15    95    15     0
1671.92  9.83e-16  3.59e-15    95     2     0
1673.60  1.69e-15  3.56e-15    95     4     0
1675.27  8.19e-15  4.65e-15    95    21     0
1676.95  3.21e-15  3.49e-15    94     8     0
1678.63  7.10e-15  3.88e-15    94    18     0
1680.30  5.56e-15  3.46e-15    94    15     0
1681.98  4.27e-15  4.49e-15    94    11     0
1683.66  1.39e-15  3.50e-15    94     3     0
1685.33  2.41e-15  3.29e-15    94     6     0
1687.01  1.20e-15  3.24e-15    93     3     0
1688.68 -1.46e-15  3.20e-15    93    -4     0
1690.36  1.10e-14  3.42e-15    93    30     0
1692.04  4.92e-15  4.71e-15    93    13     0
1693.71  3.73e-15  3.18e-15    93    10     0
1695.39  3.60e-15  3.27e-15    93    10     0
1697.07  4.52e-15  3.11e-15    92    12     0
1698.74  7.99e-15  3.99e-15    92    23     0
1700.42  1.01e-15  3.13e-15    92     2     0
1702.10  6.83e-15  3.08e-15    92    19     0
1703.77  6.89e-15  3.05e-15    92    20     0
1705.45  4.45e-15  3.02e-15    92    13     0
1707.12  5.02e-15  2.96e-15    92    14     0
1708.80  2.48e-15  2.88e-15    91     7     0
1710.48  2.33e-16  3.02e-15    91     0     0
1712.15  2.89e-15  2.93e-15    91     8     0
1713.83 -2.30e-15  2.77e-15    91    -6     0
1715.51  5.21e-15  2.79e-15    91    15     0
1717.18  4.48e-15  2.75e-15    91    13     0
1718.86  4.44e-15  2.71e-15    91    13     0
1720.54  1.51e-15  2.73e-15    91     4     0
1722.21 -1.47e-15  2.61e-15    91    -4     0
1723.89  2.03e-15  2.59e-15    90     6     0
1725.56  6.86e-15  2.69e-15    90    21     0
1727.24  3.99e-16  2.54e-15    90     1     0
1728.92  5.13e-15  2.60e-15    90    16     0
1730.59  5.79e-15  3.11e-15    90    18     0
1732.27  4.23e-15  2.92e-15    90    13     0
1733.95  3.03e-15  2.48e-15    90     9     0
1735.62  8.08e-16  3.24e-15    90     2     0
1737.30  6.03e-15  2.43e-15    90    20     0
1738.97  3.99e-15  2.35e-15    90    13     0
1740.65  7.33e-15  2.46e-15    90    24     0
1742.33  1.39e-14  2.54e-15    90    46     0
1744.00  1.02e-14  3.83e-15    90    34     0
1745.68  2.10e-14  5.00e-15    90    72     0
1747.36  1.17e-14  4.19e-15    90    40     0
1749.03  6.56e-15  2.29e-15    90    22     0
1750.71  5.53e-15  3.68e-15    90    18     0
1752.39  3.47e-15  2.73e-15    90    11     0
1754.06  4.27e-15  2.21e-15    90    14     0
1755.74  1.72e-15  2.11e-15    90     6     0
1757.41  3.02e-15  2.28e-15    90    10     0
1759.09  3.58e-15  2.32e-15    90    12     0
1760.77  2.62e-15  2.06e-15    90     9     0
1762.44  4.77e-15  2.08e-15    90    17     0
1764.12  1.72e-15  2.11e-15    90     6     0
1765.80  3.34e-15  2.03e-15    90    12     0
1767.47  3.72e-15  2.17e-15    90    13     0
1769.15  2.05e-15  2.50e-15    90     7     0
1770.83  4.84e-16  1.91e-15    90     1     0
1772.50 -1.81e-16  2.13e-15    90     0     0
1774.18  5.86e-15  2.06e-15    90    21     0
1775.85  5.15e-15  2.19e-15    90    19     0
1777.53  8.33e-16  1.84e-15    90     3     0
1779.21 -1.19e-15  1.81e-15    90    -4     0
1780.88  1.28e-15  2.15e-15    90     4     0
1782.56  3.29e-15  1.83e-15    90    12     0
1784.24  2.48e-15  1.85e-15    90     9     0
1785.91  2.54e-15  1.93e-15    90     9     0
1787.59 -1.50e-15  1.96e-15    91    -5     0
1789.26  3.35e-15  2.07e-15    91    12     0
1790.94  7.51e-15  2.10e-15    91    29     0
1792.62  4.92e-15  1.96e-15    91    19     0
1794.29  8.65e-15  1.96e-15    91    33     0
1795.97  4.19e-15  2.08e-15    91    16     0
1797.65  2.23e-15  1.71e-15    91     8     0
1799.32  7.83e-16  1.65e-15    91     3     0
1801.00  1.34e-15  1.67e-15    91     5     0
1802.68 -8.71e-16  1.64e-15    92    -3     0
1804.35  1.06e-15  1.70e-15    92     4     0
1806.03  4.65e-15  1.92e-15    92    18     0
1807.70  7.37e-15  1.78e-15    92    29     0
1809.38  9.36e-15  2.49e-15    92    37     0
1811.06  9.22e-15  1.99e-15    92    36     0
1812.73  4.29e-15  1.64e-15    93    17     0
1814.41  5.70e-15  1.99e-15    93    22     0
1816.09  1.41e-14  3.25e-15    93    56     0
1817.76  1.31e-14  3.48e-15    93    52     0
1819.44  9.29e-15  3.10e-15    93    37     0
1821.12  5.13e-15  1.66e-15    94    20     0
1822.79  3.99e-15  1.57e-15    94    16     0
1824.47  3.08e-15  1.71e-15    94    12     0
1826.14  4.19e-15  1.55e-15    94    17     0
1827.82  2.32e-15  1.49e-15    95     9     0
1829.50  4.58e-15  1.54e-15    95    18     0
1831.17  1.69e-15  1.48e-15    95     6     0
1832.85  4.55e-15  1.53e-15    95    18     0
1834.53  3.06e-16  1.43e-15    96     1     0
1836.20  2.53e-15  2.32e-15    96    10     0
1837.88  2.05e-15  1.76e-15    96     8     0
1839.55  2.12e-15  1.45e-15    96     8     0
1841.23  1.55e-15  1.43e-15    97     6     0
1842.91  2.94e-15  1.49e-15    97    11     0
1844.58  1.62e-15  1.41e-15    97     6     0
1846.26  6.28e-15  1.51e-15    97    25     0
1847.94  3.55e-15  1.45e-15    98    14     0
1849.61  5.19e-15  1.49e-15    98    20     0
1851.29  8.40e-15  1.98e-15    98    34     0
1852.97  7.97e-15  1.53e-15    99    32     0
1854.64  4.95e-15  1.45e-15    99    20     0
1856.32  5.10e-15  1.92e-15    99    20     0
1857.99  5.80e-15  1.54e-15   100    23     0
1859.67  4.07e-15  1.41e-15   100    16     0
1861.35  4.58e-15  1.43e-15   100    18     0
1863.02  4.65e-15  1.40e-15   101    18     0
1864.70  1.21e-15  1.34e-15   101     4     0
1866.38  8.58e-16  1.33e-15   101     3     0
1868.05 -1.54e-15  1.31e-15   102    -6     0
1869.73  1.77e-15  1.47e-15   102     7     0
1871.41  4.05e-15  2.06e-15   103    16     0
1873.08  4.32e-15  2.49e-15   103    17     0
1874.76  5.21e-15  2.07e-15   103    20     0
1876.43  2.18e-15  2.04e-15   104     8     0
1878.11  2.37e-15  1.53e-15   104     9     0
1879.79  4.72e-15  1.39e-15   105    18     0
1881.46  4.80e-15  1.39e-15   105    18     0
1883.14  6.85e-15  1.40e-15   105    27     0
1884.82  3.95e-15  1.38e-15   106    15     0
1886.49  3.95e-15  1.32e-15   106    15     0
1888.17  2.06e-15  1.27e-15   107     8     0
1889.85  7.04e-15  1.38e-15   107    27     0
1891.52  8.26e-15  1.42e-15   108    32     0
1893.20  8.24e-15  1.40e-15   108    31     0
1894.87  7.42e-15  1.47e-15   109    28     0
1896.55  4.61e-15  1.81e-15   109    17     0
1898.23  2.79e-15  1.26e-15   110    10     0
1899.90  4.76e-15  1.30e-15   110    18     0
1901.58  7.70e-15  1.35e-15   110    29     0
1903.26  3.91e-15  1.68e-15   111    15     0
1904.93  1.27e-17  1.93e-15   111     0     0
1906.61  2.22e-17  1.26e-15   112     0     0
1908.28 -1.52e-15  1.24e-15   112    -5     0
1909.96 -1.43e-15  1.29e-15   113    -5     0
1911.64 -1.27e-16  1.26e-15   113     0     0
1913.31  1.62e-15  1.35e-15   114     6     0
1914.99  3.25e-15  2.30e-15   114    12     0
1916.67  4.24e-15  1.45e-15   115    16     0
1918.34  4.68e-15  1.37e-15   116    18     0
1920.02  7.30e-15  1.51e-15   116    28     0
1921.70  4.99e-15  1.88e-15   117    19     0
1923.37  6.84e-15  1.84e-15   117    26     0
1925.05  7.75e-15  2.22e-15   118    29     0
1926.72  1.06e-14  2.07e-15   118    40     0
1928.40  8.56e-15  2.18e-15   119    32     0
1930.08  4.00e-15  1.71e-15   119    15     0
1931.75  2.90e-15  1.45e-15   120    11     0
1933.43  2.96e-15  1.80e-15   120    11     0
1935.11  4.96e-15  1.63e-15   121    19     0
1936.78  3.68e-15  1.50e-15   122    14     0
1938.46  2.44e-15  1.40e-15   122     9     0
1940.14  5.02e-15  1.23e-15   123    19     0
1941.81  3.65e-15  1.23e-15   123    14     0
1943.49  2.07e-15  1.23e-15   124     8     0
1945.16  1.72e-15  1.39e-15   125     6     0
1946.84  9.02e-16  1.42e-15   125     3     0
1948.52  2.38e-15  1.36e-15   126     9     0
1950.19  3.37e-15  1.35e-15   126    13     0
1951.87  5.90e-15  1.19e-15   127    23     0
1953.55  5.99e-15  1.19e-15   127    24     0
1955.22  2.43e-15  1.19e-15   128     9     0
1956.90  1.61e-15  1.40e-15   129     6     0
1958.57  3.30e-15  1.20e-15   129    13     0
1960.25  8.74e-16  1.19e-15   130     3     0
1961.93  2.39e-15  1.19e-15   131     9     0
1963.60  2.04e-15  1.19e-15   131     8     0
1965.28  2.39e-15  1.22e-15   132     9     0
1966.96  3.56e-15  1.32e-15   132    14     0
1968.63  4.51e-15  1.62e-15   133    18     0
1970.31  8.48e-16  1.30e-15   134     3     0
1971.99 -5.23e-16  1.51e-15   134    -2     0
1973.66  7.32e-16  1.74e-15   135     2     0
1975.34  3.48e-15  1.39e-15   135    13     0
1977.01  5.24e-15  1.28e-15   136    20     0
1978.69  4.94e-15  1.23e-15   137    19     0
