NOT ORIGINAL IUE PROJECT DATA PRODUCT
SWP06432LOWLARGE
HD  197481
20:42:04
-31:31:17
48
X-TRAIL
NO
3927.349
08/09/79
04:59:21
251
7.50
12/10/95
GSFC
2444124.70788
0
21
1150.58  2.11e-14  6.61e-14   216    10     0
1152.26  4.73e-14  6.25e-14   215    24     0
1153.93 -2.00e-14  5.79e-14   215   -11     0
1155.61  7.31e-15  5.66e-14   215     4     0
1157.29 -8.52e-15  5.27e-14   215    -5     0
1158.96  6.32e-15  4.85e-14   215     4     0
1160.64  5.44e-15  4.59e-14   214     3     0
1162.31  7.89e-15  4.27e-14   214     5     0
1163.99 -1.25e-14  3.97e-14   214   -10     0
1165.67 -4.15e-14  3.80e-14   214   -34     0
1167.34 -3.81e-14  3.53e-14   213   -33     0
1169.02 -4.12e-14  3.29e-14   213   -39     0
1170.70  1.93e-14  3.08e-14   213    19     0
1172.37 -6.03e-14  3.87e-14   213   -65     0
1174.05  1.91e-14  2.69e-14   212    22     0
1175.73  2.74e-14  2.58e-14   212    33     0
1177.40 -2.04e-15  2.38e-14   212    -2     0
1179.08  1.60e-14  2.26e-14   211    21     0
1180.75 -1.55e-14  2.28e-14   211   -21     0
1182.43  1.95e-14  2.06e-14   211    29     0
1184.11 -2.36e-14  1.93e-14   210   -37     0
1185.78 -6.63e-15  1.82e-14   210   -11     0
1187.46 -6.27e-15  1.78e-14   210   -11     0
1189.14  3.34e-14  1.74e-14   209    61     0
1190.81 -7.72e-15  1.81e-14   209   -14     0
1192.49  1.52e-14  1.76e-14   209    29     0
1194.17  2.36e-16  1.58e-14   208     0     0
1195.84 -6.00e-15  1.50e-14   208   -12     0
1197.52  1.84e-14  1.41e-14   208    39     0
1199.19 -1.15e-15  1.34e-14   207    -2     0
1200.87 -1.06e-15  1.32e-14   207    -2     0
1202.55  1.54e-14  1.29e-14   207    35     0
1204.22  9.67e-15  1.26e-14   206    22     0
1205.90  2.84e-14  1.66e-14   206    69     0
1207.58  8.17e-14  1.31e-14   205   205     0
1209.25  1.65e-13  2.88e-14   205   427     0
1210.93  3.23e-13  6.28e-14   205   846     0
1212.60  4.65e-13  7.97e-14   204  1249     0
1214.28  5.08e-13  8.29e-14   204  1398     0
1215.96  4.49e-13  7.11e-14   204  1260     0
1217.63  3.82e-13  6.25e-14   203  1097     0
1219.31  2.89e-13  4.98e-14   203   846     0
1220.99  2.00e-13  4.40e-14   202   596     0
1222.66  8.67e-14  2.27e-14   202   263     0
1224.34  3.63e-14  9.49e-15   201   112     0
1226.02  2.43e-15  8.81e-15   201     7     0
1227.69  1.12e-14  8.78e-15   201    35     0
1229.37 -1.45e-15  8.46e-15   200    -4     0
1231.04  6.44e-15  8.32e-15   200    21     0
1232.72  2.06e-14  8.40e-15   199    69     0
1234.40  1.27e-14  8.12e-15   199    43     0
1236.07  2.23e-15  7.81e-15   199     7     0
1237.75 -1.06e-15  7.68e-15   198    -3     0
1239.43  1.68e-15  7.59e-15   198     5     0
1241.10  4.66e-16  7.61e-15   197     1     0
1242.78  6.27e-15  7.60e-15   197    22     0
1244.46  3.98e-15  7.46e-15   196    14     0
1246.13  3.85e-15  7.23e-15   196    14     0
1247.81  1.15e-14  7.27e-15   195    42     0
1249.48  7.07e-15  7.10e-15   195    26     0
1251.16  4.17e-15  7.16e-15   195    15     0
1252.84  1.21e-15  7.04e-15   194     4     0
1254.51 -1.05e-14  6.97e-15   194   -38     0
1256.19 -4.28e-15  6.90e-15   193   -15     0
1257.87  5.77e-15  9.91e-15   193    21     0
1259.54  1.71e-14  1.41e-14   192    64     0
1261.22  1.13e-14  6.99e-15   192    42     0
1262.89  5.74e-15  6.70e-15   191    21     0
1264.57  3.78e-16  6.57e-15   191     1     0
1266.25  5.44e-15  6.64e-15   191    20     0
1267.92  7.20e-15  6.61e-15   190    27     0
1269.60 -3.84e-15  6.48e-15   190   -14     0
1271.28 -2.90e-15  6.45e-15   189   -11     0
1272.95  3.80e-16  6.40e-15   189     1     0
1274.63  4.46e-15  6.40e-15   188    17     0
1276.31  7.51e-15  6.37e-15   188    29     0
1277.98  8.00e-15  6.32e-15   187    31     0
1279.66  2.73e-15  7.72e-15   187    10     0
1281.33  7.78e-15  6.23e-15   186    30     0
1283.01 -4.05e-15  6.11e-15   186   -16     0
1284.69  1.06e-15  6.07e-15   185     4     0
1286.36  1.01e-14  6.15e-15   185    40     0
1288.04  3.14e-15  5.99e-15   185    12     0
1289.72  6.34e-15  5.99e-15   184    25     0
1291.39 -6.34e-16  6.02e-15   184    -2     0
1293.07 -2.78e-15  5.97e-15   183   -11     0
1294.75 -1.58e-15  5.94e-15   183    -6     0
1296.42  1.01e-15  5.82e-15   182     4     0
1298.10 -2.93e-15  5.80e-15   182   -11     0
1299.77  2.58e-15  5.81e-15   181    10     0
1301.45  1.29e-14  6.04e-15   181    51     0
1303.13 -9.66e-16  7.10e-15   180    -3     0
1304.80  4.49e-16  5.82e-15   180     1     0
1306.48  1.11e-14  5.85e-15   179    44     0
1308.16  1.99e-15  5.69e-15   179     7     0
1309.83 -2.70e-15  5.67e-15   178   -10     0
1311.51  4.79e-15  5.75e-15   178    19     0
1313.19  3.45e-15  5.72e-15   177    13     0
1314.86 -6.85e-15  5.67e-15   177   -27     0
1316.54 -2.86e-15  5.57e-15   177   -11     0
1318.21 -3.65e-15  5.68e-15   176   -14     0
1319.89  2.72e-15  5.90e-15   176    10     0
1321.57  5.07e-15  6.06e-15   175    20     0
1323.24  5.06e-15  6.04e-15   175    20     0
1324.92  1.93e-15  5.82e-15   174     7     0
1326.60 -5.17e-15  5.65e-15   174   -20     0
1328.27 -1.32e-15  5.63e-15   173    -5     0
1329.95 -3.06e-15  5.52e-15   173   -12     0
1331.62  1.20e-14  5.57e-15   172    47     0
1333.30  1.57e-14  5.63e-15   172    62     0
1334.98  1.11e-14  5.54e-15   171    44     0
1336.65  1.04e-14  5.73e-15   171    40     0
1338.33 -3.07e-15  5.59e-15   170   -11     0
1340.01 -1.20e-15  5.55e-15   170    -4     0
1341.68  3.38e-15  5.58e-15   170    12     0
1343.36  1.18e-14  5.74e-15   169    44     0
1345.04  2.95e-15  5.52e-15   169    11     0
1346.71 -1.83e-15  7.74e-15   168    -6     0
1348.39  2.29e-15  5.52e-15   168     8     0
1350.06 -1.19e-15  5.56e-15   167    -4     0
1351.74 -1.51e-15  5.57e-15   167    -5     0
1353.42 -8.58e-16  5.57e-15   166    -3     0
1355.09 -2.26e-15  5.62e-15   166    -8     0
1356.77  1.21e-14  5.82e-15   165    43     0
1358.45  3.46e-16  5.64e-15   165     1     0
1360.12 -4.85e-15  5.59e-15   164   -17     0
1361.80  3.64e-15  5.63e-15   164    13     0
1363.48  7.56e-15  5.70e-15   164    27     0
1365.15  3.80e-15  5.62e-15   163    13     0
1366.83 -4.44e-15  5.59e-15   163   -15     0
1368.50  1.88e-15  5.60e-15   162     6     0
1370.18 -6.62e-15  5.67e-15   162   -23     0
1371.86  2.50e-15  5.69e-15   161     8     0
1373.53 -2.92e-15  5.69e-15   161   -10     0
1375.21  8.18e-16  5.64e-15   160     2     0
1376.89 -4.60e-15  8.20e-15   160   -15     0
1378.56 -5.07e-15  5.66e-15   160   -17     0
1380.24 -1.14e-15  6.37e-15   159    -3     0
1381.91 -4.86e-15  5.65e-15   159   -16     0
1383.59 -1.09e-14  5.66e-15   158   -36     0
1385.27 -4.75e-15  5.74e-15   158   -15     0
1386.94 -7.76e-15  5.76e-15   157   -25     0
1388.62  3.92e-16  5.76e-15   157     1     0
1390.30 -8.97e-16  5.75e-15   156    -2     0
1391.97 -3.09e-15  5.77e-15   156   -10     0
1393.65  1.31e-15  5.87e-15   156     4     0
1395.33  1.18e-14  6.91e-15   155    37     0
1397.00  2.78e-15  8.82e-15   155     8     0
1398.68  1.61e-15  6.01e-15   154     5     0
1400.35  2.30e-15  5.87e-15   154     7     0
1402.03 -8.76e-15  5.87e-15   153   -27     0
1403.71  7.67e-15  5.98e-15   153    23     0
1405.38  7.35e-15  5.95e-15   153    22     0
1407.06 -8.28e-15  5.87e-15   152   -25     0
1408.74  3.60e-15  5.91e-15   152    11     0
1410.41  6.13e-15  5.94e-15   151    18     0
1412.09  2.78e-15  5.89e-15   151     8     0
1413.77 -6.80e-15  5.89e-15   150   -20     0
1415.44 -4.92e-15  6.00e-15   150   -14     0
1417.12 -4.49e-15  6.01e-15   150   -13     0
1418.79  1.12e-14  6.19e-15   149    32     0
1420.47 -5.93e-15  6.01e-15   149   -17     0
1422.15 -1.67e-14  6.03e-15   148   -48     0
1423.82 -9.07e-15  6.41e-15   148   -26     0
1425.50 -2.41e-15  6.08e-15   147    -6     0
1427.18 -9.00e-15  6.10e-15   147   -25     0
1428.85  7.53e-15  6.79e-15   147    21     0
1430.53 -1.14e-15  6.04e-15   146    -3     0
1432.20 -2.42e-15  7.06e-15   146    -6     0
1433.88  2.73e-15  6.07e-15   145     7     0
1435.56  1.33e-14  6.37e-15   145    36     0
1437.23  8.69e-15  7.58e-15   145    23     0
1438.91  2.07e-15  6.17e-15   144     5     0
1440.59 -6.56e-15  6.20e-15   144   -17     0
1442.26 -4.59e-15  6.20e-15   143   -12     0
1443.94  3.94e-15  6.25e-15   143    10     0
1445.62 -6.50e-15  6.17e-15   143   -17     0
1447.29  5.04e-15  6.23e-15   142    13     0
1448.97  4.17e-15  6.23e-15   142    11     0
1450.64  3.09e-15  6.25e-15   141     8     0
1452.32  5.75e-15  7.51e-15   141    15     0
1454.00 -2.83e-15  6.34e-15   141    -7     0
1455.67 -1.45e-15  6.16e-15   140    -3     0
1457.35  5.73e-16  6.15e-15   140     1     0
1459.03 -1.02e-14  6.15e-15   139   -26     0
1460.70 -3.47e-15  6.24e-15   139    -8     0
1462.38  1.39e-14  6.45e-15   139    35     0
1464.06 -1.28e-14  6.23e-15   138   -32     0
1465.73  7.31e-15  6.21e-15   138    18     0
1467.41  5.18e-15  6.86e-15   137    13     0
1469.08 -4.52e-15  6.09e-15   137   -11     0
1470.76  3.40e-15  6.17e-15   137     8     0
1472.44  1.61e-15  6.13e-15   136     4     0
1474.11 -1.65e-15  6.12e-15   136    -4     0
1475.79 -4.43e-15  6.12e-15   136   -11     0
1477.47  2.57e-14  1.34e-14   135    64     0
1479.14  7.92e-14  4.28e-14   135   198     0
1480.82  3.98e-15  1.03e-14   134    10     0
1482.50  1.71e-15  6.00e-15   134     4     0
1484.17  2.78e-15  6.00e-15   134     7     0
1485.85  2.39e-15  6.49e-15   133     5     0
1487.52  4.92e-15  6.05e-15   133    12     0
1489.20 -9.83e-15  5.98e-15   133   -24     0
1490.88  1.49e-14  6.22e-15   132    37     0
1492.55  5.41e-15  6.14e-15   132    13     0
1494.23 -1.19e-15  5.92e-15   131    -2     0
1495.91 -9.56e-16  5.96e-15   131    -2     0
1497.58  7.74e-15  6.11e-15   131    18     0
1499.26 -4.22e-16  5.95e-15   130    -1     0
1500.93  2.17e-14  6.43e-15   130    51     0
1502.61  4.34e-15  6.09e-15   130    10     0
1504.29  4.41e-15  6.45e-15   129    10     0
1505.96 -2.86e-15  6.09e-15   129    -6     0
1507.64  8.94e-15  6.23e-15   129    20     0
1509.32  1.38e-14  6.33e-15   128    32     0
1510.99  8.81e-15  6.12e-15   128    20     0
1512.67  1.49e-15  6.03e-15   127     3     0
1514.35  1.13e-14  6.42e-15   127    26     0
1516.02 -4.42e-15  6.00e-15   127   -10     0
1517.70 -6.70e-15  6.00e-15   126   -15     0
1519.37 -4.11e-17  6.00e-15   126     0     0
1521.05  3.20e-15  8.47e-15   126     7     0
1522.73 -9.70e-15  5.94e-15   125   -22     0
1524.40  1.45e-15  5.93e-15   125     3     0
1526.08 -3.89e-15  5.93e-15   125    -8     0
1527.76  2.48e-15  8.82e-15   124     5     0
1529.43 -1.56e-14  5.91e-15   124   -35     0
1531.11  3.82e-15  6.26e-15   124     8     0
1532.79  5.61e-16  5.99e-15   123     1     0
1534.46  6.70e-15  6.06e-15   123    14     0
1536.14  7.58e-15  6.14e-15   123    16     0
1537.81 -3.14e-15  7.77e-15   122    -7     0
1539.49 -8.27e-16  9.77e-15   122    -1     0
1541.17  4.13e-15  6.07e-15   122     9     0
1542.84  1.52e-14  6.13e-15   121    33     0
1544.52  1.83e-14  7.58e-15   121    40     0
1546.20  1.10e-14  7.86e-15   121    24     0
1547.87 -2.05e-15  5.77e-15   120    -4     0
1549.55  1.27e-14  7.28e-15   120    28     0
1551.22  5.37e-15  6.11e-15   120    12     0
1552.90  9.55e-15  5.84e-15   119    21     0
1554.58 -2.87e-15  5.97e-15   119    -6     0
1556.25 -6.85e-16  5.67e-15   119    -1     0
1557.93  5.66e-15  5.70e-15   118    12     0
1559.61 -1.27e-14  6.72e-15   118   -28     0
1561.28  6.38e-15  6.74e-15   118    14     0
1562.96  4.70e-16  5.54e-15   118     1     0
1564.64 -1.20e-14  5.47e-15   117   -27     0
1566.31  3.73e-15  9.02e-15   117     8     0
1567.99 -2.19e-15  5.66e-15   117    -4     0
1569.66  2.63e-15  5.67e-15   116     5     0
1571.34 -6.54e-15  5.38e-15   116   -14     0
1573.02  2.03e-15  5.37e-15   116     4     0
1574.69 -9.25e-15  5.42e-15   115   -21     0
1576.37 -1.60e-14  5.33e-15   115   -36     0
1578.05  1.98e-15  5.26e-15   115     4     0
1579.72  1.79e-15  7.90e-15   115     4     0
1581.40 -1.21e-14  5.26e-15   114   -27     0
1583.08  6.23e-16  5.81e-15   114     1     0
1584.75 -1.30e-15  5.40e-15   114    -2     0
1586.43 -6.33e-15  5.20e-15   113   -14     0
1588.10  4.03e-15  5.35e-15   113     9     0
1589.78  8.47e-15  6.82e-15   113    19     0
1591.46 -4.76e-15  5.25e-15   112   -10     0
1593.13 -1.07e-15  5.11e-15   112    -2     0
1594.81 -7.91e-15  5.08e-15   112   -18     0
1596.49  8.75e-15  6.84e-15   112    19     0
1598.16 -8.72e-15  5.01e-15   111   -19     0
1599.84  8.69e-15  5.76e-15   111    19     0
1601.52  3.65e-15  4.94e-15   111     8     0
1603.19  4.69e-15  4.93e-15   111    10     0
1604.87 -8.13e-15  5.19e-15   110   -18     0
1606.54  2.37e-14  5.73e-15   110    55     0
1608.22  6.05e-15  4.87e-15   110    14     0
1609.90 -1.51e-14  5.80e-15   109   -35     0
1611.57  4.86e-15  5.05e-15   109    11     0
1613.25  8.79e-15  4.80e-15   109    20     0
1614.93 -2.36e-15  4.62e-15   109    -5     0
1616.60 -1.32e-15  4.68e-15   108    -3     0
1618.28 -6.83e-15  4.65e-15   108   -15     0
1619.95  3.41e-15  4.91e-15   108     7     0
1621.63  1.84e-15  4.86e-15   108     4     0
1623.31 -9.05e-15  4.53e-15   107   -21     0
1624.98  8.23e-15  4.62e-15   107    19     0
1626.66 -2.66e-15  4.47e-15   107    -6     0
1628.34  6.52e-17  4.44e-15   107     0     0
1630.01 -5.16e-15  6.78e-15   106   -12     0
1631.69  1.23e-15  4.80e-15   106     2     0
1633.37  6.50e-15  4.42e-15   106    15     0
1635.04  6.92e-15  4.44e-15   106    16     0
1636.72  1.31e-14  4.57e-15   105    31     0
1638.39  3.74e-15  6.72e-15   105     9     0
1640.07  1.32e-14  5.22e-15   105    32     0
1641.75  5.25e-15  4.27e-15   105    12     0
1643.42 -6.51e-16  4.16e-15   105    -1     0
1645.10  6.34e-15  4.23e-15   104    15     0
1646.78 -1.06e-15  4.09e-15   104    -2     0
1648.45 -6.18e-15  4.06e-15   104   -15     0
1650.13  4.67e-15  4.16e-15   104    11     0
1651.81  1.10e-14  4.18e-15   103    27     0
1653.48  8.21e-15  6.34e-15   103    20     0
1655.16  9.44e-15  4.25e-15   103    23     0
1656.83  3.80e-15  4.29e-15   103     9     0
1658.51 -2.83e-15  4.33e-15   103    -7     0
1660.19  5.14e-15  6.68e-15   102    13     0
1661.86  9.29e-15  6.34e-15   102    24     0
1663.54  9.88e-16  3.72e-15   102     2     0
1665.22 -6.84e-15  3.73e-15   102   -17     0
1666.89 -5.79e-15  3.70e-15   102   -15     0
1668.57 -7.06e-16  3.66e-15   101    -1     0
1670.24 -2.57e-15  3.66e-15   101    -6     0
1671.92 -1.17e-15  3.81e-15   101    -3     0
1673.60 -1.08e-15  3.60e-15   101    -2     0
1675.27 -1.30e-15  3.55e-15   101    -3     0
1676.95  1.77e-15  3.99e-15   100     4     0
1678.63  3.61e-15  3.55e-15   100     9     0
1680.30 -1.38e-15  3.52e-15   100    -3     0
1681.98  1.12e-15  5.06e-15   100     3     0
1683.66 -5.93e-15  3.36e-15   100   -16     0
1685.33 -2.46e-16  3.34e-15   100     0     0
1687.01 -3.46e-15  3.35e-15    99    -9     0
1688.68 -1.30e-15  3.25e-15    99    -3     0
1690.36  5.53e-15  3.35e-15    99    15     0
1692.04  2.12e-15  3.61e-15    99     5     0
1693.71 -4.98e-16  3.30e-15    99    -1     0
1695.39  1.01e-15  3.12e-15    99     2     0
1697.07  1.26e-15  3.09e-15    98     3     0
1698.74  3.41e-15  3.10e-15    98     9     0
1700.42 -7.01e-15  3.04e-15    98   -20     0
1702.10  1.93e-15  3.11e-15    98     5     0
1703.77 -2.83e-18  2.98e-15    98     0     0
1705.45 -5.50e-15  2.95e-15    98   -16     0
1707.12 -2.47e-15  2.92e-15    98    -7     0
1708.80 -5.52e-15  2.89e-15    97   -16     0
1710.48 -2.55e-15  3.22e-15    97    -7     0
1712.15  3.59e-15  2.90e-15    97    10     0
1713.83 -3.14e-15  2.82e-15    97    -9     0
1715.51  3.38e-15  2.79e-15    97    10     0
1717.18  3.67e-15  2.78e-15    97    11     0
1718.86  3.86e-15  2.75e-15    97    11     0
1720.54  1.88e-15  2.69e-15    97     5     0
1722.21  4.83e-16  2.65e-15    96     1     0
1723.89 -2.60e-15  2.62e-15    96    -8     0
1725.56  2.67e-16  2.61e-15    96     0     0
1727.24  2.18e-15  2.60e-15    96     6     0
1728.92  6.67e-15  2.68e-15    96    21     0
1730.59  3.14e-15  3.30e-15    96    10     0
1732.27  1.30e-15  2.68e-15    96     4     0
1733.95  2.24e-15  2.47e-15    96     7     0
1735.62  1.83e-15  2.41e-15    96     6     0
1737.30  4.83e-15  2.44e-15    96    16     0
1738.97  1.47e-15  2.67e-15    96     4     0
1740.65  1.59e-15  2.35e-15    96     5     0
1742.33  5.83e-15  2.42e-15    95    19     0
1744.00  5.61e-15  3.78e-15    95    19     0
1745.68  2.69e-14  7.42e-15    95    92     0
1747.36  6.10e-14  2.59e-14    95   210     0
1749.03  3.83e-14  1.91e-14    95   133     0
1750.71  1.04e-14  3.77e-15    95    35     0
1752.39  6.16e-15  2.35e-15    95    21     0
1754.06  1.60e-15  2.31e-15    95     5     0
1755.74  2.14e-16  2.13e-15    95     0     0
1757.41  4.06e-15  2.36e-15    95    14     0
1759.09  1.00e-16  2.09e-15    95     0     0
1760.77  2.31e-15  2.08e-15    95     8     0
1762.44  2.00e-15  2.06e-15    95     7     0
1764.12 -9.54e-16  2.09e-15    95    -3     0
1765.80  3.02e-15  2.06e-15    95    10     0
1767.47  4.33e-15  2.22e-15    95    15     0
1769.15 -6.83e-16  1.97e-15    95    -2     0
1770.83 -2.23e-15  1.95e-15    95    -8     0
1772.50 -1.01e-15  1.93e-15    95    -3     0
1774.18  2.22e-15  2.79e-15    95     8     0
1775.85  4.15e-16  2.28e-15    95     1     0
1777.53  1.13e-16  1.86e-15    95     0     0
1779.21 -6.05e-18  1.84e-15    95     0     0
1780.88  4.14e-15  2.73e-15    95    15     0
1782.56  6.91e-15  2.32e-15    95    26     0
1784.24  5.26e-15  2.15e-15    95    20     0
1785.91  2.71e-15  1.96e-15    95    10     0
1787.59  2.61e-15  2.05e-15    95    10     0
1789.26  6.26e-15  2.19e-15    95    24     0
1790.94  5.32e-15  2.18e-15    95    20     0
1792.62 -4.98e-17  1.89e-15    95     0     0
1794.29 -2.60e-16  1.78e-15    95    -1     0
1795.97 -1.11e-15  1.70e-15    95    -4     0
1797.65 -2.15e-15  1.69e-15    95    -8     0
1799.32 -9.49e-16  1.68e-15    95    -3     0
1801.00 -1.95e-16  1.68e-15    95     0     0
1802.68  8.33e-16  1.68e-15    96     3     0
1804.35  2.99e-15  2.51e-15    96    11     0
1806.03  1.48e-17  2.04e-15    96     0     0
1807.70 -2.20e-15  1.64e-15    96    -8     0
1809.38 -1.23e-15  1.75e-15    96    -4     0
1811.06  1.13e-15  1.60e-15    96     4     0
1812.73  3.70e-15  1.78e-15    96    14     0
1814.41  3.93e-15  1.74e-15    96    15     0
1816.09  4.18e-15  2.09e-15    96    16     0
1817.76  1.28e-16  1.54e-15    96     0     0
1819.44  2.17e-15  1.56e-15    97     8     0
1821.12  2.23e-15  1.58e-15    97     9     0
1822.79  1.28e-15  1.52e-15    97     5     0
1824.47 -1.01e-15  1.50e-15    97    -4     0
1826.14 -2.16e-15  1.48e-15    97    -8     0
1827.82 -1.22e-15  1.47e-15    97    -4     0
1829.50  3.03e-15  1.52e-15    97    12     0
1831.17  7.42e-16  1.46e-15    98     3     0
1832.85  3.34e-15  1.51e-15    98    13     0
1834.53 -3.33e-17  1.44e-15    98     0     0
1836.20  4.08e-16  1.71e-15    98     1     0
1837.88  7.56e-16  1.43e-15    98     3     0
1839.55  2.19e-15  1.46e-15    98     8     0
1841.23  3.26e-15  1.47e-15    99    13     0
1842.91  5.02e-15  1.51e-15    99    20     0
1844.58  2.63e-15  1.45e-15    99    10     0
1846.26  4.03e-15  1.47e-15    99    16     0
1847.94  8.14e-16  1.40e-15    99     3     0
1849.61  1.40e-15  1.40e-15   100     5     0
1851.29  2.47e-15  1.86e-15   100    10     0
1852.97  1.93e-15  1.40e-15   100     7     0
1854.64  2.08e-15  1.38e-15   100     8     0
1856.32  2.17e-15  1.38e-15   101     8     0
1857.99  1.78e-15  1.37e-15   101     7     0
1859.67  1.67e-16  1.34e-15   101     0     0
1861.35  1.60e-15  1.37e-15   101     6     0
1863.02  1.68e-15  1.35e-15   102     6     0
1864.70  2.13e-15  1.34e-15   102     8     0
1866.38  1.97e-15  1.34e-15   102     7     0
1868.05  2.29e-15  1.34e-15   102     9     0
1869.73  4.69e-15  1.39e-15   103    18     0
1871.41  6.35e-15  1.42e-15   103    25     0
1873.08  3.21e-15  1.34e-15   103    12     0
1874.76  7.19e-16  1.28e-15   104     2     0
1876.43 -7.49e-16  1.29e-15   104    -2     0
1878.11 -2.35e-15  1.28e-15   104    -9     0
1879.79 -2.37e-15  1.72e-15   105    -9     0
1881.46 -1.88e-15  1.27e-15   105    -7     0
1883.14  4.28e-16  1.26e-15   105     1     0
1884.82  2.96e-15  1.86e-15   106    11     0
1886.49  3.76e-15  1.31e-15   106    14     0
1888.17  5.87e-16  1.23e-15   106     2     0
1889.85 -1.90e-16  1.23e-15   107     0     0
1891.52 -8.08e-16  1.28e-15   107    -3     0
1893.20 -1.09e-15  1.24e-15   107    -4     0
1894.87  1.72e-15  1.26e-15   108     6     0
1896.55  2.98e-16  1.27e-15   108     1     0
1898.23 -3.01e-16  1.47e-15   109    -1     0
1899.90  1.79e-15  1.24e-15   109     6     0
1901.58  1.75e-15  1.27e-15   109     6     0
1903.26 -1.66e-15  1.38e-15   110    -6     0
1904.93 -1.45e-15  1.24e-15   110    -5     0
1906.61  2.23e-15  1.82e-15   111     8     0
1908.28  3.18e-15  1.58e-15   111    12     0
1909.96  2.44e-15  2.12e-15   111     9     0
1911.64  3.02e-15  1.25e-15   112    11     0
1913.31  6.90e-15  1.30e-15   112    26     0
1914.99  7.11e-15  1.33e-15   113    27     0
1916.67  1.94e-15  1.37e-15   113     7     0
1918.34  6.80e-18  1.37e-15   114     0     0
1920.02  8.94e-16  1.45e-15   114     3     0
1921.70 -9.71e-16  1.45e-15   115    -3     0
1923.37  1.25e-15  1.52e-15   115     4     0
1925.05  2.50e-15  1.38e-15   116     9     0
1926.72  3.61e-15  1.32e-15   116    13     0
1928.40  2.52e-15  1.30e-15   117     9     0
1930.08  4.72e-16  1.28e-15   117     1     0
1931.75  2.86e-15  1.27e-15   118    10     0
1933.43  6.11e-16  1.26e-15   118     2     0
1935.11  1.81e-15  1.38e-15   119     7     0
1936.78  1.18e-15  1.63e-15   119     4     0
1938.46  1.15e-15  1.30e-15   120     4     0
1940.14  2.18e-15  1.24e-15   120     8     0
1941.81  5.98e-16  1.25e-15   121     2     0
1943.49 -2.02e-15  1.23e-15   122    -7     0
1945.16 -6.70e-16  1.22e-15   122    -2     0
1946.84 -1.25e-15  1.22e-15   123    -4     0
1948.52  2.40e-15  1.21e-15   123     9     0
1950.19  1.24e-15  1.20e-15   124     4     0
1951.87  1.27e-15  1.19e-15   125     5     0
1953.55  2.19e-15  1.19e-15   125     8     0
1955.22  1.55e-15  1.19e-15   126     6     0
1956.90  2.13e-16  1.19e-15   126     0     0
1958.57  1.25e-15  1.52e-15   127     5     0
1960.25 -1.18e-15  1.19e-15   128    -4     0
1961.93  5.16e-16  1.19e-15   128     2     0
1963.60  3.60e-16  1.19e-15   129     1     0
1965.28 -1.19e-15  1.20e-15   130    -4     0
1966.96  5.69e-16  1.23e-15   130     2     0
1968.63  6.66e-16  1.20e-15   131     2     0
1970.31 -4.53e-16  1.20e-15   132    -1     0
1971.99 -1.08e-15  1.23e-15   132    -4     0
1973.66  8.81e-16  1.61e-15   133     3     0
1975.34  1.62e-15  1.50e-15   134     6     0
1977.01  1.03e-15  1.22e-15   135     4     0
1978.69  4.54e-15  1.23e-15   135    17     0
