NOT ORIGINAL IUE PROJECT DATA PRODUCT
SWP9696LOWLARGE
HD  197481
20:42:06
-31:31:05
48
X-TRAIL
NO
22900.184
04/08/80
11:04:00
217
16.50
11/11/94
GSFC
2444455.96111
89
57
1150.58 -2.62e-14  1.92e-14  1317   -69     0
1152.26 -8.55e-15  1.87e-14  1317   -23     0
1153.93 -2.33e-14  1.72e-14  1317   -69     0
1155.61 -3.35e-14  1.69e-14  1317  -102     0
1157.29  3.83e-15  1.65e-14  1316    12     0
1158.96 -1.64e-14  1.43e-14  1316   -58     0
1160.64  1.76e-14  1.62e-14  1316    65     0
1162.31  5.37e-15  1.32e-14  1316    21     0
1163.99 -3.04e-15  1.17e-14  1316   -13     0
1165.67 -4.34e-15  1.12e-14  1316   -19     0
1167.34 -1.48e-14  1.04e-14  1316   -71     0
1169.02 -2.06e-14  9.75e-15  1315  -106     0
1170.70  1.80e-14  1.11e-14  1315    99     0
1172.37 -4.43e-15  8.50e-15  1315   -26     0
1174.05  1.40e-14  8.95e-15  1315    87     0
1175.73 -9.40e-15  7.79e-15  1315   -61     0
1177.40  1.53e-14  7.78e-15  1314   106     0
1179.08  1.37e-14  6.90e-15  1314   101     0
1180.75 -2.07e-15  6.47e-15  1314   -15     0
1182.43  1.50e-14  6.39e-15  1314   121     0
1184.11  2.11e-14  7.05e-15  1313   180     0
1185.78 -3.68e-15  5.65e-15  1313   -33     0
1187.46 -1.47e-14  5.67e-15  1313  -140     0
1189.14  8.59e-15  5.70e-15  1312    86     0
1190.81 -1.05e-15  5.89e-15  1312   -10     0
1192.49 -6.80e-15  5.00e-15  1312   -71     0
1194.17  2.32e-15  4.61e-15  1312    25     0
1195.84  8.32e-16  5.49e-15  1311     9     0
1197.52  7.30e-15  4.32e-15  1311    84     0
1199.19  1.04e-14  4.24e-15  1311   124     0
1200.87  1.13e-14  4.22e-15  1310   136     0
1202.55  1.16e-14  4.54e-15  1310   145     0
1204.22  2.99e-14  1.03e-14  1310   385     0
1205.90  9.69e-14  2.07e-14  1309  1299     0
1207.58  1.96e-13  3.99e-14  1309  2699     0
1209.25  8.12e-14  3.84e-14  1308  1149     0
1210.93  3.32e-14  3.45e-14  1308   476 -1280
1212.60  6.20e-14  4.34e-14  1308   913 -1280
1214.28  7.89e-14  5.34e-14  1307  1191 -1280
1215.96  7.26e-14  5.29e-14  1307  1117 -1280
1217.63  6.40e-14  4.20e-14  1307  1008 -1280
1219.31  1.16e-13  4.89e-14  1306  1865     0
1220.99  1.52e-13  3.36e-14  1306  2478     0
1222.66  5.88e-14  1.38e-14  1305   980     0
1224.34  9.73e-15  4.16e-15  1305   165     0
1226.02 -1.75e-15  2.85e-15  1305   -30     0
1227.69 -8.06e-16  3.01e-15  1304   -14     0
1229.37  6.01e-15  3.13e-15  1304   106     0
1231.04  4.44e-15  2.69e-15  1304    80     0
1232.72 -1.45e-15  2.59e-15  1303   -26     0
1234.40 -2.64e-15  3.71e-15  1303   -49     0
1236.07  5.92e-15  2.84e-15  1302   112     0
1237.75 -3.67e-15  2.48e-15  1302   -70     0
1239.43  9.78e-15  2.79e-15  1302   189     0
1241.10  5.58e-15  2.62e-15  1301   107     0
1242.78  4.54e-15  2.50e-15  1301    88     0
1244.46 -4.95e-17  3.59e-15  1300     0     0
1246.13  4.72e-15  2.69e-15  1300    94     0
1247.81  7.82e-15  3.17e-15  1300   158     0
1249.48 -2.19e-15  2.30e-15  1299   -44     0
1251.16  7.56e-15  2.46e-15  1299   152     0
1252.84 -1.81e-15  2.31e-15  1298   -36     0
1254.51  3.63e-15  3.19e-15  1298    74     0
1256.19 -1.26e-15  2.43e-15  1298   -25     0
1257.87 -1.83e-15  2.25e-15  1297   -37     0
1259.54  4.93e-15  2.37e-15  1297   102     0
1261.22  5.10e-16  2.22e-15  1296    10     0
1262.89  2.47e-15  2.23e-15  1296    52     0
1264.57 -8.31e-15  2.21e-15  1296  -175     0
1266.25 -1.18e-15  3.11e-15  1295   -24     0
1267.92 -1.95e-16  2.18e-15  1295    -4     0
1269.60  1.04e-15  2.17e-15  1295    22     0
1271.28 -2.03e-16  2.17e-15  1294    -4     0
1272.95  2.23e-15  2.17e-15  1294    47     0
1274.63 -2.72e-15  2.14e-15  1293   -58     0
1276.31  2.61e-15  2.15e-15  1293    56     0
1277.98  2.48e-15  2.40e-15  1293    53     0
1279.66 -1.61e-15  3.13e-15  1292   -35     0
1281.33  1.43e-15  3.07e-15  1292    31     0
1283.01 -4.62e-15  3.45e-15  1292  -100     0
1284.69 -2.90e-15  2.09e-15  1291   -63     0
1286.36  3.48e-15  2.15e-15  1291    76     0
1288.04  8.99e-16  2.05e-15  1290    19     0
1289.72  6.64e-15  3.23e-15  1290   147     0
1291.39 -2.03e-16  2.29e-15  1290    -4     0
1293.07 -1.01e-15  2.06e-15  1289   -22     0
1294.75 -7.68e-16  2.12e-15  1289   -16     0
1296.42  2.93e-15  2.06e-15  1289    65     0
1298.10  2.32e-16  2.06e-15  1288     5     0
1299.77  1.91e-15  2.36e-15  1288    42     0
1301.45  9.97e-15  3.93e-15  1288   218     0
1303.13  4.12e-15  2.38e-15  1287    89     0
1304.80  6.90e-15  3.36e-15  1287   150     0
1306.48  1.38e-14  2.32e-15  1287   305     0
1308.16  5.97e-15  2.56e-15  1286   132     0
1309.83 -3.23e-15  2.01e-15  1286   -71     0
1311.51  3.54e-15  2.09e-15  1286    77     0
1313.19 -6.05e-16  2.05e-15  1285   -13     0
1314.86 -3.24e-15  2.22e-15  1285   -70     0
1316.54  2.45e-15  2.24e-15  1285    54     0
1318.21 -1.46e-15  2.14e-15  1284   -32     0
1319.89 -1.02e-14  2.26e-15  1284  -224     0
1321.57  1.17e-15  2.22e-15  1284    25     0
1323.24  1.12e-16  2.13e-15  1283     2     0
1324.92 -2.16e-15  3.49e-15  1283   -46     0
1326.60  2.95e-15  2.05e-15  1283    64     0
1328.27  4.01e-15  2.06e-15  1283    86     0
1329.95 -2.16e-15  2.81e-15  1282   -46     0
1331.62  6.40e-15  2.08e-15  1282   140     0
1333.30  4.87e-15  2.10e-15  1282   106     0
1334.98  1.32e-14  5.29e-15  1281   287     0
1336.65  2.13e-14  4.30e-15  1281   450     0
1338.33  7.73e-15  2.86e-15  1281   162     0
1340.01 -5.11e-15  2.06e-15  1281  -107     0
1341.68 -1.79e-15  2.10e-15  1280   -37     0
1343.36  4.34e-15  2.12e-15  1280    90     0
1345.04 -1.53e-15  2.09e-15  1280   -31     0
1346.71 -4.64e-15  2.05e-15  1279   -96     0
1348.39  5.74e-16  2.06e-15  1279    11     0
1350.06 -1.93e-15  2.08e-15  1279   -39     0
1351.74 -1.02e-14  2.44e-15  1279  -207     0
1353.42  3.82e-15  2.20e-15  1278    77     0
1355.09  4.94e-16  2.18e-15  1278     9     0
1356.77  6.37e-15  2.98e-15  1278   127     0
1358.45  4.50e-15  2.29e-15  1278    89     0
1360.12  2.93e-15  2.18e-15  1277    58     0
1361.80  1.48e-15  2.13e-15  1277    29     0
1363.48  1.37e-16  3.45e-15  1277     2     0
1365.15  2.48e-15  2.91e-15  1277    48     0
1366.83 -1.95e-15  2.27e-15  1276   -38     0
1368.50  2.81e-16  2.70e-15  1276     5     0
1370.18 -1.96e-15  2.17e-15  1276   -37     0
1371.86  1.97e-15  2.21e-15  1276    37     0
1373.53 -7.66e-15  2.97e-15  1275  -145     0
1375.21 -1.58e-15  2.59e-15  1275   -30     0
1376.89  2.72e-15  2.89e-15  1275    51     0
1378.56 -3.77e-15  2.24e-15  1275   -70     0
1380.24  4.98e-15  2.65e-15  1274    93     0
1381.91  1.50e-15  2.61e-15  1274    28     0
1383.59 -3.85e-16  2.69e-15  1274    -7     0
1385.27 -3.87e-16  2.55e-15  1274    -7     0
1386.94 -1.91e-15  2.90e-15  1273   -34     0
1388.62  4.13e-15  3.49e-15  1273    74     0
1390.30  3.14e-15  3.52e-15  1273    56     0
1391.97 -2.07e-15  3.01e-15  1273   -37     0
1393.65  1.07e-14  2.51e-15  1273   190     0
1395.33  4.60e-15  3.63e-15  1272    81     0
1397.00  9.14e-15  2.79e-15  1272   160     0
1398.68  9.20e-15  2.47e-15  1272   160     0
1400.35  3.21e-15  2.60e-15  1272    55     0
1402.03  1.88e-15  4.53e-15  1271    32     0
1403.71  4.48e-15  3.23e-15  1271    76     0
1405.38  5.11e-15  3.36e-15  1271    87     0
1407.06  2.04e-15  2.43e-15  1271    34     0
1408.74  3.64e-15  3.27e-15  1270    61     0
1410.41  4.35e-15  2.66e-15  1270    73     0
1412.09 -2.67e-15  3.27e-15  1270   -44     0
1413.77 -8.81e-15  2.92e-15  1270  -146     0
1415.44  1.46e-15  2.45e-15  1270    23     0
1417.12 -5.94e-15  2.45e-15  1269   -96     0
1418.79  1.08e-15  2.50e-15  1269    17     0
1420.47 -1.20e-16  2.46e-15  1269    -1     0
1422.15  2.27e-15  2.52e-15  1269    36     0
1423.82  3.80e-15  2.62e-15  1268    60     0
1425.50  4.98e-15  2.58e-15  1268    78     0
1427.18 -3.57e-15  3.80e-15  1268   -55     0
1428.85  2.19e-15  2.55e-15  1268    33     0
1430.53  4.07e-15  2.56e-15  1268    63     0
1432.20 -6.27e-16  2.99e-15  1267    -9     0
1433.88  5.63e-16  2.57e-15  1267     8     0
1435.56 -2.25e-16  2.56e-15  1267    -3     0
1437.23  4.94e-16  2.57e-15  1267     7     0
1438.91 -2.83e-15  2.58e-15  1266   -42     0
1440.59  8.65e-17  2.60e-15  1266     1     0
1442.26  2.47e-15  2.63e-15  1266    36     0
1443.94 -5.90e-17  2.69e-15  1266     0     0
1445.62  3.07e-15  3.54e-15  1265    45     0
1447.29 -3.48e-15  2.61e-15  1265   -51     0
1448.97 -3.51e-15  3.67e-15  1265   -51     0
1450.64  6.09e-15  3.25e-15  1265    88     0
1452.32 -5.06e-15  3.55e-15  1264   -73     0
1454.00 -1.64e-15  4.02e-15  1264   -23     0
1455.67  3.95e-15  2.68e-15  1264    57     0
1457.35  1.42e-15  2.64e-15  1264    20     0
1459.03 -4.42e-15  2.64e-15  1264   -63     0
1460.70  1.46e-15  2.68e-15  1263    20     0
1462.38  2.87e-15  3.24e-15  1263    40     0
1464.06  2.90e-15  2.79e-15  1263    40     0
1465.73  2.16e-15  2.67e-15  1263    30     0
1467.41  4.89e-15  2.99e-15  1262    69     0
1469.08  7.59e-15  2.77e-15  1262   107     0
1470.76  1.93e-15  2.69e-15  1262    27     0
1472.44  7.49e-15  2.88e-15  1261   104     0
1474.11  2.28e-15  2.69e-15  1261    31     0
1475.79  8.12e-16  2.83e-15  1261    11     0
1477.47  3.51e-15  2.71e-15  1261    48     0
1479.14  1.82e-15  3.24e-15  1260    25     0
1480.82  4.32e-15  2.73e-15  1260    60     0
1482.50  2.73e-15  2.68e-15  1260    37     0
1484.17 -1.54e-15  2.64e-15  1260   -21     0
1485.85  2.07e-15  2.87e-15  1259    28     0
1487.52  3.84e-15  2.73e-15  1259    52     0
1489.20 -1.21e-15  2.72e-15  1259   -16     0
1490.88  5.01e-15  2.72e-15  1258    68     0
1492.55  3.82e-15  2.71e-15  1258    52     0
1494.23  1.14e-14  2.82e-15  1258   156     0
1495.91  5.43e-15  2.75e-15  1258    73     0
1497.58  8.76e-15  2.80e-15  1257   118     0
1499.26  1.03e-14  4.30e-15  1257   138     0
1500.93  8.43e-15  2.83e-15  1257   111     0
1502.61  2.88e-15  2.76e-15  1256    38     0
1504.29  1.74e-15  2.86e-15  1256    22     0
1505.96  6.44e-15  2.84e-15  1256    83     0
1507.64 -6.72e-15  2.76e-15  1255   -87     0
1509.32  6.88e-15  2.86e-15  1255    88     0
1510.99  7.30e-15  2.83e-15  1255    95     0
1512.67  5.22e-15  4.77e-15  1255    67     0
1514.35  9.43e-15  4.70e-15  1254   121     0
1516.02  1.36e-15  2.76e-15  1254    17     0
1517.70  6.52e-15  2.84e-15  1254    83     0
1519.37  6.40e-15  4.26e-15  1253    81     0
1521.05  3.36e-15  2.87e-15  1253    43     0
1522.73 -4.26e-15  3.00e-15  1253   -54     0
1524.40  6.70e-16  2.75e-15  1252     8     0
1526.08  2.61e-16  2.75e-15  1252     3     0
1527.76  5.02e-15  2.82e-15  1252    63     0
1529.43  7.04e-15  2.85e-15  1251    88     0
1531.11  4.90e-15  2.86e-15  1251    60     0
1532.79  6.07e-15  4.39e-15  1250    75     0
1534.46  9.34e-16  2.79e-15  1250    11     0
1536.14  3.61e-15  2.82e-15  1250    44     0
1537.81  4.79e-15  2.84e-15  1249    59     0
1539.49  4.55e-15  2.83e-15  1249    56     0
1541.17  6.46e-15  2.87e-15  1249    79     0
1542.84  2.72e-15  2.90e-15  1248    33     0
1544.52  1.02e-14  4.73e-15  1248   125     0
1546.20  1.69e-14  5.38e-15  1247   209     0
1547.87  2.75e-14  6.35e-15  1247   340     0
1549.55  2.92e-14  9.27e-15  1247   362     0
1551.22  1.80e-14  6.93e-15  1246   224     0
1552.90  1.05e-14  4.17e-15  1246   130     0
1554.58  1.37e-15  2.80e-15  1246    17     0
1556.25  3.69e-15  2.78e-15  1245    45     0
1557.93  6.55e-15  2.80e-15  1245    81     0
1559.61  7.69e-15  4.26e-15  1244    95     0
1561.28  5.78e-15  2.75e-15  1244    72     0
1562.96  1.06e-14  2.81e-15  1244   132     0
1564.64  1.25e-14  2.83e-15  1243   156     0
1566.31  3.33e-15  2.69e-15  1243    41     0
1567.99  5.69e-15  2.71e-15  1242    71     0
1569.66  1.44e-14  3.08e-15  1242   180     0
1571.34  7.14e-15  3.87e-15  1241    89     0
1573.02  8.86e-15  2.85e-15  1241   111     0
1574.69  1.79e-15  2.72e-15  1241    22     0
1576.37  3.78e-15  2.64e-15  1240    47     0
1578.05  5.03e-15  2.65e-15  1240    63     0
1579.72  4.89e-15  2.64e-15  1239    61     0
1581.40  4.23e-15  2.62e-15  1239    53     0
1583.08  3.85e-15  2.61e-15  1238    48     0
1584.75  2.93e-15  2.59e-15  1238    37     0
1586.43  8.42e-15  2.86e-15  1237   105     0
1588.10  7.45e-15  2.66e-15  1237    93     0
1589.78  3.25e-15  2.93e-15  1237    40     0
1591.46  8.01e-15  2.66e-15  1236   101     0
1593.13  8.04e-15  2.62e-15  1236   102     0
1594.81 -6.70e-16  2.80e-15  1235    -8     0
1596.49 -1.90e-15  2.52e-15  1235   -23     0
1598.16  2.55e-15  2.54e-15  1234    32     0
1599.84  3.37e-15  2.54e-15  1234    42     0
1601.52  2.26e-16  2.47e-15  1233     2     0
1603.19 -2.56e-17  2.85e-15  1233     0     0
1604.87  1.83e-15  2.47e-15  1232    23     0
1606.54 -1.90e-15  2.45e-15  1232   -24     0
1608.22 -1.68e-15  2.50e-15  1231   -21     0
1609.90  1.61e-15  2.52e-15  1231    20     0
1611.57 -4.01e-16  2.39e-15  1230    -5     0
1613.25  3.43e-15  2.42e-15  1230    44     0
1614.93  1.10e-15  2.38e-15  1229    14     0
1616.60 -1.36e-15  2.40e-15  1229   -17     0
1618.28 -4.58e-15  2.39e-15  1228   -59     0
1619.95  1.50e-15  2.39e-15  1228    19     0
1621.63  4.18e-15  2.39e-15  1227    54     0
1623.31 -5.43e-16  2.34e-15  1227    -7     0
1624.98 -1.94e-15  2.33e-15  1226   -25     0
1626.66 -7.83e-16  2.32e-15  1226   -10     0
1628.34 -3.64e-15  2.31e-15  1225   -48     0
1630.01 -1.47e-15  2.27e-15  1225   -19     0
1631.69 -6.09e-16  2.26e-15  1224    -8     0
1633.37  3.84e-15  2.32e-15  1224    51     0
1635.04  5.07e-15  2.32e-15  1223    67     0
1636.72  6.85e-15  2.80e-15  1223    91     0
1638.39  1.31e-14  4.79e-15  1222   175     0
1640.07  1.72e-14  5.48e-15  1222   231     0
1641.75  1.78e-14  5.66e-15  1221   240     0
1643.42  7.52e-15  2.87e-15  1221   102     0
1645.10  8.06e-16  2.19e-15  1220    10     0
1646.78  1.35e-15  2.19e-15  1220    18     0
1648.45  1.54e-15  2.18e-15  1219    21     0
1650.13 -8.31e-16  2.16e-15  1219   -11     0
1651.81 -2.33e-15  2.18e-15  1218   -32     0
1653.48  4.92e-15  2.39e-15  1218    68     0
1655.16  5.41e-15  2.40e-15  1217    75     0
1656.83  5.08e-15  2.83e-15  1217    71     0
1658.51 -3.14e-15  4.27e-15  1216   -44     0
1660.19  2.92e-16  3.46e-15  1216     4     0
1661.86 -2.38e-15  2.11e-15  1215   -33     0
1663.54 -1.11e-15  2.03e-15  1215   -15     0
1665.22 -2.45e-15  2.03e-15  1214   -35     0
1666.89  2.04e-15  2.04e-15  1214    29     0
1668.57 -1.87e-15  2.00e-15  1213   -26     0
1670.24 -4.25e-16  2.00e-15  1213    -6     0
1671.92  1.57e-15  2.01e-15  1212    22     0
1673.60 -3.67e-15  1.98e-15  1212   -53     0
1675.27 -2.96e-15  1.96e-15  1211   -43     0
1676.95 -1.81e-15  1.94e-15  1211   -26     0
1678.63  2.48e-16  1.93e-15  1210     3     0
1680.30 -1.91e-15  1.90e-15  1210   -28     0
1681.98 -2.62e-15  1.88e-15  1209   -39     0
1683.66 -2.02e-15  1.87e-15  1209   -30     0
1685.33 -2.27e-15  1.85e-15  1208   -34     0
1687.01  6.87e-16  1.84e-15  1208    10     0
1688.68  8.09e-16  1.84e-15  1207    12     0
1690.36 -6.27e-16  1.83e-15  1207    -9     0
1692.04  3.98e-16  1.82e-15  1206     6     0
1693.71 -2.01e-15  1.80e-15  1206   -31     0
1695.39 -8.03e-16  1.77e-15  1205   -12     0
1697.07 -5.62e-16  1.76e-15  1205    -8     0
1698.74 -8.47e-16  1.74e-15  1204   -13     0
1700.42  1.36e-15  1.75e-15  1204    21     0
1702.10  4.30e-15  1.76e-15  1203    68     0
1703.77  7.92e-16  1.71e-15  1203    12     0
1705.45 -3.80e-15  1.69e-15  1202   -61     0
1707.12 -4.10e-15  1.68e-15  1202   -66     0
1708.80 -1.44e-15  1.67e-15  1201   -23     0
1710.48 -1.54e-15  1.66e-15  1201   -25     0
1712.15  2.33e-15  1.67e-15  1200    38     0
1713.83  2.40e-15  1.66e-15  1200    39     0
1715.51  2.74e-15  1.63e-15  1199    46     0
1717.18  6.48e-16  1.59e-15  1199    11     0
1718.86  2.43e-15  1.60e-15  1199    41     0
1720.54  1.71e-16  1.57e-15  1198     2     0
1722.21  1.07e-15  1.57e-15  1198    18     0
1723.89  5.46e-16  1.55e-15  1197     9     0
1725.56 -1.17e-15  1.54e-15  1197   -20     0
1727.24  1.85e-15  1.94e-15  1196    32     0
1728.92  1.64e-15  1.66e-15  1196    28     0
1730.59  1.53e-15  1.68e-15  1196    27     0
1732.27  4.42e-16  1.51e-15  1195     7     0
1733.95  1.03e-15  1.47e-15  1195    18     0
1735.62  2.81e-15  1.46e-15  1194    51     0
1737.30  2.01e-15  1.46e-15  1194    37     0
1738.97  3.53e-15  1.45e-15  1193    65     0
1740.65  2.45e-15  1.44e-15  1193    45     0
1742.33  6.12e-15  1.49e-15  1193   114     0
1744.00  9.97e-15  2.88e-15  1192   187     0
1745.68  4.67e-15  1.42e-15  1192    88     0
1747.36 -1.11e-15  1.36e-15  1192   -21     0
1749.03 -2.56e-15  1.35e-15  1191   -48     0
1750.71  1.03e-15  1.96e-15  1191    19     0
1752.39  1.02e-14  5.03e-15  1191   194     0
1754.06  9.50e-15  4.12e-15  1190   182     0
1755.74  2.50e-15  1.34e-15  1190    48     0
1757.41  1.59e-15  1.32e-15  1190    31     0
1759.09  3.28e-15  1.33e-15  1189    64     0
1760.77  3.18e-15  1.31e-15  1189    63     0
1762.44  2.46e-15  1.30e-15  1189    49     0
1764.12  3.74e-15  1.30e-15  1188    75     0
1765.80  2.89e-15  1.29e-15  1188    57     0
1767.47  6.82e-16  1.26e-15  1188    13     0
1769.15  1.61e-15  1.26e-15  1187    32     0
1770.83 -1.61e-15  1.24e-15  1187   -32     0
1772.50  3.03e-16  1.23e-15  1187     6     0
1774.18  3.12e-15  1.25e-15  1187    64     0
1775.85  1.75e-15  1.22e-15  1186    36     0
1777.53  1.82e-15  1.21e-15  1186    38     0
1779.21  2.87e-15  1.21e-15  1186    59     0
1780.88  2.90e-15  1.23e-15  1186    61     0
1782.56  2.29e-15  1.28e-15  1185    48     0
1784.24  2.51e-15  1.34e-15  1185    53     0
1785.91  1.97e-15  1.41e-15  1185    41     0
1787.59 -3.13e-16  1.35e-15  1185    -6     0
1789.26  2.43e-15  1.29e-15  1185    51     0
1790.94  2.91e-15  1.22e-15  1184    62     0
1792.62  3.56e-15  1.17e-15  1184    76     0
1794.29  4.36e-15  1.17e-15  1184    94     0
1795.97  2.90e-15  1.16e-15  1184    62     0
1797.65  4.44e-15  1.17e-15  1184    95     0
1799.32  2.94e-15  1.14e-15  1184    63     0
1801.00  1.86e-15  1.14e-15  1184    39     0
1802.68  3.48e-15  1.15e-15  1183    75     0
1804.35  4.14e-15  1.15e-15  1183    89     0
1806.03  6.27e-15  1.29e-15  1183   137     0
1807.70  6.97e-15  1.15e-15  1183   153     0
1809.38  7.66e-15  1.15e-15  1183   168     0
1811.06  7.42e-15  1.19e-15  1183   163     0
1812.73  1.02e-14  1.54e-15  1183   224     0
1814.41  1.17e-14  1.67e-15  1183   257     0
1816.09  1.16e-14  1.99e-15  1183   257     0
1817.76  1.11e-14  2.11e-15  1183   246     0
1819.44  1.01e-14  1.69e-15  1183   224     0
1821.12  9.08e-15  1.20e-15  1183   201     0
1822.79  1.02e-14  1.88e-15  1183   226     0
1824.47  7.43e-15  1.57e-15  1183   165     0
1826.14  5.91e-15  1.13e-15  1183   132     0
1827.82  6.27e-15  1.09e-15  1183   140     0
1829.50  5.17e-15  1.08e-15  1183   115     0
1831.17  3.77e-15  1.07e-15  1183    84     0
1832.85  3.67e-15  1.07e-15  1183    82     0
1834.53  2.20e-15  1.05e-15  1183    49     0
1836.20  1.78e-15  1.05e-15  1183    39     0
1837.88  3.12e-15  1.08e-15  1183    69     0
1839.55  3.66e-15  1.06e-15  1183    81     0
1841.23  3.16e-15  1.06e-15  1184    70     0
1842.91  1.95e-15  1.05e-15  1184    43     0
1844.58  1.75e-15  1.04e-15  1184    38     0
1846.26  2.89e-15  1.05e-15  1184    64     0
1847.94  2.42e-15  1.05e-15  1184    53     0
1849.61  2.78e-15  1.05e-15  1184    61     0
1851.29  3.32e-15  1.04e-15  1184    74     0
1852.97  3.92e-15  1.04e-15  1185    87     0
1854.64  3.86e-15  1.04e-15  1185    86     0
1856.32  3.08e-15  1.04e-15  1185    68     0
1857.99  2.60e-15  1.04e-15  1185    57     0
1859.67  2.24e-15  1.03e-15  1186    49     0
1861.35  1.65e-15  1.02e-15  1186    36     0
1863.02  1.30e-15  1.02e-15  1186    28     0
1864.70  2.27e-15  1.03e-15  1186    50     0
1866.38  1.22e-15  1.02e-15  1187    26     0
1868.05  1.36e-15  1.02e-15  1187    29     0
1869.73  4.13e-16  1.01e-15  1187     9     0
1871.41  1.21e-15  1.02e-15  1188    26     0
1873.08  1.05e-15  1.02e-15  1188    23     0
1874.76  3.32e-16  1.01e-15  1188     7     0
1876.43 -4.03e-16  1.02e-15  1189    -8     0
1878.11  2.06e-15  1.04e-15  1189    44     0
1879.79  3.41e-15  1.04e-15  1189    73     0
1881.46  3.52e-15  1.04e-15  1190    76     0
1883.14  2.68e-15  1.03e-15  1190    58     0
1884.82  2.00e-15  1.03e-15  1191    43     0
1886.49  6.22e-16  1.02e-15  1191    13     0
1888.17 -9.58e-16  1.01e-15  1192   -20     0
1889.85  3.89e-16  1.01e-15  1192     8     0
1891.52  3.23e-16  1.02e-15  1193     6     0
1893.20  4.35e-16  1.02e-15  1193     9     0
1894.87  3.28e-16  1.02e-15  1193     7     0
1896.55  1.57e-15  1.02e-15  1194    33     0
1898.23  2.14e-15  1.03e-15  1195    45     0
1899.90  2.47e-15  1.03e-15  1195    52     0
1901.58  3.54e-15  1.03e-15  1196    75     0
1903.26  2.51e-15  1.03e-15  1196    53     0
1904.93  2.33e-15  1.03e-15  1197    49     0
1906.61  2.33e-15  1.03e-15  1197    49     0
1908.28  1.15e-15  1.02e-15  1198    24     0
1909.96  1.26e-15  1.02e-15  1198    26     0
1911.64  2.08e-15  1.07e-15  1199    44     0
1913.31  2.81e-15  1.10e-15  1200    59     0
1914.99  2.17e-15  1.12e-15  1200    45     0
1916.67  3.14e-15  1.22e-15  1201    66     0
1918.34  1.85e-15  1.18e-15  1202    39     0
1920.02  2.12e-15  1.18e-15  1202    44     0
1921.70  2.64e-15  1.15e-15  1203    55     0
1923.37  2.87e-15  1.04e-15  1204    60     0
1925.05  3.95e-15  1.03e-15  1204    83     0
1926.72  3.48e-15  1.02e-15  1205    73     0
1928.40  2.92e-15  1.02e-15  1206    61     0
1930.08  1.80e-15  1.01e-15  1206    37     0
1931.75  2.49e-15  1.01e-15  1207    52     0
1933.43  2.82e-15  1.01e-15  1208    59     0
1935.11  2.88e-15  9.95e-16  1209    61     0
1936.78  1.31e-15  9.81e-16  1209    27     0
1938.46  5.48e-16  9.72e-16  1210    11     0
1940.14  1.30e-15  9.79e-16  1211    27     0
1941.81  3.46e-15  1.70e-15  1212    74     0
1943.49  5.40e-15  3.49e-15  1212   116     0
1945.16  3.27e-15  2.63e-15  1213    70     0
1946.84  1.25e-15  1.26e-15  1214    27     0
1948.52  1.13e-15  9.54e-16  1215    24     0
1950.19  1.65e-15  9.46e-16  1216    36     0
1951.87  8.89e-16  9.37e-16  1216    19     0
1953.55  1.39e-15  9.36e-16  1217    30     0
1955.22  9.95e-16  9.34e-16  1218    22     0
1956.90  2.45e-16  9.25e-16  1219     5     0
1958.57  6.27e-16  9.24e-16  1220    13     0
1960.25  1.68e-16  9.20e-16  1221     3     0
1961.93  1.60e-15  9.28e-16  1222    35     0
1963.60  2.48e-15  9.32e-16  1222    55     0
1965.28  1.89e-15  9.35e-16  1223    41     0
1966.96  7.52e-16  9.26e-16  1224    16     0
1968.63  1.22e-15  9.30e-16  1225    26     0
1970.31  1.29e-15  9.28e-16  1226    28     0
1971.99  1.64e-15  9.35e-16  1227    35     0
1973.66  3.08e-15  9.48e-16  1228    67     0
1975.34  4.67e-15  9.60e-16  1229   101     0
1977.01  4.78e-15  9.64e-16  1230   103     0
1978.69  3.54e-15  9.82e-16  1231    75     0
