NOT ORIGINAL IUE PROJECT DATA PRODUCT
SWP9709LOWLARGE
HD  197481
20:42:06
-31:31:05
48
NO-TRAIL
X-OFFSETS
10797.914
06/08/80
11:35:35
219
16.50
11/11/94
GSFC
2444457.98304
0
58
1150.58 -3.50e-15  4.31e-14  1361    -4     0
1152.26  5.07e-15  4.09e-14  1361     6     0
1153.93  2.20e-14  3.95e-14  1361    29     0
1155.61 -1.49e-14  3.54e-14  1361   -21     0
1157.29  4.77e-14  3.40e-14  1361    74     0
1158.96 -7.78e-15  3.38e-14  1361   -13     0
1160.64  1.44e-14  2.77e-14  1360    26     0
1162.31  5.05e-14  3.01e-14  1360   100     0
1163.99  2.34e-14  2.42e-14  1360    49     0
1165.67  2.44e-14  2.37e-14  1360    53     0
1167.34  2.58e-14  2.22e-14  1360    60     0
1169.02 -1.22e-14  2.04e-14  1360   -30     0
1170.70  4.76e-14  3.11e-14  1359   126     0
1172.37  4.99e-15  1.79e-14  1359    14     0
1174.05  8.30e-14  1.82e-14  1359   251     0
1175.73 -5.83e-15  1.96e-14  1359   -18     0
1177.40 -6.75e-16  1.99e-14  1359    -2     0
1179.08  2.78e-14  1.42e-14  1358   101     0
1180.75  2.35e-14  1.78e-14  1358    89     0
1182.43  5.19e-14  1.36e-14  1358   209     0
1184.11  4.02e-14  1.33e-14  1358   171     0
1185.78 -2.14e-14  1.17e-14  1357   -96     0
1187.46 -2.32e-14  1.17e-14  1357  -109     0
1189.14  3.28e-14  1.21e-14  1357   161     0
1190.81  9.82e-15  1.12e-14  1356    49     0
1192.49 -1.34e-14  1.04e-14  1356   -69     0
1194.17 -5.45e-15  1.09e-14  1356   -29     0
1195.84  1.11e-14  9.37e-15  1356    61     0
1197.52  2.85e-14  9.59e-15  1355   163     0
1199.19  3.42e-14  8.99e-15  1355   202     0
1200.87  4.93e-14  9.15e-15  1355   295     0
1202.55  4.84e-14  1.04e-14  1354   299     0
1204.22  9.50e-14  2.17e-14  1354   605     0
1205.90  2.54e-13  4.80e-14  1354  1662     0
1207.58  3.76e-13  9.22e-14  1353  2533     0
1209.25  3.27e-13  1.19e-13  1353  2263     0
1210.93  1.29e-13  8.61e-14  1353   905 -1280
1212.60  2.08e-13  1.28e-13  1352  1501 -1280
1214.28  2.07e-13  1.32e-13  1352  1536 -1280
1215.96  1.32e-13  9.97e-14  1352  1004 -1280
1217.63  2.29e-13  1.19e-13  1351  1778 -1280
1219.31  2.50e-13  1.23e-13  1351  1987     0
1220.99  2.49e-13  7.85e-14  1350  2022     0
1222.66  1.31e-13  3.28e-14  1350  1089     0
1224.34  1.48e-14  9.69e-15  1350   125     0
1226.02 -4.75e-15  8.76e-15  1349   -40     0
1227.69  5.19e-15  6.55e-15  1349    44     0
1229.37  1.56e-14  8.05e-15  1349   137     0
1231.04  2.32e-15  5.48e-15  1348    20     0
1232.72  2.96e-15  6.04e-15  1348    26     0
1234.40 -2.73e-15  1.10e-14  1347   -24     0
1236.07  1.53e-14  7.18e-15  1347   140     0
1237.75 -8.42e-15  5.21e-15  1346   -78     0
1239.43  2.55e-14  5.90e-15  1346   239     0
1241.10  1.79e-14  6.23e-15  1346   171     0
1242.78  1.68e-14  5.26e-15  1345   162     0
1244.46 -1.49e-16  7.19e-15  1345    -1     0
1246.13  6.32e-15  5.05e-15  1344    62     0
1247.81  1.92e-14  5.76e-15  1344   191     0
1249.48 -6.90e-16  4.76e-15  1343    -6     0
1251.16  1.35e-14  5.04e-15  1343   133     0
1252.84  3.47e-15  5.55e-15  1343    34     0
1254.51  7.56e-15  4.89e-15  1342    75     0
1256.19 -4.13e-15  4.66e-15  1342   -42     0
1257.87 -2.18e-15  5.05e-15  1341   -22     0
1259.54  1.42e-14  6.14e-15  1341   146     0
1261.22  6.53e-15  4.68e-15  1340    67     0
1262.89  1.13e-14  4.74e-15  1340   117     0
1264.57 -9.67e-15  4.69e-15  1339  -100     0
1266.25  6.07e-15  5.48e-15  1339    62     0
1267.92 -2.19e-15  4.60e-15  1338   -22     0
1269.60  1.57e-15  4.58e-15  1338    16     0
1271.28 -9.44e-16  4.41e-15  1338   -10     0
1272.95  9.73e-16  4.44e-15  1337    10     0
1274.63 -8.02e-16  4.36e-15  1337    -8     0
1276.31  5.72e-15  4.91e-15  1336    61     0
1277.98  8.83e-15  5.75e-15  1336    96     0
1279.66  1.23e-16  6.28e-15  1335     1     0
1281.33  1.69e-15  5.93e-15  1335    18     0
1283.01 -1.04e-14  6.36e-15  1334  -112     0
1284.69 -1.84e-15  4.29e-15  1334   -20     0
1286.36  5.71e-15  4.41e-15  1333    61     0
1288.04  1.87e-15  4.25e-15  1333    20     0
1289.72  1.15e-14  4.88e-15  1332   125     0
1291.39 -6.30e-15  4.38e-15  1332   -68     0
1293.07  3.10e-18  4.22e-15  1331     0     0
1294.75  3.75e-15  5.30e-15  1331    40     0
1296.42  7.95e-15  4.36e-15  1330    85     0
1298.10 -1.46e-15  4.25e-15  1330   -15     0
1299.77  7.87e-15  4.63e-15  1329    84     0
1301.45  2.31e-14  4.54e-15  1329   253     0
1303.13  1.34e-14  4.36e-15  1328   147     0
1304.80  7.65e-15  5.54e-15  1328    83     0
1306.48  2.12e-14  4.44e-15  1327   236     0
1308.16  1.07e-14  4.70e-15  1327   118     0
1309.83 -9.55e-15  4.07e-15  1326  -105     0
1311.51  3.62e-15  4.50e-15  1326    39     0
1313.19 -5.82e-15  4.20e-15  1325   -62     0
1314.86 -7.54e-15  4.48e-15  1325   -81     0
1316.54  4.46e-15  6.14e-15  1324    47     0
1318.21  2.01e-14  1.27e-14  1324   215     0
1319.89  4.05e-15  9.59e-15  1323    43     0
1321.57  3.43e-15  4.42e-15  1323    37     0
1323.24 -5.26e-15  5.28e-15  1323   -57     0
1324.92 -4.58e-15  6.72e-15  1322   -49     0
1326.60  6.97e-15  4.18e-15  1322    76     0
1328.27  6.18e-15  4.20e-15  1321    67     0
1329.95 -3.27e-15  5.08e-15  1321   -35     0
1331.62  1.19e-14  4.45e-15  1320   126     0
1333.30  1.93e-14  4.59e-15  1320   204     0
1334.98  3.18e-14  7.33e-15  1319   334     0
1336.65  4.55e-14  6.49e-15  1319   470     0
1338.33  1.75e-14  4.57e-15  1318   179     0
1340.01 -1.55e-16  4.73e-15  1318    -1     0
1341.68  6.59e-15  6.00e-15  1317    68     0
1343.36  1.24e-14  4.43e-15  1317   128     0
1345.04  7.32e-15  4.32e-15  1316    75     0
1346.71 -4.00e-15  4.25e-15  1316   -41     0
1348.39  7.56e-16  4.41e-15  1315     7     0
1350.06  3.24e-15  4.33e-15  1315    32     0
1351.74 -1.26e-14  6.17e-15  1314  -126     0
1353.42  1.23e-14  6.57e-15  1314   123     0
1355.09 -2.56e-15  6.20e-15  1313   -25     0
1356.77  7.25e-15  4.59e-15  1313    71     0
1358.45  1.31e-15  4.38e-15  1312    12     0
1360.12 -7.78e-16  4.32e-15  1312    -7     0
1361.80  4.12e-15  4.37e-15  1311    40     0
1363.48  2.01e-15  6.79e-15  1311    19     0
1365.15  6.53e-15  5.37e-15  1311    63     0
1366.83  6.98e-15  5.32e-15  1310    67     0
1368.50  8.61e-15  4.62e-15  1310    83     0
1370.18  3.78e-15  5.04e-15  1309    35     0
1371.86  5.22e-15  5.04e-15  1309    49     0
1373.53 -1.56e-14  8.92e-15  1308  -146     0
1375.21 -1.62e-15  7.28e-15  1308   -15     0
1376.89  1.30e-14  5.21e-15  1307   120     0
1378.56 -8.21e-15  4.53e-15  1307   -75     0
1380.24  7.80e-15  7.41e-15  1306    71     0
1381.91 -8.16e-16  4.60e-15  1306    -7     0
1383.59 -4.56e-15  5.05e-15  1305   -41     0
1385.27 -2.96e-16  4.65e-15  1305    -2     0
1386.94 -2.78e-15  7.04e-15  1305   -24     0
1388.62  1.12e-14  7.14e-15  1304    98     0
1390.30  7.92e-15  5.01e-15  1304    69     0
1391.97 -1.46e-15  5.74e-15  1303   -12     0
1393.65  2.40e-14  5.28e-15  1303   209     0
1395.33  1.13e-14  5.81e-15  1302    97     0
1397.00  6.86e-15  7.18e-15  1302    58     0
1398.68  1.19e-14  5.08e-15  1301   101     0
1400.35  7.10e-15  7.61e-15  1301    59     0
1402.03  3.67e-15  6.95e-15  1301    30     0
1403.71  1.25e-14  5.09e-15  1300   103     0
1405.38  1.33e-14  5.10e-15  1300   110     0
1407.06  6.76e-15  4.99e-15  1299    55     0
1408.74  2.34e-15  5.64e-15  1299    19     0
1410.41  1.07e-14  5.58e-15  1298    86     0
1412.09  8.82e-15  6.51e-15  1298    71     0
1413.77 -8.87e-15  8.87e-15  1297   -71     0
1415.44  6.79e-15  5.30e-15  1297    53     0
1417.12 -7.13e-15  5.21e-15  1297   -55     0
1418.79  5.25e-15  5.26e-15  1296    40     0
1420.47  3.96e-15  5.56e-15  1296    31     0
1422.15  3.77e-15  6.25e-15  1295    29     0
1423.82 -5.74e-15  5.38e-15  1295   -44     0
1425.50  3.42e-15  5.53e-15  1295    25     0
1427.18 -1.07e-14  8.97e-15  1294   -80     0
1428.85 -1.57e-15  6.14e-15  1294   -11     0
1430.53 -7.96e-18  5.31e-15  1293     0     0
1432.20 -2.09e-15  6.41e-15  1293   -15     0
1433.88 -3.51e-15  6.02e-15  1292   -25     0
1435.56  4.78e-15  5.34e-15  1292    35     0
1437.23 -8.39e-16  5.30e-15  1292    -6     0
1438.91 -1.03e-14  5.32e-15  1291   -75     0
1440.59 -1.41e-14  5.44e-15  1291  -101     0
1442.26 -2.01e-15  5.46e-15  1290   -14     0
1443.94  2.34e-15  6.10e-15  1290    16     0
1445.62  1.48e-14  7.36e-15  1290   105     0
1447.29 -1.56e-15  5.76e-15  1289   -11     0
1448.97 -5.09e-15  7.88e-15  1289   -35     0
1450.64  2.16e-15  6.73e-15  1288    14     0
1452.32 -1.01e-14  8.05e-15  1288   -70     0
1454.00 -4.21e-15  5.71e-15  1288   -29     0
1455.67  2.15e-15  5.58e-15  1287    14     0
1457.35  8.94e-15  5.71e-15  1287    61     0
1459.03 -4.01e-15  5.60e-15  1287   -27     0
1460.70  4.50e-15  5.74e-15  1286    30     0
1462.38  1.18e-14  5.97e-15  1286    78     0
1464.06  8.62e-15  6.01e-15  1285    57     0
1465.73  9.00e-15  5.73e-15  1285    60     0
1467.41  5.10e-15  5.78e-15  1285    34     0
1469.08  7.41e-15  5.91e-15  1284    49     0
1470.76  2.60e-15  5.58e-15  1284    17     0
1472.44  5.96e-15  5.64e-15  1283    40     0
1474.11 -9.27e-15  5.65e-15  1283   -62     0
1475.79  2.95e-15  6.45e-15  1283    19     0
1477.47  1.14e-14  5.71e-15  1282    77     0
1479.14 -1.30e-15  6.89e-15  1282    -8     0
1480.82  2.43e-15  5.59e-15  1282    16     0
1482.50  5.05e-15  5.64e-15  1281    33     0
1484.17 -4.80e-15  5.61e-15  1281   -31     0
1485.85  9.89e-15  5.78e-15  1281    64     0
1487.52  3.69e-15  5.69e-15  1280    24     0
1489.20  9.09e-15  6.58e-15  1280    59     0
1490.88  1.40e-14  5.86e-15  1279    91     0
1492.55 -1.67e-15  5.60e-15  1279   -10     0
1494.23  5.79e-15  5.67e-15  1279    37     0
1495.91  3.38e-15  5.73e-15  1278    21     0
1497.58  1.05e-14  6.20e-15  1278    67     0
1499.26 -8.88e-15  7.21e-15  1278   -56     0
1500.93  7.10e-16  5.78e-15  1277     4     0
1502.61 -3.77e-15  5.80e-15  1277   -23     0
1504.29 -2.39e-15  5.81e-15  1277   -14     0
1505.96  4.77e-15  5.89e-15  1276    29     0
1507.64 -6.65e-15  5.85e-15  1276   -41     0
1509.32  1.99e-14  6.15e-15  1275   122     0
1510.99  1.07e-14  5.94e-15  1275    66     0
1512.67  6.86e-15  7.98e-15  1275    42     0
1514.35  1.85e-14  6.76e-15  1274   113     0
1516.02 -5.12e-15  5.82e-15  1274   -31     0
1517.70  1.19e-14  6.01e-15  1274    72     0
1519.37  1.24e-14  8.45e-15  1273    75     0
1521.05 -9.11e-17  5.98e-15  1273     0     0
1522.73 -3.92e-15  5.86e-15  1273   -23     0
1524.40  5.89e-15  5.94e-15  1272    35     0
1526.08  8.06e-15  6.06e-15  1272    48     0
1527.76  2.82e-14  6.37e-15  1272   168     0
1529.43  7.79e-15  7.94e-15  1271    46     0
1531.11  2.30e-14  6.32e-15  1271   135     0
1532.79  4.18e-15  6.86e-15  1271    24     0
1534.46  1.82e-15  5.95e-15  1270    10     0
1536.14  2.38e-15  6.83e-15  1270    13     0
1537.81  7.86e-15  6.03e-15  1270    45     0
1539.49  2.23e-15  5.95e-15  1269    13     0
1541.17  1.37e-14  6.11e-15  1269    80     0
1542.84  1.55e-14  6.14e-15  1269    90     0
1544.52  2.32e-14  9.00e-15  1268   135     0
1546.20  5.45e-14  8.72e-15  1268   317     0
1547.87  8.28e-14  1.18e-14  1268   482     0
1549.55  7.27e-14  1.31e-14  1267   423     0
1551.22  2.26e-14  6.10e-15  1267   133     0
1552.90  1.82e-14  6.02e-15  1267   106     0
1554.58  5.83e-15  6.45e-15  1266    34     0
1556.25 -3.19e-16  5.76e-15  1266    -1     0
1557.93  1.43e-14  5.94e-15  1266    84     0
1559.61  7.52e-16  6.74e-15  1265     4     0
1561.28 -4.11e-15  5.73e-15  1265   -24     0
1562.96  2.32e-14  6.02e-15  1265   136     0
1564.64  2.16e-14  6.17e-15  1264   127     0
1566.31  5.02e-15  5.82e-15  1264    29     0
1567.99  1.08e-14  5.89e-15  1264    62     0
1569.66  1.07e-14  5.86e-15  1263    62     0
1571.34  5.77e-16  6.22e-15  1263     3     0
1573.02 -3.86e-16  5.58e-15  1262    -2     0
1574.69 -2.00e-14  5.63e-15  1262  -119     0
1576.37 -1.05e-14  5.51e-15  1262   -63     0
1578.05  2.45e-15  5.52e-15  1261    14     0
1579.72  4.78e-15  5.52e-15  1261    28     0
1581.40  6.37e-15  5.56e-15  1261    38     0
1583.08 -4.79e-16  5.46e-15  1260    -2     0
1584.75 -7.29e-16  5.44e-15  1260    -4     0
1586.43 -7.96e-15  5.47e-15  1260   -47     0
1588.10  5.34e-15  5.51e-15  1259    31     0
1589.78 -1.15e-15  5.43e-15  1259    -6     0
1591.46 -6.36e-15  5.35e-15  1259   -38     0
1593.13  5.28e-15  5.43e-15  1258    32     0
1594.81  1.18e-14  5.47e-15  1258    71     0
1596.49  7.66e-16  5.36e-15  1258     4     0
1598.16 -1.10e-15  5.34e-15  1257    -6     0
1599.84  4.57e-15  5.37e-15  1257    27     0
1601.52  7.69e-15  5.40e-15  1257    46     0
1603.19 -3.31e-15  5.31e-15  1256   -19     0
1604.87  1.65e-16  5.28e-15  1256     0     0
1606.54 -5.90e-15  5.21e-15  1256   -35     0
1608.22  2.39e-15  5.21e-15  1255    14     0
1609.90  1.69e-15  5.17e-15  1255    10     0
1611.57 -3.18e-15  5.16e-15  1255   -19     0
1613.25 -3.57e-16  5.13e-15  1254    -2     0
1614.93  4.48e-15  5.15e-15  1254    27     0
1616.60  3.93e-15  5.09e-15  1253    24     0
1618.28  1.48e-14  5.21e-15  1253    92     0
1619.95  1.60e-14  5.21e-15  1253    99     0
1621.63  5.85e-15  5.12e-15  1252    36     0
1623.31 -2.39e-15  5.02e-15  1252   -14     0
1624.98  7.00e-15  5.07e-15  1252    43     0
1626.66  8.37e-15  5.06e-15  1251    52     0
1628.34  6.27e-15  5.23e-15  1251    39     0
1630.01  3.67e-15  6.26e-15  1251    23     0
1631.69 -1.00e-15  4.82e-15  1250    -6     0
1633.37  9.48e-17  4.77e-15  1250     0     0
1635.04  1.04e-14  4.93e-15  1250    65     0
1636.72  2.19e-14  5.17e-15  1249   139     0
1638.39  3.55e-14  5.19e-15  1249   226     0
1640.07  3.78e-14  7.01e-15  1248   243     0
1641.75  2.68e-14  5.44e-15  1248   172     0
1643.42  6.91e-15  4.75e-15  1248    44     0
1645.10  7.19e-15  4.74e-15  1247    46     0
1646.78 -7.00e-15  4.65e-15  1247   -45     0
1648.45 -1.14e-14  4.61e-15  1247   -74     0
1650.13 -7.88e-15  4.54e-15  1246   -52     0
1651.81  1.04e-15  4.62e-15  1246     6     0
1653.48  1.17e-14  4.95e-15  1245    77     0
1655.16  7.44e-15  5.07e-15  1245    48     0
1656.83 -1.73e-16  4.82e-15  1245    -1     0
1658.51  4.55e-15  7.02e-15  1244    30     0
1660.19  1.46e-14  4.62e-15  1244    96     0
1661.86  7.91e-16  4.44e-15  1244     5     0
1663.54  5.05e-15  4.46e-15  1243    33     0
1665.22 -2.24e-15  4.28e-15  1243   -15     0
1666.89  2.75e-15  4.28e-15  1242    18     0
1668.57  6.27e-15  4.33e-15  1242    43     0
1670.24  1.82e-14  4.47e-15  1242   124     0
1671.92  1.23e-14  4.38e-15  1241    84     0
1673.60  7.57e-15  4.29e-15  1241    52     0
1675.27  9.01e-15  4.28e-15  1240    62     0
1676.95  2.91e-15  4.19e-15  1240    20     0
1678.63  4.65e-15  4.18e-15  1240    32     0
1680.30 -3.49e-15  4.08e-15  1239   -24     0
1681.98 -5.35e-16  4.05e-15  1239    -3     0
1683.66  1.22e-14  8.32e-15  1238    86     0
1685.33  6.45e-15  5.13e-15  1238    46     0
1687.01  4.11e-15  3.97e-15  1238    29     0
1688.68  3.62e-15  3.93e-15  1237    26     0
1690.36 -2.57e-15  3.90e-15  1237   -18     0
1692.04  4.13e-15  3.91e-15  1237    30     0
1693.71  1.38e-15  3.85e-15  1236    10     0
1695.39 -1.37e-16  3.81e-15  1236    -1     0
1697.07 -6.91e-16  3.78e-15  1235    -5     0
1698.74 -8.20e-15  3.75e-15  1235   -61     0
1700.42 -3.47e-15  3.71e-15  1234   -26     0
1702.10 -2.27e-15  3.68e-15  1234   -17     0
1703.77 -3.75e-15  3.65e-15  1234   -28     0
1705.45  1.31e-15  3.61e-15  1233    10     0
1707.12 -2.41e-15  3.57e-15  1233   -18     0
1708.80 -4.49e-15  3.54e-15  1232   -35     0
1710.48 -3.78e-15  3.51e-15  1232   -29     0
1712.15  2.16e-16  3.48e-15  1232     1     0
1713.83  1.64e-16  3.45e-15  1231     1     0
1715.51  2.01e-15  3.46e-15  1231    15     0
1717.18 -6.78e-16  3.41e-15  1230    -5     0
1718.86 -2.81e-15  3.38e-15  1230   -22     0
1720.54  1.30e-15  3.39e-15  1230    10     0
1722.21  8.25e-16  3.36e-15  1229     6     0
1723.89  5.58e-15  3.39e-15  1229    45     0
1725.56 -2.13e-15  3.21e-15  1228   -17     0
1727.24  1.79e-15  3.56e-15  1228    15     0
1728.92  7.88e-15  3.23e-15  1228    67     0
1730.59  1.33e-14  3.28e-15  1227   113     0
1732.27  9.43e-16  3.13e-15  1227     8     0
1733.95 -1.47e-15  3.10e-15  1226   -12     0
1735.62  7.78e-16  3.07e-15  1226     6     0
1737.30 -2.61e-15  3.05e-15  1225   -22     0
1738.97 -1.73e-15  3.02e-15  1225   -15     0
1740.65  4.18e-15  3.08e-15  1225    36     0
1742.33  1.04e-14  3.24e-15  1224    90     0
1744.00  1.75e-14  5.14e-15  1224   154     0
1745.68  1.02e-14  3.04e-15  1223    90     0
1747.36  1.80e-15  2.94e-15  1223    16     0
1749.03  2.92e-15  2.93e-15  1223    26     0
1750.71  9.78e-15  2.99e-15  1222    88     0
1752.39  5.74e-15  2.93e-15  1222    52     0
1754.06 -5.75e-17  2.86e-15  1221     0     0
1755.74  5.11e-15  2.85e-15  1221    47     0
1757.41  6.52e-15  2.84e-15  1221    60     0
1759.09  6.37e-15  2.82e-15  1220    59     0
1760.77  4.29e-15  2.77e-15  1220    40     0
1762.44  3.98e-15  2.75e-15  1219    37     0
1764.12  1.03e-14  2.79e-15  1219    97     0
1765.80  1.07e-14  2.80e-15  1219   101     0
1767.47  5.45e-15  2.73e-15  1218    51     0
1769.15  8.40e-15  2.74e-15  1218    80     0
1770.83  6.05e-15  2.71e-15  1217    57     0
1772.50  2.26e-15  2.66e-15  1217    21     0
1774.18  3.12e-15  2.65e-15  1217    30     0
1775.85  3.15e-15  2.62e-15  1216    30     0
1777.53  4.49e-15  2.62e-15  1216    43     0
1779.21  5.21e-15  2.61e-15  1215    51     0
1780.88  7.26e-15  2.66e-15  1215    71     0
1782.56  7.03e-15  2.77e-15  1215    69     0
1784.24  5.18e-15  2.89e-15  1214    51     0
1785.91  3.54e-15  3.07e-15  1214    34     0
1787.59  3.50e-15  2.96e-15  1213    34     0
1789.26  7.20e-15  3.57e-15  1213    71     0
1790.94  3.06e-15  2.62e-15  1213    30     0
1792.62  8.17e-15  2.52e-15  1212    82     0
1794.29  5.66e-15  2.49e-15  1212    57     0
1795.97 -5.55e-15  2.43e-15  1212   -56     0
1797.65 -3.37e-15  2.42e-15  1211   -34     0
1799.32 -4.02e-18  2.41e-15  1211     0     0
1801.00  4.34e-16  2.39e-15  1211     4     0
1802.68  5.53e-15  2.43e-15  1210    56     0
1804.35  7.53e-15  2.43e-15  1210    77     0
1806.03  8.48e-15  2.40e-15  1210    88     0
1807.70  7.75e-15  2.39e-15  1209    80     0
1809.38  6.99e-15  2.37e-15  1209    73     0
1811.06  6.19e-15  2.37e-15  1209    64     0
1812.73  7.75e-15  2.37e-15  1208    80     0
1814.41  1.27e-14  2.40e-15  1208   132     0
1816.09  1.60e-14  2.40e-15  1208   168     0
1817.76  1.34e-14  2.37e-15  1207   141     0
1819.44  1.02e-14  2.34e-15  1207   107     0
1821.12  8.82e-15  2.31e-15  1207    93     0
1822.79  8.23e-15  2.29e-15  1206    87     0
1824.47  6.71e-15  2.27e-15  1206    71     0
1826.14  5.88e-15  2.25e-15  1206    63     0
1827.82  4.77e-15  2.23e-15  1206    51     0
1829.50  4.88e-15  2.22e-15  1205    52     0
1831.17  3.43e-15  2.26e-15  1205    36     0
1832.85  7.90e-16  2.24e-15  1205     8     0
1834.53 -2.37e-15  2.22e-15  1205   -24     0
1836.20 -2.63e-17  2.21e-15  1204     0     0
1837.88  3.59e-15  2.23e-15  1204    38     0
1839.55  9.72e-16  2.20e-15  1204    10     0
1841.23  1.36e-15  2.20e-15  1204    14     0
1842.91  1.55e-15  2.20e-15  1204    16     0
1844.58  2.74e-15  2.20e-15  1203    29     0
1846.26  3.83e-15  2.24e-15  1203    40     0
1847.94  2.22e-15  2.22e-15  1203    23     0
1849.61  2.43e-15  2.22e-15  1203    25     0
1851.29  2.41e-15  2.18e-15  1203    25     0
1852.97  2.71e-15  2.18e-15  1202    28     0
1854.64  3.03e-15  2.18e-15  1202    32     0
1856.32  1.44e-15  2.17e-15  1202    15     0
1857.99  5.08e-15  2.20e-15  1202    53     0
1859.67  4.45e-15  2.19e-15  1202    46     0
1861.35  5.08e-15  2.21e-15  1202    52     0
1863.02  3.54e-15  2.20e-15  1202    36     0
1864.70  8.49e-16  2.18e-15  1202     8     0
1866.38  9.34e-16  2.14e-15  1202     9     0
1868.05  9.09e-16  2.14e-15  1202     9     0
1869.73 -1.39e-15  2.13e-15  1202   -14     0
1871.41  1.63e-15  2.14e-15  1201    17     0
1873.08  9.20e-16  2.14e-15  1201     9     0
1874.76  1.47e-15  2.14e-15  1201    15     0
1876.43  3.27e-16  2.14e-15  1201     3     0
1878.11  7.35e-16  2.14e-15  1201     7     0
1879.79  3.01e-15  2.16e-15  1201    31     0
1881.46  9.82e-16  2.15e-15  1202    10     0
1883.14  5.32e-16  2.15e-15  1202     5     0
1884.82 -8.49e-16  2.15e-15  1202    -8     0
1886.49 -1.11e-15  2.14e-15  1202   -11     0
1888.17 -3.61e-15  2.14e-15  1202   -37     0
1889.85  5.80e-16  2.14e-15  1202     5     0
1891.52  4.27e-15  2.18e-15  1202    43     0
1893.20  5.02e-15  2.18e-15  1202    50     0
1894.87  2.54e-15  2.17e-15  1202    25     0
1896.55  1.69e-15  2.16e-15  1203    17     0
1898.23  4.16e-15  2.17e-15  1203    42     0
1899.90  3.19e-15  2.17e-15  1203    32     0
1901.58  3.20e-15  2.16e-15  1203    32     0
1903.26  2.66e-15  2.16e-15  1203    26     0
1904.93  2.02e-16  2.14e-15  1204     2     0
1906.61  2.44e-15  2.18e-15  1204    24     0
1908.28  2.99e-15  2.18e-15  1204    29     0
1909.96  4.61e-15  2.19e-15  1205    45     0
1911.64  4.59e-15  2.22e-15  1205    45     0
1913.31  1.23e-15  2.30e-15  1205    12     0
1914.99 -1.30e-15  2.29e-15  1206   -13     0
1916.67  6.00e-16  2.53e-15  1206     6     0
1918.34  1.77e-15  2.46e-15  1207    17     0
1920.02  5.96e-16  2.45e-15  1207     6     0
1921.70 -1.74e-15  2.31e-15  1207   -17     0
1923.37 -5.65e-16  2.20e-15  1208    -5     0
1925.05  2.32e-15  2.13e-15  1208    23     0
1926.72  1.79e-15  2.12e-15  1209    17     0
1928.40  3.22e-15  2.13e-15  1209    32     0
1930.08  4.79e-15  2.14e-15  1210    47     0
1931.75  4.43e-15  2.13e-15  1211    44     0
1933.43  2.42e-15  2.11e-15  1211    24     0
1935.11  1.55e-15  2.08e-15  1212    15     0
1936.78  1.53e-15  2.07e-15  1213    15     0
1938.46  2.00e-15  2.07e-15  1213    20     0
1940.14  2.50e-15  2.06e-15  1214    25     0
1941.81  3.08e-15  2.06e-15  1215    31     0
1943.49  1.38e-15  2.04e-15  1216    14     0
1945.16  3.27e-15  2.05e-15  1216    33     0
1946.84  5.34e-15  2.06e-15  1217    54     0
1948.52  4.63e-15  2.04e-15  1218    47     0
1950.19  4.04e-15  2.01e-15  1219    42     0
1951.87  3.02e-15  1.99e-15  1220    31     0
1953.55  2.66e-15  1.98e-15  1221    27     0
1955.22  1.22e-15  1.98e-15  1222    12     0
1956.90 -9.79e-16  1.96e-15  1223   -10     0
1958.57  2.75e-15  1.98e-15  1224    28     0
1960.25  3.51e-15  1.98e-15  1225    36     0
1961.93  3.86e-15  1.98e-15  1226    40     0
1963.60  3.86e-15  1.97e-15  1227    40     0
1965.28  4.20e-15  1.97e-15  1228    44     0
1966.96  3.92e-15  1.97e-15  1229    41     0
1968.63  5.79e-15  1.98e-15  1231    60     0
1970.31  5.34e-15  1.99e-15  1232    55     0
1971.99  3.17e-15  1.98e-15  1233    32     0
1973.66  2.55e-15  1.99e-15  1235    26     0
1975.34  4.05e-15  2.02e-15  1236    41     0
1977.01  5.33e-15  2.03e-15  1237    54     0
1978.69  3.95e-15  2.07e-15  1239    39     0
