NOT ORIGINAL IUE PROJECT DATA PRODUCT
SWP9702LOWLARGE
HD  197481
20:42:06
-31:31:05
48
NO-TRAIL
X-OFFSETS
10968.308
05/08/80
10:07:29
218
16.90
11/11/94
GSFC
2444456.92186
83
55
1150.58 -5.80e-14  4.12e-14  1270   -70     0
1152.26  8.76e-15  5.17e-14  1270    11     0
1153.93 -1.90e-14  3.88e-14  1270   -25     0
1155.61 -1.30e-14  3.39e-14  1269   -19     0
1157.29  3.33e-14  3.33e-14  1269    52     0
1158.96 -1.10e-14  2.92e-14  1269   -18     0
1160.64  3.90e-15  2.67e-14  1269     7     0
1162.31  3.03e-14  2.50e-14  1268    60     0
1163.99 -3.16e-14  2.49e-14  1268   -68     0
1165.67 -2.44e-14  2.24e-14  1268   -53     0
1167.34  1.27e-15  2.08e-14  1268     3     0
1169.02 -7.23e-15  1.95e-14  1267   -18     0
1170.70  4.92e-14  2.26e-14  1267   132     0
1172.37  4.86e-15  1.88e-14  1267    13     0
1174.05  7.06e-14  1.82e-14  1266   216     0
1175.73  6.14e-15  1.92e-14  1266    20     0
1177.40 -1.78e-15  1.40e-14  1265    -6     0
1179.08  1.79e-14  1.34e-14  1265    66     0
1180.75 -1.90e-14  1.27e-14  1265   -73     0
1182.43  4.07e-15  1.20e-14  1264    16     0
1184.11  2.28e-14  1.21e-14  1264    98     0
1185.78 -1.35e-14  1.12e-14  1263   -61     0
1187.46 -3.44e-14  1.12e-14  1263  -164     0
1189.14  1.63e-14  1.12e-14  1262    81     0
1190.81  4.41e-15  1.06e-14  1262    22     0
1192.49 -8.71e-15  9.95e-15  1262   -45     0
1194.17  1.61e-15  9.03e-15  1261     8     0
1195.84  1.53e-14  1.02e-14  1261    85     0
1197.52  2.34e-14  8.76e-15  1260   135     0
1199.19  2.55e-14  8.42e-15  1260   152     0
1200.87  2.20e-14  8.26e-15  1259   133     0
1202.55  2.56e-14  1.06e-14  1259   160     0
1204.22  4.85e-14  1.56e-14  1258   312     0
1205.90  1.77e-13  3.38e-14  1258  1176     0
1207.58  3.39e-13  7.76e-14  1257  2308     0
1209.25  3.04e-13  1.01e-13  1256  2131     0
1210.93  1.47e-13  9.85e-14  1256  1045 -1280
1212.60  2.11e-13  1.14e-13  1255  1542 -1280
1214.28  1.63e-13  1.03e-13  1255  1220 -1280
1215.96  5.66e-14  7.59e-14  1254   434 -1280
1217.63  1.58e-13  8.12e-14  1254  1239 -1280
1219.31  2.56e-13  9.07e-14  1253  2057     0
1220.99  2.76e-13  6.25e-14  1253  2266     0
1222.66  1.06e-13  2.75e-14  1252   891     0
1224.34  1.31e-14  8.94e-15  1252   111     0
1226.02  8.87e-16  6.94e-15  1251     7     0
1227.69  7.92e-15  5.65e-15  1250    69     0
1229.37  1.71e-14  5.62e-15  1250   152     0
1231.04  9.20e-15  5.33e-15  1249    82     0
1232.72  5.01e-15  5.88e-15  1249    45     0
1234.40  5.94e-16  1.07e-14  1248     5     0
1236.07  2.00e-14  6.64e-15  1248   185     0
1237.75 -3.56e-15  4.93e-15  1247   -33     0
1239.43  2.18e-14  5.24e-15  1246   207     0
1241.10  1.56e-14  5.46e-15  1246   151     0
1242.78  9.70e-15  6.23e-15  1245    95     0
1244.46 -4.55e-15  4.98e-15  1245   -45     0
1246.13 -4.82e-16  4.94e-15  1244    -4     0
1247.81  1.19e-14  5.01e-15  1244   120     0
1249.48 -5.18e-15  4.51e-15  1243   -52     0
1251.16  9.14e-15  4.71e-15  1242    91     0
1252.84 -1.79e-15  5.40e-15  1242   -18     0
1254.51  1.87e-14  9.68e-15  1241   189     0
1256.19  7.70e-15  8.35e-15  1241    79     0
1257.87  8.69e-15  1.04e-14  1240    90     0
1259.54  1.99e-14  6.13e-15  1240   208     0
1261.22  4.02e-15  4.40e-15  1239    41     0
1262.89 -2.69e-15  4.32e-15  1238   -28     0
1264.57 -1.15e-14  4.31e-15  1238  -121     0
1266.25  3.49e-15  6.89e-15  1237    36     0
1267.92 -1.34e-16  5.16e-15  1237    -1     0
1269.60 -7.84e-16  4.48e-15  1236    -8     0
1271.28 -4.18e-15  4.17e-15  1236   -44     0
1272.95  1.49e-15  4.14e-15  1235    16     0
1274.63  3.69e-15  4.47e-15  1235    40     0
1276.31  8.90e-15  4.20e-15  1234    97     0
1277.98  1.00e-14  6.03e-15  1233   110     0
1279.66 -1.57e-15  5.82e-15  1233   -17     0
1281.33 -9.09e-16  6.50e-15  1232    -9     0
1283.01 -4.38e-15  6.22e-15  1232   -48     0
1284.69 -3.23e-15  4.10e-15  1231   -35     0
1286.36  3.34e-15  4.57e-15  1231    36     0
1288.04 -2.58e-15  4.01e-15  1230   -28     0
1289.72  6.99e-15  4.09e-15  1230    76     0
1291.39 -3.84e-16  5.39e-15  1229    -4     0
1293.07  1.76e-15  3.97e-15  1229    19     0
1294.75  3.13e-16  4.15e-15  1228     3     0
1296.42  8.29e-15  4.16e-15  1228    90     0
1298.10 -4.11e-15  3.99e-15  1227   -44     0
1299.77  4.74e-15  4.11e-15  1227    51     0
1301.45  2.70e-14  7.37e-15  1226   300     0
1303.13  1.59e-14  4.38e-15  1226   176     0
1304.80  1.48e-14  6.83e-15  1225   164     0
1306.48  2.43e-14  4.28e-15  1225   272     0
1308.16  4.10e-15  4.94e-15  1224    46     0
1309.83 -1.23e-14  3.84e-15  1224  -137     0
1311.51  2.01e-16  3.93e-15  1223     2     0
1313.19 -2.01e-15  4.26e-15  1223   -21     0
1314.86 -7.17e-15  4.40e-15  1223   -78     0
1316.54  2.19e-15  6.77e-15  1222    23     0
1318.21 -1.32e-16  4.33e-15  1222    -1     0
1319.89 -1.15e-14  4.46e-15  1221  -124     0
1321.57  4.54e-15  4.49e-15  1221    50     0
1323.24 -2.90e-15  5.78e-15  1220   -31     0
1324.92 -5.24e-15  6.22e-15  1220   -57     0
1326.60  8.71e-15  3.97e-15  1219    96     0
1328.27  8.12e-15  3.96e-15  1219    89     0
1329.95 -2.07e-15  4.66e-15  1219   -22     0
1331.62  1.54e-14  4.17e-15  1218   165     0
1333.30  1.43e-14  4.24e-15  1218   153     0
1334.98  2.88e-14  1.03e-14  1217   306     0
1336.65  4.79e-14  7.62e-15  1217   501     0
1338.33  1.53e-14  4.28e-15  1216   159     0
1340.01 -6.04e-15  4.40e-15  1216   -63     0
1341.68  6.43e-15  4.58e-15  1216    67     0
1343.36  9.60e-15  4.24e-15  1215   100     0
1345.04 -1.30e-15  3.98e-15  1215   -13     0
1346.71 -5.42e-15  3.99e-15  1214   -56     0
1348.39  2.23e-15  4.01e-15  1214    23     0
1350.06  4.23e-15  4.09e-15  1214    43     0
1351.74 -1.51e-14  4.35e-15  1213  -153     0
1353.42  1.17e-14  4.27e-15  1213   118     0
1355.09  3.54e-15  7.25e-15  1213    35     0
1356.77  2.59e-15  5.00e-15  1212    25     0
1358.45 -1.67e-15  4.48e-15  1212   -16     0
1360.12  3.14e-15  4.10e-15  1211    31     0
1361.80  5.84e-15  4.15e-15  1211    58     0
1363.48 -5.10e-15  5.44e-15  1211   -50     0
1365.15 -2.78e-15  5.56e-15  1210   -27     0
1366.83 -4.83e-15  4.44e-15  1210   -47     0
1368.50  6.39e-15  4.83e-15  1210    62     0
1370.18 -1.29e-15  5.75e-15  1209   -12     0
1371.86  9.60e-15  4.37e-15  1209    91     0
1373.53 -1.58e-14  6.59e-15  1209  -150     0
1375.21 -1.93e-15  6.64e-15  1208   -18     0
1376.89  5.66e-15  5.08e-15  1208    53     0
1378.56 -5.40e-15  4.39e-15  1208   -50     0
1380.24  8.54e-15  5.00e-15  1207    79     0
1381.91  4.54e-15  6.25e-15  1207    41     0
1383.59 -2.34e-15  4.34e-15  1207   -21     0
1385.27  6.10e-15  4.60e-15  1206    55     0
1386.94 -1.34e-15  6.45e-15  1206   -12     0
1388.62  7.72e-15  4.59e-15  1206    69     0
1390.30  5.22e-15  5.09e-15  1205    46     0
1391.97  5.95e-15  5.44e-15  1205    52     0
1393.65  3.05e-14  5.76e-15  1205   269     0
1395.33  1.69e-14  4.76e-15  1205   148     0
1397.00  1.50e-14  5.46e-15  1204   130     0
1398.68  1.11e-14  4.70e-15  1204    95     0
1400.35  2.47e-15  7.30e-15  1204    21     0
1402.03  1.28e-15  7.09e-15  1203    10     0
1403.71  1.04e-14  6.86e-15  1203    87     0
1405.38  1.51e-14  5.39e-15  1203   127     0
1407.06  9.28e-15  5.10e-15  1203    77     0
1408.74 -4.73e-15  4.66e-15  1202   -39     0
1410.41  9.41e-15  4.84e-15  1202    77     0
1412.09  4.89e-15  6.24e-15  1202    39     0
1413.77 -8.52e-15  8.47e-15  1201   -69     0
1415.44  1.71e-14  5.12e-15  1201   135     0
1417.12 -4.56e-15  4.88e-15  1201   -35     0
1418.79  3.89e-15  4.94e-15  1201    30     0
1420.47  7.21e-15  4.86e-15  1200    57     0
1422.15  4.51e-15  5.35e-15  1200    35     0
1423.82 -4.51e-15  6.42e-15  1200   -35     0
1425.50  1.42e-15  4.97e-15  1199    10     0
1427.18 -1.49e-14  7.29e-15  1199  -113     0
1428.85  4.89e-15  5.48e-15  1199    37     0
1430.53  7.84e-15  5.12e-15  1199    59     0
1432.20  4.76e-17  6.69e-15  1198     0     0
1433.88  8.00e-15  6.09e-15  1198    59     0
1435.56  1.23e-14  5.53e-15  1198    92     0
1437.23  8.03e-15  5.13e-15  1198    60     0
1438.91 -2.39e-19  5.02e-15  1197     0     0
1440.59  9.65e-15  5.26e-15  1197    70     0
1442.26  1.13e-14  7.26e-15  1197    81     0
1443.94  9.26e-15  7.69e-15  1196    66     0
1445.62  2.02e-14  5.95e-15  1196   145     0
1447.29  3.91e-15  6.24e-15  1196    28     0
1448.97 -6.08e-16  5.25e-15  1196    -4     0
1450.64  6.71e-15  5.62e-15  1195    47     0
1452.32 -1.05e-14  7.89e-15  1195   -73     0
1454.00  2.27e-15  7.68e-15  1195    15     0
1455.67  7.60e-15  6.14e-15  1195    52     0
1457.35  5.19e-15  5.58e-15  1194    35     0
1459.03 -4.54e-15  5.52e-15  1194   -31     0
1460.70  3.91e-15  5.42e-15  1194    26     0
1462.38  4.27e-15  5.46e-15  1194    28     0
1464.06  1.30e-14  5.99e-15  1193    87     0
1465.73  8.10e-15  5.40e-15  1193    55     0
1467.41  7.20e-15  5.55e-15  1193    49     0
1469.08  1.23e-14  5.48e-15  1192    83     0
1470.76 -2.16e-15  5.25e-15  1192   -14     0
1472.44 -4.29e-15  5.29e-15  1192   -29     0
1474.11 -6.08e-15  5.26e-15  1192   -41     0
1475.79 -9.85e-16  5.25e-15  1191    -6     0
1477.47 -2.17e-15  5.25e-15  1191   -14     0
1479.14 -7.96e-15  5.25e-15  1191   -54     0
1480.82  1.10e-15  5.41e-15  1191     7     0
1482.50  5.90e-15  5.36e-15  1190    39     0
1484.17 -2.45e-17  5.28e-15  1190     0     0
1485.85 -2.20e-15  5.47e-15  1190   -14     0
1487.52  5.59e-15  5.41e-15  1189    36     0
1489.20  8.05e-15  6.51e-15  1189    53     0
1490.88  1.67e-14  5.56e-15  1189   111     0
1492.55  5.92e-15  5.42e-15  1189    39     0
1494.23  1.22e-14  5.48e-15  1188    80     0
1495.91  6.74e-15  5.47e-15  1188    43     0
1497.58  8.62e-15  5.61e-15  1188    55     0
1499.26  5.45e-15  8.51e-15  1187    35     0
1500.93  1.76e-14  5.98e-15  1187   112     0
1502.61  4.29e-15  5.52e-15  1187    27     0
1504.29  2.35e-15  6.84e-15  1187    14     0
1505.96  8.87e-15  5.63e-15  1186    55     0
1507.64 -1.05e-14  5.53e-15  1186   -65     0
1509.32  6.81e-15  5.63e-15  1186    42     0
1510.99 -6.73e-16  5.49e-15  1185    -4     0
1512.67 -6.95e-15  8.17e-15  1185   -43     0
1514.35  1.33e-14  5.69e-15  1185    82     0
1516.02  3.53e-15  5.54e-15  1184    21     0
1517.70 -2.15e-15  5.51e-15  1184   -13     0
1519.37 -6.46e-15  6.13e-15  1184   -39     0
1521.05  4.37e-15  7.00e-15  1184    26     0
1522.73 -2.36e-15  7.59e-15  1183   -14     0
1524.40  1.40e-15  5.56e-15  1183     8     0
1526.08  7.19e-15  5.95e-15  1183    43     0
1527.76 -2.46e-15  5.57e-15  1182   -14     0
1529.43  3.57e-15  5.76e-15  1182    21     0
1531.11  1.19e-14  5.80e-15  1182    70     0
1532.79  9.61e-15  6.99e-15  1181    57     0
1534.46  1.11e-14  5.77e-15  1181    65     0
1536.14  1.18e-14  6.34e-15  1181    69     0
1537.81  9.30e-15  5.74e-15  1180    54     0
1539.49  1.93e-14  5.90e-15  1180   113     0
1541.17  2.68e-14  6.00e-15  1180   157     0
1542.84  2.03e-14  6.82e-15  1179   119     0
1544.52  2.83e-14  7.78e-15  1179   167     0
1546.20  4.28e-14  1.15e-14  1179   252     0
1547.87  7.70e-14  1.19e-14  1178   453     0
1549.55  7.22e-14  1.51e-14  1178   426     0
1551.22  4.08e-14  1.02e-14  1178   243     0
1552.90  2.90e-14  6.00e-15  1177   172     0
1554.58  1.14e-14  5.61e-15  1177    67     0
1556.25  1.26e-14  5.64e-15  1177    75     0
1557.93  8.44e-15  5.55e-15  1176    50     0
1559.61  1.15e-14  5.97e-15  1176    68     0
1561.28  2.10e-16  5.43e-15  1176     1     0
1562.96  4.60e-15  5.63e-15  1175    27     0
1564.64  6.86e-15  5.49e-15  1175    40     0
1566.31  6.43e-15  5.55e-15  1175    37     0
1567.99  1.45e-14  5.64e-15  1174    85     0
1569.66  5.59e-15  5.50e-15  1174    32     0
1571.34 -1.47e-15  5.31e-15  1174    -8     0
1573.02  6.14e-15  5.57e-15  1173    36     0
1574.69 -2.02e-15  5.70e-15  1173   -12     0
1576.37 -2.98e-15  5.22e-15  1173   -18     0
1578.05 -4.29e-15  5.63e-15  1172   -26     0
1579.72  1.31e-15  5.18e-15  1172     7     0
1581.40  1.30e-14  5.36e-15  1171    78     0
1583.08  6.73e-15  5.26e-15  1171    40     0
1584.75  1.20e-14  5.31e-15  1171    72     0
1586.43  1.41e-15  5.20e-15  1170     8     0
1588.10  5.64e-15  5.23e-15  1170    34     0
1589.78  6.26e-15  5.22e-15  1170    37     0
1591.46  8.27e-15  5.17e-15  1169    50     0
1593.13  2.58e-14  5.39e-15  1169   157     0
1594.81  1.13e-14  5.20e-15  1168    69     0
1596.49  1.15e-14  5.94e-15  1168    69     0
1598.16  1.57e-14  5.27e-15  1168    95     0
1599.84  1.25e-15  5.04e-15  1167     7     0
1601.52 -3.06e-15  5.12e-15  1167   -18     0
1603.19 -3.70e-15  5.02e-15  1167   -22     0
1604.87  3.17e-15  5.07e-15  1166    19     0
1606.54  1.02e-14  5.07e-15  1166    62     0
1608.22  5.66e-15  4.99e-15  1165    34     0
1609.90  5.86e-15  4.99e-15  1165    36     0
1611.57 -6.37e-16  4.88e-15  1165    -3     0
1613.25 -3.47e-15  4.99e-15  1164   -21     0
1614.93 -1.69e-15  4.84e-15  1164   -10     0
1616.60  5.75e-15  4.86e-15  1163    35     0
1618.28  2.81e-15  4.80e-15  1163    17     0
1619.95  2.15e-15  4.77e-15  1163    13     0
1621.63 -8.35e-17  4.78e-15  1162     0     0
1623.31 -5.55e-15  4.76e-15  1162   -34     0
1624.98  4.68e-15  4.79e-15  1161    29     0
1626.66  1.81e-15  4.83e-15  1161    11     0
1628.34  1.60e-16  4.69e-15  1161     1     0
1630.01  5.43e-15  4.65e-15  1160    35     0
1631.69  1.26e-14  4.70e-15  1160    81     0
1633.37  1.39e-14  4.90e-15  1160    90     0
1635.04  2.49e-14  5.04e-15  1159   160     0
1636.72  3.31e-14  5.09e-15  1159   213     0
1638.39  5.09e-14  8.84e-15  1158   328     0
1640.07  5.35e-14  9.22e-15  1158   347     0
1641.75  3.82e-14  5.11e-15  1158   249     0
1643.42  1.35e-14  4.83e-15  1157    88     0
1645.10  1.64e-16  4.42e-15  1157     1     0
1646.78 -8.14e-15  4.40e-15  1156   -53     0
1648.45  3.22e-15  4.40e-15  1156    21     0
1650.13  4.04e-15  4.35e-15  1156    26     0
1651.81  5.06e-15  4.44e-15  1155    33     0
1653.48  2.53e-14  5.03e-15  1155   170     0
1655.16  1.94e-14  4.97e-15  1154   129     0
1656.83  7.34e-15  5.35e-15  1154    49     0
1658.51  8.54e-15  9.06e-15  1154    57     0
1660.19  2.97e-15  4.28e-15  1153    19     0
1661.86  3.15e-15  4.24e-15  1153    21     0
1663.54  4.09e-15  4.23e-15  1153    27     0
1665.22 -2.66e-15  4.07e-15  1152   -18     0
1666.89  7.97e-15  4.13e-15  1152    55     0
1668.57  5.92e-15  4.08e-15  1151    41     0
1670.24  7.55e-15  4.13e-15  1151    52     0
1671.92  1.48e-15  4.04e-15  1151    10     0
1673.60 -9.82e-15  4.00e-15  1150   -68     0
1675.27  1.53e-15  3.99e-15  1150    10     0
1676.95 -1.48e-15  3.95e-15  1150   -10     0
1678.63  1.18e-15  3.93e-15  1149     8     0
1680.30  1.08e-15  3.87e-15  1149     7     0
1681.98  1.06e-15  3.85e-15  1149     7     0
1683.66 -7.39e-15  3.81e-15  1148   -53     0
1685.33 -5.87e-15  3.76e-15  1148   -42     0
1687.01 -2.29e-15  3.73e-15  1147   -16     0
1688.68  2.12e-15  3.72e-15  1147    15     0
1690.36  8.24e-15  3.79e-15  1147    60     0
1692.04  9.35e-16  3.68e-15  1146     6     0
1693.71 -2.67e-15  3.65e-15  1146   -19     0
1695.39  3.81e-15  3.66e-15  1146    28     0
1697.07 -6.59e-16  3.59e-15  1145    -4     0
1698.74 -8.80e-16  3.56e-15  1145    -6     0
1700.42  1.42e-15  3.54e-15  1145    10     0
1702.10  8.31e-16  3.50e-15  1144     6     0
1703.77 -4.83e-16  3.47e-15  1144    -3     0
1705.45  4.40e-15  3.46e-15  1144    34     0
1707.12  5.16e-15  3.44e-15  1144    40     0
1708.80  4.82e-15  3.41e-15  1143    38     0
1710.48  9.15e-15  3.44e-15  1143    72     0
1712.15  8.68e-15  3.40e-15  1143    69     0
1713.83  7.84e-15  3.37e-15  1142    63     0
1715.51  5.87e-15  3.33e-15  1142    47     0
1717.18  9.30e-17  3.26e-15  1142     0     0
1718.86 -1.09e-15  3.22e-15  1141    -8     0
1720.54 -1.49e-15  3.22e-15  1141   -12     0
1722.21  4.71e-15  4.75e-15  1141    38     0
1723.89  3.31e-15  3.20e-15  1141    27     0
1725.56 -3.04e-15  3.06e-15  1140   -25     0
1727.24 -1.93e-15  3.03e-15  1140   -16     0
1728.92 -7.93e-16  3.01e-15  1140    -6     0
1730.59  6.71e-15  3.07e-15  1140    57     0
1732.27  2.08e-15  3.00e-15  1139    18     0
1733.95  3.21e-15  3.05e-15  1139    28     0
1735.62  4.71e-15  2.97e-15  1139    41     0
1737.30  5.06e-15  2.95e-15  1139    44     0
1738.97  8.93e-15  2.97e-15  1138    79     0
1740.65  8.94e-15  3.38e-15  1138    78     0
1742.33  8.54e-15  2.96e-15  1138    75     0
1744.00  8.87e-15  4.76e-15  1138    79     0
1745.68  7.91e-15  3.66e-15  1138    71     0
1747.36  7.73e-15  2.87e-15  1137    70     0
1749.03  8.47e-15  2.85e-15  1137    77     0
1750.71  9.11e-15  2.85e-15  1137    83     0
1752.39  5.07e-15  2.79e-15  1137    46     0
1754.06  4.96e-15  2.77e-15  1137    45     0
1755.74  4.75e-15  2.72e-15  1136    44     0
1757.41  7.97e-15  2.73e-15  1136    75     0
1759.09  6.50e-15  2.69e-15  1136    61     0
1760.77  7.38e-16  2.62e-15  1136     7     0
1762.44  9.59e-16  2.60e-15  1136     9     0
1764.12  2.40e-15  2.60e-15  1136    23     0
1765.80  1.07e-15  2.59e-15  1136    10     0
1767.47 -5.91e-16  2.57e-15  1135    -5     0
1769.15 -1.58e-15  2.55e-15  1135   -15     0
1770.83  9.52e-16  2.55e-15  1135     9     0
1772.50  3.46e-15  2.56e-15  1135    33     0
1774.18 -7.00e-16  2.51e-15  1135    -6     0
1775.85  2.71e-15  2.51e-15  1135    26     0
1777.53  3.65e-15  2.50e-15  1135    36     0
1779.21  1.49e-15  2.46e-15  1135    14     0
1780.88  2.61e-15  2.57e-15  1135    26     0
1782.56  5.15e-15  2.64e-15  1135    51     0
1784.24  5.51e-15  2.70e-15  1134    55     0
1785.91  2.66e-15  2.84e-15  1134    26     0
1787.59  3.85e-17  2.72e-15  1134     0     0
1789.26  6.50e-16  2.86e-15  1134     6     0
1790.94  4.53e-15  2.52e-15  1134    45     0
1792.62  8.46e-15  2.43e-15  1134    86     0
1794.29  4.59e-15  2.38e-15  1134    46     0
1795.97 -7.21e-16  2.33e-15  1134    -7     0
1797.65  9.18e-16  2.32e-15  1134     9     0
1799.32 -3.68e-16  2.31e-15  1134    -3     0
1801.00  5.52e-15  2.34e-15  1134    57     0
1802.68  5.24e-15  2.33e-15  1134    54     0
1804.35  7.24e-15  2.34e-15  1134    75     0
1806.03  7.78e-15  2.30e-15  1134    81     0
1807.70  8.18e-15  2.80e-15  1134    86     0
1809.38  9.98e-15  3.41e-15  1134   105     0
1811.06  1.08e-14  2.61e-15  1134   114     0
1812.73  1.42e-14  2.50e-15  1135   149     0
1814.41  1.60e-14  2.66e-15  1135   168     0
1816.09  2.09e-14  2.57e-15  1135   222     0
1817.76  1.58e-14  2.31e-15  1135   167     0
1819.44  8.84e-15  2.25e-15  1135    94     0
1821.12  5.12e-15  2.19e-15  1135    55     0
1822.79  1.66e-15  2.16e-15  1135    17     0
1824.47 -1.15e-15  2.14e-15  1135   -12     0
1826.14 -3.89e-16  2.11e-15  1135    -4     0
1827.82 -1.01e-15  2.11e-15  1135   -11     0
1829.50  8.99e-16  2.11e-15  1136     9     0
1831.17  1.64e-15  2.16e-15  1136    17     0
1832.85  3.41e-15  2.17e-15  1136    36     0
1834.53  4.43e-15  2.18e-15  1136    47     0
1836.20  3.99e-15  2.16e-15  1136    42     0
1837.88  5.19e-15  2.16e-15  1136    55     0
1839.55  3.39e-15  2.14e-15  1137    36     0
1841.23  6.40e-15  2.16e-15  1137    68     0
1842.91  7.10e-15  2.16e-15  1137    76     0
1844.58  5.82e-15  2.15e-15  1137    62     0
1846.26  9.78e-16  2.14e-15  1137    10     0
1847.94 -1.17e-15  2.12e-15  1138   -12     0
1849.61  1.75e-15  2.13e-15  1138    18     0
1851.29  4.41e-15  2.12e-15  1138    47     0
1852.97  5.15e-15  2.12e-15  1138    55     0
1854.64  5.65e-15  2.13e-15  1138    60     0
1856.32  4.17e-15  2.12e-15  1139    44     0
1857.99  3.81e-15  2.12e-15  1139    40     0
1859.67  3.89e-15  2.11e-15  1139    41     0
1861.35  6.44e-15  2.15e-15  1139    67     0
1863.02  6.47e-15  2.15e-15  1140    68     0
1864.70  1.99e-15  2.11e-15  1140    20     0
1866.38  1.25e-15  2.07e-15  1140    13     0
1868.05  5.88e-16  2.06e-15  1141     6     0
1869.73 -6.10e-16  2.06e-15  1141    -6     0
1871.41 -4.97e-16  2.06e-15  1141    -5     0
1873.08 -2.70e-16  2.06e-15  1141    -2     0
1874.76 -1.01e-15  2.06e-15  1142   -10     0
1876.43 -3.18e-16  2.07e-15  1142    -3     0
1878.11  2.35e-15  2.08e-15  1142    24     0
1879.79  3.38e-15  2.09e-15  1143    35     0
1881.46  4.18e-15  2.10e-15  1143    43     0
1883.14  3.60e-15  2.10e-15  1143    37     0
1884.82  1.87e-15  2.09e-15  1144    19     0
1886.49  2.20e-15  2.08e-15  1144    22     0
1888.17  4.42e-16  2.07e-15  1144     4     0
1889.85  2.53e-15  2.09e-15  1145    26     0
1891.52  4.06e-15  2.11e-15  1145    41     0
1893.20  5.80e-15  2.12e-15  1145    59     0
1894.87  4.96e-15  2.12e-15  1146    50     0
1896.55  4.57e-15  2.11e-15  1146    46     0
1898.23  5.85e-15  2.12e-15  1146    59     0
1899.90  6.00e-15  2.12e-15  1147    61     0
1901.58  4.75e-15  2.11e-15  1147    48     0
1903.26  1.84e-15  2.09e-15  1147    18     0
1904.93 -4.97e-16  2.07e-15  1148    -5     0
1906.61  1.77e-15  2.10e-15  1148    17     0
1908.28  3.13e-15  2.11e-15  1149    31     0
1909.96  4.47e-15  2.12e-15  1149    44     0
1911.64  3.72e-15  2.20e-15  1149    37     0
1913.31  5.15e-16  2.22e-15  1150     5     0
1914.99 -4.58e-16  2.28e-15  1150    -4     0
1916.67  1.81e-15  2.45e-15  1150    18     0
1918.34  4.18e-15  2.40e-15  1151    42     0
1920.02  3.73e-15  2.40e-15  1151    38     0
1921.70  2.42e-15  2.26e-15  1151    24     0
1923.37  9.90e-16  2.08e-15  1152    10     0
1925.05  5.73e-15  2.09e-15  1152    57     0
1926.72  1.00e-14  3.36e-15  1152   101     0
1928.40  1.15e-14  2.72e-15  1153   116     0
1930.08  1.17e-14  2.21e-15  1153   118     0
1931.75  9.69e-15  2.11e-15  1153    98     0
1933.43  8.10e-15  2.11e-15  1154    82     0
1935.11  3.98e-15  2.03e-15  1154    40     0
1936.78  1.58e-15  2.00e-15  1154    16     0
1938.46  1.50e-15  2.00e-15  1155    15     0
1940.14  1.52e-15  1.99e-15  1155    15     0
1941.81  1.60e-15  1.98e-15  1155    16     0
1943.49  1.00e-15  1.96e-15  1156    10     0
1945.16  7.33e-16  1.97e-15  1156     7     0
1946.84  6.98e-16  1.96e-15  1156     7     0
1948.52  7.32e-16  1.95e-15  1157     7     0
1950.19  2.62e-15  1.93e-15  1157    27     0
1951.87  3.18e-15  1.93e-15  1157    33     0
1953.55  1.66e-15  1.91e-15  1157    17     0
1955.22 -3.39e-16  1.90e-15  1158    -3     0
1956.90  2.19e-16  1.89e-15  1158     2     0
1958.57  3.90e-15  1.93e-15  1158    41     0
1960.25  7.18e-15  3.01e-15  1158    75     0
1961.93  5.92e-15  2.48e-15  1158    62     0
1963.60  3.23e-15  1.90e-15  1159    34     0
1965.28 -4.90e-16  1.87e-15  1159    -5     0
1966.96 -9.70e-16  1.87e-15  1159   -10     0
1968.63  2.95e-15  1.89e-15  1159    31     0
1970.31  4.68e-15  1.91e-15  1159    49     0
1971.99  4.05e-15  1.91e-15  1159    42     0
1973.66  6.15e-15  2.00e-15  1159    63     0
1975.34  1.11e-14  1.98e-15  1159   114     0
1977.01  1.25e-14  2.00e-15  1159   127     0
1978.69  1.01e-14  2.03e-15  1160   102     0
