NOT ORIGINAL IUE PROJECT DATA PRODUCT
SWP09699LOWLARGE
HD  197481
20:42:04
-31:31:05
52
X-TRAIL
NO
22900.184
04/08/80
22:26:55
217
16.90
26/03/97
VILSPA
2444456.43536
69
37
1150.58 -9.14e-15  1.52e-14   705   -24     0
1152.26  2.32e-15  1.43e-14   705     6     0
1153.93 -6.56e-15  1.34e-14   705   -19     0
1155.61 -1.16e-14  1.31e-14   705   -35     0
1157.29  5.52e-15  1.22e-14   705    18     0
1158.96 -1.69e-14  1.20e-14   705   -60     0
1160.64  4.14e-15  1.06e-14   705    15     0
1162.31  2.45e-14  1.67e-14   705    98     0
1163.99  8.71e-15  9.27e-15   705    37     0
1165.67  3.10e-15  8.76e-15   705    14     0
1167.34  1.49e-15  8.16e-15   705     7     0
1169.02 -6.64e-15  7.61e-15   705   -34     0
1170.70  1.32e-14  9.23e-15   705    73     0
1172.37  6.28e-16  6.63e-15   705     3     0
1174.05  3.50e-14  6.86e-15   705   220     0
1175.73  3.94e-15  6.31e-15   705    26     0
1177.40  2.36e-15  5.55e-15   704    16     0
1179.08  3.50e-15  5.25e-15   704    26     0
1180.75  3.48e-15  5.80e-15   704    26     0
1182.43  1.37e-14  4.94e-15   704   111     0
1184.11  2.27e-14  5.87e-15   704   194     0
1185.78  1.91e-15  4.39e-15   704    17     0
1187.46 -6.90e-15  4.37e-15   704   -66 -4096
1189.14  1.38e-14  4.53e-15   704   139 -4096
1190.81  1.58e-15  5.24e-15   704    16 -4096
1192.49  1.12e-15  3.96e-15   703    11     0
1194.17  4.38e-15  4.19e-15   703    48     0
1195.84  6.00e-15  4.08e-15   703    67     0
1197.52  1.65e-14  3.50e-15   703   192     0
1199.19  1.41e-14  3.36e-15   703   169     0
1200.87  1.35e-14  3.32e-15   703   164     0
1202.55  1.81e-14  4.78e-15   703   227     0
1204.22  2.58e-14  6.70e-15   702   334     0
1205.90  6.93e-14  1.45e-14   702   933     0
1207.58  1.26e-13  2.60e-14   702  1746     0
1209.25  2.52e-13  4.88e-14   702  3581     0
1210.93  7.63e-14  3.65e-14   702  1099 -1280
1212.60  1.62e-13  6.28e-14   702  2389 -1280
1214.28  1.28e-13  5.53e-14   701  1942 -1280
1215.96  1.13e-13  4.41e-14   701  1753 -1280
1217.63  1.44e-13  5.00e-14   701  2283 -1280
1219.31  1.89e-13  4.42e-14   701  3056     0
1220.99  1.02e-13  2.16e-14   701  1668     0
1222.66  3.85e-14  9.20e-15   700   644     0
1224.34  7.88e-15  2.35e-15   700   134     0
1226.02  9.57e-16  3.38e-15   700    16     0
1227.69  1.03e-15  2.39e-15   700    18     0
1229.37  5.49e-15  2.14e-15   700    98     0
1231.04  4.47e-15  2.05e-15   700    81     0
1232.72  2.31e-15  2.31e-15   699    42     0
1234.40 -2.24e-15  2.94e-15   699   -41     0
1236.07  5.62e-15  1.99e-15   699   106     0
1237.75  1.36e-16  1.86e-15   699     2     0
1239.43  8.16e-15  2.43e-15   699   158     0
1241.10  4.06e-15  2.46e-15   698    78     0
1242.78  4.39e-15  1.89e-15   698    85     0
1244.46  1.44e-15  2.32e-15   698    28     0
1246.13  3.56e-15  1.81e-15   698    71     0
1247.81  4.41e-15  1.80e-15   698    89     0
1249.48 -3.63e-16  1.73e-15   698    -7     0
1251.16  4.11e-15  1.80e-15   697    83     0
1252.84 -2.80e-15  1.72e-15   697   -57     0
1254.51  8.66e-16  2.16e-15   697    17     0
1256.19  1.33e-15  1.71e-15   697    27     0
1257.87 -1.29e-15  1.72e-15   697   -26     0
1259.54  5.23e-15  1.77e-15   696   109     0
1261.22  3.47e-15  1.70e-15   696    73     0
1262.89  9.07e-16  1.64e-15   696    19     0
1264.57 -4.84e-15  1.63e-15   696  -102     0
1266.25  2.70e-15  1.67e-15   696    57     0
1267.92  1.89e-15  2.63e-15   695    40     0
1269.60  6.26e-16  2.17e-15   695    13     0
1271.28 -9.52e-16  1.76e-15   695   -20     0
1272.95  3.53e-16  1.69e-15   695     7     0
1274.63  1.85e-16  1.68e-15   695     3     0
1276.31  2.05e-15  1.59e-15   695    44     0
1277.98  3.17e-15  1.70e-15   694    69     0
1279.66  1.86e-15  1.57e-15   694    40     0
1281.33  1.20e-15  2.15e-15   694    26     0
1283.01 -2.94e-16  2.15e-15   694    -6     0
1284.69 -3.54e-16  1.53e-15   694    -7     0
1286.36  4.95e-15  1.60e-15   694   109     0
1288.04  2.98e-15  1.60e-15   693    66     0
1289.72  2.26e-15  1.77e-15   693    50     0
1291.39  1.68e-15  1.61e-15   693    37     0
1293.07 -1.78e-15  1.51e-15   693   -39     0
1294.75 -1.27e-15  1.67e-15   693   -28     0
1296.42  3.31e-15  1.57e-15   693    73     0
1298.10  1.72e-15  1.52e-15   692    38     0
1299.77 -6.60e-16  2.51e-15   692   -14     0
1301.45  7.32e-15  2.56e-15   692   160     0
1303.13  7.79e-15  2.98e-15   692   171     0
1304.80  5.83e-15  4.00e-15   692   127     0
1306.48  7.95e-15  1.76e-15   692   176     0
1308.16  5.84e-15  2.13e-15   691   129     0
1309.83 -5.53e-15  1.47e-15   691  -122     0
1311.51  3.63e-15  1.59e-15   691    79     0
1313.19  3.87e-16  2.24e-15   691     8     0
1314.86  6.04e-16  1.55e-15   691    13     0
1316.54  2.65e-15  2.14e-15   691    58     0
1318.21  2.07e-15  1.59e-15   690    45     0
1319.89 -2.39e-15  1.64e-15   690   -52 -4096
1321.57  1.46e-15  1.92e-15   690    32 -4096
1323.24 -2.96e-15  2.33e-15   690   -64     0
1324.92 -3.85e-15  2.09e-15   690   -84     0
1326.60  2.32e-15  1.49e-15   690    50     0
1328.27  4.67e-15  1.58e-15   690   101     0
1329.95 -2.86e-17  1.46e-15   689     0     0
1331.62  8.06e-15  2.60e-15   689   177     0
1333.30  1.30e-14  3.80e-15   689   285     0
1334.98  1.47e-14  4.45e-15   689   323     0
1336.65  1.41e-14  2.98e-15   689   300     0
1338.33  7.46e-15  2.06e-15   689   157     0
1340.01  1.06e-15  2.68e-15   688    22     0
1341.68  7.70e-15  5.61e-15   688   162     0
1343.36  1.08e-14  7.77e-15   688   227     0
1345.04  6.06e-15  7.32e-15   688   127     0
1346.71  5.23e-15  3.90e-15   688   109     0
1348.39  2.02e-15  1.51e-15   688    42     0
1350.06  3.69e-15  1.59e-15   688    75     0
1351.74 -6.42e-15  1.97e-15   687  -131     0
1353.42  4.16e-15  1.72e-15   687    84     0
1355.09 -8.51e-16  1.74e-15   687   -17     0
1356.77  2.76e-15  1.64e-15   687    55     0
1358.45  2.49e-15  1.56e-15   687    49     0
1360.12 -1.97e-15  1.60e-15   687   -39     0
1361.80  2.27e-15  1.56e-15   686    45     0
1363.48  3.07e-15  1.64e-15   686    60     0
1365.15  2.25e-16  2.20e-15   686     4     0
1366.83 -3.51e-15  1.56e-15   686   -69     0
1368.50  9.18e-17  1.58e-15   686     1     0
1370.18 -2.27e-15  1.56e-15   686   -43     0
1371.86  1.14e-15  1.66e-15   685    21     0
1373.53 -5.69e-15  1.60e-15   685  -108     0
1375.21 -6.69e-16  1.57e-15   685   -12     0
1376.89  5.80e-15  2.32e-15   685   110     0
1378.56 -1.03e-15  1.70e-15   685   -19     0
1380.24  4.27e-15  2.29e-15   685    80     0
1381.91 -1.38e-15  2.42e-15   684   -25     0
1383.59  2.30e-15  1.61e-15   684    42     0
1385.27  1.46e-16  1.60e-15   684     2     0
1386.94 -1.89e-15  1.92e-15   684   -34     0
1388.62  1.38e-15  1.63e-15   684    25     0
1390.30  1.89e-15  1.71e-15   684    34     0
1391.97  2.36e-15  1.77e-15   683    42     0
1393.65  1.32e-14  2.40e-15   683   236     0
1395.33  4.16e-15  2.85e-15   683    73     0
1397.00  3.46e-15  2.00e-15   683    61     0
1398.68  7.10e-15  2.43e-15   683   124     0
1400.35  6.50e-15  2.81e-15   682   113     0
1402.03  4.39e-15  2.27e-15   682    75     0
1403.71  3.00e-15  1.81e-15   682    51     0
1405.38  2.90e-15  2.52e-15   682    49     0
1407.06  3.57e-15  2.52e-15   682    60     0
1408.74  3.46e-15  2.65e-15   681    58     0
1410.41  6.90e-15  2.65e-15   681   116     0
1412.09  2.25e-15  1.89e-15   681    37     0
1413.77 -2.56e-15  1.82e-15   681   -42     0
1415.44  3.07e-15  1.77e-15   681    50     0
1417.12  5.60e-16  1.81e-15   680     9     0
1418.79 -7.91e-16  1.76e-15   680   -12     0
1420.47  3.34e-16  1.81e-15   680     5     0
1422.15  1.76e-15  2.25e-15   680    28     0
1423.82  3.49e-16  1.99e-15   680     5     0
1425.50  4.86e-15  1.85e-15   679    76     0
1427.18 -3.60e-15  2.80e-15   679   -56     0
1428.85  9.05e-15  3.00e-15   679   141     0
1430.53  6.54e-15  1.88e-15   679   102     0
1432.20  2.83e-15  1.92e-15   678    44     0
1433.88  2.86e-15  2.02e-15   678    44     0
1435.56  9.94e-15  2.26e-15   678   151     0
1437.23  4.36e-15  1.90e-15   678    66     0
1438.91 -5.56e-17  1.84e-15   677     0     0
1440.59 -1.75e-15  2.08e-15   677   -26     0
1442.26 -5.86e-16  1.89e-15   677    -8     0
1443.94  4.77e-16  2.10e-15   677     7     0
1445.62  6.83e-15  1.95e-15   676   101     0
1447.29  3.18e-15  1.95e-15   676    47     0
1448.97 -3.38e-15  2.40e-15   676   -49     0
1450.64  3.84e-15  2.09e-15   676    55     0
1452.32  2.14e-15  1.89e-15   675    30     0
1454.00  1.63e-15  3.32e-15   675    23     0
1455.67  1.99e-15  1.89e-15   675    28     0
1457.35 -7.64e-16  1.85e-15   674   -11     0
1459.03 -2.38e-15  1.86e-15   674   -34     0
1460.70  1.77e-15  1.92e-15   674    25     0
1462.38 -4.23e-16  1.95e-15   673    -5     0
1464.06  5.17e-16  2.32e-15   673     7     0
1465.73 -4.99e-16  1.86e-15   673    -7     0
1467.41  8.33e-16  1.86e-15   673    11     0
1469.08  4.29e-15  1.93e-15   672    60     0
1470.76 -5.99e-17  1.87e-15   672     0     0
1472.44  5.22e-15  2.26e-15   672    73     0
1474.11  2.27e-15  2.30e-15   671    31     0
1475.79 -2.29e-19  1.88e-15   671     0     0
1477.47  2.64e-15  1.91e-15   671    36     0
1479.14  1.77e-15  2.04e-15   670    24     0
1480.82  2.49e-15  1.88e-15   670    34     0
1482.50  2.51e-17  1.85e-15   670     0     0
1484.17 -3.14e-15  2.25e-15   669   -43     0
1485.85 -9.10e-16  1.87e-15   669   -12     0
1487.52  3.75e-15  2.52e-15   668    51     0
1489.20 -2.96e-15  2.06e-15   668   -40     0
1490.88  5.84e-15  1.95e-15   668    80     0
1492.55  1.90e-15  1.88e-15   667    26     0
1494.23  1.98e-15  1.89e-15   667    27     0
1495.91 -3.45e-16  1.87e-15   667    -4     0
1497.58  1.96e-15  2.04e-15   666    26     0
1499.26 -1.98e-15  1.96e-15   666   -26     0
1500.93  3.10e-16  1.90e-15   665     4     0
1502.61 -4.21e-18  1.90e-15   665     0     0
1504.29 -1.56e-15  1.98e-15   665   -20     0
1505.96  2.80e-15  1.96e-15   664    36     0
1507.64 -1.43e-15  2.29e-15   664   -18     0
1509.32  2.97e-15  2.21e-15   663    38     0
1510.99  3.39e-15  2.54e-15   663    44     0
1512.67 -1.83e-15  3.41e-15   662   -23     0
1514.35  2.28e-15  2.81e-15   662    29     0
1516.02 -3.50e-16  1.92e-15   662    -4     0
1517.70 -1.83e-16  1.98e-15   661    -2     0
1519.37 -1.67e-15  1.93e-15   661   -21     0
1521.05  4.07e-16  2.60e-15   660     5     0
1522.73 -1.83e-15  2.21e-15   660   -23     0
1524.40 -2.06e-16  1.92e-15   659    -2     0
1526.08  7.85e-15  4.98e-15   659    99     0
1527.76  2.16e-15  2.67e-15   658    27     0
1529.43 -4.17e-15  1.93e-15   658   -52     0
1531.11  2.90e-15  2.03e-15   657    36     0
1532.79  4.05e-15  2.66e-15   657    50     0
1534.46 -1.06e-15  1.94e-15   656   -13     0
1536.14  1.23e-15  2.17e-15   656    15     0
1537.81  1.08e-16  2.36e-15   655     1     0
1539.49  1.68e-15  2.35e-15   655    20     0
1541.17  3.22e-15  1.99e-15   654    39     0
1542.84  3.93e-15  2.39e-15   654    48     0
1544.52  9.49e-15  4.10e-15   653   117     0
1546.20  1.79e-14  5.66e-15   653   222     0
1547.87  2.82e-14  8.19e-15   652   351     0
1549.55  2.53e-14  7.62e-15   652   315     0
1551.22  7.07e-15  4.27e-15   651    88     0
1552.90  4.82e-15  1.97e-15   651    60     0
1554.58 -5.81e-15  2.40e-15   650   -72     0
1556.25 -2.90e-15  1.93e-15   650   -36     0
1557.93  4.02e-15  2.01e-15   649    49     0
1559.61  1.70e-15  2.01e-15   649    21     0
1561.28 -2.98e-15  1.86e-15   648   -37     0
1562.96 -2.23e-16  1.91e-15   648    -2     0
1564.64  1.70e-15  1.86e-15   647    21     0
1566.31 -1.97e-16  1.83e-15   647    -2     0
1567.99 -7.45e-16  1.83e-15   646    -9     0
1569.66  2.16e-15  1.85e-15   645    27     0
1571.34 -1.47e-15  1.97e-15   645   -18     0
1573.02  2.50e-15  1.85e-15   644    31     0
1574.69 -5.70e-15  1.84e-15   644   -71     0
1576.37 -4.32e-15  1.80e-15   643   -54     0
1578.05  5.10e-15  1.87e-15   643    64     0
1579.72  1.21e-15  1.79e-15   642    15     0
1581.40  3.46e-15  2.05e-15   641    43     0
1583.08 -1.89e-15  1.78e-15   641   -23     0
1584.75 -2.66e-15  1.90e-15   640   -33     0
1586.43 -2.19e-15  1.78e-15   640   -27     0
1588.10  2.53e-15  1.81e-15   639    31     0
1589.78 -2.97e-16  1.77e-15   638    -3     0
1591.46 -3.63e-16  1.75e-15   638    -4     0
1593.13  1.08e-15  1.95e-15   637    13     0
1594.81  1.70e-16  2.54e-15   637     2     0
1596.49 -5.17e-16  2.56e-15   636    -6     0
1598.16 -1.58e-15  1.74e-15   635   -20     0
1599.84  3.27e-15  1.78e-15   635    41     0
1601.52  7.63e-15  1.89e-15   634    98     0
1603.19  2.63e-15  2.47e-15   634    33     0
1604.87  1.50e-15  1.71e-15   633    19     0
1606.54 -3.72e-16  1.69e-15   632    -4     0
1608.22  3.33e-15  2.37e-15   632    43     0
1609.90  4.83e-15  1.74e-15   631    62     0
1611.57  6.81e-15  1.75e-15   631    89     0
1613.25  1.24e-15  1.65e-15   630    16     0
1614.93  2.07e-15  1.81e-15   629    27     0
1616.60  5.01e-15  1.78e-15   629    64     0
1618.28  3.15e-15  1.69e-15   628    40     0
1619.95  2.94e-15  1.68e-15   627    38     0
1621.63 -1.02e-15  1.62e-15   627   -13     0
1623.31 -6.99e-16  1.61e-15   626    -9     0
1624.98  4.12e-15  1.66e-15   625    54     0
1626.66  4.82e-15  1.71e-15   625    63     0
1628.34  2.27e-15  1.65e-15   624    30     0
1630.01  4.69e-15  1.99e-15   624    63     0
1631.69  3.41e-15  1.60e-15   623    46     0
1633.37  3.59e-15  1.64e-15   622    48     0
1635.04  7.38e-15  2.16e-15   622    98     0
1636.72  1.13e-14  3.92e-15   621   152     0
1638.39  1.74e-14  5.29e-15   620   234     0
1640.07  2.21e-14  4.43e-15   620   299     0
1641.75  2.26e-14  4.87e-15   619   306     0
1643.42  5.86e-15  1.87e-15   619    79     0
1645.10  1.76e-15  1.52e-15   618    24     0
1646.78 -3.08e-15  1.51e-15   617   -42     0
1648.45  2.41e-15  1.52e-15   617    33     0
1650.13  1.56e-15  1.49e-15   616    21     0
1651.81  4.86e-15  1.54e-15   615    67     0
1653.48  1.05e-14  2.96e-15   615   146     0
1655.16  9.88e-15  3.07e-15   614   139     0
1656.83  7.01e-15  3.31e-15   614    99     0
1658.51  8.14e-15  3.58e-15   613   115     0
1660.19  6.11e-15  2.35e-15   612    87     0
1661.86  3.07e-15  1.67e-15   612    44     0
1663.54  5.22e-15  1.47e-15   611    75     0
1665.22  3.45e-15  1.44e-15   611    49     0
1666.89  4.82e-15  1.45e-15   610    69     0
1668.57  3.73e-15  1.42e-15   609    54     0
1670.24  4.35e-15  1.58e-15   609    62     0
1671.92  4.15e-15  1.45e-15   608    60     0
1673.60 -3.62e-16  1.43e-15   608    -5     0
1675.27  3.21e-15  1.39e-15   607    47     0
1676.95  1.47e-15  1.35e-15   606    21     0
1678.63  1.77e-15  1.34e-15   606    26     0
1680.30  3.46e-15  1.35e-15   605    52     0
1681.98  3.21e-15  1.34e-15   605    48     0
1683.66  2.07e-15  1.30e-15   604    31     0
1685.33  6.57e-16  1.27e-15   603    10     0
1687.01  4.17e-16  1.26e-15   603     6     0
1688.68  1.65e-15  1.27e-15   602    25     0
1690.36  1.66e-15  1.27e-15   602    25     0
1692.04  3.03e-15  1.28e-15   601    46     0
1693.71  1.34e-15  1.24e-15   601    20     0
1695.39  2.67e-15  1.25e-15   600    42     0
1697.07  2.93e-15  1.24e-15   600    46     0
1698.74  6.80e-16  1.22e-15   599    10     0
1700.42  1.36e-15  1.20e-15   599    21     0
1702.10  1.05e-15  1.19e-15   598    16     0
1703.77  8.18e-16  1.17e-15   598    13     0
1705.45 -1.49e-15  1.16e-15   597   -24     0
1707.12  3.94e-16  1.15e-15   597     6     0
1708.80 -1.25e-15  1.14e-15   596   -20     0
1710.48 -2.79e-17  1.13e-15   596     0     0
1712.15 -1.11e-15  1.13e-15   595   -18     0
1713.83  7.45e-16  1.12e-15   595    12     0
1715.51  9.75e-16  1.11e-15   594    16     0
1717.18  8.23e-16  1.09e-15   594    14     0
1718.86  1.23e-15  1.09e-15   593    21     0
1720.54  3.40e-17  1.07e-15   593     0     0
1722.21  5.71e-16  1.07e-15   592     9     0
1723.89  2.60e-16  1.05e-15   592     4     0
1725.56  9.23e-16  1.06e-15   591    16     0
1727.24  2.58e-16  1.04e-15   591     4     0
1728.92 -4.73e-16  1.04e-15   591    -8     0
1730.59 -4.43e-16  1.02e-15   590    -7     0
1732.27 -1.50e-15  1.00e-15   590   -27     0
1733.95 -1.25e-16  9.96e-16   589    -2     0
1735.62  2.82e-16  9.76e-16   589     5     0
1737.30  3.66e-17  9.68e-16   589     0     0
1738.97  8.29e-17  9.60e-16   588     1     0
1740.65  5.92e-16  9.63e-16   588    11     0
1742.33  2.93e-15  1.11e-15   587    54     0
1744.00  7.05e-15  2.76e-15   587   133     0
1745.68  3.37e-15  1.64e-15   587    64     0
1747.36  1.89e-15  9.55e-16   586    36     0
1749.03  1.08e-15  9.31e-16   586    20     0
1750.71  1.63e-15  9.45e-16   586    31     0
1752.39  2.54e-15  9.57e-16   586    48     0
1754.06  1.32e-15  9.28e-16   585    25     0
1755.74 -2.70e-16  9.02e-16   585    -5     0
1757.41  5.18e-16  8.94e-16   585    10     0
1759.09  1.67e-15  9.05e-16   585    33     0
1760.77  7.30e-16  8.78e-16   584    14     0
1762.44  2.72e-15  9.05e-16   584    54     0
1764.12  3.90e-15  9.16e-16   584    78     0
1765.80  1.98e-15  8.88e-16   584    39     0
1767.47  2.36e-15  8.86e-16   583    47     0
1769.15  3.26e-15  8.95e-16   583    66     0
1770.83  2.52e-15  8.76e-16   583    51     0
1772.50  3.93e-15  8.92e-16   583    80     0
1774.18  3.72e-15  9.09e-16   583    76     0
1775.85  2.33e-15  9.12e-16   583    48     0
1777.53  1.45e-15  1.01e-15   582    30     0
1779.21  2.81e-15  1.22e-15   582    59     0
1780.88  4.37e-15  1.25e-15   582    92     0
1782.56  5.45e-15  1.08e-15   582   115     0
1784.24  4.70e-15  1.18e-15   582   100 -4096
1785.91 -2.04e-16  9.46e-16   582    -4 -4096
1787.59 -1.56e-15  9.13e-16   582   -33 -4096
1789.26 -1.67e-15  8.92e-16   582   -35 -4096
1790.94  6.72e-17  8.31e-16   582     1     0
1792.62  2.38e-15  8.03e-16   582    51     0
1794.29  3.25e-15  1.40e-15   582    70     0
1795.97  2.13e-15  1.37e-15   582    45     0
1797.65  8.20e-16  8.61e-16   582    17     0
1799.32  9.51e-16  7.72e-16   582    20     0
1801.00 -2.03e-16  7.62e-16   582    -4     0
1802.68  2.91e-16  7.60e-16   582     6     0
1804.35  3.15e-15  8.12e-16   582    68     0
1806.03  3.60e-15  1.08e-15   582    79     0
1807.70  4.18e-15  1.11e-15   582    92     0
1809.38  4.03e-15  1.21e-15   582    89     0
1811.06  2.64e-15  1.43e-15   582    58     0
1812.73  5.11e-15  1.52e-15   583   113     0
1814.41  6.56e-15  2.19e-15   583   145     0
1816.09  8.69e-15  1.97e-15   583   193     0
1817.76  7.64e-15  1.81e-15   583   170     0
1819.44  5.33e-15  1.28e-15   583   119     0
1821.12  2.41e-15  8.57e-16   584    53     0
1822.79  1.66e-15  7.40e-16   584    37     0
1824.47  1.44e-15  7.34e-16   584    32     0
1826.14  9.87e-16  7.56e-16   584    22     0
1827.82  2.36e-16  7.10e-16   585     5     0
1829.50  7.77e-16  7.18e-16   585    17     0
1831.17  8.62e-16  7.21e-16   585    19     0
1832.85 -2.07e-16  7.07e-16   585    -4     0
1834.53 -3.09e-16  7.05e-16   586    -6     0
1836.20 -1.00e-15  7.04e-16   586   -22     0
1837.88 -3.08e-16  7.02e-16   587    -6     0
1839.55 -2.32e-16  7.01e-16   587    -5     0
1841.23 -2.67e-16  7.02e-16   587    -5     0
1842.91  3.99e-16  7.06e-16   588     8     0
1844.58 -1.65e-16  7.00e-16   588    -3     0
1846.26 -3.01e-16  6.99e-16   589    -6     0
1847.94  3.48e-16  7.02e-16   589     7     0
1849.61  1.13e-15  7.13e-16   590    25     0
1851.29  2.32e-15  7.22e-16   590    52     0
1852.97  2.10e-15  7.17e-16   591    47     0
1854.64  1.89e-15  7.14e-16   591    42     0
1856.32  8.02e-16  7.03e-16   592    17     0
1857.99  4.76e-16  6.98e-16   592    10     0
1859.67  2.30e-16  6.94e-16   593     5     0
1861.35  7.61e-16  6.98e-16   593    17     0
1863.02  1.82e-15  7.15e-16   594    40     0
1864.70  1.41e-15  7.09e-16   595    31     0
1866.38  5.53e-16  6.98e-16   595    12     0
1868.05  3.10e-16  6.93e-16   596     6     0
1869.73  1.08e-15  7.05e-16   597    23     0
1871.41  9.28e-16  7.02e-16   597    20     0
1873.08  8.52e-16  7.01e-16   598    18     0
1874.76  1.84e-16  6.91e-16   599     4     0
1876.43  4.16e-16  7.01e-16   599     9     0
1878.11  3.02e-16  6.99e-16   600     6     0
1879.79  6.62e-16  7.26e-16   601    14     0
1881.46  1.37e-15  7.11e-16   602    29     0
1883.14  1.76e-15  7.13e-16   602    38     0
1884.82  1.28e-15  7.08e-16   603    27     0
1886.49  1.38e-15  7.11e-16   604    30     0
1888.17  6.58e-16  7.00e-16   605    14     0
1889.85  7.43e-16  7.02e-16   606    16     0
1891.52  2.00e-15  7.24e-16   607    43     0
1893.20  2.70e-15  7.33e-16   608    58     0
1894.87  1.84e-15  7.21e-16   609    39     0
1896.55  1.85e-15  7.17e-16   609    39     0
1898.23  2.30e-15  7.25e-16   610    49     0
1899.90  1.92e-15  7.19e-16   611    41     0
1901.58  6.47e-16  6.98e-16   612    13     0
1903.26 -3.14e-17  6.91e-16   613     0     0
1904.93  8.69e-16  7.02e-16   614    18     0
1906.61  1.69e-15  7.13e-16   615    36     0
1908.28  2.04e-15  7.18e-16   616    43     0
1909.96  2.00e-15  7.18e-16   617    42     0
1911.64  1.91e-15  7.34e-16   619    40     0
1913.31  1.65e-15  7.65e-16   620    35     0
1914.99  1.18e-15  7.38e-16   621    25     0
1916.67  2.66e-15  8.17e-16   622    56 -4096
1918.34  4.13e-15  8.92e-16   623    88 -4096
1920.02  4.94e-15  9.05e-16   624   105 -4096
1921.70  4.46e-15  1.32e-15   625    94 -4096
1923.37  4.07e-15  1.04e-15   626    86     0
1925.05  3.90e-15  7.50e-16   628    82     0
1926.72  2.83e-15  7.26e-16   629    59     0
1928.40  2.62e-15  8.35e-16   630    55     0
1930.08  3.45e-15  9.76e-16   631    73     0
1931.75  2.66e-15  7.49e-16   632    56     0
1933.43  1.84e-15  7.11e-16   634    39     0
1935.11  1.79e-15  6.98e-16   635    38     0
1936.78  1.55e-15  6.93e-16   636    33     0
1938.46  2.47e-15  7.03e-16   637    53     0
1940.14  1.94e-15  6.97e-16   639    41     0
1941.81  9.32e-16  6.79e-16   640    20     0
1943.49  2.66e-16  6.66e-16   641     5     0
1945.16  5.40e-17  6.60e-16   643     1     0
1946.84  2.52e-16  6.59e-16   644     5     0
1948.52  7.08e-16  6.64e-16   645    15     0
1950.19  2.47e-16  6.49e-16   647     5     0
1951.87 -5.40e-17  6.44e-16   648    -1     0
1953.55 -2.23e-16  6.41e-16   650    -4     0
1955.22 -7.01e-16  6.41e-16   651   -15     0
1956.90 -4.93e-16  6.39e-16   652   -10     0
1958.57 -5.99e-16  6.37e-16   654   -13     0
1960.25 -2.23e-16  6.37e-16   655    -4     0
1961.93 -8.60e-18  6.35e-16   657     0     0
1963.60 -1.79e-16  6.34e-16   658    -4     0
1965.28 -3.63e-17  6.39e-16   659     0     0
1966.96  1.70e-16  6.39e-16   661     3     0
1968.63  1.85e-16  6.40e-16   662     4     0
1970.31 -1.63e-17  6.38e-16   664     0     0
1971.99 -1.02e-16  6.41e-16   665    -2     0
1973.66  1.52e-16  6.44e-16   667     3     0
1975.34  9.70e-16  6.56e-16   668    21     0
1977.01  1.40e-15  6.65e-16   670    30     0
1978.69  1.12e-15  6.78e-16   671    24     0
