NOT ORIGINAL IUE PROJECT DATA PRODUCT
SWP9695LOWLARGE
HD  197481
20:42:06
-31:31:05
48
X-TRAIL
NO
22900.184
04/08/80
06:59:49
217
16.20
16/05/96
GSFC
2444455.79154
69
40
1150.58  1.28e-14  1.61e-14   841    34     0
1152.26  1.55e-14  1.52e-14   841    43     0
1153.93 -1.34e-14  1.41e-14   841   -40     0
1155.61 -2.33e-14  1.37e-14   840   -72     0
1157.29 -5.85e-15  1.27e-14   840   -19     0
1158.96 -1.43e-14  1.23e-14   840   -51     0
1160.64 -3.01e-15  1.11e-14   839   -11     0
1162.31  8.32e-15  1.04e-14   839    33     0
1163.99  1.48e-14  9.81e-15   838    64     0
1165.67  5.10e-15  9.71e-15   838    23     0
1167.34  2.46e-14  1.02e-14   838   119     0
1169.02  4.60e-14  2.10e-14   837   239     0
1170.70  4.25e-14  1.20e-14   837   237     0
1172.37  1.09e-14  7.12e-15   836    64     0
1174.05  3.55e-14  7.50e-15   836   225     0
1175.73  1.23e-14  9.98e-15   835    81     0
1177.40  2.03e-14  8.45e-15   835   143     0
1179.08  1.44e-14  5.79e-15   834   107     0
1180.75  1.12e-14  5.44e-15   834    86     0
1182.43  3.96e-15  5.24e-15   833    32     0
1184.11  9.40e-15  5.26e-15   833    81     0
1185.78  2.25e-15  4.62e-15   832    20     0
1187.46 -1.07e-14  4.73e-15   832  -103 -4096
1189.14  4.19e-15  4.57e-15   831    42 -4096
1190.81 -5.35e-16  6.70e-15   830    -5 -4096
1192.49  1.75e-15  5.16e-15   830    18     0
1194.17  7.02e-15  4.02e-15   829    77     0
1195.84 -2.35e-15  3.54e-15   829   -26     0
1197.52  1.22e-14  3.62e-15   828   143     0
1199.19  1.56e-14  3.54e-15   828   188     0
1200.87  1.66e-14  3.53e-15   827   204     0
1202.55  1.32e-14  4.03e-15   826   166     0
1204.22  2.85e-14  6.38e-15   826   371     0
1205.90  6.80e-14  1.52e-14   825   922     0
1207.58  1.40e-13  2.58e-14   825  1954     0
1209.25  2.34e-13  4.67e-14   824  3350     0
1210.93  1.84e-13  5.81e-14   823  2675 -1280
1212.60  1.22e-13  5.22e-14   823  1822 -1280
1214.28  4.50e-14  2.54e-14   822   686 -1280
1215.96  7.87e-14  3.61e-14   822  1225 -1280
1217.63  9.68e-14  4.27e-14   821  1541 -1280
1219.31  1.71e-13  4.56e-14   820  2779  -256
1220.99  1.14e-13  2.54e-14   820  1879     0
1222.66  3.64e-14  9.22e-15   819   613     0
1224.34  1.50e-14  3.25e-15   819   257     0
1226.02  2.19e-15  4.28e-15   818    38     0
1227.69  3.79e-15  2.75e-15   817    67     0
1229.37  5.51e-15  2.77e-15   817    99     0
1231.04  5.20e-15  2.17e-15   816    95     0
1232.72  2.00e-15  2.18e-15   816    37     0
1234.40  8.82e-16  2.03e-15   815    16     0
1236.07  6.50e-15  2.14e-15   815   124     0
1237.75  3.39e-15  2.19e-15   814    65     0
1239.43  7.94e-15  3.03e-15   814   155     0
1241.10  7.37e-15  3.41e-15   813   143     0
1242.78  8.67e-15  2.06e-15   812   170     0
1244.46  7.92e-15  2.75e-15   812   157     0
1246.13  6.52e-15  1.95e-15   811   132     0
1247.81  3.89e-15  1.89e-15   811    79     0
1249.48  2.82e-15  1.85e-15   810    58     0
1251.16  5.26e-15  1.92e-15   810   107     0
1252.84  2.72e-15  1.85e-15   809    55     0
1254.51  5.81e-15  2.15e-15   809   120     0
1256.19  3.75e-15  1.99e-15   808    77     0
1257.87  8.42e-16  1.77e-15   808    17     0
1259.54  6.93e-15  1.87e-15   808   145     0
1261.22  5.17e-15  1.96e-15   807   109     0
1262.89  5.56e-15  2.19e-15   807   118     0
1264.57  1.04e-15  1.72e-15   806    22     0
1266.25  2.00e-15  1.76e-15   806    42     0
1267.92  3.65e-15  1.78e-15   805    78     0
1269.60  5.69e-16  2.07e-15   805    12     0
1271.28  1.01e-15  2.02e-15   805    21     0
1272.95  1.45e-15  1.77e-15   804    31     0
1274.63  6.71e-16  1.97e-15   804    14     0
1276.31  2.68e-15  1.70e-15   803    58     0
1277.98  4.11e-15  2.42e-15   803    90     0
1279.66  2.03e-15  1.96e-15   803    44     0
1281.33  3.55e-15  2.14e-15   802    78     0
1283.01  1.85e-15  2.03e-15   802    40     0
1284.69  7.68e-16  1.62e-15   802    16     0
1286.36  6.58e-15  2.24e-15   801   147     0
1288.04  4.93e-15  2.67e-15   801   110     0
1289.72  4.88e-15  1.90e-15   801   109     0
1291.39  3.23e-15  2.18e-15   801    71     0
1293.07 -9.19e-16  1.60e-15   800   -20     0
1294.75  1.05e-16  2.58e-15   800     2     0
1296.42  6.34e-15  1.67e-15   800   142     0
1298.10  6.11e-15  2.51e-15   799   137     0
1299.77  1.82e-15  2.38e-15   799    40     0
1301.45  1.05e-14  2.79e-15   799   232     0
1303.13  1.18e-14  3.13e-15   799   260     0
1304.80  9.26e-15  3.62e-15   799   204     0
1306.48  1.41e-14  3.75e-15   798   315     0
1308.16  1.26e-14  2.96e-15   798   282     0
1309.83  5.08e-16  1.62e-15   798    11     0
1311.51  6.56e-15  2.13e-15   798   145     0
1313.19 -5.12e-16  2.94e-15   798   -11     0
1314.86  3.39e-15  2.51e-15   797    74     0
1316.54  2.12e-15  2.99e-15   797    47     0
1318.21  4.21e-15  2.32e-15   797    93     0
1319.89  4.13e-15  1.81e-15   797    91 -4096
1321.57  4.80e-15  1.98e-15   797   105 -4096
1323.24 -1.01e-15  1.94e-15   797   -22     0
1324.92  3.32e-15  3.23e-15   797    72     0
1326.60  2.71e-15  1.58e-15   797    59     0
1328.27  3.56e-15  2.16e-15   796    78     0
1329.95  2.12e-15  1.95e-15   796    46     0
1331.62  1.01e-14  2.59e-15   796   224     0
1333.30  1.41e-14  2.95e-15   796   312     0
1334.98  1.79e-14  4.88e-15   796   395     0
1336.65  2.26e-14  4.90e-15   796   484     0
1338.33  1.63e-14  3.77e-15   796   347     0
1340.01  3.33e-15  1.71e-15   796    70     0
1341.68 -1.44e-16  2.26e-15   796    -3     0
1343.36  5.45e-15  2.23e-15   796   115     0
1345.04  2.21e-15  2.26e-15   796    46     0
1346.71  5.76e-16  1.61e-15   796    12     0
1348.39  2.17e-15  1.66e-15   796    45     0
1350.06  5.06e-15  2.83e-15   796   104     0
1351.74 -3.68e-15  1.89e-15   796   -75     0
1353.42  7.18e-15  2.95e-15   796   147     0
1355.09  4.81e-15  2.64e-15   796    97     0
1356.77  2.21e-15  1.65e-15   796    44     0
1358.45  3.29e-15  1.67e-15   796    66     0
1360.12  2.94e-16  1.64e-15   796     5     0
1361.80  2.84e-15  1.66e-15   796    56     0
1363.48  4.49e-15  2.41e-15   796    89     0
1365.15  5.82e-15  1.75e-15   796   115     0
1366.83 -6.66e-16  1.64e-15   796   -13     0
1368.50  2.98e-15  2.03e-15   796    58     0
1370.18 -2.49e-15  2.34e-15   796   -48     0
1371.86  3.24e-15  1.72e-15   796    62     0
1373.53 -5.89e-16  2.18e-15   796   -11     0
1375.21 -4.47e-15  1.66e-15   796   -86     0
1376.89  5.07e-15  2.11e-15   796    97     0
1378.56 -2.90e-16  2.12e-15   797    -5     0
1380.24  3.67e-15  1.77e-15   797    69     0
1381.91 -1.81e-15  2.15e-15   797   -34     0
1383.59  2.24e-15  1.72e-15   797    42     0
1385.27  4.88e-15  1.79e-15   797    90     0
1386.94  4.14e-15  3.10e-15   797    76     0
1388.62 -4.41e-16  2.75e-15   797    -8     0
1390.30  4.94e-15  1.81e-15   797    90     0
1391.97  3.29e-15  2.92e-15   797    59     0
1393.65  1.29e-14  3.21e-15   797   231     0
1395.33  2.29e-14  5.10e-15   797   408     0
1397.00  1.21e-14  3.82e-15   798   215     0
1398.68  5.89e-15  2.19e-15   798   103     0
1400.35  7.05e-15  2.74e-15   798   123     0
1402.03  3.61e-15  2.82e-15   798    62     0
1403.71  7.88e-15  3.04e-15   798   136     0
1405.38  6.93e-15  3.39e-15   798   119     0
1407.06  4.65e-15  3.05e-15   798    79     0
1408.74  1.95e-15  2.68e-15   798    33     0
1410.41  5.09e-15  2.18e-15   798    86     0
1412.09  7.66e-15  2.15e-15   799   129     0
1413.77 -2.45e-15  2.60e-15   799   -41     0
1415.44  1.43e-15  1.93e-15   799    23     0
1417.12 -3.64e-15  2.46e-15   799   -59     0
1418.79  1.71e-15  2.01e-15   799    27     0
1420.47  4.40e-16  2.17e-15   799     7     0
1422.15 -2.32e-15  1.88e-15   799   -37     0
1423.82 -2.03e-15  1.90e-15   799   -32     0
1425.50  2.48e-15  2.07e-15   799    39     0
1427.18 -1.95e-15  2.57e-15   799   -30     0
1428.85 -1.53e-15  1.98e-15   800   -23     0
1430.53  4.98e-15  2.05e-15   800    78     0
1432.20 -6.62e-16  1.95e-15   800   -10     0
1433.88 -1.54e-15  2.48e-15   800   -23     0
1435.56  2.22e-15  2.11e-15   800    34     0
1437.23  3.35e-15  2.21e-15   800    51     0
1438.91  4.64e-15  2.04e-15   800    70     0
1440.59 -2.29e-15  2.22e-15   800   -34     0
1442.26 -5.03e-15  2.18e-15   800   -75     0
1443.94  7.58e-16  2.04e-15   800    11     0
1445.62  3.52e-15  2.08e-15   800    52     0
1447.29  4.66e-15  2.36e-15   800    69     0
1448.97  9.06e-16  2.06e-15   800    13     0
1450.64 -2.92e-17  2.41e-15   801     0     0
1452.32 -9.71e-16  2.05e-15   801   -14     0
1454.00 -1.02e-16  2.03e-15   801    -1     0
1455.67  7.99e-17  2.04e-15   801     1     0
1457.35 -2.73e-17  2.01e-15   801     0     0
1459.03  3.39e-15  2.49e-15   801    49     0
1460.70 -9.14e-16  2.04e-15   801   -13     0
1462.38  3.69e-15  3.31e-15   801    52     0
1464.06 -7.53e-16  2.58e-15   801   -10     0
1465.73  4.59e-15  2.09e-15   801    65     0
1467.41  1.13e-15  2.03e-15   801    16     0
1469.08  3.22e-15  2.07e-15   801    45     0
1470.76  1.69e-15  2.36e-15   801    23     0
1472.44  1.36e-15  3.23e-15   801    19     0
1474.11 -3.65e-16  2.42e-15   801    -5     0
1475.79  2.64e-15  2.43e-15   801    37     0
1477.47  4.39e-15  2.10e-15   801    61     0
1479.14  2.19e-15  2.07e-15   801    30     0
1480.82  2.38e-15  2.55e-15   801    33     0
1482.50  2.55e-15  2.05e-15   800    35     0
1484.17 -1.13e-15  2.92e-15   800   -15     0
1485.85  2.05e-15  2.06e-15   800    28     0
1487.52  5.32e-15  2.26e-15   800    74     0
1489.20 -2.70e-15  2.07e-15   800   -37     0
1490.88  5.02e-15  2.82e-15   800    69     0
1492.55  3.69e-15  2.15e-15   800    51     0
1494.23  5.17e-15  2.10e-15   800    71     0
1495.91  5.58e-15  2.12e-15   800    76     0
1497.58  4.89e-15  2.11e-15   800    66     0
1499.26  4.36e-15  2.11e-15   799    59     0
1500.93  6.50e-15  2.17e-15   799    87     0
1502.61  7.20e-15  2.31e-15   799    96     0
1504.29  6.73e-15  2.33e-15   799    89     0
1505.96  9.50e-15  3.49e-15   799   124     0
1507.64  5.45e-15  2.64e-15   799    71     0
1509.32  1.86e-14  8.27e-15   798   242     0
1510.99  1.28e-14  2.29e-15   798   168     0
1512.67  1.93e-14  4.83e-15   798   253     0
1514.35  2.44e-14  6.10e-15   798   319     0
1516.02  2.81e-14  5.44e-15   798   365     0
1517.70  2.52e-14  5.90e-15   797   325     0
1519.37  2.06e-14  3.60e-15   797   266     0
1521.05  1.69e-14  3.54e-15   797   218     0
1522.73  1.30e-14  3.02e-15   797   167     0
1524.40  1.45e-14  2.33e-15   796   186     0
1526.08  1.39e-14  2.33e-15   796   178     0
1527.76  1.38e-14  2.71e-15   796   176     0
1529.43  1.34e-14  2.81e-15   795   170     0
1531.11  1.16e-14  2.32e-15   795   145     0
1532.79  1.39e-14  2.53e-15   795   174     0
1534.46  9.04e-15  2.27e-15   794   113     0
1536.14  1.05e-14  3.41e-15   794   131     0
1537.81  8.25e-15  2.42e-15   794   103     0
1539.49  1.56e-14  2.37e-15   793   195     0
1541.17  1.39e-14  2.35e-15   793   173     0
1542.84  1.50e-14  3.52e-15   793   186     0
1544.52  2.10e-14  3.66e-15   792   261     0
1546.20  3.24e-14  6.63e-15   792   406     0
1547.87  5.30e-14  1.14e-14   791   663     0
1549.55  6.15e-14  1.45e-14   791   771     0
1551.22  3.95e-14  1.09e-14   790   496     0
1552.90  2.81e-14  6.45e-15   790   352     0
1554.58  7.64e-15  3.89e-15   790    96     0
1556.25  5.07e-15  2.61e-15   789    63     0
1557.93  6.07e-15  2.33e-15   789    75     0
1559.61  2.87e-15  2.30e-15   788    35     0
1561.28  7.58e-15  2.17e-15   788    95     0
1562.96  6.13e-15  2.12e-15   787    77     0
1564.64  2.66e-15  2.06e-15   787    33     0
1566.31  6.61e-15  2.12e-15   786    83     0
1567.99  3.09e-15  2.06e-15   786    39     0
1569.66  9.62e-15  2.15e-15   785   122     0
1571.34  5.48e-15  2.93e-15   785    69     0
1573.02  4.85e-15  2.13e-15   784    61     0
1574.69  4.77e-16  1.99e-15   783     6     0
1576.37  2.46e-15  2.43e-15   783    31     0
1578.05  4.10e-15  2.15e-15   782    52     0
1579.72  7.71e-15  2.41e-15   782    98     0
1581.40  3.92e-15  2.02e-15   781    49     0
1583.08  4.55e-15  2.02e-15   780    58     0
1584.75  3.16e-15  2.40e-15   780    40     0
1586.43  2.21e-15  1.99e-15   779    28     0
1588.10  4.77e-15  2.02e-15   778    60     0
1589.78  4.82e-15  2.01e-15   778    61     0
1591.46  1.75e-16  1.93e-15   777     2     0
1593.13  3.95e-15  1.98e-15   776    50     0
1594.81  3.39e-15  2.82e-15   776    43     0
1596.49  7.76e-16  1.97e-15   775     9     0
1598.16 -2.10e-15  1.91e-15   774   -26     0
1599.84  3.49e-15  1.95e-15   774    44     0
1601.52  6.75e-15  1.98e-15   773    87     0
1603.19  6.56e-15  3.02e-15   772    84     0
1604.87  2.09e-15  1.90e-15   771    27     0
1606.54  5.98e-15  2.69e-15   771    77     0
1608.22  5.81e-15  2.19e-15   770    75     0
1609.90  2.85e-15  1.89e-15   769    37     0
1611.57  1.90e-15  1.85e-15   768    25     0
1613.25  3.32e-15  1.86e-15   768    43     0
1614.93  5.19e-15  1.88e-15   767    68     0
1616.60  4.22e-15  1.89e-15   766    55     0
1618.28  4.73e-15  1.89e-15   765    61     0
1619.95  4.96e-15  2.07e-15   765    64     0
1621.63  1.19e-15  1.80e-15   764    15     0
1623.31  2.50e-15  1.81e-15   763    33     0
1624.98  1.80e-15  2.25e-15   762    23     0
1626.66  3.19e-15  1.81e-15   761    42     0
1628.34  3.17e-15  1.80e-15   760    42     0
1630.01  4.50e-15  1.79e-15   760    60     0
1631.69  5.50e-15  1.80e-15   759    74     0
1633.37  3.40e-15  1.81e-15   758    46     0
1635.04  6.76e-15  2.16e-15   757    91     0
1636.72  1.43e-14  2.82e-15   756   193     0
1638.39  1.88e-14  4.25e-15   755   255     0
1640.07  2.87e-14  6.17e-15   754   390     0
1641.75  2.74e-14  6.24e-15   753   375     0
1643.42  1.95e-14  4.17e-15   753   267     0
1645.10  8.52e-15  1.90e-15   752   117     0
1646.78  1.62e-15  1.67e-15   751    22     0
1648.45  4.69e-15  1.71e-15   750    64     0
1650.13  4.12e-15  1.68e-15   749    57     0
1651.81  3.72e-15  1.67e-15   748    52     0
1653.48  5.85e-15  2.41e-15   747    82     0
1655.16  9.95e-15  2.80e-15   746   141     0
1656.83  9.79e-15  3.34e-15   745   139     0
1658.51  9.27e-15  3.76e-15   744   132     0
1660.19  1.18e-14  4.40e-15   743   169     0
1661.86  5.62e-15  2.49e-15   742    81     0
1663.54  3.92e-15  1.59e-15   742    56     0
1665.22  6.34e-15  1.63e-15   741    91     0
1666.89  3.44e-15  1.57e-15   740    49     0
1668.57  3.50e-15  1.57e-15   739    51     0
1670.24  3.97e-15  1.57e-15   738    57     0
1671.92  6.79e-15  1.67e-15   737    99     0
1673.60  5.35e-15  1.57e-15   736    78     0
1675.27  2.84e-15  1.52e-15   735    41     0
1676.95  5.35e-15  1.54e-15   734    79     0
1678.63  2.54e-15  1.49e-15   733    37     0
1680.30  2.38e-15  1.46e-15   732    36     0
1681.98  2.23e-15  1.45e-15   731    33     0
1683.66  2.99e-15  1.45e-15   730    45     0
1685.33  1.86e-15  1.42e-15   729    28     0
1687.01  3.37e-15  1.43e-15   728    52     0
1688.68  3.59e-15  1.43e-15   727    55     0
1690.36  3.17e-15  1.42e-15   726    49     0
1692.04  2.76e-15  1.40e-15   725    43     0
1693.71  3.64e-15  1.43e-15   724    57     0
1695.39  5.96e-15  1.41e-15   724    94     0
1697.07  5.49e-15  1.39e-15   723    87     0
1698.74  3.83e-15  2.12e-15   722    61     0
1700.42  4.51e-15  1.39e-15   721    72     0
1702.10  4.11e-15  1.35e-15   720    66     0
1703.77  2.68e-15  1.38e-15   719    43     0
1705.45  4.03e-15  1.33e-15   718    66     0
1707.12  3.52e-15  1.31e-15   717    57     0
1708.80  2.70e-15  1.29e-15   716    44     0
1710.48  6.96e-15  1.40e-15   715   115     0
1712.15  7.16e-15  1.34e-15   714   119     0
1713.83  9.34e-15  1.64e-15   713   156     0
1715.51  8.97e-15  1.61e-15   712   153     0
1717.18  6.63e-15  1.29e-15   712   113     0
1718.86  4.82e-15  1.25e-15   711    83     0
1720.54  5.17e-15  1.46e-15   710    89     0
1722.21  4.84e-15  1.23e-15   709    84     0
1723.89  5.27e-15  1.23e-15   708    92     0
1725.56  4.24e-15  1.21e-15   707    74     0
1727.24  5.46e-15  1.22e-15   706    96     0
1728.92  4.93e-15  1.20e-15   706    87     0
1730.59  7.66e-15  2.14e-15   705   138     0
1732.27  5.53e-15  1.21e-15   704   100     0
1733.95  4.36e-15  1.15e-15   703    79     0
1735.62  4.34e-15  1.13e-15   702    80     0
1737.30  2.40e-15  1.17e-15   701    44     0
1738.97  4.23e-15  1.11e-15   701    79     0
1740.65  7.21e-15  1.15e-15   700   135     0
1742.33  8.82e-15  1.17e-15   699   166     0
1744.00  1.21e-14  2.83e-15   698   230     0
1745.68  9.18e-15  2.35e-15   698   175     0
1747.36  7.12e-15  1.12e-15   697   137     0
1749.03  5.93e-15  1.09e-15   696   114     0
1750.71  7.15e-15  1.82e-15   695   137     0
1752.39  6.90e-15  1.37e-15   695   133     0
1754.06  5.20e-15  1.67e-15   694   100     0
1755.74  4.00e-15  1.26e-15   693    78     0
1757.41  3.58e-15  1.44e-15   693    70     0
1759.09  3.27e-15  1.02e-15   692    64     0
1760.77  3.29e-15  9.95e-16   691    66     0
1762.44  4.55e-15  1.01e-15   691    91     0
1764.12  3.10e-15  1.01e-15   690    62     0
1765.80  2.24e-15  9.67e-16   689    45     0
1767.47  9.12e-16  9.74e-16   689    18     0
1769.15  2.67e-15  1.27e-15   688    54     0
1770.83  9.56e-16  1.29e-15   688    19     0
1772.50  2.11e-15  1.09e-15   687    43     0
1774.18  2.93e-15  1.07e-15   687    60     0
1775.85  1.69e-15  1.28e-15   686    35     0
1777.53  9.21e-16  9.05e-16   686    19     0
1779.21  1.94e-15  1.09e-15   685    41     0
1780.88  2.82e-15  1.02e-15   685    60     0
1782.56  3.83e-15  9.69e-16   684    81     0
1784.24  4.97e-15  1.02e-15   684   106 -4096
1785.91  2.52e-15  1.04e-15   683    54 -4096
1787.59  2.18e-15  1.03e-15   683    46 -4096
1789.26  3.22e-15  1.01e-15   683    69 -4096
1790.94  1.14e-15  9.19e-16   682    24     0
1792.62  2.28e-15  8.71e-16   682    49     0
1794.29  2.86e-15  8.74e-16   682    62     0
1795.97  1.48e-15  8.55e-16   681    32     0
1797.65  2.03e-15  8.57e-16   681    44     0
1799.32  1.97e-15  8.55e-16   681    43     0
1801.00  2.08e-15  8.55e-16   681    45     0
1802.68  4.07e-15  9.17e-16   680    88     0
1804.35  5.77e-15  1.01e-15   680   126     0
1806.03  5.73e-15  1.34e-15   680   127     0
1807.70  5.57e-15  1.37e-15   680   124     0
1809.38  5.83e-15  1.50e-15   680   130     0
1811.06  6.42e-15  1.58e-15   679   142     0
1812.73  5.31e-15  1.00e-15   679   118     0
1814.41  6.24e-15  1.54e-15   679   139     0
1816.09  7.75e-15  1.90e-15   679   173     0
1817.76  8.79e-15  2.14e-15   679   197     0
1819.44  7.67e-15  1.97e-15   679   172     0
1821.12  5.59e-15  1.53e-15   679   125     0
1822.79  5.03e-15  1.57e-15   679   113     0
1824.47  3.65e-15  1.52e-15   679    82     0
1826.14  2.42e-15  1.18e-15   679    54     0
1827.82  1.56e-15  8.24e-16   680    35     0
1829.50  2.21e-15  7.98e-16   680    50     0
1831.17  1.88e-15  9.50e-16   680    42     0
1832.85  1.25e-15  9.14e-16   680    28     0
1834.53  7.54e-16  8.32e-16   680    17     0
1836.20  1.80e-15  7.87e-16   681    40     0
1837.88  2.25e-15  7.94e-16   681    50     0
1839.55  3.40e-15  8.23e-16   681    76     0
1841.23  3.94e-15  8.33e-16   681    88     0
1842.91  4.24e-15  9.10e-16   682    95     0
1844.58  3.73e-15  8.12e-16   682    84     0
1846.26  3.27e-15  8.47e-16   683    73     0
1847.94  2.95e-15  1.00e-15   683    66     0
1849.61  4.37e-15  1.29e-15   683    98     0
1851.29  5.28e-15  1.45e-15   684   119     0
1852.97  5.37e-15  1.47e-15   684   121     0
1854.64  5.91e-15  1.78e-15   685   133     0
1856.32  6.02e-15  1.69e-15   686   135     0
1857.99  5.24e-15  1.29e-15   686   117     0
1859.67  3.66e-15  1.09e-15   687    82     0
1861.35  3.03e-15  9.32e-16   687    68     0
1863.02  3.89e-15  1.21e-15   688    87     0
1864.70  2.80e-15  1.06e-15   689    62     0
1866.38  3.02e-15  8.83e-16   689    67     0
1868.05  3.15e-15  8.29e-16   690    70     0
1869.73  4.04e-15  8.03e-16   691    90     0
1871.41  4.47e-15  8.09e-16   692    99     0
1873.08  4.28e-15  8.05e-16   693    95     0
1874.76  3.33e-15  7.92e-16   694    73     0
1876.43  3.16e-15  7.96e-16   694    69     0
1878.11  2.95e-15  7.95e-16   695    64     0
1879.79  3.59e-15  8.03e-16   696    78     0
1881.46  3.11e-15  7.99e-16   697    68     0
1883.14  2.59e-15  7.90e-16   698    56     0
1884.82  2.79e-15  7.89e-16   699    61     0
1886.49  3.24e-15  8.29e-16   700    70     0
1888.17  3.26e-15  1.02e-15   702    71     0
1889.85  3.81e-15  1.36e-15   703    83     0
1891.52  3.70e-15  1.40e-15   704    80     0
1893.20  4.00e-15  1.22e-15   705    86     0
1894.87  4.11e-15  1.13e-15   706    88     0
1896.55  3.97e-15  1.08e-15   708    86     0
1898.23  4.68e-15  9.15e-16   709   101     0
1899.90  5.81e-15  9.02e-16   710   125     0
1901.58  5.89e-15  1.01e-15   711   127     0
1903.26  5.15e-15  9.11e-16   713   111     0
1904.93  5.15e-15  9.55e-16   714   111     0
1906.61  4.54e-15  9.62e-16   716    97     0
1908.28  4.54e-15  9.25e-16   717    97     0
1909.96  4.56e-15  8.21e-16   719    97     0
1911.64  5.80e-15  9.42e-16   720   124     0
1913.31  6.40e-15  9.08e-16   722   137     0
1914.99  6.39e-15  9.83e-16   723   136 -4096
1916.67  6.29e-15  1.06e-15   725   135 -4096
1918.34  4.01e-15  1.14e-15   727    86 -4096
1920.02  4.26e-15  1.27e-15   728    91 -4096
1921.70  5.89e-15  1.45e-15   730   126 -4096
1923.37  5.77e-15  1.67e-15   732   123 -4096
1925.05  6.38e-15  1.44e-15   733   135     0
1926.72  6.09e-15  1.26e-15   735   129     0
1928.40  6.71e-15  1.35e-15   737   142     0
1930.08  7.06e-15  1.40e-15   739   150     0
1931.75  7.14e-15  1.60e-15   741   152     0
1933.43  6.91e-15  1.38e-15   743   147     0
1935.11  6.16e-15  1.03e-15   744   133     0
1936.78  4.74e-15  8.83e-16   746   102     0
1938.46  4.92e-15  7.97e-16   748   106     0
1940.14  4.41e-15  7.92e-16   750    95     0
1941.81  4.20e-15  7.88e-16   752    91     0
1943.49  3.73e-15  7.80e-16   754    81     0
1945.16  3.01e-15  7.66e-16   756    65     0
1946.84  3.25e-15  7.66e-16   759    71     0
1948.52  3.72e-15  7.69e-16   761    82     0
1950.19  4.08e-15  7.65e-16   763    90     0
1951.87  4.37e-15  7.95e-16   765    97     0
1953.55  4.01e-15  8.99e-16   767    89     0
1955.22  4.34e-15  1.03e-15   769    97     0
1956.90  4.72e-15  8.68e-16   772   105     0
1958.57  5.01e-15  8.21e-16   774   112     0
1960.25  4.79e-15  8.56e-16   776   107     0
1961.93  4.99e-15  7.82e-16   778   112     0
1963.60  4.87e-15  7.84e-16   781   109     0
1965.28  3.99e-15  9.95e-16   783    89     0
1966.96  3.34e-15  1.11e-15   786    74     0
1968.63  3.01e-15  8.99e-16   788    66     0
1970.31  2.66e-15  7.78e-16   790    59     0
1971.99  2.87e-15  7.92e-16   793    63     0
1973.66  3.53e-15  7.68e-16   795    77     0
1975.34  4.58e-15  7.76e-16   798   100     0
1977.01  4.94e-15  9.51e-16   800   107     0
1978.69  4.22e-15  1.07e-15   803    91     0
