NOT ORIGINAL IUE PROJECT DATA PRODUCT
SWP09712LOWLARGE
HD  197481
20:42:04
-31:31:05
52
X-TRAIL
NO
22900.184
06/08/80
23:03:08
219
17.90
26/03/97
VILSPA
2444458.46051
0
35
1150.58 -1.72e-14  1.46e-14   591   -45     0
1152.26 -1.21e-14  1.37e-14   591   -33     0
1153.93  1.09e-14  1.30e-14   591    32     0
1155.61 -2.66e-14  1.39e-14   592   -81     0
1157.29  7.48e-15  1.17e-14   592    24     0
1158.96 -1.48e-14  1.07e-14   593   -52     0
1160.64  9.73e-15  1.02e-14   593    36     0
1162.31  1.33e-14  9.59e-15   594    53     0
1163.99  2.15e-16  8.80e-15   594     0     0
1165.67  2.78e-16  8.39e-15   595     1     0
1167.34  5.81e-15  7.87e-15   595    27     0
1169.02  5.55e-15  7.34e-15   596    28     0
1170.70  2.24e-14  8.19e-15   596   123     0
1172.37  3.39e-15  6.37e-15   597    19     0
1174.05  2.64e-14  6.33e-15   597   165     0
1175.73 -9.72e-16  5.75e-15   598    -6     0
1177.40  4.26e-15  5.70e-15   598    29     0
1179.08  2.20e-15  5.00e-15   599    16     0
1180.75  2.75e-15  5.13e-15   599    21     0
1182.43  6.20e-15  4.92e-15   600    50     0
1184.11  6.30e-15  4.58e-15   600    53     0
1185.78 -3.12e-15  4.19e-15   601   -28     0
1187.46 -3.98e-15  4.19e-15   601   -38     0
1189.14  7.99e-15  4.24e-15   602    80     0
1190.81 -2.33e-15  4.45e-15   602   -23     0
1192.49 -1.04e-15  3.69e-15   603   -10     0
1194.17 -1.37e-15  4.32e-15   604   -15     0
1195.84  1.52e-15  3.24e-15   604    17     0
1197.52  4.66e-15  3.17e-15   605    54     0
1199.19  6.88e-15  3.11e-15   605    82     0
1200.87  1.42e-14  3.19e-15   606   172     0
1202.55  1.67e-14  4.78e-15   606   208     0
1204.22  2.17e-14  7.45e-15   607   280     0
1205.90  6.70e-14  1.48e-14   607   898     0
1207.58  1.24e-13  2.44e-14   608  1705     0
1209.25  2.43e-13  4.61e-14   608  3442     0
1210.93  1.30e-13  5.47e-14   609  1864     0
1212.60  1.04e-13  5.02e-14   609  1533 -1280
1214.28  8.11e-14  3.75e-14   610  1223 -1280
1215.96  1.24e-13  4.68e-14   610  1902     0
1217.63  1.23e-13  5.39e-14   611  1934     0
1219.31  1.66e-13  3.80e-14   611  2671     0
1220.99  8.21e-14  1.95e-14   612  1342     0
1222.66  2.87e-14  6.80e-15   612   478     0
1224.34  4.54e-15  2.36e-15   613    77     0
1226.02 -3.08e-15  2.50e-15   613   -53     0
1227.69  2.08e-15  2.87e-15   614    36     0
1229.37  3.54e-15  2.16e-15   614    63     0
1231.04  4.11e-15  1.97e-15   615    74     0
1232.72  2.90e-15  1.92e-15   615    53     0
1234.40 -1.01e-16  1.90e-15   616    -1     0
1236.07  6.41e-15  2.04e-15   616   121     0
1237.75 -2.49e-16  1.79e-15   616    -4     0
1239.43  7.20e-15  2.08e-15   617   139     0
1241.10  5.20e-15  2.36e-15   617   100     0
1242.78  3.06e-15  1.79e-15   618    59     0
1244.46 -9.65e-16  2.04e-15   618   -18     0
1246.13 -2.46e-16  1.70e-15   618    -4     0
1247.81  1.44e-15  1.69e-15   619    29     0
1249.48 -2.78e-15  1.65e-15   619   -56     0
1251.16  1.04e-15  1.69e-15   619    20     0
1252.84 -2.50e-15  1.66e-15   620   -50     0
1254.51  2.34e-15  2.41e-15   620    47     0
1256.19 -1.58e-15  1.63e-15   620   -32     0
1257.87 -4.39e-15  1.62e-15   621   -90     0
1259.54  4.88e-15  1.69e-15   621   101     0
1261.22  2.08e-15  1.62e-15   621    43     0
1262.89  2.41e-15  1.61e-15   622    50     0
1264.57 -1.16e-15  1.57e-15   622   -24     0
1266.25  1.46e-15  1.59e-15   622    30     0
1267.92  1.40e-15  1.81e-15   623    29     0
1269.60 -1.62e-15  1.86e-15   623   -34     0
1271.28 -3.18e-15  1.58e-15   623   -67     0
1272.95 -6.93e-16  1.54e-15   623   -14     0
1274.63  5.78e-16  2.14e-15   623    12     0
1276.31  1.07e-15  1.52e-15   624    23     0
1277.98  1.70e-15  1.59e-15   624    36     0
1279.66  1.14e-15  1.51e-15   624    24     0
1281.33  1.22e-15  1.52e-15   624    26     0
1283.01 -3.92e-15  1.87e-15   624   -85     0
1284.69  2.57e-15  1.52e-15   625    56     0
1286.36  3.14e-15  1.88e-15   625    69     0
1288.04  2.34e-15  1.48e-15   625    51     0
1289.72  3.13e-15  1.54e-15   625    69     0
1291.39  1.91e-16  1.52e-15   625     4     0
1293.07 -8.70e-16  1.48e-15   625   -19     0
1294.75  1.90e-15  2.54e-15   625    41     0
1296.42  4.03e-15  1.50e-15   625    89     0
1298.10  1.53e-15  1.48e-15   626    33     0
1299.77  1.23e-15  1.55e-15   626    27     0
1301.45  1.03e-14  2.28e-15   626   225     0
1303.13  7.42e-15  2.33e-15   626   162     0
1304.80  7.02e-15  2.36e-15   626   153     0
1306.48  1.08e-14  1.73e-15   626   238     0
1308.16  8.03e-15  2.50e-15   626   177     0
1309.83 -2.88e-15  1.66e-15   626   -63     0
1311.51  2.83e-15  1.52e-15   626    61     0
1313.19 -1.17e-15  1.86e-15   626   -25     0
1314.86  2.11e-15  1.86e-15   626    46     0
1316.54  4.00e-16  1.45e-15   626     8     0
1318.21  2.64e-15  1.54e-15   626    58     0
1319.89 -2.74e-15  2.42e-15   626   -60     0
1321.57  1.93e-15  1.58e-15   626    42     0
1323.24  1.48e-16  1.59e-15   626     3     0
1324.92 -8.86e-16  2.05e-15   626   -19     0
1326.60  2.55e-15  1.44e-15   625    55     0
1328.27  2.24e-15  2.07e-15   625    48     0
1329.95  9.01e-16  1.79e-15   625    19     0
1331.62  9.69e-15  1.87e-15   625   212     0
1333.30  1.13e-14  3.26e-15   625   246     0
1334.98  1.34e-14  4.26e-15   625   293     0
1336.65  1.32e-14  1.96e-15   625   279     0
1338.33  6.08e-15  1.82e-15   625   128     0
1340.01 -3.08e-15  1.97e-15   624   -64     0
1341.68  2.17e-15  1.69e-15   624    45     0
1343.36  4.31e-15  1.53e-15   624    89     0
1345.04  2.09e-15  2.07e-15   624    43     0
1346.71  2.66e-16  1.66e-15   624     5     0
1348.39  4.02e-16  1.43e-15   624     8     0
1350.06  5.79e-15  1.91e-15   623   118     0
1351.74 -3.32e-15  1.69e-15   623   -67     0
1353.42  5.90e-15  1.55e-15   623   119     0
1355.09  3.93e-15  1.94e-15   623    78     0
1356.77  7.45e-15  1.63e-15   622   148     0
1358.45  5.80e-15  1.56e-15   622   115     0
1360.12 -3.15e-17  2.23e-15   622     0     0
1361.80  3.77e-15  1.58e-15   622    74     0
1363.48  3.58e-15  2.23e-15   621    70     0
1365.15  6.65e-15  2.45e-15   621   130     0
1366.83  2.55e-15  1.51e-15   621    50     0
1368.50  5.76e-15  1.93e-15   621   112     0
1370.18  2.64e-15  1.54e-15   620    50     0
1371.86  8.62e-15  1.72e-15   620   164     0
1373.53  1.37e-15  3.31e-15   620    26     0
1375.21  1.12e-14  4.25e-15   619   213     0
1376.89  1.96e-14  4.41e-15   619   371     0
1378.56  1.15e-14  3.38e-15   619   216     0
1380.24  1.77e-14  4.48e-15   618   333     0
1381.91  8.73e-15  4.00e-15   618   163     0
1383.59  6.38e-15  2.65e-15   618   118     0
1385.27  4.46e-15  1.65e-15   617    81     0
1386.94  1.17e-15  2.53e-15   617    21     0
1388.62  3.44e-15  1.90e-15   616    62     0
1390.30  5.49e-15  1.66e-15   616    99     0
1391.97  4.98e-16  1.68e-15   616     8     0
1393.65  9.32e-15  1.72e-15   615   166     0
1395.33  7.97e-15  2.45e-15   615   140     0
1397.00  6.00e-15  2.15e-15   615   105     0
1398.68  1.00e-14  3.60e-15   614   175     0
1400.35  1.38e-14  6.82e-15   614   238     0
1402.03  7.06e-15  2.64e-15   613   121     0
1403.71  5.55e-15  1.98e-15   613    94     0
1405.38  2.24e-15  2.39e-15   612    38     0
1407.06  4.43e-15  1.67e-15   612    75     0
1408.74  2.06e-15  1.92e-15   612    34     0
1410.41  6.72e-15  2.06e-15   611   113     0
1412.09  7.86e-15  2.18e-15   611   131     0
1413.77 -1.30e-15  2.43e-15   610   -21     0
1415.44  3.86e-15  1.71e-15   610    62     0
1417.12 -7.71e-16  2.09e-15   609   -12     0
1418.79  1.10e-15  1.68e-15   609    17     0
1420.47  3.33e-16  1.67e-15   608     5     0
1422.15  2.12e-15  1.72e-15   608    33     0
1423.82 -8.86e-16  1.70e-15   608   -14     0
1425.50 -7.43e-18  1.82e-15   607     0     0
1427.18 -8.12e-15  2.70e-15   607  -126     0
1428.85  2.65e-15  1.75e-15   606    41     0
1430.53  4.71e-16  1.69e-15   606     7     0
1432.20  1.36e-15  2.77e-15   605    21     0
1433.88  1.20e-15  1.82e-15   605    18     0
1435.56  2.62e-15  2.30e-15   604    39     0
1437.23  2.16e-15  1.77e-15   604    32     0
1438.91 -1.97e-15  1.73e-15   603   -29     0
1440.59 -1.80e-15  1.80e-15   603   -26     0
1442.26 -2.61e-17  1.84e-15   602     0     0
1443.94  8.83e-16  2.87e-15   602    13     0
1445.62  2.82e-15  1.80e-15   601    41     0
1447.29  7.07e-16  2.14e-15   601    10     0
1448.97 -2.89e-15  2.80e-15   600   -42     0
1450.64  3.03e-15  2.75e-15   600    43     0
1452.32 -2.23e-16  2.40e-15   599    -3     0
1454.00  1.85e-16  2.72e-15   599     2     0
1455.67  6.55e-17  1.76e-15   598     0     0
1457.35  1.77e-15  1.78e-15   598    25     0
1459.03 -2.26e-15  1.76e-15   597   -32     0
1460.70  5.85e-16  1.79e-15   597     8     0
1462.38 -5.43e-16  1.79e-15   596    -7     0
1464.06  2.75e-16  1.79e-15   596     3     0
1465.73  8.16e-16  1.76e-15   595    11     0
1467.41  3.76e-16  1.76e-15   595     5     0
1469.08  9.54e-16  1.89e-15   594    13     0
1470.76 -1.00e-15  1.97e-15   594   -14     0
1472.44  1.34e-15  1.81e-15   593    18     0
1474.11  1.00e-16  1.89e-15   593     1     0
1475.79 -1.69e-15  1.98e-15   592   -23     0
1477.47  1.35e-15  1.79e-15   592    18     0
1479.14 -4.02e-15  2.01e-15   591   -55     0
1480.82 -1.03e-16  1.75e-15   591    -1     0
1482.50  4.40e-16  1.75e-15   590     6     0
1484.17 -3.32e-16  2.00e-15   590    -4     0
1485.85  2.21e-16  1.77e-15   589     3     0
1487.52 -3.28e-16  2.43e-15   589    -4     0
1489.20 -1.98e-15  1.76e-15   588   -27     0
1490.88  1.87e-15  1.94e-15   588    25     0
1492.55 -3.13e-15  1.76e-15   587   -42     0
1494.23  1.67e-15  1.77e-15   586    22     0
1495.91  9.42e-16  1.91e-15   586    12     0
1497.58  3.83e-16  2.54e-15   586     5     0
1499.26 -3.26e-15  2.04e-15   585   -43     0
1500.93  3.37e-15  1.84e-15   585    44     0
1502.61  4.80e-15  1.87e-15   584    63     0
1504.29 -8.13e-16  1.81e-15   584   -10     0
1505.96  2.56e-15  1.85e-15   583    33     0
1507.64 -2.82e-15  2.38e-15   583   -36     0
1509.32  5.98e-16  1.83e-15   582     7     0
1510.99  3.86e-16  2.11e-15   582     5     0
1512.67 -1.30e-15  3.14e-15   581   -16     0
1514.35  8.86e-17  2.05e-15   581     1     0
1516.02 -1.63e-15  1.81e-15   580   -20     0
1517.70  1.14e-15  1.82e-15   580    14     0
1519.37  4.09e-15  2.17e-15   579    52     0
1521.05  2.02e-15  1.84e-15   579    25     0
1522.73 -1.46e-15  1.84e-15   578   -18     0
1524.40  8.67e-16  1.81e-15   578    11     0
1526.08  5.85e-16  1.84e-15   577     7     0
1527.76  1.16e-15  1.86e-15   577    14     0
1529.43  1.38e-15  1.95e-15   576    17     0
1531.11  2.48e-15  1.89e-15   576    30     0
1532.79  2.58e-15  2.55e-15   576    31     0
1534.46  4.88e-15  2.00e-15   575    60     0
1536.14  2.64e-15  1.89e-15   575    32     0
1537.81  4.53e-15  1.96e-15   574    56     0
1539.49  4.83e-15  1.97e-15   574    59     0
1541.17  4.17e-15  2.12e-15   573    51     0
1542.84  5.57e-15  2.45e-15   573    68     0
1544.52  1.30e-14  5.13e-15   573   160     0
1546.20  1.39e-14  4.00e-15   572   171     0
1547.87  1.81e-14  5.39e-15   572   223     0
1549.55  1.71e-14  5.41e-15   571   211     0
1551.22  1.42e-14  2.70e-15   571   176     0
1552.90  7.84e-15  1.90e-15   570    97     0
1554.58  1.56e-15  2.06e-15   570    19     0
1556.25  1.25e-15  1.79e-15   570    15     0
1557.93  3.10e-15  2.68e-15   569    38     0
1559.61  2.00e-15  2.57e-15   569    24     0
1561.28 -1.97e-16  1.76e-15   568    -2     0
1562.96  8.78e-16  1.74e-15   568    10     0
1564.64 -7.97e-16  1.73e-15   568    -9     0
1566.31 -8.49e-16  1.72e-15   567   -10     0
1567.99  1.08e-15  1.73e-15   567    13     0
1569.66  5.24e-15  1.80e-15   567    65     0
1571.34 -2.25e-15  1.71e-15   566   -28     0
1573.02  3.07e-16  1.70e-15   566     3     0
1574.69 -3.75e-15  1.73e-15   566   -47     0
1576.37 -1.38e-15  1.69e-15   565   -17     0
1578.05  3.42e-15  1.93e-15   565    43     0
1579.72 -4.53e-16  1.68e-15   564    -5     0
1581.40 -6.72e-16  1.68e-15   564    -8     0
1583.08  2.48e-15  1.70e-15   564    31     0
1584.75  2.95e-15  2.03e-15   563    37     0
1586.43  1.32e-15  1.70e-15   563    16     0
1588.10 -5.48e-16  1.67e-15   563    -6     0
1589.78 -6.51e-16  1.67e-15   563    -8     0
1591.46 -1.68e-15  1.64e-15   562   -21     0
1593.13  3.97e-17  1.90e-15   562     0     0
1594.81  1.81e-15  2.57e-15   562    22     0
1596.49  4.41e-15  1.70e-15   561    55     0
1598.16  4.27e-15  2.45e-15   561    54     0
1599.84 -8.61e-16  1.63e-15   561   -10     0
1601.52  3.77e-15  1.87e-15   560    48     0
1603.19 -2.03e-16  1.77e-15   560    -2     0
1604.87 -6.02e-16  1.65e-15   560    -7     0
1606.54  4.08e-16  1.77e-15   560     5     0
1608.22  2.01e-15  1.61e-15   559    25     0
1609.90  6.30e-15  1.67e-15   559    81     0
1611.57  3.49e-15  1.61e-15   559    45     0
1613.25 -2.15e-15  1.56e-15   558   -28     0
1614.93 -2.19e-15  1.54e-15   558   -28     0
1616.60  3.38e-15  1.65e-15   558    43     0
1618.28  1.90e-15  1.58e-15   558    24     0
1619.95  2.59e-15  1.67e-15   557    33     0
1621.63  2.38e-16  1.53e-15   557     3     0
1623.31  2.69e-15  1.56e-15   557    35     0
1624.98 -6.95e-16  1.51e-15   557    -9     0
1626.66  1.19e-15  1.52e-15   557    15     0
1628.34  1.14e-15  1.52e-15   556    15     0
1630.01  1.25e-15  1.93e-15   556    16     0
1631.69  2.93e-15  1.51e-15   556    39     0
1633.37  4.61e-15  1.70e-15   556    62     0
1635.04  6.63e-15  1.70e-15   555    88     0
1636.72  9.73e-15  3.10e-15   555   129     0
1638.39  1.29e-14  3.00e-15   555   173     0
1640.07  1.66e-14  3.22e-15   555   223     0
1641.75  1.45e-14  3.34e-15   555   195     0
1643.42  8.57e-15  4.80e-15   554   116     0
1645.10  4.74e-15  1.50e-15   554    64     0
1646.78 -6.10e-16  1.44e-15   554    -8     0
1648.45  3.01e-15  1.52e-15   554    41     0
1650.13  2.53e-15  1.43e-15   554    34     0
1651.81 -1.36e-16  1.42e-15   554    -1     0
1653.48  6.41e-15  1.93e-15   553    89     0
1655.16  9.94e-15  2.33e-15   553   139     0
1656.83  1.06e-14  2.60e-15   553   149     0
1658.51  8.57e-15  3.24e-15   553   121     0
1660.19  6.59e-15  1.62e-15   553    93     0
1661.86  1.90e-15  1.36e-15   553    27     0
1663.54  3.82e-15  1.38e-15   552    54     0
1665.22  1.75e-15  1.35e-15   552    25     0
1666.89  3.83e-15  1.37e-15   552    54     0
1668.57  3.99e-15  1.39e-15   552    57     0
1670.24  2.02e-15  1.33e-15   552    28     0
1671.92  1.64e-15  1.32e-15   552    23     0
1673.60 -7.43e-17  1.29e-15   552    -1     0
1675.27  1.15e-15  1.29e-15   551    16     0
1676.95  2.38e-15  1.30e-15   551    34     0
1678.63  5.51e-16  1.26e-15   551     8     0
1680.30 -4.19e-16  1.24e-15   551    -6     0
1681.98  1.32e-15  1.25e-15   551    19     0
1683.66  1.86e-16  1.22e-15   551     2     0
1685.33 -4.74e-16  1.21e-15   551    -7     0
1687.01  1.36e-15  1.22e-15   551    20     0
1688.68  1.85e-15  1.22e-15   550    28     0
1690.36  3.43e-16  1.20e-15   550     5     0
1692.04  2.02e-15  1.22e-15   550    31     0
1693.71  2.32e-15  1.21e-15   550    36     0
1695.39  2.75e-15  1.20e-15   550    43     0
1697.07  1.06e-15  1.16e-15   550    16     0
1698.74 -1.44e-15  1.14e-15   550   -22     0
1700.42  1.08e-15  1.19e-15   550    17     0
1702.10  4.26e-16  1.13e-15   550     6     0
1703.77  4.90e-16  1.12e-15   550     7     0
1705.45 -9.87e-16  1.11e-15   549   -15     0
1707.12  5.90e-16  1.11e-15   549     9     0
1708.80  1.54e-15  1.12e-15   549    25     0
1710.48  2.62e-15  1.13e-15   549    42     0
1712.15  2.29e-15  1.12e-15   549    37     0
1713.83  3.53e-15  1.13e-15   549    58     0
1715.51  1.02e-15  1.06e-15   549    17     0
1717.18  1.25e-15  1.06e-15   549    21     0
1718.86  1.50e-15  1.06e-15   549    25     0
1720.54 -9.52e-17  1.03e-15   549    -1     0
1722.21  2.33e-16  1.02e-15   549     4     0
1723.89  3.15e-15  1.07e-15   549    54     0
1725.56  1.98e-15  1.04e-15   548    34     0
1727.24  2.03e-15  1.04e-15   548    35     0
1728.92  3.06e-15  1.23e-15   548    53     0
1730.59  3.00e-15  1.02e-15   548    53     0
1732.27  2.90e-15  1.01e-15   548    51     0
1733.95  2.93e-15  1.00e-15   548    52     0
1735.62  2.53e-15  9.79e-16   548    46     0
1737.30  2.16e-15  9.65e-16   548    39     0
1738.97  3.69e-15  9.80e-16   548    68     0
1740.65  3.77e-15  1.15e-15   548    70     0
1742.33  5.35e-15  1.65e-15   548    99     0
1744.00  6.87e-15  2.32e-15   548   128     0
1745.68  3.69e-15  1.05e-15   548    69     0
1747.36  4.23e-15  9.60e-16   548    80     0
1749.03  1.70e-15  9.11e-16   547    32     0
1750.71  3.35e-15  1.49e-15   547    63     0
1752.39  1.17e-14  2.37e-15   547   222     0
1754.06  8.91e-15  2.16e-15   547   170     0
1755.74  2.36e-15  9.03e-16   547    45     0
1757.41  1.37e-15  8.79e-16   547    26     0
1759.09  2.68e-15  8.94e-16   547    52     0
1760.77  1.88e-15  8.71e-16   547    37     0
1762.44  5.14e-16  8.49e-16   547    10     0
1764.12 -7.76e-16  8.31e-16   547   -15     0
1765.80  3.08e-17  8.33e-16   547     0     0
1767.47  3.15e-16  8.27e-16   547     6     0
1769.15 -3.06e-17  8.21e-16   547     0     0
1770.83 -3.94e-16  8.13e-16   547    -8     0
1772.50  5.87e-16  8.14e-16   547    11     0
1774.18  2.76e-16  8.04e-16   547     5     0
1775.85 -3.61e-16  7.91e-16   547    -7     0
1777.53  1.26e-15  8.05e-16   547    26     0
1779.21  4.28e-15  8.48e-16   546    89     0
1780.88  4.73e-15  8.66e-16   546    99     0
1782.56  2.90e-15  8.52e-16   546    61     0
1784.24  1.53e-16  8.66e-16   546     3     0
1785.91 -1.01e-15  9.17e-16   546   -21     0
1787.59 -1.48e-15  8.89e-16   546   -31     0
1789.26 -8.46e-16  1.20e-15   546   -18     0
1790.94 -2.27e-16  7.85e-16   546    -4     0
1792.62  7.51e-17  7.46e-16   546     1     0
1794.29  7.05e-16  7.52e-16   546    15     0
1795.97  2.99e-16  7.46e-16   546     6     0
1797.65  1.40e-15  7.61e-16   546    30     0
1799.32  1.05e-15  7.51e-16   546    22     0
1801.00  8.28e-16  7.46e-16   546    17     0
1802.68  1.97e-15  7.64e-16   546    42     0
1804.35  3.88e-15  9.88e-16   546    84     0
1806.03  4.62e-15  1.16e-15   546   101     0
1807.70  3.95e-15  9.46e-16   546    86     0
1809.38  3.15e-15  7.58e-16   546    69     0
1811.06  3.21e-15  7.65e-16   546    70     0
1812.73  3.52e-15  1.27e-15   546    77     0
1814.41  4.73e-15  1.56e-15   546   104     0
1816.09  5.78e-15  1.69e-15   546   127     0
1817.76  5.39e-15  1.50e-15   546   119     0
1819.44  2.89e-15  7.96e-16   545    64     0
1821.12  9.75e-16  7.08e-16   545    21     0
1822.79  8.95e-16  7.05e-16   545    19     0
1824.47  8.56e-16  7.01e-16   545    19     0
1826.14  7.92e-16  6.96e-16   545    17     0
1827.82 -7.71e-16  6.83e-16   545   -17     0
1829.50 -8.88e-16  6.81e-16   545   -19     0
1831.17 -1.63e-16  6.82e-16   545    -3     0
1832.85 -5.37e-16  6.80e-16   545   -12     0
1834.53  2.35e-16  6.80e-16   545     5     0
1836.20 -9.74e-17  6.76e-16   545    -2     0
1837.88 -9.44e-17  6.75e-16   545    -2     0
1839.55  1.19e-16  6.74e-16   545     2     0
1841.23 -2.78e-16  6.74e-16   545    -6     0
1842.91 -6.00e-17  6.73e-16   545    -1     0
1844.58 -7.82e-16  6.71e-16   545   -17     0
1846.26 -3.44e-16  6.70e-16   545    -7     0
1847.94 -1.39e-17  6.69e-16   545     0     0
1849.61  5.95e-16  6.74e-16   545    13     0
1851.29  8.35e-16  6.76e-16   545    18     0
1852.97  4.32e-16  6.63e-16   545     9     0
1854.64  4.68e-16  6.63e-16   545    10     0
1856.32 -2.87e-17  6.62e-16   545     0     0
1857.99  1.24e-16  6.62e-16   546     2     0
1859.67  4.74e-16  6.67e-16   546    10     0
1861.35  5.73e-16  6.63e-16   546    12     0
1863.02  5.68e-16  6.63e-16   546    12     0
1864.70  6.03e-16  6.63e-16   546    13     0
1866.38  5.88e-16  6.65e-16   546    12     0
1868.05  1.38e-16  6.57e-16   546     3     0
1869.73  4.79e-16  6.62e-16   546    10     0
1871.41  6.37e-16  6.63e-16   546    14     0
1873.08  9.99e-16  6.67e-16   546    21     0
1874.76 -3.82e-16  6.53e-16   546    -8     0
1876.43 -6.79e-16  6.58e-16   546   -14     0
1878.11 -1.58e-16  6.58e-16   546    -3     0
1879.79 -2.67e-16  6.58e-16   547    -5     0
1881.46 -6.64e-16  6.52e-16   547   -14     0
1883.14  4.19e-16  6.57e-16   547     9     0
1884.82  2.34e-16  6.54e-16   547     5     0
1886.49  1.00e-15  6.65e-16   547    21     0
1888.17  8.24e-16  6.63e-16   547    17     0
1889.85  1.29e-15  6.69e-16   548    27     0
1891.52  2.33e-15  6.87e-16   548    50     0
1893.20  2.34e-15  6.86e-16   548    50     0
1894.87  1.33e-15  6.71e-16   548    28     0
1896.55  1.12e-15  6.63e-16   548    23     0
1898.23  1.68e-15  6.73e-16   549    35     0
1899.90  7.93e-16  6.58e-16   549    16     0
1901.58  6.39e-16  6.54e-16   549    13     0
1903.26  1.39e-15  6.65e-16   549    29     0
1904.93  1.22e-15  6.62e-16   550    26     0
1906.61  1.09e-15  6.60e-16   550    23     0
1908.28  8.52e-16  6.56e-16   550    18     0
1909.96  1.03e-15  6.58e-16   551    21     0
1911.64  1.42e-15  6.78e-16   551    30     0
1913.31  9.94e-16  7.02e-16   551    21     0
1914.99  8.44e-17  6.86e-16   552     1     0
1916.67 -1.82e-16  7.40e-16   552    -3     0
1918.34  6.32e-17  7.39e-16   552     1     0
1920.02  9.17e-16  7.54e-16   553    19     0
1921.70  1.53e-15  7.22e-16   553    32     0
1923.37  1.46e-15  7.03e-16   554    30     0
1925.05  1.64e-15  6.61e-16   554    34     0
1926.72  1.67e-15  6.59e-16   555    35     0
1928.40  2.20e-15  6.65e-16   555    46     0
1930.08  2.84e-15  6.73e-16   556    59     0
1931.75  1.53e-15  6.51e-16   556    32     0
1933.43  4.22e-16  6.32e-16   557     8     0
1935.11 -1.05e-16  6.18e-16   558    -2     0
1936.78  1.60e-16  6.16e-16   558     3     0
1938.46  7.76e-17  6.13e-16   559     1     0
1940.14  1.82e-16  6.14e-16   560     3     0
1941.81  9.92e-16  6.26e-16   560    21     0
1943.49  1.26e-15  6.27e-16   561    27     0
1945.16  7.22e-16  6.13e-16   562    15     0
1946.84  8.22e-16  6.12e-16   562    17     0
1948.52  1.09e-15  6.13e-16   563    23     0
1950.19  1.08e-15  6.06e-16   564    23     0
1951.87  1.79e-15  6.14e-16   565    39     0
1953.55  1.88e-15  6.13e-16   566    41     0
1955.22  1.92e-15  6.13e-16   567    42     0
1956.90  9.24e-16  5.95e-16   568    20     0
1958.57  3.69e-16  5.84e-16   569     8     0
1960.25  5.40e-16  5.86e-16   570    11     0
1961.93  5.69e-16  5.84e-16   571    12     0
1963.60  9.91e-16  5.90e-16   572    22     0
1965.28  2.14e-15  6.12e-16   573    47     0
1966.96  1.86e-15  6.06e-16   574    41     0
1968.63  1.75e-15  6.05e-16   575    38     0
1970.31  1.88e-15  6.06e-16   576    41     0
1971.99  1.06e-15  5.97e-16   578    23     0
1973.66  7.60e-16  5.94e-16   579    16     0
1975.34  7.61e-16  5.94e-16   580    16     0
1977.01  1.40e-15  6.07e-16   582    30     0
1978.69  1.82e-15  6.16e-16   583    39     0
