NOT ORIGINAL IUE PROJECT DATA PRODUCT
SWP9694LOWLARGE
HD  197481
20:42:06
-31:31:05
48
X-TRAIL
NO
22900.184
04/08/80
03:37:13
217
17.23
11/11/94
GSFC
2444455.65084
0
38
1150.58 -1.90e-14  1.57e-14   775   -50     0
1152.26 -9.80e-15  1.48e-14   775   -27     0
1153.93 -1.07e-14  1.38e-14   775   -31     0
1155.61 -2.42e-15  2.46e-14   774    -7     0
1157.29  2.04e-14  1.27e-14   774    67     0
1158.96 -1.41e-14  1.15e-14   773   -50     0
1160.64 -5.52e-15  1.09e-14   773   -20     0
1162.31  4.09e-15  1.02e-14   773    16     0
1163.99 -8.81e-15  9.45e-15   772   -38     0
1165.67 -1.22e-14  9.02e-15   772   -54     0
1167.34  6.87e-17  8.41e-15   772     0     0
1169.02  2.41e-15  8.36e-15   771    12     0
1170.70  1.66e-14  8.02e-15   771    91     0
1172.37 -5.36e-15  6.83e-15   771   -31     0
1174.05  2.12e-14  6.70e-15   771   133     0
1175.73 -1.80e-15  6.33e-15   770   -11     0
1177.40 -3.67e-15  6.11e-15   770   -25     0
1179.08  6.08e-15  5.46e-15   770    45     0
1180.75 -5.40e-15  5.21e-15   770   -41     0
1182.43  8.10e-15  4.99e-15   770    65     0
1184.11  9.10e-15  4.97e-15   769    78     0
1185.78 -4.48e-15  4.51e-15   769   -41     0
1187.46 -8.83e-15  4.51e-15   769   -85     0
1189.14  5.37e-15  4.63e-15   769    54     0
1190.81 -2.36e-15  5.85e-15   769   -24     0
1192.49 -7.18e-16  3.98e-15   768    -7     0
1194.17 -5.25e-15  4.80e-15   768   -57     0
1195.84 -1.55e-16  3.47e-15   768    -1     0
1197.52  1.37e-14  3.56e-15   768   159     0
1199.19  1.27e-14  3.49e-15   768   152     0
1200.87  1.34e-14  3.40e-15   768   163     0
1202.55  9.97e-15  4.34e-15   768   125     0
1204.22  1.84e-14  6.46e-15   768   237     0
1205.90  6.81e-14  1.36e-14   768   917     0
1207.58  1.18e-13  2.54e-14   767  1628     0
1209.25  2.13e-13  3.99e-14   767  3028     0
1210.93  2.67e-13  5.53e-14   767  3844     0
1212.60  1.26e-13  5.32e-14   767  1865     0
1214.28  1.15e-13  5.48e-14   767  1743 -1280
1215.96  1.53e-13  4.52e-14   767  2365     0
1217.63  1.90e-13  3.92e-14   767  2999     0
1219.31  1.38e-13  2.79e-14   767  2231     0
1220.99  5.52e-14  1.33e-14   767   904     0
1222.66  2.24e-14  5.43e-15   767   375     0
1224.34  4.78e-15  2.44e-15   767    81     0
1226.02 -3.07e-15  2.43e-15   767   -52     0
1227.69  1.06e-15  2.41e-15   767    18     0
1229.37  6.72e-15  2.23e-15   767   119     0
1231.04  1.97e-15  2.08e-15   767    35     0
1232.72 -1.42e-16  2.04e-15   767    -2     0
1234.40 -1.51e-15  3.51e-15   767   -28     0
1236.07  3.58e-15  2.01e-15   767    67     0
1237.75 -1.11e-15  1.93e-15   767   -21     0
1239.43  6.16e-15  2.37e-15   767   119     0
1241.10  3.53e-15  2.03e-15   767    68     0
1242.78  2.00e-15  1.91e-15   767    38     0
1244.46 -9.84e-19  2.51e-15   767     0     0
1246.13  1.28e-15  1.84e-15   767    25     0
1247.81  6.07e-15  1.89e-15   767   123     0
1249.48 -1.14e-15  1.79e-15   767   -23     0
1251.16  3.22e-15  1.85e-15   767    65     0
1252.84 -3.80e-15  1.79e-15   767   -77     0
1254.51  4.33e-15  3.12e-15   767    88     0
1256.19 -2.12e-15  1.76e-15   767   -43     0
1257.87 -3.53e-15  2.26e-15   766   -73     0
1259.54  4.75e-15  1.80e-15   766    99     0
1261.22  1.42e-15  1.79e-15   766    29     0
1262.89  4.36e-16  1.70e-15   766     9     0
1264.57 -4.83e-15  1.69e-15   766  -102     0
1266.25 -7.50e-16  1.70e-15   766   -15     0
1267.92 -1.04e-15  1.81e-15   766   -22     0
1269.60 -2.35e-15  1.73e-15   766   -50     0
1271.28 -3.43e-15  1.67e-15   766   -73     0
1272.95  4.24e-16  1.71e-15   766     9     0
1274.63 -1.38e-17  1.65e-15   766     0     0
1276.31  2.73e-15  1.67e-15   766    59     0
1277.98  4.20e-15  2.60e-15   766    91     0
1279.66 -1.44e-16  2.25e-15   766    -3     0
1281.33  9.35e-16  1.69e-15   766    20     0
1283.01 -5.23e-15  1.65e-15   766  -114     0
1284.69 -2.08e-16  1.60e-15   766    -4     0
1286.36  5.38e-15  2.45e-15   766   119     0
1288.04  2.43e-15  1.82e-15   766    54     0
1289.72  5.98e-15  2.56e-15   766   132     0
1291.39 -1.20e-15  1.58e-15   766   -26     0
1293.07 -1.61e-15  1.58e-15   766   -35     0
1294.75  1.96e-15  2.07e-15   766    43     0
1296.42  2.54e-15  1.59e-15   766    56     0
1298.10  9.22e-16  1.67e-15   766    20     0
1299.77  2.58e-15  1.91e-15   766    57     0
1301.45  1.09e-14  1.85e-15   766   239     0
1303.13  3.63e-15  1.62e-15   765    79     0
1304.80  2.61e-15  2.83e-15   765    57     0
1306.48  6.90e-15  1.66e-15   765   153     0
1308.16  6.65e-15  2.29e-15   765   147     0
1309.83 -4.79e-15  1.56e-15   765  -106     0
1311.51  1.09e-15  2.08e-15   765    24     0
1313.19 -2.50e-15  1.58e-15   765   -54     0
1314.86 -1.21e-15  1.67e-15   765   -26     0
1316.54 -3.14e-15  1.55e-15   765   -69     0
1318.21 -3.37e-16  1.64e-15   765    -7     0
1319.89 -6.03e-15  1.76e-15   765  -133     0
1321.57  7.63e-16  1.70e-15   764    16     0
1323.24 -2.86e-15  2.34e-15   764   -62     0
1324.92 -1.57e-15  2.38e-15   764   -34     0
1326.60  1.48e-15  1.54e-15   764    32     0
1328.27  2.52e-15  2.35e-15   764    54     0
1329.95 -1.78e-15  1.54e-15   764   -38     0
1331.62  7.90e-15  1.70e-15   764   173     0
1333.30  5.70e-15  1.61e-15   764   125     0
1334.98  6.80e-15  2.45e-15   763   148     0
1336.65  1.29e-14  2.54e-15   763   274     0
1338.33  6.34e-15  1.69e-15   763   134     0
1340.01 -3.76e-15  1.80e-15   763   -79     0
1341.68  2.11e-15  2.08e-15   763    44     0
1343.36  3.87e-15  1.66e-15   763    81     0
1345.04 -1.48e-15  2.67e-15   762   -31     0
1346.71  4.94e-16  2.12e-15   762    10     0
1348.39  4.94e-16  1.58e-15   762    10     0
1350.06  2.45e-15  1.61e-15   762    50     0
1351.74 -7.35e-15  1.76e-15   762  -150     0
1353.42  1.49e-15  1.68e-15   761    30     0
1355.09  8.88e-16  2.04e-15   761    17     0
1356.77  3.97e-15  1.66e-15   761    79     0
1358.45  2.76e-15  1.64e-15   761    54     0
1360.12 -1.92e-15  1.71e-15   761   -38     0
1361.80  8.67e-16  1.61e-15   760    17     0
1363.48 -6.91e-16  1.78e-15   760   -13     0
1365.15  5.36e-17  1.72e-15   760     1     0
1366.83 -3.00e-15  1.70e-15   760   -58     0
1368.50  2.60e-15  2.04e-15   760    50     0
1370.18  9.57e-16  2.26e-15   759    18     0
1371.86  2.53e-15  2.71e-15   759    48     0
1373.53 -6.09e-15  3.41e-15   759  -116     0
1375.21  2.60e-15  2.18e-15   759    49     0
1376.89  7.62e-15  2.16e-15   758   144     0
1378.56 -9.02e-16  1.65e-15   758   -17     0
1380.24  4.51e-15  2.15e-15   758    85     0
1381.91 -7.79e-16  2.43e-15   757   -14     0
1383.59  1.30e-15  2.11e-15   757    24     0
1385.27 -6.67e-16  1.68e-15   757   -12     0
1386.94 -5.74e-15  2.17e-15   757  -104     0
1388.62  1.22e-15  1.71e-15   756    22     0
1390.30 -3.55e-16  1.90e-15   756    -6     0
1391.97 -7.32e-16  1.78e-15   756   -13     0
1393.65  1.19e-14  2.26e-15   755   213     0
1395.33  4.69e-15  3.38e-15   755    83     0
1397.00 -1.83e-16  2.82e-15   755    -3     0
1398.68  5.02e-15  2.05e-15   754    87     0
1400.35  3.89e-15  2.65e-15   754    67     0
1402.03  3.55e-15  2.11e-15   754    61     0
1403.71  6.89e-15  2.45e-15   753   118     0
1405.38  5.05e-15  1.83e-15   753    86     0
1407.06  1.39e-15  1.85e-15   753    23     0
1408.74 -1.13e-15  2.17e-15   752   -19     0
1410.41  5.35e-15  2.38e-15   752    90     0
1412.09  3.35e-15  1.83e-15   752    56     0
1413.77  2.85e-16  1.86e-15   751     4     0
1415.44 -2.19e-15  1.84e-15   751   -35     0
1417.12  2.03e-15  2.37e-15   751    32     0
1418.79  3.27e-15  1.90e-15   750    52     0
1420.47 -2.56e-16  1.85e-15   750    -4     0
1422.15  1.96e-15  2.84e-15   750    31     0
1423.82 -3.32e-15  1.85e-15   749   -52     0
1425.50  4.54e-15  1.93e-15   749    71     0
1427.18 -4.32e-15  2.56e-15   748   -67     0
1428.85  4.59e-15  2.17e-15   748    71     0
1430.53  1.36e-15  1.87e-15   748    21     0
1432.20 -4.39e-15  2.18e-15   747   -68     0
1433.88 -2.09e-15  2.26e-15   747   -32     0
1435.56  2.79e-15  2.02e-15   746    42     0
1437.23  1.59e-15  1.92e-15   746    24     0
1438.91 -1.87e-15  1.91e-15   746   -28     0
1440.59 -3.15e-15  2.12e-15   745   -47     0
1442.26 -3.99e-16  1.95e-15   745    -5     0
1443.94 -9.49e-16  2.06e-15   744   -14     0
1445.62  2.99e-15  2.02e-15   744    44     0
1447.29 -2.92e-16  2.04e-15   743    -4     0
1448.97 -3.86e-15  2.38e-15   743   -56     0
1450.64  2.27e-15  2.70e-15   743    32     0
1452.32 -2.36e-15  2.76e-15   742   -34     0
1454.00  4.15e-16  2.04e-15   742     5     0
1455.67  8.40e-17  1.95e-15   741     1     0
1457.35  2.65e-16  1.95e-15   741     3     0
1459.03 -4.93e-16  1.95e-15   740    -7     0
1460.70  3.05e-15  2.01e-15   740    43     0
1462.38  3.60e-15  2.79e-15   739    50     0
1464.06  1.78e-15  2.07e-15   739    25     0
1465.73  3.10e-15  1.99e-15   738    44     0
1467.41  2.91e-15  2.01e-15   738    41     0
1469.08  3.57e-15  2.00e-15   738    50     0
1470.76  7.50e-16  2.01e-15   737    10     0
1472.44  3.06e-15  2.21e-15   737    42     0
1474.11  1.41e-15  2.00e-15   736    19     0
1475.79  1.37e-15  2.24e-15   736    19     0
1477.47  5.03e-15  2.05e-15   735    69     0
1479.14 -5.64e-16  3.41e-15   735    -7     0
1480.82  3.30e-15  1.99e-15   734    46     0
1482.50  3.03e-15  1.99e-15   734    42     0
1484.17 -1.64e-15  2.36e-15   733   -22     0
1485.85  3.33e-16  2.34e-15   733     4     0
1487.52  4.92e-16  2.68e-15   732     6     0
1489.20 -2.17e-15  1.97e-15   732   -29     0
1490.88  6.43e-15  2.05e-15   731    88     0
1492.55  1.29e-15  1.96e-15   731    17     0
1494.23  6.50e-15  2.06e-15   730    89     0
1495.91  1.58e-15  1.98e-15   730    21     0
1497.58  1.10e-15  2.62e-15   729    14     0
1499.26 -1.08e-15  2.64e-15   729   -14     0
1500.93  4.92e-15  2.07e-15   728    65     0
1502.61  1.43e-15  2.01e-15   728    18     0
1504.29 -2.29e-16  2.00e-15   727    -3     0
1505.96  3.56e-15  2.07e-15   727    46     0
1507.64 -3.97e-18  2.02e-15   726     0     0
1509.32  5.05e-15  2.10e-15   726    65     0
1510.99  3.48e-15  2.04e-15   725    45     0
1512.67 -1.65e-16  4.03e-15   725    -2     0
1514.35  3.94e-15  3.04e-15   724    51     0
1516.02  1.47e-16  2.01e-15   724     1     0
1517.70  2.10e-16  2.02e-15   723     2     0
1519.37 -1.25e-15  2.20e-15   722   -15     0
1521.05  6.69e-16  2.01e-15   722     8     0
1522.73 -3.97e-15  2.22e-15   721   -50     0
1524.40 -1.16e-15  2.01e-15   721   -14     0
1526.08  1.49e-15  2.39e-15   720    18     0
1527.76  1.64e-15  2.03e-15   720    20     0
1529.43 -3.39e-15  2.01e-15   719   -42     0
1531.11  3.88e-15  2.10e-15   719    48     0
1532.79  4.17e-15  3.84e-15   718    51     0
1534.46  2.44e-15  2.07e-15   718    30     0
1536.14  1.35e-15  3.16e-15   717    16     0
1537.81  1.63e-15  2.20e-15   717    20     0
1539.49  1.94e-15  2.05e-15   716    24     0
1541.17  2.56e-15  2.06e-15   716    31     0
1542.84  5.13e-15  2.84e-15   715    63     0
1544.52  7.73e-15  3.57e-15   714    95     0
1546.20  1.50e-14  3.74e-15   714   186     0
1547.87  2.36e-14  3.92e-15   713   293     0
1549.55  2.25e-14  5.28e-15   713   280     0
1551.22  1.25e-14  3.38e-15   712   156     0
1552.90  1.13e-14  2.16e-15   712   141     0
1554.58  3.91e-15  2.04e-15   711    48     0
1556.25  2.94e-15  2.02e-15   711    36     0
1557.93  3.89e-15  3.07e-15   710    48     0
1559.61  4.42e-15  2.38e-15   710    54     0
1561.28  1.93e-15  1.96e-15   709    24     0
1562.96  3.04e-15  1.98e-15   709    38     0
1564.64  3.42e-15  1.98e-15   708    42     0
1566.31  8.93e-17  1.92e-15   708     1     0
1567.99 -1.51e-15  1.94e-15   707   -19     0
1569.66  4.23e-15  1.98e-15   707    53     0
1571.34 -1.65e-15  1.92e-15   706   -20     0
1573.02  3.81e-15  1.96e-15   705    47     0
1574.69 -4.38e-15  1.92e-15   705   -55     0
1576.37 -3.55e-15  1.89e-15   704   -44     0
1578.05 -8.78e-16  1.89e-15   704   -11     0
1579.72  1.29e-15  1.89e-15   703    16     0
1581.40  3.16e-15  1.92e-15   703    40     0
1583.08 -2.61e-15  1.87e-15   702   -33     0
1584.75 -5.70e-16  1.90e-15   702    -7     0
1586.43 -9.96e-16  1.87e-15   701   -12     0
1588.10  2.95e-15  1.90e-15   701    37     0
1589.78 -7.10e-16  1.99e-15   700    -8     0
1591.46 -2.01e-15  1.84e-15   700   -25     0
1593.13  3.76e-15  1.88e-15   699    47     0
1594.81  5.17e-18  1.83e-15   699     0     0
1596.49  1.75e-15  1.85e-15   698    22     0
1598.16  2.49e-15  1.86e-15   698    31     0
1599.84  2.46e-15  1.85e-15   697    31     0
1601.52  4.22e-15  1.87e-15   697    54     0
1603.19  5.13e-16  2.31e-15   696     6     0
1604.87  1.09e-15  1.79e-15   696    14     0
1606.54  1.42e-15  1.79e-15   695    18     0
1608.22  1.75e-15  1.79e-15   695    22     0
1609.90  2.92e-15  1.80e-15   694    37     0
1611.57  1.03e-15  1.75e-15   694    13     0
1613.25 -1.23e-15  1.73e-15   693   -16     0
1614.93 -1.54e-15  1.79e-15   693   -20     0
1616.60  1.06e-15  1.76e-15   692    13     0
1618.28  1.80e-15  1.76e-15   692    23     0
1619.95  2.41e-15  1.79e-15   691    31     0
1621.63  2.46e-15  1.74e-15   691    32     0
1623.31  1.18e-15  1.71e-15   690    15     0
1624.98  4.43e-15  1.75e-15   690    58     0
1626.66  3.33e-15  1.73e-15   689    43     0
1628.34 -1.48e-15  1.68e-15   689   -19     0
1630.01  2.62e-15  1.81e-15   688    35     0
1631.69  4.13e-15  1.70e-15   688    55     0
1633.37  7.41e-15  1.84e-15   687   100     0
1635.04  9.96e-15  1.80e-15   687   133     0
1636.72  1.23e-14  2.78e-15   686   165     0
1638.39  1.48e-14  2.22e-15   686   199     0
1640.07  2.05e-14  3.15e-15   685   277     0
1641.75  1.57e-14  3.18e-15   685   213     0
1643.42  6.55e-15  2.01e-15   685    89     0
1645.10  6.24e-15  1.68e-15   684    85     0
1646.78 -1.58e-15  1.58e-15   684   -21     0
1648.45 -8.72e-16  1.57e-15   683   -11     0
1650.13 -7.89e-16  1.56e-15   683   -10     0
1651.81  9.54e-16  1.59e-15   682    13     0
1653.48  6.04e-15  1.75e-15   682    84     0
1655.16  6.68e-15  1.81e-15   681    94     0
1656.83  7.60e-15  3.08e-15   681   107     0
1658.51  4.53e-15  3.69e-15   681    64     0
1660.19  3.27e-15  3.23e-15   680    46     0
1661.86  5.23e-16  1.58e-15   680     7     0
1663.54  2.88e-15  1.52e-15   679    41     0
1665.22 -6.74e-16  1.48e-15   679    -9     0
1666.89  1.60e-15  1.49e-15   678    22     0
1668.57 -9.70e-16  1.46e-15   678   -14     0
1670.24  1.35e-15  1.47e-15   678    19     0
1671.92  2.30e-16  1.45e-15   677     3     0
1673.60 -2.57e-15  1.44e-15   677   -37     0
1675.27  1.13e-15  1.44e-15   676    16     0
1676.95  3.91e-16  1.42e-15   676     5     0
1678.63 -1.70e-15  1.40e-15   676   -25     0
1680.30 -9.44e-16  1.38e-15   675   -14     0
1681.98 -8.30e-16  1.37e-15   675   -12     0
1683.66 -2.66e-15  1.36e-15   675   -40     0
1685.33 -1.66e-18  1.35e-15   674     0     0
1687.01  1.21e-15  1.35e-15   674    18     0
1688.68  2.86e-15  1.37e-15   673    44     0
1690.36  3.36e-15  1.38e-15   673    51     0
1692.04  1.62e-15  1.34e-15   673    25     0
1693.71  1.34e-15  1.33e-15   672    20     0
1695.39  3.28e-15  1.34e-15   672    51     0
1697.07  1.75e-15  1.30e-15   672    27     0
1698.74 -7.35e-16  1.27e-15   671   -11     0
1700.42  1.20e-16  1.26e-15   671     1     0
1702.10 -1.62e-15  1.25e-15   671   -25     0
1703.77 -3.10e-16  1.24e-15   670    -5     0
1705.45 -3.23e-16  1.23e-15   670    -5     0
1707.12  1.82e-15  1.25e-15   670    29     0
1708.80  2.20e-15  1.24e-15   669    36     0
1710.48  3.05e-15  1.26e-15   669    50     0
1712.15  1.77e-15  1.23e-15   669    29     0
1713.83  3.68e-15  1.25e-15   668    61     0
1715.51  3.39e-15  1.22e-15   668    57     0
1717.18  2.53e-15  1.19e-15   668    43     0
1718.86  1.20e-15  1.17e-15   668    20     0
1720.54  1.57e-15  1.16e-15   667    26     0
1722.21  2.67e-15  1.17e-15   667    46     0
1723.89  3.04e-15  1.17e-15   667    52     0
1725.56  9.18e-16  1.13e-15   667    15     0
1727.24  5.88e-16  1.12e-15   666    10     0
1728.92  2.13e-15  1.13e-15   666    37     0
1730.59  4.22e-15  1.14e-15   666    75     0
1732.27  5.73e-15  1.16e-15   666   103     0
1733.95  4.74e-15  1.13e-15   665    85     0
1735.62  3.44e-15  1.09e-15   665    63     0
1737.30  3.18e-15  1.09e-15   665    58     0
1738.97  3.33e-15  1.08e-15   665    62     0
1740.65  4.43e-15  1.09e-15   664    82     0
1742.33  7.48e-15  1.70e-15   664   140     0
1744.00  1.29e-14  3.93e-15   664   242     0
1745.68  7.17e-15  2.49e-15   664   136     0
1747.36  2.73e-15  1.03e-15   664    52     0
1749.03  1.57e-15  1.00e-15   663    30     0
1750.71  3.01e-15  1.04e-15   663    57     0
1752.39  3.09e-15  1.03e-15   663    59     0
1754.06  2.56e-15  1.02e-15   663    49     0
1755.74  3.10e-15  1.01e-15   663    60     0
1757.41  2.39e-15  9.86e-16   662    46     0
1759.09  2.85e-15  9.86e-16   662    56     0
1760.77  1.95e-15  9.64e-16   662    38     0
1762.44  2.48e-15  9.65e-16   662    49     0
1764.12  2.76e-15  9.62e-16   662    55     0
1765.80  2.67e-15  9.64e-16   662    53     0
1767.47  2.26e-15  9.51e-16   662    45     0
1769.15  2.59e-15  9.49e-16   661    52     0
1770.83  4.42e-16  9.08e-16   661     9     0
1772.50  1.26e-15  9.15e-16   661    25     0
1774.18 -8.36e-17  8.92e-16   661    -1     0
1775.85  1.13e-15  8.94e-16   661    23     0
1777.53  8.84e-16  8.84e-16   661    18     0
1779.21  7.59e-16  8.78e-16   661    15     0
1780.88  3.54e-15  9.32e-16   661    74     0
1782.56  2.52e-15  9.34e-16   661    53     0
1784.24  1.49e-15  9.86e-16   661    31     0
1785.91  1.92e-15  1.05e-15   661    40     0
1787.59  1.71e-15  1.01e-15   661    36     0
1789.26 -3.96e-16  1.01e-15   661    -8     0
1790.94 -8.32e-16  8.54e-16   661   -17     0
1792.62  2.63e-15  8.67e-16   660    56     0
1794.29  2.88e-15  8.67e-16   660    62     0
1795.97  1.41e-15  8.48e-16   660    30     0
1797.65  1.11e-15  8.39e-16   660    24     0
1799.32  3.03e-16  8.22e-16   660     6     0
1801.00  9.16e-16  8.33e-16   660    19     0
1802.68  1.60e-15  8.41e-16   660    34     0
1804.35  2.82e-15  8.55e-16   661    61     0
1806.03  3.28e-15  8.47e-16   661    72     0
1807.70  2.52e-15  8.33e-16   661    55     0
1809.38  4.50e-15  8.56e-16   661    99     0
1811.06  4.98e-15  8.65e-16   661   109     0
1812.73  4.21e-15  8.48e-16   661    92     0
1814.41  4.40e-15  8.57e-16   661    97     0
1816.09  5.80e-15  8.63e-16   661   128     0
1817.76  5.45e-15  8.55e-16   661   121     0
1819.44  3.25e-15  8.23e-16   661    72     0
1821.12  1.86e-15  8.02e-16   661    41     0
1822.79  9.15e-16  7.87e-16   661    20     0
1824.47 -4.48e-16  7.72e-16   661   -10     0
1826.14  1.23e-16  7.67e-16   662     2     0
1827.82  1.24e-15  7.82e-16   662    27     0
1829.50  1.46e-15  7.82e-16   662    32     0
1831.17  7.56e-16  7.74e-16   662    16     0
1832.85 -3.74e-17  7.62e-16   662     0     0
1834.53  1.19e-15  7.76e-16   662    26     0
1836.20  8.53e-17  7.59e-16   663     1     0
1837.88  3.64e-16  7.61e-16   663     8     0
1839.55  8.72e-16  7.66e-16   663    19     0
1841.23  1.22e-15  7.73e-16   663    27     0
1842.91  2.36e-15  7.88e-16   663    52     0
1844.58  1.53e-15  7.76e-16   664    34     0
1846.26  7.07e-16  7.62e-16   664    15     0
1847.94  8.98e-16  7.63e-16   664    20     0
1849.61  1.03e-15  7.64e-16   664    23     0
1851.29  4.89e-16  7.48e-16   665    11     0
1852.97  5.17e-17  7.44e-16   665     1     0
1854.64  6.51e-16  7.49e-16   665    14     0
1856.32  6.53e-17  7.46e-16   666     1     0
1857.99  2.39e-16  7.47e-16   666     5     0
1859.67  6.09e-16  7.52e-16   666    13     0
1861.35  1.95e-16  7.42e-16   667     4     0
1863.02  6.00e-16  7.48e-16   667    13     0
1864.70  4.02e-16  7.45e-16   667     8     0
1866.38  9.27e-16  7.55e-16   668    20     0
1868.05  1.45e-15  7.62e-16   668    32     0
1869.73  2.11e-15  7.71e-16   669    46     0
1871.41  1.31e-15  7.58e-16   669    28     0
1873.08  1.32e-15  7.58e-16   669    29     0
1874.76  1.38e-15  7.59e-16   670    30     0
1876.43  1.73e-15  7.70e-16   670    37     0
1878.11  2.57e-15  7.82e-16   671    55     0
1879.79  2.09e-15  7.76e-16   671    45     0
1881.46  6.12e-16  7.49e-16   672    13     0
1883.14 -8.40e-17  7.41e-16   672    -1     0
1884.82  5.00e-16  7.47e-16   673    10     0
1886.49  7.88e-16  7.51e-16   673    17     0
1888.17  2.73e-16  7.44e-16   674     5     0
1889.85  1.88e-15  7.67e-16   674    40     0
1891.52  1.69e-15  7.68e-16   675    36     0
1893.20  2.33e-15  7.76e-16   676    50     0
1894.87  2.48e-15  7.79e-16   676    53     0
1896.55  2.85e-15  7.79e-16   677    61     0
1898.23  2.52e-15  7.75e-16   677    54     0
1899.90  1.74e-15  7.64e-16   678    37     0
1901.58  2.06e-15  7.67e-16   679    44     0
1903.26  2.86e-15  7.78e-16   679    61     0
1904.93  2.02e-15  7.66e-16   680    43     0
1906.61  1.43e-15  7.58e-16   681    30     0
1908.28  2.21e-15  7.70e-16   681    47     0
1909.96  1.91e-15  7.65e-16   682    40     0
1911.64  1.62e-15  7.76e-16   683    34     0
1913.31  1.12e-15  8.06e-16   684    23     0
1914.99  3.45e-16  7.75e-16   684     7     0
1916.67  5.53e-16  8.36e-16   685    11     0
1918.34  1.02e-15  8.66e-16   686    21     0
1920.02  1.45e-15  8.75e-16   687    30     0
1921.70  3.06e-15  1.12e-15   688    64     0
1923.37  2.49e-15  8.51e-16   689    52     0
1925.05  3.27e-15  7.76e-16   690    68     0
1926.72  2.74e-15  7.68e-16   690    57     0
1928.40  2.42e-15  7.63e-16   691    51     0
1930.08  2.30e-15  7.61e-16   692    48     0
1931.75  1.70e-15  7.51e-16   693    35     0
1933.43  1.58e-15  7.47e-16   694    33     0
1935.11  5.29e-16  7.23e-16   695    11     0
1936.78  1.11e-16  7.15e-16   696     2     0
1938.46  1.13e-16  7.12e-16   697     2     0
1940.14 -9.87e-17  7.12e-16   698    -2     0
1941.81 -7.46e-17  7.09e-16   699    -1     0
1943.49  8.44e-17  7.06e-16   701     1     0
1945.16  3.16e-16  7.04e-16   702     6     0
1946.84  5.58e-16  7.04e-16   703    12     0
1948.52  9.60e-16  7.07e-16   704    20     0
1950.19  1.80e-15  7.11e-16   705    39     0
1951.87  2.45e-15  7.17e-16   706    54     0
1953.55  1.62e-15  7.02e-16   708    36     0
1955.22  1.40e-15  6.99e-16   709    31     0
1956.90  9.79e-16  6.91e-16   710    21     0
1958.57  9.96e-16  6.87e-16   711    22     0
1960.25  1.72e-15  6.98e-16   713    38     0
1961.93  2.45e-15  7.07e-16   714    54     0
1963.60  2.38e-15  7.04e-16   715    53     0
1965.28  2.12e-15  7.05e-16   717    46     0
1966.96  2.29e-15  7.07e-16   718    50     0
1968.63  2.66e-15  7.12e-16   720    58     0
1970.31  2.92e-15  7.14e-16   721    64     0
1971.99  4.31e-15  8.08e-16   723    94     0
1973.66  5.33e-15  7.93e-16   724   116     0
1975.34  4.35e-15  7.40e-16   726    94     0
1977.01  2.80e-15  7.25e-16   727    60     0
1978.69  2.42e-15  7.22e-16   729    52     0
