NOT ORIGINAL IUE PROJECT DATA PRODUCT
SWP9707LOWLARGE
HD  197481
20:42:06
-31:31:05
48
NO-TRAIL
X-OFFSETS
10797.914
06/08/80
03:52:54
219
11.80
11/11/94
GSFC
2444457.66174
0
34
1150.58 -1.81e-14  3.26e-14   632   -21     0
1152.26  1.74e-14  3.07e-14   632    22     0
1153.93 -4.28e-14  2.87e-14   632   -58     0
1155.61 -5.34e-14  2.67e-14   632   -77     0
1157.29  4.40e-14  2.54e-14   632    68     0
1158.96 -2.46e-14  2.28e-14   631   -41     0
1160.64 -5.21e-15  2.07e-14   631    -9     0
1162.31  1.10e-14  1.98e-14   631    22     0
1163.99 -2.86e-15  1.79e-14   631    -6     0
1165.67 -1.25e-14  1.75e-14   631   -27     0
1167.34 -1.58e-15  1.63e-14   631    -3     0
1169.02 -5.61e-15  1.52e-14   631   -14     0
1170.70  4.15e-14  1.87e-14   631   110     0
1172.37  1.29e-14  1.34e-14   630    36     0
1174.05  5.99e-14  1.33e-14   630   182     0
1175.73 -2.30e-15  1.16e-14   630    -7     0
1177.40  2.59e-14  1.12e-14   630    89     0
1179.08  1.97e-14  1.05e-14   629    72     0
1180.75  9.60e-15  9.90e-15   629    36     0
1182.43 -8.61e-16  9.27e-15   629    -3     0
1184.11  1.77e-14  9.80e-15   629    75     0
1185.78 -3.08e-15  8.60e-15   628   -13     0
1187.46 -1.67e-14  8.60e-15   628   -79     0
1189.14  2.01e-14  8.75e-15   628    99     0
1190.81 -5.11e-15  1.21e-14   627   -25     0
1192.49  4.71e-15  7.68e-15   627    24     0
1194.17 -6.67e-15  8.24e-15   627   -36     0
1195.84 -9.58e-15  7.12e-15   626   -53     0
1197.52  2.06e-14  6.64e-15   626   118     0
1199.19  1.98e-14  6.42e-15   625   117     0
1200.87  3.15e-14  6.55e-15   625   189     0
1202.55  3.02e-14  8.03e-15   625   187     0
1204.22  4.40e-14  1.42e-14   624   281     0
1205.90  1.53e-13  3.26e-14   624  1008     0
1207.58  2.75e-13  5.15e-14   623  1861     0
1209.25  5.29e-13  1.01e-13   623  3677     0
1210.93  2.96e-13  1.24e-13   622  2091     0
1212.60  3.93e-13  1.48e-13   622  2852     0
1214.28  2.96e-13  1.37e-13   621  2204 -1280
1215.96  2.10e-13  9.78e-14   621  1598 -1280
1217.63  2.49e-13  1.02e-13   620  1942     0
1219.31  3.17e-13  7.04e-14   620  2526     0
1220.99  1.42e-13  3.22e-14   619  1157     0
1222.66  5.87e-14  1.29e-14   619   488     0
1224.34  2.19e-14  6.34e-15   618   185     0
1226.02 -3.40e-16  4.55e-15   618    -2     0
1227.69  6.78e-15  4.22e-15   617    59     0
1229.37  1.43e-14  4.15e-15   617   126     0
1231.04  1.35e-14  4.12e-15   616   120     0
1232.72  1.24e-14  4.06e-15   616   112     0
1234.40  2.35e-15  4.17e-15   615    21     0
1236.07  1.32e-14  3.94e-15   614   121     0
1237.75  2.17e-15  4.17e-15   614    20     0
1239.43  1.42e-14  4.25e-15   613   134     0
1241.10  5.37e-15  3.82e-15   613    51     0
1242.78  9.46e-15  3.66e-15   612    91     0
1244.46  2.94e-15  3.89e-15   612    28     0
1246.13  4.30e-15  3.47e-15   611    42     0
1247.81  8.11e-15  3.50e-15   610    81     0
1249.48 -2.18e-15  3.34e-15   610   -21     0
1251.16  3.19e-15  3.40e-15   609    31     0
1252.84 -3.31e-15  3.34e-15   609   -33     0
1254.51  8.10e-15  5.17e-15   608    81     0
1256.19  2.06e-15  3.26e-15   607    21     0
1257.87  1.75e-15  3.33e-15   607    18     0
1259.54  9.56e-15  3.33e-15   606    99     0
1261.22  1.30e-15  3.20e-15   606    13     0
1262.89  7.52e-15  3.66e-15   605    78     0
1264.57 -4.75e-15  3.18e-15   604   -49     0
1266.25  6.16e-15  3.41e-15   604    64     0
1267.92  5.27e-15  3.48e-15   603    55     0
1269.60  2.84e-15  3.96e-15   603    29     0
1271.28 -3.56e-17  3.22e-15   602     0     0
1272.95  4.33e-15  3.79e-15   601    46     0
1274.63  2.09e-15  3.02e-15   601    22     0
1276.31  3.43e-16  2.96e-15   600     3     0
1277.98  3.19e-15  3.10e-15   600    34     0
1279.66 -4.59e-15  2.93e-15   599   -50     0
1281.33 -1.20e-15  3.11e-15   598   -13     0
1283.01 -8.54e-15  2.96e-15   598   -93     0
1284.69 -4.83e-15  2.90e-15   597   -52     0
1286.36  1.22e-15  2.95e-15   597    13     0
1288.04  4.29e-15  3.08e-15   596    46     0
1289.72  9.49e-15  3.52e-15   595   103     0
1291.39  1.69e-15  2.90e-15   595    18     0
1293.07 -2.73e-15  2.86e-15   594   -29     0
1294.75 -6.11e-15  2.85e-15   593   -66     0
1296.42  5.41e-15  2.97e-15   593    58     0
1298.10  1.01e-15  3.08e-15   592    10     0
1299.77 -4.97e-16  2.93e-15   592    -5     0
1301.45  1.81e-14  4.06e-15   591   199     0
1303.13  2.11e-14  4.96e-15   590   232     0
1304.80  1.55e-14  6.28e-15   590   170     0
1306.48  1.36e-14  3.36e-15   589   152     0
1308.16  1.13e-14  3.27e-15   589   126     0
1309.83 -5.36e-15  4.09e-15   588   -59     0
1311.51  4.69e-15  3.02e-15   587    50     0
1313.19 -2.85e-15  2.90e-15   587   -30     0
1314.86 -1.67e-15  2.92e-15   586   -18     0
1316.54 -2.50e-15  2.93e-15   586   -26     0
1318.21  4.25e-15  3.23e-15   585    45     0
1319.89 -8.59e-15  3.16e-15   584   -92     0
1321.57  5.32e-15  3.82e-15   584    58     0
1323.24 -4.34e-15  4.55e-15   583   -47     0
1324.92 -3.28e-15  4.45e-15   583   -35     0
1326.60  1.29e-16  2.81e-15   582     1     0
1328.27  2.51e-15  3.87e-15   582    27     0
1329.95 -2.08e-15  4.45e-15   581   -22     0
1331.62  1.30e-14  4.72e-15   580   138     0
1333.30  2.20e-14  4.50e-15   580   233     0
1334.98  3.77e-14  9.35e-15   579   399     0
1336.65  3.37e-14  5.12e-15   579   350     0
1338.33  1.69e-14  3.85e-15   578   174     0
1340.01 -7.26e-16  3.55e-15   578    -7     0
1341.68 -7.63e-16  3.38e-15   577    -7     0
1343.36  7.58e-15  3.31e-15   577    79     0
1345.04 -1.37e-15  4.82e-15   576   -14     0
1346.71  9.00e-16  3.96e-15   575     9     0
1348.39 -1.74e-15  2.92e-15   575   -17     0
1350.06 -1.07e-15  2.82e-15   574   -10     0
1351.74 -1.08e-14  4.34e-15   574  -108     0
1353.42 -7.84e-16  2.88e-15   573    -7     0
1355.09  2.24e-15  3.33e-15   573    22     0
1356.77  6.71e-15  3.03e-15   572    66     0
1358.45  4.60e-15  2.93e-15   572    45     0
1360.12  1.30e-15  4.19e-15   571    12     0
1361.80 -2.63e-15  4.54e-15   571   -26     0
1363.48  2.52e-15  5.09e-15   570    24     0
1365.15  6.74e-15  3.00e-15   570    66     0
1366.83 -4.04e-15  2.86e-15   569   -39     0
1368.50  7.26e-15  3.90e-15   569    70     0
1370.18  1.46e-15  3.17e-15   568    13     0
1371.86  3.32e-15  3.67e-15   568    31     0
1373.53 -9.08e-15  8.13e-15   567   -85     0
1375.21 -1.02e-14  4.39e-15   567   -95     0
1376.89  1.55e-14  6.14e-15   566   144     0
1378.56  4.00e-15  5.45e-15   566    37     0
1380.24  8.73e-15  3.43e-15   565    80     0
1381.91 -3.09e-15  4.97e-15   565   -28     0
1383.59  3.18e-15  4.07e-15   564    28     0
1385.27  4.32e-15  3.28e-15   564    38     0
1386.94 -2.35e-15  3.70e-15   563   -21     0
1388.62 -1.58e-15  3.35e-15   563   -14     0
1390.30  5.15e-15  3.24e-15   562    45     0
1391.97  1.35e-15  5.47e-15   562    11     0
1393.65  1.88e-14  4.25e-15   561   164     0
1395.33  2.32e-14  5.95e-15   561   202     0
1397.00  9.28e-15  3.51e-15   561    80     0
1398.68  6.78e-15  3.36e-15   560    58     0
1400.35  1.41e-14  4.84e-15   560   119     0
1402.03  1.25e-14  3.46e-15   559   104     0
1403.71  2.11e-14  6.36e-15   559   176     0
1405.38  5.22e-15  9.91e-15   558    43     0
1407.06  3.97e-15  3.21e-15   558    33     0
1408.74 -1.59e-15  4.51e-15   558   -13     0
1410.41  8.28e-15  3.36e-15   557    67     0
1412.09  1.08e-14  3.58e-15   557    87     0
1413.77 -6.76e-15  4.75e-15   556   -54     0
1415.44  4.28e-15  3.48e-15   556    33     0
1417.12 -3.16e-15  3.82e-15   555   -24     0
1418.79 -8.20e-16  3.44e-15   555    -6     0
1420.47  2.83e-15  3.82e-15   555    22     0
1422.15  1.08e-15  3.62e-15   554     8     0
1423.82  6.99e-16  4.14e-15   554     5     0
1425.50  4.09e-15  3.41e-15   553    31     0
1427.18 -6.78e-15  4.90e-15   553   -51     0
1428.85  1.97e-15  5.15e-15   553    14     0
1430.53  8.55e-16  3.42e-15   552     6     0
1432.20  5.41e-15  4.74e-15   552    40     0
1433.88 -8.93e-16  4.44e-15   551    -6     0
1435.56  1.20e-15  5.20e-15   551     8     0
1437.23  3.21e-15  3.70e-15   551    23     0
1438.91  3.09e-15  3.54e-15   550    22     0
1440.59 -1.82e-15  3.50e-15   550   -13     0
1442.26 -1.50e-15  3.60e-15   550   -10     0
1443.94  2.47e-15  4.61e-15   549    17     0
1445.62  3.93e-15  3.61e-15   549    28     0
1447.29  7.48e-15  4.82e-15   549    53     0
1448.97 -8.18e-15  5.01e-15   548   -57     0
1450.64  4.41e-15  4.51e-15   548    30     0
1452.32 -4.77e-15  5.68e-15   547   -33     0
1454.00 -5.69e-15  3.55e-15   547   -39     0
1455.67 -9.98e-16  4.18e-15   547    -6     0
1457.35  5.11e-15  3.60e-15   546    35     0
1459.03 -4.21e-16  3.53e-15   546    -2     0
1460.70  2.62e-16  3.59e-15   546     1     0
1462.38  4.79e-15  3.87e-15   545    32     0
1464.06 -6.46e-15  3.75e-15   545   -43     0
1465.73  2.17e-15  3.55e-15   545    14     0
1467.41 -1.22e-15  3.54e-15   544    -8     0
1469.08  3.71e-15  3.81e-15   544    25     0
1470.76 -2.13e-15  3.55e-15   544   -14     0
1472.44  3.31e-15  3.68e-15   543    22     0
1474.11  9.94e-17  3.59e-15   543     0     0
1475.79 -2.68e-15  3.90e-15   543   -18     0
1477.47  6.54e-15  3.59e-15   542    44     0
1479.14 -1.26e-15  4.10e-15   542    -8     0
1480.82  1.84e-15  3.60e-15   542    12     0
1482.50  5.34e-15  3.58e-15   541    35     0
1484.17  3.39e-15  4.06e-15   541    22     0
1485.85 -8.61e-16  3.54e-15   541    -5     0
1487.52 -2.01e-15  3.54e-15   541   -13     0
1489.20 -3.77e-15  3.55e-15   540   -24     0
1490.88  6.22e-15  3.63e-15   540    41     0
1492.55 -6.46e-16  3.58e-15   540    -4     0
1494.23  1.84e-15  3.51e-15   539    12     0
1495.91  1.46e-15  3.57e-15   539     9     0
1497.58 -5.29e-15  4.55e-15   539   -33     0
1499.26 -9.70e-15  3.89e-15   538   -62     0
1500.93  1.40e-15  3.62e-15   538     8     0
1502.61  8.38e-15  3.75e-15   538    52     0
1504.29 -3.51e-15  3.63e-15   538   -21     0
1505.96  3.29e-15  3.83e-15   537    20     0
1507.64  2.68e-15  4.17e-15   537    16     0
1509.32  5.98e-15  3.74e-15   537    36     0
1510.99  2.27e-15  3.64e-15   536    14     0
1512.67 -7.41e-15  5.43e-15   536   -45     0
1514.35  1.52e-15  5.39e-15   536     9     0
1516.02  7.07e-15  3.74e-15   536    43     0
1517.70  2.04e-15  3.64e-15   535    12     0
1519.37 -1.38e-15  5.01e-15   535    -8     0
1521.05  3.83e-16  3.76e-15   535     2     0
1522.73 -5.13e-15  4.07e-15   534   -31     0
1524.40 -1.18e-15  3.66e-15   534    -7     0
1526.08  3.54e-15  3.77e-15   534    21     0
1527.76  5.20e-15  4.53e-15   534    31     0
1529.43 -2.35e-15  3.86e-15   533   -14     0
1531.11  2.54e-15  3.73e-15   533    15     0
1532.79  7.67e-15  3.82e-15   533    45     0
1534.46  2.75e-15  3.81e-15   532    16     0
1536.14  2.96e-15  3.90e-15   532    17     0
1537.81  1.27e-14  4.97e-15   532    74     0
1539.49  1.64e-14  3.96e-15   532    95     0
1541.17  7.97e-15  3.82e-15   531    46     0
1542.84  1.05e-14  4.30e-15   531    61     0
1544.52  3.82e-14  4.80e-15   531   223     0
1546.20  6.49e-14  9.18e-15   531   379     0
1547.87  8.12e-14  1.44e-14   530   475     0
1549.55  7.29e-14  1.23e-14   530   426     0
1551.22  4.11e-14  5.00e-15   530   242     0
1552.90  2.78e-14  4.09e-15   530   164     0
1554.58  7.19e-15  3.68e-15   529    42     0
1556.25  7.83e-15  3.69e-15   529    46     0
1557.93  1.61e-14  4.18e-15   529    95     0
1559.61  7.38e-15  5.10e-15   529    43     0
1561.28  1.07e-14  3.73e-15   528    63     0
1562.96  7.97e-15  3.67e-15   528    47     0
1564.64  7.77e-15  3.65e-15   528    45     0
1566.31  9.18e-15  3.71e-15   528    53     0
1567.99  2.86e-15  3.59e-15   527    16     0
1569.66  1.48e-14  3.80e-15   527    86     0
1571.34  5.42e-15  4.14e-15   527    32     0
1573.02  7.94e-15  3.89e-15   527    47     0
1574.69 -4.71e-15  3.66e-15   526   -28     0
1576.37  8.54e-16  3.41e-15   526     5     0
1578.05  2.44e-15  3.92e-15   526    14     0
1579.72  8.96e-15  3.52e-15   526    54     0
1581.40  4.55e-15  3.48e-15   525    27     0
1583.08  1.35e-14  5.28e-15   525    81     0
1584.75  3.70e-15  3.51e-15   525    22     0
1586.43  7.55e-15  3.49e-15   525    45     0
1588.10 -2.87e-15  3.37e-15   524   -17     0
1589.78  1.94e-15  3.38e-15   524    11     0
1591.46 -7.96e-16  3.31e-15   524    -4     0
1593.13 -3.59e-15  3.30e-15   524   -21     0
1594.81  3.52e-15  3.69e-15   523    21     0
1596.49  2.60e-15  3.34e-15   523    15     0
1598.16 -8.35e-16  3.30e-15   523    -5     0
1599.84  5.50e-15  3.37e-15   523    33     0
1601.52  1.31e-14  3.59e-15   522    79     0
1603.19  2.51e-15  4.07e-15   522    15     0
1604.87  7.80e-15  4.75e-15   522    47     0
1606.54  1.05e-14  3.39e-15   522    64     0
1608.22  9.86e-15  3.45e-15   521    60     0
1609.90  8.97e-15  3.33e-15   521    55     0
1611.57  8.15e-15  3.31e-15   521    50     0
1613.25  8.88e-16  3.46e-15   521     5     0
1614.93 -4.50e-16  3.15e-15   520    -2     0
1616.60  7.61e-15  3.70e-15   520    47     0
1618.28  6.48e-15  4.24e-15   520    40     0
1619.95  5.32e-15  3.48e-15   520    33     0
1621.63  5.38e-15  3.19e-15   519    33     0
1623.31  1.14e-14  3.28e-15   519    71     0
1624.98  6.91e-15  3.45e-15   519    43     0
1626.66  4.42e-15  3.13e-15   519    27     0
1628.34 -3.13e-15  3.06e-15   518   -19     0
1630.01  4.76e-15  3.05e-15   518    30     0
1631.69  1.21e-14  3.17e-15   518    78     0
1633.37  1.02e-14  3.43e-15   518    65     0
1635.04  1.85e-14  4.54e-15   518   117     0
1636.72  3.37e-14  6.85e-15   517   215     0
1638.39  4.95e-14  9.12e-15   517   317     0
1640.07  5.86e-14  9.15e-15   517   378     0
1641.75  3.17e-14  5.34e-15   517   205     0
1643.42  9.12e-15  3.19e-15   516    59     0
1645.10  9.95e-15  3.03e-15   516    64     0
1646.78  5.12e-15  3.14e-15   516    33     0
1648.45  7.71e-15  2.96e-15   516    50     0
1650.13  8.40e-15  3.10e-15   515    55     0
1651.81  1.27e-14  3.45e-15   515    84     0
1653.48  2.16e-14  3.35e-15   515   144     0
1655.16  2.70e-14  6.24e-15   515   178     0
1656.83  2.22e-14  6.62e-15   515   147     0
1658.51  1.86e-14  6.12e-15   514   124     0
1660.19  1.79e-14  6.30e-15   514   119     0
1661.86  2.99e-14  1.85e-14   514   199     0
1663.54  1.93e-14  7.83e-15   514   129     0
1665.22  9.53e-15  2.79e-15   513    65     0
1666.89  1.22e-14  2.82e-15   513    84     0
1668.57  1.03e-14  2.77e-15   513    71     0
1670.24  5.33e-16  2.63e-15   513     3     0
1671.92  3.19e-15  2.66e-15   513    22     0
1673.60  2.38e-15  2.65e-15   512    16     0
1675.27  3.39e-15  2.71e-15   512    23     0
1676.95  1.57e-15  2.73e-15   512    10     0
1678.63  2.11e-15  2.57e-15   512    14     0
1680.30  6.76e-16  2.51e-15   511     4     0
1681.98  2.51e-15  2.53e-15   511    17     0
1683.66  4.76e-15  2.55e-15   511    34     0
1685.33  4.11e-15  2.50e-15   511    29     0
1687.01 -1.87e-16  2.42e-15   511    -1     0
1688.68  6.56e-16  2.41e-15   510     4     0
1690.36  1.21e-15  2.41e-15   510     8     0
1692.04  7.98e-16  2.39e-15   510     5     0
1693.71  1.58e-16  2.37e-15   510     1     0
1695.39  3.23e-15  2.39e-15   510    23     0
1697.07  2.64e-15  2.36e-15   509    19     0
1698.74  5.72e-16  2.94e-15   509     4     0
1700.42  4.08e-15  2.34e-15   509    30     0
1702.10  1.87e-15  2.47e-15   509    14     0
1703.77 -4.75e-15  2.27e-15   509   -36     0
1705.45  1.27e-16  2.22e-15   508     0     0
1707.12  5.54e-15  2.30e-15   508    43     0
1708.80  5.24e-15  2.37e-15   508    41     0
1710.48  7.11e-15  3.04e-15   508    56     0
1712.15  1.41e-14  8.37e-15   508   112     0
1713.83  1.92e-14  1.05e-14   508   153     0
1715.51  4.67e-15  2.72e-15   507    37     0
1717.18  2.81e-15  2.14e-15   507    22     0
1718.86  3.49e-16  2.09e-15   507     2     0
1720.54 -1.10e-15  2.09e-15   507    -8     0
1722.21  4.37e-16  2.07e-15   507     3     0
1723.89  2.74e-15  2.10e-15   506    22     0
1725.56  5.00e-17  1.98e-15   506     0     0
1727.24  1.80e-15  1.99e-15   506    15     0
1728.92  1.92e-15  1.97e-15   506    16     0
1730.59  3.15e-15  1.99e-15   506    27     0
1732.27  3.85e-15  1.98e-15   506    33     0
1733.95 -4.16e-16  1.91e-15   505    -3     0
1735.62  1.02e-14  4.21e-15   505    88     0
1737.30  1.56e-14  6.27e-15   505   136     0
1738.97  7.67e-15  1.98e-15   505    67     0
1740.65  3.48e-15  1.93e-15   505    30     0
1742.33  6.16e-15  1.96e-15   505    54     0
1744.00  1.16e-14  3.32e-15   505   102     0
1745.68  5.54e-15  2.70e-15   504    49     0
1747.36  4.14e-15  1.87e-15   504    37     0
1749.03  3.45e-15  1.84e-15   504    31     0
1750.71  2.56e-15  2.25e-15   504    23     0
1752.39  4.03e-15  1.83e-15   504    36     0
1754.06  1.47e-15  1.78e-15   504    13     0
1755.74  2.36e-16  1.73e-15   504     2     0
1757.41  6.65e-16  1.72e-15   504     6     0
1759.09  3.35e-16  1.70e-15   503     3     0
1760.77 -5.43e-16  1.69e-15   503    -5     0
1762.44 -5.23e-16  1.68e-15   503    -4     0
1764.12  1.15e-15  1.67e-15   503    10     0
1765.80  1.30e-16  1.67e-15   503     1     0
1767.47 -1.27e-15  1.66e-15   503   -12     0
1769.15 -3.28e-15  1.64e-15   503   -31     0
1770.83 -1.10e-15  1.64e-15   503   -10     0
1772.50  7.46e-16  1.63e-15   503     7     0
1774.18  1.46e-16  1.62e-15   503     1     0
1775.85 -1.22e-15  1.60e-15   502   -11     0
1777.53 -3.08e-15  1.59e-15   502   -30     0
1779.21  8.14e-17  1.58e-15   502     0     0
1780.88  4.70e-17  1.57e-15   502     0     0
1782.56  3.12e-15  1.72e-15   502    31     0
1784.24  3.73e-15  1.77e-15   502    37     0
1785.91  2.26e-15  1.91e-15   502    22     0
1787.59  6.14e-16  1.82e-15   502     6     0
1789.26  2.78e-15  1.80e-15   502    27     0
1790.94  1.67e-15  1.65e-15   502    16     0
1792.62  1.50e-15  1.53e-15   502    15     0
1794.29  3.65e-15  1.56e-15   502    37     0
1795.97  1.05e-15  1.51e-15   502    10     0
1797.65 -2.09e-15  1.49e-15   502   -21     0
1799.32 -2.82e-15  1.48e-15   502   -28     0
1801.00 -2.82e-15  1.47e-15   502   -28     0
1802.68  8.19e-16  1.47e-15   502     8     0
1804.35  5.28e-15  1.54e-15   502    54     0
1806.03  1.04e-14  2.13e-15   502   109     0
1807.70  1.13e-14  1.79e-15   502   118     0
1809.38  8.73e-15  1.56e-15   502    91     0
1811.06  6.13e-15  1.53e-15   502    64     0
1812.73  9.99e-15  1.57e-15   502   104     0
1814.41  1.65e-14  2.74e-15   502   173     0
1816.09  1.85e-14  3.55e-15   502   195     0
1817.76  1.58e-14  3.22e-15   502   167     0
1819.44  9.16e-15  2.26e-15   502    97     0
1821.12  3.66e-15  1.43e-15   502    39     0
1822.79  2.91e-15  1.41e-15   502    31     0
1824.47  3.50e-15  1.42e-15   502    37     0
1826.14  2.32e-15  1.38e-15   502    25     0
1827.82  1.73e-15  1.37e-15   502    18     0
1829.50  1.42e-15  1.38e-15   502    15     0
1831.17  8.02e-16  1.38e-15   502     8     0
1832.85 -1.36e-15  1.37e-15   502   -14     0
1834.53 -2.03e-15  1.36e-15   502   -21     0
1836.20 -1.34e-15  1.35e-15   502   -14     0
1837.88  3.73e-15  1.40e-15   503    39     0
1839.55  1.33e-15  1.61e-15   503    14     0
1841.23  5.88e-16  1.34e-15   503     6     0
1842.91  2.26e-16  1.34e-15   503     2     0
1844.58  1.41e-15  1.35e-15   503    14     0
1846.26 -4.49e-16  1.35e-15   503    -4     0
1847.94 -1.49e-15  1.35e-15   503   -15     0
1849.61  1.35e-15  1.37e-15   503    14     0
1851.29  3.53e-15  1.37e-15   504    37     0
1852.97  4.53e-15  1.41e-15   504    48     0
1854.64  4.16e-15  1.38e-15   504    44     0
1856.32  2.76e-15  1.37e-15   504    29     0
1857.99  3.70e-15  1.38e-15   504    39     0
1859.67  4.00e-15  1.38e-15   504    42     0
1861.35  6.20e-15  1.43e-15   505    64     0
1863.02  5.50e-15  1.42e-15   505    57     0
1864.70  1.67e-15  1.35e-15   505    17     0
1866.38  1.12e-15  1.32e-15   505    11     0
1868.05 -7.84e-16  1.30e-15   505    -8     0
1869.73  4.10e-16  1.30e-15   506     4     0
1871.41  6.94e-16  1.31e-15   506     7     0
1873.08 -6.45e-16  1.30e-15   506    -6     0
1874.76 -9.07e-16  1.30e-15   506    -9     0
1876.43  7.25e-17  1.30e-15   506     0     0
1878.11 -1.76e-16  1.30e-15   507    -1     0
1879.79  3.73e-16  1.31e-15   507     3     0
1881.46  1.53e-15  1.33e-15   507    15     0
1883.14  1.85e-15  1.33e-15   507    19     0
1884.82  3.54e-17  1.30e-15   508     0     0
1886.49  1.56e-16  1.30e-15   508     1     0
1888.17  1.79e-15  1.32e-15   508    18     0
1889.85  1.67e-15  1.32e-15   509    17     0
1891.52  1.47e-15  1.32e-15   509    15     0
1893.20  1.79e-15  1.33e-15   509    18     0
1894.87  1.46e-15  1.32e-15   510    14     0
1896.55  1.94e-15  1.32e-15   510    19     0
1898.23  2.10e-15  1.32e-15   510    21     0
1899.90  1.14e-15  1.31e-15   511    11     0
1901.58  2.74e-16  1.30e-15   511     2     0
1903.26 -3.59e-16  1.30e-15   511    -3     0
1904.93 -8.21e-16  1.29e-15   512    -8     0
1906.61  7.68e-17  1.31e-15   512     0     0
1908.28  6.47e-16  1.31e-15   512     6     0
1909.96  7.85e-16  1.31e-15   513     7     0
1911.64  1.08e-15  1.34e-15   513    10     0
1913.31  2.13e-15  1.41e-15   513    21     0
1914.99  2.48e-15  1.42e-15   514    24     0
1916.67  3.14e-15  1.49e-15   514    31     0
1918.34  3.96e-16  1.47e-15   515     4     0
1920.02 -6.46e-16  1.47e-15   515    -6     0
1921.70  2.67e-15  1.47e-15   516    27     0
1923.37  3.21e-15  1.44e-15   516    32     0
1925.05  2.79e-15  1.31e-15   516    27     0
1926.72  1.32e-15  1.28e-15   517    13     0
1928.40  2.57e-15  1.30e-15   517    25     0
1930.08  5.46e-15  1.35e-15   518    54     0
1931.75  3.55e-15  1.31e-15   518    35     0
1933.43  1.92e-15  1.28e-15   519    19     0
1935.11  4.08e-15  1.30e-15   519    41     0
1936.78  3.86e-15  1.29e-15   520    39     0
1938.46  2.91e-15  1.27e-15   520    29     0
1940.14  2.59e-15  1.26e-15   521    26     0
1941.81  3.77e-15  1.27e-15   521    38     0
1943.49  4.87e-15  1.28e-15   522    50     0
1945.16  3.62e-15  1.26e-15   522    37     0
1946.84  2.57e-15  1.24e-15   523    26     0
1948.52  3.21e-15  1.24e-15   523    33     0
1950.19  4.46e-15  1.25e-15   524    46     0
1951.87  5.11e-15  1.25e-15   525    53     0
1953.55  4.60e-15  1.24e-15   525    48     0
1955.22  3.04e-15  1.21e-15   526    31     0
1956.90  1.85e-15  1.19e-15   526    19     0
1958.57  2.08e-15  1.19e-15   527    21     0
1960.25  2.45e-15  1.19e-15   527    25     0
1961.93  2.84e-15  1.19e-15   528    29     0
1963.60  3.35e-15  1.20e-15   529    35     0
1965.28  3.31e-15  1.19e-15   529    34     0
1966.96  2.22e-15  1.17e-15   530    23     0
1968.63  2.43e-15  1.18e-15   530    25     0
1970.31  3.05e-15  1.19e-15   531    31     0
1971.99  3.42e-15  1.20e-15   532    35     0
1973.66  3.60e-15  1.21e-15   532    37     0
1975.34  1.44e-15  1.17e-15   533    14     0
1977.01  2.70e-15  1.20e-15   534    27     0
1978.69  3.97e-15  1.22e-15   534    40     0
