NOT ORIGINAL IUE PROJECT DATA PRODUCT
SWP9693LOWLARGE
HD  197481
20:42:06
-31:31:05
48
X-TRAIL
NO
7241.674
04/08/80
01:02:01
217
16.50
11/11/94
GSFC
2444455.54307
0
29
1150.58 -4.40e-15  4.39e-14   489    -3     0
1152.26  3.37e-14  4.15e-14   489    30     0
1153.93 -5.72e-14  3.87e-14   488   -54     0
1155.61  9.67e-16  3.75e-14   488     0     0
1157.29  2.09e-14  3.50e-14   488    21     0
1158.96 -5.89e-14  3.22e-14   488   -66     0
1160.64 -4.09e-15  3.04e-14   488    -4     0
1162.31  2.05e-14  2.85e-14   487    26     0
1163.99 -2.40e-14  2.63e-14   487   -32     0
1165.67 -2.46e-14  2.51e-14   487   -35     0
1167.34  1.40e-14  2.35e-14   487    21     0
1169.02 -2.76e-15  2.18e-14   487    -4     0
1170.70  4.09e-14  2.09e-14   486    71     0
1172.37 -3.85e-14  1.90e-14   486   -72     0
1174.05  3.73e-14  1.82e-14   486    74     0
1175.73 -2.70e-14  1.69e-14   485   -56     0
1177.40 -1.90e-14  1.61e-14   485   -42     0
1179.08  2.01e-14  1.51e-14   485    47     0
1180.75 -3.38e-15  1.58e-14   485    -8     0
1182.43  1.75e-14  1.37e-14   484    45     0
1184.11  8.08e-16  1.34e-14   484     2     0
1185.78 -3.25e-14  1.24e-14   484   -94     0
1187.46 -2.10e-14  1.24e-14   483   -64     0
1189.14  3.49e-14  1.31e-14   483   111     0
1190.81  4.94e-15  1.53e-14   482    15     0
1192.49  2.73e-15  1.09e-14   482     9     0
1194.17 -6.27e-15  1.43e-14   482   -21     0
1195.84 -1.28e-14  9.64e-15   481   -45     0
1197.52  2.36e-14  9.52e-15   481    87     0
1199.19  1.37e-14  9.06e-15   481    52     0
1200.87  1.90e-14  9.01e-15   480    73     0
1202.55  2.02e-14  8.97e-15   480    80     0
1204.22  2.88e-14  1.19e-14   479   118     0
1205.90  1.16e-13  2.81e-14   479   494     0
1207.58  1.99e-13  4.13e-14   479   871     0
1209.25  3.97e-13  7.05e-14   478  1788     0
1210.93  6.03e-13  1.03e-13   478  2756     0
1212.60  6.78e-13  1.20e-13   477  3178     0
1214.28  6.99e-13  1.31e-13   477  3360     0
1215.96  7.05e-13  1.18e-13   477  3458     0
1217.63  5.51e-13  9.23e-14   476  2764     0
1219.31  3.46e-13  6.63e-14   476  1771     0
1220.99  1.49e-13  3.27e-14   475   777     0
1222.66  6.11e-14  1.49e-14   475   324     0
1224.34  1.78e-14  6.25e-15   474    96     0
1226.02 -8.46e-15  8.34e-15   474   -46     0
1227.69 -3.94e-16  7.50e-15   474    -2     0
1229.37  1.16e-14  6.39e-15   473    65     0
1231.04  5.99e-15  5.61e-15   473    34     0
1232.72 -6.75e-15  5.71e-15   472   -39     0
1234.40 -9.47e-15  5.37e-15   472   -56     0
1236.07  8.79e-15  5.39e-15   471    52     0
1237.75 -1.09e-14  5.19e-15   471   -66     0
1239.43  1.19e-14  5.77e-15   470    73     0
1241.10  2.95e-15  5.64e-15   470    18     0
1242.78  4.27e-15  5.12e-15   469    26     0
1244.46 -6.21e-15  6.09e-15   469   -38     0
1246.13 -2.62e-15  4.87e-15   468   -16     0
1247.81  8.29e-15  4.92e-15   468    53     0
1249.48 -8.53e-15  4.77e-15   468   -55     0
1251.16  6.87e-15  5.08e-15   467    44     0
1252.84 -6.10e-15  4.77e-15   467   -39     0
1254.51  1.06e-15  5.40e-15   466     6     0
1256.19 -7.07e-15  4.68e-15   466   -46     0
1257.87 -1.18e-14  4.64e-15   465   -77     0
1259.54  9.80e-15  4.74e-15   465    64     0
1261.22  1.44e-15  4.56e-15   464     9     0
1262.89  3.49e-15  4.55e-15   464    23     0
1264.57 -1.55e-14  4.48e-15   463  -104     0
1266.25  3.98e-15  5.14e-15   463    26     0
1267.92  1.67e-16  4.99e-15   462     1     0
1269.60 -8.68e-16  6.77e-15   462    -5     0
1271.28 -1.05e-14  4.45e-15   462   -71     0
1272.95  8.27e-16  4.61e-15   461     5     0
1274.63 -2.89e-15  4.35e-15   461   -19     0
1276.31  4.27e-15  4.35e-15   460    29     0
1277.98  1.12e-14  6.66e-15   460    77     0
1279.66 -5.07e-15  4.62e-15   459   -35     0
1281.33 -8.10e-16  4.23e-15   459    -5     0
1283.01 -9.91e-15  5.02e-15   458   -68     0
1284.69 -2.24e-15  4.18e-15   458   -15     0
1286.36  1.17e-14  5.94e-15   457    82     0
1288.04  5.31e-15  4.25e-15   457    37     0
1289.72  9.60e-15  4.31e-15   456    67     0
1291.39  7.55e-15  4.27e-15   456    52     0
1293.07 -6.53e-15  4.12e-15   456   -45     0
1294.75 -3.98e-15  4.53e-15   455   -27     0
1296.42  9.30e-15  4.57e-15   455    65     0
1298.10 -2.15e-15  4.03e-15   454   -15     0
1299.77 -1.02e-14  4.97e-15   454   -72     0
1301.45  1.81e-14  6.13e-15   453   125     0
1303.13  1.08e-14  4.32e-15   453    75     0
1304.80  1.70e-15  5.49e-15   452    11     0
1306.48  1.45e-14  4.21e-15   452   102     0
1308.16  1.62e-14  5.95e-15   451   114     0
1309.83 -1.22e-14  4.97e-15   451   -85     0
1311.51  6.03e-15  4.06e-15   451    42     0
1313.19 -4.90e-15  4.84e-15   450   -34     0
1314.86  7.32e-16  3.98e-15   450     5     0
1316.54 -1.48e-15  4.10e-15   449   -10     0
1318.21  6.51e-16  4.81e-15   449     4     0
1319.89 -1.66e-14  4.44e-15   448  -116     0
1321.57  6.26e-16  4.45e-15   448     4     0
1323.24 -4.79e-15  7.06e-15   448   -33     0
1324.92 -6.51e-15  7.04e-15   447   -44     0
1326.60 -9.76e-16  4.30e-15   447    -6     0
1328.27  3.37e-15  6.05e-15   446    23     0
1329.95 -6.59e-15  4.38e-15   446   -45     0
1331.62  1.34e-14  4.98e-15   445    93     0
1333.30  8.27e-15  5.22e-15   445    57     0
1334.98  3.53e-16  6.84e-15   445     2     0
1336.65  1.62e-14  4.28e-15   444   108     0
1338.33  1.74e-14  6.08e-15   444   116     0
1340.01 -3.70e-15  5.43e-15   443   -24     0
1341.68  1.45e-15  5.70e-15   443     9     0
1343.36  8.03e-15  4.19e-15   443    53     0
1345.04 -1.03e-14  8.03e-15   442   -68     0
1346.71 -7.13e-15  7.47e-15   442   -47     0
1348.39  2.09e-15  3.96e-15   441    13     0
1350.06  1.31e-15  3.99e-15   441     8     0
1351.74 -1.99e-14  6.45e-15   441  -129     0
1353.42 -6.21e-17  4.22e-15   440     0     0
1355.09  1.42e-15  4.29e-15   440     9     0
1356.77  1.96e-15  4.11e-15   439    12     0
1358.45  7.25e-15  4.21e-15   439    45     0
1360.12 -3.22e-15  5.17e-15   439   -20     0
1361.80 -7.99e-15  5.00e-15   438   -50     0
1363.48 -5.34e-15  4.33e-15   438   -33     0
1365.15  5.98e-15  4.38e-15   438    37     0
1366.83 -6.95e-15  4.06e-15   437   -43     0
1368.50  1.35e-15  5.20e-15   437     8     0
1370.18 -1.30e-15  4.39e-15   436    -7     0
1371.86  1.10e-14  6.88e-15   436    66     0
1373.53 -2.20e-14  1.29e-14   436  -132     0
1375.21 -1.38e-14  6.61e-15   435   -83     0
1376.89  2.36e-14  6.74e-15   435   142     0
1378.56 -1.38e-15  5.38e-15   435    -8     0
1380.24  7.53e-15  5.75e-15   434    45     0
1381.91 -9.08e-15  6.52e-15   434   -54     0
1383.59 -6.03e-15  4.19e-15   434   -35     0
1385.27  2.58e-15  6.30e-15   433    15     0
1386.94 -3.94e-15  5.13e-15   433   -22     0
1388.62  3.61e-15  4.80e-15   433    20     0
1390.30  1.05e-14  4.40e-15   432    60     0
1391.97 -1.02e-14  6.50e-15   432   -57     0
1393.65  1.11e-14  6.66e-15   432    63     0
1395.33  7.33e-15  8.33e-15   431    41     0
1397.00  8.47e-15  6.44e-15   431    47     0
1398.68  1.85e-14  6.45e-15   431   102     0
1400.35  2.28e-15  4.90e-15   430    12     0
1402.03  8.98e-15  4.51e-15   430    49     0
1403.71  1.46e-15  5.31e-15   430     7     0
1405.38 -7.72e-15  8.10e-15   429   -42     0
1407.06  1.45e-14  5.08e-15   429    78     0
1408.74 -4.06e-15  5.67e-15   429   -21     0
1410.41  8.36e-15  5.70e-15   428    44     0
1412.09  1.13e-14  6.05e-15   428    60     0
1413.77 -1.12e-14  7.38e-15   428   -59     0
1415.44  3.73e-15  4.67e-15   427    19     0
1417.12  3.04e-15  6.54e-15   427    15     0
1418.79  2.30e-15  4.56e-15   427    11     0
1420.47  1.06e-15  4.96e-15   426     5     0
1422.15  6.78e-15  5.42e-15   426    34     0
1423.82 -9.70e-16  4.56e-15   426    -4     0
1425.50  4.03e-15  7.58e-15   425    20     0
1427.18 -1.50e-15  7.74e-15   425    -7     0
1428.85  9.17e-15  5.95e-15   425    45     0
1430.53  4.91e-15  5.07e-15   424    24     0
1432.20  1.20e-14  6.79e-15   424    59     0
1433.88  1.29e-14  7.30e-15   424    63     0
1435.56  2.02e-14  7.33e-15   424    97     0
1437.23  3.58e-14  7.64e-15   423   171     0
1438.91  2.36e-14  7.63e-15   423   112     0
1440.59  6.78e-15  5.63e-15   423    32     0
1442.26  2.52e-15  5.07e-15   422    11     0
1443.94  3.36e-15  4.98e-15   422    15     0
1445.62  1.35e-14  5.53e-15   422    63     0
1447.29  9.51e-15  5.88e-15   421    44     0
1448.97 -5.66e-15  6.89e-15   421   -26     0
1450.64  1.71e-14  7.66e-15   421    78     0
1452.32  6.70e-16  8.15e-15   421     3     0
1454.00  5.50e-15  4.84e-15   420    25     0
1455.67  1.10e-14  6.60e-15   420    50     0
1457.35  6.66e-15  4.85e-15   420    30     0
1459.03  5.01e-15  4.85e-15   419    22     0
1460.70  6.05e-15  4.89e-15   419    27     0
1462.38  1.46e-14  5.06e-15   419    65     0
1464.06 -2.71e-15  6.65e-15   419   -12     0
1465.73  4.42e-15  4.97e-15   418    20     0
1467.41 -1.10e-15  4.77e-15   418    -4     0
1469.08  9.80e-15  5.47e-15   418    44     0
1470.76  4.17e-15  6.05e-15   418    18     0
1472.44 -1.73e-15  4.84e-15   417    -7     0
1474.11  1.90e-15  4.78e-15   417     8     0
1475.79 -3.01e-15  5.15e-15   417   -13     0
1477.47  7.72e-15  4.90e-15   416    34     0
1479.14 -1.34e-14  4.85e-15   416   -58     0
1480.82 -6.51e-15  4.74e-15   416   -28     0
1482.50 -8.78e-15  4.72e-15   416   -38     0
1484.17 -3.18e-15  6.01e-15   415   -14     0
1485.85 -1.97e-15  5.64e-15   415    -8     0
1487.52  3.46e-16  4.86e-15   415     1     0
1489.20 -3.10e-15  4.92e-15   414   -13     0
1490.88  9.81e-15  5.19e-15   414    42     0
1492.55  3.11e-15  5.52e-15   414    13     0
1494.23  2.86e-15  4.73e-15   414    12     0
1495.91  1.44e-15  4.79e-15   413     6     0
1497.58 -2.07e-15  7.65e-15   413    -8     0
1499.26 -4.36e-15  8.17e-15   413   -18     0
1500.93  1.40e-14  5.27e-15   413    59     0
1502.61  2.27e-14  1.23e-14   412    95     0
1504.29 -1.08e-14  4.84e-15   412   -45     0
1505.96 -1.19e-15  5.45e-15   412    -4     0
1507.64 -8.85e-15  4.89e-15   412   -36     0
1509.32  4.38e-15  4.93e-15   411    17     0
1510.99  6.33e-15  4.92e-15   411    26     0
1512.67 -9.84e-15  8.89e-15   411   -40     0
1514.35  1.77e-15  5.76e-15   410     7     0
1516.02  2.09e-15  4.89e-15   410     8     0
1517.70  9.70e-16  4.87e-15   410     3     0
1519.37 -5.69e-15  6.87e-15   410   -23     0
1521.05 -6.22e-15  4.84e-15   409   -25     0
1522.73 -1.15e-14  5.68e-15   409   -46     0
1524.40 -5.90e-17  4.84e-15   409     0     0
1526.08  5.02e-15  4.92e-15   409    20     0
1527.76  4.28e-15  5.82e-15   408    17     0
1529.43 -7.47e-15  4.86e-15   408   -29     0
1531.11  1.55e-15  4.91e-15   408     6     0
1532.79  1.07e-15  4.91e-15   408     4     0
1534.46  2.27e-15  4.91e-15   407     8     0
1536.14  3.13e-15  4.90e-15   407    12     0
1537.81  4.17e-15  4.91e-15   407    16     0
1539.49  1.08e-14  5.02e-15   407    42     0
1541.17  1.42e-15  4.87e-15   406     5     0
1542.84 -1.44e-15  5.30e-15   406    -5     0
1544.52  3.90e-15  9.93e-15   406    15     0
1546.20  7.21e-15  6.10e-15   405    28     0
1547.87  2.16e-14  9.27e-15   405    85     0
1549.55  2.33e-14  9.44e-15   405    91     0
1551.22  4.35e-15  7.09e-15   405    17     0
1552.90  7.83e-15  5.03e-15   404    30     0
1554.58  7.29e-16  4.73e-15   404     2     0
1556.25  2.56e-15  4.77e-15   404    10     0
1557.93 -6.41e-16  5.95e-15   404    -2     0
1559.61 -1.18e-14  5.01e-15   403   -46     0
1561.28  1.35e-16  4.65e-15   403     0     0
1562.96  7.38e-15  5.15e-15   403    29     0
1564.64 -1.06e-15  4.62e-15   403    -4     0
1566.31 -6.40e-15  4.61e-15   402   -25     0
1567.99 -1.06e-14  4.59e-15   402   -42     0
1569.66  6.81e-15  4.67e-15   402    27     0
1571.34  4.62e-15  4.63e-15   401    18     0
1573.02 -7.31e-16  4.61e-15   401    -2     0
1574.69 -5.50e-15  4.61e-15   401   -21     0
1576.37  3.88e-15  4.63e-15   401    15     0
1578.05  1.19e-14  1.29e-14   400    47     0
1579.72  3.92e-15  4.52e-15   400    15     0
1581.40 -2.26e-15  4.47e-15   400    -9     0
1583.08 -9.37e-16  4.50e-15   400    -3     0
1584.75 -5.33e-15  4.81e-15   399   -21     0
1586.43 -3.11e-15  4.46e-15   399   -12     0
1588.10  2.35e-16  4.44e-15   399     0     0
1589.78  2.39e-15  4.44e-15   399     9     0
1591.46 -7.44e-15  4.38e-15   398   -30     0
1593.13 -5.44e-15  4.54e-15   398   -21     0
1594.81 -3.66e-15  5.96e-15   398   -14     0
1596.49  1.13e-14  4.58e-15   398    45     0
1598.16  5.45e-15  4.43e-15   397    21     0
1599.84  3.07e-15  4.35e-15   397    12     0
1601.52  1.16e-14  4.47e-15   397    47     0
1603.19  2.77e-15  6.92e-15   396    11     0
1604.87 -1.41e-15  4.39e-15   396    -5     0
1606.54  4.76e-15  4.29e-15   396    19     0
1608.22  3.67e-15  4.24e-15   396    15     0
1609.90  9.98e-15  5.03e-15   395    40     0
1611.57  3.12e-15  4.17e-15   395    12     0
1613.25 -7.18e-15  4.80e-15   395   -29     0
1614.93 -5.41e-15  4.15e-15   395   -22     0
1616.60  5.73e-15  4.78e-15   394    23     0
1618.28  7.18e-15  4.23e-15   394    29     0
1619.95  5.70e-15  5.13e-15   394    23     0
1621.63 -3.00e-15  4.15e-15   394   -12     0
1623.31  2.18e-15  4.04e-15   393     9     0
1624.98  2.09e-16  4.00e-15   393     0     0
1626.66  4.01e-15  4.11e-15   393    16     0
1628.34 -1.15e-15  3.97e-15   392    -4     0
1630.01  7.50e-16  4.00e-15   392     3     0
1631.69  1.17e-14  5.32e-15   392    50     0
1633.37  4.75e-15  4.36e-15   392    20     0
1635.04  1.25e-14  4.10e-15   391    52     0
1636.72  1.14e-14  6.72e-15   391    48     0
1638.39  1.72e-14  6.90e-15   391    73     0
1640.07  1.94e-14  7.19e-15   391    83     0
1641.75  1.76e-14  5.29e-15   390    75     0
1643.42  8.67e-15  3.90e-15   390    37     0
1645.10  9.28e-15  3.91e-15   390    40     0
1646.78 -6.83e-15  3.73e-15   390   -29     0
1648.45 -3.66e-17  3.71e-15   389     0     0
1650.13  5.77e-15  3.78e-15   389    25     0
1651.81  6.01e-15  3.84e-15   389    26     0
1653.48  7.31e-15  4.02e-15   389    32     0
1655.16  1.28e-14  5.29e-15   388    57     0
1656.83  2.04e-15  7.83e-15   388     9     0
1658.51  1.21e-14  7.95e-15   388    54     0
1660.19  1.44e-14  7.03e-15   388    65     0
1661.86  1.03e-15  3.48e-15   387     4     0
1663.54  3.08e-15  3.50e-15   387    14     0
1665.22  1.38e-15  3.47e-15   387     6     0
1666.89  9.40e-15  3.60e-15   387    42     0
1668.57  1.07e-14  3.60e-15   386    49     0
1670.24  4.28e-15  3.47e-15   386    19     0
1671.92  7.58e-15  3.51e-15   386    34     0
1673.60  5.03e-15  3.45e-15   386    23     0
1675.27  3.61e-16  3.35e-15   385     1     0
1676.95  1.32e-15  3.31e-15   385     6     0
1678.63 -3.17e-15  3.29e-15   385   -14     0
1680.30 -5.68e-15  3.23e-15   385   -27     0
1681.98 -2.94e-15  3.21e-15   384   -14     0
1683.66  1.70e-15  3.19e-15   384     8     0
1685.33  1.29e-15  3.16e-15   384     6     0
1687.01 -1.78e-15  3.12e-15   384    -8     0
1688.68 -9.71e-17  3.10e-15   383     0     0
1690.36  1.54e-15  3.12e-15   383     7     0
1692.04  4.20e-15  3.14e-15   383    20     0
1693.71 -7.36e-17  3.06e-15   383     0     0
1695.39  1.04e-14  5.35e-15   383    52     0
1697.07  1.86e-14  7.21e-15   382    93     0
1698.74  3.69e-15  3.01e-15   382    18     0
1700.42  1.89e-15  2.97e-15   382     9     0
1702.10 -6.00e-15  2.92e-15   382   -30     0
1703.77 -4.66e-15  2.90e-15   382   -23     0
1705.45 -1.57e-15  2.87e-15   381    -8     0
1707.12  1.10e-15  2.86e-15   381     5     0
1708.80 -5.84e-15  2.82e-15   381   -30     0
1710.48  1.31e-15  2.83e-15   381     6     0
1712.15  1.89e-15  2.81e-15   380     9     0
1713.83  5.96e-15  2.87e-15   380    31     0
1715.51  4.70e-15  2.79e-15   380    25     0
1717.18  4.31e-15  2.76e-15   380    23     0
1718.86  6.73e-15  2.77e-15   380    36     0
1720.54  4.04e-15  2.72e-15   380    22     0
1722.21  4.04e-16  2.63e-15   379     2     0
1723.89  1.26e-15  2.62e-15   379     6     0
1725.56 -7.74e-16  2.60e-15   379    -4     0
1727.24  3.60e-15  4.49e-15   379    19     0
1728.92  6.98e-15  6.61e-15   379    39     0
1730.59  1.92e-15  3.94e-15   378    10     0
1732.27 -1.12e-15  2.49e-15   378    -6     0
1733.95 -1.32e-16  2.47e-15   378     0     0
1735.62  2.48e-15  2.45e-15   378    14     0
1737.30  9.49e-16  2.40e-15   378     5     0
1738.97  3.02e-15  2.41e-15   378    17     0
1740.65  6.41e-15  2.50e-15   378    37     0
1742.33  1.30e-14  3.15e-15   377    77     0
1744.00  2.72e-14  6.87e-15   377   162     0
1745.68  1.53e-14  6.35e-15   377    92     0
1747.36  7.61e-15  2.41e-15   377    46     0
1749.03  2.81e-15  2.33e-15   377    17     0
1750.71  6.07e-15  2.58e-15   377    36     0
1752.39  4.07e-15  2.35e-15   377    24     0
1754.06  5.57e-16  2.25e-15   377     3     0
1755.74  2.75e-15  2.24e-15   376    17     0
1757.41  6.25e-15  2.29e-15   376    38     0
1759.09  6.93e-15  2.29e-15   376    43     0
1760.77  2.95e-15  2.20e-15   376    18     0
1762.44  4.75e-17  2.13e-15   376     0     0
1764.12  2.58e-15  2.15e-15   376    16     0
1765.80  1.47e-15  2.13e-15   376     9     0
1767.47 -4.70e-17  2.10e-15   376     0     0
1769.15  2.69e-15  2.12e-15   376    17     0
1770.83  7.71e-16  2.07e-15   376     4     0
1772.50  1.55e-15  2.06e-15   376    10     0
1774.18  2.31e-15  2.07e-15   376    15     0
1775.85  6.38e-16  2.00e-15   376     4     0
1777.53  1.84e-15  2.02e-15   375    12     0
1779.21  3.49e-15  2.03e-15   375    23     0
1780.88  3.97e-15  2.03e-15   375    26     0
1782.56  4.07e-15  2.11e-15   375    27     0
1784.24  2.37e-15  2.17e-15   375    15     0
1785.91 -6.39e-16  2.32e-15   375    -4     0
1787.59 -2.70e-15  2.78e-15   375   -18     0
1789.26  1.05e-15  3.54e-15   375     7     0
1790.94  1.16e-15  2.05e-15   375     7     0
1792.62  2.64e-15  1.92e-15   375    18     0
1794.29  3.92e-16  1.87e-15   375     2     0
1795.97 -1.44e-15  1.87e-15   375    -9     0
1797.65 -4.27e-15  1.86e-15   375   -29     0
1799.32 -6.91e-15  1.85e-15   375   -47     0
1801.00 -4.58e-15  1.86e-15   375   -31     0
1802.68  8.44e-16  1.85e-15   376     5     0
1804.35  4.07e-15  1.90e-15   376    28     0
1806.03  2.36e-15  1.84e-15   376    16     0
1807.70  2.68e-15  1.84e-15   376    18     0
1809.38  3.86e-15  2.31e-15   376    27     0
1811.06  4.87e-15  2.69e-15   376    34     0
1812.73  6.02e-15  1.96e-15   376    42     0
1814.41  7.47e-15  2.88e-15   376    52     0
1816.09  9.12e-15  3.21e-15   376    64     0
1817.76  8.02e-15  3.41e-15   376    56     0
1819.44  4.44e-15  1.85e-15   376    31     0
1821.12  3.82e-15  1.80e-15   377    27     0
1822.79  5.86e-16  1.74e-15   377     4     0
1824.47 -4.70e-16  1.73e-15   377    -3     0
1826.14  4.95e-17  1.72e-15   377     0     0
1827.82  9.07e-16  1.73e-15   377     6     0
1829.50  2.36e-15  1.74e-15   377    16     0
1831.17  2.17e-15  1.74e-15   377    15     0
1832.85 -1.11e-15  1.70e-15   378    -7     0
1834.53 -4.40e-16  1.70e-15   378    -3     0
1836.20 -1.07e-15  1.69e-15   378    -7     0
1837.88  1.29e-15  1.71e-15   378     9     0
1839.55 -2.70e-16  1.68e-15   378    -1     0
1841.23  5.54e-16  1.69e-15   379     3     0
1842.91 -1.77e-15  1.68e-15   379   -12     0
1844.58 -1.59e-15  1.68e-15   379   -11     0
1846.26 -9.52e-16  1.68e-15   379    -6     0
1847.94 -1.17e-15  1.67e-15   380    -8     0
1849.61 -1.35e-15  1.67e-15   380    -9     0
1851.29 -2.19e-15  1.65e-15   380   -15     0
1852.97 -1.32e-15  1.65e-15   381    -9     0
1854.64  9.56e-16  1.65e-15   381     6     0
1856.32  2.59e-15  1.70e-15   381    18     0
1857.99  2.90e-15  1.70e-15   382    20     0
1859.67  1.84e-15  1.67e-15   382    13     0
1861.35 -1.57e-15  1.64e-15   382   -11     0
1863.02 -2.23e-16  1.64e-15   383    -1     0
1864.70 -7.26e-16  1.63e-15   383    -5     0
1866.38 -9.43e-16  1.64e-15   383    -6     0
1868.05 -1.91e-15  1.64e-15   384   -13     0
1869.73 -1.07e-17  1.63e-15   384     0     0
1871.41  9.91e-16  1.64e-15   385     6     0
1873.08  1.60e-15  1.65e-15   385    11     0
1874.76 -1.75e-15  1.63e-15   385   -12     0
1876.43 -1.08e-15  1.64e-15   386    -7     0
1878.11 -1.67e-15  1.64e-15   386   -11     0
1879.79 -2.38e-15  1.64e-15   387   -16     0
1881.46 -1.51e-15  1.63e-15   387   -10     0
1883.14 -4.81e-17  1.63e-15   388     0     0
1884.82  8.52e-16  1.63e-15   388     5     0
1886.49 -1.07e-15  1.62e-15   389    -7     0
1888.17 -2.21e-15  1.62e-15   389   -15     0
1889.85 -9.62e-16  1.62e-15   390    -6     0
1891.52 -6.49e-16  1.63e-15   390    -4     0
1893.20  2.26e-15  1.66e-15   391    15     0
1894.87  3.45e-15  1.68e-15   391    23     0
1896.55  3.91e-15  1.68e-15   392    26     0
1898.23  4.64e-15  1.69e-15   393    31     0
1899.90  3.38e-15  1.67e-15   393    23     0
1901.58  1.93e-15  1.64e-15   394    13     0
1903.26 -2.40e-16  1.61e-15   394    -1     0
1904.93 -4.87e-16  1.61e-15   395    -3     0
1906.61 -9.72e-16  1.61e-15   396    -6     0
1908.28  1.12e-15  1.63e-15   396     7     0
1909.96  7.10e-16  1.61e-15   397     4     0
1911.64  3.79e-16  1.64e-15   398     2     0
1913.31  4.09e-15  1.79e-15   398    27     0
1914.99  7.08e-16  1.72e-15   399     4     0
1916.67  1.93e-16  1.80e-15   400     1     0
1918.34  1.46e-15  1.92e-15   401     9     0
1920.02 -2.55e-15  1.86e-15   401   -17     0
1921.70 -1.30e-15  1.84e-15   402    -8     0
1923.37  4.53e-17  1.74e-15   403     0     0
1925.05  2.63e-15  1.67e-15   404    17     0
1926.72  1.09e-15  1.59e-15   405     7     0
1928.40 -4.05e-16  1.58e-15   405    -2     0
1930.08  9.66e-16  1.59e-15   406     6     0
1931.75  5.92e-16  1.58e-15   407     3     0
1933.43  7.04e-16  1.63e-15   408     4     0
1935.11 -3.47e-16  1.54e-15   409    -2     0
1936.78  4.89e-16  1.54e-15   410     3     0
1938.46  2.38e-15  1.57e-15   411    16     0
1940.14  5.46e-15  1.62e-15   412    37     0
1941.81  3.71e-15  1.59e-15   412    25     0
1943.49  7.07e-16  1.53e-15   413     4     0
1945.16  5.56e-17  1.51e-15   414     0     0
1946.84  4.84e-16  1.50e-15   415     3     0
1948.52  9.52e-16  1.50e-15   416     6     0
1950.19  9.23e-16  1.48e-15   417     6     0
1951.87  1.00e-15  1.47e-15   418     7     0
1953.55  1.68e-15  1.48e-15   419    11     0
1955.22  1.64e-15  1.48e-15   420    11     0
1956.90  2.02e-15  1.48e-15   422    14     0
1958.57  3.58e-16  1.45e-15   423     2     0
1960.25 -3.40e-16  1.44e-15   424    -2     0
1961.93  5.97e-17  1.44e-15   425     0     0
1963.60  1.22e-15  1.45e-15   426     8     0
1965.28  1.96e-16  1.44e-15   427     1     0
1966.96  7.80e-16  1.45e-15   428     5     0
1968.63  3.02e-16  1.44e-15   429     2     0
1970.31  1.39e-15  1.46e-15   431     9     0
1971.99  1.16e-15  1.46e-15   432     8     0
1973.66  2.20e-15  1.49e-15   433    15     0
1975.34  1.42e-15  1.47e-15   434     9     0
1977.01  1.69e-15  1.48e-15   435    11     0
1978.69  3.89e-16  1.49e-15   437     2     0
