NOT ORIGINAL IUE PROJECT DATA PRODUCT
SWP9701LOWLARGE
HD  197481
20:42:06
-31:31:05
48
NO-TRAIL
X-OFFSETS
10797.914
05/08/80
06:16:42
218
17.20
11/11/94
GSFC
2444456.76160
64
37
1150.58 -2.93e-14  3.40e-14   744   -35     0
1152.26  3.72e-14  3.24e-14   744    47     0
1153.93 -1.07e-14  3.00e-14   743   -14     0
1155.61 -3.45e-14  2.79e-14   743   -50     0
1157.29  2.93e-14  2.79e-14   743    45     0
1158.96  7.70e-14  6.23e-14   743   130     0
1160.64  1.21e-13  1.06e-13   743   224     0
1162.31  5.34e-14  2.61e-14   742   106     0
1163.99  4.76e-14  1.94e-14   742   101     0
1165.67 -5.86e-15  1.83e-14   742   -12     0
1167.34 -7.15e-15  1.70e-14   742   -16     0
1169.02 -2.37e-14  1.59e-14   741   -59     0
1170.70  2.87e-14  1.53e-14   741    76     0
1172.37  1.13e-14  1.41e-14   741    32     0
1174.05  4.50e-14  1.37e-14   740   137     0
1175.73 -8.25e-15  1.25e-14   740   -26     0
1177.40  6.03e-15  1.14e-14   740    20     0
1179.08  7.19e-15  1.08e-14   740    26     0
1180.75 -3.02e-15  1.03e-14   739   -11     0
1182.43  1.11e-14  9.77e-15   739    45     0
1184.11  1.36e-14  1.07e-14   739    58     0
1185.78 -6.89e-15  9.03e-15   739   -31     0
1187.46 -1.77e-14  9.27e-15   738   -84     0
1189.14  1.71e-14  9.15e-15   738    85     0
1190.81 -1.46e-14  1.20e-14   738   -73     0
1192.49 -1.04e-14  1.07e-14   737   -54     0
1194.17 -5.09e-15  7.78e-15   737   -27     0
1195.84 -8.45e-15  6.91e-15   737   -47     0
1197.52  2.06e-14  6.96e-15   737   118     0
1199.19  1.53e-14  6.67e-15   736    90     0
1200.87  2.27e-14  6.72e-15   736   137     0
1202.55  2.92e-14  8.39e-15   736   181     0
1204.22  4.35e-14  1.25e-14   735   278     0
1205.90  1.38e-13  3.20e-14   735   911     0
1207.58  2.79e-13  5.15e-14   735  1892     0
1209.25  5.04e-13  9.07e-14   735  3512     0
1210.93  3.55e-13  1.25e-13   734  2514     0
1212.60  4.42e-13  1.53e-13   734  3216     0
1214.28  2.06e-13  8.93e-14   734  1539 -1280
1215.96  2.47e-13  1.07e-13   733  1888 -1280
1217.63  1.52e-13  7.66e-14   733  1185 -1280
1219.31  3.80e-13  8.86e-14   733  3034     0
1220.99  1.91e-13  3.92e-14   733  1560     0
1222.66  7.43e-14  1.74e-14   732   620     0
1224.34  2.18e-14  5.84e-15   732   185     0
1226.02 -3.50e-15  6.90e-15   732   -29     0
1227.69  1.44e-15  4.34e-15   731    12     0
1229.37  5.55e-15  4.40e-15   731    49     0
1231.04  7.12e-15  4.23e-15   731    63     0
1232.72  1.02e-15  4.06e-15   731     9     0
1234.40 -2.29e-15  3.98e-15   730   -21     0
1236.07  1.35e-14  4.19e-15   730   124     0
1237.75 -9.72e-16  4.04e-15   730    -9     0
1239.43  1.13e-14  4.07e-15   730   106     0
1241.10  5.46e-15  3.83e-15   729    52     0
1242.78  6.02e-15  3.80e-15   729    58     0
1244.46  8.80e-17  5.61e-15   729     0     0
1246.13  4.22e-15  3.69e-15   729    41     0
1247.81  8.45e-15  3.72e-15   728    84     0
1249.48 -2.32e-15  3.56e-15   728   -23     0
1251.16  4.48e-15  3.65e-15   728    44     0
1252.84 -3.49e-15  3.55e-15   728   -35     0
1254.51  4.86e-15  4.43e-15   727    49     0
1256.19  5.33e-16  3.62e-15   727     5     0
1257.87 -5.63e-15  3.43e-15   727   -58     0
1259.54  9.12e-15  4.17e-15   727    94     0
1261.22  1.53e-14  1.41e-14   726   158     0
1262.89  1.76e-14  1.11e-14   726   183     0
1264.57  6.63e-15  8.67e-15   726    69     0
1266.25  5.49e-15  3.45e-15   726    57     0
1267.92  2.83e-15  5.34e-15   725    29     0
1269.60 -2.12e-15  4.29e-15   725   -22     0
1271.28 -5.68e-15  3.93e-15   725   -60     0
1272.95  2.21e-15  3.43e-15   725    23     0
1274.63  8.20e-16  3.24e-15   725     8     0
1276.31  3.97e-17  3.17e-15   724     0     0
1277.98  9.17e-15  3.69e-15   724   100     0
1279.66  4.29e-15  3.19e-15   724    47     0
1281.33  6.11e-15  3.25e-15   724    66     0
1283.01 -6.65e-15  4.43e-15   723   -72     0
1284.69  3.08e-15  3.15e-15   723    33     0
1286.36  8.21e-15  3.82e-15   723    89     0
1288.04  7.77e-15  3.27e-15   723    85     0
1289.72  7.53e-15  4.46e-15   723    82     0
1291.39 -9.27e-16  3.89e-15   722   -10     0
1293.07 -8.60e-15  3.08e-15   722   -94     0
1294.75  1.05e-16  3.46e-15   722     1     0
1296.42  1.24e-14  3.48e-15   722   134     0
1298.10  3.61e-15  4.29e-15   722    39     0
1299.77 -2.28e-15  4.13e-15   721   -24     0
1301.45  2.18e-14  4.28e-15   721   240     0
1303.13  2.06e-14  5.37e-15   721   228     0
1304.80  1.47e-14  5.69e-15   721   162     0
1306.48  2.13e-14  4.81e-15   721   238     0
1308.16  2.01e-14  5.46e-15   721   224     0
1309.83 -1.04e-14  3.28e-15   720  -115     0
1311.51  7.45e-15  4.34e-15   720    80     0
1313.19 -4.40e-15  4.52e-15   720   -47     0
1314.86  3.55e-15  3.24e-15   720    38     0
1316.54  3.81e-16  3.19e-15   720     4     0
1318.21  4.64e-15  3.32e-15   719    50     0
1319.89 -9.72e-15  3.43e-15   719  -104     0
1321.57  2.52e-15  3.63e-15   719    27     0
1323.24 -1.80e-15  3.06e-15   719   -19     0
1324.92 -1.65e-15  4.41e-15   719   -17     0
1326.60  5.34e-15  3.16e-15   719    58     0
1328.27  7.11e-15  3.58e-15   718    77     0
1329.95  2.01e-17  2.99e-15   718     0     0
1331.62  1.64e-14  3.41e-15   718   175     0
1333.30  2.99e-14  6.92e-15   718   317     0
1334.98  4.00e-14  1.21e-14   718   423     0
1336.65  3.47e-14  7.23e-15   718   360     0
1338.33  1.67e-14  3.37e-15   717   173     0
1340.01 -3.32e-15  3.13e-15   717   -34     0
1341.68 -1.14e-15  4.06e-15   717   -11     0
1343.36  1.12e-14  5.50e-15   717   117     0
1345.04  5.32e-15  3.54e-15   717    55     0
1346.71  1.37e-15  4.91e-15   716    14     0
1348.39  6.63e-15  3.26e-15   716    68     0
1350.06  6.61e-15  3.18e-15   716    67     0
1351.74 -1.41e-14  4.48e-15   716  -142     0
1353.42  7.03e-15  3.26e-15   716    70     0
1355.09  3.92e-15  3.98e-15   716    39     0
1356.77  8.10e-15  3.28e-15   715    80     0
1358.45  3.07e-15  3.18e-15   715    30     0
1360.12  2.55e-15  4.93e-15   715    25     0
1361.80  1.28e-14  1.04e-14   715   127     0
1363.48  1.52e-15  4.43e-15   715    15     0
1365.15  8.61e-15  3.96e-15   714    84     0
1366.83 -1.61e-15  3.75e-15   714   -15     0
1368.50  3.75e-15  4.39e-15   714    36     0
1370.18  1.57e-16  3.21e-15   714     1     0
1371.86  1.94e-15  3.97e-15   714    18     0
1373.53 -1.63e-14  8.90e-15   713  -153     0
1375.21 -8.53e-15  3.88e-15   713   -80     0
1376.89  1.38e-14  4.21e-15   713   128     0
1378.56 -3.82e-15  5.50e-15   713   -35     0
1380.24  3.75e-15  3.36e-15   713    34     0
1381.91 -4.98e-15  4.12e-15   712   -45     0
1383.59 -5.76e-15  3.30e-15   712   -52     0
1385.27  1.44e-15  3.48e-15   712    12     0
1386.94 -2.14e-15  4.11e-15   712   -19     0
1388.62 -2.52e-15  4.19e-15   712   -22     0
1390.30  4.59e-15  3.42e-15   711    40     0
1391.97  1.49e-15  5.61e-15   711    13     0
1393.65  1.77e-14  3.98e-15   711   155     0
1395.33  2.39e-14  6.76e-15   711   208     0
1397.00  9.80e-15  4.80e-15   710    84     0
1398.68  7.62e-15  4.44e-15   710    65     0
1400.35  9.25e-15  5.68e-15   710    78     0
1402.03  1.05e-14  3.71e-15   710    88     0
1403.71  1.74e-14  5.24e-15   710   145     0
1405.38  5.38e-15  5.33e-15   709    45     0
1407.06  1.03e-14  5.01e-15   709    85     0
1408.74  3.10e-15  6.16e-15   709    25     0
1410.41  2.68e-15  4.24e-15   709    21     0
1412.09  4.65e-15  3.69e-15   708    37     0
1413.77 -1.28e-14  3.60e-15   708  -102     0
1415.44  6.88e-15  3.77e-15   708    54     0
1417.12 -1.06e-15  3.83e-15   707    -8     0
1418.79  2.23e-15  3.92e-15   707    17     0
1420.47  7.10e-16  4.97e-15   707     5     0
1422.15 -2.23e-15  4.67e-15   707   -17     0
1423.82 -6.56e-15  4.12e-15   706   -51     0
1425.50  7.31e-17  4.61e-15   706     0     0
1427.18 -9.75e-15  4.25e-15   706   -74     0
1428.85  3.10e-15  4.15e-15   705    23     0
1430.53  7.29e-15  3.94e-15   705    54     0
1432.20 -1.64e-16  4.52e-15   705    -1     0
1433.88 -5.15e-15  5.28e-15   705   -38     0
1435.56  4.20e-15  3.84e-15   704    31     0
1437.23  1.46e-15  3.86e-15   704    10     0
1438.91  2.96e-15  3.87e-15   704    21     0
1440.59 -5.62e-15  4.07e-15   703   -40     0
1442.26 -1.07e-15  4.34e-15   703    -7     0
1443.94  9.00e-15  4.58e-15   703    64     0
1445.62  8.03e-15  3.99e-15   702    57     0
1447.29  3.71e-15  3.94e-15   702    26     0
1448.97 -2.00e-15  4.12e-15   701   -14     0
1450.64  1.14e-14  4.23e-15   701    79     0
1452.32 -1.74e-15  6.53e-15   701   -12     0
1454.00  1.67e-15  3.96e-15   700    11     0
1455.67  3.86e-15  4.37e-15   700    26     0
1457.35  7.18e-15  4.07e-15   700    49     0
1459.03 -7.08e-15  4.61e-15   699   -48     0
1460.70 -1.74e-15  4.13e-15   699   -11     0
1462.38  1.05e-14  5.22e-15   698    70     0
1464.06 -3.19e-15  4.71e-15   698   -21     0
1465.73  1.86e-15  3.98e-15   698    12     0
1467.41 -1.89e-15  3.97e-15   697   -12     0
1469.08  3.54e-15  4.27e-15   697    23     0
1470.76 -2.89e-15  4.02e-15   696   -19     0
1472.44  5.41e-16  3.93e-15   696     3     0
1474.11  1.78e-15  3.94e-15   695    12     0
1475.79 -1.01e-15  4.24e-15   695    -6     0
1477.47  6.91e-15  4.04e-15   695    46     0
1479.14 -5.60e-16  4.16e-15   694    -3     0
1480.82  1.73e-14  1.18e-14   694   115     0
1482.50  2.26e-14  1.10e-14   693   151     0
1484.17  1.65e-15  5.87e-15   693    11     0
1485.85  7.60e-15  5.00e-15   692    50     0
1487.52  5.20e-15  4.05e-15   692    34     0
1489.20 -9.47e-16  4.02e-15   691    -6     0
1490.88  9.97e-15  4.50e-15   691    66     0
1492.55 -2.66e-15  4.18e-15   690   -17     0
1494.23  4.48e-15  4.01e-15   690    29     0
1495.91  6.41e-15  4.10e-15   689    41     0
1497.58  5.09e-15  6.41e-15   689    32     0
1499.26 -6.62e-15  4.23e-15   688   -42     0
1500.93  5.88e-15  4.15e-15   688    37     0
1502.61  1.24e-14  4.27e-15   687    77     0
1504.29  1.25e-15  4.09e-15   687     7     0
1505.96  6.08e-15  4.27e-15   686    37     0
1507.64  4.26e-15  4.27e-15   685    26     0
1509.32  4.63e-15  4.17e-15   685    28     0
1510.99  8.51e-15  4.20e-15   684    52     0
1512.67 -3.96e-16  8.54e-15   684    -2     0
1514.35  1.06e-14  4.57e-15   683    65     0
1516.02  1.51e-14  4.34e-15   683    93     0
1517.70  1.31e-14  4.30e-15   682    80     0
1519.37  5.04e-15  4.15e-15   681    30     0
1521.05  3.91e-15  4.44e-15   681    23     0
1522.73 -5.44e-15  4.11e-15   680   -33     0
1524.40  2.41e-15  4.14e-15   680    14     0
1526.08  5.13e-15  4.18e-15   679    30     0
1527.76  3.56e-15  4.21e-15   678    21     0
1529.43  4.44e-15  4.42e-15   678    26     0
1531.11  1.94e-14  6.63e-15   677   114     0
1532.79  1.64e-14  4.42e-15   677    96     0
1534.46  2.07e-15  4.17e-15   676    12     0
1536.14  3.51e-15  4.86e-15   675    20     0
1537.81  3.30e-15  4.18e-15   675    19     0
1539.49  6.39e-15  4.23e-15   674    37     0
1541.17  3.68e-15  4.19e-15   673    21     0
1542.84  1.09e-14  5.97e-15   673    63     0
1544.52  2.81e-14  7.65e-15   672   164     0
1546.20  5.49e-14  1.27e-14   671   321     0
1547.87  8.12e-14  1.65e-14   671   476     0
1549.55  7.81e-14  1.69e-14   670   458     0
1551.22  4.93e-14  1.09e-14   669   292     0
1552.90  2.94e-14  4.99e-15   668   174     0
1554.58  3.40e-15  4.49e-15   668    20     0
1556.25  5.71e-15  4.08e-15   667    33     0
1557.93  1.07e-14  5.45e-15   666    63     0
1559.61  3.29e-15  4.40e-15   666    19     0
1561.28  1.08e-14  4.14e-15   665    63     0
1562.96  7.57e-15  4.07e-15   664    44     0
1564.64  4.40e-15  4.00e-15   663    26     0
1566.31  6.26e-15  4.13e-15   663    36     0
1567.99 -5.79e-15  3.99e-15   662   -33     0
1569.66  1.00e-14  4.14e-15   661    58     0
1571.34  6.95e-15  3.98e-15   661    41     0
1573.02  5.68e-15  3.94e-15   660    34     0
1574.69 -1.36e-15  4.68e-15   659    -8     0
1576.37  4.37e-15  3.86e-15   658    26     0
1578.05  2.84e-15  3.83e-15   657    17     0
1579.72  6.72e-15  3.88e-15   657    40     0
1581.40  4.74e-15  3.86e-15   656    28     0
1583.08  6.10e-15  3.86e-15   655    36     0
1584.75  1.43e-15  3.82e-15   654     8     0
1586.43 -4.40e-16  3.78e-15   654    -2     0
1588.10  1.91e-15  3.78e-15   653    11     0
1589.78  5.02e-15  3.82e-15   652    30     0
1591.46 -7.10e-15  3.70e-15   651   -43     0
1593.13  5.91e-16  3.68e-15   650     3     0
1594.81  5.10e-15  4.00e-15   650    31     0
1596.49  3.55e-15  3.73e-15   649    21     0
1598.16  1.44e-16  3.72e-15   648     0     0
1599.84 -1.10e-16  3.67e-15   647     0     0
1601.52  7.17e-15  3.77e-15   646    43     0
1603.19  5.91e-15  4.54e-15   646    35     0
1604.87  4.89e-15  3.70e-15   645    29     0
1606.54  7.84e-15  3.83e-15   644    48     0
1608.22  4.03e-15  3.62e-15   643    24     0
1609.90  3.36e-15  3.59e-15   642    20     0
1611.57  3.88e-15  3.59e-15   642    23     0
1613.25 -4.55e-15  3.52e-15   641   -28     0
1614.93 -6.66e-15  3.51e-15   640   -41     0
1616.60 -2.70e-15  3.47e-15   639   -16     0
1618.28  2.88e-15  3.48e-15   638    17     0
1619.95  6.49e-15  3.53e-15   638    40     0
1621.63  1.05e-14  5.12e-15   637    65     0
1623.31  2.78e-14  1.59e-14   636   172     0
1624.98 -3.05e-16  4.76e-15   635    -1     0
1626.66  1.08e-15  3.48e-15   634     6     0
1628.34 -1.55e-15  3.42e-15   633    -9     0
1630.01  1.86e-15  3.33e-15   633    11     0
1631.69  1.05e-14  3.44e-15   632    68     0
1633.37  7.07e-15  3.35e-15   631    45     0
1635.04  1.65e-14  4.71e-15   630   105     0
1636.72  3.17e-14  6.00e-15   629   202     0
1638.39  4.63e-14  8.89e-15   628   297     0
1640.07  5.29e-14  9.72e-15   628   341     0
1641.75  4.35e-14  7.09e-15   627   282     0
1643.42  2.21e-14  4.19e-15   626   144     0
1645.10  1.23e-14  3.37e-15   625    80     0
1646.78 -4.71e-15  3.16e-15   624   -30     0
1648.45  5.54e-15  3.22e-15   623    36     0
1650.13 -3.21e-15  3.16e-15   623   -21     0
1651.81 -2.33e-15  3.51e-15   622   -15     0
1653.48  1.24e-14  3.70e-15   621    82     0
1655.16  1.22e-14  3.66e-15   620    80     0
1656.83  2.55e-14  3.81e-15   619   169     0
1658.51  1.88e-14  6.00e-15   619   125     0
1660.19  1.77e-14  5.93e-15   618   118     0
1661.86  2.66e-15  3.05e-15   617    17     0
1663.54  1.00e-14  3.42e-15   616    67     0
1665.22  9.61e-15  3.05e-15   615    66     0
1666.89  1.01e-14  3.03e-15   614    69     0
1668.57  4.75e-15  2.93e-15   614    33     0
1670.24  4.23e-15  2.96e-15   613    29     0
1671.92  2.32e-15  2.90e-15   612    16     0
1673.60 -3.90e-15  2.85e-15   611   -27     0
1675.27 -3.35e-15  2.84e-15   610   -23     0
1676.95  3.98e-15  3.12e-15   610    27     0
1678.63  2.72e-15  2.83e-15   609    19     0
1680.30 -8.38e-16  2.76e-15   608    -5     0
1681.98 -6.19e-15  2.73e-15   607   -44     0
1683.66 -3.56e-15  2.71e-15   607   -25     0
1685.33 -5.49e-16  2.67e-15   606    -3     0
1687.01  8.52e-15  2.77e-15   605    62     0
1688.68  5.50e-15  2.71e-15   604    40     0
1690.36  5.49e-15  2.70e-15   604    40     0
1692.04  3.30e-15  2.65e-15   603    24     0
1693.71 -2.25e-15  2.59e-15   602   -16     0
1695.39  7.17e-15  2.67e-15   601    53     0
1697.07  5.14e-15  2.62e-15   601    38     0
1698.74 -1.43e-15  2.53e-15   600   -10     0
1700.42  1.01e-15  2.51e-15   599     7     0
1702.10  1.44e-15  2.49e-15   598    10     0
1703.77 -2.12e-15  2.48e-15   598   -16     0
1705.45 -2.22e-15  2.42e-15   597   -17     0
1707.12  7.12e-16  2.41e-15   596     5     0
1708.80  9.38e-16  2.39e-15   596     7     0
1710.48  4.85e-15  2.42e-15   595    38     0
1712.15  4.68e-15  2.41e-15   594    37     0
1713.83  5.82e-15  2.40e-15   594    46     0
1715.51  7.98e-15  2.44e-15   593    64     0
1717.18  6.71e-15  2.38e-15   592    54     0
1718.86  2.71e-15  2.30e-15   592    22     0
1720.54 -1.27e-15  2.27e-15   591   -10     0
1722.21 -3.90e-15  2.25e-15   590   -31     0
1723.89 -1.45e-15  2.23e-15   590   -11     0
1725.56  3.70e-15  2.20e-15   589    31     0
1727.24  5.27e-15  2.20e-15   589    44     0
1728.92  3.17e-15  2.15e-15   588    27     0
1730.59  4.13e-15  2.16e-15   587    35     0
1732.27  8.58e-16  2.10e-15   587     7     0
1733.95  1.30e-15  2.08e-15   586    11     0
1735.62  6.80e-16  2.07e-15   586     5     0
1737.30  1.14e-15  2.04e-15   585    10     0
1738.97  7.13e-15  2.13e-15   585    63     0
1740.65  6.73e-15  2.13e-15   584    58     0
1742.33  9.57e-15  2.18e-15   584    84     0
1744.00  1.73e-14  5.53e-15   583   153     0
1745.68  9.43e-15  3.95e-15   583    84     0
1747.36  8.33e-15  2.08e-15   582    75     0
1749.03  7.92e-15  2.05e-15   582    71     0
1750.71  5.09e-15  3.02e-15   581    46     0
1752.39  5.01e-15  1.99e-15   581    45     0
1754.06  7.21e-15  2.01e-15   580    66     0
1755.74  5.73e-15  1.96e-15   580    53     0
1757.41  2.87e-15  1.89e-15   579    26     0
1759.09  2.99e-15  1.88e-15   579    28     0
1760.77  3.75e-15  1.90e-15   579    35     0
1762.44  4.78e-15  1.88e-15   578    45     0
1764.12  4.29e-15  1.86e-15   578    41     0
1765.80  2.62e-15  1.84e-15   577    24     0
1767.47  3.44e-15  1.83e-15   577    33     0
1769.15  5.70e-15  1.86e-15   577    54     0
1770.83  5.54e-15  1.85e-15   576    53     0
1772.50  7.49e-15  1.86e-15   576    72     0
1774.18  5.91e-15  1.83e-15   576    57     0
1775.85  4.40e-15  1.79e-15   575    43     0
1777.53  4.28e-15  1.78e-15   575    42     0
1779.21  5.70e-15  1.79e-15   575    56     0
1780.88  8.79e-15  1.82e-15   575    87     0
1782.56  8.18e-15  1.89e-15   574    81     0
1784.24  6.72e-15  1.95e-15   574    67     0
1785.91  7.94e-15  2.65e-15   574    78     0
1787.59  7.46e-15  2.25e-15   574    74     0
1789.26  3.36e-15  1.93e-15   573    33     0
1790.94 -5.40e-16  1.76e-15   573    -5     0
1792.62  6.01e-15  1.72e-15   573    60     0
1794.29  6.58e-15  1.72e-15   573    66     0
1795.97  1.16e-15  1.63e-15   573    11     0
1797.65  6.95e-19  1.61e-15   573     0     0
1799.32 -4.37e-16  1.60e-15   573    -4     0
1801.00  1.55e-15  1.61e-15   572    15     0
1802.68  4.07e-15  1.64e-15   572    41     0
1804.35  8.46e-15  1.70e-15   572    87     0
1806.03  8.36e-15  1.67e-15   572    87     0
1807.70  1.12e-14  1.76e-15   572   117     0
1809.38  1.23e-14  1.91e-15   572   129     0
1811.06  1.11e-14  1.77e-15   572   116     0
1812.73  1.35e-14  2.42e-15   572   141     0
1814.41  1.70e-14  3.39e-15   572   178     0
1816.09  1.59e-14  3.35e-15   572   168     0
1817.76  1.76e-14  3.76e-15   572   186     0
1819.44  1.16e-14  2.53e-15   572   123     0
1821.12  6.17e-15  1.58e-15   572    66     0
1822.79  4.27e-15  1.54e-15   572    45     0
1824.47  4.61e-15  1.54e-15   573    49     0
1826.14  2.71e-15  1.49e-15   573    29     0
1827.82 -3.99e-16  1.46e-15   573    -4     0
1829.50  2.07e-16  1.45e-15   573     2     0
1831.17  1.79e-15  1.51e-15   573    18     0
1832.85  1.08e-15  1.49e-15   573    11     0
1834.53  4.77e-16  1.48e-15   574     5     0
1836.20 -1.74e-15  1.47e-15   574   -18     0
1837.88 -1.33e-16  1.46e-15   574    -1     0
1839.55  1.03e-15  1.47e-15   574    10     0
1841.23  3.02e-15  1.50e-15   574    32     0
1842.91  1.60e-15  1.47e-15   575    17     0
1844.58  1.14e-15  1.46e-15   575    12     0
1846.26  7.79e-16  1.48e-15   575     8     0
1847.94  1.39e-15  1.48e-15   576    14     0
1849.61  3.26e-15  1.51e-15   576    34     0
1851.29  6.70e-15  1.53e-15   576    71     0
1852.97  4.73e-15  1.51e-15   577    50     0
1854.64  3.28e-15  1.48e-15   577    34     0
1856.32  3.58e-15  1.49e-15   577    37     0
1857.99  5.54e-15  1.52e-15   578    58     0
1859.67  4.55e-15  1.50e-15   578    48     0
1861.35  4.12e-15  1.51e-15   579    43     0
1863.02  3.27e-15  1.49e-15   579    34     0
1864.70  3.08e-15  1.49e-15   580    32     0
1866.38  2.52e-15  1.46e-15   580    26     0
1868.05  9.54e-16  1.43e-15   581    10     0
1869.73  2.47e-15  1.46e-15   581    26     0
1871.41  3.05e-15  1.46e-15   582    32     0
1873.08  1.48e-15  1.44e-15   582    15     0
1874.76 -1.26e-16  1.42e-15   583    -1     0
1876.43  1.44e-15  1.44e-15   583    15     0
1878.11  3.07e-15  1.47e-15   584    32     0
1879.79  3.07e-15  1.47e-15   585    31     0
1881.46  4.05e-15  1.49e-15   585    41     0
1883.14  4.59e-15  1.50e-15   586    47     0
1884.82  1.42e-15  1.45e-15   586    14     0
1886.49 -2.95e-16  1.43e-15   587    -3     0
1888.17  1.43e-15  1.45e-15   588    14     0
1889.85  5.96e-15  1.52e-15   588    61     0
1891.52  6.15e-15  1.53e-15   589    63     0
1893.20  4.69e-15  1.50e-15   590    47     0
1894.87  2.24e-15  1.47e-15   591    22     0
1896.55  1.27e-15  1.45e-15   591    12     0
1898.23  2.46e-15  1.47e-15   592    25     0
1899.90  1.62e-15  1.45e-15   593    16     0
1901.58  2.14e-15  1.46e-15   594    21     0
1903.26  2.53e-15  1.47e-15   594    25     0
1904.93  3.05e-15  1.47e-15   595    30     0
1906.61  3.09e-15  1.48e-15   596    30     0
1908.28  3.50e-15  1.49e-15   597    35     0
1909.96  2.83e-15  1.49e-15   598    28     0
1911.64  1.70e-15  1.49e-15   598    17     0
1913.31  7.76e-16  1.54e-15   599     7     0
1914.99  5.08e-16  1.54e-15   600     5     0
1916.67  2.13e-15  1.62e-15   601    21     0
1918.34  3.20e-15  1.74e-15   602    32     0
1920.02  2.42e-15  1.68e-15   603    24     0
1921.70  3.71e-15  1.65e-15   604    37     0
1923.37  3.13e-15  1.59e-15   605    31     0
1925.05  5.09e-15  1.52e-15   605    51     0
1926.72  4.63e-15  1.48e-15   606    46     0
1928.40  4.06e-15  1.47e-15   607    40     0
1930.08  4.58e-15  1.47e-15   608    46     0
1931.75  4.70e-15  1.47e-15   609    47     0
1933.43  5.79e-15  1.48e-15   610    58     0
1935.11  5.08e-15  1.46e-15   611    51     0
1936.78  4.54e-15  1.45e-15   612    46     0
1938.46  6.00e-15  1.46e-15   613    61     0
1940.14  5.42e-15  1.44e-15   614    55     0
1941.81  4.21e-15  1.42e-15   615    43     0
1943.49  4.56e-15  1.42e-15   616    46     0
1945.16  4.68e-15  1.43e-15   617    48     0
1946.84  5.04e-15  1.42e-15   618    51     0
1948.52  6.39e-15  1.43e-15   619    66     0
1950.19  9.22e-15  1.46e-15   620    96     0
1951.87  1.15e-14  1.48e-15   621   120     0
1953.55  1.33e-14  1.50e-15   622   139     0
1955.22  1.16e-14  1.48e-15   623   122     0
1956.90  9.88e-15  1.48e-15   624   103     0
1958.57  1.32e-14  3.20e-15   625   139     0
1960.25  2.16e-14  6.93e-15   626   227     0
1961.93  2.39e-14  8.01e-15   627   251     0
1963.60  1.75e-14  5.14e-15   628   183     0
1965.28  1.08e-14  2.43e-15   629   114     0
1966.96  7.73e-15  1.41e-15   630    81     0
1968.63  5.64e-15  1.38e-15   631    59     0
1970.31  4.26e-15  1.36e-15   632    44     0
1971.99  4.48e-15  1.37e-15   633    46     0
1973.66  6.86e-15  1.41e-15   634    70     0
1975.34  6.83e-15  1.42e-15   635    70     0
1977.01  7.46e-15  1.43e-15   636    76     0
1978.69  7.41e-15  1.43e-15   637    75     0
