NOT ORIGINAL IUE PROJECT DATA PRODUCT
SWP09691LOWLARGE
HD  197481
20:42:04
-31:31:05
52
NO-TRAIL
ALONG-APER
05399.627
03/08/80
19:15:18
216
09.17
17/04/94
VILSPA
2444455.30229
0
28
1150.58 -1.41e-13  5.79e-14   433   -87     0
1152.26  2.88e-14  7.45e-14   433    18     0
1153.93 -4.81e-14  5.10e-14   433   -33     0
1155.61  2.25e-14  4.77e-14   432    16     0
1157.29  2.04e-14  4.46e-14   432    16     0
1158.96 -7.45e-15  4.05e-14   432    -6     0
1160.64  2.10e-15  3.67e-14   432     2     0
1162.31 -6.79e-14  3.42e-14   432   -69     0
1163.99 -2.08e-14  3.18e-14   432   -23     0
1165.67  9.11e-16  3.09e-14   432     1     0
1167.34 -3.28e-14  2.88e-14   432   -39     0
1169.02  2.54e-14  4.98e-14   431    32     0
1170.70  4.33e-14  4.14e-14   431    59     0
1172.37  3.63e-14  2.44e-14   431    53     0
1174.05  4.65e-14  2.26e-14   431    73     0
1175.73  4.89e-15  2.22e-14   431     8     0
1177.40  1.62e-14  1.93e-14   431    28     0
1179.08 -1.31e-14  1.80e-14   430   -24     0
1180.75 -2.37e-14  1.72e-14   430   -47     0
1182.43  4.72e-14  1.69e-14   430    98     0
1184.11  7.82e-15  1.67e-14   430    17     0
1185.78  4.08e-14  2.43e-14   430    95     0
1187.46  1.18e-14  1.45e-14   429    28     0
1189.14 -6.79e-15  1.44e-14   429   -17     0
1190.81  1.64e-14  1.47e-14   429    42     0
1192.49  1.38e-14  1.63e-14   429    37     0
1194.17  1.84e-14  1.43e-14   429    51     0
1195.84  3.48e-14  1.93e-14   429   100     0
1197.52  2.62e-14  1.15e-14   428    77     0
1199.19  1.11e-14  1.32e-14   428    34     0
1200.87  3.23e-14  1.43e-14   428   100     0
1202.55  4.17e-14  1.08e-14   428   133     0
1204.22  5.20e-14  1.87e-14   428   172     0
1205.90  1.36e-13  2.56e-14   427   460     0
1207.58  1.77e-13  3.41e-14   427   619     0
1209.25  4.95e-13  8.65e-14   427  1777     0
1210.93  8.90e-13  1.49e-13   427  3251     0
1212.60  1.27e-12  2.02e-13   427  4751     0
1214.28  1.49e-12  2.65e-13   426  5734     0
1215.96  1.18e-12  2.55e-13   426  4627     0
1217.63  1.05e-12  1.96e-13   426  4229     0
1219.31  8.37e-13  1.38e-13   426  3445     0
1220.99  3.67e-13  6.71e-14   426  1547     0
1222.66  1.11e-13  2.52e-14   425   477     0
1224.34  2.07e-14  1.19e-14   425    91     0
1226.02  9.00e-15  9.51e-15   425    39     0
1227.69  5.86e-15  1.11e-14   425    26     0
1229.37  1.07e-15  7.31e-15   425     4     0
1231.04  2.89e-14  8.57e-15   424   132     0
1232.72 -4.31e-15  6.66e-15   424   -20     0
1234.40 -3.33e-15  6.55e-15   424   -15     0
1236.07 -4.11e-15  6.51e-15   424   -19     0
1237.75  1.70e-14  1.11e-14   424    81     0
1239.43  9.83e-15  8.38e-15   423    47     0
1241.10  4.59e-16  6.29e-15   423     2     0
1242.78  8.67e-15  6.25e-15   423    43     0
1244.46 -6.48e-16  6.01e-15   423    -3     0
1246.13  2.34e-14  1.46e-14   423   119     0
1247.81  1.75e-15  5.89e-15   423     9     0
1249.48 -4.83e-15  5.86e-15   422   -25     0
1251.16  3.67e-15  5.88e-15   422    18     0
1252.84 -2.88e-15  5.80e-15   422   -14     0
1254.51  3.51e-15  1.09e-14   422    18     0
1256.19 -1.69e-15  5.63e-15   422    -8     0
1257.87  7.52e-15  5.73e-15   421    40     0
1259.54 -9.32e-15  5.66e-15   421   -49     0
1261.22  1.27e-15  5.55e-15   421     6     0
1262.89  1.07e-14  5.79e-15   421    57     0
1264.57  8.53e-15  5.63e-15   421    46     0
1266.25 -3.07e-15  6.24e-15   421   -16     0
1267.92 -5.29e-15  6.01e-15   420   -28     0
1269.60  1.00e-15  7.82e-15   420     5     0
1271.28 -1.19e-15  7.98e-15   420    -6     0
1272.95  3.78e-15  5.27e-15   420    20     0
1274.63 -4.72e-16  5.21e-15   420    -2     0
1276.31  2.69e-15  5.14e-15   420    15     0
1277.98  4.53e-15  5.25e-15   419    25     0
1279.66 -1.38e-16  5.15e-15   419     0     0
1281.33  1.38e-14  7.88e-15   419    77     0
1283.01 -5.18e-16  5.21e-15   419    -2     0
1284.69 -4.82e-15  5.03e-15   419   -27     0
1286.36 -1.52e-14  5.08e-15   419   -85     0
1288.04  9.45e-15  9.03e-15   418    53     0
1289.72  2.04e-14  7.48e-15   418   115     0
1291.39  2.70e-15  6.05e-15   418    15     0
1293.07  1.48e-14  8.81e-15   418    83     0
1294.75 -6.91e-15  4.99e-15   418   -39     0
1296.42  4.65e-16  4.98e-15   418     2     0
1298.10 -1.11e-14  4.97e-15   417   -62     0
1299.77 -2.31e-15  5.20e-15   417   -12     0
1301.45  1.48e-15  5.82e-15   417     8     0
1303.13  9.12e-15  8.44e-15   417    51     0
1304.80  2.79e-14  9.68e-15   417   158     0
1306.48  1.21e-14  6.99e-15   417    69     0
1308.16  1.60e-14  1.31e-14   417    91     0
1309.83  4.25e-15  7.20e-15   416    24     0
1311.51 -7.80e-16  5.20e-15   416    -4     0
1313.19 -4.72e-15  5.68e-15   416   -26     0
1314.86  2.46e-16  8.87e-15   416     1     0
1316.54 -3.85e-15  5.39e-15   416   -21     0
1318.21  9.40e-15  9.08e-15   416    52     0
1319.89  1.04e-14  9.56e-15   415    57     0
1321.57 -2.31e-15  7.24e-15   415   -13     0
1323.24  7.22e-15  5.29e-15   415    40     0
1324.92  2.78e-15  7.38e-15   415    15     0
1326.60  2.91e-15  5.38e-15   415    16     0
1328.27  7.49e-15  7.88e-15   415    42     0
1329.95  7.78e-15  5.06e-15   415    43     0
1331.62  1.32e-15  4.77e-15   414     7     0
1333.30  3.55e-14  6.55e-15   414   194     0
1334.98  3.31e-14  1.02e-14   414   180     0
1336.65  3.22e-14  1.01e-14   414   172     0
1338.33  2.18e-14  6.68e-15   414   116     0
1340.01 -4.27e-15  4.80e-15   414   -23     0
1341.68  1.15e-15  6.36e-15   414     6     0
1343.36  8.88e-15  7.80e-15   413    47     0
1345.04 -4.85e-15  6.34e-15   413   -25     0
1346.71  1.20e-14  1.15e-14   413    63     0
1348.39  5.67e-15  6.96e-15   413    30     0
1350.06 -1.55e-15  4.86e-15   413    -8     0
1351.74  2.85e-15  5.09e-15   413    14     0
1353.42  7.12e-15  8.23e-15   412    36     0
1355.09 -2.40e-15  4.92e-15   412   -12     0
1356.77  1.20e-15  8.78e-15   412     6     0
1358.45  6.21e-15  5.01e-15   412    31     0
1360.12 -4.89e-16  4.95e-15   412    -2     0
1361.80  3.49e-15  4.98e-15   412    17     0
1363.48 -2.55e-15  4.89e-15   411   -13     0
1365.15 -1.02e-14  4.91e-15   411   -51     0
1366.83  4.27e-16  6.23e-15   411     2     0
1368.50 -7.78e-15  7.95e-15   411   -38     0
1370.18  1.99e-15  6.04e-15   411     9     0
1371.86 -1.79e-15  6.05e-15   411    -8     0
1373.53  8.15e-15  9.11e-15   410    39     0
1375.21 -7.99e-15  5.89e-15   410   -38     0
1376.89  1.98e-14  1.06e-14   410    95     0
1378.56  1.31e-15  1.03e-14   410     6     0
1380.24  1.46e-14  9.69e-15   410    69     0
1381.91  1.82e-15  7.19e-15   410     8     0
1383.59 -9.62e-16  6.20e-15   409    -4     0
1385.27  1.78e-14  7.73e-15   409    82     0
1386.94 -8.57e-16  5.20e-15   409    -3     0
1388.62  5.60e-15  5.28e-15   409    25     0
1390.30  1.26e-15  5.63e-15   409     5     0
1391.97  9.31e-15  5.36e-15   408    42     0
1393.65  2.89e-14  5.84e-15   408   130     0
1395.33  1.72e-14  7.00e-15   408    77     0
1397.00  7.53e-15  8.31e-15   408    33     0
1398.68  2.66e-14  6.36e-15   408   117     0
1400.35  2.05e-14  8.24e-15   407    89     0
1402.03  2.06e-14  7.90e-15   407    89     0
1403.71  2.95e-14  6.94e-15   407   127     0
1405.38  2.85e-14  8.64e-15   407   123     0
1407.06  2.48e-14  9.80e-15   406   106     0
1408.74  1.02e-14  5.57e-15   406    43     0
1410.41  1.37e-14  5.75e-15   406    57     0
1412.09  2.09e-14  6.03e-15   406    87     0
1413.77  1.24e-14  5.72e-15   406    51     0
1415.44  1.08e-14  5.82e-15   405    43     0
1417.12  1.60e-14  5.92e-15   405    64     0
1418.79  1.36e-14  5.90e-15   405    54     0
1420.47  2.64e-14  8.81e-15   405   108     0
1422.15  1.64e-14  5.81e-15   404    67     0
1423.82  2.07e-14  7.57e-15   404    83     0
1425.50  1.35e-14  5.99e-15   404    53     0
1427.18  1.83e-16  6.50e-15   404     0     0
1428.85  1.55e-15  7.31e-15   403     6     0
1430.53  7.63e-15  6.39e-15   403    29     0
1432.20  8.63e-16  6.06e-15   403     3     0
1433.88  1.46e-14  9.89e-15   403    55     0
1435.56  1.56e-14  9.45e-15   402    60     0
1437.23  8.39e-15  7.11e-15   402    32     0
1438.91  9.73e-15  6.36e-15   402    37     0
1440.59  1.51e-14  6.14e-15   401    56     0
1442.26  2.10e-15  7.16e-15   401     7     0
1443.94 -6.59e-15  5.92e-15   401   -24     0
1445.62  1.31e-14  8.70e-15   401    48     0
1447.29 -1.56e-15  7.04e-15   400    -5     0
1448.97  1.81e-14  1.06e-14   400    66     0
1450.64  6.83e-15  6.07e-15   400    24     0
1452.32  1.58e-14  6.39e-15   399    56     0
1454.00  4.02e-15  7.58e-15   399    14     0
1455.67 -5.31e-16  6.01e-15   399    -1     0
1457.35  4.26e-15  7.69e-15   398    15     0
1459.03  1.55e-14  1.01e-14   398    54     0
1460.70 -2.04e-15  6.12e-15   398    -7     0
1462.38  5.05e-15  6.17e-15   397    17     0
1464.06  1.41e-14  6.35e-15   397    48     0
1465.73  4.24e-15  9.86e-15   397    14     0
1467.41 -1.73e-15  6.59e-15   396    -6     0
1469.08  6.94e-15  6.94e-15   396    24     0
1470.76 -8.86e-15  5.94e-15   396   -31     0
1472.44 -3.14e-15  6.06e-15   395   -11     0
1474.11  5.76e-15  7.09e-15   395    20     0
1475.79  2.04e-14  6.36e-15   395    71     0
1477.47  5.23e-15  5.99e-15   394    18     0
1479.14 -1.09e-14  5.92e-15   394   -38     0
1480.82 -7.64e-15  6.64e-15   394   -26     0
1482.50 -5.28e-15  6.31e-15   393   -18     0
1484.17 -5.35e-15  5.93e-15   393   -18     0
1485.85  6.47e-15  1.27e-14   392    21     0
1487.52  1.23e-14  7.18e-15   392    41     0
1489.20  8.65e-15  7.69e-15   392    29     0
1490.88 -5.78e-15  5.99e-15   391   -19     0
1492.55 -2.06e-15  6.10e-15   391    -6     0
1494.23 -3.37e-15  7.55e-15   391   -11     0
1495.91 -8.38e-15  6.02e-15   390   -27     0
1497.58  6.78e-15  6.10e-15   390    22     0
1499.26  1.13e-15  6.06e-15   389     3     0
1500.93  5.37e-15  6.18e-15   389    17     0
1502.61  1.80e-15  6.11e-15   388     5     0
1504.29  2.71e-16  6.12e-15   388     0     0
1505.96  1.93e-15  6.71e-15   388     6     0
1507.64 -4.44e-15  6.14e-15   387   -14     0
1509.32 -1.25e-14  6.19e-15   387   -39     0
1510.99 -2.19e-15  6.09e-15   386    -7     0
1512.67  7.86e-15  8.64e-15   386    25     0
1514.35  2.08e-15  6.83e-15   385     6     0
1516.02  5.25e-15  6.13e-15   385    16     0
1517.70 -1.75e-15  6.09e-15   385    -5     0
1519.37 -1.81e-16  6.10e-15   384     0     0
1521.05 -1.23e-15  6.11e-15   384    -3     0
1522.73  1.10e-14  8.59e-15   383    34     0
1524.40 -4.21e-15  6.24e-15   383   -13     0
1526.08  5.06e-15  6.35e-15   382    15     0
1527.76  4.95e-15  6.83e-15   382    15     0
1529.43  8.32e-15  6.23e-15   381    25     0
1531.11 -3.68e-16  6.20e-15   381    -1     0
1532.79  7.43e-15  6.28e-15   380    22     0
1534.46  1.62e-14  9.28e-15   380    49     0
1536.14 -3.90e-15  6.49e-15   379   -11     0
1537.81  1.14e-14  6.46e-15   379    34     0
1539.49  6.98e-15  8.20e-15   379    21     0
1541.17  4.47e-15  8.41e-15   378    13     0
1542.84  9.52e-15  6.26e-15   378    28     0
1544.52  2.15e-14  8.71e-15   377    64     0
1546.20  3.91e-14  1.28e-14   377   118     0
1547.87  7.46e-14  1.88e-14   376   225     0
1549.55  5.34e-14  1.48e-14   376   161     0
1551.22  4.03e-14  1.23e-14   375   123     0
1552.90 -2.03e-15  7.28e-15   375    -6     0
1554.58  1.24e-14  6.15e-15   374    37     0
1556.25  3.14e-15  5.93e-15   374     9     0
1557.93  7.68e-16  7.12e-15   373     2     0
1559.61  1.33e-14  6.12e-15   373    40     0
1561.28  2.06e-14  6.21e-15   372    62     0
1562.96 -1.07e-14  8.01e-15   371   -32     0
1564.64  2.09e-14  6.72e-15   371    63     0
1566.31 -2.06e-16  1.10e-14   370     0     0
1567.99  2.11e-14  6.24e-15   370    63     0
1569.66  2.12e-14  1.01e-14   369    63     0
1571.34 -1.61e-14  5.75e-15   369   -49     0
1573.02 -5.21e-15  5.82e-15   368   -16     0
1574.69 -6.68e-15  6.45e-15   368   -20     0
1576.37 -6.09e-15  5.88e-15   367   -18     0
1578.05 -4.97e-15  5.62e-15   367   -15     0
1579.72  4.83e-15  6.15e-15   366    15     0
1581.40 -3.13e-15  6.30e-15   366    -9     0
1583.08  5.21e-15  6.12e-15   365    16     0
1584.75  9.77e-15  7.46e-15   365    30     0
1586.43  6.27e-15  5.64e-15   364    19     0
1588.10  5.09e-15  5.57e-15   364    15     0
1589.78 -1.77e-15  5.56e-15   363    -5     0
1591.46 -3.46e-15  5.55e-15   363   -10     0
1593.13 -8.33e-15  5.63e-15   362   -26     0
1594.81  1.20e-14  7.76e-15   362    37     0
1596.49  4.17e-16  5.86e-15   361     1     0
1598.16 -4.44e-15  5.55e-15   360   -13     0
1599.84  5.19e-15  5.41e-15   360    16     0
1601.52  1.69e-14  7.25e-15   359    52     0
1603.19  1.13e-14  6.31e-15   359    35     0
1604.87  3.57e-15  5.33e-15   358    11     0
1606.54 -1.41e-15  6.50e-15   358    -4     0
1608.22 -3.02e-15  5.31e-15   357    -9     0
1609.90 -1.23e-14  5.17e-15   357   -39     0
1611.57 -4.76e-16  7.52e-15   356    -1     0
1613.25  5.70e-15  5.22e-15   356    18     0
1614.93  5.23e-15  5.17e-15   355    16     0
1616.60 -2.21e-15  6.79e-15   355    -7     0
1618.28  1.55e-14  7.15e-15   354    49     0
1619.95 -6.05e-15  5.00e-15   354   -19     0
1621.63 -9.97e-15  5.02e-15   353   -31     0
1623.31  1.47e-14  8.10e-15   353    47     0
1624.98  1.09e-14  5.13e-15   352    35     0
1626.66  1.18e-14  5.12e-15   352    37     0
1628.34  1.04e-15  6.37e-15   351     3     0
1630.01  9.67e-15  4.92e-15   351    32     0
1631.69  8.73e-15  6.87e-15   350    28     0
1633.37  3.17e-15  5.19e-15   350    10     0
1635.04  1.10e-14  4.94e-15   349    36     0
1636.72  2.35e-14  8.63e-15   349    77     0
1638.39  4.68e-14  1.16e-14   348   154     0
1640.07  5.44e-14  1.25e-14   348   181     0
1641.75  2.72e-14  1.05e-14   347    90     0
1643.42  1.51e-14  6.29e-15   347    50     0
1645.10  1.22e-14  4.89e-15   346    40     0
1646.78  6.66e-15  4.66e-15   346    22     0
1648.45  1.52e-15  4.54e-15   345     5     0
1650.13  9.08e-15  4.60e-15   345    31     0
1651.81  5.66e-15  4.50e-15   344    19     0
1653.48  9.18e-15  4.55e-15   344    31     0
1655.16  1.81e-14  4.73e-15   344    61     0
1656.83  1.73e-14  4.68e-15   343    59     0
1658.51  8.72e-15  6.51e-15   343    30     0
1660.19  1.98e-14  8.79e-15   342    67     0
1661.86  1.47e-14  1.01e-14   342    50     0
1663.54  8.25e-16  4.72e-15   341     2     0
1665.22 -3.66e-15  4.18e-15   341   -12     0
1666.89  2.73e-15  4.40e-15   341     9     0
1668.57  1.37e-14  4.34e-15   340    49     0
1670.24  2.96e-14  1.21e-14   340   104     0
1671.92  2.31e-14  7.82e-15   339    82     0
1673.60  8.33e-15  4.22e-15   339    29     0
1675.27  2.44e-15  4.10e-15   339     8     0
1676.95  7.80e-15  4.15e-15   338    28     0
1678.63  3.02e-15  4.03e-15   338    10     0
1680.30  5.07e-15  4.01e-15   337    18     0
1681.98 -5.26e-16  3.93e-15   337    -1     0
1683.66  4.11e-15  3.96e-15   337    15     0
1685.33  3.17e-15  3.85e-15   336    11     0
1687.01 -2.53e-15  3.80e-15   336    -9     0
1688.68 -2.07e-15  3.76e-15   336    -7     0
1690.36  3.20e-15  3.81e-15   335    12     0
1692.04  2.40e-15  3.96e-15   335     9     0
1693.71 -6.69e-16  3.70e-15   335    -2     0
1695.39  6.60e-15  3.76e-15   334    25     0
1697.07 -3.91e-15  3.64e-15   334   -15     0
1698.74  4.29e-15  3.67e-15   334    16     0
1700.42  3.11e-15  3.60e-15   333    12     0
1702.10  3.08e-15  3.57e-15   333    12     0
1703.77  1.39e-15  3.51e-15   333     5     0
1705.45  4.56e-15  3.53e-15   333    18     0
1707.12  7.55e-15  3.53e-15   332    30     0
1708.80  4.80e-15  3.45e-15   332    19     0
1710.48  1.35e-14  3.59e-15   332    55     0
1712.15  1.13e-14  3.53e-15   332    46     0
1713.83  6.24e-15  3.39e-15   332    25     0
1715.51  1.11e-14  3.47e-15   331    45     0
1717.18  1.11e-14  3.76e-15   331    46     0
1718.86  1.67e-14  4.36e-15   331    70     0
1720.54  1.39e-14  3.47e-15   331    57     0
1722.21  7.58e-15  4.37e-15   331    31     0
1723.89  3.20e-14  1.74e-14   330   135     0
1725.56  1.75e-14  1.21e-14   330    76     0
1727.24  2.60e-15  3.07e-15   330    11     0
1728.92 -1.61e-15  3.30e-15   330    -7     0
1730.59  3.54e-15  3.05e-15   330    15     0
1732.27  4.80e-15  3.14e-15   330    21     0
1733.95  3.79e-15  3.01e-15   330    16     0
1735.62  5.32e-15  3.00e-15   330    23     0
1737.30  2.92e-15  2.94e-15   329    13     0
1738.97  1.53e-15  2.88e-15   329     6     0
1740.65 -2.77e-16  2.89e-15   329    -1     0
1742.33  2.81e-15  2.90e-15   329    12     0
1744.00  1.57e-14  3.12e-15   329    71     0
1745.68  2.50e-14  4.53e-15   329   115     0
1747.36  2.61e-14  7.64e-15   329   121     0
1749.03  1.37e-14  6.26e-15   329    63     0
1750.71  5.03e-15  2.82e-15   329    23     0
1752.39  9.49e-15  3.55e-15   329    44     0
1754.06  4.40e-15  3.28e-15   329    20     0
1755.74  2.45e-15  2.68e-15   329    11     0
1757.41  1.22e-15  2.63e-15   329     5     0
1759.09 -1.70e-15  2.61e-15   329    -8     0
1760.77 -2.55e-15  2.59e-15   329   -12     0
1762.44  3.11e-15  2.61e-15   330    15     0
1764.12  4.56e-15  2.62e-15   330    22     0
1765.80  9.24e-15  2.70e-15   330    45     0
1767.47  2.62e-15  2.56e-15   330    12     0
1769.15 -2.08e-15  2.51e-15   330   -10     0
1770.83 -5.62e-15  2.51e-15   330   -27     0
1772.50 -9.13e-16  2.49e-15   330    -4     0
1774.18  2.56e-15  2.50e-15   331    12     0
1775.85  5.58e-16  2.45e-15   331     2     0
1777.53 -4.57e-16  2.43e-15   331    -2     0
1779.21  3.82e-15  2.70e-15   331    19     0
1780.88  4.84e-15  2.46e-15   331    24     0
1782.56  7.96e-15  2.52e-15   332    40     0
1784.24  6.73e-15  2.54e-15   332    34     0
1785.91  3.01e-15  2.59e-15   332    15     0
1787.59  4.71e-15  2.84e-15   332    24     0
1789.26  5.18e-15  2.93e-15   333    26     0
1790.94  4.61e-15  2.71e-15   333    23     0
1792.62 -9.29e-16  2.54e-15   333    -4     0
1794.29  1.22e-15  2.36e-15   334     6     0
1795.97  2.39e-15  2.32e-15   334    12     0
1797.65  2.06e-15  2.30e-15   334    10     0
1799.32  2.71e-15  2.30e-15   335    14     0
1801.00  3.45e-15  2.29e-15   335    18     0
1802.68  1.28e-15  2.37e-15   335     6     0
1804.35  5.07e-15  2.32e-15   336    27     0
1806.03  1.12e-14  2.99e-15   336    60     0
1807.70  9.35e-15  3.02e-15   337    50     0
1809.38  2.90e-15  2.22e-15   337    15     0
1811.06  7.25e-15  2.30e-15   337    39     0
1812.73  1.24e-14  2.39e-15   338    66     0
1814.41  2.18e-14  3.24e-15   338   118     0
1816.09  2.57e-14  5.11e-15   339   140     0
1817.76  2.25e-14  5.03e-15   339   122     0
1819.44  1.11e-14  2.82e-15   340    60     0
1821.12  4.48e-15  2.18e-15   340    24     0
1822.79  4.71e-15  2.17e-15   341    26     0
1824.47  5.15e-15  2.17e-15   341    28     0
1826.14  2.42e-15  2.10e-15   342    13     0
1827.82  4.09e-15  2.13e-15   343    22     0
1829.50  4.47e-15  2.13e-15   343    24     0
1831.17  6.63e-15  2.21e-15   344    36     0
1832.85  7.07e-15  2.21e-15   344    38     0
1834.53  6.24e-15  2.20e-15   345    34     0
1836.20  2.64e-15  2.12e-15   346    14     0
1837.88  3.91e-16  2.07e-15   346     2     0
1839.55  4.38e-15  2.14e-15   347    24     0
1841.23  6.09e-15  2.17e-15   348    33     0
1842.91  3.60e-15  2.12e-15   348    19     0
1844.58  4.35e-15  2.12e-15   349    23     0
1846.26  3.68e-15  2.15e-15   350    19     0
1847.94  3.70e-15  2.14e-15   351    20     0
1849.61  3.15e-15  2.12e-15   351    17     0
1851.29  3.89e-15  2.11e-15   352    21     0
1852.97  7.05e-15  2.16e-15   353    38     0
1854.64  9.41e-15  2.19e-15   354    51     0
1856.32  8.31e-15  2.19e-15   354    45     0
1857.99  4.92e-15  2.13e-15   355    26     0
1859.67  4.17e-15  2.11e-15   356    22     0
1861.35  4.36e-15  2.13e-15   357    23     0
1863.02  1.59e-15  2.07e-15   358     8     0
1864.70 -1.71e-15  2.05e-15   358    -9     0
1866.38 -2.02e-15  2.02e-15   359   -11     0
1868.05  4.60e-16  2.02e-15   360     2     0
1869.73  2.09e-15  2.05e-15   361    11     0
1871.41  4.62e-15  2.10e-15   362    25     0
1873.08  3.44e-15  2.07e-15   363    18     0
1874.76  2.44e-15  2.05e-15   364    13     0
1876.43  3.84e-15  2.09e-15   364    20     0
1878.11  3.18e-15  2.08e-15   365    17     0
1879.79  2.85e-15  2.08e-15   366    15     0
1881.46  2.99e-15  2.08e-15   367    15     0
1883.14  9.28e-16  2.05e-15   368     4     0
1884.82  1.58e-15  2.05e-15   369     8     0
1886.49  9.66e-16  2.04e-15   370     5     0
1888.17 -2.98e-15  2.03e-15   371   -15     0
1889.85 -8.62e-16  2.03e-15   372    -4     0
1891.52  5.05e-16  2.04e-15   373     2     0
1893.20  3.54e-15  2.10e-15   374    18     0
1894.87  4.51e-15  2.12e-15   375    23     0
1896.55  5.27e-15  2.13e-15   376    27     0
1898.23  6.50e-15  2.16e-15   377    34     0
1899.90  5.39e-15  2.12e-15   378    28     0
1901.58  6.07e-15  2.13e-15   379    31     0
1903.26  4.51e-15  2.11e-15   380    23     0
1904.93  2.38e-15  2.08e-15   381    12     0
1906.61  3.11e-15  2.11e-15   382    16     0
1908.28  5.87e-15  2.16e-15   383    30     0
1909.96  7.56e-15  2.20e-15   384    38     0
1911.64  6.63e-15  2.15e-15   385    34     0
1913.31  4.81e-15  2.22e-15   386    24     0
1914.99  3.38e-15  2.30e-15   387    17     0
1916.67  5.87e-16  2.21e-15   388     3     0
1918.34 -8.36e-17  2.26e-15   389     0     0
1920.02  1.95e-15  2.36e-15   390    10     0
1921.70  6.29e-15  2.53e-15   391    32     0
1923.37  5.39e-15  2.30e-15   392    28     0
1925.05  4.46e-15  2.19e-15   393    23     0
1926.72  4.58e-15  2.09e-15   394    23     0
1928.40  7.12e-15  2.13e-15   395    36     0
1930.08  4.61e-15  2.09e-15   396    23     0
1931.75  3.01e-15  2.05e-15   398    15     0
1933.43  5.47e-15  2.08e-15   399    28     0
1935.11  2.00e-15  2.03e-15   400    10     0
1936.78 -2.72e-16  1.96e-15   401    -1     0
1938.46 -3.44e-15  1.95e-15   402   -18     0
1940.14 -3.46e-15  1.95e-15   403   -18     0
1941.81 -1.56e-15  1.94e-15   404    -8     0
1943.49 -1.91e-15  1.93e-15   405   -10     0
1945.16 -1.93e-15  1.93e-15   406   -10     0
1946.84 -2.93e-15  1.92e-15   407   -15     0
1948.52  3.27e-16  1.91e-15   408     1     0
1950.19  3.11e-15  1.94e-15   409    16     0
1951.87  3.87e-15  1.94e-15   410    20     0
1953.55  3.09e-15  1.92e-15   411    16     0
1955.22  3.07e-15  1.92e-15   412    16     0
1956.90  1.20e-15  1.87e-15   413     6     0
1958.57  3.81e-16  1.85e-15   414     2     0
1960.25  1.48e-15  1.87e-15   415     8     0
1961.93 -1.18e-16  1.84e-15   415     0     0
1963.60 -1.10e-15  1.84e-15   416    -5     0
1965.28 -1.90e-15  1.83e-15   417   -10     0
1966.96 -1.50e-15  1.83e-15   418    -8     0
1968.63 -3.23e-16  1.83e-15   419    -1     0
1970.31 -5.31e-16  1.83e-15   420    -2     0
1971.99 -2.32e-15  1.84e-15   421   -12     0
1973.66 -1.91e-15  1.84e-15   422   -10     0
1975.34 -4.42e-15  1.85e-15   422   -23     0
1977.01 -4.70e-15  1.86e-15   423   -24     0
1978.69 -3.04e-15  1.86e-15   424   -15     0
