NOT ORIGINAL IUE PROJECT DATA PRODUCT
SWP09692LOWLARGE
HD  197481
20:42:04
-31:31:05
52
X-TRAIL
NO
22900.184
03/08/80
21:50:22
216
13.80
26/03/97
VILSPA
2444455.40998
0
36
1150.58  3.54e-15  1.49e-14   694     9     0
1152.26  1.91e-14  1.43e-14   694    54     0
1153.93 -2.34e-14  1.32e-14   694   -71     0
1155.61  1.70e-15  1.28e-14   694     5     0
1157.29  3.99e-15  1.19e-14   694    13     0
1158.96  4.86e-15  1.10e-14   694    17     0
1160.64 -8.24e-15  1.04e-14   694   -31     0
1162.31  1.07e-14  1.03e-14   694    43     0
1163.99  1.51e-14  9.21e-15   694    66     0
1165.67  1.43e-15  8.59e-15   694     6     0
1167.34  2.80e-15  8.13e-15   694    13     0
1169.02  7.24e-15  1.42e-14   694    37     0
1170.70  7.75e-15  7.03e-15   694    43     0
1172.37  2.65e-15  6.51e-15   694    15     0
1174.05  7.44e-15  6.18e-15   694    47     0
1175.73  2.48e-15  5.80e-15   694    16     0
1177.40 -8.18e-16  5.53e-15   693    -5     0
1179.08 -3.87e-15  5.11e-15   693   -29     0
1180.75  2.15e-16  4.92e-15   693     1     0
1182.43 -9.18e-16  4.65e-15   693    -7     0
1184.11  5.56e-15  5.43e-15   693    48     0
1185.78  3.87e-15  4.23e-15   693    36     0
1187.46 -3.57e-15  4.29e-15   693   -35     0
1189.14 -4.39e-15  4.21e-15   693   -44     0
1190.81  2.91e-15  5.49e-15   692    30     0
1192.49  5.56e-15  4.28e-15   692    59     0
1194.17  4.26e-16  3.54e-15   692     4     0
1195.84 -9.07e-15  3.31e-15   692  -103     0
1197.52  7.78e-15  3.30e-15   692    92     0
1199.19  6.68e-15  3.18e-15   692    81     0
1200.87  4.95e-15  3.14e-15   691    61     0
1202.55  1.06e-14  3.25e-15   691   135     0
1204.22  1.87e-14  6.49e-15   691   245     0
1205.90  4.50e-14  1.23e-14   691   614     0
1207.58  1.03e-13  1.69e-14   691  1441     0
1209.25  1.82e-13  3.45e-14   690  2630     0
1210.93  2.23e-13  4.89e-14   690  3258     0
1212.60  1.49e-13  5.15e-14   690  2231     0
1214.28  1.56e-13  5.42e-14   690  2393     0
1215.96  2.11e-13  5.62e-14   690  3311     0
1217.63  1.81e-13  4.68e-14   689  2906     0
1219.31  1.54e-13  3.04e-14   689  2521     0
1220.99  6.82e-14  1.48e-14   689  1137     0
1222.66  1.83e-14  6.06e-15   689   310     0
1224.34  8.10e-15  2.22e-15   689   140     0
1226.02 -1.08e-15  2.59e-15   688   -18     0
1227.69 -1.40e-15  2.26e-15   688   -24     0
1229.37  5.05e-16  2.53e-15   688     9     0
1231.04  5.32e-15  2.07e-15   688    98     0
1232.72 -1.40e-15  2.05e-15   687   -26     0
1234.40 -1.11e-15  1.88e-15   687   -21     0
1236.07 -3.88e-16  2.45e-15   687    -7     0
1237.75  7.31e-16  2.04e-15   687    14     0
1239.43 -2.16e-15  1.80e-15   686   -42     0
1241.10  2.45e-15  1.99e-15   686    48     0
1242.78  3.97e-15  1.84e-15   686    78     0
1244.46  3.49e-15  1.81e-15   686    69     0
1246.13  8.39e-16  1.72e-15   685    17     0
1247.81  6.96e-16  2.04e-15   685    14     0
1249.48 -9.33e-17  1.73e-15   685    -1     0
1251.16 -9.92e-17  1.70e-15   685    -2     0
1252.84  4.08e-16  1.69e-15   684     8     0
1254.51 -1.53e-15  1.86e-15   684   -31     0
1256.19 -4.02e-16  1.96e-15   684    -8     0
1257.87 -2.67e-15  1.64e-15   684   -56     0
1259.54  3.79e-16  1.63e-15   683     8     0
1261.22  7.34e-16  2.73e-15   683    15     0
1262.89  4.51e-16  1.60e-15   683     9     0
1264.57 -2.48e-15  1.59e-15   683   -53     0
1266.25 -1.76e-15  1.59e-15   682   -37     0
1267.92  7.71e-16  1.59e-15   682    16     0
1269.60 -1.24e-15  1.65e-15   682   -26     0
1271.28  1.11e-15  1.63e-15   682    24     0
1272.95 -2.45e-15  1.71e-15   681   -53     0
1274.63 -2.85e-15  1.55e-15   681   -62     0
1276.31  1.59e-15  1.93e-15   681    35     0
1277.98  6.45e-15  2.03e-15   681   142     0
1279.66 -4.05e-16  1.71e-15   680    -8     0
1281.33  2.74e-15  1.55e-15   680    60     0
1283.01  3.74e-16  2.41e-15   680     8     0
1284.69 -2.16e-15  1.59e-15   680   -48     0
1286.36  2.13e-15  2.51e-15   679    47     0
1288.04  4.37e-15  2.15e-15   679    98     0
1289.72  1.75e-15  1.76e-15   679    39     0
1291.39  2.24e-15  1.97e-15   678    50     0
1293.07 -3.69e-15  1.49e-15   678   -82     0
1294.75 -1.12e-15  1.48e-15   678   -25     0
1296.42 -2.20e-16  1.45e-15   678    -4     0
1298.10 -3.93e-16  1.45e-15   677    -8     0
1299.77 -8.70e-17  1.56e-15   677    -1     0
1301.45  1.52e-15  1.67e-15   677    33     0
1303.13  7.80e-15  2.68e-15   677   173     0
1304.80  5.57e-16  1.97e-15   676    12     0
1306.48  8.88e-16  2.10e-15   676    20     0
1308.16  4.06e-15  2.17e-15   676    91     0
1309.83  2.62e-16  2.29e-15   676     5     0
1311.51 -3.85e-16  1.53e-15   675    -8     0
1313.19  3.11e-16  2.62e-15   675     6     0
1314.86 -5.83e-16  1.98e-15   675   -12     0
1316.54  6.79e-16  1.47e-15   674    15     0
1318.21 -1.44e-15  2.03e-15   674   -32     0
1319.89  4.52e-16  1.56e-15   674    10     0
1321.57 -8.73e-16  1.61e-15   674   -19     0
1323.24  1.97e-15  1.55e-15   673    43     0
1324.92  2.93e-15  2.32e-15   673    64     0
1326.60 -3.39e-15  2.17e-15   673   -75     0
1328.27 -3.45e-17  1.47e-15   673     0     0
1329.95 -8.85e-16  1.50e-15   672   -19     0
1331.62  2.45e-15  2.13e-15   672    54     0
1333.30  5.93e-15  2.08e-15   672   132     0
1334.98  4.92e-15  2.92e-15   671   109     0
1336.65  4.49e-15  2.70e-15   671    96     0
1338.33  7.41e-15  2.32e-15   671   159     0
1340.01  4.21e-15  1.53e-15   671    90     0
1341.68 -3.79e-16  1.87e-15   670    -8     0
1343.36  3.47e-15  1.79e-15   670    73     0
1345.04 -7.23e-16  2.13e-15   670   -15     0
1346.71  2.40e-15  1.50e-15   669    50     0
1348.39  7.08e-17  1.44e-15   669     1     0
1350.06 -3.23e-15  1.46e-15   669   -67     0
1351.74  5.04e-16  1.91e-15   669    10     0
1353.42 -3.62e-15  1.99e-15   668   -74     0
1355.09  3.52e-15  2.45e-15   668    72     0
1356.77 -1.59e-15  1.84e-15   668   -32     0
1358.45 -1.29e-16  1.75e-15   668    -2     0
1360.12  2.16e-15  2.18e-15   667    43     0
1361.80 -3.57e-15  1.76e-15   667   -72     0
1363.48  2.78e-17  1.51e-15   667     0     0
1365.15 -1.84e-15  1.89e-15   666   -36     0
1366.83  8.09e-16  2.43e-15   666    16     0
1368.50 -2.23e-15  1.50e-15   666   -44     0
1370.18  2.41e-16  1.53e-15   666     4     0
1371.86 -8.54e-16  1.56e-15   665   -16     0
1373.53  4.24e-15  2.19e-15   665    82     0
1375.21 -3.15e-15  1.92e-15   665   -61     0
1376.89  1.47e-15  2.84e-15   664    28     0
1378.56  4.27e-15  2.71e-15   664    81     0
1380.24  5.62e-16  1.55e-15   664    10     0
1381.91  3.37e-15  1.59e-15   664    64     0
1383.59 -2.92e-15  1.76e-15   663   -55     0
1385.27  1.95e-15  2.46e-15   663    36     0
1386.94  1.85e-15  1.70e-15   663    34     0
1388.62 -8.46e-16  2.68e-15   662   -15     0
1390.30  7.19e-16  1.91e-15   662    13     0
1391.97  2.92e-15  2.03e-15   662    53     0
1393.65 -1.32e-15  1.93e-15   662   -23     0
1395.33  3.85e-15  2.16e-15   661    69     0
1397.00  4.83e-15  2.80e-15   661    86     0
1398.68  4.80e-15  2.77e-15   661    85     0
1400.35  3.37e-15  2.23e-15   660    59     0
1402.03  2.58e-15  1.89e-15   660    45     0
1403.71  2.92e-15  1.67e-15   660    50     0
1405.38 -9.32e-17  2.73e-15   660    -1     0
1407.06  9.89e-16  1.64e-15   659    17     0
1408.74  1.69e-15  2.28e-15   659    29     0
1410.41  1.64e-16  2.01e-15   659     2     0
1412.09  4.55e-15  1.82e-15   658    77     0
1413.77  4.68e-15  1.74e-15   658    79     0
1415.44 -4.09e-15  1.68e-15   658   -67     0
1417.12  3.65e-16  2.47e-15   657     6     0
1418.79  7.92e-17  2.52e-15   657     1     0
1420.47  4.52e-15  2.29e-15   657    74     0
1422.15  4.81e-15  2.22e-15   657    78     0
1423.82  2.68e-16  1.71e-15   656     4     0
1425.50  1.26e-15  1.95e-15   656    20     0
1427.18  1.66e-16  2.29e-15   656     2     0
1428.85 -5.57e-15  1.77e-15   655   -88     0
1430.53  4.20e-15  2.07e-15   655    66     0
1432.20  6.81e-18  1.79e-15   655     0     0
1433.88  2.08e-15  2.67e-15   654    32     0
1435.56 -1.84e-15  2.21e-15   654   -28     0
1437.23  2.14e-15  2.00e-15   654    32     0
1438.91  4.28e-15  1.83e-15   653    65     0
1440.59  1.17e-16  1.78e-15   653     1     0
1442.26 -2.23e-15  1.81e-15   653   -33     0
1443.94 -3.34e-16  2.58e-15   652    -5     0
1445.62  2.72e-15  2.00e-15   652    40     0
1447.29  4.46e-15  1.85e-15   652    66     0
1448.97  1.82e-15  2.33e-15   652    27     0
1450.64 -5.56e-15  3.23e-15   651   -81     0
1452.32 -2.73e-16  2.19e-15   651    -4     0
1454.00  4.30e-15  2.09e-15   651    63     0
1455.67  2.06e-15  1.82e-15   650    30     0
1457.35 -2.03e-15  1.79e-15   650   -29     0
1459.03  2.82e-15  1.88e-15   650    41     0
1460.70 -1.90e-15  1.82e-15   649   -27     0
1462.38  9.49e-16  2.02e-15   649    13     0
1464.06 -2.33e-15  2.75e-15   649   -33     0
1465.73  6.09e-16  1.80e-15   648     8     0
1467.41  3.56e-15  1.88e-15   648    51     0
1469.08  2.92e-15  1.84e-15   647    42     0
1470.76  3.50e-15  2.18e-15   647    49     0
1472.44  1.04e-15  2.06e-15   647    14     0
1474.11  2.26e-15  1.95e-15   646    32     0
1475.79  3.18e-15  2.24e-15   646    44     0
1477.47  1.30e-15  1.84e-15   646    18     0
1479.14  3.77e-15  1.87e-15   645    53     0
1480.82 -2.24e-15  2.53e-15   645   -31     0
1482.50  3.37e-15  1.84e-15   645    47     0
1484.17  3.98e-15  2.10e-15   644    56     0
1485.85  3.30e-15  1.85e-15   644    46     0
1487.52  2.31e-15  1.84e-15   644    32     0
1489.20  2.23e-15  1.83e-15   643    31     0
1490.88  1.06e-14  2.17e-15   643   149     0
1492.55  1.11e-14  4.79e-15   643   155     0
1494.23  4.52e-15  1.91e-15   642    63     0
1495.91  5.28e-15  1.99e-15   642    73     0
1497.58  5.13e-15  2.74e-15   641    70     0
1499.26  1.90e-15  1.84e-15   641    26     0
1500.93  3.17e-16  1.84e-15   641     4     0
1502.61  1.55e-15  1.85e-15   640    20     0
1504.29  4.34e-15  1.91e-15   640    58     0
1505.96  1.24e-15  1.89e-15   640    16     0
1507.64  3.64e-15  1.97e-15   639    47     0
1509.32  3.52e-15  2.77e-15   639    46     0
1510.99  3.20e-15  1.89e-15   638    42     0
1512.67  1.04e-15  2.30e-15   638    13     0
1514.35  5.39e-15  2.40e-15   638    71     0
1516.02  2.91e-15  1.89e-15   637    38     0
1517.70  1.60e-15  1.87e-15   637    20     0
1519.37  4.49e-15  1.93e-15   636    58     0
1521.05  4.00e-15  2.06e-15   636    52     0
1522.73 -2.01e-15  1.88e-15   636   -26     0
1524.40 -3.37e-15  1.85e-15   635   -43     0
1526.08 -4.30e-16  1.86e-15   635    -5     0
1527.76 -1.79e-15  1.91e-15   634   -22     0
1529.43  1.03e-14  6.04e-15   634   132     0
1531.11  4.68e-15  4.05e-15   634    59     0
1532.79 -2.41e-15  1.88e-15   633   -30     0
1534.46 -2.35e-15  1.88e-15   633   -29     0
1536.14 -1.33e-15  1.87e-15   632   -16     0
1537.81 -2.87e-15  1.87e-15   632   -36     0
1539.49  2.93e-15  2.02e-15   632    36     0
1541.17  7.30e-16  2.53e-15   631     9     0
1542.84  1.29e-15  2.67e-15   631    16     0
1544.52  2.44e-15  2.37e-15   630    30     0
1546.20  8.33e-15  3.74e-15   630   105     0
1547.87  9.89e-15  3.47e-15   629   124     0
1549.55  8.68e-15  4.55e-15   629   109     0
1551.22  6.54e-15  3.80e-15   629    82     0
1552.90  8.01e-15  2.06e-15   628   101     0
1554.58  3.11e-15  2.03e-15   628    39     0
1556.25 -1.00e-15  1.83e-15   627   -12     0
1557.93  2.36e-15  1.87e-15   627    29     0
1559.61 -3.65e-15  2.50e-15   626   -46     0
1561.28 -3.29e-16  1.79e-15   626    -4     0
1562.96 -6.47e-16  1.79e-15   626    -8     0
1564.64 -1.29e-15  1.78e-15   625   -16     0
1566.31  6.63e-16  1.78e-15   625     8     0
1567.99 -2.31e-15  1.77e-15   624   -29     0
1569.66  5.63e-16  1.76e-15   624     7     0
1571.34 -8.17e-16  1.77e-15   623   -10     0
1573.02  2.15e-15  3.77e-15   623    27     0
1574.69 -3.02e-15  1.75e-15   622   -38     0
1576.37 -4.18e-15  2.06e-15   622   -53     0
1578.05 -3.47e-15  1.94e-15   622   -44     0
1579.72 -2.66e-16  1.98e-15   621    -3     0
1581.40 -3.06e-15  1.73e-15   621   -39     0
1583.08 -1.20e-15  1.72e-15   620   -15     0
1584.75 -3.98e-15  2.12e-15   620   -51     0
1586.43 -3.24e-15  1.78e-15   619   -41     0
1588.10 -2.28e-15  1.72e-15   619   -29     0
1589.78  7.04e-16  1.72e-15   618     9     0
1591.46 -7.94e-16  1.70e-15   618   -10     0
1593.13 -3.23e-15  1.69e-15   617   -41     0
1594.81  6.62e-16  1.68e-15   617     8     0
1596.49 -2.01e-15  1.69e-15   617   -25     0
1598.16 -4.09e-15  1.73e-15   616   -52     0
1599.84  2.61e-15  1.71e-15   616    33     0
1601.52  1.78e-16  1.66e-15   615     2     0
1603.19  7.25e-16  1.66e-15   615     9     0
1604.87 -3.95e-15  1.66e-15   614   -51     0
1606.54  2.53e-15  1.67e-15   614    33     0
1608.22  4.24e-15  1.69e-15   613    55     0
1609.90 -2.52e-15  1.62e-15   613   -33     0
1611.57 -1.22e-15  1.60e-15   612   -16     0
1613.25 -2.39e-15  1.61e-15   612   -31     0
1614.93  6.42e-16  1.59e-15   611     8     0
1616.60  3.15e-15  1.67e-15   611    41     0
1618.28 -1.97e-15  1.80e-15   610   -26     0
1619.95 -3.16e-16  1.59e-15   610    -4     0
1621.63 -1.82e-15  1.79e-15   610   -24     0
1623.31 -1.95e-16  1.56e-15   609    -2     0
1624.98 -1.48e-15  1.56e-15   609   -19     0
1626.66 -7.46e-16  1.55e-15   608   -10     0
1628.34  3.85e-15  1.60e-15   608    51     0
1630.01  1.91e-15  1.54e-15   607    26     0
1631.69  2.57e-15  1.55e-15   607    35     0
1633.37  1.12e-15  1.51e-15   606    15     0
1635.04  4.86e-15  1.65e-15   606    66     0
1636.72  6.89e-15  1.69e-15   605    93     0
1638.39  1.85e-15  2.30e-15   605    25     0
1640.07  8.28e-15  2.90e-15   604   113     0
1641.75  4.34e-15  3.21e-15   604    59     0
1643.42  4.76e-15  2.03e-15   603    65     0
1645.10 -1.11e-15  1.47e-15   603   -15     0
1646.78 -2.83e-15  1.46e-15   603   -39     0
1648.45 -2.36e-15  1.52e-15   602   -33     0
1650.13 -4.88e-16  1.43e-15   602    -6     0
1651.81  3.81e-15  1.48e-15   601    53     0
1653.48  2.29e-15  1.50e-15   601    32     0
1655.16  3.73e-15  1.60e-15   600    53     0
1656.83  1.72e-15  2.73e-15   600    24     0
1658.51  3.27e-15  3.10e-15   599    47     0
1660.19  7.81e-15  3.75e-15   599   113     0
1661.86  3.83e-15  2.30e-15   598    55     0
1663.54 -2.05e-16  1.37e-15   598    -3     0
1665.22  5.05e-16  1.35e-15   597     7     0
1666.89  1.88e-15  1.37e-15   597    27     0
1668.57  3.98e-15  1.40e-15   597    58     0
1670.24  4.13e-15  1.60e-15   596    60     0
1671.92  4.68e-15  1.40e-15   596    68     0
1673.60  3.38e-15  1.37e-15   595    49     0
1675.27  1.51e-15  1.37e-15   595    22     0
1676.95  2.49e-15  1.58e-15   594    37     0
1678.63  3.67e-15  1.34e-15   594    55     0
1680.30 -5.91e-16  1.32e-15   593    -9     0
1681.98 -4.17e-16  1.26e-15   593    -6     0
1683.66  2.29e-15  1.28e-15   593    35     0
1685.33 -2.26e-16  1.23e-15   592    -3     0
1687.01  6.51e-16  1.23e-15   592    10     0
1688.68  8.75e-16  1.23e-15   591    13     0
1690.36  6.57e-16  1.22e-15   591    10     0
1692.04  7.39e-16  1.21e-15   590    11     0
1693.71  1.35e-15  1.22e-15   590    21     0
1695.39  1.47e-15  1.20e-15   590    23     0
1697.07  9.10e-16  1.18e-15   589    14     0
1698.74  5.31e-16  1.16e-15   589     8     0
1700.42 -1.43e-15  1.16e-15   588   -23     0
1702.10  2.11e-16  1.15e-15   588     3     0
1703.77 -2.42e-15  1.14e-15   588   -39     0
1705.45 -2.27e-15  1.13e-15   587   -37     0
1707.12 -6.15e-17  1.12e-15   587    -1     0
1708.80  8.58e-16  1.12e-15   586    14     0
1710.48 -1.87e-17  1.11e-15   586     0     0
1712.15  9.45e-16  1.11e-15   586    15     0
1713.83  8.10e-16  1.11e-15   585    13     0
1715.51 -8.33e-16  1.07e-15   585   -14     0
1717.18 -1.39e-15  1.06e-15   585   -24     0
1718.86 -1.41e-15  1.05e-15   584   -24     0
1720.54  1.35e-15  1.06e-15   584    23     0
1722.21 -5.42e-16  1.04e-15   583    -9     0
1723.89  1.60e-15  1.05e-15   583    28     0
1725.56  3.49e-15  3.36e-15   583    61     0
1727.24  7.14e-16  1.02e-15   582    12     0
1728.92  2.02e-16  1.34e-15   582     3     0
1730.59  6.49e-16  1.66e-15   582    11     0
1732.27 -5.51e-18  9.82e-16   581     0     0
1733.95  4.30e-16  9.78e-16   581     7     0
1735.62 -5.30e-16  9.71e-16   581    -9     0
1737.30  1.22e-15  9.62e-16   580    23     0
1738.97  4.57e-16  9.43e-16   580     8     0
1740.65  1.64e-15  9.61e-16   580    31     0
1742.33  4.34e-15  1.05e-15   580    82     0
1744.00  8.30e-15  2.91e-15   579   158     0
1745.68  9.92e-15  3.34e-15   579   191     0
1747.36  4.43e-15  1.07e-15   579    86     0
1749.03  2.80e-15  9.41e-16   578    54     0
1750.71  1.60e-15  1.16e-15   578    30     0
1752.39 -8.91e-16  1.02e-15   578   -17     0
1754.06 -5.99e-16  8.91e-16   578   -11     0
1755.74  1.05e-15  8.87e-16   577    20     0
1757.41 -3.73e-16  8.70e-16   577    -7     0
1759.09 -7.30e-16  8.63e-16   577   -14     0
1760.77  1.29e-16  8.52e-16   577     2     0
1762.44  8.44e-16  8.58e-16   576    17     0
1764.12 -1.51e-16  8.40e-16   576    -3     0
1765.80  5.71e-16  8.47e-16   576    11     0
1767.47  2.07e-16  8.35e-16   576     4     0
1769.15  9.24e-16  8.40e-16   576    19     0
1770.83 -1.90e-16  8.22e-16   575    -3     0
1772.50 -8.14e-16  8.16e-16   575   -16     0
1774.18  9.58e-16  8.21e-16   575    20     0
1775.85  1.52e-15  8.19e-16   575    32     0
1777.53  3.93e-16  8.41e-16   575     8     0
1779.21  7.29e-16  7.98e-16   575    15     0
1780.88  1.66e-15  8.06e-16   575    35     0
1782.56  2.60e-15  8.35e-16   574    56     0
1784.24  1.94e-15  8.59e-16   574    42     0
1785.91  1.23e-15  8.93e-16   574    26     0
1787.59  9.85e-16  9.08e-16   574    21     0
1789.26  6.59e-16  9.04e-16   574    14     0
1790.94  8.31e-16  8.45e-16   574    18     0
1792.62  3.28e-16  7.73e-16   574     7     0
1794.29  9.33e-16  7.62e-16   574    20     0
1795.97  1.62e-15  7.73e-16   574    35     0
1797.65  8.76e-16  7.57e-16   574    19     0
1799.32  2.71e-16  7.43e-16   574     5     0
1801.00 -9.94e-16  7.45e-16   574   -21     0
1802.68  7.27e-16  7.50e-16   573    16     0
1804.35  2.43e-15  7.72e-16   573    53     0
1806.03  3.74e-15  8.85e-16   573    83     0
1807.70  3.32e-15  7.70e-16   573    74     0
1809.38  3.68e-15  7.86e-16   573    82     0
1811.06  3.87e-15  8.08e-16   574    86     0
1812.73  3.58e-15  8.19e-16   574    80     0
1814.41  4.63e-15  1.28e-15   574   104     0
1816.09  4.51e-15  1.31e-15   574   101     0
1817.76  4.58e-15  8.53e-16   574   103     0
1819.44  2.38e-15  7.38e-16   574    53     0
1821.12  1.89e-16  7.03e-16   574     4     0
1822.79  7.50e-16  7.08e-16   574    17     0
1824.47  3.11e-16  7.00e-16   574     7     0
1826.14  6.34e-16  7.02e-16   574    14     0
1827.82  2.21e-16  6.92e-16   574     5     0
1829.50  1.73e-16  6.90e-16   574     3     0
1831.17 -1.00e-16  6.91e-16   575    -2     0
1832.85  9.12e-17  6.89e-16   575     2     0
1834.53 -1.03e-15  6.87e-16   575   -23     0
1836.20 -7.74e-16  6.85e-16   575   -17     0
1837.88 -8.92e-16  6.84e-16   575   -20     0
1839.55  5.13e-16  6.88e-16   576    11     0
1841.23  1.43e-15  7.04e-16   576    32     0
1842.91  1.90e-15  7.10e-16   576    43     0
1844.58  4.86e-16  6.87e-16   576    11     0
1846.26 -3.91e-17  6.80e-16   577     0     0
1847.94 -5.11e-16  6.79e-16   577   -11     0
1849.61 -1.42e-16  6.78e-16   577    -3     0
1851.29  2.09e-15  7.03e-16   577    47     0
1852.97  2.11e-15  7.00e-16   578    48     0
1854.64  2.02e-15  6.97e-16   578    46     0
1856.32  1.90e-15  7.04e-16   578    43     0
1857.99  2.17e-15  7.06e-16   579    49     0
1859.67  1.59e-15  6.97e-16   579    36     0
1861.35  1.36e-15  6.89e-16   579    30     0
1863.02  2.04e-15  6.98e-16   580    46     0
1864.70  1.08e-15  6.82e-16   580    24     0
1866.38  6.25e-16  6.77e-16   581    14     0
1868.05  2.81e-16  6.72e-16   581     6     0
1869.73  9.38e-16  6.81e-16   582    21     0
1871.41  1.43e-15  6.88e-16   582    32     0
1873.08  2.33e-15  7.04e-16   583    52     0
1874.76  1.80e-15  6.95e-16   583    40     0
1876.43  5.69e-16  6.81e-16   584    12     0
1878.11  4.79e-16  6.81e-16   584    10     0
1879.79  4.05e-16  6.80e-16   585     8     0
1881.46  1.52e-16  6.68e-16   585     3     0
1883.14  1.64e-16  6.68e-16   586     3     0
1884.82  1.84e-16  6.68e-16   586     4     0
1886.49 -2.41e-16  6.68e-16   587    -5     0
1888.17  8.12e-16  6.78e-16   587    17     0
1889.85  6.97e-16  6.76e-16   588    15     0
1891.52  9.81e-16  6.85e-16   589    21     0
1893.20  1.33e-15  6.91e-16   589    29     0
1894.87  1.18e-15  6.88e-16   590    25     0
1896.55  1.15e-15  6.84e-16   591    25     0
1898.23  1.64e-15  6.92e-16   591    35     0
1899.90  1.89e-15  6.96e-16   592    41     0
1901.58  2.24e-15  6.99e-16   593    48     0
1903.26  1.80e-15  6.90e-16   594    39     0
1904.93  1.93e-15  6.93e-16   594    41     0
1906.61  1.13e-15  6.83e-16   595    24     0
1908.28  7.26e-16  6.77e-16   596    15     0
1909.96  7.83e-16  6.78e-16   597    16     0
1911.64  1.11e-15  6.81e-16   598    24     0
1913.31  7.98e-16  6.91e-16   599    17     0
1914.99  3.95e-16  7.36e-16   599     8     0
1916.67  1.07e-15  7.44e-16   600    23     0
1918.34  1.42e-15  7.93e-16   601    30     0
1920.02  9.68e-16  7.86e-16   602    20     0
1921.70  1.64e-15  8.21e-16   603    35     0
1923.37  5.27e-16  7.33e-16   604    11     0
1925.05  1.09e-15  7.10e-16   605    23     0
1926.72  1.63e-15  6.85e-16   606    35     0
1928.40 -4.63e-16  6.60e-16   607    -9     0
1930.08 -1.35e-15  6.59e-16   608   -28     0
1931.75 -3.82e-16  6.57e-16   609    -8     0
1933.43 -2.16e-16  6.55e-16   610    -4     0
1935.11 -4.16e-16  6.46e-16   611    -9     0
1936.78 -8.08e-16  6.44e-16   612   -17     0
1938.46 -1.28e-16  6.41e-16   613    -2     0
1940.14 -5.53e-17  6.42e-16   614    -1     0
1941.81 -3.87e-16  6.40e-16   616    -8     0
1943.49 -7.26e-16  6.37e-16   617   -15     0
1945.16 -1.20e-15  6.33e-16   618   -26     0
1946.84 -1.29e-15  6.30e-16   619   -28     0
1948.52 -4.67e-16  6.27e-16   620   -10     0
1950.19 -2.19e-16  6.19e-16   622    -4     0
1951.87 -4.08e-17  6.17e-16   623     0     0
1953.55  6.39e-16  6.23e-16   624    14     0
1955.22  8.50e-16  6.26e-16   625    19     0
1956.90  7.21e-16  6.21e-16   627    16     0
1958.57  4.03e-16  6.15e-16   628     9     0
1960.25  6.57e-16  6.19e-16   629    14     0
1961.93  5.86e-16  6.16e-16   631    13     0
1963.60  6.62e-16  6.15e-16   632    15     0
1965.28  4.42e-16  6.16e-16   634     9     0
1966.96  6.83e-16  6.20e-16   635    15     0
1968.63  6.63e-16  6.21e-16   636    14     0
1970.31  5.20e-16  6.18e-16   638    11     0
1971.99  1.68e-16  6.15e-16   639     3     0
1973.66  8.39e-16  6.28e-16   641    18     0
1975.34  1.44e-15  6.37e-16   642    31     0
1977.01  1.89e-15  6.45e-16   644    41     0
1978.69  2.03e-15  6.50e-16   645    44     0
