NOT ORIGINAL IUE PROJECT DATA PRODUCT
SWP9708LOWLARGE
HD  197481
20:42:06
-31:31:05
48
NO-TRAIL
X-OFFSETS
10797.914
06/08/80
07:41:59
219
16.90
15/05/96
GSFC
2444457.82082
90
38
1150.58 -6.32e-14  3.41e-14   735   -75     0
1152.26 -3.23e-14  3.20e-14   735   -41     0
1153.93 -2.24e-14  3.00e-14   735   -30     0
1155.61 -5.62e-15  2.79e-14   735    -8     0
1157.29  2.84e-14  2.63e-14   735    44     0
1158.96 -6.64e-14  2.40e-14   735  -111     0
1160.64  1.60e-14  2.19e-14   735    29     0
1162.31  3.90e-14  2.24e-14   735    77     0
1163.99 -1.63e-14  1.88e-14   735   -34     0
1165.67 -4.79e-15  1.83e-14   734   -10     0
1167.34 -1.38e-15  1.71e-14   734    -3     0
1169.02 -3.39e-14  1.59e-14   734   -84     0
1170.70  2.68e-14  1.98e-14   734    71     0
1172.37 -1.03e-14  1.40e-14   734   -29     0
1174.05  4.27e-14  1.41e-14   733   129     0
1175.73 -9.56e-15  1.46e-14   733   -31     0
1177.40 -6.96e-15  1.14e-14   733   -24     0
1179.08  1.28e-14  1.09e-14   733    46     0
1180.75  5.37e-15  1.52e-14   732    20     0
1182.43  8.04e-15  9.75e-15   732    32     0
1184.11  1.83e-14  1.02e-14   732    78     0
1185.78 -1.70e-15  9.05e-15   732    -7     0
1187.46 -1.16e-14  9.05e-15   731   -55 -4096
1189.14  2.45e-14  9.29e-15   731   120 -4096
1190.81  1.04e-14  1.12e-14   731    52 -4096
1192.49  4.79e-15  8.32e-15   731    24     0
1194.17  1.54e-15  7.70e-15   730     8     0
1195.84  2.43e-15  7.32e-15   730    13     0
1197.52  2.00e-14  6.97e-15   730   114     0
1199.19  2.80e-14  6.99e-15   729   165     0
1200.87  2.98e-14  6.82e-15   729   178     0
1202.55  3.48e-14  9.10e-15   729   215     0
1204.22  5.79e-14  1.41e-14   728   369     0
1205.90  1.69e-13  3.25e-14   728  1110     0
1207.58  3.16e-13  6.10e-14   728  2131     0
1209.25  5.67e-13  1.12e-13   727  3930     0
1210.93  1.81e-13  8.70e-14   727  1276 -1280
1212.60  2.06e-13  7.93e-14   727  1491 -1280
1214.28  1.56e-13  8.19e-14   726  1157 -1280
1215.96  2.00e-13  8.26e-14   726  1517 -1280
1217.63  1.28e-13  5.72e-14   726   996 -1280
1219.31  3.60e-13  8.82e-14   725  2863  -256
1220.99  2.17e-13  4.44e-14   725  1763     0
1222.66  7.71e-14  1.88e-14   725   640     0
1224.34  1.80e-14  6.64e-15   724   152     0
1226.02  7.28e-15  8.10e-15   724    62     0
1227.69  3.41e-15  5.74e-15   724    29     0
1229.37  1.29e-14  4.43e-15   723   113     0
1231.04  8.63e-15  4.25e-15   723    76     0
1232.72  3.28e-15  4.14e-15   723    29     0
1234.40 -6.99e-16  7.30e-15   723    -6     0
1236.07  1.90e-14  4.35e-15   722   174     0
1237.75  7.01e-15  4.48e-15   722    65     0
1239.43  1.76e-14  5.50e-15   722   165     0
1241.10  1.14e-14  5.87e-15   721   109     0
1242.78  1.36e-14  3.93e-15   721   131     0
1244.46  2.99e-15  4.35e-15   721    29     0
1246.13  8.14e-15  3.77e-15   720    80     0
1247.81  1.06e-14  3.91e-15   720   105     0
1249.48 -4.30e-15  3.55e-15   720   -43     0
1251.16  9.31e-15  3.73e-15   719    92     0
1252.84 -5.18e-16  3.56e-15   719    -5     0
1254.51  4.81e-15  5.05e-15   719    48     0
1256.19  4.84e-16  3.46e-15   719     4     0
1257.87 -1.94e-15  3.70e-15   718   -19     0
1259.54  1.27e-14  3.60e-15   718   131     0
1261.22  6.47e-15  3.50e-15   718    66     0
1262.89  1.15e-15  3.39e-15   718    11     0
1264.57 -7.67e-16  3.36e-15   717    -7     0
1266.25  7.00e-15  3.46e-15   717    72     0
1267.92 -1.73e-15  4.23e-15   717   -18     0
1269.60 -3.32e-15  4.85e-15   717   -34     0
1271.28 -3.02e-15  3.26e-15   716   -32     0
1272.95  2.28e-15  3.25e-15   716    24     0
1274.63  1.93e-15  4.64e-15   716    20     0
1276.31  8.31e-15  3.30e-15   716    90     0
1277.98  4.53e-15  3.25e-15   715    49     0
1279.66  5.09e-16  3.14e-15   715     5     0
1281.33  6.23e-16  3.71e-15   715     6     0
1283.01 -6.70e-15  3.33e-15   715   -73     0
1284.69  3.91e-16  3.76e-15   715     4     0
1286.36  9.46e-15  4.23e-15   714   102     0
1288.04  6.74e-15  3.58e-15   714    73     0
1289.72  8.74e-15  5.45e-15   714    95     0
1291.39  1.54e-15  3.38e-15   714    16     0
1293.07  4.63e-16  3.08e-15   714     5     0
1294.75  5.70e-15  4.40e-15   713    62     0
1296.42  7.75e-15  3.25e-15   713    83     0
1298.10  5.97e-15  3.19e-15   713    64     0
1299.77 -6.06e-16  3.39e-15   713    -6     0
1301.45  2.58e-14  5.51e-15   713   283     0
1303.13  2.08e-14  4.79e-15   713   228     0
1304.80  1.56e-14  7.77e-15   713   171     0
1306.48  2.86e-14  6.54e-15   712   318     0
1308.16  1.87e-14  6.52e-15   712   208     0
1309.83 -7.27e-15  3.14e-15   712   -80     0
1311.51  8.07e-15  3.17e-15   712    87     0
1313.19 -1.84e-15  3.32e-15   712   -19     0
1314.86 -3.72e-15  3.83e-15   712   -40     0
1316.54  8.09e-15  4.67e-15   712    87     0
1318.21  1.13e-14  3.46e-15   712   121     0
1319.89  2.64e-16  3.43e-15   712     2 -4096
1321.57  5.24e-15  3.38e-15   712    57 -4096
1323.24 -2.55e-15  4.24e-15   711   -27     0
1324.92 -2.93e-15  5.49e-15   711   -31     0
1326.60  1.03e-14  3.38e-15   711   112     0
1328.27  1.13e-14  5.60e-15   711   123     0
1329.95  1.95e-15  3.83e-15   711    21     0
1331.62  2.59e-14  6.18e-15   711   275     0
1333.30  3.38e-14  7.32e-15   711   357     0
1334.98  3.69e-14  1.00e-14   711   389     0
1336.65  3.01e-14  5.24e-15   711   311     0
1338.33  1.17e-14  3.86e-15   711   120     0
1340.01 -2.20e-15  3.32e-15   711   -23     0
1341.68  3.76e-15  4.43e-15   711    39     0
1343.36  7.29e-15  3.54e-15   711    75     0
1345.04  2.33e-15  4.15e-15   711    24     0
1346.71  4.17e-16  5.71e-15   711     4     0
1348.39  4.83e-15  3.14e-15   711    49     0
1350.06  9.00e-15  4.01e-15   711    91     0
1351.74 -1.09e-14  4.72e-15   711  -109     0
1353.42  9.56e-15  5.21e-15   711    95     0
1355.09  1.84e-15  4.23e-15   711    18     0
1356.77  7.56e-15  3.35e-15   711    74     0
1358.45  1.06e-14  3.38e-15   711   103     0
1360.12 -3.73e-15  3.32e-15   711   -37     0
1361.80  2.34e-15  3.14e-15   711    23     0
1363.48  1.59e-15  3.51e-15   711    15     0
1365.15  2.35e-15  4.66e-15   711    22     0
1366.83 -4.75e-15  3.16e-15   711   -46     0
1368.50  4.00e-15  3.22e-15   711    38     0
1370.18 -4.55e-15  3.21e-15   711   -43     0
1371.86  8.06e-15  4.51e-15   711    76     0
1373.53 -8.22e-15  3.59e-15   711   -77     0
1375.21  1.52e-15  5.54e-15   711    14     0
1376.89  1.29e-14  6.51e-15   711   120     0
1378.56 -6.93e-15  4.26e-15   711   -64     0
1380.24  3.00e-15  3.31e-15   711    27     0
1381.91 -1.54e-15  4.71e-15   711   -14     0
1383.59  5.26e-15  4.07e-15   711    47     0
1385.27  4.31e-15  3.59e-15   711    38     0
1386.94 -3.69e-15  6.15e-15   712   -32     0
1388.62  7.06e-16  3.62e-15   712     6     0
1390.30  7.11e-15  3.47e-15   712    62     0
1391.97  9.41e-15  3.94e-15   712    82     0
1393.65  2.69e-14  6.70e-15   712   235     0
1395.33  6.83e-15  6.11e-15   712    59     0
1397.00  4.90e-15  3.76e-15   712    42     0
1398.68  9.72e-15  5.58e-15   712    83     0
1400.35  1.13e-14  5.90e-15   712    95     0
1402.03  1.00e-14  5.78e-15   712    84     0
1403.71  7.27e-15  3.99e-15   712    60     0
1405.38  9.14e-15  3.83e-15   712    76     0
1407.06  2.07e-15  3.72e-15   712    17     0
1408.74  3.73e-15  4.07e-15   712    30     0
1410.41  5.60e-15  4.27e-15   712    45     0
1412.09 -6.42e-16  4.54e-15   713    -5     0
1413.77 -8.86e-15  3.65e-15   713   -71     0
1415.44  3.34e-15  3.74e-15   713    26     0
1417.12  1.89e-15  4.11e-15   713    14     0
1418.79 -2.09e-15  3.91e-15   713   -16     0
1420.47 -1.74e-15  3.66e-15   713   -13     0
1422.15  4.34e-15  3.70e-15   713    34     0
1423.82 -3.10e-15  3.67e-15   713   -24     0
1425.50  8.42e-15  3.89e-15   713    63     0
1427.18 -1.28e-14  5.82e-15   713   -96     0
1428.85  4.13e-15  3.85e-15   713    31     0
1430.53 -7.90e-16  4.10e-15   713    -5     0
1432.20 -4.97e-15  5.47e-15   713   -36     0
1433.88 -3.06e-15  4.38e-15   713   -22     0
1435.56  4.02e-15  5.48e-15   714    29     0
1437.23  1.39e-15  3.81e-15   714    10     0
1438.91 -3.66e-15  3.84e-15   714   -26     0
1440.59 -5.88e-15  3.91e-15   714   -42     0
1442.26 -7.57e-15  4.30e-15   714   -54     0
1443.94 -6.52e-15  5.68e-15   714   -46     0
1445.62  1.14e-14  4.15e-15   714    81     0
1447.29 -8.23e-16  3.94e-15   714    -5     0
1448.97 -7.23e-15  4.05e-15   714   -50     0
1450.64  6.58e-15  5.47e-15   714    45     0
1452.32  1.81e-16  4.10e-15   714     1     0
1454.00 -1.24e-15  4.04e-15   714    -8     0
1455.67 -1.72e-16  4.01e-15   714    -1     0
1457.35 -6.77e-15  4.05e-15   714   -46     0
1459.03 -8.03e-15  4.02e-15   714   -54     0
1460.70  1.66e-15  4.13e-15   714    11     0
1462.38 -3.36e-15  4.18e-15   714   -22     0
1464.06 -3.21e-15  4.75e-15   714   -21     0
1465.73 -2.68e-15  4.04e-15   714   -18     0
1467.41  1.15e-15  4.07e-15   714     7     0
1469.08  5.01e-15  4.33e-15   714    33     0
1470.76 -8.14e-15  4.08e-15   714   -55     0
1472.44  4.19e-15  4.28e-15   714    28     0
1474.11 -2.98e-16  4.30e-15   714    -2     0
1475.79  2.37e-15  4.02e-15   714    16     0
1477.47  3.89e-15  4.03e-15   714    26     0
1479.14 -3.23e-15  5.63e-15   714   -21     0
1480.82 -9.08e-16  4.02e-15   714    -6     0
1482.50  1.19e-14  1.14e-14   714    79     0
1484.17  3.63e-15  8.28e-15   714    24     0
1485.85  1.49e-15  4.83e-15   714     9     0
1487.52  1.22e-14  4.65e-15   714    79     0
1489.20 -7.27e-15  4.59e-15   714   -47     0
1490.88  8.30e-15  4.15e-15   714    54     0
1492.55 -4.32e-15  4.03e-15   714   -28     0
1494.23 -8.52e-16  4.04e-15   714    -5     0
1495.91 -5.00e-15  4.11e-15   714   -32     0
1497.58  6.40e-16  4.11e-15   714     4     0
1499.26 -4.03e-15  4.50e-15   714   -25     0
1500.93  9.46e-16  4.16e-15   713     5     0
1502.61 -4.63e-15  4.18e-15   713   -28     0
1504.29 -2.67e-15  4.75e-15   713   -16     0
1505.96  7.60e-15  4.31e-15   713    47     0
1507.64 -6.71e-15  5.04e-15   713   -41     0
1509.32  1.82e-15  4.23e-15   713    11     0
1510.99 -5.47e-16  4.82e-15   713    -3     0
1512.67 -1.24e-14  7.65e-15   713   -76     0
1514.35  1.26e-14  6.58e-15   713    77     0
1516.02  2.01e-14  1.09e-14   712   123     0
1517.70  6.23e-15  4.28e-15   712    38     0
1519.37 -3.12e-15  4.32e-15   712   -19     0
1521.05  4.98e-15  6.19e-15   712    30     0
1522.73 -7.09e-15  4.80e-15   712   -42     0
1524.40  1.02e-15  4.23e-15   712     6     0
1526.08  1.07e-14  4.40e-15   711    64     0
1527.76  5.94e-15  4.32e-15   711    35     0
1529.43  3.49e-15  4.29e-15   711    20     0
1531.11  1.00e-14  4.45e-15   711    58     0
1532.79  6.25e-15  4.53e-15   711    36     0
1534.46  1.59e-15  4.29e-15   710     9     0
1536.14  5.64e-15  5.17e-15   710    32     0
1537.81  4.42e-15  4.34e-15   710    25     0
1539.49  1.22e-14  4.81e-15   710    70     0
1541.17  7.50e-15  4.38e-15   710    43     0
1542.84  1.14e-14  6.12e-15   709    66     0
1544.52  3.41e-14  7.90e-15   709   198     0
1546.20  6.44e-14  1.31e-14   709   375     0
1547.87  9.08e-14  1.93e-14   709   529     0
1549.55  8.45e-14  1.64e-14   708   493     0
1551.22  5.12e-14  1.01e-14   708   301     0
1552.90  3.39e-14  4.73e-15   708   199     0
1554.58  1.01e-14  5.62e-15   707    59     0
1556.25  9.93e-15  4.36e-15   707    58     0
1557.93  2.12e-14  4.51e-15   707   125     0
1559.61  2.26e-14  5.04e-15   706   133     0
1561.28  2.43e-14  4.81e-15   706   143     0
1562.96  3.41e-14  4.66e-15   706   200     0
1564.64  4.08e-14  5.02e-15   705   240     0
1566.31  3.76e-14  5.39e-15   705   218     0
1567.99  3.83e-14  5.59e-15   705   222     0
1569.66  3.64e-14  4.72e-15   704   211     0
1571.34  3.55e-14  5.21e-15   704   210     0
1573.02  4.00e-14  4.68e-15   704   238     0
1574.69  2.27e-14  4.68e-15   703   135     0
1576.37  1.84e-14  4.26e-15   703   110     0
1578.05  2.11e-14  4.28e-15   702   126     0
1579.72  6.41e-15  4.03e-15   702    38     0
1581.40  7.17e-15  4.05e-15   702    42     0
1583.08 -1.73e-15  3.94e-15   701   -10     0
1584.75 -3.62e-16  3.93e-15   701    -2     0
1586.43  2.19e-15  3.96e-15   700    13     0
1588.10  5.20e-15  4.00e-15   700    31     0
1589.78  1.47e-15  4.44e-15   699     8     0
1591.46  1.32e-15  3.86e-15   699     8     0
1593.13  2.46e-15  3.88e-15   699    14     0
1594.81 -7.25e-15  3.84e-15   698   -44     0
1596.49  4.51e-15  3.95e-15   698    27     0
1598.16  4.42e-15  3.90e-15   697    26     0
1599.84 -3.40e-16  3.83e-15   697    -2     0
1601.52  5.25e-15  3.90e-15   696    31     0
1603.19  3.01e-17  3.82e-15   696     0     0
1604.87  8.92e-16  3.80e-15   695     5     0
1606.54  1.51e-15  3.76e-15   695     9     0
1608.22  1.67e-15  3.76e-15   694    10     0
1609.90  4.19e-16  3.72e-15   693     2     0
1611.57  9.79e-15  3.86e-15   693    60     0
1613.25  9.72e-16  3.70e-15   692     5     0
1614.93 -9.78e-15  3.67e-15   692   -60     0
1616.60  3.81e-15  3.81e-15   691    23     0
1618.28  6.23e-15  3.72e-15   691    38     0
1619.95  4.82e-15  3.67e-15   690    30     0
1621.63  2.52e-15  3.66e-15   690    15     0
1623.31  3.41e-15  3.65e-15   689    21     0
1624.98  2.69e-15  3.62e-15   688    16     0
1626.66  3.36e-15  3.67e-15   688    20     0
1628.34 -9.62e-17  3.55e-15   687     0     0
1630.01  7.33e-15  3.65e-15   687    46     0
1631.69  4.74e-15  3.59e-15   686    30     0
1633.37  1.51e-14  3.69e-15   685    96     0
1635.04  2.03e-14  5.31e-15   685   129     0
1636.72  3.89e-14  9.01e-15   684   248     0
1638.39  7.34e-14  1.45e-14   683   468     0
1640.07  7.98e-14  1.55e-14   683   513     0
1641.75  5.54e-14  1.13e-14   682   357     0
1643.42  1.89e-14  4.31e-15   681   122     0
1645.10  1.43e-14  3.95e-15   681    92     0
1646.78  1.29e-15  3.75e-15   680     8     0
1648.45  7.52e-15  3.41e-15   679    49     0
1650.13  6.82e-15  3.35e-15   679    45     0
1651.81  6.01e-15  3.32e-15   678    39     0
1653.48  1.97e-14  3.59e-15   677   131     0
1655.16  2.20e-14  4.99e-15   677   145     0
1656.83  1.30e-14  7.10e-15   676    85     0
1658.51  1.38e-14  7.23e-15   675    91     0
1660.19  1.39e-14  4.11e-15   675    92     0
1661.86  3.11e-15  3.46e-15   674    20     0
1663.54  2.93e-15  3.19e-15   673    19     0
1665.22  4.42e-15  3.13e-15   672    30     0
1666.89  1.02e-14  3.20e-15   672    70     0
1668.57  6.64e-15  3.16e-15   671    45     0
1670.24  6.04e-15  3.13e-15   670    41     0
1671.92  4.68e-15  3.10e-15   669    32     0
1673.60 -4.15e-15  3.01e-15   669   -28     0
1675.27 -4.62e-16  2.99e-15   668    -3     0
1676.95 -5.31e-15  2.97e-15   667   -36     0
1678.63  5.78e-16  2.95e-15   667     4     0
1680.30 -2.28e-16  2.91e-15   666    -1     0
1681.98  1.13e-15  2.90e-15   665     8     0
1683.66  3.95e-15  2.92e-15   664    28     0
1685.33  4.56e-15  2.88e-15   664    32     0
1687.01 -1.92e-15  2.80e-15   663   -13     0
1688.68 -1.22e-15  2.78e-15   662    -8     0
1690.36 -2.94e-17  2.78e-15   661     0     0
1692.04  1.65e-16  2.75e-15   660     1     0
1693.71 -3.64e-15  2.73e-15   660   -26     0
1695.39  2.21e-15  2.73e-15   659    16     0
1697.07  6.54e-15  2.78e-15   658    48     0
1698.74  2.71e-15  2.70e-15   657    20     0
1700.42  8.93e-16  2.65e-15   657     6     0
1702.10  1.47e-15  2.63e-15   656    11     0
1703.77  3.56e-15  2.64e-15   655    27     0
1705.45  1.42e-15  2.57e-15   654    11     0
1707.12  3.15e-15  2.58e-15   653    24     0
1708.80 -3.68e-15  2.51e-15   653   -28     0
1710.48 -1.57e-15  2.50e-15   652   -12     0
1712.15  2.40e-15  2.50e-15   651    19     0
1713.83  6.67e-15  2.55e-15   650    53     0
1715.51  4.43e-15  2.50e-15   650    35     0
1717.18  1.79e-15  2.43e-15   649    14     0
1718.86  9.50e-16  2.41e-15   648     7     0
1720.54  1.91e-15  2.42e-15   647    15     0
1722.21  6.61e-15  2.47e-15   647    53     0
1723.89  6.52e-15  2.45e-15   646    53     0
1725.56  3.27e-15  2.31e-15   645    27     0
1727.24  1.86e-15  2.27e-15   644    15     0
1728.92  2.89e-15  2.27e-15   643    24     0
1730.59  3.89e-15  2.28e-15   643    33     0
1732.27 -1.28e-15  2.21e-15   642   -10     0
1733.95 -2.13e-16  2.19e-15   641    -1     0
1735.62  5.47e-16  2.17e-15   640     4     0
1737.30 -1.09e-15  2.15e-15   640    -9     0
1738.97  2.01e-15  2.16e-15   639    17     0
1740.65  1.46e-15  2.16e-15   638    12     0
1742.33  3.61e-15  2.57e-15   637    31     0
1744.00  1.35e-14  6.30e-15   637   118     0
1745.68  4.74e-15  4.08e-15   636    42     0
1747.36  2.52e-15  2.10e-15   635    22     0
1749.03 -6.83e-16  2.06e-15   635    -6     0
1750.71  3.17e-16  2.08e-15   634     2     0
1752.39  2.24e-15  2.05e-15   633    20     0
1754.06  2.83e-15  2.05e-15   632    25     0
1755.74 -1.29e-15  1.97e-15   632   -12     0
1757.41 -1.35e-15  1.96e-15   631   -12     0
1759.09 -3.38e-15  1.94e-15   630   -31     0
1760.77 -1.47e-16  1.92e-15   630    -1     0
1762.44  5.27e-15  1.99e-15   629    49     0
1764.12  6.81e-15  1.99e-15   628    64     0
1765.80  2.96e-15  1.94e-15   628    28     0
1767.47  1.82e-15  1.91e-15   627    17     0
1769.15  4.56e-16  1.87e-15   626     4     0
1770.83 -9.56e-16  1.86e-15   626    -9     0
1772.50  1.78e-15  1.87e-15   625    17     0
1774.18  7.48e-16  1.84e-15   624     7     0
1775.85  5.50e-16  1.82e-15   624     5     0
1777.53  1.99e-15  1.84e-15   623    19     0
1779.21  2.11e-15  1.82e-15   622    20     0
1780.88  2.78e-15  1.86e-15   622    27     0
1782.56  2.91e-15  1.89e-15   621    28     0
1784.24  3.11e-15  2.03e-15   621    30 -4096
1785.91  2.04e-15  2.15e-15   620    20 -4096
1787.59 -3.57e-16  2.04e-15   620    -3 -4096
1789.26 -2.35e-15  2.33e-15   619   -23 -4096
1790.94 -1.60e-15  1.76e-15   618   -16     0
1792.62  2.83e-15  1.75e-15   618    28     0
1794.29  4.47e-15  1.77e-15   617    45     0
1795.97  2.51e-15  1.72e-15   617    25     0
1797.65  5.13e-16  1.69e-15   616     5     0
1799.32  7.90e-16  1.68e-15   616     8     0
1801.00  8.92e-16  1.68e-15   615     9     0
1802.68  4.71e-15  1.72e-15   615    48     0
1804.35  1.07e-14  2.12e-15   614   110     0
1806.03  1.28e-14  3.35e-15   614   133     0
1807.70  1.06e-14  3.37e-15   614   110     0
1809.38  8.93e-15  2.26e-15   613    93     0
1811.06  9.81e-15  1.89e-15   613   102     0
1812.73  1.36e-14  1.94e-15   612   142     0
1814.41  1.92e-14  3.33e-15   612   200     0
1816.09  2.16e-14  4.14e-15   612   227     0
1817.76  1.83e-14  4.06e-15   611   193     0
1819.44  1.21e-14  2.81e-15   611   127     0
1821.12  6.88e-15  1.65e-15   610    73     0
1822.79  5.28e-15  1.62e-15   610    56     0
1824.47  3.83e-15  1.59e-15   610    40     0
1826.14  3.88e-15  1.58e-15   610    41     0
1827.82  7.27e-16  1.53e-15   609     7     0
1829.50 -2.46e-16  1.51e-15   609    -2     0
1831.17  1.88e-15  1.57e-15   609    19     0
1832.85  1.59e-15  1.56e-15   609    16     0
1834.53 -5.41e-16  1.54e-15   608    -5     0
1836.20 -4.62e-16  1.53e-15   608    -4     0
1837.88  1.60e-15  1.54e-15   608    16     0
1839.55  3.06e-15  1.71e-15   608    32     0
1841.23  6.14e-15  1.60e-15   608    65     0
1842.91  6.93e-15  1.61e-15   607    73     0
1844.58  4.74e-15  1.58e-15   607    50     0
1846.26  3.36e-15  1.57e-15   607    35     0
1847.94  6.29e-15  1.71e-15   607    65     0
1849.61  1.16e-14  4.77e-15   607   121     0
1851.29  3.96e-14  1.94e-14   607   420     0
1852.97  2.10e-14  1.15e-14   607   223     0
1854.64  2.07e-14  1.15e-14   607   219     0
1856.32  4.20e-14  1.97e-14   607   442     0
1857.99  1.78e-14  5.39e-15   607   187     0
1859.67  5.21e-15  1.56e-15   607    54     0
1861.35  5.97e-15  1.59e-15   607    62     0
1863.02  1.55e-14  5.54e-15   607   161     0
1864.70  2.93e-14  1.12e-14   607   304     0
1866.38  3.56e-14  1.20e-14   607   376     0
1868.05  2.48e-14  7.64e-15   608   261     0
1869.73  1.51e-14  3.35e-15   608   159     0
1871.41  1.05e-14  1.61e-15   608   110     0
1873.08  7.22e-15  1.57e-15   608    75     0
1874.76  1.91e-15  1.49e-15   608    19     0
1876.43  2.80e-15  1.51e-15   608    29     0
1878.11  3.49e-15  1.52e-15   609    36     0
1879.79  4.26e-15  1.53e-15   609    44     0
1881.46  5.39e-15  1.55e-15   609    55     0
1883.14  3.06e-15  1.52e-15   610    31     0
1884.82  1.02e-15  1.49e-15   610    10     0
1886.49  4.50e-15  1.54e-15   610    46     0
1888.17  7.21e-15  1.57e-15   611    74     0
1889.85  8.73e-15  1.60e-15   611    89     0
1891.52  9.25e-15  1.61e-15   612    94     0
1893.20  9.42e-15  1.61e-15   612    95     0
1894.87  7.45e-15  1.59e-15   613    75     0
1896.55  5.99e-15  1.56e-15   613    60     0
1898.23  4.02e-15  1.53e-15   614    40     0
1899.90  3.15e-15  1.52e-15   614    31     0
1901.58  1.47e-15  1.49e-15   615    14     0
1903.26  2.81e-15  1.51e-15   615    28     0
1904.93  3.73e-15  1.53e-15   616    37     0
1906.61  3.78e-15  1.54e-15   616    37     0
1908.28  5.41e-15  1.56e-15   617    53     0
1909.96  6.42e-15  1.58e-15   618    63     0
1911.64  7.20e-15  1.61e-15   619    72     0
1913.31  6.35e-15  1.67e-15   619    63     0
1914.99  7.59e-15  1.65e-15   620    75     0
1916.67  6.38e-15  1.79e-15   621    64 -4096
1918.34  7.14e-15  1.85e-15   622    72 -4096
1920.02  4.77e-15  1.81e-15   622    48 -4096
1921.70  1.81e-15  1.75e-15   623    18 -4096
1923.37  1.12e-15  1.52e-15   624    11     0
1925.05  4.30e-15  1.51e-15   625    43     0
1926.72  4.36e-15  1.51e-15   626    43     0
1928.40  3.97e-15  1.50e-15   627    39     0
1930.08  7.12e-15  1.54e-15   628    71     0
1931.75  7.10e-15  1.54e-15   629    71     0
1933.43  5.03e-15  1.50e-15   630    50     0
1935.11  4.26e-15  1.48e-15   631    43     0
1936.78  5.60e-15  1.50e-15   632    56     0
1938.46  5.59e-15  1.49e-15   633    56     0
1940.14  5.64e-15  1.49e-15   634    57     0
1941.81  5.12e-15  1.47e-15   635    52     0
1943.49  4.84e-15  1.46e-15   637    49     0
1945.16  2.56e-15  1.43e-15   638    26     0
1946.84  3.40e-15  1.44e-15   639    34     0
1948.52  6.15e-15  1.47e-15   640    63     0
1950.19  6.36e-15  1.46e-15   642    66     0
1951.87  6.47e-15  1.45e-15   643    67     0
1953.55  5.17e-15  1.43e-15   644    54     0
1955.22  4.72e-15  1.42e-15   646    49     0
1956.90  3.75e-15  1.41e-15   647    39     0
1958.57  5.87e-15  1.43e-15   648    61     0
1960.25  6.50e-15  1.44e-15   650    68     0
1961.93  4.74e-15  1.41e-15   651    49     0
1963.60  4.91e-15  1.41e-15   653    51     0
1965.28  5.38e-15  1.41e-15   654    56     0
1966.96  5.82e-15  1.42e-15   656    61     0
1968.63  6.20e-15  1.42e-15   657    64     0
1970.31  5.18e-15  1.42e-15   659    53     0
1971.99  2.37e-15  1.38e-15   661    24     0
1973.66  2.05e-15  1.39e-15   662    21     0
1975.34  2.66e-15  1.40e-15   664    27     0
1977.01  3.37e-15  1.42e-15   666    34     0
1978.69  5.07e-15  1.45e-15   667    51     0
