NOT ORIGINAL IUE PROJECT DATA PRODUCT
SWP09711LOWLARGE
HD  197481
20:42:04
-31:31:05
52
X-TRAIL
NO
22900.184
06/08/80
19:08:50
219
16.50
26/03/97
VILSPA
2444458.29780
0
35
1150.58 -7.34e-15  1.48e-14   650   -19     0
1152.26  1.05e-14  1.40e-14   650    29     0
1153.93 -7.59e-15  1.31e-14   650   -22     0
1155.61 -6.95e-15  1.27e-14   650   -21     0
1157.29  1.68e-15  1.18e-14   650     5     0
1158.96 -4.74e-15  1.10e-14   650   -16     0
1160.64  3.71e-15  1.03e-14   650    14     0
1162.31  1.64e-14  9.83e-15   650    66     0
1163.99  6.77e-15  9.00e-15   649    29     0
1165.67 -1.11e-14  8.53e-15   649   -50     0
1167.34  1.61e-15  7.95e-15   649     7     0
1169.02 -1.25e-14  7.57e-15   649   -64     0
1170.70  1.62e-14  1.17e-14   649    90     0
1172.37  3.63e-14  3.20e-14   649   215     0
1174.05  4.53e-14  1.91e-14   649   286     0
1175.73 -3.95e-15  6.46e-15   648   -26     0
1177.40  9.79e-16  5.90e-15   648     6     0
1179.08  1.16e-14  5.24e-15   648    86     0
1180.75  2.93e-15  5.17e-15   648    22     0
1182.43  3.12e-15  4.66e-15   648    25     0
1184.11  7.61e-15  4.88e-15   647    65     0
1185.78 -3.30e-15  4.25e-15   647   -30     0
1187.46 -7.91e-15  4.25e-15   647   -76     0
1189.14  8.93e-15  4.53e-15   647    90     0
1190.81 -3.03e-15  5.28e-15   646   -30     0
1192.49 -4.96e-15  3.98e-15   646   -52     0
1194.17 -6.58e-15  3.49e-15   646   -72     0
1195.84 -3.95e-15  3.29e-15   646   -44     0
1197.52  5.83e-15  3.23e-15   645    68     0
1199.19  8.78e-15  3.18e-15   645   105     0
1200.87  1.58e-14  3.25e-15   645   192     0
1202.55  1.88e-14  5.54e-15   644   236     0
1204.22  2.31e-14  7.27e-15   644   299     0
1205.90  8.35e-14  1.64e-14   644  1127     0
1207.58  1.57e-13  3.03e-14   644  2185     0
1209.25  2.89e-13  5.76e-14   643  4120     0
1210.93  8.47e-14  4.25e-14   643  1223 -1280
1212.60  8.08e-14  4.41e-14   643  1197 -1280
1214.28  1.17e-13  5.67e-14   642  1771 -1280
1215.96  7.89e-14  4.20e-14   642  1223 -1280
1217.63  1.13e-13  5.02e-14   642  1789     0
1219.31  2.08e-13  5.73e-14   641  3366     0
1220.99  1.29e-13  2.64e-14   641  2117     0
1222.66  4.21e-14  1.08e-14   641   707     0
1224.34  7.97e-15  3.22e-15   640   136     0
1226.02 -1.81e-15  3.05e-15   640   -31     0
1227.69 -4.82e-17  2.12e-15   640     0     0
1229.37  3.22e-15  2.06e-15   639    57     0
1231.04  3.15e-15  1.97e-15   639    57     0
1232.72 -4.13e-16  1.90e-15   639    -7     0
1234.40  7.91e-17  2.15e-15   639     1     0
1236.07  3.80e-15  1.88e-15   638    72     0
1237.75 -1.78e-15  1.80e-15   638   -34     0
1239.43  3.59e-15  1.83e-15   638    69     0
1241.10  2.73e-15  1.82e-15   637    52     0
1242.78  4.51e-15  1.83e-15   637    88     0
1244.46 -2.54e-16  2.09e-15   637    -5     0
1246.13  1.30e-15  1.71e-15   636    26     0
1247.81  5.56e-15  1.76e-15   636   113     0
1249.48 -3.22e-15  1.66e-15   636   -66     0
1251.16  1.35e-15  1.69e-15   636    27     0
1252.84 -2.40e-15  1.67e-15   635   -48     0
1254.51  2.43e-15  2.17e-15   635    49     0
1256.19 -9.11e-17  1.67e-15   635    -1     0
1257.87 -1.48e-15  1.62e-15   634   -30     0
1259.54  4.93e-15  1.68e-15   634   103     0
1261.22  1.26e-15  1.60e-15   634    26     0
1262.89  3.15e-15  1.62e-15   634    66     0
1264.57 -3.81e-15  1.57e-15   633   -81     0
1266.25  8.14e-16  1.61e-15   633    17     0
1267.92  2.70e-16  1.72e-15   633     5     0
1269.60 -1.88e-15  1.78e-15   633   -40     0
1271.28 -3.81e-15  1.64e-15   632   -81     0
1272.95 -3.68e-16  1.56e-15   632    -7     0
1274.63 -2.92e-15  1.53e-15   632   -62     0
1276.31  1.88e-15  1.53e-15   632    40     0
1277.98  2.30e-15  1.68e-15   632    50     0
1279.66 -5.72e-16  1.57e-15   631   -12     0
1281.33  6.57e-16  1.49e-15   631    14     0
1283.01 -2.63e-15  1.85e-15   631   -57     0
1284.69  6.03e-16  1.48e-15   631    13     0
1286.36  5.62e-15  1.68e-15   631   124     0
1288.04  6.49e-15  1.59e-15   630   144     0
1289.72  4.17e-15  2.21e-15   630    93     0
1291.39  1.60e-15  1.49e-15   630    35     0
1293.07 -1.07e-15  1.46e-15   630   -23     0
1294.75  1.98e-16  2.05e-15   630     4     0
1296.42  4.12e-15  1.54e-15   629    92     0
1298.10 -4.62e-16  1.57e-15   629   -10     0
1299.77 -2.08e-15  1.83e-15   629   -46     0
1301.45  5.82e-15  1.57e-15   629   128     0
1303.13  4.69e-15  1.73e-15   629   103     0
1304.80  6.52e-15  2.83e-15   629   143     0
1306.48  1.20e-14  2.07e-15   629   266     0
1308.16  9.18e-15  2.40e-15   628   204     0
1309.83 -1.03e-15  1.62e-15   628   -22     0
1311.51  5.63e-15  1.94e-15   628   124     0
1313.19 -2.72e-16  2.00e-15   628    -5     0
1314.86  2.38e-15  1.81e-15   628    52     0
1316.54  2.13e-15  1.49e-15   628    47     0
1318.21  2.75e-15  1.54e-15   628    61     0
1319.89 -8.67e-16  1.58e-15   628   -19     0
1321.57  2.93e-15  1.59e-15   627    64     0
1323.24 -1.92e-15  2.59e-15   627   -42     0
1324.92 -2.06e-16  2.73e-15   627    -4     0
1326.60  1.54e-15  1.54e-15   627    33     0
1328.27  3.71e-15  2.63e-15   627    80     0
1329.95 -1.28e-15  1.40e-15   627   -27     0
1331.62  4.29e-15  1.44e-15   627    94     0
1333.30  5.88e-15  1.62e-15   627   129     0
1334.98  1.27e-14  4.20e-15   627   277     0
1336.65  2.01e-14  3.80e-15   627   428     0
1338.33  9.81e-15  2.87e-15   627   208     0
1340.01 -2.20e-15  1.87e-15   626   -46     0
1341.68  2.31e-15  1.82e-15   626    48     0
1343.36  3.80e-15  1.67e-15   626    79     0
1345.04 -2.45e-16  2.31e-15   626    -5     0
1346.71  2.15e-16  2.58e-15   626     4     0
1348.39  1.57e-15  1.50e-15   626    32     0
1350.06  4.03e-15  1.71e-15   626    83     0
1351.74 -7.27e-15  1.91e-15   626  -149     0
1353.42  2.60e-15  1.54e-15   626    53     0
1355.09  1.48e-15  1.80e-15   626    29     0
1356.77  3.63e-15  1.52e-15   626    73     0
1358.45  3.61e-15  1.52e-15   626    72     0
1360.12  2.06e-15  1.93e-15   626    41     0
1361.80  1.91e-15  1.57e-15   626    38     0
1363.48  6.08e-16  1.86e-15   626    12     0
1365.15  2.26e-15  2.08e-15   626    44     0
1366.83 -2.93e-15  1.47e-15   626   -57     0
1368.50 -8.98e-16  2.05e-15   626   -17     0
1370.18 -4.37e-16  1.58e-15   626    -8     0
1371.86  3.36e-15  2.25e-15   626    64     0
1373.53 -6.89e-15  3.73e-15   625  -131     0
1375.21 -1.78e-15  2.61e-15   625   -34     0
1376.89  7.67e-15  2.48e-15   625   146     0
1378.56 -1.30e-15  1.51e-15   625   -24     0
1380.24  3.61e-15  1.58e-15   625    68     0
1381.91 -2.66e-15  1.76e-15   625   -50     0
1383.59 -2.68e-16  1.76e-15   625    -5     0
1385.27 -7.94e-16  1.60e-15   625   -14     0
1386.94 -5.97e-15  2.65e-15   625  -109     0
1388.62  1.02e-15  1.59e-15   625    18     0
1390.30  1.99e-15  1.57e-15   625    36     0
1391.97  6.46e-16  1.65e-15   625    11     0
1393.65  9.59e-15  2.41e-15   625   171     0
1395.33  5.33e-15  3.29e-15   625    94     0
1397.00  7.43e-15  2.46e-15   625   131     0
1398.68  6.13e-15  1.78e-15   625   107     0
1400.35  1.78e-15  2.12e-15   625    31     0
1402.03  2.22e-15  1.63e-15   625    38     0
1403.71  4.83e-15  1.68e-15   625    83     0
1405.38  1.75e-15  2.33e-15   625    30     0
1407.06  5.11e-15  2.42e-15   625    87     0
1408.74  1.25e-15  2.88e-15   625    21     0
1410.41  3.90e-15  2.03e-15   625    66     0
1412.09  5.37e-15  1.72e-15   625    90     0
1413.77 -3.06e-15  1.79e-15   624   -51     0
1415.44 -1.87e-15  1.66e-15   624   -30     0
1417.12  3.37e-16  2.42e-15   624     5     0
1418.79  2.47e-16  1.67e-15   624     4     0
1420.47 -2.60e-15  1.76e-15   624   -41     0
1422.15  2.02e-16  1.85e-15   624     3     0
1423.82 -3.88e-15  1.91e-15   624   -61     0
1425.50  1.40e-15  1.71e-15   624    22     0
1427.18 -6.47e-15  3.07e-15   624  -101     0
1428.85  2.86e-15  3.02e-15   624    44     0
1430.53  1.46e-15  1.72e-15   624    22     0
1432.20  1.54e-15  2.44e-15   624    24     0
1433.88 -1.95e-16  2.24e-15   623    -3     0
1435.56  4.41e-15  2.02e-15   623    67     0
1437.23  4.10e-15  1.85e-15   623    62     0
1438.91 -7.86e-16  1.83e-15   623   -11     0
1440.59 -3.48e-15  1.77e-15   623   -52     0
1442.26 -1.86e-16  2.09e-15   623    -2     0
1443.94 -1.96e-15  1.77e-15   623   -29     0
1445.62  2.62e-15  2.26e-15   623    38     0
1447.29 -9.24e-16  2.02e-15   623   -13     0
1448.97 -3.27e-15  2.58e-15   622   -48     0
1450.64  4.23e-15  2.21e-15   622    61     0
1452.32 -4.18e-15  2.87e-15   622   -60     0
1454.00 -1.65e-15  1.79e-15   622   -23     0
1455.67 -9.68e-16  2.41e-15   622   -14     0
1457.35 -9.26e-16  1.78e-15   622   -13     0
1459.03 -3.51e-15  1.78e-15   622   -50     0
1460.70 -1.67e-15  1.85e-15   621   -23     0
1462.38  1.22e-15  2.00e-15   621    17     0
1464.06 -2.00e-15  2.03e-15   621   -28     0
1465.73 -1.11e-15  1.79e-15   621   -15     0
1467.41 -2.19e-15  1.78e-15   621   -31     0
1469.08  3.07e-15  1.91e-15   620    43     0
1470.76 -8.22e-16  1.80e-15   620   -11     0
1472.44  7.78e-16  1.90e-15   620    10     0
1474.11  6.59e-16  1.80e-15   620     9     0
1475.79 -1.43e-15  2.20e-15   620   -20     0
1477.47  1.82e-15  1.83e-15   619    25     0
1479.14 -5.23e-15  1.97e-15   619   -72     0
1480.82  4.97e-16  1.78e-15   619     6     0
1482.50  3.52e-15  1.83e-15   619    49     0
1484.17  3.77e-15  4.00e-15   618    52     0
1485.85  1.01e-14  8.49e-15   618   140     0
1487.52  3.62e-15  3.06e-15   618    50     0
1489.20  1.46e-15  1.91e-15   618    20     0
1490.88  6.11e-15  2.02e-15   617    84     0
1492.55  1.81e-15  1.83e-15   617    25     0
1494.23  3.34e-15  1.83e-15   617    46     0
1495.91  1.01e-15  1.80e-15   616    13     0
1497.58 -2.54e-15  2.24e-15   616   -34     0
1499.26 -3.34e-15  2.52e-15   616   -45     0
1500.93  6.96e-16  1.82e-15   615     9     0
1502.61  2.54e-15  1.86e-15   615    33     0
1504.29 -2.85e-15  1.83e-15   615   -37     0
1505.96  3.35e-16  1.99e-15   614     4     0
1507.64 -3.35e-16  1.94e-15   614    -4     0
1509.32  1.70e-15  1.93e-15   614    22     0
1510.99  3.33e-15  1.88e-15   613    43     0
1512.67 -3.09e-15  3.65e-15   613   -40     0
1514.35  3.32e-15  2.91e-15   613    43     0
1516.02  3.56e-15  1.89e-15   612    46     0
1517.70  2.36e-15  1.88e-15   612    30     0
1519.37  2.00e-15  1.87e-15   612    25     0
1521.05  9.49e-16  2.29e-15   611    12     0
1522.73 -9.20e-16  2.05e-15   611   -11     0
1524.40  1.22e-15  1.85e-15   610    15     0
1526.08  1.84e-15  1.86e-15   610    23     0
1527.76 -8.37e-16  2.31e-15   609   -10     0
1529.43 -1.48e-15  1.89e-15   609   -18     0
1531.11  2.47e-15  1.90e-15   609    30     0
1532.79  3.21e-15  1.91e-15   608    40     0
1534.46  2.73e-15  1.91e-15   608    34     0
1536.14  3.06e-15  2.74e-15   607    38     0
1537.81  8.22e-16  1.86e-15   607    10     0
1539.49  5.51e-15  1.99e-15   606    68     0
1541.17  6.24e-15  1.95e-15   606    77     0
1542.84  5.79e-15  1.94e-15   605    71     0
1544.52  7.18e-15  2.07e-15   605    89     0
1546.20  1.24e-14  2.14e-15   604   154     0
1547.87  2.25e-14  5.21e-15   604   281     0
1549.55  3.18e-14  6.60e-15   603   396     0
1551.22  2.04e-14  4.89e-15   603   254     0
1552.90  1.76e-14  2.23e-15   602   220     0
1554.58  5.73e-15  2.24e-15   602    71     0
1556.25  4.51e-15  1.87e-15   601    56     0
1557.93  3.75e-15  1.89e-15   601    46     0
1559.61  1.51e-15  3.04e-15   600    18     0
1561.28  4.37e-15  1.87e-15   600    55     0
1562.96  4.10e-15  1.83e-15   599    51     0
1564.64  6.78e-15  1.87e-15   598    85     0
1566.31  3.68e-15  1.94e-15   598    46     0
1567.99  2.83e-16  1.75e-15   597     3     0
1569.66  6.00e-15  1.85e-15   597    75     0
1571.34  2.30e-15  1.77e-15   596    29     0
1573.02  3.47e-15  1.79e-15   595    43     0
1574.69 -2.33e-15  2.02e-15   595   -29     0
1576.37  1.29e-15  1.74e-15   594    16     0
1578.05  2.19e-15  1.85e-15   594    27     0
1579.72  2.25e-15  1.74e-15   593    28     0
1581.40  4.45e-15  1.85e-15   592    56     0
1583.08  3.61e-15  1.75e-15   592    45     0
1584.75  1.65e-15  1.99e-15   591    21     0
1586.43  1.09e-15  2.09e-15   591    13     0
1588.10  4.73e-15  1.77e-15   590    59     0
1589.78  9.00e-16  1.84e-15   589    11     0
1591.46  3.90e-16  1.67e-15   589     4     0
1593.13  3.42e-15  2.04e-15   588    43     0
1594.81  9.19e-16  1.77e-15   587    11     0
1596.49  4.13e-15  2.22e-15   587    52     0
1598.16  3.84e-15  1.72e-15   586    48     0
1599.84  3.48e-15  1.70e-15   585    44     0
1601.52  3.42e-15  1.68e-15   585    43     0
1603.19 -7.38e-16  1.84e-15   584    -9     0
1604.87  2.51e-15  1.65e-15   583    32     0
1606.54  1.68e-15  1.64e-15   583    21     0
1608.22  1.17e-15  1.67e-15   582    15     0
1609.90  1.51e-15  1.82e-15   581    19     0
1611.57  2.08e-15  1.60e-15   580    27     0
1613.25  2.47e-15  1.60e-15   580    32     0
1614.93 -2.15e-15  1.56e-15   579   -28     0
1616.60  2.83e-15  1.62e-15   578    36     0
1618.28  3.00e-15  1.61e-15   578    39     0
1619.95  3.02e-15  1.61e-15   577    39     0
1621.63  4.12e-16  1.57e-15   576     5     0
1623.31 -3.14e-17  1.54e-15   575     0     0
1624.98  4.33e-15  1.62e-15   575    57     0
1626.66  2.25e-15  2.14e-15   574    29     0
1628.34 -8.07e-16  1.62e-15   573   -10     0
1630.01  2.64e-15  1.55e-15   573    35     0
1631.69  3.22e-15  1.61e-15   572    43     0
1633.37  2.75e-15  1.52e-15   571    37     0
1635.04  4.45e-15  1.67e-15   570    59     0
1636.72  1.04e-14  3.55e-15   570   140     0
1638.39  1.18e-14  3.17e-15   569   159     0
1640.07  2.03e-14  4.07e-15   568   275     0
1641.75  2.52e-14  4.46e-15   568   342     0
1643.42  1.12e-14  2.62e-15   567   153     0
1645.10  5.56e-15  1.52e-15   566    76     0
1646.78 -3.01e-15  1.42e-15   565   -41     0
1648.45  1.14e-15  1.52e-15   565    15     0
1650.13  2.00e-15  1.43e-15   564    27     0
1651.81 -4.99e-16  1.43e-15   563    -6     0
1653.48  5.90e-15  2.07e-15   562    82     0
1655.16  1.02e-14  1.85e-15   562   144     0
1656.83  8.53e-15  2.97e-15   561   120     0
1658.51  6.93e-15  3.71e-15   560    98     0
1660.19  5.12e-15  2.43e-15   560    73     0
1661.86  9.97e-16  1.34e-15   559    14     0
1663.54  2.92e-15  1.36e-15   558    42     0
1665.22 -8.23e-16  1.32e-15   557   -11     0
1666.89  2.17e-15  1.34e-15   557    31     0
1668.57  3.11e-15  1.35e-15   556    45     0
1670.24  4.66e-15  1.39e-15   555    67     0
1671.92  2.39e-15  1.33e-15   555    34     0
1673.60  4.20e-16  1.29e-15   554     6     0
1675.27  2.43e-15  1.35e-15   553    35     0
1676.95  2.23e-15  1.32e-15   553    32     0
1678.63 -1.51e-15  1.25e-15   552   -22     0
1680.30 -3.17e-15  1.23e-15   551   -47     0
1681.98 -1.99e-15  1.22e-15   551   -30     0
1683.66 -2.72e-15  1.21e-15   550   -41     0
1685.33 -2.58e-15  1.20e-15   549   -39     0
1687.01 -5.91e-16  1.19e-15   549    -9     0
1688.68  1.24e-15  1.20e-15   548    19     0
1690.36  1.19e-15  1.20e-15   547    18     0
1692.04  1.69e-15  1.20e-15   547    26     0
1693.71 -9.92e-16  1.16e-15   546   -15     0
1695.39  4.59e-16  1.15e-15   545     7     0
1697.07  1.09e-15  1.15e-15   545    17     0
1698.74  2.04e-15  1.15e-15   544    32     0
1700.42  2.45e-15  1.15e-15   544    39     0
1702.10 -3.29e-16  1.11e-15   543    -5     0
1703.77  1.30e-15  1.12e-15   542    21     0
1705.45  6.85e-17  1.09e-15   542     1     0
1707.12  6.53e-17  1.09e-15   541     1     0
1708.80 -2.52e-15  1.08e-15   541   -41     0
1710.48 -6.15e-16  1.07e-15   540   -10     0
1712.15  7.76e-17  1.06e-15   539     1     0
1713.83  2.37e-15  1.09e-15   539    39     0
1715.51  2.44e-15  1.07e-15   538    41     0
1717.18  2.03e-15  1.06e-15   538    34     0
1718.86  1.33e-15  1.04e-15   537    22     0
1720.54  9.94e-16  1.02e-15   537    17     0
1722.21  2.17e-16  1.00e-15   536     3     0
1723.89  4.91e-16  9.99e-16   536     8     0
1725.56  1.16e-15  1.01e-15   535    20     0
1727.24  9.27e-16  9.91e-16   535    16     0
1728.92  1.37e-15  1.07e-15   534    24     0
1730.59  7.49e-16  9.63e-16   534    13     0
1732.27  3.53e-16  9.49e-16   534     6     0
1733.95  1.60e-15  9.60e-16   533    29     0
1735.62  1.61e-15  9.55e-16   533    29     0
1737.30  1.93e-15  9.39e-16   532    35     0
1738.97  1.48e-15  9.27e-16   532    27     0
1740.65  3.63e-15  9.67e-16   532    67     0
1742.33  3.99e-15  1.00e-15   531    74     0
1744.00  8.43e-15  2.14e-15   531   159     0
1745.68  5.45e-15  1.48e-15   531   103     0
1747.36  2.37e-15  9.11e-16   530    45     0
1749.03  1.52e-15  8.87e-16   530    29     0
1750.71 -2.71e-17  9.14e-16   530     0     0
1752.39  6.42e-16  8.74e-16   529    12     0
1754.06  1.40e-15  8.80e-16   529    27     0
1755.74  1.77e-15  8.73e-16   529    34     0
1757.41  1.91e-15  8.66e-16   529    37     0
1759.09  1.41e-15  8.53e-16   528    27     0
1760.77 -8.91e-16  8.21e-16   528   -17     0
1762.44 -7.77e-16  8.15e-16   528   -15     0
1764.12 -2.88e-16  8.09e-16   528    -5     0
1765.80  7.92e-16  8.20e-16   527    15     0
1767.47 -1.08e-15  8.04e-16   527   -21     0
1769.15 -1.25e-15  7.99e-16   527   -25     0
1770.83 -2.49e-16  7.91e-16   527    -5     0
1772.50  1.07e-15  8.02e-16   527    21     0
1774.18 -8.85e-17  7.81e-16   527    -1     0
1775.85 -4.26e-16  7.69e-16   527    -8     0
1777.53 -9.48e-16  7.64e-16   527   -19     0
1779.21  8.36e-16  7.70e-16   527    17     0
1780.88  2.46e-15  7.91e-16   527    52     0
1782.56  2.42e-15  8.44e-16   527    51     0
1784.24  1.83e-15  8.47e-16   527    39     0
1785.91  1.51e-15  9.19e-16   527    32     0
1787.59 -4.55e-17  8.35e-16   527     0     0
1789.26  1.17e-15  1.07e-15   527    25     0
1790.94 -2.21e-16  7.83e-16   527    -4     0
1792.62  1.14e-15  7.42e-16   527    24     0
1794.29  1.31e-15  7.42e-16   527    28     0
1795.97 -5.06e-16  7.24e-16   527   -10     0
1797.65 -4.81e-16  7.20e-16   527   -10     0
1799.32  1.37e-16  7.18e-16   527     2     0
1801.00 -9.34e-16  7.18e-16   528   -20     0
1802.68  1.13e-15  7.31e-16   528    24     0
1804.35  3.24e-15  7.64e-16   528    70     0
1806.03  2.72e-15  7.40e-16   528    60     0
1807.70  3.82e-15  9.30e-16   528    84     0
1809.38  4.27e-15  1.13e-15   529    94     0
1811.06  3.61e-15  8.47e-16   529    79     0
1812.73  3.73e-15  7.59e-16   529    82     0
1814.41  4.76e-15  8.02e-16   530   105     0
1816.09  6.25e-15  1.05e-15   530   139     0
1817.76  6.90e-15  1.29e-15   530   154     0
1819.44  5.61e-15  8.57e-16   531   125     0
1821.12  3.78e-15  7.35e-16   531    84     0
1822.79  1.60e-15  7.02e-16   532    35     0
1824.47  8.12e-16  6.85e-16   532    18     0
1826.14  5.51e-16  6.76e-16   533    12     0
1827.82  7.14e-16  6.80e-16   533    16     0
1829.50  1.45e-15  6.90e-16   533    32     0
1831.17  9.93e-16  6.83e-16   534    22     0
1832.85 -2.02e-16  6.67e-16   535    -4     0
1834.53  8.58e-17  6.66e-16   535     1     0
1836.20 -1.75e-17  6.65e-16   536     0     0
1837.88  1.12e-15  6.78e-16   536    25     0
1839.55  6.70e-16  6.69e-16   537    15     0
1841.23  1.09e-15  6.79e-16   538    24     0
1842.91  1.22e-15  6.81e-16   538    27     0
1844.58  1.25e-15  6.81e-16   539    27     0
1846.26  7.75e-16  6.73e-16   540    17     0
1847.94  1.37e-15  6.80e-16   540    30     0
1849.61  1.33e-15  6.80e-16   541    29     0
1851.29  1.47e-15  6.74e-16   542    33     0
1852.97  2.99e-15  7.25e-16   543    67     0
1854.64  3.35e-15  8.82e-16   543    75     0
1856.32  3.08e-15  7.02e-16   544    68     0
1857.99  3.46e-15  7.09e-16   545    77     0
1859.67  2.49e-15  6.94e-16   546    55     0
1861.35  1.13e-15  6.70e-16   547    25     0
1863.02  8.83e-16  6.64e-16   548    19     0
1864.70  6.85e-16  6.62e-16   548    15     0
1866.38  1.49e-15  6.78e-16   549    33     0
1868.05  1.13e-15  6.72e-16   550    25     0
1869.73  1.38e-15  6.76e-16   551    30     0
1871.41  2.35e-15  6.92e-16   552    52     0
1873.08  1.43e-15  6.77e-16   553    31     0
1874.76  5.92e-16  6.63e-16   554    13     0
1876.43  9.11e-16  6.74e-16   555    19     0
1878.11  1.12e-15  6.77e-16   556    24     0
1879.79  1.36e-15  6.81e-16   557    29     0
1881.46  1.87e-15  6.84e-16   559    41     0
1883.14  2.41e-15  6.91e-16   560    52     0
1884.82  5.56e-15  2.36e-15   561   121     0
1886.49  1.35e-14  5.89e-15   562   295     0
1888.17  2.05e-14  9.12e-15   563   446     0
1889.85  2.24e-14  9.13e-15   564   487     0
1891.52  1.67e-14  5.89e-15   565   360     0
1893.20  9.76e-15  2.94e-15   567   210     0
1894.87  4.60e-15  9.98e-16   568    99     0
1896.55  3.10e-15  7.06e-16   569    67     0
1898.23  1.51e-15  6.83e-16   570    32     0
1899.90  8.61e-16  6.73e-16   572    18     0
1901.58  9.16e-16  6.72e-16   573    19     0
1903.26  6.80e-16  6.68e-16   574    14     0
1904.93  1.15e-15  6.76e-16   575    24     0
1906.61  1.37e-15  6.80e-16   577    29     0
1908.28  1.90e-15  6.90e-16   578    40     0
1909.96  1.38e-15  6.82e-16   579    29     0
1911.64  6.05e-16  6.85e-16   581    12     0
1913.31  5.37e-16  7.16e-16   582    11     0
1914.99  4.43e-16  7.13e-16   583     9     0
1916.67  6.49e-16  7.52e-16   585    13     0
1918.34  5.87e-16  7.96e-16   586    12     0
1920.02 -2.32e-16  7.67e-16   588    -4     0
1921.70  5.56e-16  7.33e-16   589    11     0
1923.37  6.61e-16  7.35e-16   590    14     0
1925.05  9.64e-16  6.75e-16   592    20     0
1926.72  1.12e-15  6.76e-16   593    23     0
1928.40  1.51e-15  6.81e-16   595    32     0
1930.08  2.53e-15  6.97e-16   596    53     0
1931.75  3.13e-15  7.04e-16   598    66     0
1933.43  2.99e-15  6.99e-16   599    63     0
1935.11  2.22e-15  6.79e-16   601    47     0
1936.78  1.21e-15  6.61e-16   602    26     0
1938.46  1.97e-15  6.72e-16   604    42     0
1940.14  2.48e-15  6.80e-16   605    53     0
1941.81  2.84e-15  6.83e-16   607    61     0
1943.49  2.48e-15  6.75e-16   608    53     0
1945.16  1.19e-15  6.51e-16   610    25     0
1946.84  1.64e-15  6.55e-16   611    35     0
1948.52  2.72e-15  6.70e-16   613    59     0
1950.19  2.64e-15  6.61e-16   614    58     0
1951.87  2.99e-15  6.63e-16   616    66     0
1953.55  2.58e-15  6.54e-16   617    57     0
1955.22  1.75e-15  6.43e-16   619    39     0
1956.90  1.33e-15  6.35e-16   620    29     0
1958.57  1.22e-15  6.31e-16   622    27     0
1960.25  1.01e-15  6.28e-16   623    22     0
1961.93  7.85e-16  6.22e-16   625    17     0
1963.60  1.90e-15  6.37e-16   626    42     0
1965.28  2.06e-15  6.45e-16   628    45     0
1966.96  1.78e-15  6.41e-16   629    39     0
1968.63  1.73e-15  6.40e-16   631    38     0
1970.31  2.31e-15  6.48e-16   632    51     0
1971.99  1.31e-15  6.36e-16   633    28     0
1973.66  1.64e-15  6.43e-16   635    35     0
1975.34  1.94e-15  6.49e-16   636    42     0
1977.01  2.54e-15  6.60e-16   638    55     0
1978.69  2.65e-15  6.63e-16   639    57     0
