NOT ORIGINAL IUE PROJECT DATA PRODUCT
SWP9703LOWLARGE
HD  197481
20:42:06
-31:31:05
48
NO-TRAIL
X-OFFSETS
10797.914
05/08/80
13:55:04
218
17.90
11/11/94
GSFC
2444457.07991
91
62
1150.58 -5.34e-14  4.58e-14  1552   -64     0
1152.26  4.89e-15  4.46e-14  1551     6     0
1153.93  2.05e-14  4.07e-14  1550    27     0
1155.61 -5.94e-14  3.76e-14  1549   -86     0
1157.29 -4.09e-14  3.50e-14  1548   -63     0
1158.96 -9.60e-14  3.24e-14  1547  -162     0
1160.64 -2.88e-14  2.94e-14  1545   -53     0
1162.31  1.96e-14  2.88e-14  1544    39     0
1163.99  4.13e-14  2.61e-14  1543    88     0
1165.67 -2.13e-14  2.49e-14  1542   -46     0
1167.34  8.24e-15  2.32e-14  1540    19     0
1169.02 -2.89e-14  2.16e-14  1539   -72     0
1170.70  4.70e-14  2.93e-14  1538   125     0
1172.37 -1.18e-14  1.90e-14  1536   -33     0
1174.05  6.52e-14  1.88e-14  1535   198     0
1175.73 -2.31e-14  1.66e-14  1533   -75     0
1177.40  3.40e-14  1.62e-14  1532   117     0
1179.08  1.33e-14  1.48e-14  1531    48     0
1180.75 -1.25e-14  1.40e-14  1529   -48     0
1182.43  1.85e-14  1.35e-14  1528    74     0
1184.11  6.76e-15  1.32e-14  1526    28     0
1185.78 -1.31e-14  1.24e-14  1525   -58     0
1187.46 -1.96e-14  1.24e-14  1523   -92     0
1189.14  1.48e-14  1.27e-14  1522    73     0
1190.81 -1.52e-14  1.67e-14  1521   -76     0
1192.49 -2.24e-15  1.10e-14  1519   -11     0
1194.17 -1.86e-14  1.24e-14  1518  -100     0
1195.84 -7.60e-16  9.69e-15  1516    -4     0
1197.52  3.54e-14  1.02e-14  1515   203     0
1199.19  1.90e-14  9.22e-15  1513   113     0
1200.87  3.77e-14  9.42e-15  1512   226     0
1202.55  5.56e-14  1.20e-14  1510   344     0
1204.22  1.35e-13  3.88e-14  1509   863     0
1205.90  3.46e-13  6.60e-14  1507  2270     0
1207.58  3.20e-13  9.93e-14  1506  2163     0
1209.25  1.33e-13  8.55e-14  1504   925 -1280
1210.93  1.78e-13  1.17e-13  1503  1260 -1280
1212.60  8.18e-14  8.01e-14  1501   593 -1280
1214.28  9.29e-14  7.19e-14  1500   690 -1280
1215.96  1.99e-13  1.16e-13  1498  1516 -1280
1217.63  1.87e-13  1.12e-13  1497  1458 -1280
1219.31  1.25e-13  6.80e-14  1496   999 -1280
1220.99  1.38e-13  5.75e-14  1494  1128     0
1222.66  1.66e-13  3.79e-14  1493  1381     0
1224.34  2.39e-14  1.12e-14  1491   202     0
1226.02 -1.69e-15  7.77e-15  1490   -14     0
1227.69  1.17e-14  1.07e-14  1489   101     0
1229.37  1.25e-14  7.13e-15  1487   110     0
1231.04  5.95e-15  5.84e-15  1486    52     0
1232.72  1.03e-14  6.04e-15  1484    92     0
1234.40 -1.13e-14  5.58e-15  1483  -103     0
1236.07  7.87e-15  5.77e-15  1482    72     0
1237.75 -6.34e-15  5.47e-15  1480   -59     0
1239.43  1.31e-14  6.02e-15  1479   123     0
1241.10  1.24e-14  5.84e-15  1478   119     0
1242.78  7.85e-15  5.33e-15  1476    76     0
1244.46  9.55e-16  5.28e-15  1475     9     0
1246.13  2.72e-15  6.16e-15  1474    26     0
1247.81  7.71e-15  5.16e-15  1472    77     0
1249.48  3.82e-15  5.05e-15  1471    38     0
1251.16  1.20e-14  5.31e-15  1470   119     0
1252.84  1.38e-16  5.01e-15  1469     1     0
1254.51  8.65e-15  6.24e-15  1467    87     0
1256.19 -6.79e-15  4.88e-15  1466   -69     0
1257.87 -9.65e-15  4.84e-15  1465   -99     0
1259.54  1.02e-14  4.97e-15  1464   105     0
1261.22  2.21e-15  4.84e-15  1463    22     0
1262.89  5.69e-15  4.87e-15  1462    59     0
1264.57 -1.01e-14  4.75e-15  1460  -105     0
1266.25 -1.93e-15  4.77e-15  1459   -20     0
1267.92 -1.13e-15  4.89e-15  1458   -11     0
1269.60 -4.80e-15  4.78e-15  1457   -50     0
1271.28 -6.25e-15  4.63e-15  1456   -66     0
1272.95 -3.98e-15  4.60e-15  1455   -42     0
1274.63 -3.32e-15  4.89e-15  1454   -35     0
1276.31 -1.89e-15  4.79e-15  1453   -20     0
1277.98  2.80e-16  4.53e-15  1452     3     0
1279.66 -1.07e-15  4.48e-15  1451   -11     0
1281.33 -7.21e-17  5.30e-15  1450     0     0
1283.01 -1.27e-14  5.03e-15  1449  -138     0
1284.69 -2.58e-15  4.44e-15  1448   -28     0
1286.36  4.15e-15  4.52e-15  1447    45     0
1288.04  7.11e-15  4.54e-15  1446    77     0
1289.72  1.48e-14  4.79e-15  1445   161     0
1291.39 -2.58e-15  4.55e-15  1444   -28     0
1293.07 -5.72e-15  4.40e-15  1443   -62     0
1294.75 -4.32e-15  4.87e-15  1442   -47     0
1296.42  6.48e-15  4.52e-15  1441    70     0
1298.10 -3.04e-15  4.77e-15  1441   -32     0
1299.77  2.89e-15  4.44e-15  1440    31     0
1301.45  2.60e-14  4.80e-15  1439   286     0
1303.13  1.62e-14  7.67e-15  1438   178     0
1304.80  1.75e-14  8.22e-15  1437   192     0
1306.48  1.65e-14  5.38e-15  1437   183     0
1308.16  1.49e-14  4.71e-15  1436   165     0
1309.83 -1.07e-14  4.79e-15  1435  -119     0
1311.51  5.02e-15  5.05e-15  1434    54     0
1313.19 -3.65e-15  4.36e-15  1434   -39     0
1314.86  2.25e-15  4.47e-15  1433    24     0
1316.54  7.53e-16  6.90e-15  1432     8     0
1318.21  6.32e-16  4.68e-15  1432     6     0
1319.89 -1.68e-14  4.93e-15  1431  -180     0
1321.57  5.06e-15  4.80e-15  1430    55     0
1323.24  3.37e-16  4.94e-15  1430     3     0
1324.92 -4.78e-15  7.23e-15  1429   -52     0
1326.60 -4.21e-16  4.25e-15  1428    -4     0
1328.27  6.85e-15  4.46e-15  1428    74     0
1329.95 -2.53e-15  4.40e-15  1427   -27     0
1331.62  2.27e-14  6.82e-15  1427   241     0
1333.30  1.39e-14  5.68e-15  1426   147     0
1334.98  3.38e-14  1.12e-14  1426   357     0
1336.65  4.56e-14  9.44e-15  1425   472     0
1338.33  1.79e-14  4.75e-15  1425   184     0
1340.01 -5.23e-15  6.36e-15  1424   -54     0
1341.68 -3.34e-15  6.20e-15  1424   -34     0
1343.36  3.24e-15  5.69e-15  1423    33     0
1345.04  3.85e-15  4.46e-15  1423    39     0
1346.71 -6.97e-15  4.43e-15  1422   -71     0
1348.39 -7.79e-15  5.41e-15  1422   -79     0
1350.06  9.21e-16  4.48e-15  1421     9     0
1351.74 -1.96e-14  5.52e-15  1421  -197     0
1353.42  6.04e-15  6.16e-15  1421    60     0
1355.09 -2.77e-15  5.37e-15  1420   -27     0
1356.77  5.90e-15  4.80e-15  1420    58     0
1358.45 -5.19e-16  4.58e-15  1420    -5     0
1360.12  5.56e-15  4.58e-15  1419    55     0
1361.80 -1.96e-15  4.53e-15  1419   -19     0
1363.48 -1.62e-15  5.19e-15  1419   -15     0
1365.15  8.06e-17  5.16e-15  1418     0     0
1366.83 -4.99e-15  4.59e-15  1418   -48     0
1368.50  4.52e-15  5.71e-15  1418    43     0
1370.18 -1.00e-14  4.72e-15  1417   -95     0
1371.86  5.68e-15  4.77e-15  1417    53     0
1373.53 -1.85e-14  8.41e-15  1417  -174     0
1375.21 -6.06e-16  6.80e-15  1416    -5     0
1376.89  1.87e-14  5.05e-15  1416   174     0
1378.56 -3.32e-16  5.07e-15  1416    -3     0
1380.24  1.55e-14  7.26e-15  1416   142     0
1381.91  1.02e-14  7.30e-15  1415    93     0
1383.59  5.38e-15  7.48e-15  1415    48     0
1385.27  9.58e-15  5.04e-15  1415    86     0
1386.94 -2.81e-15  9.03e-15  1415   -25     0
1388.62  8.73e-15  5.17e-15  1415    77     0
1390.30  1.09e-14  5.18e-15  1414    96     0
1391.97  8.95e-15  7.10e-15  1414    78     0
1393.65  3.02e-14  5.76e-15  1414   264     0
1395.33  2.67e-14  9.08e-15  1414   231     0
1397.00  1.07e-14  7.25e-15  1414    92     0
1398.68  1.00e-14  5.93e-15  1413    86     0
1400.35  2.15e-15  6.49e-15  1413    18     0
1402.03  5.81e-16  8.16e-15  1413     4     0
1403.71  2.09e-14  6.51e-15  1413   174     0
1405.38  8.92e-15  7.98e-15  1413    74     0
1407.06  1.09e-14  6.14e-15  1413    90     0
1408.74  2.06e-15  6.77e-15  1412    17     0
1410.41  3.70e-15  5.51e-15  1412    30     0
1412.09  9.63e-15  5.39e-15  1412    77     0
1413.77 -1.35e-14  6.12e-15  1412  -108     0
1415.44  1.39e-14  5.61e-15  1412   108     0
1417.12 -7.25e-15  5.75e-15  1412   -56     0
1418.79  1.31e-14  5.69e-15  1412   101     0
1420.47  7.00e-15  6.94e-15  1411    55     0
1422.15 -6.29e-17  6.66e-15  1411     0     0
1423.82 -1.04e-15  9.60e-15  1411    -8     0
1425.50  6.65e-15  5.69e-15  1411    50     0
1427.18 -5.15e-15  8.20e-15  1411   -38     0
1428.85 -2.86e-16  5.68e-15  1411    -2     0
1430.53  5.28e-15  5.63e-15  1411    39     0
1432.20  4.96e-15  6.07e-15  1411    36     0
1433.88  4.33e-15  6.02e-15  1410    32     0
1435.56  6.80e-15  6.61e-15  1410    50     0
1437.23  5.58e-15  5.83e-15  1410    41     0
1438.91  5.10e-15  5.66e-15  1410    37     0
1440.59 -4.13e-15  7.38e-15  1410   -29     0
1442.26  8.18e-15  5.86e-15  1410    58     0
1443.94  5.52e-15  6.33e-15  1410    39     0
1445.62  8.09e-15  6.48e-15  1410    57     0
1447.29 -7.61e-15  5.92e-15  1409   -54     0
1448.97 -7.62e-15  5.79e-15  1409   -53     0
1450.64  9.97e-15  7.15e-15  1409    69     0
1452.32 -1.08e-14  9.53e-15  1409   -75     0
1454.00  1.65e-16  6.83e-15  1409     1     0
1455.67  1.46e-15  5.88e-15  1409    10     0
1457.35  1.07e-14  6.29e-15  1409    73     0
1459.03 -5.42e-15  6.04e-15  1408   -37     0
1460.70  1.12e-14  6.38e-15  1408    75     0
1462.38  1.34e-14  6.56e-15  1408    89     0
1464.06  1.81e-14  7.30e-15  1408   121     0
1465.73  1.20e-14  6.25e-15  1408    81     0
1467.41  8.82e-15  6.13e-15  1408    59     0
1469.08  1.35e-14  7.25e-15  1408    91     0
1470.76  6.01e-15  5.93e-15  1407    40     0
1472.44  1.39e-14  6.11e-15  1407    94     0
1474.11 -2.34e-15  6.26e-15  1407   -15     0
1475.79 -1.88e-15  6.35e-15  1407   -12     0
1477.47  3.68e-15  6.08e-15  1407    24     0
1479.14  5.77e-15  5.98e-15  1407    38     0
1480.82 -4.14e-17  6.02e-15  1406     0     0
1482.50  1.72e-14  6.15e-15  1406   114     0
1484.17 -5.38e-15  5.90e-15  1406   -35     0
1485.85  8.58e-15  6.08e-15  1406    56     0
1487.52  1.18e-14  6.90e-15  1405    77     0
1489.20  3.34e-15  8.85e-15  1405    21     0
1490.88  5.86e-15  5.97e-15  1405    38     0
1492.55  8.79e-15  6.02e-15  1405    57     0
1494.23  1.84e-14  6.23e-15  1405   120     0
1495.91  1.18e-14  6.17e-15  1404    75     0
1497.58  1.31e-14  6.20e-15  1404    84     0
1499.26  1.06e-14  6.86e-15  1404    67     0
1500.93  2.38e-14  6.47e-15  1404   150     0
1502.61  1.29e-14  6.30e-15  1403    80     0
1504.29 -1.66e-15  6.14e-15  1403   -10     0
1505.96  5.82e-15  6.21e-15  1403    36     0
1507.64 -1.16e-14  6.26e-15  1402   -71     0
1509.32  1.59e-14  6.50e-15  1402    97     0
1510.99  1.45e-14  6.32e-15  1402    89     0
1512.67  5.72e-15  8.08e-15  1402    35     0
1514.35  1.27e-14  6.33e-15  1401    77     0
1516.02 -8.93e-16  6.14e-15  1401    -5     0
1517.70  2.00e-14  6.67e-15  1401   122     0
1519.37  1.07e-14  6.29e-15  1400    65     0
1521.05  2.05e-15  7.29e-15  1400    12     0
1522.73 -6.41e-16  7.69e-15  1400    -3     0
1524.40  8.68e-15  6.30e-15  1399    52     0
1526.08  2.38e-14  6.53e-15  1399   142     0
1527.76  8.83e-15  6.32e-15  1398    52     0
1529.43  1.42e-14  6.39e-15  1398    84     0
1531.11  7.57e-15  6.43e-15  1398    44     0
1532.79  1.25e-14  6.50e-15  1397    73     0
1534.46  2.27e-14  6.60e-15  1397   133     0
1536.14  2.69e-14  8.94e-15  1396   157     0
1537.81  1.21e-14  6.95e-15  1396    71     0
1539.49  1.30e-14  6.43e-15  1396    76     0
1541.17  1.30e-14  6.42e-15  1395    75     0
1542.84  8.74e-15  6.36e-15  1395    51     0
1544.52  3.40e-14  7.44e-15  1394   198     0
1546.20  5.97e-14  1.37e-14  1394   348     0
1547.87  9.08e-14  2.20e-14  1393   530     0
1549.55  9.52e-14  2.67e-14  1393   556     0
1551.22  5.31e-14  1.72e-14  1392   313     0
1552.90  3.94e-14  8.36e-15  1392   232     0
1554.58  3.67e-15  6.39e-15  1391    21     0
1556.25  8.64e-15  6.16e-15  1391    51     0
1557.93  1.08e-14  6.18e-15  1390    63     0
1559.61  1.14e-14  6.17e-15  1390    67     0
1561.28  1.71e-14  6.26e-15  1389   101     0
1562.96  2.13e-14  6.28e-15  1389   125     0
1564.64  1.38e-14  6.17e-15  1388    81     0
1566.31  5.63e-15  6.14e-15  1388    32     0
1567.99  1.27e-14  6.48e-15  1387    74     0
1569.66  6.94e-15  6.10e-15  1387    40     0
1571.34  1.09e-14  6.07e-15  1386    64     0
1573.02  1.92e-14  6.11e-15  1385   114     0
1574.69 -5.99e-15  5.86e-15  1385   -35     0
1576.37 -1.25e-15  5.79e-15  1384    -7     0
1578.05  8.12e-15  5.85e-15  1384    48     0
1579.72  2.80e-15  5.77e-15  1383    16     0
1581.40  1.28e-14  5.91e-15  1382    77     0
1583.08  1.95e-15  5.84e-15  1382    11     0
1584.75  2.92e-15  5.76e-15  1381    17     0
1586.43  1.27e-14  5.89e-15  1380    75     0
1588.10  1.60e-14  7.61e-15  1380    95     0
1589.78 -4.50e-15  5.70e-15  1379   -26     0
1591.46  3.44e-15  5.76e-15  1378    20     0
1593.13  5.68e-15  5.65e-15  1378    34     0
1594.81  5.98e-15  5.68e-15  1377    36     0
1596.49 -5.10e-15  6.70e-15  1376   -30     0
1598.16 -5.18e-16  5.60e-15  1376    -3     0
1599.84  1.97e-15  5.59e-15  1375    11     0
1601.52 -7.53e-15  5.66e-15  1374   -45     0
1603.19  2.36e-15  8.04e-15  1374    14     0
1604.87  2.34e-15  5.54e-15  1373    14     0
1606.54  3.27e-15  6.17e-15  1372    19     0
1608.22  1.34e-14  5.84e-15  1371    81     0
1609.90  1.28e-14  5.56e-15  1371    78     0
1611.57  1.07e-14  7.02e-15  1370    65     0
1613.25  1.36e-14  1.72e-14  1369    83     0
1614.93  1.50e-14  1.26e-14  1368    92     0
1616.60 -1.08e-14  5.29e-15  1368   -67     0
1618.28  1.05e-15  5.27e-15  1367     6     0
1619.95  3.57e-15  5.61e-15  1366    22     0
1621.63 -2.46e-15  5.27e-15  1365   -15     0
1623.31  6.24e-15  5.31e-15  1365    38     0
1624.98 -1.94e-15  5.24e-15  1364   -12     0
1626.66 -8.31e-16  5.19e-15  1363    -5     0
1628.34  4.74e-15  5.21e-15  1362    29     0
1630.01  1.12e-14  5.15e-15  1361    71     0
1631.69  8.90e-15  5.10e-15  1361    57     0
1633.37  1.24e-14  5.11e-15  1360    79     0
1635.04  9.51e-15  5.13e-15  1359    60     0
1636.72  2.45e-14  5.92e-15  1358   156     0
1638.39  4.16e-14  8.95e-15  1358   266     0
1640.07  5.39e-14  1.20e-14  1357   347     0
1641.75  4.95e-14  1.08e-14  1356   319     0
1643.42  1.57e-14  5.22e-15  1355   101     0
1645.10  4.23e-15  4.90e-15  1354    27     0
1646.78  4.71e-17  5.18e-15  1354     0     0
1648.45  1.48e-15  4.81e-15  1353     9     0
1650.13  4.11e-15  4.83e-15  1352    27     0
1651.81  5.31e-15  5.25e-15  1351    35     0
1653.48  1.42e-14  5.25e-15  1350    94     0
1655.16  1.41e-14  5.33e-15  1349    93     0
1656.83  6.20e-15  7.94e-15  1349    41     0
1658.51  6.61e-15  8.13e-15  1348    44     0
1660.19  8.97e-15  4.73e-15  1347    59     0
1661.86  6.29e-16  4.61e-15  1346     4     0
1663.54  2.76e-15  4.60e-15  1345    18     0
1665.22  1.02e-14  4.55e-15  1345    69     0
1666.89  1.05e-14  4.52e-15  1344    72     0
1668.57  7.99e-15  4.47e-15  1343    55     0
1670.24  1.17e-14  4.54e-15  1342    80     0
1671.92  1.99e-15  4.41e-15  1341    13     0
1673.60 -2.16e-15  4.37e-15  1341   -14     0
1675.27  3.27e-15  4.37e-15  1340    22     0
1676.95 -8.90e-16  4.31e-15  1339    -6     0
1678.63 -3.38e-15  4.28e-15  1338   -23     0
1680.30 -6.73e-15  4.22e-15  1337   -47     0
1681.98 -3.50e-15  4.19e-15  1337   -24     0
1683.66 -4.10e-15  4.16e-15  1336   -29     0
1685.33  9.54e-16  4.10e-15  1335     6     0
1687.01  8.23e-16  4.07e-15  1334     5     0
1688.68  3.35e-15  4.07e-15  1334    24     0
1690.36  5.46e-15  4.09e-15  1333    39     0
1692.04  2.57e-15  4.02e-15  1332    18     0
1693.71  2.02e-15  3.98e-15  1331    14     0
1695.39  3.19e-15  3.97e-15  1331    23     0
1697.07 -4.33e-15  3.91e-15  1330   -32     0
1698.74 -3.08e-15  3.88e-15  1329   -23     0
1700.42  1.03e-15  3.84e-15  1328     7     0
1702.10 -3.60e-15  3.80e-15  1328   -27     0
1703.77 -7.13e-15  3.77e-15  1327   -54     0
1705.45  4.81e-15  3.76e-15  1326    37     0
1707.12  2.22e-15  3.70e-15  1325    17     0
1708.80 -6.28e-15  3.65e-15  1325   -49     0
1710.48 -2.26e-15  3.63e-15  1324   -17     0
1712.15 -4.93e-15  3.60e-15  1323   -39     0
1713.83  2.91e-15  3.59e-15  1323    23     0
1715.51 -1.85e-16  3.55e-15  1322    -1     0
1717.18 -1.46e-16  3.52e-15  1321    -1     0
1718.86 -1.18e-15  3.49e-15  1321    -9     0
1720.54 -1.52e-15  3.49e-15  1320   -12     0
1722.21  1.85e-16  3.46e-15  1320     1     0
1723.89  9.28e-16  3.44e-15  1319     7     0
1725.56 -2.27e-15  3.31e-15  1318   -19     0
1727.24 -3.38e-15  3.28e-15  1318   -28     0
1728.92 -2.85e-15  3.26e-15  1317   -24     0
1730.59  1.01e-14  3.34e-15  1317    86     0
1732.27  5.67e-15  3.27e-15  1316    48     0
1733.95  2.05e-15  3.21e-15  1315    17     0
1735.62  2.22e-15  3.18e-15  1315    19     0
1737.30  4.46e-15  3.18e-15  1314    39     0
1738.97  5.27e-15  3.16e-15  1314    46     0
1740.65  1.09e-14  3.28e-15  1313    94     0
1742.33  1.32e-14  3.23e-15  1313   115     0
1744.00  2.01e-14  4.28e-15  1312   177     0
1745.68  1.55e-14  4.29e-15  1312   138     0
1747.36  5.31e-15  3.06e-15  1312    47     0
1749.03 -9.67e-16  2.99e-15  1311    -8     0
1750.71  3.50e-15  3.89e-15  1311    31     0
1752.39  5.39e-15  3.01e-15  1310    48     0
1754.06 -1.18e-15  2.94e-15  1310   -10     0
1755.74 -1.66e-16  2.88e-15  1310    -1     0
1757.41 -1.62e-15  2.86e-15  1309   -15     0
1759.09  2.64e-15  2.86e-15  1309    24     0
1760.77  2.42e-15  2.84e-15  1309    22     0
1762.44  5.69e-15  2.85e-15  1308    54     0
1764.12  7.07e-15  2.84e-15  1308    67     0
1765.80  5.52e-15  2.83e-15  1308    52     0
1767.47 -1.32e-15  2.76e-15  1307   -12     0
1769.15  1.89e-15  2.76e-15  1307    18     0
1770.83 -1.07e-15  2.74e-15  1307   -10     0
1772.50 -1.51e-15  2.72e-15  1307   -14     0
1774.18 -3.25e-16  2.70e-15  1306    -3     0
1775.85  3.09e-15  2.70e-15  1306    30     0
1777.53  2.04e-15  2.67e-15  1306    20     0
1779.21  6.98e-15  2.69e-15  1306    68     0
1780.88  5.44e-15  2.66e-15  1306    53     0
1782.56  2.79e-15  2.81e-15  1306    27     0
1784.24 -1.38e-15  2.85e-15  1306   -13     0
1785.91  3.35e-16  3.12e-15  1306     3     0
1787.59  1.60e-15  2.94e-15  1306    15     0
1789.26  4.81e-16  2.92e-15  1306     4     0
1790.94 -1.07e-16  2.73e-15  1306    -1     0
1792.62  3.66e-15  2.55e-15  1306    36     0
1794.29  5.84e-15  2.56e-15  1306    59     0
1795.97  8.02e-16  2.51e-15  1306     8     0
1797.65 -7.25e-16  2.49e-15  1306    -7     0
1799.32  3.22e-15  2.50e-15  1306    32     0
1801.00 -1.32e-15  2.46e-15  1306   -13     0
1802.68  2.79e-15  2.47e-15  1306    28     0
1804.35  6.46e-15  2.49e-15  1306    66     0
1806.03  9.83e-15  2.74e-15  1306   102     0
1807.70  9.75e-15  2.54e-15  1306   102     0
1809.38  1.22e-14  2.47e-15  1307   127     0
1811.06  1.36e-14  2.49e-15  1307   142     0
1812.73  1.08e-14  2.46e-15  1307   113     0
1814.41  1.39e-14  2.47e-15  1307   145     0
1816.09  1.39e-14  2.45e-15  1308   146     0
1817.76  1.43e-14  3.20e-15  1308   151     0
1819.44  8.58e-15  2.44e-15  1308    90     0
1821.12  6.10e-15  2.35e-15  1309    65     0
1822.79  1.77e-15  2.31e-15  1309    18     0
1824.47 -1.87e-15  2.29e-15  1309   -20     0
1826.14  2.53e-15  2.29e-15  1310    27     0
1827.82  2.87e-15  2.28e-15  1310    30     0
1829.50  3.90e-15  2.28e-15  1311    42     0
1831.17  2.57e-16  2.31e-15  1311     2     0
1832.85 -1.37e-15  2.30e-15  1311   -14     0
1834.53 -2.77e-16  2.30e-15  1312    -2     0
1836.20  4.49e-16  2.28e-15  1313     4     0
1837.88  4.24e-15  2.30e-15  1313    45     0
1839.55  7.36e-15  2.32e-15  1314    78     0
1841.23  8.77e-15  2.32e-15  1314    93     0
1842.91  7.20e-15  2.31e-15  1315    76     0
1844.58  3.44e-15  2.28e-15  1315    36     0
1846.26  1.70e-15  2.29e-15  1316    17     0
1847.94  9.39e-17  2.28e-15  1317     0     0
1849.61  2.27e-15  2.29e-15  1317    23     0
1851.29  1.28e-15  2.24e-15  1318    13     0
1852.97  5.72e-16  2.24e-15  1319     6     0
1854.64  3.00e-15  2.25e-15  1320    31     0
1856.32  2.67e-15  2.26e-15  1320    28     0
1857.99  4.22e-15  2.27e-15  1321    44     0
1859.67 -1.45e-16  2.24e-15  1322    -1     0
1861.35  1.03e-15  2.26e-15  1323    10     0
1863.02  8.11e-16  2.26e-15  1323     8     0
1864.70  5.24e-16  2.25e-15  1324     5     0
1866.38  2.49e-15  2.23e-15  1325    26     0
1868.05  3.61e-15  2.23e-15  1326    38     0
1869.73  2.12e-15  2.22e-15  1327    22     0
1871.41  4.53e-15  2.24e-15  1328    47     0
1873.08  2.81e-15  2.23e-15  1329    29     0
1874.76  1.64e-15  2.22e-15  1330    17     0
1876.43 -1.05e-16  2.22e-15  1331    -1     0
1878.11  3.33e-16  2.22e-15  1332     3     0
1879.79  9.15e-16  2.23e-15  1333     9     0
1881.46  2.69e-15  2.24e-15  1334    27     0
1883.14  3.59e-15  2.25e-15  1335    37     0
1884.82  3.01e-15  2.25e-15  1336    30     0
1886.49  3.86e-15  2.24e-15  1337    39     0
1888.17  3.73e-15  2.24e-15  1338    38     0
1889.85  4.45e-15  2.25e-15  1339    45     0
1891.52  5.76e-15  2.27e-15  1340    58     0
1893.20  5.60e-15  2.27e-15  1341    57     0
1894.87  5.19e-15  2.27e-15  1342    52     0
1896.55  3.71e-15  2.25e-15  1343    37     0
1898.23  1.84e-15  2.24e-15  1344    18     0
1899.90  1.28e-15  2.24e-15  1346    12     0
1901.58  1.83e-15  2.24e-15  1347    18     0
1903.26  3.20e-15  2.25e-15  1348    32     0
1904.93  4.09e-15  2.25e-15  1349    41     0
1906.61  4.24e-15  2.28e-15  1350    42     0
1908.28  3.15e-15  2.27e-15  1351    31     0
1909.96  2.98e-15  2.27e-15  1352    29     0
1911.64  3.62e-15  2.30e-15  1354    36     0
1913.31  3.99e-15  2.42e-15  1355    39     0
1914.99  2.33e-15  2.35e-15  1356    23     0
1916.67  3.37e-15  2.50e-15  1357    34     0
1918.34  3.82e-15  2.65e-15  1358    38     0
1920.02  3.73e-15  2.58e-15  1360    37     0
1921.70  6.54e-15  2.45e-15  1361    66     0
1923.37  6.37e-15  2.38e-15  1362    64     0
1925.05  5.88e-15  2.24e-15  1363    58     0
1926.72  6.01e-16  2.21e-15  1364     6     0
1928.40  2.80e-15  2.21e-15  1366    28     0
1930.08  4.26e-15  2.22e-15  1367    42     0
1931.75  5.76e-15  2.22e-15  1368    57     0
1933.43  3.84e-15  2.21e-15  1369    38     0
1935.11  2.60e-15  2.18e-15  1370    26     0
1936.78  3.55e-15  2.17e-15  1372    36     0
1938.46  4.91e-15  2.17e-15  1373    49     0
1940.14  3.18e-15  2.15e-15  1374    32     0
1941.81  1.42e-15  2.14e-15  1375    14     0
1943.49  2.22e-15  2.13e-15  1376    22     0
1945.16  3.00e-15  2.14e-15  1377    30     0
1946.84  5.19e-15  2.14e-15  1378    53     0
1948.52  3.78e-15  2.12e-15  1379    38     0
1950.19  2.60e-15  2.09e-15  1381    27     0
1951.87  2.30e-15  2.08e-15  1382    24     0
1953.55  2.77e-15  2.07e-15  1383    29     0
1955.22  3.05e-15  2.08e-15  1384    31     0
1956.90  1.93e-15  2.06e-15  1385    20     0
1958.57  4.86e-15  2.07e-15  1386    51     0
1960.25  4.06e-15  2.07e-15  1387    42     0
1961.93  4.23e-15  2.06e-15  1388    44     0
1963.60  4.03e-15  2.06e-15  1388    42     0
1965.28  1.06e-15  2.04e-15  1389    11     0
1966.96  1.34e-15  2.04e-15  1390    14     0
1968.63  3.52e-15  2.05e-15  1391    36     0
1970.31  3.22e-15  2.06e-15  1392    33     0
1971.99  1.76e-15  2.06e-15  1393    18     0
1973.66 -2.81e-17  2.06e-15  1393     0     0
1975.34  1.02e-15  2.08e-15  1394    10     0
1977.01  3.56e-15  2.10e-15  1395    36     0
1978.69  4.45e-15  2.16e-15  1395    45     0
