NOT ORIGINAL IUE PROJECT DATA PRODUCT
SWP9700LOWLARGE
HD  197481
20:42:06
-31:31:05
48
X-TRAIL
NO
22900.184
05/08/80
02:22:14
218
16.50
11/11/94
GSFC
2444456.59877
62
36
1150.58 -1.63e-14  1.52e-14   701   -43     0
1152.26 -3.55e-15  1.43e-14   700    -9     0
1153.93 -1.87e-14  1.53e-14   700   -55     0
1155.61 -2.82e-14  1.30e-14   699   -86     0
1157.29 -2.73e-15  1.21e-14   699    -9     0
1158.96 -1.05e-14  1.12e-14   698   -37     0
1160.64 -1.46e-14  1.06e-14   697   -54     0
1162.31  2.82e-15  9.83e-15   697    11     0
1163.99 -8.50e-15  9.15e-15   696   -36     0
1165.67 -8.86e-15  8.73e-15   695   -39     0
1167.34 -7.24e-15  8.14e-15   695   -34     0
1169.02 -1.17e-14  7.67e-15   694   -60     0
1170.70  1.15e-14  1.08e-14   693    63     0
1172.37 -6.80e-15  6.60e-15   693   -40     0
1174.05  2.45e-14  7.79e-15   692   154     0
1175.73 -2.10e-15  5.89e-15   691   -13     0
1177.40  1.07e-14  6.17e-15   691    75     0
1179.08  1.65e-14  5.43e-15   690   122     0
1180.75 -2.34e-17  5.03e-15   690     0     0
1182.43  1.13e-15  4.73e-15   689     9     0
1184.11  5.84e-15  4.74e-15   688    50     0
1185.78 -6.37e-15  4.35e-15   688   -58     0
1187.46 -7.68e-15  4.35e-15   687   -74     0
1189.14  6.43e-15  4.36e-15   687    64     0
1190.81 -2.79e-15  4.15e-15   686   -28     0
1192.49 -4.84e-15  4.01e-15   686   -51     0
1194.17 -5.53e-15  4.53e-15   685   -60     0
1195.84  1.17e-15  3.54e-15   684    13     0
1197.52  7.99e-15  3.34e-15   684    93     0
1199.19  6.41e-15  3.22e-15   683    76     0
1200.87  1.10e-14  3.24e-15   683   134     0
1202.55  1.36e-14  4.06e-15   682   170     0
1204.22  1.90e-14  6.97e-15   682   245     0
1205.90  6.36e-14  1.38e-14   681   856     0
1207.58  1.21e-13  2.28e-14   681  1672     0
1209.25  2.30e-13  4.58e-14   680  3272     0
1210.93  1.37e-13  5.33e-14   680  1972     0
1212.60  1.15e-13  4.89e-14   679  1700 -1280
1214.28  1.28e-13  5.20e-14   679  1937 -1280
1215.96  1.68e-13  5.52e-14   678  2591     0
1217.63  1.56e-13  4.86e-14   678  2460     0
1219.31  1.89e-13  3.73e-14   677  3046     0
1220.99  8.31e-14  1.58e-14   677  1362     0
1222.66  2.78e-14  6.53e-15   676   465     0
1224.34  8.91e-15  4.16e-15   676   151     0
1226.02 -4.48e-15  2.56e-15   675   -77     0
1227.69 -4.22e-16  2.33e-15   675    -7     0
1229.37  3.75e-15  2.44e-15   675    66     0
1231.04 -5.32e-16  1.96e-15   674    -9     0
1232.72 -1.34e-15  1.93e-15   674   -24     0
1234.40 -4.00e-15  2.33e-15   673   -74     0
1236.07  3.92e-15  1.92e-15   673    74     0
1237.75 -2.87e-15  1.84e-15   673   -55     0
1239.43  5.99e-15  2.79e-15   672   116     0
1241.10  4.23e-15  2.01e-15   672    81     0
1242.78  2.65e-15  1.83e-15   672    51     0
1244.46 -1.14e-15  2.73e-15   671   -22     0
1246.13  2.69e-16  1.73e-15   671     5     0
1247.81  4.06e-15  1.77e-15   670    82     0
1249.48 -2.59e-15  1.70e-15   670   -53     0
1251.16  2.57e-15  1.79e-15   670    52     0
1252.84 -3.42e-15  1.70e-15   669   -69     0
1254.51  2.18e-15  2.29e-15   669    44     0
1256.19 -1.66e-15  1.67e-15   669   -34     0
1257.87 -2.85e-15  1.85e-15   669   -59     0
1259.54  4.96e-15  1.73e-15   668   103     0
1261.22  1.30e-15  1.64e-15   668    27     0
1262.89  2.13e-15  1.64e-15   668    45     0
1264.57 -3.35e-15  1.60e-15   667   -71     0
1266.25  1.95e-15  1.67e-15   667    41     0
1267.92  8.50e-16  1.81e-15   667    18     0
1269.60 -4.13e-16  2.28e-15   667    -8     0
1271.28 -1.86e-15  1.75e-15   666   -39     0
1272.95  1.37e-15  1.58e-15   666    29     0
1274.63  1.01e-16  1.56e-15   666     2     0
1276.31  4.35e-15  1.62e-15   666    94     0
1277.98  3.24e-15  1.68e-15   665    70     0
1279.66  4.95e-16  1.53e-15   665    10     0
1281.33  1.82e-15  1.62e-15   665    39     0
1283.01 -2.33e-15  1.60e-15   665   -51     0
1284.69  1.25e-15  1.54e-15   665    27     0
1286.36  3.13e-15  1.73e-15   664    69     0
1288.04  1.92e-15  1.69e-15   664    42     0
1289.72  4.44e-15  2.38e-15   664    98     0
1291.39 -1.43e-16  1.75e-15   664    -3     0
1293.07 -6.46e-16  1.49e-15   664   -14     0
1294.75  1.75e-15  1.83e-15   663    38     0
1296.42  2.93e-15  1.50e-15   663    65     0
1298.10  1.45e-15  1.47e-15   663    32     0
1299.77 -9.26e-16  1.51e-15   663   -20     0
1301.45  7.79e-15  1.61e-15   663   170     0
1303.13  3.56e-15  2.02e-15   663    78     0
1304.80  4.50e-15  2.56e-15   663    98     0
1306.48  9.50e-15  2.03e-15   662   210     0
1308.16  7.18e-15  2.91e-15   662   159     0
1309.83 -3.46e-15  1.53e-15   662   -76     0
1311.51  2.88e-15  1.52e-15   662    63     0
1313.19 -1.73e-15  1.45e-15   662   -37     0
1314.86  2.22e-15  1.93e-15   662    48     0
1316.54  1.79e-15  1.48e-15   662    39     0
1318.21  1.78e-15  1.56e-15   662    39     0
1319.89 -3.29e-15  1.62e-15   661   -72     0
1321.57  2.06e-15  1.66e-15   661    45     0
1323.24 -1.02e-16  1.91e-15   661    -2     0
1324.92 -1.39e-15  2.30e-15   661   -30     0
1326.60  2.73e-15  1.47e-15   661    59     0
1328.27  4.08e-15  2.22e-15   661    88     0
1329.95  4.22e-16  1.44e-15   661     9     0
1331.62  6.83e-15  1.53e-15   661   150     0
1333.30  6.77e-15  2.57e-15   661   148     0
1334.98  1.12e-14  5.04e-15   661   245     0
1336.65  1.50e-14  3.05e-15   661   317     0
1338.33  8.07e-15  1.63e-15   661   170     0
1340.01 -2.43e-15  2.28e-15   661   -51     0
1341.68  1.47e-15  2.11e-15   660    30     0
1343.36  4.36e-15  1.58e-15   660    91     0
1345.04  6.51e-16  1.45e-15   660    13     0
1346.71  2.19e-16  2.01e-15   660     4     0
1348.39  1.21e-15  1.51e-15   660    25     0
1350.06  1.85e-15  1.50e-15   660    38     0
1351.74 -7.55e-15  2.19e-15   660  -154     0
1353.42  1.99e-15  1.59e-15   660    40     0
1355.09  4.07e-16  2.38e-15   660     8     0
1356.77  2.34e-15  1.53e-15   660    46     0
1358.45  1.85e-15  1.53e-15   660    36     0
1360.12 -1.77e-16  1.51e-15   660    -3     0
1361.80  1.90e-15  1.53e-15   660    37     0
1363.48 -6.09e-16  1.82e-15   660   -12     0
1365.15  2.04e-15  1.89e-15   660    40     0
1366.83 -2.71e-15  1.51e-15   660   -53     0
1368.50 -1.45e-15  1.63e-15   660   -28     0
1370.18 -1.55e-15  1.53e-15   660   -29     0
1371.86  1.16e-15  2.01e-15   660    22     0
1373.53 -8.44e-15  3.72e-15   660  -160     0
1375.21 -3.70e-16  2.86e-15   660    -7     0
1376.89  5.62e-15  2.09e-15   660   106     0
1378.56 -1.32e-15  1.74e-15   660   -24     0
1380.24  3.29e-15  1.66e-15   660    62     0
1381.91 -1.74e-15  2.22e-15   659   -32     0
1383.59 -1.71e-15  1.57e-15   659   -31     0
1385.27  5.25e-16  1.62e-15   659     9     0
1386.94 -1.54e-15  2.78e-15   659   -28     0
1388.62  1.57e-15  1.61e-15   659    28     0
1390.30  2.59e-15  1.63e-15   659    46     0
1391.97 -9.73e-16  2.32e-15   659   -17     0
1393.65  1.02e-14  2.01e-15   659   181     0
1395.33  5.97e-15  2.90e-15   659   105     0
1397.00  4.80e-15  1.71e-15   659    84     0
1398.68  5.24e-15  1.72e-15   659    91     0
1400.35  3.32e-15  2.40e-15   659    57     0
1402.03  6.03e-15  2.44e-15   659   104     0
1403.71  7.32e-15  1.89e-15   659   125     0
1405.38  5.05e-15  2.04e-15   659    86     0
1407.06  3.56e-15  1.96e-15   659    60     0
1408.74  3.03e-15  1.80e-15   659    51     0
1410.41  7.29e-15  1.81e-15   659   123     0
1412.09  9.40e-15  4.36e-15   659   157     0
1413.77  7.36e-16  2.22e-15   659    12     0
1415.44  2.98e-15  1.74e-15   658    48     0
1417.12  1.01e-15  1.89e-15   658    16     0
1418.79 -2.25e-15  1.72e-15   658   -36     0
1420.47 -1.48e-15  1.89e-15   658   -23     0
1422.15 -1.39e-15  1.87e-15   658   -22     0
1423.82 -2.48e-15  2.04e-15   658   -39     0
1425.50  9.86e-16  1.76e-15   658    15     0
1427.18 -6.39e-15  2.45e-15   658  -100     0
1428.85  2.40e-15  2.35e-15   658    37     0
1430.53  1.19e-15  1.76e-15   658    18     0
1432.20 -4.97e-16  2.98e-15   658    -7     0
1433.88 -1.23e-15  2.90e-15   658   -19     0
1435.56  1.80e-15  2.50e-15   657    27     0
1437.23  1.68e-15  1.90e-15   657    25     0
1438.91 -2.03e-15  1.80e-15   657   -30     0
1440.59 -3.60e-15  2.00e-15   657   -53     0
1442.26  1.04e-15  2.10e-15   657    15     0
1443.94  1.57e-15  2.54e-15   657    23     0
1445.62  3.06e-15  1.94e-15   657    45     0
1447.29  1.59e-15  1.84e-15   657    23     0
1448.97 -4.47e-15  2.63e-15   656   -65     0
1450.64  2.40e-15  2.11e-15   656    34     0
1452.32 -3.30e-15  2.40e-15   656   -47     0
1454.00 -1.24e-15  1.84e-15   656   -17     0
1455.67  8.85e-16  1.83e-15   656    12     0
1457.35  1.67e-15  1.85e-15   656    24     0
1459.03 -2.00e-15  2.09e-15   656   -28     0
1460.70  8.37e-16  1.86e-15   655    11     0
1462.38  2.44e-15  1.89e-15   655    34     0
1464.06  1.48e-15  1.90e-15   655    20     0
1465.73  2.56e-15  1.89e-15   655    36     0
1467.41  1.74e-16  1.84e-15   655     2     0
1469.08  2.35e-15  1.89e-15   654    33     0
1470.76 -1.61e-15  1.85e-15   654   -22     0
1472.44  1.94e-15  1.92e-15   654    27     0
1474.11  2.07e-15  1.87e-15   654    28     0
1475.79 -1.14e-16  2.70e-15   654    -1     0
1477.47  3.16e-15  1.90e-15   653    43     0
1479.14 -4.12e-15  2.28e-15   653   -57     0
1480.82 -1.19e-15  1.83e-15   653   -16     0
1482.50  8.32e-16  1.83e-15   653    11     0
1484.17 -6.18e-16  2.54e-15   652    -8     0
1485.85 -2.32e-15  1.91e-15   652   -32     0
1487.52 -1.53e-15  1.97e-15   652   -21     0
1489.20 -9.49e-16  1.92e-15   652   -13     0
1490.88  6.83e-15  1.95e-15   651    94     0
1492.55  4.78e-15  2.13e-15   651    65     0
1494.23  2.67e-15  1.87e-15   651    36     0
1495.91  2.46e-16  1.85e-15   651     3     0
1497.58  1.81e-15  1.96e-15   650    24     0
1499.26 -2.06e-16  2.07e-15   650    -2     0
1500.93  1.35e-15  1.89e-15   650    17     0
1502.61  8.44e-16  1.88e-15   649    11     0
1504.29 -6.24e-16  1.89e-15   649    -8     0
1505.96  2.39e-15  1.96e-15   649    31     0
1507.64  7.01e-16  1.99e-15   648     9     0
1509.32  4.18e-15  1.97e-15   648    53     0
1510.99  3.52e-15  1.94e-15   648    46     0
1512.67 -8.91e-16  3.54e-15   647   -11     0
1514.35  1.33e-15  2.39e-15   647    17     0
1516.02  1.96e-15  1.92e-15   647    25     0
1517.70  1.87e-15  1.93e-15   646    23     0
1519.37 -1.10e-15  2.83e-15   646   -14     0
1521.05 -1.39e-15  2.41e-15   646   -17     0
1522.73 -2.86e-15  1.98e-15   645   -36     0
1524.40  2.15e-15  1.92e-15   645    27     0
1526.08  3.12e-15  1.94e-15   644    39     0
1527.76  4.87e-15  2.05e-15   644    61     0
1529.43  4.23e-16  1.90e-15   644     5     0
1531.11  5.73e-15  2.02e-15   643    71     0
1532.79  7.01e-15  2.07e-15   643    87     0
1534.46  2.59e-15  1.96e-15   642    32     0
1536.14  3.26e-15  2.02e-15   642    40     0
1537.81  1.68e-15  1.99e-15   642    20     0
1539.49  3.14e-15  1.95e-15   641    39     0
1541.17  3.34e-15  1.96e-15   641    41     0
1542.84  4.68e-15  2.56e-15   640    57     0
1544.52  7.30e-15  3.81e-15   640    90     0
1546.20  1.65e-14  4.29e-15   639   205     0
1547.87  2.12e-14  6.46e-15   639   263     0
1549.55  2.20e-14  7.14e-15   638   273     0
1551.22  1.21e-14  4.25e-15   638   151     0
1552.90  1.14e-14  2.14e-15   637   142     0
1554.58  1.77e-15  1.88e-15   637    22     0
1556.25  3.52e-15  1.92e-15   636    43     0
1557.93  6.68e-15  2.01e-15   636    82     0
1559.61  1.38e-15  2.12e-15   635    17     0
1561.28  2.60e-15  1.87e-15   635    32     0
1562.96  3.86e-15  1.89e-15   634    48     0
1564.64  3.77e-16  1.82e-15   634     4     0
1566.31  1.30e-15  1.83e-15   633    16     0
1567.99  5.18e-16  1.82e-15   633     6     0
1569.66  4.12e-15  1.87e-15   632    51     0
1571.34 -3.92e-16  1.80e-15   632    -4     0
1573.02  2.76e-15  1.83e-15   631    34     0
1574.69 -4.77e-15  1.91e-15   631   -60     0
1576.37 -3.13e-15  1.78e-15   630   -39     0
1578.05  3.95e-15  1.84e-15   629    49     0
1579.72  3.30e-16  1.77e-15   629     4     0
1581.40 -3.53e-16  1.79e-15   628    -4     0
1583.08  1.75e-15  1.78e-15   628    22     0
1584.75 -1.26e-15  2.32e-15   627   -15     0
1586.43 -3.05e-16  1.76e-15   627    -3     0
1588.10  4.12e-15  1.82e-15   626    51     0
1589.78 -1.19e-15  1.75e-15   625   -14     0
1591.46 -2.73e-15  1.73e-15   625   -34     0
1593.13  3.37e-15  1.80e-15   624    42     0
1594.81 -9.50e-16  1.80e-15   624   -12     0
1596.49  5.82e-16  1.97e-15   623     7     0
1598.16  6.22e-16  1.72e-15   622     7     0
1599.84  8.05e-16  1.72e-15   622    10     0
1601.52  3.75e-15  1.99e-15   621    48     0
1603.19  6.70e-16  2.18e-15   620     8     0
1604.87  5.94e-16  1.68e-15   620     7     0
1606.54  5.24e-16  1.67e-15   619     6     0
1608.22  2.51e-15  1.70e-15   619    32     0
1609.90  1.83e-15  1.68e-15   618    23     0
1611.57  9.99e-16  1.64e-15   617    13     0
1613.25  5.07e-17  1.64e-15   617     0     0
1614.93 -1.33e-15  1.62e-15   616   -17     0
1616.60  4.83e-15  1.71e-15   615    62     0
1618.28  2.49e-15  1.66e-15   615    32     0
1619.95  5.50e-15  1.71e-15   614    71     0
1621.63  1.60e-15  1.65e-15   613    21     0
1623.31  9.28e-16  1.60e-15   613    12     0
1624.98  8.98e-16  1.59e-15   612    11     0
1626.66  3.98e-15  1.64e-15   611    52     0
1628.34  1.61e-15  1.60e-15   611    21     0
1630.01  1.27e-15  1.57e-15   610    17     0
1631.69  2.39e-15  1.58e-15   609    32     0
1633.37  2.74e-15  1.58e-15   609    37     0
1635.04  5.58e-15  2.00e-15   608    74     0
1636.72  7.79e-15  3.63e-15   607   104     0
1638.39  1.42e-14  4.08e-15   607   190     0
1640.07  2.13e-14  4.81e-15   606   287     0
1641.75  1.49e-14  2.53e-15   605   202     0
1643.42  4.03e-15  1.97e-15   605    54     0
1645.10  3.08e-15  1.53e-15   604    42     0
1646.78 -2.02e-15  1.48e-15   603   -27     0
1648.45 -8.93e-16  1.47e-15   603   -12     0
1650.13  2.44e-15  1.49e-15   602    33     0
1651.81  4.29e-15  1.55e-15   601    59     0
1653.48  7.40e-15  1.71e-15   601   103     0
1655.16  5.75e-15  2.64e-15   600    80     0
1656.83  5.78e-15  3.72e-15   599    81     0
1658.51  5.72e-15  3.36e-15   598    81     0
1660.19  3.07e-15  2.12e-15   598    43     0
1661.86 -7.06e-16  1.38e-15   597   -10     0
1663.54  2.18e-15  1.42e-15   596    31     0
1665.22  2.70e-15  1.41e-15   596    38     0
1666.89  2.00e-15  1.40e-15   595    28     0
1668.57  7.36e-16  1.36e-15   594    10     0
1670.24  2.23e-15  1.39e-15   594    32     0
1671.92  3.02e-15  1.39e-15   593    43     0
1673.60 -5.01e-16  1.34e-15   592    -7     0
1675.27 -1.43e-16  1.32e-15   592    -2     0
1676.95  2.36e-15  1.35e-15   591    34     0
1678.63  2.38e-15  1.34e-15   590    35     0
1680.30  3.46e-16  1.33e-15   590     5     0
1681.98 -8.46e-16  1.27e-15   589   -12     0
1683.66 -1.44e-16  1.26e-15   588    -2     0
1685.33  1.51e-15  1.27e-15   588    23     0
1687.01  1.58e-15  1.36e-15   587    24     0
1688.68  2.44e-15  1.26e-15   587    37     0
1690.36  4.16e-17  1.23e-15   586     0     0
1692.04  2.01e-15  1.25e-15   585    31     0
1693.71  5.60e-17  1.21e-15   585     0     0
1695.39  1.07e-15  1.21e-15   584    16     0
1697.07  2.04e-15  1.21e-15   583    32     0
1698.74 -1.86e-15  1.17e-15   583   -29     0
1700.42  4.38e-16  1.17e-15   582     7     0
1702.10  1.30e-15  1.18e-15   582    20     0
1703.77  1.64e-15  1.17e-15   581    26     0
1705.45  1.18e-15  1.16e-15   580    19     0
1707.12  4.22e-16  1.14e-15   580     6     0
1708.80 -1.44e-16  1.12e-15   579    -2     0
1710.48  9.77e-16  1.13e-15   579    16     0
1712.15  7.83e-16  1.12e-15   578    12     0
1713.83  1.68e-15  1.12e-15   577    28     0
1715.51  1.08e-15  1.09e-15   577    18     0
1717.18  8.60e-16  1.08e-15   576    14     0
1718.86 -1.16e-16  1.06e-15   576    -1     0
1720.54  7.87e-16  1.06e-15   575    13     0
1722.21  1.06e-15  1.06e-15   575    18     0
1723.89  1.91e-16  1.04e-15   574     3     0
1725.56 -5.66e-16  1.03e-15   574    -9     0
1727.24 -3.69e-16  1.02e-15   573    -6     0
1728.92 -3.05e-16  1.07e-15   573    -5     0
1730.59  5.26e-16  1.00e-15   572     9     0
1732.27 -4.26e-16  9.90e-16   572    -7     0
1733.95 -8.83e-17  9.81e-16   571    -1     0
1735.62 -6.58e-16  9.60e-16   571   -12     0
1737.30 -1.47e-15  9.52e-16   570   -27     0
1738.97  1.98e-15  9.75e-16   570    36     0
1740.65  4.22e-15  1.01e-15   569    78     0
1742.33  4.00e-15  1.28e-15   569    74     0
1744.00  8.69e-15  2.67e-15   569   163     0
1745.68  4.10e-15  1.56e-15   568    77     0
1747.36  2.02e-15  9.40e-16   568    38     0
1749.03  6.68e-16  9.09e-16   567    12     0
1750.71  7.19e-16  9.17e-16   567    13     0
1752.39  1.80e-15  9.32e-16   567    34     0
1754.06  8.47e-16  9.04e-16   566    16     0
1755.74  3.50e-16  8.81e-16   566     6     0
1757.41 -2.30e-16  8.74e-16   566    -4     0
1759.09  2.45e-16  8.67e-16   565     4     0
1760.77  6.35e-16  8.62e-16   565    12     0
1762.44  9.62e-16  8.62e-16   565    19     0
1764.12  1.33e-15  9.09e-16   564    26     0
1765.80  1.22e-15  8.62e-16   564    24     0
1767.47  2.32e-15  8.76e-16   564    46     0
1769.15  9.60e-15  4.14e-15   564   194     0
1770.83  1.00e-14  4.80e-15   563   204     0
1772.50  3.70e-15  9.29e-16   563    75     0
1774.18  1.84e-15  8.43e-16   563    37     0
1775.85  3.59e-16  8.05e-16   563     7     0
1777.53  7.80e-16  8.07e-16   562    16     0
1779.21  2.32e-15  8.26e-16   562    48     0
1780.88  4.00e-15  8.64e-16   562    84     0
1782.56  1.70e-15  8.42e-16   562    36     0
1784.24  4.62e-16  8.83e-16   562     9     0
1785.91  4.76e-16  9.36e-16   562    10     0
1787.59  2.39e-16  1.03e-15   562     5     0
1789.26  4.98e-16  1.12e-15   561    10     0
1790.94  8.94e-16  8.07e-16   561    19     0
1792.62  1.13e-15  7.72e-16   561    24     0
1794.29  2.39e-15  7.88e-16   561    51     0
1795.97  1.24e-16  7.53e-16   561     2     0
1797.65 -5.93e-16  7.50e-16   561   -12     0
1799.32 -6.36e-16  7.46e-16   561   -13     0
1801.00  4.20e-16  7.52e-16   561     9     0
1802.68  1.76e-15  7.69e-16   561    38     0
1804.35  2.42e-15  8.62e-16   561    52     0
1806.03  3.46e-15  1.02e-15   561    76     0
1807.70  4.40e-15  1.34e-15   561    97     0
1809.38  4.67e-15  1.33e-15   562   103     0
1811.06  3.76e-15  9.89e-16   562    82     0
1812.73  4.64e-15  1.39e-15   562   102     0
1814.41  5.80e-15  1.81e-15   562   128     0
1816.09  7.01e-15  1.85e-15   562   155     0
1817.76  7.41e-15  1.70e-15   562   164     0
1819.44  4.58e-15  9.86e-16   563   102     0
1821.12  2.58e-15  7.42e-16   563    57     0
1822.79  1.77e-15  7.29e-16   563    39     0
1824.47  1.35e-15  7.21e-16   563    30     0
1826.14  9.00e-16  7.11e-16   563    20     0
1827.82  3.71e-16  6.99e-16   564     8     0
1829.50  1.14e-16  6.93e-16   564     2     0
1831.17 -4.77e-17  6.94e-16   564    -1     0
1832.85 -8.33e-16  6.93e-16   565   -18     0
1834.53 -3.66e-16  6.91e-16   565    -8     0
1836.20 -2.13e-16  6.89e-16   565    -4     0
1837.88  5.54e-16  6.96e-16   566    12     0
1839.55  3.33e-16  6.90e-16   566     7     0
1841.23  1.75e-15  7.14e-16   567    39     0
1842.91  1.91e-15  7.14e-16   567    42     0
1844.58  2.02e-15  7.16e-16   568    45     0
1846.26  1.11e-15  7.00e-16   568    24     0
1847.94  9.91e-16  6.98e-16   569    22     0
1849.61  1.41e-15  7.03e-16   569    31     0
1851.29  2.51e-15  7.12e-16   570    56     0
1852.97  3.40e-15  7.28e-16   570    76     0
1854.64  2.79e-15  8.50e-16   571    62     0
1856.32  1.75e-15  7.03e-16   571    39     0
1857.99  1.27e-15  6.95e-16   572    28     0
1859.67  8.63e-16  6.89e-16   573    19     0
1861.35  1.31e-15  9.22e-16   573    29     0
1863.02  4.14e-15  1.90e-15   574    92     0
1864.70  6.34e-15  3.23e-15   575   141     0
1866.38  5.81e-15  2.30e-15   576   128     0
1868.05  2.87e-15  9.07e-16   576    63     0
1869.73  2.25e-15  7.08e-16   577    49     0
1871.41  1.45e-15  6.96e-16   578    32     0
1873.08  7.44e-16  6.86e-16   579    16     0
1874.76  1.34e-15  6.97e-16   580    29     0
1876.43  2.27e-15  7.17e-16   580    49     0
1878.11  2.21e-15  7.17e-16   581    48     0
1879.79  1.32e-15  7.02e-16   582    28     0
1881.46  1.09e-15  6.91e-16   583    23     0
1883.14  1.23e-15  6.93e-16   584    26     0
1884.82  1.42e-15  6.97e-16   585    31     0
1886.49  1.95e-15  7.05e-16   586    42     0
1888.17  2.13e-15  7.09e-16   587    46     0
1889.85  3.37e-15  7.29e-16   588    72     0
1891.52  3.15e-15  7.31e-16   589    67     0
1893.20  3.71e-15  7.39e-16   590    79     0
1894.87  2.78e-15  7.26e-16   591    59     0
1896.55  2.25e-15  7.15e-16   592    48     0
1898.23  2.61e-15  7.19e-16   593    55     0
1899.90  2.05e-15  7.09e-16   595    43     0
1901.58  2.16e-15  7.12e-16   596    46     0
1903.26  2.28e-15  7.40e-16   597    48     0
1904.93  3.75e-15  7.33e-16   598    80     0
1906.61  3.75e-15  7.34e-16   599    80     0
1908.28  3.08e-15  7.38e-16   601    65     0
1909.96  3.29e-15  7.27e-16   602    69     0
1911.64  3.87e-15  7.50e-16   603    82     0
1913.31  3.79e-15  7.97e-16   604    80     0
1914.99  3.31e-15  7.59e-16   606    70     0
1916.67  3.67e-15  8.22e-16   607    78     0
1918.34  2.74e-15  8.30e-16   608    58     0
1920.02  3.04e-15  8.38e-16   610    64     0
1921.70  3.58e-15  9.85e-16   611    75     0
1923.37  3.94e-15  8.56e-16   613    83     0
1925.05  3.97e-15  7.34e-16   614    83     0
1926.72  3.12e-15  7.51e-16   616    65     0
1928.40  2.13e-15  7.20e-16   617    45     0
1930.08  2.32e-15  7.38e-16   619    48     0
1931.75  1.72e-15  6.98e-16   620    36     0
1933.43  1.77e-15  6.98e-16   622    37     0
1935.11  1.66e-15  6.89e-16   623    35     0
1936.78  1.84e-15  6.89e-16   625    39     0
1938.46  1.74e-15  6.86e-16   626    37     0
1940.14  1.07e-15  6.77e-16   628    23     0
1941.81  1.36e-15  6.78e-16   630    29     0
1943.49  1.30e-15  6.76e-16   631    28     0
1945.16  1.10e-15  6.69e-16   633    23     0
1946.84  1.23e-15  6.69e-16   635    26     0
1948.52  1.53e-15  6.68e-16   636    33     0
1950.19  1.09e-15  6.54e-16   638    24     0
1951.87  1.13e-15  6.53e-16   640    25     0
1953.55  6.64e-16  6.44e-16   642    14     0
1955.22  1.82e-16  6.38e-16   643     4     0
1956.90 -2.36e-16  6.35e-16   645    -5     0
1958.57 -3.60e-16  6.33e-16   647    -8     0
1960.25  1.15e-16  6.35e-16   649     2     0
1961.93  2.24e-16  6.34e-16   651     4     0
1963.60  2.81e-16  6.34e-16   653     6     0
1965.28  2.61e-16  6.39e-16   654     5     0
1966.96  3.00e-16  6.40e-16   656     6     0
1968.63  3.87e-17  6.37e-16   658     0     0
1970.31 -2.41e-16  6.36e-16   660    -5     0
1971.99 -1.29e-15  6.40e-16   662   -28     0
1973.66 -1.07e-15  6.43e-16   664   -23     0
1975.34 -9.85e-17  6.44e-16   666    -2     0
1977.01  6.72e-16  6.56e-16   668    14     0
1978.69  8.72e-16  6.60e-16   670    18     0
