NOT ORIGINAL IUE PROJECT DATA PRODUCT
SWP09698LOWLARGE
HD  197481
20:42:04
-31:31:05
52
X-TRAIL
NO
22900.184
04/08/80
18:24:34
217
16.50
26/03/97
VILSPA
2444456.26706
0
37
1150.58  2.17e-15  1.53e-14   729     5     0
1152.26  1.83e-15  1.44e-14   729     5     0
1153.93 -4.25e-15  1.35e-14   729   -12     0
1155.61  4.88e-15  1.35e-14   729    15     0
1157.29  2.63e-14  1.26e-14   729    87     0
1158.96 -4.35e-15  1.13e-14   729   -15     0
1160.64 -6.30e-16  1.07e-14   729    -2     0
1162.31  1.44e-14  1.02e-14   729    58     0
1163.99  1.03e-14  9.36e-15   728    44     0
1165.67 -7.99e-16  8.83e-15   728    -3     0
1167.34 -1.48e-15  8.23e-15   728    -7     0
1169.02  1.70e-15  9.39e-15   728     8     0
1170.70  2.92e-14  8.02e-15   728   162     0
1172.37  1.30e-14  6.87e-15   728    77     0
1174.05  2.63e-14  6.67e-15   727   166     0
1175.73 -1.04e-14  5.95e-15   727   -68     0
1177.40 -4.03e-15  5.80e-15   727   -28     0
1179.08  9.81e-16  5.25e-15   727     7     0
1180.75  7.43e-16  5.06e-15   727     5     0
1182.43  1.45e-15  5.04e-15   726    11     0
1184.11  1.19e-14  5.01e-15   726   102     0
1185.78  2.37e-15  4.44e-15   726    21     0
1187.46  7.38e-17  4.41e-15   726     0     0
1189.14  1.02e-14  4.63e-15   725   103     0
1190.81 -1.11e-15  5.52e-15   725   -11     0
1192.49 -5.94e-16  3.99e-15   725    -6     0
1194.17 -1.26e-15  4.49e-15   724   -13     0
1195.84 -1.64e-15  3.45e-15   724   -18     0
1197.52  8.79e-15  3.42e-15   724   102     0
1199.19  1.08e-14  3.48e-15   723   130     0
1200.87  1.59e-14  3.36e-15   723   194     0
1202.55  2.01e-14  5.86e-15   723   253     0
1204.22  3.02e-14  8.07e-15   722   391     0
1205.90  8.12e-14  1.58e-14   722  1096     0
1207.58  1.73e-13  3.15e-14   722  2406     0
1209.25  1.91e-13  6.12e-14   721  2725     0
1210.93  7.83e-14  4.35e-14   721  1132 -1280
1212.60  6.04e-14  3.87e-14   721   895 -1280
1214.28  9.36e-14  5.51e-14   720  1422 -1280
1215.96  1.25e-13  5.26e-14   720  1940 -1280
1217.63  1.43e-13  5.82e-14   719  2268     0
1219.31  1.83e-13  4.52e-14   719  2964     0
1220.99  1.25e-13  2.72e-14   719  2058     0
1222.66  4.58e-14  1.14e-14   718   768     0
1224.34  1.12e-14  3.33e-15   718   191     0
1226.02 -6.50e-16  3.20e-15   717   -11     0
1227.69  1.41e-15  2.30e-15   717    24     0
1229.37  1.49e-15  2.11e-15   717    26     0
1231.04  4.17e-15  2.07e-15   716    76     0
1232.72  3.09e-15  2.00e-15   716    57     0
1234.40  3.79e-15  2.78e-15   715    71     0
1236.07  1.10e-14  2.27e-15   715   209     0
1237.75  2.08e-15  2.28e-15   715    40     0
1239.43  6.34e-15  1.96e-15   714   123     0
1241.10  4.19e-15  2.16e-15   714    81     0
1242.78  3.67e-15  1.89e-15   713    71     0
1244.46  1.96e-15  2.31e-15   713    38     0
1246.13  3.98e-15  1.82e-15   713    80     0
1247.81  6.88e-15  1.86e-15   712   140     0
1249.48  1.75e-16  1.77e-15   712     3     0
1251.16  2.94e-15  1.80e-15   711    59     0
1252.84 -1.10e-15  1.73e-15   711   -22     0
1254.51  2.54e-15  1.89e-15   711    52     0
1256.19  9.99e-16  1.72e-15   710    20     0
1257.87  1.66e-15  1.71e-15   710    34     0
1259.54  8.67e-15  1.82e-15   709   181     0
1261.22  2.04e-15  1.68e-15   709    43     0
1262.89  2.71e-15  1.68e-15   709    57     0
1264.57 -3.38e-15  1.63e-15   708   -72     0
1266.25  1.25e-15  1.65e-15   708    26     0
1267.92  1.09e-15  1.82e-15   708    23     0
1269.60  2.00e-15  1.71e-15   707    42     0
1271.28 -5.33e-16  1.86e-15   707   -11     0
1272.95  4.28e-16  2.14e-15   706     9     0
1274.63 -1.37e-16  1.59e-15   706    -2     0
1276.31  1.61e-15  1.63e-15   706    34     0
1277.98  6.29e-15  2.13e-15   705   137     0
1279.66  2.02e-15  2.26e-15   705    44     0
1281.33  3.22e-15  1.68e-15   705    70     0
1283.01 -1.18e-16  1.88e-15   704    -2     0
1284.69  2.70e-16  1.54e-15   704     5     0
1286.36  4.33e-15  2.14e-15   703    96     0
1288.04  3.46e-15  1.60e-15   703    77     0
1289.72  5.11e-15  2.32e-15   703   113     0
1291.39  7.53e-16  1.53e-15   702    16     0
1293.07  2.42e-17  1.52e-15   702     0     0
1294.75  2.99e-15  2.47e-15   702    65     0
1296.42  8.42e-15  1.66e-15   701   188     0
1298.10  3.34e-15  1.90e-15   701    74     0
1299.77  4.97e-15  2.26e-15   701   111     0
1301.45  1.50e-14  2.92e-15   700   330     0
1303.13  9.44e-15  2.96e-15   700   207     0
1304.80  2.72e-15  2.26e-15   700    59     0
1306.48  4.88e-15  1.59e-15   699   108     0
1308.16  4.15e-15  1.95e-15   699    92     0
1309.83 -4.13e-15  1.51e-15   699   -91     0
1311.51  4.24e-15  1.75e-15   699    93     0
1313.19 -1.31e-15  1.49e-15   698   -28     0
1314.86  5.33e-16  1.51e-15   698    11     0
1316.54  1.86e-15  1.55e-15   698    41     0
1318.21  6.19e-15  1.67e-15   697   137     0
1319.89 -8.75e-16  1.67e-15   697   -19     0
1321.57  3.25e-15  2.15e-15   697    71     0
1323.24 -6.70e-16  2.21e-15   696   -14     0
1324.92  1.04e-15  2.38e-15   696    22     0
1326.60  2.91e-15  1.50e-15   696    63     0
1328.27  3.17e-15  1.93e-15   696    69     0
1329.95  2.36e-15  2.24e-15   695    51     0
1331.62  1.94e-14  3.90e-15   695   429     0
1333.30  1.82e-14  3.05e-15   695   401     0
1334.98  1.15e-14  3.80e-15   695   252     0
1336.65  6.77e-15  1.59e-15   694   144     0
1338.33  4.07e-15  1.55e-15   694    86     0
1340.01 -2.85e-15  1.86e-15   694   -60     0
1341.68  6.11e-16  1.72e-15   694    12     0
1343.36  3.72e-15  1.54e-15   693    78     0
1345.04  5.51e-16  1.61e-15   693    11     0
1346.71 -1.12e-15  2.05e-15   693   -23     0
1348.39  8.88e-16  1.65e-15   693    18     0
1350.06  3.74e-15  1.56e-15   692    77     0
1351.74 -6.39e-15  1.97e-15   692  -131     0
1353.42  3.75e-15  1.62e-15   692    76     0
1355.09  1.90e-15  1.81e-15   692    38     0
1356.77  1.90e-15  1.55e-15   691    38     0
1358.45  2.93e-15  1.57e-15   691    58     0
1360.12  1.90e-15  1.77e-15   691    38     0
1361.80 -1.60e-16  1.54e-15   691    -3     0
1363.48 -8.68e-16  1.55e-15   691   -17     0
1365.15  1.89e-15  1.67e-15   690    37     0
1366.83 -7.74e-17  1.54e-15   690    -1     0
1368.50  3.60e-15  1.97e-15   690    70     0
1370.18  1.49e-15  1.58e-15   690    28     0
1371.86  4.37e-15  1.79e-15   690    84     0
1373.53 -8.20e-15  3.65e-15   689  -156     0
1375.21 -2.84e-15  2.75e-15   689   -54     0
1376.89  8.80e-15  1.83e-15   689   167     0
1378.56 -1.95e-15  1.73e-15   689   -36     0
1380.24  4.99e-15  1.69e-15   689    94     0
1381.91 -1.49e-15  2.12e-15   688   -27     0
1383.59  1.56e-15  1.60e-15   688    29     0
1385.27  2.53e-15  1.67e-15   688    46     0
1386.94 -1.89e-15  2.12e-15   688   -34     0
1388.62  3.45e-15  1.67e-15   688    62     0
1390.30  8.49e-15  1.76e-15   687   154     0
1391.97  5.25e-15  2.57e-15   687    94     0
1393.65  5.68e-15  2.18e-15   687   101     0
1395.33  4.84e-15  1.80e-15   687    86     0
1397.00  3.91e-15  1.93e-15   687    69     0
1398.68  7.97e-15  1.97e-15   686   139     0
1400.35  9.26e-15  3.30e-15   686   161     0
1402.03  4.34e-15  1.77e-15   686    75     0
1403.71  3.12e-15  1.72e-15   686    53     0
1405.38  1.55e-15  2.01e-15   686    26     0
1407.06  3.42e-15  1.97e-15   686    58     0
1408.74 -2.58e-16  1.93e-15   685    -4     0
1410.41  5.12e-15  1.98e-15   685    86     0
1412.09  7.23e-15  1.81e-15   685   121     0
1413.77 -1.66e-15  1.70e-15   685   -27     0
1415.44  2.40e-15  1.76e-15   685    39     0
1417.12 -4.46e-17  2.06e-15   684     0     0
1418.79  1.13e-15  2.42e-15   684    18     0
1420.47 -1.03e-15  1.84e-15   684   -16     0
1422.15 -7.94e-16  1.94e-15   684   -12     0
1423.82 -1.77e-15  1.77e-15   684   -28     0
1425.50  2.08e-15  2.45e-15   684    32     0
1427.18 -5.47e-15  2.27e-15   683   -86     0
1428.85  2.63e-15  3.07e-15   683    41     0
1430.53  2.00e-15  1.80e-15   683    31     0
1432.20  2.32e-15  2.41e-15   683    36     0
1433.88  1.06e-16  2.27e-15   683     1     0
1435.56  1.90e-15  2.21e-15   682    28     0
1437.23  4.40e-15  1.90e-15   682    66     0
1438.91  6.26e-16  1.83e-15   682     9     0
1440.59 -2.09e-15  1.88e-15   682   -31     0
1442.26 -4.24e-17  1.84e-15   682     0     0
1443.94 -3.11e-15  2.26e-15   682   -46     0
1445.62  4.94e-16  1.91e-15   681     7     0
1447.29  1.77e-15  2.00e-15   681    26     0
1448.97 -2.79e-15  1.85e-15   681   -41     0
1450.64  5.52e-15  1.95e-15   681    80     0
1452.32 -9.96e-16  1.95e-15   681   -14     0
1454.00 -8.56e-16  1.93e-15   680   -12     0
1455.67 -6.15e-16  1.89e-15   680    -8     0
1457.35  1.22e-15  1.87e-15   680    17     0
1459.03  8.72e-16  1.94e-15   680    12     0
1460.70  4.65e-15  4.66e-15   680    66     0
1462.38  1.39e-14  9.15e-15   679   197     0
1464.06  1.19e-15  3.69e-15   679    16     0
1465.73 -1.16e-15  1.86e-15   679   -16     0
1467.41  7.56e-16  1.86e-15   679    10     0
1469.08  4.58e-15  1.99e-15   678    65     0
1470.76 -1.32e-15  1.91e-15   678   -18     0
1472.44 -1.34e-15  1.96e-15   678   -18     0
1474.11 -4.67e-16  1.88e-15   678    -6     0
1475.79  7.24e-16  1.91e-15   678    10     0
1477.47  4.53e-15  1.96e-15   677    63     0
1479.14  1.15e-15  2.32e-15   677    16     0
1480.82  1.66e-15  1.87e-15   677    23     0
1482.50  8.46e-16  1.86e-15   677    11     0
1484.17 -1.67e-15  2.72e-15   676   -23     0
1485.85  8.87e-16  1.90e-15   676    12     0
1487.52  4.80e-15  2.09e-15   676    66     0
1489.20  1.85e-15  1.99e-15   676    25     0
1490.88  3.48e-15  2.29e-15   675    48     0
1492.55 -1.33e-15  1.86e-15   675   -18     0
1494.23  3.23e-15  1.91e-15   675    44     0
1495.91  2.40e-15  1.90e-15   675    32     0
1497.58  1.90e-15  2.79e-15   674    25     0
1499.26  2.17e-15  2.13e-15   674    29     0
1500.93  5.10e-15  2.88e-15   674    68     0
1502.61  1.89e-15  1.93e-15   674    25     0
1504.29 -1.50e-15  1.93e-15   673   -19     0
1505.96  1.94e-15  1.96e-15   673    25     0
1507.64  2.49e-16  2.05e-15   673     3     0
1509.32  8.51e-16  1.97e-15   672    11     0
1510.99  1.94e-15  2.03e-15   672    25     0
1512.67 -1.53e-16  3.95e-15   672    -1     0
1514.35  3.76e-15  2.16e-15   672    48     0
1516.02  3.58e-16  1.94e-15   671     4     0
1517.70  2.52e-15  1.97e-15   671    32     0
1519.37  8.55e-16  2.33e-15   671    10     0
1521.05  4.50e-15  2.08e-15   670    57     0
1522.73  7.02e-16  2.47e-15   670     9     0
1524.40  3.78e-15  1.98e-15   670    48     0
1526.08  5.26e-15  2.01e-15   669    66     0
1527.76  2.86e-15  1.97e-15   669    36     0
1529.43  1.96e-15  1.95e-15   669    24     0
1531.11  5.91e-15  2.26e-15   668    73     0
1532.79  5.41e-15  2.14e-15   668    67     0
1534.46  3.71e-15  2.01e-15   668    46     0
1536.14  2.43e-15  2.01e-15   667    30     0
1537.81  3.59e-15  2.08e-15   667    44     0
1539.49  6.49e-15  2.04e-15   667    80     0
1541.17  1.22e-14  2.63e-15   666   151     0
1542.84  2.07e-14  4.67e-15   666   256     0
1544.52  3.81e-14  7.04e-15   665   473     0
1546.20  4.32e-14  9.25e-15   665   538     0
1547.87  3.21e-14  6.80e-15   665   399     0
1549.55  1.94e-14  4.69e-15   664   242     0
1551.22  6.38e-15  2.04e-15   664    79     0
1552.90  7.14e-15  2.01e-15   664    89     0
1554.58  9.64e-16  2.06e-15   663    12     0
1556.25 -4.48e-16  1.90e-15   663    -5     0
1557.93  2.86e-15  2.41e-15   662    35     0
1559.61  4.01e-15  1.96e-15   662    49     0
1561.28  4.02e-15  1.93e-15   662    50     0
1562.96  4.12e-15  2.03e-15   661    51     0
1564.64  2.70e-15  1.89e-15   661    34     0
1566.31  2.01e-15  1.88e-15   660    25     0
1567.99 -8.24e-16  1.84e-15   660   -10     0
1569.66  3.94e-15  1.90e-15   660    49     0
1571.34 -9.40e-16  1.84e-15   659   -11     0
1573.02  1.60e-15  1.85e-15   659    20     0
1574.69 -2.69e-15  2.05e-15   658   -34     0
1576.37 -3.34e-15  1.82e-15   658   -42     0
1578.05  5.13e-17  2.43e-15   657     0     0
1579.72 -5.80e-16  1.80e-15   657    -7     0
1581.40 -3.34e-16  1.80e-15   656    -4     0
1583.08 -9.13e-16  1.80e-15   656   -11     0
1584.75  5.77e-16  2.04e-15   656     7     0
1586.43  6.90e-16  1.81e-15   655     8     0
1588.10  1.87e-15  1.82e-15   655    23     0
1589.78  6.01e-17  1.80e-15   654     0     0
1591.46 -2.50e-15  1.77e-15   654   -31     0
1593.13  1.53e-15  2.10e-15   653    19     0
1594.81  1.25e-15  1.98e-15   653    16     0
1596.49  1.90e-15  1.79e-15   652    24     0
1598.16  2.31e-15  1.78e-15   652    29     0
1599.84  6.13e-15  1.84e-15   651    78     0
1601.52  7.12e-15  1.84e-15   651    91     0
1603.19  1.22e-15  2.51e-15   650    15     0
1604.87  1.72e-15  1.73e-15   650    22     0
1606.54  9.22e-16  1.72e-15   649    11     0
1608.22  3.46e-16  1.93e-15   649     4     0
1609.90  3.01e-15  1.85e-15   648    39     0
1611.57  1.91e-15  1.69e-15   648    25     0
1613.25 -1.96e-15  1.66e-15   647   -25     0
1614.93 -1.56e-15  1.65e-15   647   -20     0
1616.60  1.01e-15  1.68e-15   646    13     0
1618.28  3.77e-15  1.72e-15   646    49     0
1619.95  4.55e-15  1.79e-15   645    59     0
1621.63  1.89e-16  1.64e-15   645     2     0
1623.31  2.84e-16  1.63e-15   644     3     0
1624.98 -3.38e-16  1.62e-15   644    -4     0
1626.66  1.84e-15  1.64e-15   643    24     0
1628.34  6.55e-17  1.71e-15   643     0     0
1630.01 -2.26e-15  1.60e-15   642   -30     0
1631.69  4.38e-15  1.64e-15   642    59     0
1633.37  5.92e-15  2.01e-15   641    80     0
1635.04  1.46e-14  3.63e-15   641   195     0
1636.72  2.35e-14  5.51e-15   640   316     0
1638.39  3.32e-14  7.96e-15   640   448     0
1640.07  2.59e-14  4.82e-15   639   351     0
1641.75  8.09e-15  2.12e-15   639   110     0
1643.42  3.23e-15  1.58e-15   638    44     0
1645.10  4.06e-15  1.59e-15   638    55     0
1646.78 -4.06e-16  1.59e-15   637    -5     0
1648.45  1.57e-15  1.52e-15   636    21     0
1650.13  1.52e-15  1.51e-15   636    21     0
1651.81  5.51e-15  2.36e-15   635    76     0
1653.48  1.39e-14  2.87e-15   635   194     0
1655.16  1.24e-14  3.49e-15   634   175     0
1656.83  6.77e-15  3.52e-15   634    96     0
1658.51  3.28e-15  2.78e-15   633    46     0
1660.19  5.73e-15  1.93e-15   633    82     0
1661.86 -1.36e-15  1.42e-15   632   -19     0
1663.54  4.10e-15  1.47e-15   632    59     0
1665.22  2.28e-15  1.45e-15   631    32     0
1666.89  5.57e-15  1.49e-15   631    80     0
1668.57  4.48e-15  1.46e-15   630    65     0
1670.24  2.56e-15  1.43e-15   630    37     0
1671.92  2.74e-15  1.42e-15   629    39     0
1673.60 -1.21e-15  1.38e-15   628   -17     0
1675.27 -7.97e-16  1.36e-15   628   -11     0
1676.95  1.01e-15  1.36e-15   627    14     0
1678.63  3.07e-15  1.39e-15   627    45     0
1680.30  2.01e-15  1.35e-15   626    30     0
1681.98  7.28e-16  1.32e-15   626    11     0
1683.66  3.65e-17  1.30e-15   625     0     0
1685.33  2.92e-17  1.29e-15   625     0     0
1687.01  1.59e-15  1.30e-15   624    24     0
1688.68  3.74e-15  1.32e-15   624    57     0
1690.36  1.39e-15  1.28e-15   623    21     0
1692.04  2.11e-15  1.29e-15   623    32     0
1693.71  2.14e-15  1.28e-15   622    33     0
1695.39  4.81e-15  1.30e-15   622    76     0
1697.07  3.10e-15  1.26e-15   621    49     0
1698.74  8.73e-16  1.22e-15   621    13     0
1700.42  2.40e-15  1.24e-15   620    38     0
1702.10  1.72e-15  1.22e-15   620    27     0
1703.77  1.87e-15  1.21e-15   619    30     0
1705.45  9.99e-16  1.19e-15   619    16     0
1707.12  8.07e-16  1.18e-15   618    13     0
1708.80  1.86e-15  1.18e-15   618    30     0
1710.48  1.83e-15  1.19e-15   617    30     0
1712.15  1.75e-15  1.17e-15   617    29     0
1713.83  2.41e-15  1.17e-15   616    40     0
1715.51  3.71e-15  1.17e-15   616    63     0
1717.18  5.54e-15  1.19e-15   616    94     0
1718.86  3.50e-15  1.14e-15   615    60     0
1720.54  3.59e-15  1.14e-15   615    61     0
1722.21  2.60e-15  1.12e-15   614    45     0
1723.89  2.12e-15  1.10e-15   614    36     0
1725.56  3.46e-15  1.12e-15   613    60     0
1727.24  5.34e-15  1.14e-15   613    93     0
1728.92  5.15e-15  1.15e-15   612    91     0
1730.59  4.24e-15  1.17e-15   612    76     0
1732.27  3.23e-15  1.07e-15   612    58     0
1733.95  4.22e-15  1.07e-15   611    76     0
1735.62  5.47e-15  1.24e-15   611   101     0
1737.30  3.50e-15  1.33e-15   610    65     0
1738.97  4.73e-15  1.23e-15   610    88     0
1740.65  2.75e-15  1.20e-15   610    51     0
1742.33  4.52e-15  1.10e-15   609    84     0
1744.00  9.83e-15  2.98e-15   609   185     0
1745.68  5.76e-15  2.11e-15   609   109     0
1747.36  4.00e-15  1.01e-15   608    76     0
1749.03  3.46e-15  9.88e-16   608    66     0
1750.71  4.47e-15  1.34e-15   608    85     0
1752.39  2.83e-15  9.76e-16   607    54     0
1754.06  1.94e-15  9.54e-16   607    37     0
1755.74  2.48e-15  9.49e-16   607    48     0
1757.41  1.48e-15  9.26e-16   606    29     0
1759.09  1.86e-15  9.23e-16   606    36     0
1760.77  1.98e-15  9.13e-16   606    39     0
1762.44  1.47e-15  9.01e-16   605    29     0
1764.12  7.39e-16  8.85e-16   605    14     0
1765.80 -1.21e-17  8.76e-16   605     0     0
1767.47  3.58e-16  8.72e-16   605     7     0
1769.15  1.25e-15  8.80e-16   604    25     0
1770.83  6.83e-16  8.64e-16   604    13     0
1772.50  1.14e-15  8.65e-16   604    23     0
1774.18  1.20e-16  8.44e-16   604     2     0
1775.85  7.09e-16  8.48e-16   603    14     0
1777.53  7.41e-17  8.27e-16   603     1     0
1779.21  3.29e-15  8.68e-16   603    69     0
1780.88  3.47e-15  8.67e-16   603    73     0
1782.56  3.36e-15  9.01e-16   603    71     0
1784.24  2.90e-15  9.35e-16   602    61     0
1785.91  1.60e-15  9.89e-16   602    34     0
1787.59  7.44e-16  9.13e-16   602    15     0
1789.26  1.48e-15  1.45e-15   602    31     0
1790.94 -4.43e-16  8.54e-16   602    -9     0
1792.62  8.41e-16  7.95e-16   602    18     0
1794.29  1.18e-15  7.96e-16   602    25     0
1795.97  8.80e-16  7.93e-16   602    19     0
1797.65  2.31e-15  8.09e-16   601    50     0
1799.32  1.85e-15  8.00e-16   601    40     0
1801.00  2.45e-15  8.12e-16   601    53     0
1802.68  5.96e-15  8.75e-16   601   129     0
1804.35  1.31e-14  3.73e-15   601   285     0
1806.03  9.37e-15  2.62e-15   601   207     0
1807.70  5.37e-15  8.28e-16   601   119     0
1809.38  4.75e-15  8.18e-16   601   105     0
1811.06  6.46e-15  8.44e-16   601   143     0
1812.73  9.66e-15  1.48e-15   601   214     0
1814.41  1.09e-14  2.13e-15   601   242     0
1816.09  8.97e-15  1.73e-15   601   199     0
1817.76  6.11e-15  8.71e-16   601   136     0
1819.44  2.80e-15  7.75e-16   601    62     0
1821.12  1.57e-15  7.54e-16   601    35     0
1822.79  9.82e-16  7.43e-16   601    22     0
1824.47  2.69e-16  7.30e-16   602     6     0
1826.14  1.04e-15  7.37e-16   602    23     0
1827.82  4.19e-16  7.26e-16   602     9     0
1829.50  1.07e-15  7.33e-16   602    24     0
1831.17  1.50e-15  7.40e-16   602    33     0
1832.85  7.84e-16  7.27e-16   602    17     0
1834.53  5.13e-16  7.22e-16   602    11     0
1836.20 -4.36e-16  7.14e-16   603    -9     0
1837.88  1.52e-15  7.33e-16   603    34     0
1839.55  1.99e-15  7.38e-16   603    44     0
1841.23  2.47e-15  7.48e-16   603    55     0
1842.91  2.68e-15  7.49e-16   603    60     0
1844.58  2.98e-15  7.53e-16   604    67     0
1846.26  2.99e-15  7.53e-16   604    67     0
1847.94  2.90e-15  7.50e-16   604    64     0
1849.61  2.77e-15  7.46e-16   605    61     0
1851.29  2.69e-15  7.37e-16   605    60     0
1852.97  2.28e-15  7.30e-16   605    51     0
1854.64  2.65e-15  7.34e-16   605    59     0
1856.32  2.85e-15  7.41e-16   606    63     0
1857.99  3.60e-15  7.52e-16   606    80     0
1859.67  2.74e-15  7.41e-16   607    61     0
1861.35  2.33e-15  7.31e-16   607    52     0
1863.02  3.34e-15  7.45e-16   607    74     0
1864.70  3.95e-15  7.52e-16   608    88     0
1866.38  4.48e-15  7.63e-16   608    99     0
1868.05  4.49e-15  7.60e-16   609    99     0
1869.73  4.93e-15  7.66e-16   609   109     0
1871.41  3.93e-15  7.51e-16   609    87     0
1873.08  3.54e-15  7.46e-16   610    78     0
1874.76  2.65e-15  7.35e-16   610    58     0
1876.43  2.84e-15  7.43e-16   611    62     0
1878.11  2.99e-15  7.43e-16   611    65     0
1879.79  2.43e-15  7.37e-16   612    52     0
1881.46  2.04e-15  7.25e-16   613    44     0
1883.14  2.05e-15  7.25e-16   613    44     0
1884.82  2.06e-15  7.25e-16   614    44     0
1886.49  2.83e-15  7.36e-16   614    61     0
1888.17  3.11e-15  7.40e-16   615    67     0
1889.85  3.34e-15  7.45e-16   615    72     0
1891.52  3.36e-15  7.49e-16   616    72     0
1893.20  3.64e-15  7.51e-16   617    78     0
1894.87  4.16e-15  7.59e-16   617    89     0
1896.55  4.20e-15  7.56e-16   618    90     0
1898.23  4.16e-15  7.55e-16   619    89     0
1899.90  3.31e-15  7.43e-16   619    71     0
1901.58  2.93e-15  7.37e-16   620    63     0
1903.26  2.74e-15  7.35e-16   621    58     0
1904.93  3.17e-15  7.41e-16   621    68     0
1906.61  3.29e-15  7.43e-16   622    70     0
1908.28  3.20e-15  7.42e-16   623    68     0
1909.96  2.57e-15  7.31e-16   624    54     0
1911.64  2.85e-15  7.50e-16   624    60     0
1913.31  3.45e-15  7.95e-16   625    73     0
1914.99  2.26e-15  7.77e-16   626    48     0
1916.67  1.94e-15  8.09e-16   627    41     0
1918.34  1.51e-15  8.49e-16   627    32     0
1920.02  6.06e-16  8.09e-16   628    12     0
1921.70  1.73e-15  8.21e-16   629    36     0
1923.37  2.96e-15  8.02e-16   630    63     0
1925.05  4.17e-15  7.63e-16   631    88     0
1926.72  4.40e-15  7.48e-16   632    93     0
1928.40  3.30e-15  7.33e-16   632    70     0
1930.08  3.98e-15  7.41e-16   633    84     0
1931.75  4.19e-15  7.42e-16   634    88     0
1933.43  3.17e-15  7.25e-16   635    67     0
1935.11  2.13e-15  7.03e-16   636    45     0
1936.78  1.70e-15  8.64e-16   637    36     0
1938.46  1.63e-15  6.89e-16   638    35     0
1940.14  6.05e-16  6.76e-16   639    13     0
1941.81  5.42e-16  6.73e-16   640    11     0
1943.49 -4.74e-16  6.62e-16   641   -10     0
1945.16 -6.43e-16  6.58e-16   642   -14     0
1946.84 -6.27e-17  6.55e-16   643    -1     0
1948.52  7.18e-17  6.52e-16   644     1     0
1950.19  6.92e-16  6.53e-16   644    15     0
1951.87  1.03e-15  6.54e-16   645    22     0
1953.55  1.29e-15  6.55e-16   646    28     0
1955.22  8.39e-16  6.49e-16   647    18     0
1956.90  3.49e-16  6.38e-16   648     7     0
1958.57  7.43e-16  6.42e-16   649    16     0
1960.25  1.12e-15  6.48e-16   650    25     0
1961.93  4.64e-16  6.36e-16   651    10     0
1963.60  3.67e-16  6.33e-16   652     8     0
1965.28  6.00e-16  6.41e-16   653    13     0
1966.96  1.23e-15  6.49e-16   654    27     0
1968.63  1.29e-15  6.50e-16   655    28     0
1970.31  1.29e-15  6.49e-16   657    28     0
1971.99  6.18e-16  6.42e-16   658    13     0
1973.66  9.44e-16  6.49e-16   659    20     0
1975.34  1.38e-15  6.57e-16   660    30     0
1977.01  2.46e-15  6.74e-16   661    53     0
1978.69  3.69e-15  6.92e-16   662    79     0
