NOT ORIGINAL IUE PROJECT DATA PRODUCT
SWP19689LOWLARGE
HD  197481
20:42:05
-31:31:18
48
NO-TRAIL
NO
599.524
09/04/83
23:16:45
99
8.50
16/08/95
GSFC
2445434.46997
0
63
1150.58  1.09e-13  3.81e-13   783     6     0
1152.26  3.35e-15  3.56e-13   783     0     0
1153.93  1.14e-14  3.34e-13   783     0     0
1155.61  1.43e-13  3.18e-13   784    10     0
1157.29 -1.13e-14  2.90e-13   784     0     0
1158.96 -3.82e-13  2.67e-13   784   -33     0
1160.64 -2.18e-13  2.45e-13   784   -20     0
1162.31 -3.84e-14  2.29e-13   784    -3     0
1163.99 -4.33e-14  2.13e-13   785    -4     0
1165.67 -6.58e-14  2.03e-13   785    -7     0
1167.34  7.22e-14  1.92e-13   785     8     0
1169.02  1.04e-13  1.81e-13   785    13     0
1170.70  7.46e-14  1.69e-13   785    10     0
1172.37  6.06e-14  1.57e-13   785     9     0
1174.05  2.06e-13  1.55e-13   786    33     0
1175.73  1.10e-13  1.40e-13   786    18     0
1177.40 -2.01e-14  1.27e-13   786    -3     0
1179.08 -8.08e-14  1.20e-13   786   -15     0
1180.75  6.80e-15  1.14e-13   786     1     0
1182.43 -1.15e-13  1.07e-13   786   -24     0
1184.11 -2.74e-14  1.02e-13   787    -6     0
1185.78 -9.65e-14  9.65e-14   787   -23     0
1187.46 -4.60e-14  9.19e-14   787   -11     0
1189.14 -1.03e-14  9.61e-14   787    -2     0
1190.81  1.20e-14  1.44e-13   787     3     0
1192.49  2.74e-14  7.10e-13   788     7 -4096
1194.17 -1.99e-13  2.83e-13   788   -58 -4224
1195.84 -2.11e-13  2.73e-13   788   -63 -4224
1197.52 -3.20e-14  1.25e-13   788   -10 -4096
1199.19  2.76e-13  1.37e-13   788    88     0
1200.87  4.01e-14  7.11e-14   789    13     0
1202.55  9.64e-14  7.20e-14   789    32     0
1204.22  8.63e-14  6.96e-14   789    30     0
1205.90 -1.04e-13  6.33e-14   789   -37     0
1207.58  1.68e-13  1.10e-13   789    62     0
1209.25  1.95e-13  1.40e-13   789    74     0
1210.93  4.60e-13  1.81e-13   790   179     0
1212.60  6.63e-13  2.39e-13   790   265     0
1214.28  1.06e-12  3.20e-13   790   436     0
1215.96  1.09e-12  2.80e-13   790   460     0
1217.63  9.34e-13  2.40e-13   790   402     0
1219.31  6.16e-13  1.81e-13   791   271     0
1220.99  2.07e-13  6.25e-14   791    93     0
1222.66  3.54e-15  4.92e-14   791     1     0
1224.34 -6.94e-14  4.82e-14   791   -32     0
1226.02  6.41e-15  4.78e-14   791     3     0
1227.69  9.64e-14  5.14e-14   791    46     0
1229.37  7.27e-14  4.93e-14   792    35     0
1231.04  6.34e-14  4.77e-14   792    31     0
1232.72  9.83e-14  4.95e-14   792    49     0
1234.40 -1.94e-14  4.39e-14   792    -9     0
1236.07 -4.71e-14  4.34e-14   792   -24     0
1237.75 -1.84e-14  4.28e-14   792    -9     0
1239.43 -1.62e-14  4.23e-14   793    -8     0
1241.10  1.85e-14  4.23e-14   793     9     0
1242.78 -8.31e-14  4.11e-14   793   -45     0
1244.46  1.31e-14  4.12e-14   793     7     0
1246.13  4.15e-14  4.24e-14   793    22     0
1247.81  2.68e-14  4.12e-14   793    14     0
1249.48  6.22e-14  4.23e-14   794    35     0
1251.16 -6.72e-14  3.95e-14   794   -37     0
1252.84 -1.84e-14  3.91e-14   794   -10     0
1254.51 -1.52e-15  3.88e-14   794     0     0
1256.19  7.28e-14  4.19e-14   794    42     0
1257.87  1.23e-14  3.86e-14   794     7     0
1259.54  4.15e-14  3.99e-14   794    24     0
1261.22 -2.21e-14  3.77e-14   795   -12     0
1262.89 -3.98e-14  3.74e-14   795   -23     0
1264.57 -8.74e-15  3.71e-14   795    -5     0
1266.25 -1.19e-14  3.70e-14   795    -7     0
1267.92 -1.17e-14  3.68e-14   795    -7     0
1269.60  2.08e-14  3.77e-14   795    12     0
1271.28  4.12e-14  3.84e-14   795    24     0
1272.95 -3.53e-15  3.61e-14   796    -2     0
1274.63  5.39e-14  3.82e-14   796    32     0
1276.31  2.13e-14  3.62e-14   796    13     0
1277.98  1.76e-14  3.60e-14   796    10     0
1279.66  5.43e-14  3.79e-14   796    33     0
1281.33 -2.12e-15  3.52e-14   796    -1     0
1283.01 -1.68e-14  3.51e-14   796   -10     0
1284.69 -2.35e-14  3.50e-14   797   -14     0
1286.36 -3.87e-14  3.50e-14   797   -23     0
1288.04 -4.42e-14  3.49e-14   797   -27     0
1289.72 -1.32e-14  3.48e-14   797    -8     0
1291.39  1.94e-14  3.55e-14   797    12     0
1293.07 -3.38e-14  3.46e-14   797   -21     0
1294.75 -2.16e-14  3.46e-14   797   -13     0
1296.42 -9.40e-15  3.47e-14   797    -5     0
1298.10 -1.33e-14  3.46e-14   797    -8     0
1299.77  8.84e-15  3.49e-14   798     5     0
1301.45  3.27e-14  3.58e-14   798    20     0
1303.13 -6.36e-15  3.42e-14   798    -3     0
1304.80  7.48e-15  3.44e-14   798     4     0
1306.48  3.62e-14  3.57e-14   798    22     0
1308.16 -2.27e-14  3.40e-14   798   -14     0
1309.83 -3.77e-14  3.40e-14   798   -23     0
1311.51 -2.87e-16  3.43e-14   798     0     0
1313.19 -1.62e-14  3.44e-14   798   -10     0
1314.86  1.21e-14  3.50e-14   798     7     0
1316.54  8.44e-14  3.86e-14   799    51     0
1318.21 -2.44e-14  3.44e-14   799   -14     0
1319.89 -1.66e-14  3.44e-14   799   -10     0
1321.57 -1.21e-14  3.42e-14   799    -7     0
1323.24  5.57e-14  3.69e-14   799    34     0
1324.92  1.32e-14  3.48e-14   799     8     0
1326.60  7.30e-15  3.45e-14   799     4     0
1328.27 -8.27e-15  3.42e-14   799    -5     0
1329.95 -2.75e-14  3.43e-14   799   -16     0
1331.62  4.03e-15  3.46e-14   799     2     0
1333.30 -1.35e-14  3.83e-14   799    -8     0
1334.98 -3.69e-15  3.48e-14   799    -2     0
1336.65 -1.30e-14  3.51e-14   799    -7     0
1338.33  3.37e-14  3.68e-14   800    19     0
1340.01  1.80e-14  3.61e-14   800    10     0
1341.68 -5.66e-14  3.50e-14   800   -33     0
1343.36 -4.21e-14  3.51e-14   800   -24     0
1345.04 -2.30e-14  3.53e-14   800   -13     0
1346.71  6.36e-15  3.55e-14   800     3     0
1348.39 -1.69e-14  3.55e-14   800    -9     0
1350.06 -7.66e-15  3.57e-14   800    -4     0
1351.74  1.97e-14  3.67e-14   800    11     0
1353.42  5.96e-14  3.87e-14   800    33     0
1355.09  4.86e-14  3.83e-14   800    27     0
1356.77  4.13e-14  3.83e-14   800    23     0
1358.45 -1.45e-14  3.64e-14   800    -8     0
1360.12 -3.65e-14  3.62e-14   800   -20     0
1361.80 -7.12e-14  3.64e-14   800   -39     0
1363.48 -2.32e-14  3.65e-14   800   -12     0
1365.15  1.60e-14  3.73e-14   800     8     0
1366.83  1.51e-14  3.75e-14   800     8     0
1368.50 -3.02e-14  3.70e-14   800   -16     0
1370.18  8.22e-14  4.09e-14   800    44     0
1371.86  9.43e-14  4.19e-14   801    50     0
1373.53 -1.05e-14  3.76e-14   801    -5     0
1375.21  2.21e-14  3.86e-14   801    11     0
1376.89  4.95e-14  4.07e-14   801    26     0
1378.56  3.46e-14  3.96e-14   801    18     0
1380.24  2.40e-14  3.91e-14   801    12     0
1381.91  1.07e-14  3.87e-14   801     5     0
1383.59 -1.50e-14  3.86e-14   801    -7     0
1385.27  2.85e-14  4.03e-14   801    14     0
1386.94 -1.76e-14  4.05e-14   801    -8     0
1388.62  4.05e-14  4.13e-14   801    20     0
1390.30  4.84e-14  4.14e-14   801    24     0
1391.97 -6.87e-15  4.00e-14   801    -3     0
1393.65 -5.75e-14  3.99e-14   801   -28     0
1395.33 -5.79e-14  4.00e-14   801   -28     0
1397.00 -7.32e-14  4.02e-14   801   -35     0
1398.68 -1.94e-14  4.04e-14   801    -9     0
1400.35 -1.42e-14  4.07e-14   801    -6     0
1402.03  2.57e-15  4.10e-14   801     1     0
1403.71 -3.39e-14  4.12e-14   801   -16     0
1405.38 -8.04e-16  4.12e-14   801     0     0
1407.06  6.80e-14  4.48e-14   801    31     0
1408.74 -2.94e-14  4.17e-14   801   -13     0
1410.41 -4.98e-14  4.20e-14   801   -22     0
1412.09 -3.82e-14  4.23e-14   801   -17     0
1413.77  3.98e-14  4.41e-14   801    18     0
1415.44 -3.59e-14  4.30e-14   801   -16     0
1417.12 -1.09e-14  4.57e-14   801    -4     0
1418.79  6.14e-14  4.61e-14   801    27     0
1420.47  1.32e-14  4.36e-14   801     5     0
1422.15  5.67e-14  4.59e-14   801    25     0
1423.82  9.49e-15  4.39e-14   801     4     0
1425.50  1.21e-14  4.47e-14   801     5     0
1427.18  7.30e-15  4.48e-14   801     3     0
1428.85 -1.52e-15  4.46e-14   801     0     0
1430.53  2.74e-14  4.61e-14   801    11     0
1432.20 -2.67e-14  4.50e-14   801   -11     0
1433.88  1.26e-14  4.56e-14   801     5     0
1435.56 -4.80e-14  4.54e-14   801   -20     0
1437.23 -2.69e-16  4.54e-14   801     0     0
1438.91 -6.71e-14  4.55e-14   801   -27     0
1440.59  3.07e-15  4.60e-14   801     1     0
1442.26 -5.00e-14  4.61e-14   801   -20     0
1443.94 -2.08e-14  4.63e-14   801    -8     0
1445.62 -5.48e-14  4.64e-14   801   -22     0
1447.29 -5.19e-14  4.65e-14   801   -20     0
1448.97 -4.04e-14  4.66e-14   801   -16     0
1450.64  5.18e-14  4.93e-14   801    20     0
1452.32 -4.48e-14  4.70e-14   801   -17     0
1454.00  3.31e-14  4.85e-14   801    12     0
1455.67 -6.58e-15  4.71e-14   801    -2     0
1457.35  8.57e-14  5.08e-14   801    33     0
1459.03  4.55e-15  4.74e-14   801     1     0
1460.70 -3.84e-14  4.76e-14   801   -14     0
1462.38  2.59e-14  4.89e-14   801     9     0
1464.06 -5.78e-14  4.78e-14   801   -22     0
1465.73 -7.34e-14  4.75e-14   801   -28     0
1467.41 -4.87e-14  4.75e-14   801   -18     0
1469.08 -6.73e-14  4.75e-14   801   -25     0
1470.76 -6.62e-14  4.73e-14   800   -25     0
1472.44  9.99e-16  4.74e-14   800     0     0
1474.11  1.97e-14  4.80e-14   800     7     0
1475.79  1.98e-14  4.82e-14   800     7     0
1477.47 -2.71e-15  4.74e-14   800    -1     0
1479.14  1.51e-14  4.79e-14   800     5     0
1480.82 -8.60e-14  4.75e-14   800   -32     0
1482.50  2.70e-14  4.87e-14   800    10     0
1484.17 -1.01e-14  4.76e-14   800    -3     0
1485.85 -5.47e-14  4.78e-14   800   -20     0
1487.52 -1.67e-14  4.78e-14   800    -6     0
1489.20  1.64e-14  4.86e-14   800     6     0
1490.88 -1.22e-14  4.77e-14   800    -4     0
1492.55 -2.78e-14  4.77e-14   800   -10     0
1494.23 -1.14e-14  4.78e-14   800    -4     0
1495.91 -3.20e-14  4.82e-14   800   -11     0
1497.58 -1.70e-14  4.82e-14   800    -6     0
1499.26 -7.87e-14  4.83e-14   800   -28     0
1500.93  1.46e-14  4.91e-14   800     5     0
1502.61  7.10e-14  5.17e-14   800    25     0
1504.29  1.02e-13  5.31e-14   800    36     0
1505.96 -5.71e-14  4.90e-14   800   -20     0
1507.64 -6.48e-14  4.91e-14   800   -22     0
1509.32  5.42e-15  4.94e-14   800     1     0
1510.99  3.88e-14  5.11e-14   800    13     0
1512.67  7.62e-14  5.23e-14   800    26     0
1514.35  1.95e-14  5.01e-14   800     6     0
1516.02  2.21e-14  5.01e-14   800     7     0
1517.70 -9.24e-15  4.95e-14   800    -3     0
1519.37  4.19e-15  4.98e-14   800     1     0
1521.05  4.71e-15  4.98e-14   800     1     0
1522.73  2.47e-14  5.07e-14   800     8     0
1524.40  2.98e-14  5.09e-14   800    10     0
1526.08 -4.27e-14  4.99e-14   800   -14     0
1527.76 -1.01e-13  4.99e-14   799   -34     0
1529.43 -5.34e-14  5.00e-14   799   -18     0
1531.11 -2.41e-14  5.02e-14   799    -8     0
1532.79 -4.43e-14  5.02e-14   799   -14     0
1534.46 -7.39e-14  5.01e-14   799   -24     0
1536.14  5.56e-14  5.23e-14   799    18     0
1537.81  1.31e-14  5.04e-14   799     4     0
1539.49 -7.60e-14  5.00e-14   799   -25     0
1541.17  3.17e-14  5.11e-14   799    10     0
1542.84 -6.18e-14  4.98e-14   799   -20     0
1544.52 -1.51e-15  4.97e-14   799     0     0
1546.20 -3.23e-14  4.96e-14   799   -10     0
1547.87  2.91e-14  5.05e-14   799     9     0
1549.55  1.04e-13  5.33e-14   799    34     0
1551.22  5.89e-18  4.90e-14   799     0     0
1552.90  3.92e-14  5.04e-14   799    13     0
1554.58 -9.83e-15  4.87e-14   799    -3     0
1556.25 -2.07e-14  4.86e-14   799    -6     0
1557.93  6.09e-14  5.07e-14   799    20     0
1559.61  5.30e-14  5.02e-14   799    17     0
1561.28  7.50e-14  5.11e-14   799    25     0
1562.96  6.63e-14  5.06e-14   799    22     0
1564.64  6.64e-14  5.04e-14   799    22     0
1566.31 -7.61e-14  4.82e-14   799   -25     0
1567.99 -9.20e-14  4.80e-14   799   -30     0
1569.66  8.49e-14  5.10e-14   799    28     0
1571.34 -8.95e-14  4.73e-14   799   -30     0
1573.02 -2.60e-14  4.72e-14   799    -8     0
1574.69 -4.46e-14  4.70e-14   799   -15     0
1576.37  4.38e-14  4.83e-14   799    14     0
1578.05 -1.44e-15  4.67e-14   799     0     0
1579.72 -3.59e-14  4.65e-14   798   -12     0
1581.40 -2.92e-14  4.64e-14   798    -9     0
1583.08  1.10e-13  5.00e-14   798    37     0
1584.75  5.80e-14  5.03e-14   798    19     0
1586.43 -4.44e-14  4.61e-14   798   -15     0
1588.10 -4.29e-14  4.59e-14   798   -14     0
1589.78  1.58e-14  4.62e-14   798     5     0
1591.46  3.76e-14  4.74e-14   798    12     0
1593.13  6.71e-14  4.84e-14   798    23     0
1594.81  3.96e-14  4.62e-14   798    13     0
1596.49  1.31e-13  4.96e-14   798    45     0
1598.16  5.24e-14  4.68e-14   798    18     0
1599.84  1.36e-13  4.93e-14   798    47     0
1601.52  9.76e-14  4.79e-14   798    33     0
1603.19 -3.99e-14  4.45e-14   798   -13     0
1604.87 -3.57e-14  4.43e-14   798   -12     0
1606.54  2.18e-14  4.47e-14   798     7     0
1608.22  2.26e-14  4.46e-14   798     7     0
1609.90  2.46e-14  4.44e-14   798     8     0
1611.57  5.23e-14  4.50e-14   798    18     0
1613.25 -2.51e-14  4.33e-14   798    -8     0
1614.93  3.31e-15  4.31e-14   798     1     0
1616.60  4.29e-15  4.28e-14   798     1     0
1618.28 -4.43e-14  4.27e-14   798   -15     0
1619.95 -6.06e-14  4.24e-14   798   -21     0
1621.63  1.68e-14  4.28e-14   798     5     0
1623.31  7.64e-14  4.43e-14   798    27     0
1624.98  3.78e-14  4.34e-14   798    13     0
1626.66  8.35e-14  4.44e-14   798    29     0
1628.34  9.42e-15  4.19e-14   798     3     0
1630.01 -5.71e-14  4.10e-14   798   -20     0
1631.69  2.65e-14  4.20e-14   798     9     0
1633.37  2.88e-14  4.18e-14   798    10     0
1635.04  6.54e-14  4.26e-14   798    23     0
1636.72  7.89e-15  4.07e-14   798     2     0
1638.39  4.02e-14  4.15e-14   797    14     0
1640.07  2.76e-14  4.07e-14   797    10     0
1641.75  3.28e-14  4.07e-14   797    12     0
1643.42  8.26e-14  4.20e-14   797    30     0
1645.10  2.33e-14  4.01e-14   797     8     0
1646.78 -2.71e-14  3.92e-14   797   -10     0
1648.45  3.03e-14  3.98e-14   797    11     0
1650.13 -5.70e-14  3.86e-14   797   -21     0
1651.81 -1.13e-14  3.83e-14   797    -4     0
1653.48 -2.18e-14  3.81e-14   797    -8     0
1655.16  2.35e-14  3.87e-14   797     8     0
1656.83  6.67e-14  4.04e-14   797    25     0
1658.51  8.06e-14  3.98e-14   797    30     0
1660.19 -4.19e-14  3.75e-14   797   -15     0
1661.86 -2.33e-14  3.72e-14   797    -8     0
1663.54 -1.97e-14  3.70e-14   797    -7     0
1665.22 -9.36e-15  3.64e-14   797    -3     0
1666.89 -1.05e-14  3.62e-14   797    -4     0
1668.57  4.78e-14  4.42e-14   797    18     0
1670.24  2.58e-15  3.60e-14   797     1     0
1671.92  2.96e-14  3.65e-14   797    11     0
1673.60  4.56e-14  3.67e-14   797    18     0
1675.27 -5.60e-14  3.52e-14   797   -22     0
1676.95 -4.22e-14  3.50e-14   797   -16     0
1678.63 -2.68e-14  3.48e-14   797   -10     0
1680.30 -1.81e-14  3.44e-14   797    -7     0
1681.98 -2.89e-14  3.42e-14   797   -11     0
1683.66 -2.76e-14  3.42e-14   797   -11     0
1685.33 -6.97e-15  3.43e-14   797    -2     0
1687.01 -1.02e-14  3.33e-14   797    -4     0
1688.68  1.59e-14  3.35e-14   797     6     0
1690.36  3.39e-14  3.38e-14   797    14     0
1692.04  3.17e-14  3.35e-14   797    13     0
1693.71  3.34e-14  3.33e-14   796    14     0
1695.39 -7.20e-14  3.22e-14   796   -30     0
1697.07 -1.07e-14  3.19e-14   796    -4     0
1698.74  5.71e-15  3.18e-14   796     2     0
1700.42  4.84e-15  3.14e-14   796     2     0
1702.10 -3.03e-14  3.11e-14   796   -13     0
1703.77 -2.64e-14  3.09e-14   796   -11     0
1705.45  4.75e-14  3.17e-14   796    20     0
1707.12  8.04e-14  3.22e-14   796    35     0
1708.80  5.64e-14  3.14e-14   796    25     0
1710.48 -4.01e-14  2.98e-14   796   -17     0
1712.15 -2.81e-14  2.96e-14   796   -12     0
1713.83 -5.09e-16  2.93e-14   796     0     0
1715.51  3.71e-15  2.92e-14   796     1     0
1717.18 -1.96e-14  2.89e-14   796    -8     0
1718.86  1.54e-14  2.90e-14   796     7     0
1720.54 -1.60e-14  2.85e-14   796    -7     0
1722.21 -5.14e-14  2.83e-14   796   -23     0
1723.89 -7.17e-15  2.81e-14   796    -3     0
1725.56 -1.32e-14  2.75e-14   796    -6     0
1727.24 -3.07e-14  2.73e-14   796   -14     0
1728.92 -3.20e-14  2.71e-14   796   -15     0
1730.59 -2.35e-14  2.69e-14   795   -11     0
1732.27 -2.50e-14  2.67e-14   795   -12     0
1733.95  2.81e-14  2.71e-14   795    13     0
1735.62  2.70e-14  2.69e-14   795    13     0
1737.30  3.86e-14  2.69e-14   795    19     0
1738.97  4.46e-14  2.68e-14   795    22     0
1740.65  1.35e-14  2.61e-14   795     6     0
1742.33  2.79e-15  2.56e-14   795     1     0
1744.00  5.00e-15  2.55e-14   795     2     0
1745.68 -1.85e-14  2.51e-14   795    -9     0
1747.36  6.04e-15  2.50e-14   795     3     0
1749.03 -2.51e-14  2.47e-14   795   -12     0
1750.71 -3.46e-14  2.46e-14   795   -17     0
1752.39 -2.12e-14  2.44e-14   795   -10     0
1754.06 -2.98e-15  2.42e-14   795    -1     0
1755.74  1.59e-14  2.42e-14   795     8     0
1757.41  1.22e-14  2.40e-14   795     6     0
1759.09 -2.03e-14  2.35e-14   794   -10     0
1760.77  9.22e-15  2.35e-14   794     4     0
1762.44  9.65e-15  2.34e-14   794     5     0
1764.12 -1.75e-15  2.30e-14   794     0     0
1765.80  5.85e-15  2.31e-14   794     3     0
1767.47  2.28e-15  2.28e-14   794     1     0
1769.15  2.10e-14  2.31e-14   794    11     0
1770.83  4.44e-14  2.34e-14   794    24     0
1772.50  1.07e-14  2.26e-14   794     5     0
1774.18  1.03e-14  2.24e-14   794     5     0
1775.85 -4.19e-16  2.20e-14   794     0     0
1777.53 -3.71e-15  2.19e-14   794    -2     0
1779.21  1.02e-14  2.20e-14   793     5     0
1780.88 -1.68e-14  2.16e-14   793    -9     0
1782.56 -2.90e-14  2.15e-14   793   -16     0
1784.24 -4.37e-14  2.13e-14   793   -24     0
1785.91 -7.54e-15  2.13e-14   793    -4     0
1787.59  1.65e-15  2.13e-14   793     0     0
1789.26 -3.12e-15  2.12e-14   793    -1     0
1790.94 -2.95e-16  2.80e-14   793     0     0
1792.62  5.62e-14  7.65e-14   793    32 -4096
1794.29  5.52e-14  3.66e-14   793    31 -4096
1795.97  4.52e-14  2.36e-14   792    26     0
1797.65  6.97e-15  2.06e-14   792     4     0
1799.32  5.13e-15  2.05e-14   792     2     0
1801.00  1.72e-14  2.08e-14   792     9     0
1802.68 -2.09e-14  2.02e-14   792   -12     0
1804.35 -5.67e-15  2.01e-14   792    -3     0
1806.03  4.07e-14  2.06e-14   792    23     0
1807.70 -1.34e-14  1.98e-14   792    -7     0
1809.38 -1.25e-14  1.97e-14   792    -7     0
1811.06  1.41e-14  1.99e-14   791     8     0
1812.73  1.17e-16  1.96e-14   791     0     0
1814.41  7.61e-15  1.97e-14   791     4     0
1816.09 -1.22e-14  1.94e-14   791    -7     0
1817.76 -1.67e-14  1.93e-14   791    -9     0
1819.44 -2.98e-14  1.93e-14   791   -17     0
1821.12 -2.40e-14  1.91e-14   791   -14     0
1822.79 -2.65e-14  1.91e-14   790   -15     0
1824.47 -3.52e-14  1.90e-14   790   -21     0
1826.14  9.40e-15  1.90e-14   790     5     0
1827.82  6.06e-15  1.89e-14   790     3     0
1829.50 -3.04e-15  1.88e-14   790    -1     0
1831.17 -2.81e-14  1.89e-14   790   -16     0
1832.85 -1.97e-14  1.89e-14   790   -11     0
1834.53  2.74e-15  1.89e-14   789     1     0
1836.20 -3.88e-16  1.87e-14   789     0     0
1837.88 -5.97e-15  1.87e-14   789    -3     0
1839.55  6.25e-15  1.87e-14   789     3     0
1841.23  1.91e-14  1.89e-14   789    11     0
1842.91  1.16e-14  1.87e-14   789     6     0
1844.58 -2.26e-14  1.85e-14   788   -13     0
1846.26 -2.29e-14  1.86e-14   788   -13     0
1847.94 -2.94e-14  1.86e-14   788   -17     0
1849.61  5.90e-15  1.86e-14   788     3     0
1851.29  1.90e-14  1.87e-14   788    11     0
1852.97 -1.81e-14  1.83e-14   788   -10     0
1854.64 -3.11e-14  1.83e-14   787   -18     0
1856.32 -2.21e-14  1.83e-14   787   -13     0
1857.99 -5.49e-15  1.83e-14   787    -3     0
1859.67 -3.87e-15  1.83e-14   787    -2     0
1861.35  2.04e-15  1.84e-14   787     1     0
1863.02  3.00e-15  1.84e-14   786     1     0
1864.70  7.42e-15  1.84e-14   786     4     0
1866.38  1.51e-14  1.84e-14   786     8     0
1868.05  2.29e-14  1.85e-14   786    13     0
1869.73  2.13e-14  1.84e-14   786    12     0
1871.41  2.48e-14  1.85e-14   785    14     0
1873.08  2.71e-14  1.85e-14   785    16     0
1874.76  2.31e-14  1.85e-14   785    13     0
1876.43  2.39e-14  1.85e-14   785    14     0
1878.11  2.56e-14  1.85e-14   784    15     0
1879.79  1.93e-14  1.84e-14   784    11     0
1881.46  2.80e-15  1.82e-14   784     1     0
1883.14  2.65e-14  1.85e-14   784    15     0
1884.82  2.87e-14  1.86e-14   784    16     0
1886.49  3.18e-14  1.86e-14   783    18     0
1888.17  2.47e-14  1.85e-14   783    14     0
1889.85  3.34e-14  1.86e-14   783    19     0
1891.52  1.36e-14  1.84e-14   783     7     0
1893.20  1.08e-14  1.83e-14   782     6     0
1894.87  1.73e-15  1.82e-14   782     0     0
1896.55  2.04e-14  1.84e-14   782    11     0
1898.23  1.96e-14  1.84e-14   782    11     0
1899.90  1.78e-14  1.84e-14   781    10     0
1901.58  1.34e-14  1.83e-14   781     7     0
1903.26  1.53e-14  1.83e-14   781     8     0
1904.93  2.43e-14  1.84e-14   780    13     0
1906.61  1.40e-14  1.84e-14   780     7     0
1908.28  4.90e-15  1.82e-14   780     2     0
1909.96 -1.03e-14  1.82e-14   780    -5     0
1911.64 -1.68e-14  1.81e-14   779    -9     0
1913.31 -2.34e-14  1.80e-14   779   -13     0
1914.99 -1.09e-14  1.80e-14   779    -6     0
1916.67 -1.22e-14  1.79e-14   779    -6     0
1918.34 -7.83e-15  1.79e-14   778    -4     0
1920.02 -8.31e-15  1.79e-14   778    -4     0
1921.70  3.72e-15  1.80e-14   778     2     0
1923.37  4.50e-15  1.80e-14   777     2     0
1925.05  1.80e-14  1.82e-14   777    10     0
1926.72  7.76e-15  1.79e-14   777     4     0
1928.40 -3.48e-15  1.78e-14   776    -1     0
1930.08 -1.89e-14  1.77e-14   776   -10     0
1931.75 -1.66e-14  1.77e-14   776    -9     0
1933.43 -2.03e-14  1.76e-14   775   -11     0
1935.11 -2.75e-14  1.75e-14   775   -15     0
1936.78 -2.44e-14  1.74e-14   775   -13     0
1938.46 -1.28e-14  1.73e-14   774    -7     0
1940.14 -5.64e-15  1.73e-14   774    -3     0
1941.81 -1.54e-14  1.72e-14   774    -8     0
1943.49 -2.40e-14  1.71e-14   773   -13     0
1945.16 -1.89e-14  1.71e-14   773   -10     0
1946.84 -6.64e-15  1.70e-14   773    -3     0
1948.52 -1.45e-15  1.69e-14   772     0     0
1950.19  2.19e-14  1.70e-14   772    12     0
1951.87  2.07e-14  1.69e-14   772    12     0
1953.55  2.20e-14  1.69e-14   771    12     0
1955.22  1.43e-14  1.68e-14   771     8     0
1956.90  4.44e-15  1.65e-14   771     2     0
1958.57  1.79e-15  1.64e-14   770     1     0
1960.25 -1.90e-14  1.64e-14   770   -11     0
1961.93 -2.26e-14  1.63e-14   770   -13     0
1963.60 -1.73e-14  1.63e-14   769   -10     0
1965.28 -1.98e-15  1.63e-14   769    -1     0
1966.96  1.80e-14  1.65e-14   768    10     0
1968.63  2.93e-14  1.66e-14   768    17     0
1970.31  3.86e-14  1.68e-14   768    22     0
1971.99  3.07e-14  1.68e-14   767    17     0
1973.66  1.67e-14  1.66e-14   767     9     0
1975.34  1.93e-14  1.68e-14   767    11     0
1977.01  2.07e-14  1.68e-14   766    11     0
1978.69  2.58e-14  1.70e-14   766    14     0
