NOT ORIGINAL IUE PROJECT DATA PRODUCT
SWP21339LOWLARGE
HD  197481
20:42:05
-31:31:18
48
NO-TRAIL
X-OFFSETS
3598.765
24/10/83
01:13:20
297
10.18
16/01/97
GSFC
2445631.55093
0
25
1150.58  1.28e-13  9.56e-14   313    46     0
1152.26 -2.00e-14  8.81e-14   313    -7     0
1153.93 -9.00e-14  8.25e-14   313   -36     0
1155.61 -1.63e-14  7.67e-14   313    -7     0
1157.29 -6.10e-14  7.12e-14   313   -28     0
1158.96 -2.37e-14  6.56e-14   313   -12     0
1160.64  3.79e-14  6.06e-14   312    21     0
1162.31  3.33e-14  5.64e-14   312    19     0
1163.99  3.79e-15  5.20e-14   312     2     0
1165.67  3.78e-14  4.95e-14   312    25     0
1167.34  4.38e-15  4.57e-14   312     3     0
1169.02 -2.85e-14  4.25e-14   312   -22     0
1170.70  9.14e-15  3.98e-14   311     7     0
1172.37  4.26e-14  3.76e-14   311    37     0
1174.05  2.87e-14  3.50e-14   311    26     0
1175.73  3.56e-14  3.28e-14   311    35     0
1177.40  2.01e-14  3.05e-14   310    21     0
1179.08 -1.57e-14  2.84e-14   310   -17     0
1180.75 -6.91e-15  2.69e-14   310    -8     0
1182.43 -1.01e-14  2.53e-14   310   -12     0
1184.11  1.39e-14  2.41e-14   309    18     0
1185.78  1.39e-15  2.27e-14   309     1     0
1187.46  2.88e-14  2.19e-14   309    42     0
1189.14  4.91e-15  2.15e-14   309     7     0
1190.81  1.87e-14  2.10e-14   308    29     0
1192.49  2.66e-14  2.13e-14   308    44     0
1194.17 -1.09e-14  2.06e-14   308   -18     0
1195.84 -1.21e-14  1.93e-14   307   -21     0
1197.52  3.73e-15  1.81e-14   307     6     0
1199.19 -9.10e-17  1.67e-14   307     0     0
1200.87  1.90e-14  1.61e-14   306    36     0
1202.55  7.83e-15  1.54e-14   306    15     0
1204.22  2.56e-14  1.52e-14   306    52     0
1205.90  3.55e-14  1.49e-14   306    75     0
1207.58  5.35e-14  1.47e-14   305   117     0
1209.25  1.49e-13  3.07e-14   305   334     0
1210.93  2.88e-13  5.76e-14   305   662     0
1212.60  4.60e-13  7.78e-14   304  1086     0
1214.28  5.90e-13  9.23e-14   304  1428     0
1215.96  7.27e-13  1.27e-13   304  1804     0
1217.63  7.42e-13  1.38e-13   303  1885     0
1219.31  5.50e-13  1.06e-13   303  1430     0
1220.99  3.29e-13  6.21e-14   303   872     0
1222.66  1.43e-13  3.51e-14   302   387     0
1224.34  4.50e-14  1.15e-14   302   124     0
1226.02  2.63e-14  1.08e-14   302    73     0
1227.69  1.31e-14  1.04e-14   301    37     0
1229.37  2.57e-15  1.00e-14   301     7     0
1231.04  7.03e-15  9.96e-15   301    20     0
1232.72 -6.20e-15  9.68e-15   301   -18     0
1234.40  9.17e-15  9.65e-15   300    27     0
1236.07 -7.63e-16  9.37e-15   300    -2     0
1237.75 -7.83e-15  9.22e-15   300   -24     0
1239.43  9.65e-15  9.24e-15   299    30     0
1241.10  1.61e-14  9.15e-15   299    51     0
1242.78  1.96e-14  9.11e-15   299    62     0
1244.46  2.53e-15  8.71e-15   298     8     0
1246.13  2.55e-15  8.59e-15   298     8     0
1247.81 -5.80e-15  8.48e-15   298   -19     0
1249.48  1.01e-15  8.39e-15   297     3     0
1251.16  5.12e-15  8.40e-15   297    17     0
1252.84  1.02e-14  8.41e-15   297    34     0
1254.51  9.23e-15  8.31e-15   297    31     0
1256.19  4.91e-15  8.13e-15   296    16     0
1257.87 -7.34e-15  7.98e-15   296   -25     0
1259.54  2.09e-15  7.91e-15   296     7     0
1261.22  2.47e-15  7.88e-15   295     8     0
1262.89  1.23e-14  7.98e-15   295    43     0
1264.57  1.51e-14  7.94e-15   295    53     0
1266.25  1.80e-14  7.96e-15   294    63     0
1267.92  1.43e-14  7.83e-15   294    50     0
1269.60  1.09e-14  7.67e-15   294    38     0
1271.28  3.34e-15  7.48e-15   294    11     0
1272.95 -9.54e-17  7.41e-15   293     0     0
1274.63  9.30e-15  7.47e-15   293    33     0
1276.31  1.69e-14  7.56e-15   293    61     0
1277.98  1.85e-14  7.52e-15   292    67     0
1279.66  1.88e-14  7.49e-15   292    68     0
1281.33  1.92e-14  7.46e-15   292    70     0
1283.01  1.55e-14  7.36e-15   292    56     0
1284.69  2.20e-15  7.10e-15   291     8     0
1286.36  2.41e-14  7.76e-15   291    88     0
1288.04  2.15e-14  7.36e-15   291    79     0
1289.72  2.20e-14  7.34e-15   291    81     0
1291.39  1.22e-14  7.14e-15   290    45     0
1293.07  1.65e-15  6.93e-15   290     6     0
1294.75 -2.24e-15  6.91e-15   290    -8     0
1296.42 -6.27e-15  6.90e-15   290   -23     0
1298.10 -1.61e-14  6.88e-15   289   -59     0
1299.77 -6.26e-15  6.86e-15   289   -23     0
1301.45 -5.88e-15  6.80e-15   289   -21     0
1303.13  7.27e-16  6.78e-15   289     2     0
1304.80  6.45e-16  6.76e-15   289     2     0
1306.48  1.18e-14  6.99e-15   288    43     0
1308.16  1.09e-14  6.86e-15   288    40     0
1309.83  6.83e-15  6.77e-15   288    25     0
1311.51 -1.81e-15  6.73e-15   288    -6     0
1313.19 -3.42e-15  6.72e-15   287   -12     0
1314.86 -1.49e-15  6.71e-15   287    -5     0
1316.54 -1.93e-15  6.69e-15   287    -7     0
1318.21 -5.04e-15  6.69e-15   287   -18     0
1319.89 -4.01e-15  6.68e-15   287   -14     0
1321.57 -8.13e-15  6.78e-15   286   -29     0
1323.24 -9.70e-15  6.93e-15   286   -35     0
1324.92  2.28e-15  7.31e-15   286     8     0
1326.60  4.20e-16  7.47e-15   286     1     0
1328.27  1.04e-15  6.91e-15   286     3     0
1329.95 -4.84e-16  6.65e-15   285    -1     0
1331.62 -6.14e-15  6.64e-15   285   -21     0
1333.30 -8.28e-16  6.64e-15   285    -2     0
1334.98  1.45e-14  6.87e-15   285    51     0
1336.65  1.88e-14  7.02e-15   285    66     0
1338.33  1.99e-14  7.11e-15   285    69     0
1340.01  7.55e-15  6.75e-15   284    26     0
1341.68 -6.87e-15  6.66e-15   284   -24     0
1343.36 -1.45e-14  6.66e-15   284   -50     0
1345.04  2.15e-16  6.67e-15   284     0     0
1346.71  6.01e-15  6.78e-15   284    20     0
1348.39 -2.47e-15  6.69e-15   284    -8     0
1350.06 -1.81e-14  9.39e-15   283   -61     0
1351.74 -1.06e-14  6.72e-15   283   -36     0
1353.42  1.04e-15  6.74e-15   283     3     0
1355.09 -5.81e-15  6.76e-15   283   -19     0
1356.77 -7.93e-15  6.77e-15   283   -26     0
1358.45 -4.16e-15  6.78e-15   283   -13     0
1360.12  2.84e-15  6.79e-15   283     9     0
1361.80  1.40e-15  6.78e-15   282     4     0
1363.48 -5.20e-15  6.79e-15   282   -17     0
1365.15 -3.83e-15  6.82e-15   282   -12     0
1366.83  1.69e-15  6.84e-15   282     5     0
1368.50  1.49e-14  7.10e-15   282    48     0
1370.18  4.35e-15  6.91e-15   282    13     0
1371.86 -1.63e-15  6.90e-15   282    -5     0
1373.53 -5.74e-15  6.92e-15   282   -18     0
1375.21  6.90e-15  7.04e-15   282    21     0
1376.89 -2.28e-15  6.95e-15   281    -7     0
1378.56 -9.93e-15  6.97e-15   281   -30     0
1380.24 -5.02e-15  7.00e-15   281   -15     0
1381.91 -4.74e-16  7.02e-15   281    -1     0
1383.59 -1.06e-14  7.05e-15   281   -32     0
1385.27 -1.07e-14  7.08e-15   281   -32     0
1386.94 -3.49e-15  7.11e-15   281   -10     0
1388.62  8.83e-15  7.26e-15   281    26     0
1390.30 -6.74e-15  7.15e-15   281   -20     0
1391.97 -8.01e-15  7.17e-15   280   -23     0
1393.65  7.76e-15  7.30e-15   280    22     0
1395.33  5.71e-16  7.23e-15   280     1     0
1397.00  2.00e-14  7.59e-15   280    58     0
1398.68  1.39e-14  7.52e-15   280    39     0
1400.35  1.32e-14  7.52e-15   280    37     0
1402.03 -1.12e-15  7.36e-15   280    -3     0
1403.71  3.55e-15  7.43e-15   280     9     0
1405.38 -6.50e-16  7.40e-15   280    -1     0
1407.06  6.07e-15  7.52e-15   280    16     0
1408.74  3.37e-15  7.49e-15   280     9     0
1410.41 -4.83e-15  7.51e-15   279   -13     0
1412.09 -5.55e-16  7.54e-15   279    -1     0
1413.77 -3.27e-15  7.57e-15   279    -8     0
1415.44 -1.17e-14  7.64e-15   279   -31     0
1417.12 -5.79e-15  7.68e-15   279   -15     0
1418.79  2.90e-15  7.73e-15   279     7     0
1420.47  1.44e-15  7.67e-15   279     3     0
1422.15 -2.78e-15  7.70e-15   279    -7     0
1423.82  1.02e-15  7.73e-15   279     2     0
1425.50 -1.13e-14  7.81e-15   279   -29     0
1427.18 -1.05e-14  7.84e-15   279   -26     0
1428.85 -1.23e-14  7.86e-15   279   -31     0
1430.53 -7.94e-15  7.89e-15   278   -19     0
1432.20 -1.00e-14  7.92e-15   278   -25     0
1433.88  2.74e-15  7.95e-15   278     6     0
1435.56  3.72e-14  2.56e-14   278    91     0
1437.23  1.71e-14  2.13e-14   278    42     0
1438.91 -7.25e-15  7.99e-15   278   -17     0
1440.59 -2.79e-15  8.03e-15   278    -6     0
1442.26  9.22e-15  8.18e-15   278    22     0
1443.94 -1.72e-15  8.07e-15   278    -4     0
1445.62  2.88e-15  8.09e-15   278     6     0
1447.29 -6.16e-15  8.09e-15   278   -14     0
1448.97 -7.53e-15  8.10e-15   278   -17     0
1450.64  2.97e-15  8.17e-15   278     6     0
1452.32  7.15e-15  8.26e-15   278    16     0
1454.00 -6.06e-15  8.15e-15   277   -14     0
1455.67  8.02e-16  8.15e-15   277     1     0
1457.35 -3.60e-15  8.15e-15   277    -8     0
1459.03 -6.96e-15  8.16e-15   277   -16     0
1460.70 -4.89e-15  8.20e-15   277   -11     0
1462.38  5.08e-15  8.26e-15   277    11     0
1464.06 -1.59e-15  8.20e-15   277    -3     0
1465.73 -5.93e-15  8.16e-15   277   -13     0
1467.41  9.35e-15  8.26e-15   277    21     0
1469.08  2.31e-14  8.52e-15   277    52     0
1470.76  3.08e-14  8.70e-15   277    69     0
1472.44  2.44e-14  8.52e-15   277    55     0
1474.11  2.43e-14  8.51e-15   276    54     0
1475.79  9.58e-15  8.26e-15   276    21     0
1477.47  8.79e-15  8.20e-15   276    19     0
1479.14  5.62e-15  8.16e-15   276    12     0
1480.82  6.42e-15  8.19e-15   276    14     0
1482.50  1.72e-14  8.35e-15   276    38     0
1484.17  1.40e-14  8.29e-15   276    31     0
1485.85  9.00e-15  8.26e-15   276    19     0
1487.52  1.02e-14  8.27e-15   276    22     0
1489.20  3.53e-15  8.13e-15   276     7     0
1490.88 -1.08e-14  8.09e-15   276   -23     0
1492.55  8.40e-15  8.18e-15   276    18     0
1494.23  5.79e-15  8.27e-15   275    12     0
1495.91  2.29e-14  8.55e-15   275    49     0
1497.58  2.12e-14  8.51e-15   275    45     0
1499.26  1.62e-14  8.38e-15   275    35     0
1500.93  2.41e-14  8.58e-15   275    51     0
1502.61  1.10e-14  8.33e-15   275    23     0
1504.29  8.98e-15  8.32e-15   275    19     0
1505.96  2.75e-14  8.71e-15   275    58     0
1507.64  2.58e-14  8.73e-15   275    54     0
1509.32  1.75e-14  8.50e-15   275    36     0
1510.99  5.10e-15  8.26e-15   274    10     0
1512.67  1.32e-14  8.44e-15   274    27     0
1514.35  4.23e-15  8.29e-15   274     8     0
1516.02  1.54e-15  8.26e-15   274     3     0
1517.70  1.74e-14  8.58e-15   274    35     0
1519.37  1.13e-14  8.44e-15   274    23     0
1521.05  1.52e-14  8.55e-15   274    31     0
1522.73  4.89e-15  8.37e-15   274     9     0
1524.40 -6.00e-15  8.30e-15   274   -12     0
1526.08  6.31e-15  8.37e-15   273    12     0
1527.76  2.56e-15  8.30e-15   273     5     0
1529.43  3.87e-15  8.35e-15   273     7     0
1531.11  2.38e-14  8.75e-15   273    47     0
1532.79 -1.50e-15  8.30e-15   273    -2     0
1534.46 -1.05e-16  8.29e-15   273     0     0
1536.14  1.10e-14  8.40e-15   273    21     0
1537.81  8.83e-15  8.40e-15   273    17     0
1539.49 -7.07e-16  8.24e-15   272    -1     0
1541.17  4.12e-15  8.27e-15   272     8     0
1542.84  1.13e-15  8.19e-15   272     2     0
1544.52  1.69e-14  8.43e-15   272    33     0
1546.20  3.01e-14  8.66e-15   272    59     0
1547.87  3.73e-14  8.77e-15   272    74     0
1549.55  3.59e-14  1.01e-14   272    71     0
1551.22  4.25e-14  1.31e-14   271    85     0
1552.90  4.53e-14  1.15e-14   271    90     0
1554.58  2.31e-14  8.73e-15   271    46     0
1556.25  3.38e-15  8.30e-15   271     6     0
1557.93  1.20e-15  8.10e-15   271     2     0
1559.61 -9.84e-15  7.90e-15   271   -19     0
1561.28  1.87e-14  8.21e-15   271    37     0
1562.96  4.87e-15  7.93e-15   270     9     0
1564.64  3.92e-15  7.84e-15   270     7     0
1566.31  4.06e-15  7.84e-15   270     8     0
1567.99 -1.06e-14  7.80e-15   270   -21     0
1569.66 -1.45e-14  7.77e-15   270   -29     0
1571.34  1.53e-16  7.69e-15   270     0     0
1573.02 -1.28e-15  7.66e-15   269    -2     0
1574.69 -8.59e-15  7.63e-15   269   -17     0
1576.37 -6.59e-15  7.59e-15   269   -13     0
1578.05 -8.49e-15  7.56e-15   269   -17     0
1579.72 -5.25e-15  7.53e-15   269   -10     0
1581.40 -9.68e-15  7.51e-15   268   -19     0
1583.08 -6.35e-15  7.48e-15   268   -12     0
1584.75  2.14e-14  7.80e-15   268    43     0
1586.43 -9.56e-15  7.43e-15   268   -19     0
1588.10 -8.62e-15  7.40e-15   268   -17     0
1589.78 -1.75e-14  7.37e-15   268   -35     0
1591.46 -2.20e-14  7.31e-15   267   -45     0
1593.13 -6.68e-15  7.28e-15   267   -13     0
1594.81 -1.85e-15  7.25e-15   267    -3     0
1596.49  1.07e-14  7.42e-15   267    21     0
1598.16 -1.04e-14  7.21e-15   267   -21     0
1599.84 -1.03e-14  7.17e-15   266   -21     0
1601.52 -4.29e-15  7.15e-15   266    -8     0
1603.19 -9.63e-15  7.11e-15   266   -19     0
1604.87  1.25e-14  7.28e-15   266    25     0
1606.54  1.46e-14  7.27e-15   266    30     0
1608.22  2.14e-14  7.36e-15   265    44     0
1609.90  1.53e-14  7.24e-15   265    31     0
1611.57  1.41e-14  7.19e-15   265    29     0
1613.25 -1.24e-15  6.89e-15   265    -2     0
1614.93 -1.48e-15  6.86e-15   265    -3     0
1616.60 -8.25e-15  6.81e-15   264   -17     0
1618.28  3.13e-15  6.80e-15   264     6     0
1619.95 -7.28e-15  6.74e-15   264   -15     0
1621.63 -9.65e-15  6.72e-15   264   -20     0
1623.31 -1.40e-15  6.69e-15   264    -2     0
1624.98  1.10e-14  6.82e-15   263    23     0
1626.66  1.91e-15  6.61e-15   263     4     0
1628.34 -3.85e-15  6.57e-15   263    -8     0
1630.01  9.64e-15  6.64e-15   263    20     0
1631.69 -5.71e-15  6.46e-15   263   -12     0
1633.37  1.48e-14  6.67e-15   262    32     0
1635.04  8.56e-15  6.55e-15   262    18     0
1636.72  1.80e-14  8.17e-15   262    39     0
1638.39  1.37e-14  6.54e-15   262    29     0
1640.07  2.69e-14  9.37e-15   261    58     0
1641.75  4.98e-14  1.42e-14   261   108     0
1643.42  5.59e-14  1.56e-14   261   122     0
1645.10  3.63e-14  9.93e-15   261    79     0
1646.78  7.30e-15  6.25e-15   261    16     0
1648.45  1.59e-15  6.10e-15   260     3     0
1650.13 -4.83e-15  6.04e-15   260   -10     0
1651.81  1.31e-16  6.00e-15   260     0     0
1653.48  1.41e-14  6.18e-15   260    31     0
1655.16  9.06e-15  6.68e-15   259    20     0
1656.83  1.42e-14  6.13e-15   259    31     0
1658.51  1.19e-14  7.42e-15   259    26     0
1660.19  7.00e-15  7.52e-15   259    15     0
1661.86  1.79e-14  6.54e-15   259    40     0
1663.54  2.80e-14  1.13e-14   258    64     0
1665.22  5.72e-15  5.73e-15   258    13     0
1666.89 -2.19e-15  5.63e-15   258    -5     0
1668.57 -2.26e-15  5.58e-15   258    -5     0
1670.24  5.26e-15  5.63e-15   257    12     0
1671.92  5.38e-15  5.60e-15   257    12     0
1673.60  7.89e-15  5.59e-15   257    18     0
1675.27  1.13e-14  5.80e-15   257    26     0
1676.95  4.73e-15  5.45e-15   257    11     0
1678.63 -8.66e-15  5.36e-15   256   -20     0
1680.30 -7.65e-15  5.30e-15   256   -18     0
1681.98  5.25e-15  5.34e-15   256    12     0
1683.66  7.07e-15  5.33e-15   256    17     0
1685.33  8.80e-15  5.31e-15   255    21     0
1687.01 -3.29e-15  5.12e-15   255    -8     0
1688.68 -3.68e-16  5.71e-15   255     0     0
1690.36  8.41e-16  5.05e-15   255     2     0
1692.04 -1.80e-15  5.00e-15   255    -4     0
1693.71  6.76e-15  5.06e-15   254    16     0
1695.39  7.63e-15  5.02e-15   254    19     0
1697.07  5.47e-15  4.95e-15   254    13     0
1698.74  2.33e-15  4.85e-15   254     5     0
1700.42  4.28e-15  4.84e-15   254    10     0
1702.10  4.90e-15  4.83e-15   253    12     0
1703.77  6.94e-15  4.81e-15   253    18     0
1705.45 -3.18e-16  4.66e-15   253     0     0
1707.12  6.69e-15  1.19e-14   253    17     0
1708.80  3.58e-14  2.25e-14   253    94     0
1710.48  1.24e-14  5.24e-15   252    33     0
1712.15  5.85e-15  4.59e-15   252    15     0
1713.83  2.22e-15  4.45e-15   252     5     0
1715.51 -2.30e-15  4.41e-15   252    -6     0
1717.18  2.56e-15  4.39e-15   252     6     0
1718.86  4.98e-15  4.41e-15   251    13     0
1720.54  4.06e-15  4.34e-15   251    11     0
1722.21  1.50e-15  4.26e-15   251     4     0
1723.89 -1.85e-15  4.22e-15   251    -5     0
1725.56  1.36e-15  4.15e-15   251     3     0
1727.24  5.09e-15  4.20e-15   251    14     0
1728.92  5.23e-15  4.15e-15   250    14     0
1730.59  5.52e-15  4.12e-15   250    15     0
1732.27  7.42e-15  4.12e-15   250    21     0
1733.95  1.07e-14  4.14e-15   250    30     0
1735.62  1.20e-14  4.17e-15   250    35     0
1737.30  2.62e-15  3.93e-15   250     7     0
1738.97  4.60e-16  3.86e-15   250     1     0
1740.65  3.73e-15  3.89e-15   249    10     0
1742.33  1.05e-15  3.81e-15   249     3     0
1744.00  4.07e-15  3.84e-15   249    12     0
1745.68  9.62e-15  3.91e-15   249    28     0
1747.36  1.40e-14  6.18e-15   249    42     0
1749.03  1.32e-14  5.19e-15   249    40     0
1750.71  7.58e-15  3.87e-15   249    23     0
1752.39  8.77e-15  3.75e-15   249    26     0
1754.06  7.33e-15  3.71e-15   248    22     0
1755.74  3.08e-15  3.58e-15   248     9     0
1757.41  3.38e-15  3.55e-15   248    10     0
1759.09  3.96e-15  3.55e-15   248    12     0
1760.77  1.54e-15  3.48e-15   248     4     0
1762.44 -4.23e-15  3.42e-15   248   -13     0
1764.12 -2.65e-15  3.39e-15   248    -8     0
1765.80 -1.73e-17  3.38e-15   248     0     0
1767.47  6.38e-16  3.35e-15   248     2     0
1769.15  7.56e-15  3.44e-15   248    24     0
1770.83  1.18e-14  3.52e-15   248    38     0
1772.50  9.59e-15  3.45e-15   248    31     0
1774.18  6.03e-15  3.35e-15   247    19     0
1775.85  4.54e-15  3.30e-15   247    14     0
1777.53  3.89e-15  3.65e-15   247    12     0
1779.21  1.64e-17  3.21e-15   247     0     0
1780.88 -2.86e-15  3.15e-15   247    -9     0
1782.56 -6.87e-15  3.13e-15   247   -22     0
1784.24  1.83e-15  3.13e-15   247     6     0
1785.91  1.97e-15  3.27e-15   247     6     0
1787.59  2.36e-15  3.34e-15   247     7     0
1789.26 -3.18e-15  3.36e-15   247   -10     0
1790.94 -5.71e-16  3.63e-15   247    -1     0
1792.62 -3.17e-15  3.50e-15   247   -10     0
1794.29 -1.49e-16  3.29e-15   247     0     0
1795.97  3.82e-15  3.17e-15   247    13     0
1797.65  1.48e-15  2.97e-15   247     5     0
1799.32  4.30e-15  3.00e-15   247    14     0
1801.00  7.27e-16  2.92e-15   247     2     0
1802.68 -5.91e-15  2.90e-15   247   -20     0
1804.35 -2.04e-15  2.88e-15   247    -7     0
1806.03  4.88e-15  2.94e-15   247    17     0
1807.70  8.14e-15  2.98e-15   248    28     0
1809.38  1.34e-14  3.37e-15   248    46     0
1811.06  6.25e-15  2.92e-15   248    21     0
1812.73  6.46e-15  2.91e-15   248    22     0
1814.41  8.36e-15  2.93e-15   248    29     0
1816.09  7.53e-15  3.32e-15   248    26     0
1817.76  9.06e-15  3.89e-15   248    31     0
1819.44  1.10e-14  3.35e-15   248    39     0
1821.12  1.15e-14  2.93e-15   248    40     0
1822.79  9.58e-15  2.88e-15   248    34     0
1824.47  2.34e-15  2.73e-15   249     8     0
1826.14  9.94e-16  2.68e-15   249     3     0
1827.82  1.53e-15  2.69e-15   249     5     0
1829.50 -2.54e-16  2.66e-15   249     0     0
1831.17  3.52e-15  2.71e-15   249    12     0
1832.85  3.48e-15  2.70e-15   249    12     0
1834.53  2.20e-15  2.68e-15   249     7     0
1836.20 -3.86e-15  2.63e-15   250   -13     0
1837.88 -4.93e-15  2.62e-15   250   -17     0
1839.55 -2.76e-15  2.62e-15   250    -9     0
1841.23  8.27e-16  2.61e-15   250     2     0
1842.91 -1.43e-15  2.60e-15   250    -5     0
1844.58  1.20e-15  2.60e-15   251     4     0
1846.26  9.99e-15  2.77e-15   251    35     0
1847.94  7.21e-15  2.71e-15   251    25     0
1849.61  3.08e-15  2.62e-15   251    10     0
1851.29  7.47e-16  2.57e-15   252     2     0
1852.97  3.40e-15  2.61e-15   252    12     0
1854.64  6.42e-15  2.65e-15   252    22     0
1856.32  1.99e-15  2.56e-15   252     7     0
1857.99 -3.97e-15  2.54e-15   253   -14     0
1859.67 -4.67e-15  2.53e-15   253   -16     0
1861.35 -6.16e-16  2.53e-15   253    -2     0
1863.02  5.28e-15  2.62e-15   254    18     0
1864.70  1.99e-15  2.54e-15   254     6     0
1866.38  1.82e-16  2.51e-15   254     0     0
1868.05 -1.69e-16  2.50e-15   255     0     0
1869.73  1.34e-15  2.51e-15   255     4     0
1871.41  1.10e-15  2.50e-15   255     3     0
1873.08 -7.34e-16  2.49e-15   256    -2     0
1874.76 -3.80e-15  2.49e-15   256   -13     0
1876.43 -3.72e-15  2.48e-15   256   -12     0
1878.11 -3.84e-15  2.48e-15   257   -13     0
1879.79 -3.45e-15  2.48e-15   257   -11     0
1881.46  3.19e-16  2.48e-15   257     1     0
1883.14  2.67e-15  2.51e-15   258     9     0
1884.82  4.01e-15  2.54e-15   258    13     0
1886.49  5.43e-15  2.56e-15   259    18     0
1888.17  6.29e-15  2.58e-15   259    21     0
1889.85  3.47e-15  2.52e-15   260    11     0
1891.52  2.62e-15  2.50e-15   260     8     0
1893.20 -3.96e-16  2.46e-15   260    -1     0
1894.87 -1.17e-15  2.45e-15   261    -3     0
1896.55 -3.42e-15  2.45e-15   261   -11     0
1898.23 -1.70e-15  2.44e-15   262    -5     0
1899.90  4.12e-16  2.44e-15   262     1     0
1901.58  1.56e-15  2.45e-15   263     5     0
1903.26  3.20e-15  2.48e-15   263    10     0
1904.93  2.36e-15  2.46e-15   264     7     0
1906.61  9.68e-17  2.43e-15   264     0     0
1908.28  6.14e-15  2.54e-15   265    20     0
1909.96  5.55e-15  2.53e-15   265    18     0
1911.64  5.96e-15  2.52e-15   266    19     0
1913.31  6.52e-15  2.51e-15   266    21     0
1914.99  5.67e-15  2.49e-15   267    18     0
1916.67  7.77e-15  2.60e-15   268    26     0
1918.34  6.79e-15  3.08e-15   268    22     0
1920.02  5.85e-15  2.65e-15   269    19     0
1921.70  3.21e-15  2.82e-15   269    10     0
1923.37  1.14e-15  2.75e-15   270     3     0
1925.05 -2.82e-15  2.74e-15   271    -9     0
1926.72 -3.72e-15  2.58e-15   271   -12     0
1928.40 -3.29e-15  2.44e-15   272   -11     0
1930.08 -2.49e-16  2.32e-15   272     0     0
1931.75 -1.27e-15  2.31e-15   273    -4     0
1933.43  2.98e-15  2.36e-15   274     9     0
1935.11  9.77e-15  2.48e-15   274    32     0
1936.78  1.01e-14  2.47e-15   275    34     0
1938.46  5.67e-15  2.36e-15   276    19     0
1940.14 -3.99e-16  2.25e-15   276    -1     0
1941.81 -1.33e-16  2.23e-15   277     0     0
1943.49  1.00e-15  2.23e-15   277     3     0
1945.16  2.83e-15  2.26e-15   278     9     0
1946.84  4.93e-16  2.19e-15   279     1     0
1948.52 -1.53e-15  2.18e-15   280    -5     0
1950.19 -1.39e-15  2.16e-15   280    -4     0
1951.87 -5.35e-16  2.14e-15   281    -1     0
1953.55  1.67e-15  2.16e-15   282     5     0
1955.22  4.15e-15  2.20e-15   282    14     0
1956.90  3.06e-15  2.16e-15   283    10     0
1958.57  3.42e-15  2.15e-15   284    11     0
1960.25  6.93e-15  2.22e-15   284    24     0
1961.93  7.31e-15  2.22e-15   285    25     0
1963.60  4.07e-15  2.15e-15   286    14     0
1965.28  5.11e-15  2.18e-15   287    17     0
1966.96  4.80e-15  2.13e-15   287    16     0
1968.63  8.51e-15  2.22e-15   288    29     0
1970.31  1.06e-14  2.25e-15   289    37     0
1971.99  9.33e-15  2.26e-15   290    32     0
1973.66  4.30e-15  2.29e-15   290    14     0
1975.34  5.02e-15  2.15e-15   291    17     0
1977.01  6.17e-15  2.17e-15   292    21     0
1978.69  7.04e-15  2.20e-15   293    23     0
