NOT ORIGINAL IUE PROJECT DATA PRODUCT
SWP21520LOWLARGE
HD  197481
20:42:05
-31:31:18
48
NO-TRAIL
NO
1799.652
12/11/83
10:01:08
316
7.16
09/07/95
GSFC
2445650.91745
0
26
1150.58  1.59e-13  9.15e-14   198    29     0
1152.26  6.99e-14  8.76e-14   198    13     0
1153.93  8.06e-14  7.83e-14   198    16     0
1155.61  1.03e-13  7.39e-14   198    22     0
1157.29  6.68e-14  6.73e-14   198    15     0
1158.96  2.43e-14  6.06e-14   198     6     0
1160.64 -2.30e-14  6.44e-14   198    -6     0
1162.31 -2.46e-14  5.11e-14   197    -7     0
1163.99  4.00e-14  4.87e-14   197    12     0
1165.67  9.51e-15  4.48e-14   197     3     0
1167.34  2.22e-14  4.25e-14   197     8     0
1169.02 -4.39e-14  3.98e-14   197   -17     0
1170.70 -8.05e-14  3.67e-14   197   -33     0
1172.37 -7.75e-14  3.38e-14   196   -34     0
1174.05  1.51e-15  3.62e-14   196     0     0
1175.73  7.60e-15  2.97e-14   196     3     0
1177.40 -1.40e-14  2.76e-14   196    -7     0
1179.08 -2.89e-15  2.59e-14   195    -1     0
1180.75  1.32e-14  2.50e-14   195     7     0
1182.43 -1.27e-14  2.48e-14   195    -8     0
1184.11 -5.35e-14  2.20e-14   195   -36     0
1185.78 -6.42e-15  2.07e-14   195    -4     0
1187.46 -3.88e-14  2.08e-14   194   -28     0
1189.14 -2.59e-14  1.92e-14   194   -20     0
1190.81 -2.70e-14  3.03e-14   194   -21     0
1192.49  6.86e-14  3.28e-14   194    57     0
1194.17 -1.69e-13  1.44e-13   193  -146 -4096
1195.84  1.89e-14  1.46e-13   193    16 -4096
1197.52 -3.77e-14  5.22e-14   193   -35 -4096
1199.19  2.23e-14  5.15e-14   193    21 -4096
1200.87  4.53e-14  2.21e-14   192    44     0
1202.55  2.96e-14  1.76e-14   192    30     0
1204.22  5.77e-14  1.74e-14   192    60     0
1205.90  7.58e-14  1.95e-14   192    81     0
1207.58  7.27e-14  3.67e-14   191    80     0
1209.25  2.77e-13  7.89e-14   191   315     0
1210.93  3.89e-13  6.68e-14   191   453     0
1212.60  6.69e-13  8.67e-14   191   800     0
1214.28  1.20e-12  2.24e-13   190  1477     0
1215.96  2.14e-12  9.00e-14   190  2696  -288
1217.63  1.39e-12  1.11e-13   190  1791  -288
1219.31  7.30e-13  5.37e-14   190   960     0
1220.99  3.93e-13  7.24e-14   189   528     0
1222.66  2.07e-13  3.66e-14   189   283     0
1224.34  4.55e-14  2.32e-14   189    63     0
1226.02  1.12e-14  1.06e-14   189    15     0
1227.69  1.28e-14  9.99e-15   188    18     0
1229.37  6.24e-15  9.39e-15   188     9     0
1231.04 -1.65e-15  9.58e-15   188    -2     0
1232.72  8.89e-15  9.18e-15   188    13     0
1234.40 -6.70e-15  1.03e-14   187   -10     0
1236.07 -9.31e-15  8.55e-15   187   -14     0
1237.75  9.20e-15  8.78e-15   187    14     0
1239.43 -5.26e-15  8.33e-15   187    -8     0
1241.10  1.10e-14  1.25e-14   186    17     0
1242.78 -6.04e-15  9.14e-15   186    -9     0
1244.46 -1.29e-15  7.95e-15   186    -2     0
1246.13 -2.88e-16  7.83e-15   186     0     0
1247.81  5.46e-15  7.98e-15   186     9     0
1249.48 -4.93e-15  7.67e-15   185    -8     0
1251.16 -2.77e-15  7.61e-15   185    -4     0
1252.84  1.38e-15  7.54e-15   185     2     0
1254.51 -1.06e-14  7.50e-15   185   -18     0
1256.19  7.29e-15  7.64e-15   184    12     0
1257.87  1.25e-15  7.62e-15   184     2     0
1259.54  1.20e-14  7.75e-15   184    21     0
1261.22  8.76e-15  9.20e-15   184    15     0
1262.89  4.02e-15  1.14e-14   184     7     0
1264.57  2.09e-14  8.01e-15   183    37     0
1266.25 -6.79e-16  6.99e-15   183    -1     0
1267.92 -2.49e-16  6.97e-15   183     0     0
1269.60  1.84e-14  7.83e-15   183    33     0
1271.28  1.28e-14  7.30e-15   183    23     0
1272.95 -4.73e-15  7.13e-15   182    -8     0
1274.63  2.99e-16  6.71e-15   182     0     0
1276.31  3.85e-15  6.77e-15   182     7     0
1277.98  4.74e-15  6.83e-15   182     8     0
1279.66  1.22e-14  7.15e-15   182    22     0
1281.33  5.81e-15  6.72e-15   182    10     0
1283.01  7.47e-15  7.09e-15   181    13     0
1284.69 -1.19e-16  7.21e-15   181     0     0
1286.36 -9.64e-15  6.68e-15   181   -17     0
1288.04 -8.30e-15  6.42e-15   181   -15     0
1289.72 -4.43e-15  6.44e-15   181    -8     0
1291.39  3.87e-15  6.54e-15   181     7     0
1293.07 -2.65e-15  6.36e-15   180    -4     0
1294.75 -1.05e-14  6.31e-15   180   -19     0
1296.42  6.11e-15  6.57e-15   180    11     0
1298.10  1.89e-14  7.38e-15   180    35     0
1299.77 -2.43e-15  6.28e-15   180    -4     0
1301.45  1.31e-14  6.78e-15   180    24     0
1303.13  1.05e-14  6.96e-15   180    19     0
1304.80  3.37e-14  1.03e-14   179    63     0
1306.48  2.43e-14  7.38e-15   179    45     0
1308.16  4.23e-15  6.31e-15   179     7     0
1309.83 -4.13e-15  6.29e-15   179    -7     0
1311.51  1.23e-14  8.36e-15   179    22     0
1313.19 -1.07e-14  7.57e-15   179   -19     0
1314.86 -4.21e-15  8.28e-15   179    -7     0
1316.54  5.21e-15  6.36e-15   179     9     0
1318.21  6.79e-15  6.37e-15   179    12     0
1319.89  2.03e-15  6.18e-15   178     3     0
1321.57 -1.79e-15  8.76e-15   178    -3     0
1323.24 -8.83e-16  7.54e-15   178    -1     0
1324.92  1.14e-14  6.59e-15   178    20     0
1326.60  1.49e-14  7.44e-15   178    27     0
1328.27 -3.53e-15  6.05e-15   178    -6     0
1329.95  1.28e-14  8.20e-15   178    23     0
1331.62  1.49e-14  6.83e-15   178    26     0
1333.30  9.99e-15  1.11e-14   178    18     0
1334.98  5.45e-14  1.11e-14   178    98     0
1336.65  5.42e-14  9.01e-15   178    96     0
1338.33  2.25e-14  7.27e-15   178    40     0
1340.01  3.65e-15  6.47e-15   178     6     0
1341.68  1.17e-14  6.73e-15   177    20     0
1343.36 -6.57e-15  7.13e-15   177   -11     0
1345.04  1.24e-14  6.76e-15   177    21     0
1346.71 -1.26e-15  6.45e-15   177    -2     0
1348.39 -3.63e-15  6.20e-15   177    -6     0
1350.06 -7.71e-15  7.38e-15   177   -13     0
1351.74  4.38e-15  1.05e-14   177     7     0
1353.42 -3.11e-16  6.18e-15   177     0     0
1355.09  3.99e-15  6.95e-15   177     6     0
1356.77 -1.02e-14  6.72e-15   177   -17     0
1358.45 -4.84e-16  9.47e-15   177     0     0
1360.12  4.30e-16  6.37e-15   177     0     0
1361.80 -1.12e-15  6.24e-15   177    -1     0
1363.48 -1.17e-15  6.26e-15   177    -1     0
1365.15 -8.35e-15  6.26e-15   177   -13     0
1366.83  1.32e-14  6.83e-15   177    21     0
1368.50  3.92e-15  6.42e-15   177     6     0
1370.18 -7.40e-15  6.33e-15   177   -12     0
1371.86  7.11e-15  6.70e-15   177    11     0
1373.53 -6.71e-15  6.52e-15   177   -10     0
1375.21 -4.15e-15  6.38e-15   177    -6     0
1376.89 -1.44e-14  6.40e-15   177   -22     0
1378.56 -5.14e-15  6.42e-15   177    -8     0
1380.24 -1.56e-14  6.87e-15   177   -24     0
1381.91  1.47e-14  7.34e-15   177    22     0
1383.59 -4.01e-15  7.15e-15   177    -6     0
1385.27  2.02e-15  6.98e-15   177     3     0
1386.94 -8.55e-15  6.79e-15   177   -13     0
1388.62 -1.21e-14  6.58e-15   177   -18     0
1390.30  1.38e-14  7.20e-15   177    20     0
1391.97  2.31e-15  7.52e-15   177     3     0
1393.65  8.10e-15  7.01e-15   177    12     0
1395.33  8.60e-15  7.08e-15   177    12     0
1397.00  1.45e-14  8.24e-15   177    21     0
1398.68  1.98e-14  1.02e-14   177    28     0
1400.35  2.34e-14  7.85e-15   177    33     0
1402.03 -9.92e-16  7.11e-15   177    -1     0
1403.71  3.45e-15  6.96e-15   177     4     0
1405.38  1.57e-14  8.03e-15   177    22     0
1407.06  1.63e-14  7.65e-15   177    22     0
1408.74  6.84e-15  7.32e-15   177     9     0
1410.41 -6.22e-15  6.97e-15   177    -8     0
1412.09  5.98e-15  8.04e-15   177     8     0
1413.77  1.00e-14  7.50e-15   177    13     0
1415.44  2.32e-15  7.16e-15   177     3     0
1417.12  7.36e-16  9.18e-15   177     0     0
1418.79  3.65e-15  7.30e-15   177     4     0
1420.47 -1.39e-15  7.09e-15   177    -1     0
1422.15  2.77e-15  7.26e-15   177     3     0
1423.82 -1.12e-14  7.20e-15   177   -14     0
1425.50 -5.77e-15  7.63e-15   177    -7     0
1427.18  1.43e-14  7.99e-15   177    18     0
1428.85  5.02e-15  8.77e-15   177     6     0
1430.53  2.30e-14  9.50e-15   177    29     0
1432.20  1.18e-14  7.74e-15   177    14     0
1433.88  1.53e-14  8.09e-15   177    19     0
1435.56 -1.40e-14  7.35e-15   177   -17     0
1437.23 -2.42e-15  7.38e-15   177    -3     0
1438.91  4.44e-15  1.21e-14   177     5     0
1440.59 -5.99e-15  7.45e-15   177    -7     0
1442.26  9.36e-15  9.92e-15   177    11     0
1443.94  4.31e-15  7.77e-15   177     5     0
1445.62  6.03e-16  7.61e-15   177     0     0
1447.29  1.90e-15  8.40e-15   177     2     0
1448.97 -1.80e-14  7.53e-15   177   -21     0
1450.64 -5.64e-15  8.29e-15   177    -6     0
1452.32  1.63e-14  8.42e-15   177    19     0
1454.00  2.04e-14  8.79e-15   177    24     0
1455.67  1.83e-15  7.58e-15   177     2     0
1457.35  2.27e-14  9.58e-15   177    26     0
1459.03  1.89e-14  8.51e-15   177    22     0
1460.70  8.22e-15  7.96e-15   177     9     0
1462.38 -4.55e-16  1.18e-14   177     0     0
1464.06  2.32e-15  8.47e-15   177     2     0
1465.73  1.16e-14  8.37e-15   177    13     0
1467.41  3.11e-15  7.77e-15   177     3     0
1469.08  1.73e-14  9.35e-15   177    19     0
1470.76  7.94e-15  8.00e-15   177     9     0
1472.44  1.41e-14  1.06e-14   177    16     0
1474.11 -6.40e-15  7.56e-15   177    -7     0
1475.79  3.69e-15  9.75e-15   177     4     0
1477.47  8.75e-15  8.86e-15   177     9     0
1479.14  1.66e-14  8.31e-15   177    18     0
1480.82 -3.45e-15  7.69e-15   177    -3     0
1482.50 -1.30e-15  1.14e-14   177    -1     0
1484.17  1.43e-14  8.30e-15   177    16     0
1485.85 -1.51e-15  7.59e-15   177    -1     0
1487.52  9.00e-15  8.40e-15   177    10     0
1489.20 -1.16e-14  7.72e-15   177   -12     0
1490.88  9.00e-15  8.52e-15   177    10     0
1492.55 -1.00e-15  7.56e-15   177    -1     0
1494.23  2.61e-14  8.74e-15   177    29     0
1495.91  3.63e-15  1.04e-14   177     4     0
1497.58  1.40e-14  1.20e-14   177    15     0
1499.26  5.02e-15  7.84e-15   177     5     0
1500.93  4.38e-15  7.85e-15   177     4     0
1502.61  1.12e-14  1.00e-14   177    12     0
1504.29  1.32e-14  8.22e-15   177    14     0
1505.96 -4.98e-15  7.68e-15   177    -5     0
1507.64 -1.18e-14  7.70e-15   177   -12     0
1509.32 -3.26e-15  8.34e-15   177    -3     0
1510.99  4.07e-15  7.84e-15   177     4     0
1512.67  1.29e-14  1.00e-14   177    13     0
1514.35  1.53e-14  8.46e-15   177    16     0
1516.02  4.81e-15  7.98e-15   177     5     0
1517.70 -6.86e-15  7.85e-15   177    -7     0
1519.37 -1.27e-15  8.07e-15   177    -1     0
1521.05  1.27e-14  8.36e-15   177    13     0
1522.73  7.53e-15  8.61e-15   177     7     0
1524.40  1.65e-14  8.64e-15   177    16     0
1526.08  6.94e-15  8.15e-15   177     7     0
1527.76  1.29e-14  8.44e-15   176    13     0
1529.43 -8.09e-17  9.72e-15   176     0     0
1531.11 -3.87e-15  1.30e-14   176    -3     0
1532.79  1.69e-14  9.99e-15   176    17     0
1534.46 -1.17e-14  7.78e-15   176   -11     0
1536.14 -6.30e-15  8.00e-15   176    -6     0
1537.81  2.83e-15  8.24e-15   176     2     0
1539.49 -1.14e-14  8.25e-15   176   -11     0
1541.17 -1.62e-15  8.01e-15   176    -1     0
1542.84  7.08e-15  1.27e-14   176     7     0
1544.52 -1.97e-15  1.33e-14   176    -1     0
1546.20  3.05e-14  9.13e-15   176    30     0
1547.87  7.91e-14  1.14e-14   176    79     0
1549.55  6.03e-14  1.49e-14   176    60     0
1551.22  5.82e-14  1.17e-14   176    58     0
1552.90  3.81e-14  9.44e-15   176    38     0
1554.58 -6.42e-15  7.51e-15   175    -6     0
1556.25  5.96e-15  1.33e-14   175     6     0
1557.93  1.59e-14  1.27e-14   175    16     0
1559.61  1.18e-14  9.28e-15   175    11     0
1561.28  1.28e-14  1.01e-14   175    13     0
1562.96  2.80e-14  1.12e-14   175    28     0
1564.64 -5.09e-15  9.13e-15   175    -5     0
1566.31 -2.93e-15  7.37e-15   175    -2     0
1567.99 -1.81e-14  1.06e-14   175   -18     0
1569.66  2.09e-14  8.40e-15   175    21     0
1571.34  7.43e-15  7.64e-15   175     7     0
1573.02 -9.28e-15  7.22e-15   174    -9     0
1574.69  1.00e-15  7.33e-15   174     1     0
1576.37  1.93e-14  8.23e-15   174    19     0
1578.05 -9.61e-15  7.12e-15   174    -9     0
1579.72 -2.02e-14  7.10e-15   174   -20     0
1581.40 -2.90e-16  1.16e-14   174     0     0
1583.08  3.82e-14  8.76e-15   174    39     0
1584.75  8.27e-15  7.48e-15   174     8     0
1586.43  2.06e-14  1.01e-14   174    21     0
1588.10  1.63e-14  7.65e-15   174    16     0
1589.78  1.62e-14  7.71e-15   173    16     0
1591.46  1.31e-14  7.48e-15   173    13     0
1593.13  1.52e-14  1.09e-14   173    15     0
1594.81  1.11e-14  7.76e-15   173    11     0
1596.49 -1.96e-15  8.87e-15   173    -2     0
1598.16  1.44e-14  7.46e-15   173    15     0
1599.84 -2.14e-15  8.65e-15   173    -2     0
1601.52 -2.87e-15  8.12e-15   173    -2     0
1603.19 -1.20e-14  6.72e-15   172   -12     0
1604.87 -1.61e-14  6.69e-15   172   -16     0
1606.54 -1.91e-15  6.64e-15   172    -2     0
1608.22 -9.58e-15  7.42e-15   172   -10     0
1609.90  2.56e-15  6.67e-15   172     2     0
1611.57  1.27e-14  7.37e-15   172    13     0
1613.25 -6.22e-15  6.51e-15   172    -6     0
1614.93 -7.34e-15  6.48e-15   172    -7     0
1616.60 -3.93e-15  6.44e-15   171    -4     0
1618.28 -1.72e-14  6.49e-15   171   -18     0
1619.95  6.32e-15  6.61e-15   171     6     0
1621.63  3.08e-14  8.70e-15   171    32     0
1623.31  6.67e-15  6.62e-15   171     7     0
1624.98  1.54e-14  7.08e-15   171    16     0
1626.66  1.04e-14  6.82e-15   171    11     0
1628.34  4.93e-15  6.81e-15   170     5     0
1630.01  2.92e-15  6.29e-15   170     3     0
1631.69  9.45e-15  6.89e-15   170    10     0
1633.37  1.09e-15  7.32e-15   170     1     0
1635.04  1.43e-14  6.80e-15   170    15     0
1636.72  2.39e-14  1.08e-14   170    26     0
1638.39  6.06e-14  9.15e-15   170    66     0
1640.07  9.93e-14  1.03e-14   169   109     0
1641.75  9.44e-14  1.05e-14   169   104     0
1643.42  2.99e-14  7.27e-15   169    33     0
1645.10  1.64e-14  7.37e-15   169    18     0
1646.78  5.34e-16  6.84e-15   169     0     0
1648.45  7.78e-15  6.13e-15   169     8     0
1650.13  4.39e-15  5.95e-15   169     4     0
1651.81  2.17e-15  5.80e-15   168     2     0
1653.48 -2.71e-15  5.66e-15   168    -3     0
1655.16  7.62e-15  5.99e-15   168     8     0
1656.83  1.50e-14  6.30e-15   168    17     0
1658.51  1.22e-14  7.15e-15   168    14     0
1660.19  6.98e-15  5.89e-15   168     8     0
1661.86 -6.31e-15  5.49e-15   168    -7     0
1663.54  6.59e-16  5.77e-15   167     0     0
1665.22  9.27e-15  8.45e-15   167    10     0
1666.89  1.07e-14  5.90e-15   167    12     0
1668.57  3.68e-15  5.44e-15   167     4     0
1670.24  1.97e-15  7.81e-15   167     2     0
1671.92  1.23e-14  5.86e-15   167    14     0
1673.60  8.12e-15  5.64e-15   167     9     0
1675.27 -2.17e-15  5.17e-15   166    -2     0
1676.95  4.11e-15  5.33e-15   166     4     0
1678.63  6.53e-16  5.40e-15   166     0     0
1680.30 -3.86e-16  5.04e-15   166     0     0
1681.98 -1.36e-15  5.00e-15   166    -1     0
1683.66  6.11e-15  5.28e-15   166     7     0
1685.33 -1.94e-15  4.92e-15   166    -2     0
1687.01 -3.16e-15  4.88e-15   165    -3     0
1688.68 -4.21e-15  5.38e-15   165    -5     0
1690.36  1.98e-16  4.80e-15   165     0     0
1692.04  6.02e-15  5.05e-15   165     7     0
1693.71 -2.99e-16  4.72e-15   165     0     0
1695.39  5.05e-15  5.39e-15   165     6     0
1697.07  3.19e-15  4.79e-15   165     4     0
1698.74 -3.30e-16  6.76e-15   165     0     0
1700.42  9.52e-16  4.60e-15   164     1     0
1702.10  1.05e-14  5.07e-15   164    13     0
1703.77  9.42e-15  4.96e-15   164    12     0
1705.45  5.40e-15  4.72e-15   164     7     0
1707.12  1.32e-14  5.06e-15   164    17     0
1708.80  7.07e-15  4.68e-15   164     9     0
1710.48  9.56e-15  4.79e-15   164    12     0
1712.15  1.63e-14  5.11e-15   164    22     0
1713.83  1.77e-14  5.13e-15   164    24     0
1715.51  3.51e-15  4.36e-15   163     4     0
1717.18  1.55e-15  4.40e-15   163     2     0
1718.86  9.58e-15  6.13e-15   163    13     0
1720.54  8.60e-15  4.53e-15   163    11     0
1722.21  5.58e-15  4.36e-15   163     7     0
1723.89  7.56e-15  6.50e-15   163    10     0
1725.56  9.65e-16  4.72e-15   163     1     0
1727.24 -1.64e-15  3.93e-15   163    -2     0
1728.92  3.33e-15  5.57e-15   163     4     0
1730.59  2.74e-15  4.50e-15   163     3     0
1732.27 -1.66e-15  3.84e-15   163    -2     0
1733.95  1.20e-15  3.87e-15   162     1     0
1735.62  3.91e-15  3.96e-15   162     5     0
1737.30 -1.90e-16  3.73e-15   162     0     0
1738.97  3.06e-15  3.85e-15   162     4     0
1740.65 -1.19e-15  3.69e-15   162    -1     0
1742.33 -7.98e-15  3.86e-15   162   -12     0
1744.00 -1.45e-15  3.64e-15   162    -2     0
1745.68  1.25e-17  5.10e-15   162     0     0
1747.36  7.93e-15  3.98e-15   162    12     0
1749.03 -1.21e-15  4.94e-15   162    -1     0
1750.71  5.65e-15  3.87e-15   162     8     0
1752.39  6.04e-16  3.49e-15   162     0     0
1754.06  4.64e-15  3.65e-15   162     7     0
1755.74 -4.08e-15  3.56e-15   162    -6     0
1757.41 -8.31e-15  3.37e-15   162   -13     0
1759.09 -6.53e-15  3.35e-15   162   -10     0
1760.77 -8.18e-15  3.32e-15   162   -13     0
1762.44 -3.99e-15  3.34e-15   162    -6     0
1764.12  1.05e-15  3.42e-15   162     1     0
1765.80 -7.04e-16  3.25e-15   162    -1     0
1767.47 -7.60e-16  3.23e-15   162    -1     0
1769.15  7.32e-15  3.55e-15   162    11     0
1770.83  4.42e-16  3.19e-15   162     0     0
1772.50 -7.32e-15  3.16e-15   162   -12     0
1774.18  1.61e-15  3.20e-15   162     2     0
1775.85  2.19e-15  3.21e-15   162     3     0
1777.53  1.51e-14  3.85e-15   162    25     0
1779.21  5.55e-15  3.31e-15   162     9     0
1780.88  6.00e-16  3.06e-15   162     1     0
1782.56 -1.69e-15  3.02e-15   162    -2     0
1784.24 -1.04e-15  3.00e-15   162    -1     0
1785.91  5.18e-15  3.32e-15   162     8     0
1787.59  1.15e-15  3.60e-15   162     1     0
1789.26 -3.06e-15  2.97e-15   162    -5     0
1790.94 -1.18e-15  3.93e-15   162    -2     0
1792.62  2.35e-15  1.07e-14   162     4 -4096
1794.29 -8.65e-15  4.93e-15   162   -14 -4096
1795.97  4.99e-16  3.19e-15   162     0     0
1797.65  4.69e-15  3.10e-15   162     8     0
1799.32  3.38e-15  3.02e-15   162     5     0
1801.00  5.00e-15  3.09e-15   162     8     0
1802.68  8.99e-15  3.26e-15   162    15     0
1804.35  7.48e-15  3.18e-15   162    13     0
1806.03  1.04e-14  3.30e-15   162    18     0
1807.70  1.37e-14  3.45e-15   162    24     0
1809.38  1.18e-14  3.32e-15   163    20     0
1811.06  8.14e-15  3.17e-15   163    14     0
1812.73  1.03e-14  3.25e-15   163    18     0
1814.41  2.08e-14  3.77e-15   163    37     0
1816.09  2.42e-14  3.94e-15   163    43     0
1817.76  1.62e-14  4.28e-15   163    29     0
1819.44  1.44e-14  3.36e-15   163    25     0
1821.12  9.84e-15  3.13e-15   163    17     0
1822.79  4.06e-15  2.83e-15   163     7     0
1824.47  1.36e-15  2.71e-15   163     2     0
1826.14  6.68e-15  2.95e-15   164    12     0
1827.82  4.78e-15  2.86e-15   164     8     0
1829.50 -1.39e-15  2.60e-15   164    -2     0
1831.17 -2.91e-15  2.61e-15   164    -5     0
1832.85 -2.42e-15  2.60e-15   164    -4     0
1834.53 -5.75e-15  2.60e-15   164   -10     0
1836.20 -7.35e-15  2.58e-15   164   -13     0
1837.88 -6.20e-15  2.57e-15   165   -11     0
1839.55 -3.02e-15  2.57e-15   165    -5     0
1841.23 -2.96e-15  2.56e-15   165    -5     0
1842.91  1.10e-15  2.61e-15   165     1     0
1844.58  3.17e-15  2.71e-15   165     5     0
1846.26  1.07e-15  2.60e-15   165     1     0
1847.94 -1.17e-16  2.54e-15   165     0     0
1849.61 -5.25e-16  2.54e-15   166     0     0
1851.29  2.36e-15  2.63e-15   166     4     0
1852.97  1.76e-15  2.58e-15   166     3     0
1854.64  5.48e-15  2.77e-15   166     9     0
1856.32  4.88e-15  2.75e-15   166     8     0
1857.99  7.63e-15  2.85e-15   167    13     0
1859.67  5.40e-15  2.78e-15   167     9     0
1861.35  5.51e-15  2.79e-15   167     9     0
1863.02  3.85e-15  3.03e-15   167     6     0
1864.70  5.80e-15  2.84e-15   167    10     0
1866.38  5.71e-15  2.78e-15   168    10     0
1868.05  4.24e-15  2.69e-15   168     7     0
1869.73  1.07e-15  2.50e-15   168     1     0
1871.41 -7.68e-16  2.46e-15   168    -1     0
1873.08  6.83e-16  2.49e-15   168     1     0
1874.76  5.83e-15  2.75e-15   169    10     0
1876.43  3.42e-15  2.63e-15   169     6     0
1878.11  2.23e-15  2.58e-15   169     3     0
1879.79  1.11e-16  2.46e-15   169     0     0
1881.46  1.62e-15  2.53e-15   169     2     0
1883.14  1.03e-15  2.49e-15   170     1     0
1884.82  1.48e-16  2.45e-15   170     0     0
1886.49 -4.15e-15  2.45e-15   170    -7     0
1888.17  8.26e-16  2.49e-15   170     1     0
1889.85  1.43e-15  2.51e-15   170     2     0
1891.52  6.37e-15  2.77e-15   171    11     0
1893.20  5.17e-15  2.70e-15   171     8     0
1894.87  3.12e-15  2.60e-15   171     5     0
1896.55  2.72e-15  2.57e-15   171     4     0
1898.23  2.00e-16  2.43e-15   172     0     0
1899.90 -1.87e-15  2.42e-15   172    -3     0
1901.58 -3.24e-15  2.42e-15   172    -5     0
1903.26 -6.05e-15  2.42e-15   172   -10     0
1904.93 -3.12e-15  2.41e-15   172    -5     0
1906.61 -2.74e-15  2.50e-15   173    -4     0
1908.28  7.51e-16  2.42e-15   173     1     0
1909.96  3.25e-15  2.56e-15   173     5     0
1911.64 -5.31e-16  2.39e-15   173     0     0
1913.31 -1.25e-16  2.39e-15   173     0     0
1914.99  1.12e-15  2.43e-15   174     1     0
1916.67 -1.56e-16  2.42e-15   174     0     0
1918.34 -2.47e-15  2.39e-15   174    -4     0
1920.02  1.17e-15  2.41e-15   174     1     0
1921.70  1.55e-15  2.41e-15   174     2     0
1923.37  1.43e-15  2.40e-15   175     2     0
1925.05 -7.48e-16  2.33e-15   175    -1     0
1926.72  7.41e-16  2.35e-15   175     1     0
1928.40 -2.05e-15  2.31e-15   175    -3     0
1930.08 -1.02e-15  2.30e-15   175    -1     0
1931.75  2.27e-15  2.41e-15   175     3     0
1933.43 -1.24e-16  2.28e-15   176     0     0
1935.11  8.49e-16  2.30e-15   176     1     0
1936.78  6.57e-16  2.28e-15   176     1     0
1938.46 -1.76e-15  2.36e-15   176    -3     0
1940.14 -3.16e-15  2.22e-15   176    -5     0
1941.81  7.71e-16  2.25e-15   176     1     0
1943.49  1.31e-15  2.34e-15   176     2     0
1945.16  2.68e-15  2.30e-15   176     4     0
1946.84 -5.51e-16  2.16e-15   177     0     0
1948.52  9.93e-16  2.17e-15   177     1     0
1950.19  3.13e-15  2.30e-15   177     5     0
1951.87  4.04e-15  2.43e-15   177     7     0
1953.55  4.00e-15  2.25e-15   177     7     0
1955.22  4.48e-15  2.29e-15   177     7     0
1956.90  4.53e-15  2.25e-15   177     8     0
1958.57  3.30e-15  2.22e-15   177     5     0
1960.25  2.78e-15  2.19e-15   177     4     0
1961.93  9.03e-16  2.05e-15   177     1     0
1963.60  1.47e-15  2.08e-15   177     2     0
1965.28  4.12e-15  2.21e-15   177     7     0
1966.96  4.42e-15  2.21e-15   177     7     0
1968.63  3.49e-15  2.15e-15   177     6     0
1970.31  1.64e-15  2.06e-15   177     2     0
1971.99 -2.25e-15  1.97e-15   177    -3     0
1973.66 -6.00e-15  1.97e-15   177   -10     0
1975.34 -3.96e-15  2.06e-15   177    -6     0
1977.01 -3.85e-15  2.58e-15   177    -6     0
1978.69 -2.77e-15  1.97e-15   176    -4     0
