NOT ORIGINAL IUE PROJECT DATA PRODUCT
SWP21350LOWLARGE
HD  197481
20:42:05
-31:31:17
48
NO-TRAIL
X-OFFSETS
3598.765
25/10/83
01:15:38
298
8.84
16/01/97
GSFC
2445632.55252
0
28
1150.58  2.06e-14  9.49e-14   350     7     0
1152.26  3.55e-14  8.95e-14   350    13     0
1153.93  1.08e-13  8.48e-14   350    44     0
1155.61  8.99e-14  7.89e-14   351    39     0
1157.29 -1.49e-14  7.20e-14   351    -7     0
1158.96  2.57e-14  6.67e-14   351    13     0
1160.64 -3.92e-14  6.09e-14   351   -21     0
1162.31 -1.07e-14  5.67e-14   351    -6     0
1163.99  1.76e-15  5.27e-14   352     1     0
1165.67  4.17e-14  5.03e-14   352    28     0
1167.34  4.47e-14  4.69e-14   352    32     0
1169.02  1.65e-14  4.33e-14   352    12     0
1170.70 -1.13e-14  4.03e-14   352    -9     0
1172.37  2.75e-14  3.79e-14   352    24     0
1174.05  3.59e-14  3.56e-14   353    33     0
1175.73  6.39e-14  3.38e-14   353    64     0
1177.40  3.86e-14  3.12e-14   353    41     0
1179.08 -2.38e-15  2.89e-14   353    -2     0
1180.75 -2.40e-14  2.73e-14   353   -28     0
1182.43 -3.37e-15  2.58e-14   353    -4     0
1184.11 -1.97e-14  2.43e-14   353   -26     0
1185.78  5.04e-16  2.31e-14   354     0     0
1187.46 -1.75e-14  2.19e-14   354   -25     0
1189.14 -2.50e-14  2.14e-14   354   -38     0
1190.81  8.28e-15  2.12e-14   354    13     0
1192.49  2.19e-14  2.16e-14   354    36     0
1194.17  1.72e-14  2.12e-14   354    29     0
1195.84  2.98e-14  2.02e-14   354    53     0
1197.52  2.02e-14  1.87e-14   354    37     0
1199.19 -1.05e-14  1.70e-14   354   -20     0
1200.87  1.51e-14  1.64e-14   355    29     0
1202.55  3.23e-16  1.56e-14   355     0     0
1204.22  3.80e-15  1.51e-14   355     7     0
1205.90  5.86e-14  1.56e-14   355   125     0
1207.58  1.33e-13  2.37e-14   355   293     0
1209.25  1.86e-13  3.65e-14   355   419     0
1210.93  3.05e-13  6.04e-14   355   706     0
1212.60  4.54e-13  7.48e-14   355  1079     0
1214.28  6.47e-13  9.66e-14   355  1576     0
1215.96  7.77e-13  1.27e-13   355  1940     0
1217.63  7.71e-13  1.32e-13   355  1971     0
1219.31  5.36e-13  1.02e-13   355  1402     0
1220.99  2.88e-13  5.68e-14   356   770     0
1222.66  1.20e-13  3.46e-14   356   327     0
1224.34  5.28e-14  1.18e-14   356   146     0
1226.02  2.95e-14  1.12e-14   356    83     0
1227.69  1.08e-14  1.07e-14   356    31     0
1229.37 -6.18e-15  1.03e-14   356   -18     0
1231.04  3.64e-15  1.02e-14   356    10     0
1232.72  7.34e-15  1.00e-14   356    22     0
1234.40 -1.23e-14  9.78e-15   356   -37     0
1236.07  4.93e-15  9.70e-15   356    15     0
1237.75 -4.74e-15  9.49e-15   356   -14     0
1239.43  1.32e-14  9.56e-15   356    41     0
1241.10  1.01e-14  9.35e-15   356    32     0
1242.78  5.16e-15  9.11e-15   356    16     0
1244.46  2.90e-15  8.98e-15   356     9     0
1246.13  7.78e-15  8.96e-15   356    25     0
1247.81  1.09e-14  8.90e-15   356    36     0
1249.48  5.39e-15  8.72e-15   356    18     0
1251.16  9.75e-15  8.74e-15   356    32     0
1252.84  1.08e-14  8.67e-15   356    36     0
1254.51  1.44e-14  8.64e-15   356    48     0
1256.19  5.63e-15  8.39e-15   356    19     0
1257.87 -2.54e-15  8.25e-15   357    -8     0
1259.54 -1.03e-14  8.17e-15   357   -35     0
1261.22 -1.26e-14  8.13e-15   357   -44     0
1262.89  9.77e-15  8.19e-15   357    34     0
1264.57  1.35e-14  8.20e-15   357    47     0
1266.25  1.12e-14  8.09e-15   357    39     0
1267.92  9.61e-15  8.01e-15   357    34     0
1269.60 -2.28e-15  7.82e-15   357    -8     0
1271.28 -7.23e-15  7.74e-15   357   -26     0
1272.95 -3.74e-15  7.68e-15   357   -13     0
1274.63  9.94e-15  7.78e-15   357    36     0
1276.31 -2.64e-15  9.51e-15   357    -9     0
1277.98  9.07e-15  7.65e-15   357    33     0
1279.66  6.66e-15  7.54e-15   357    24     0
1281.33  9.36e-15  7.55e-15   357    34     0
1283.01  7.42e-15  7.50e-15   357    27     0
1284.69  1.10e-14  7.55e-15   357    40     0
1286.36  7.70e-15  7.46e-15   357    28     0
1288.04  9.69e-15  7.46e-15   357    35     0
1289.72  7.71e-15  7.39e-15   357    28     0
1291.39  1.83e-15  7.27e-15   357     6     0
1293.07  2.11e-16  7.23e-15   357     0     0
1294.75 -5.31e-16  7.20e-15   357    -1     0
1296.42  9.12e-15  7.31e-15   357    33     0
1298.10 -7.57e-16  7.18e-15   357    -2     0
1299.77  2.44e-15  7.18e-15   357     9     0
1301.45  3.02e-18  7.11e-15   357     0     0
1303.13  1.07e-14  7.24e-15   358    39     0
1304.80  9.99e-15  7.22e-15   358    37     0
1306.48  1.88e-14  7.42e-15   358    70     0
1308.16  2.54e-14  7.42e-15   358    94     0
1309.83  1.17e-15  7.29e-15   358     4     0
1311.51 -1.05e-14  7.25e-15   358   -38     0
1313.19 -2.86e-15  7.04e-15   358   -10     0
1314.86 -7.10e-15  7.03e-15   358   -26     0
1316.54  1.31e-15  7.02e-15   358     4     0
1318.21 -1.25e-14  7.37e-15   358   -45     0
1319.89 -5.91e-15  7.01e-15   358   -21     0
1321.57 -4.44e-15  7.92e-15   358   -16     0
1323.24  6.41e-15  7.37e-15   358    23     0
1324.92  1.64e-14  7.95e-15   358    59     0
1326.60  1.30e-14  8.09e-15   358    47     0
1328.27 -1.52e-15  7.27e-15   358    -5     0
1329.95 -8.46e-15  6.95e-15   358   -30     0
1331.62 -1.50e-16  7.00e-15   358     0     0
1333.30  4.13e-15  7.03e-15   359    14     0
1334.98  2.52e-14  7.42e-15   359    90     0
1336.65  3.17e-14  7.65e-15   359   112     0
1338.33  2.63e-14  7.47e-15   359    92     0
1340.01  1.83e-15  7.02e-15   359     6     0
1341.68 -1.49e-15  7.03e-15   359    -5     0
1343.36  2.37e-15  7.04e-15   359     8     0
1345.04  5.41e-15  7.11e-15   359    18     0
1346.71  2.47e-15  7.06e-15   359     8     0
1348.39 -4.24e-15  7.08e-15   359   -14     0
1350.06 -7.86e-15  1.25e-14   359   -27     0
1351.74  7.95e-15  7.20e-15   359    27     0
1353.42 -3.23e-15  7.13e-15   360   -11     0
1355.09  5.36e-15  7.22e-15   360    18     0
1356.77  6.80e-16  7.17e-15   360     2     0
1358.45  5.43e-15  7.24e-15   360    18     0
1360.12  1.59e-14  7.44e-15   360    53     0
1361.80  5.87e-15  7.28e-15   360    19     0
1363.48 -8.29e-15  7.21e-15   360   -27     0
1365.15 -5.25e-15  7.24e-15   360   -17     0
1366.83  2.57e-15  7.28e-15   360     8     0
1368.50 -3.21e-15  7.28e-15   360   -10     0
1370.18  9.45e-15  7.47e-15   361    30     0
1371.86  1.57e-14  7.59e-15   361    50     0
1373.53  1.16e-14  7.54e-15   361    36     0
1375.21 -6.05e-15  7.38e-15   361   -19     0
1376.89 -7.57e-16  7.41e-15   361    -2     0
1378.56  1.43e-14  7.65e-15   361    44     0
1380.24 -1.66e-14  7.76e-15   361   -51     0
1381.91 -9.66e-16  7.50e-15   361    -2     0
1383.59 -6.00e-17  7.53e-15   362     0     0
1385.27 -1.03e-14  7.57e-15   362   -31     0
1386.94 -1.41e-14  7.61e-15   362   -42     0
1388.62 -5.11e-15  7.63e-15   362   -15     0
1390.30  4.79e-15  7.68e-15   362    14     0
1391.97 -7.87e-16  7.68e-15   362    -2     0
1393.65  9.93e-15  7.85e-15   362    29     0
1395.33  2.03e-14  8.05e-15   363    59     0
1397.00  9.32e-15  7.90e-15   363    27     0
1398.68  4.31e-15  7.85e-15   363    12     0
1400.35  4.11e-15  7.88e-15   363    11     0
1402.03 -5.45e-15  7.90e-15   363   -15     0
1403.71 -1.04e-14  7.94e-15   363   -29     0
1405.38 -5.19e-15  7.97e-15   363   -14     0
1407.06 -3.45e-16  7.99e-15   364     0     0
1408.74 -1.14e-14  8.03e-15   364   -31     0
1410.41 -1.01e-14  8.08e-15   364   -27     0
1412.09  4.72e-15  8.14e-15   364    12     0
1413.77 -3.20e-15  8.16e-15   364    -8     0
1415.44 -1.21e-14  8.24e-15   364   -32     0
1417.12  5.96e-15  8.34e-15   365    15     0
1418.79  2.68e-14  8.84e-15   365    70     0
1420.47  1.59e-14  8.54e-15   365    41     0
1422.15  1.06e-14  8.46e-15   365    27     0
1423.82  1.26e-14  8.56e-15   365    32     0
1425.50  7.15e-15  8.54e-15   366    18     0
1427.18  3.08e-15  8.49e-15   366     7     0
1428.85 -1.02e-14  8.51e-15   366   -25     0
1430.53 -3.68e-15  8.54e-15   366    -9     0
1432.20 -6.55e-15  8.58e-15   366   -16     0
1433.88 -1.72e-15  8.61e-15   366    -4     0
1435.56  6.99e-15  8.70e-15   367    17     0
1437.23 -1.41e-14  8.63e-15   367   -34     0
1438.91 -1.99e-14  8.66e-15   367   -48     0
1440.59 -6.41e-15  8.73e-15   367   -15     0
1442.26  1.03e-14  8.89e-15   367    24     0
1443.94  1.93e-14  9.10e-15   368    46     0
1445.62  9.38e-15  8.95e-15   368    22     0
1447.29  3.16e-15  8.83e-15   368     7     0
1448.97  5.85e-15  8.88e-15   368    13     0
1450.64  2.04e-14  9.20e-15   368    48     0
1452.32  3.19e-15  8.90e-15   369     7     0
1454.00 -1.02e-15  8.89e-15   369    -2     0
1455.67  6.67e-15  8.95e-15   369    15     0
1457.35  3.29e-15  8.91e-15   369     7     0
1459.03 -6.17e-16  8.91e-15   369    -1     0
1460.70  4.98e-15  1.00e-14   370    11     0
1462.38 -9.49e-15  8.97e-15   370   -21     0
1464.06  8.66e-15  9.11e-15   370    19     0
1465.73  7.14e-15  9.02e-15   370    16     0
1467.41  4.72e-15  8.98e-15   371    10     0
1469.08  1.81e-15  8.95e-15   371     4     0
1470.76 -5.56e-15  8.91e-15   371   -12     0
1472.44  3.22e-15  8.94e-15   371     7     0
1474.11  1.66e-15  8.92e-15   371     3     0
1475.79  5.34e-15  1.10e-14   372    12     0
1477.47  5.70e-15  9.34e-15   372    12     0
1479.14  1.43e-14  9.11e-15   372    32     0
1480.82  1.09e-14  1.02e-14   372    24     0
1482.50  1.25e-14  9.61e-15   373    28     0
1484.17  1.12e-14  9.07e-15   373    24     0
1485.85  2.08e-14  9.28e-15   373    46     0
1487.52  1.28e-14  9.14e-15   373    28     0
1489.20  8.71e-15  9.07e-15   373    19     0
1490.88 -2.15e-15  8.94e-15   374    -4     0
1492.55  9.22e-15  9.05e-15   374    20     0
1494.23  1.91e-14  9.24e-15   374    42     0
1495.91  1.42e-14  9.21e-15   374    31     0
1497.58  2.63e-14  9.43e-15   375    57     0
1499.26  3.51e-14  1.66e-14   375    76     0
1500.93  3.66e-14  1.38e-14   375    78     0
1502.61  3.71e-14  1.33e-14   375    79     0
1504.29  4.71e-14  1.01e-14   375   100     0
1505.96  3.86e-14  1.18e-14   376    82     0
1507.64  3.16e-14  9.84e-15   376    66     0
1509.32  3.23e-14  9.74e-15   376    68     0
1510.99  3.24e-14  9.70e-15   376    68     0
1512.67  4.82e-14  1.00e-14   377   100     0
1514.35  2.35e-14  9.62e-15   377    49     0
1516.02  3.00e-14  9.75e-15   377    62     0
1517.70  4.36e-14  9.99e-15   377    90     0
1519.37  3.25e-14  9.83e-15   377    67     0
1521.05  1.88e-14  9.56e-15   378    38     0
1522.73  1.55e-14  9.74e-15   378    31     0
1524.40  6.99e-15  9.37e-15   378    14     0
1526.08  1.06e-14  9.46e-15   378    21     0
1527.76  3.82e-15  9.34e-15   379     7     0
1529.43 -2.56e-15  9.31e-15   379    -5     0
1531.11  1.87e-14  9.66e-15   379    37     0
1532.79  1.09e-14  9.48e-15   379    21     0
1534.46  1.81e-14  9.60e-15   379    36     0
1536.14  1.73e-14  9.60e-15   380    34     0
1537.81 -6.12e-15  9.31e-15   380   -12     0
1539.49 -2.65e-15  9.29e-15   380    -5     0
1541.17 -1.25e-15  9.30e-15   380    -2     0
1542.84  8.98e-15  9.35e-15   380    17     0
1544.52  1.65e-14  9.50e-15   381    32     0
1546.20  3.38e-14  9.77e-15   381    67     0
1547.87  6.08e-14  1.05e-14   381   121     0
1549.55  4.83e-14  1.43e-14   381    96     0
1551.22  3.36e-14  9.68e-15   381    67     0
1552.90  1.66e-14  9.34e-15   382    33     0
1554.58  1.77e-14  1.02e-14   382    35     0
1556.25  3.47e-14  1.21e-14   382    69     0
1557.93  6.90e-15  9.10e-15   382    13     0
1559.61 -1.55e-14  8.99e-15   382   -31     0
1561.28 -3.21e-15  8.98e-15   382    -6     0
1562.96 -4.89e-15  8.97e-15   383    -9     0
1564.64 -1.89e-15  8.92e-15   383    -3     0
1566.31  2.10e-15  9.11e-15   383     4     0
1567.99  1.34e-14  9.85e-15   383    26     0
1569.66  3.39e-15  8.88e-15   383     6     0
1571.34  8.86e-15  8.92e-15   383    17     0
1573.02 -1.72e-14  8.78e-15   384   -34     0
1574.69 -1.54e-14  8.75e-15   384   -31     0
1576.37  2.40e-15  8.70e-15   384     4     0
1578.05 -1.72e-14  8.67e-15   384   -35     0
1579.72 -1.69e-14  8.78e-15   384   -34     0
1581.40 -1.68e-14  8.63e-15   384   -34     0
1583.08 -1.44e-14  8.95e-15   385   -29     0
1584.75 -1.04e-14  8.57e-15   385   -21     0
1586.43 -5.59e-15  8.56e-15   385   -11     0
1588.10 -1.21e-15  8.53e-15   385    -2     0
1589.78  4.95e-15  8.55e-15   385    10     0
1591.46 -9.91e-15  8.88e-15   385   -20     0
1593.13  5.17e-15  8.47e-15   385    10     0
1594.81  6.85e-15  8.47e-15   385    14     0
1596.49 -1.73e-15  8.38e-15   386    -3     0
1598.16 -1.53e-14  8.35e-15   386   -31     0
1599.84 -1.55e-14  8.32e-15   386   -32     0
1601.52 -1.33e-14  8.29e-15   386   -27     0
1603.19  9.92e-16  1.03e-14   386     2     0
1604.87 -1.82e-14  8.23e-15   386   -37     0
1606.54 -1.74e-15  8.18e-15   386    -3     0
1608.22 -1.13e-14  8.14e-15   386   -23     0
1609.90  2.25e-15  8.13e-15   386     4     0
1611.57  1.75e-14  8.35e-15   386    36     0
1613.25 -8.62e-16  8.07e-15   387    -1     0
1614.93 -6.18e-15  8.01e-15   387   -13     0
1616.60  4.51e-15  8.01e-15   387     9     0
1618.28 -9.53e-15  7.92e-15   387   -20     0
1619.95 -4.58e-15  7.89e-15   387    -9     0
1621.63 -3.16e-16  7.88e-15   387     0     0
1623.31 -5.60e-16  8.60e-15   387    -1     0
1624.98  2.92e-15  7.80e-15   387     6     0
1626.66  1.66e-14  8.03e-15   387    35     0
1628.34  1.98e-14  8.03e-15   387    42     0
1630.01  7.34e-15  7.73e-15   387    15     0
1631.69  8.74e-15  7.72e-15   387    18     0
1633.37 -5.32e-15  7.56e-15   387   -11     0
1635.04  1.77e-14  7.85e-15   387    38     0
1636.72  1.21e-14  7.69e-15   387    26     0
1638.39  7.57e-15  7.96e-15   387    16     0
1640.07  3.44e-14  8.95e-15   387    75     0
1641.75  2.85e-14  1.07e-14   387    62     0
1643.42  2.33e-14  8.20e-15   387    51     0
1645.10  2.54e-14  7.75e-15   387    56     0
1646.78  2.39e-14  7.67e-15   387    53     0
1648.45  5.02e-15  7.28e-15   387    11     0
1650.13 -1.21e-15  7.27e-15   387    -2     0
1651.81  1.14e-14  7.30e-15   387    25     0
1653.48  1.36e-14  7.30e-15   387    30     0
1655.16  1.09e-14  7.22e-15   387    24     0
1656.83  3.04e-14  9.53e-15   387    68     0
1658.51  2.15e-14  1.09e-14   387    49     0
1660.19  1.47e-14  7.90e-15   387    33     0
1661.86  1.41e-14  7.85e-15   387    32     0
1663.54  2.58e-14  7.65e-15   387    59     0
1665.22  2.19e-14  7.13e-15   387    50     0
1666.89  1.07e-14  6.87e-15   387    25     0
1668.57  3.71e-15  6.73e-15   386     8     0
1670.24  1.07e-15  6.67e-15   386     2     0
1671.92  9.56e-15  6.77e-15   386    22     0
1673.60  7.02e-15  6.68e-15   386    16     0
1675.27  1.90e-14  6.85e-15   386    45     0
1676.95  5.52e-15  6.78e-15   386    13     0
1678.63 -1.07e-14  6.44e-15   386   -25     0
1680.30 -1.34e-14  6.38e-15   386   -32     0
1681.98  2.79e-15  6.33e-15   386     6     0
1683.66  2.17e-15  6.32e-15   385     5     0
1685.33  3.13e-15  6.27e-15   385     7     0
1687.01  1.65e-14  6.44e-15   385    40     0
1688.68  1.32e-14  6.32e-15   385    32     0
1690.36  8.87e-15  6.21e-15   385    22     0
1692.04  3.79e-15  6.06e-15   385     9     0
1693.71  1.63e-14  8.36e-15   385    40     0
1695.39  7.56e-15  6.04e-15   384    19     0
1697.07  1.29e-14  6.11e-15   384    32     0
1698.74  1.11e-14  6.04e-15   384    28     0
1700.42  7.87e-16  5.80e-15   384     2     0
1702.10  6.45e-15  5.84e-15   384    16     0
1703.77  2.14e-14  6.08e-15   383    55     0
1705.45  1.49e-14  5.90e-15   383    39     0
1707.12  1.03e-14  5.76e-15   383    27     0
1708.80  7.48e-15  5.67e-15   383    19     0
1710.48  3.21e-15  5.53e-15   383     8     0
1712.15  1.06e-14  5.62e-15   382    28     0
1713.83  1.62e-14  5.67e-15   382    43     0
1715.51  4.10e-15  5.42e-15   382    11     0
1717.18 -7.85e-15  5.33e-15   382   -21     0
1718.86  4.35e-15  5.34e-15   381    11     0
1720.54 -2.65e-15  5.25e-15   381    -7     0
1722.21  5.51e-16  5.21e-15   381     1     0
1723.89  1.14e-14  5.33e-15   380    31     0
1725.56  3.00e-15  5.11e-15   380     8     0
1727.24 -3.00e-16  5.03e-15   380     0     0
1728.92 -3.63e-15  4.98e-15   380   -10     0
1730.59  6.11e-16  4.95e-15   379     1     0
1732.27 -6.49e-16  4.91e-15   379    -1     0
1733.95  5.60e-15  4.93e-15   379    16     0
1735.62  1.03e-14  4.98e-15   378    30     0
1737.30  1.02e-14  4.93e-15   378    30     0
1738.97  5.00e-15  4.80e-15   378    14     0
1740.65  4.75e-15  4.78e-15   377    14     0
1742.33  1.84e-14  4.98e-15   377    54     0
1744.00  1.14e-14  4.82e-15   377    34     0
1745.68  6.64e-15  4.67e-15   376    20     0
1747.36  3.06e-14  6.73e-15   376    93     0
1749.03  3.71e-14  6.73e-15   376   113     0
1750.71  1.33e-14  4.70e-15   375    40     0
1752.39  2.35e-15  4.46e-15   375     7     0
1754.06  5.50e-15  4.50e-15   375    17     0
1755.74  1.15e-14  4.54e-15   374    35     0
1757.41  1.61e-14  4.59e-15   374    50     0
1759.09  8.56e-15  4.41e-15   374    27     0
1760.77 -5.95e-15  4.25e-15   373   -18     0
1762.44 -9.87e-15  4.21e-15   373   -31     0
1764.12 -1.08e-14  4.18e-15   372   -34     0
1765.80  2.85e-15  4.19e-15   372     9     0
1767.47 -2.57e-16  4.13e-15   372     0     0
1769.15 -2.14e-15  4.10e-15   371    -6     0
1770.83  5.42e-15  4.15e-15   371    17     0
1772.50 -8.77e-16  4.04e-15   370    -2     0
1774.18  5.59e-15  4.09e-15   370    18     0
1775.85  6.21e-15  4.07e-15   370    20     0
1777.53  8.51e-15  4.08e-15   369    28     0
1779.21  1.06e-15  3.91e-15   369     3     0
1780.88  6.22e-17  3.88e-15   368     0     0
1782.56  5.82e-17  3.86e-15   368     0     0
1784.24  3.50e-15  3.87e-15   368    11     0
1785.91 -7.76e-15  3.82e-15   367   -26     0
1787.59 -3.74e-15  4.08e-15   367   -12     0
1789.26  4.23e-15  4.21e-15   366    14     0
1790.94  5.80e-15  5.07e-15   366    19     0
1792.62  6.16e-15  4.41e-15   365    21     0
1794.29  2.95e-15  4.20e-15   365    10     0
1795.97  4.83e-15  4.02e-15   364    16     0
1797.65  6.71e-15  3.75e-15   364    23     0
1799.32  3.76e-15  3.68e-15   364    13     0
1801.00 -6.07e-16  3.60e-15   363    -2     0
1802.68 -9.08e-16  3.58e-15   363    -3     0
1804.35 -1.33e-15  3.55e-15   362    -4     0
1806.03  2.80e-15  3.55e-15   362     9     0
1807.70  7.32e-15  3.62e-15   361    25     0
1809.38  1.02e-14  3.64e-15   361    36     0
1811.06  3.63e-15  3.51e-15   360    12     0
1812.73  3.15e-15  3.49e-15   360    11     0
1814.41  7.93e-15  3.66e-15   360    28     0
1816.09  1.93e-14  3.75e-15   359    68     0
1817.76  1.72e-14  4.01e-15   359    61     0
1819.44  1.40e-14  4.69e-15   358    49     0
1821.12  4.52e-15  3.42e-15   358    16     0
1822.79  3.17e-16  3.34e-15   357     1     0
1824.47 -2.85e-16  3.32e-15   357    -1     0
1826.14 -4.07e-15  3.30e-15   356   -14     0
1827.82 -4.17e-15  3.28e-15   356   -14     0
1829.50  3.76e-15  3.32e-15   356    13     0
1831.17  5.45e-15  3.36e-15   355    19     0
1832.85  2.19e-15  3.29e-15   355     7     0
1834.53  1.59e-15  3.26e-15   354     5     0
1836.20  4.62e-15  3.29e-15   354    16     0
1837.88 -3.61e-15  3.22e-15   353   -12     0
1839.55 -9.08e-15  3.21e-15   353   -32     0
1841.23 -1.87e-15  3.19e-15   353    -6     0
1842.91 -1.68e-15  3.18e-15   352    -6     0
1844.58 -5.25e-16  3.17e-15   352    -1     0
1846.26 -6.02e-15  3.17e-15   351   -21     0
1847.94 -4.06e-15  3.16e-15   351   -14     0
1849.61  1.02e-15  3.15e-15   350     3     0
1851.29 -1.15e-15  3.13e-15   350    -4     0
1852.97 -2.47e-15  3.12e-15   350    -8     0
1854.64  7.96e-16  3.11e-15   349     2     0
1856.32  3.78e-15  3.16e-15   349    13     0
1857.99  2.70e-15  3.14e-15   349     9     0
1859.67  1.46e-15  3.10e-15   348     5     0
1861.35 -4.73e-15  3.08e-15   348   -16     0
1863.02  1.13e-15  3.09e-15   348     4     0
1864.70 -1.01e-15  3.07e-15   347    -3     0
1866.38 -4.01e-15  3.05e-15   347   -14     0
1868.05  1.99e-16  3.04e-15   347     0     0
1869.73  4.55e-16  3.03e-15   346     1     0
1871.41 -2.27e-15  3.02e-15   346    -7     0
1873.08 -2.18e-15  3.02e-15   346    -7     0
1874.76 -3.37e-15  3.01e-15   345   -11     0
1876.43 -1.52e-15  3.01e-15   345    -5     0
1878.11 -3.24e-15  3.00e-15   345   -11     0
1879.79 -8.96e-15  3.00e-15   345   -31     0
1881.46 -9.34e-15  2.99e-15   344   -32     0
1883.14 -6.34e-15  2.99e-15   344   -22     0
1884.82 -2.71e-15  2.98e-15   344    -9     0
1886.49 -2.99e-15  2.98e-15   344   -10     0
1888.17 -3.61e-15  2.97e-15   344   -12     0
1889.85 -1.65e-15  2.96e-15   343    -5     0
1891.52  4.96e-15  3.05e-15   343    17     0
1893.20  5.36e-15  3.05e-15   343    18     0
1894.87  1.07e-14  3.13e-15   343    36     0
1896.55  1.36e-14  3.19e-15   343    46     0
1898.23  9.97e-15  3.11e-15   343    34     0
1899.90  6.24e-15  3.03e-15   343    21     0
1901.58  4.87e-15  2.99e-15   343    16     0
1903.26  1.48e-15  2.92e-15   343     5     0
1904.93  9.13e-16  2.91e-15   342     3     0
1906.61 -5.23e-15  2.91e-15   342   -17     0
1908.28 -1.16e-15  2.90e-15   342    -3     0
1909.96 -1.02e-15  2.90e-15   342    -3     0
1911.64  1.42e-15  2.88e-15   343     4     0
1913.31  5.21e-15  2.96e-15   343    17     0
1914.99  8.74e-15  3.00e-15   343    29     0
1916.67  1.34e-14  3.16e-15   343    45     0
1918.34  1.46e-14  3.32e-15   343    49     0
1920.02  6.11e-15  3.14e-15   343    20     0
1921.70  3.79e-15  3.26e-15   343    12     0
1923.37  4.07e-15  3.45e-15   343    13     0
1925.05 -1.01e-16  3.36e-15   344     0     0
1926.72  3.52e-15  3.22e-15   344    11     0
1928.40  6.92e-15  3.11e-15   344    23     0
1930.08  1.13e-14  2.96e-15   344    38     0
1931.75  1.31e-14  3.00e-15   345    44     0
1933.43  1.06e-14  2.93e-15   345    35     0
1935.11  7.53e-15  2.85e-15   345    25     0
1936.78  3.40e-15  2.77e-15   346    11     0
1938.46  7.76e-15  2.84e-15   346    26     0
1940.14  4.71e-15  2.75e-15   347    16     0
1941.81  4.13e-15  2.73e-15   347    14     0
1943.49  1.60e-15  2.67e-15   347     5     0
1945.16 -2.56e-16  2.63e-15   348     0     0
1946.84  8.00e-16  2.62e-15   349     2     0
1948.52  1.83e-15  2.62e-15   349     6     0
1950.19  2.79e-15  2.62e-15   350     9     0
1951.87  3.77e-15  2.61e-15   350    13     0
1953.55  1.10e-14  2.76e-15   351    38     0
1955.22  1.51e-14  2.83e-15   352    52     0
1956.90  1.71e-14  2.85e-15   353    60     0
1958.57  1.50e-14  2.79e-15   353    52     0
1960.25  1.40e-14  2.76e-15   354    49     0
1961.93  1.49e-14  2.77e-15   355    52     0
1963.60  1.22e-14  2.69e-15   356    42     0
1965.28  9.05e-15  2.64e-15   357    31     0
1966.96  2.93e-15  2.52e-15   358    10     0
1968.63  2.05e-15  2.49e-15   359     7     0
1970.31  5.02e-15  2.55e-15   360    17     0
1971.99  5.36e-15  2.57e-15   361    18     0
1973.66  8.71e-15  2.65e-15   362    30     0
1975.34  8.91e-15  2.67e-15   363    30     0
1977.01  7.70e-15  2.65e-15   364    26     0
1978.69  9.57e-15  2.70e-15   366    32     0
