NOT ORIGINAL IUE PROJECT DATA PRODUCT
SWP21351LOWLARGE
HD  197481
20:42:04
-31:31:05
48
NO-TRAIL
X-OFFSETS
2399.177
25/10/83
03:01:44
298
8.84
16/01/97
GSFC
2445632.62620
0
34
1150.58  6.85e-14  1.55e-13   543    16     0
1152.26 -3.24e-14  1.45e-13   543    -8     0
1153.93 -1.09e-13  1.36e-13   543   -30     0
1155.61  4.24e-14  1.27e-13   543    12     0
1157.29  6.01e-14  1.18e-13   544    19     0
1158.96  4.62e-16  1.09e-13   544     0     0
1160.64  2.02e-14  9.98e-14   544     7     0
1162.31  8.61e-14  9.40e-14   545    34     0
1163.99  1.43e-13  8.85e-14   545    60     0
1165.67  1.16e-13  8.32e-14   545    52     0
1167.34  2.74e-15  7.60e-14   545     1     0
1169.02  5.07e-14  7.14e-14   546    26     0
1170.70  1.64e-14  6.63e-14   546     9     0
1172.37  9.85e-14  6.33e-14   546    58     0
1174.05  9.33e-14  5.92e-14   547    58     0
1175.73 -1.26e-16  5.51e-14   547     0     0
1177.40  8.72e-14  5.18e-14   547    62     0
1179.08  5.40e-14  4.83e-14   547    41     0
1180.75 -3.37e-14  4.50e-14   547   -26     0
1182.43 -2.06e-14  4.25e-14   548   -17     0
1184.11 -2.15e-14  4.02e-14   548   -19     0
1185.78  7.23e-14  3.91e-14   548    68     0
1187.46  1.04e-13  3.76e-14   548   102     0
1189.14  6.49e-14  4.37e-14   548    66     0
1190.81  6.95e-14  3.58e-14   549    74     0
1192.49  7.32e-14  3.64e-14   549    81     0
1194.17 -1.50e-15  3.47e-14   549    -1     0
1195.84  4.56e-14  3.33e-14   549    54     0
1197.52  3.36e-15  3.14e-14   549     4     0
1199.19 -3.18e-14  2.82e-14   549   -40     0
1200.87  3.79e-14  2.74e-14   550    49     0
1202.55  3.20e-14  2.64e-14   550    42     0
1204.22  2.44e-14  2.54e-14   550    33     0
1205.90  5.97e-14  2.53e-14   550    85     0
1207.58  9.73e-14  2.57e-14   550   142     0
1209.25  1.79e-13  3.86e-14   550   270     0
1210.93  3.04e-13  5.46e-14   550   469     0
1212.60  4.84e-13  8.11e-14   551   767     0
1214.28  6.37e-13  1.06e-13   551  1035     0
1215.96  8.49e-13  1.49e-13   551  1413     0
1217.63  8.28e-13  1.46e-13   551  1411     0
1219.31  6.42e-13  1.28e-13   551  1119     0
1220.99  3.48e-13  6.92e-14   551   619     0
1222.66  1.33e-13  3.33e-14   551   241     0
1224.34  3.82e-14  1.88e-14   551    70     0
1226.02  3.20e-14  1.84e-14   551    60     0
1227.69  2.93e-14  1.80e-14   551    56     0
1229.37 -3.30e-15  1.72e-14   551    -6     0
1231.04  2.87e-14  1.74e-14   551    56     0
1232.72  4.15e-14  1.73e-14   551    83     0
1234.40  2.08e-14  1.67e-14   551    42     0
1236.07  3.43e-14  1.67e-14   551    70     0
1237.75 -5.39e-16  1.59e-14   551    -1     0
1239.43  1.33e-14  1.59e-14   551    27     0
1241.10  5.12e-14  1.63e-14   551   109     0
1242.78  2.83e-14  1.57e-14   551    61     0
1244.46  8.21e-15  1.51e-14   551    17     0
1246.13  6.40e-15  1.50e-14   551    14     0
1247.81  2.08e-14  1.50e-14   551    46     0
1249.48  1.02e-14  1.47e-14   551    22     0
1251.16 -6.67e-15  1.45e-14   551   -14     0
1252.84  8.96e-15  1.45e-14   551    20     0
1254.51  1.48e-14  1.45e-14   551    33     0
1256.19  2.37e-15  1.41e-14   551     5     0
1257.87 -1.22e-14  1.39e-14   551   -28     0
1259.54 -2.56e-15  1.38e-14   551    -5     0
1261.22  1.40e-14  1.39e-14   551    32     0
1262.89  8.86e-15  1.37e-14   551    20     0
1264.57  7.55e-15  1.36e-14   551    17     0
1266.25  6.74e-15  1.35e-14   551    15     0
1267.92  6.62e-15  1.34e-14   551    15     0
1269.60 -4.08e-15  1.32e-14   551    -9     0
1271.28 -1.94e-15  1.31e-14   551    -4     0
1272.95  6.00e-15  1.30e-14   551    14     0
1274.63 -1.96e-14  1.29e-14   551   -47     0
1276.31 -2.46e-14  1.28e-14   551   -59     0
1277.98  1.05e-14  1.29e-14   550    25     0
1279.66  1.37e-14  1.28e-14   550    33     0
1281.33  1.96e-14  1.29e-14   550    48     0
1283.01 -3.21e-15  1.26e-14   550    -7     0
1284.69  7.38e-15  1.26e-14   550    18     0
1286.36 -1.18e-14  1.25e-14   550   -29     0
1288.04 -9.47e-15  1.25e-14   550   -23     0
1289.72  3.62e-15  1.24e-14   550     8     0
1291.39 -1.14e-14  1.24e-14   550   -28     0
1293.07 -7.59e-15  1.23e-14   549   -18     0
1294.75 -1.49e-14  1.23e-14   549   -37     0
1296.42 -1.02e-14  1.23e-14   549   -25     0
1298.10  3.43e-15  1.23e-14   549     8     0
1299.77  1.44e-14  1.24e-14   549    35     0
1301.45  1.63e-14  1.24e-14   549    40     0
1303.13  2.56e-14  1.25e-14   549    63     0
1304.80  2.23e-14  1.24e-14   548    55     0
1306.48  3.13e-14  1.95e-14   548    77     0
1308.16  3.35e-14  1.25e-14   548    83     0
1309.83  1.20e-14  1.21e-14   548    29     0
1311.51  1.55e-15  1.21e-14   548     3     0
1313.19 -1.40e-15  1.20e-14   548    -3     0
1314.86  3.39e-15  1.20e-14   548     8     0
1316.54  1.07e-14  1.21e-14   547    26     0
1318.21 -9.89e-15  1.58e-14   547   -24     0
1319.89  1.12e-14  1.21e-14   547    27     0
1321.57 -1.83e-14  1.22e-14   547   -44     0
1323.24  1.58e-14  1.28e-14   547    38     0
1324.92  1.82e-14  1.34e-14   547    44     0
1326.60  1.56e-14  1.38e-14   546    37     0
1328.27  1.30e-14  1.27e-14   546    31     0
1329.95  1.42e-14  1.24e-14   546    34     0
1331.62  9.95e-16  1.20e-14   546     2     0
1333.30  1.47e-14  1.22e-14   546    35     0
1334.98  3.12e-14  1.25e-14   545    74     0
1336.65  3.63e-14  1.26e-14   545    85     0
1338.33  4.49e-14  1.28e-14   545   105     0
1340.01  1.06e-14  1.22e-14   545    25     0
1341.68 -1.59e-14  1.21e-14   545   -37     0
1343.36 -4.71e-15  1.35e-14   545   -11     0
1345.04 -2.43e-14  1.21e-14   544   -56     0
1346.71 -1.34e-14  1.22e-14   544   -30     0
1348.39 -1.82e-14  1.22e-14   544   -42     0
1350.06 -1.86e-14  2.30e-14   544   -42     0
1351.74  4.06e-15  1.23e-14   544     9     0
1353.42 -1.07e-14  1.23e-14   543   -24     0
1355.09  6.89e-15  1.24e-14   543    15     0
1356.77 -6.32e-16  1.24e-14   543    -1     0
1358.45  4.57e-16  1.24e-14   543     1     0
1360.12  1.92e-14  1.27e-14   543    42     0
1361.80  1.84e-14  1.27e-14   542    40     0
1363.48  9.49e-15  1.25e-14   542    20     0
1365.15 -4.97e-15  1.25e-14   542   -10     0
1366.83  4.87e-15  1.25e-14   542    10     0
1368.50 -9.56e-15  1.26e-14   542   -20     0
1370.18  1.69e-14  1.30e-14   542    36     0
1371.86  6.44e-15  1.28e-14   541    13     0
1373.53  4.77e-15  1.28e-14   541    10     0
1375.21  1.66e-14  1.30e-14   541    35     0
1376.89 -1.29e-14  1.28e-14   541   -27     0
1378.56  1.63e-14  1.32e-14   541    34     0
1380.24 -1.81e-14  1.44e-14   540   -37     0
1381.91  5.40e-15  1.30e-14   540    11     0
1383.59  1.20e-14  1.31e-14   540    24     0
1385.27  2.83e-15  1.31e-14   540     5     0
1386.94 -2.27e-14  1.31e-14   540   -45     0
1388.62 -1.43e-14  1.32e-14   540   -28     0
1390.30 -2.22e-14  1.32e-14   539   -44     0
1391.97 -2.82e-14  1.33e-14   539   -55     0
1393.65  1.90e-14  1.36e-14   539    37     0
1395.33  7.29e-16  1.34e-14   539     1     0
1397.00  9.71e-15  1.36e-14   539    18     0
1398.68  1.14e-15  1.35e-14   539     2     0
1400.35 -4.30e-15  1.39e-14   538    -8     0
1402.03 -8.49e-15  1.37e-14   538   -16     0
1403.71 -2.06e-14  1.37e-14   538   -38     0
1405.38  6.13e-15  1.38e-14   538    11     0
1407.06  1.86e-14  1.75e-14   538    34     0
1408.74 -4.98e-15  1.39e-14   538    -9     0
1410.41 -8.50e-15  1.40e-14   537   -15     0
1412.09  7.41e-15  1.41e-14   537    13     0
1413.77 -1.77e-15  1.41e-14   537    -3     0
1415.44 -1.23e-14  1.43e-14   537   -22     0
1417.12 -1.46e-14  1.44e-14   537   -25     0
1418.79 -2.23e-14  1.44e-14   537   -39     0
1420.47 -4.85e-16  1.44e-14   537     0     0
1422.15  1.51e-14  1.46e-14   536    26     0
1423.82  3.72e-14  1.50e-14   536    64     0
1425.50  2.99e-14  1.53e-14   536    51     0
1427.18  1.55e-14  1.49e-14   536    26     0
1428.85  1.64e-14  1.50e-14   536    27     0
1430.53 -1.81e-15  1.48e-14   536    -3     0
1432.20 -3.32e-15  1.49e-14   536    -5     0
1433.88  2.03e-15  1.49e-14   536     3     0
1435.56 -6.65e-15  1.49e-14   535   -11     0
1437.23  2.41e-14  1.76e-14   535    39     0
1438.91 -6.06e-15  1.51e-14   535    -9     0
1440.59  1.21e-15  1.52e-14   535     1     0
1442.26  2.83e-14  1.57e-14   535    45     0
1443.94  8.41e-15  1.53e-14   535    13     0
1445.62 -1.03e-14  1.53e-14   535   -16     0
1447.29 -1.70e-14  1.53e-14   535   -27     0
1448.97  4.18e-15  1.54e-14   535     6     0
1450.64  3.09e-14  1.61e-14   535    48     0
1452.32  1.18e-14  1.56e-14   534    18     0
1454.00 -6.34e-15  1.54e-14   534    -9     0
1455.67  3.75e-14  1.60e-14   534    58     0
1457.35  3.21e-14  1.59e-14   534    49     0
1459.03  1.34e-14  1.56e-14   534    20     0
1460.70  1.81e-14  1.59e-14   534    27     0
1462.38  1.42e-14  1.57e-14   534    21     0
1464.06  5.31e-15  1.56e-14   534     8     0
1465.73 -5.44e-15  1.55e-14   534    -8     0
1467.41 -2.18e-15  1.55e-14   534    -3     0
1469.08  3.41e-15  1.56e-14   534     5     0
1470.76 -5.61e-15  1.55e-14   534    -8     0
1472.44  9.41e-15  1.56e-14   534    14     0
1474.11 -6.85e-15  1.55e-14   534   -10     0
1475.79  1.05e-14  1.56e-14   534    15     0
1477.47  4.63e-14  1.63e-14   534    69     0
1479.14  3.84e-14  1.61e-14   534    57     0
1480.82 -5.22e-15  1.55e-14   534    -7     0
1482.50  2.71e-14  1.60e-14   533    40     0
1484.17  1.74e-14  1.58e-14   533    26     0
1485.85  3.04e-14  1.77e-14   533    45     0
1487.52  4.02e-15  1.56e-14   533     5     0
1489.20  1.77e-14  1.58e-14   533    26     0
1490.88  2.92e-15  1.56e-14   533     4     0
1492.55 -5.61e-15  1.56e-14   533    -8     0
1494.23  3.27e-14  1.61e-14   533    48     0
1495.91  1.41e-14  1.59e-14   533    20     0
1497.58 -6.01e-16  1.57e-14   533     0     0
1499.26 -4.43e-15  1.57e-14   533    -6     0
1500.93  6.10e-14  3.62e-14   533    87     0
1502.61  4.86e-14  2.92e-14   533    69     0
1504.29  4.12e-14  1.67e-14   533    58     0
1505.96 -1.24e-14  1.59e-14   534   -17     0
1507.64  5.70e-15  1.60e-14   534     8     0
1509.32  1.90e-14  1.63e-14   534    26     0
1510.99 -2.26e-14  1.60e-14   534   -31     0
1512.67 -6.19e-16  1.60e-14   534     0     0
1514.35 -1.62e-14  1.61e-14   534   -22     0
1516.02  5.04e-15  1.61e-14   534     6     0
1517.70  2.33e-14  1.65e-14   534    32     0
1519.37 -4.76e-15  1.61e-14   534    -6     0
1521.05 -1.92e-14  1.62e-14   534   -26     0
1522.73 -8.40e-15  1.62e-14   534   -11     0
1524.40  3.45e-15  1.74e-14   534     4     0
1526.08 -1.74e-15  1.62e-14   534    -2     0
1527.76 -6.18e-16  1.63e-14   534     0     0
1529.43 -7.57e-15  1.63e-14   534   -10     0
1531.11  3.99e-14  1.70e-14   534    53     0
1532.79  1.82e-14  1.65e-14   534    24     0
1534.46  1.27e-14  1.64e-14   534    17     0
1536.14 -5.86e-15  1.63e-14   534    -7     0
1537.81 -2.76e-15  1.63e-14   535    -3     0
1539.49 -2.24e-15  1.62e-14   535    -2     0
1541.17 -3.71e-15  1.62e-14   535    -4     0
1542.84  1.93e-14  1.64e-14   535    25     0
1544.52  4.11e-14  1.68e-14   535    54     0
1546.20  7.05e-14  1.72e-14   535    94     0
1547.87  5.51e-14  1.70e-14   535    73     0
1549.55  1.98e-14  1.63e-14   535    26     0
1551.22  4.43e-14  1.66e-14   535    59     0
1552.90  1.61e-14  1.97e-14   535    21     0
1554.58  2.31e-14  1.62e-14   536    31     0
1556.25  5.00e-14  1.66e-14   536    67     0
1557.93  2.11e-14  1.61e-14   536    28     0
1559.61 -2.21e-14  1.57e-14   536   -29     0
1561.28 -1.43e-14  1.57e-14   536   -19     0
1562.96 -6.23e-15  1.57e-14   536    -8     0
1564.64  6.62e-15  1.57e-14   536     8     0
1566.31  2.96e-15  1.57e-14   536     3     0
1567.99  3.77e-15  1.56e-14   536     5     0
1569.66  1.28e-15  1.56e-14   537     1     0
1571.34  2.69e-14  1.58e-14   537    36     0
1573.02  9.25e-15  1.55e-14   537    12     0
1574.69  3.94e-15  1.54e-14   537     5     0
1576.37 -1.94e-14  1.53e-14   537   -26     0
1578.05 -1.93e-14  1.52e-14   537   -26     0
1579.72  5.04e-15  1.52e-14   537     6     0
1581.40 -1.18e-14  1.51e-14   538   -16     0
1583.08  5.48e-15  1.64e-14   538     7     0
1584.75  1.00e-14  1.52e-14   538    13     0
1586.43 -6.91e-15  1.50e-14   538    -9     0
1588.10  4.93e-16  1.50e-14   538     0     0
1589.78  1.10e-15  1.49e-14   538     1     0
1591.46  2.17e-15  1.48e-14   538     2     0
1593.13  1.62e-14  1.57e-14   539    22     0
1594.81  2.79e-15  1.50e-14   539     3     0
1596.49  8.80e-15  1.48e-14   539    12     0
1598.16 -2.04e-14  1.47e-14   539   -28     0
1599.84 -1.40e-14  1.46e-14   539   -19     0
1601.52 -8.71e-15  1.46e-14   539   -12     0
1603.19  2.67e-15  1.46e-14   539     3     0
1604.87  2.11e-14  1.48e-14   540    29     0
1606.54  4.19e-14  1.50e-14   540    58     0
1608.22 -2.47e-14  1.44e-14   540   -34     0
1609.90 -6.10e-15  1.43e-14   540    -8     0
1611.57  1.34e-14  1.44e-14   540    18     0
1613.25  2.57e-14  1.46e-14   540    36     0
1614.93  3.67e-14  1.47e-14   540    51     0
1616.60  5.47e-15  1.44e-14   541     7     0
1618.28 -1.78e-14  1.40e-14   541   -25     0
1619.95  2.61e-15  1.39e-14   541     3     0
1621.63 -6.74e-15  1.39e-14   541    -9     0
1623.31 -1.00e-14  1.40e-14   541   -14     0
1624.98  2.45e-14  1.42e-14   541    34     0
1626.66  3.15e-14  1.42e-14   541    45     0
1628.34  8.70e-15  1.38e-14   542    12     0
1630.01  8.13e-15  1.36e-14   542    11     0
1631.69  2.63e-14  1.39e-14   542    38     0
1633.37  3.54e-15  1.34e-14   542     5     0
1635.04  2.41e-14  1.38e-14   542    34     0
1636.72  2.20e-14  1.40e-14   542    31     0
1638.39  1.13e-14  2.00e-14   543    16     0
1640.07  3.63e-15  1.45e-14   543     5     0
1641.75  3.47e-14  1.44e-14   543    50     0
1643.42  5.14e-14  1.52e-14   543    75     0
1645.10  1.65e-14  1.32e-14   543    24     0
1646.78 -2.76e-14  1.29e-14   543   -40     0
1648.45 -9.47e-15  1.29e-14   543   -14     0
1650.13 -3.66e-15  1.28e-14   543    -5     0
1651.81 -1.93e-14  1.27e-14   544   -28     0
1653.48  3.62e-15  1.26e-14   544     5     0
1655.16 -2.46e-15  1.26e-14   544    -3     0
1656.83 -7.12e-15  1.25e-14   544   -10     0
1658.51 -6.09e-15  1.34e-14   544    -9     0
1660.19 -1.54e-15  1.39e-14   544    -2     0
1661.86  2.28e-14  1.37e-14   544    34     0
1663.54  2.52e-14  1.32e-14   544    38     0
1665.22  2.26e-14  1.24e-14   545    35     0
1666.89 -4.58e-15  1.20e-14   545    -7     0
1668.57  1.43e-14  1.22e-14   545    22     0
1670.24 -8.11e-15  1.19e-14   545   -12     0
1671.92  1.80e-14  1.21e-14   545    28     0
1673.60 -1.77e-17  1.18e-14   545     0     0
1675.27  4.23e-15  1.17e-14   545     6     0
1676.95 -1.06e-14  1.16e-14   545   -16     0
1678.63 -1.11e-14  1.16e-14   545   -17     0
1680.30  2.64e-14  1.19e-14   546    42     0
1681.98 -1.00e-15  1.14e-14   546    -1     0
1683.66 -1.53e-14  1.13e-14   546   -24     0
1685.33 -8.32e-15  1.14e-14   546   -13     0
1687.01  1.64e-14  1.13e-14   546    27     0
1688.68  5.26e-15  1.11e-14   546     8     0
1690.36  3.32e-15  1.10e-14   546     5     0
1692.04  5.45e-15  1.09e-14   546     9     0
1693.71  2.77e-15  1.08e-14   546     4     0
1695.39  5.29e-15  1.08e-14   546     8     0
1697.07 -1.52e-15  1.07e-14   546    -2     0
1698.74 -4.98e-15  1.06e-14   546    -8     0
1700.42 -4.42e-15  1.05e-14   546    -7     0
1702.10  6.22e-15  1.05e-14   546    10     0
1703.77  1.37e-14  1.05e-14   546    23     0
1705.45  9.57e-15  1.04e-14   546    16     0
1707.12 -1.00e-14  1.01e-14   547   -17     0
1708.80 -5.98e-15  1.01e-14   547   -10     0
1710.48 -5.60e-15  1.00e-14   547    -9     0
1712.15 -2.74e-15  9.92e-15   547    -4     0
1713.83 -5.35e-15  9.84e-15   547    -9     0
1715.51  3.05e-15  9.81e-15   547     5     0
1717.18  2.58e-14  1.01e-14   547    46     0
1718.86  2.45e-14  1.00e-14   547    45     0
1720.54 -9.10e-15  9.56e-15   547   -16     0
1722.21  6.48e-15  9.55e-15   547    12     0
1723.89  9.38e-15  9.54e-15   547    17     0
1725.56  2.64e-14  9.63e-15   547    49     0
1727.24  1.01e-14  9.32e-15   547    19     0
1728.92 -2.80e-15  9.12e-15   547    -5     0
1730.59  4.03e-15  9.07e-15   547     7     0
1732.27 -1.30e-14  8.99e-15   547   -25     0
1733.95 -1.87e-14  8.92e-15   547   -36     0
1735.62  6.15e-15  8.89e-15   546    12     0
1737.30  1.11e-14  8.94e-15   546    21     0
1738.97  1.99e-14  8.98e-15   546    39     0
1740.65 -4.01e-16  8.67e-15   546     0     0
1742.33  3.38e-15  8.64e-15   546     6     0
1744.00  2.19e-15  8.55e-15   546     4     0
1745.68  1.12e-14  8.60e-15   546    22     0
1747.36  3.41e-14  1.04e-14   546    69     0
1749.03  5.06e-14  1.62e-14   546   103     0
1750.71  2.39e-14  8.77e-15   546    48     0
1752.39  7.87e-15  8.33e-15   546    16     0
1754.06 -4.84e-15  8.15e-15   546   -10     0
1755.74 -2.04e-14  8.06e-15   546   -42     0
1757.41 -6.47e-15  8.00e-15   546   -13     0
1759.09  7.13e-15  8.04e-15   546    15     0
1760.77  1.69e-14  8.15e-15   545    35     0
1762.44 -5.69e-15  7.83e-15   545   -12     0
1764.12 -3.54e-15  7.78e-15   545    -7     0
1765.80 -6.20e-15  7.74e-15   545   -13     0
1767.47 -1.88e-15  7.69e-15   545    -4     0
1769.15 -1.43e-14  7.64e-15   545   -30     0
1770.83 -1.38e-14  7.59e-15   545   -29     0
1772.50  4.66e-15  7.58e-15   545    10     0
1774.18  6.88e-15  7.58e-15   544    15     0
1775.85 -2.20e-15  7.44e-15   544    -4     0
1777.53 -3.79e-15  7.39e-15   544    -8     0
1779.21  4.19e-15  7.38e-15   544     9     0
1780.88  2.10e-14  7.61e-15   544    46     0
1782.56  1.51e-14  7.45e-15   544    33     0
1784.24  1.05e-14  7.35e-15   544    23     0
1785.91  3.86e-15  7.23e-15   543     8     0
1787.59  1.59e-14  7.72e-15   543    35     0
1789.26  8.55e-15  7.93e-15   543    19     0
1790.94  8.19e-15  8.32e-15   543    18     0
1792.62  2.38e-14  8.33e-15   543    54     0
1794.29  2.14e-15  7.91e-15   542     4     0
1795.97 -5.12e-15  7.44e-15   542   -11     0
1797.65  3.22e-15  6.93e-15   542     7     0
1799.32  1.31e-14  7.06e-15   542    30     0
1801.00  2.75e-15  6.84e-15   542     6     0
1802.68 -7.95e-15  6.80e-15   542   -18     0
1804.35 -1.19e-14  6.77e-15   541   -27     0
1806.03  1.98e-15  6.72e-15   541     4     0
1807.70  7.76e-15  6.80e-15   541    18     0
1809.38  1.30e-14  6.85e-15   541    30     0
1811.06  1.36e-14  6.96e-15   540    31     0
1812.73  1.13e-14  6.75e-15   540    26     0
1814.41  2.29e-14  6.92e-15   540    54     0
1816.09  3.53e-14  7.07e-15   540    83     0
1817.76  3.88e-14  8.56e-15   540    91     0
1819.44  3.05e-14  1.22e-14   539    72     0
1821.12  7.30e-15  8.27e-15   539    17     0
1822.79 -2.20e-15  6.43e-15   539    -5     0
1824.47  2.59e-15  6.43e-15   539     6     0
1826.14  5.02e-15  6.44e-15   539    12     0
1827.82 -1.34e-14  6.35e-15   538   -32     0
1829.50 -1.35e-14  6.32e-15   538   -32     0
1831.17 -6.13e-15  6.35e-15   538   -14     0
1832.85  1.33e-15  6.35e-15   538     3     0
1834.53  2.34e-15  6.33e-15   537     5     0
1836.20 -5.30e-15  6.28e-15   537   -12     0
1837.88 -1.14e-14  6.26e-15   537   -27     0
1839.55 -1.32e-14  6.25e-15   537   -31     0
1841.23 -5.89e-15  6.23e-15   536   -14     0
1842.91 -7.71e-15  6.21e-15   536   -18     0
1844.58  7.17e-16  6.20e-15   536     1     0
1846.26  2.21e-16  6.21e-15   536     0     0
1847.94 -8.89e-15  6.20e-15   536   -21     0
1849.61 -1.56e-14  6.18e-15   535   -36     0
1851.29 -8.35e-15  6.14e-15   535   -19     0
1852.97 -1.08e-14  6.13e-15   535   -25     0
1854.64 -1.43e-14  6.12e-15   535   -34     0
1856.32 -1.38e-14  6.12e-15   535   -32     0
1857.99 -1.27e-14  6.11e-15   534   -30     0
1859.67 -8.37e-15  6.10e-15   534   -19     0
1861.35  1.90e-15  6.12e-15   534     4     0
1863.02  2.10e-15  6.10e-15   534     4     0
1864.70 -3.79e-15  6.08e-15   534    -8     0
1866.38 -1.00e-14  6.05e-15   533   -23     0
1868.05 -7.04e-15  6.04e-15   533   -16     0
1869.73  3.89e-15  6.06e-15   533     9     0
1871.41  1.32e-14  6.21e-15   533    31     0
1873.08  1.03e-14  6.18e-15   533    24     0
1874.76  1.02e-14  6.17e-15   533    23     0
1876.43  8.32e-15  6.15e-15   532    19     0
1878.11  1.14e-15  6.02e-15   532     2     0
1879.79 -6.70e-15  6.01e-15   532   -15     0
1881.46 -9.50e-15  6.01e-15   532   -22     0
1883.14 -4.78e-15  6.01e-15   532   -11     0
1884.82 -8.22e-16  6.01e-15   532    -1     0
1886.49 -5.77e-15  6.00e-15   532   -13     0
1888.17 -9.55e-15  5.99e-15   532   -22     0
1889.85 -8.33e-15  5.99e-15   532   -19     0
1891.52 -2.72e-15  5.99e-15   532    -6     0
1893.20 -3.01e-15  5.99e-15   531    -6     0
1894.87  1.96e-15  6.00e-15   531     4     0
1896.55  1.18e-14  6.16e-15   531    26     0
1898.23  1.77e-14  6.25e-15   531    40     0
1899.90  9.00e-15  6.09e-15   531    20     0
1901.58 -2.97e-15  5.96e-15   531    -6     0
1903.26 -7.40e-15  5.95e-15   531   -16     0
1904.93  7.18e-16  5.95e-15   531     1     0
1906.61  2.41e-15  5.98e-15   531     5     0
1908.28 -3.63e-15  5.95e-15   532    -8     0
1909.96 -3.35e-15  5.94e-15   532    -7     0
1911.64  2.58e-16  5.91e-15   532     0     0
1913.31  3.69e-15  5.94e-15   532     8     0
1914.99  3.35e-15  5.93e-15   532     7     0
1916.67 -1.39e-15  5.99e-15   532    -3     0
1918.34 -1.29e-15  6.27e-15   532    -2     0
1920.02  5.17e-17  6.26e-15   532     0     0
1921.70  5.65e-15  6.88e-15   533    12     0
1923.37  1.57e-14  7.05e-15   533    35     0
1925.05  1.98e-14  7.12e-15   533    44     0
1926.72  1.38e-14  6.61e-15   533    30     0
1928.40  9.01e-15  6.33e-15   534    20     0
1930.08  5.71e-15  5.83e-15   534    12     0
1931.75 -3.62e-15  5.74e-15   534    -8     0
1933.43 -2.85e-15  5.72e-15   535    -6     0
1935.11 -3.81e-15  5.68e-15   535    -8     0
1936.78 -6.45e-15  5.66e-15   536   -14     0
1938.46 -6.22e-16  5.63e-15   536    -1     0
1940.14 -1.26e-15  5.60e-15   536    -2     0
1941.81  6.79e-15  5.67e-15   537    15     0
1943.49  7.31e-15  5.65e-15   537    16     0
1945.16 -2.06e-15  5.52e-15   538    -4     0
1946.84 -6.96e-15  5.49e-15   539   -15     0
1948.52 -5.04e-15  5.46e-15   539   -11     0
1950.19 -5.26e-15  5.42e-15   540   -12     0
1951.87  1.32e-16  5.39e-15   540     0     0
1953.55  2.34e-15  5.39e-15   541     5     0
1955.22  3.36e-15  5.39e-15   542     7     0
1956.90  5.50e-15  5.40e-15   543    12     0
1958.57  3.15e-17  5.30e-15   543     0     0
1960.25 -7.96e-15  5.29e-15   544   -18     0
1961.93 -7.80e-15  5.28e-15   545   -18     0
1963.60 -9.18e-16  5.26e-15   546    -2     0
1965.28 -1.46e-15  5.25e-15   547    -3     0
1966.96  2.11e-15  5.27e-15   548     4     0
1968.63  1.28e-14  5.44e-15   549    29     0
1970.31  1.62e-14  5.50e-15   550    37     0
1971.99  1.03e-14  5.42e-15   551    23     0
1973.66  4.68e-15  5.36e-15   552    10     0
1975.34  5.01e-15  5.38e-15   553    11     0
1977.01  5.29e-15  5.41e-15   555    12     0
1978.69 -1.79e-15  5.36e-15   556    -4     0
