NOT ORIGINAL IUE PROJECT DATA PRODUCT
SWP21183LOWLARGE
HD  197481
20:42:05
-31:31:18
48
NO-TRAIL
NO
1199.588
28/09/83
07:37:51
271
10.50
16/08/95
GSFC
2445605.81795
0
40
1150.59 -3.61e-13  1.50e-13   395   -43     0
1152.27 -8.75e-14  1.41e-13   395   -11     0
1153.94 -1.11e-13  1.33e-13   395   -15     0
1155.62 -1.43e-13  1.24e-13   396   -21     0
1157.29  2.19e-14  1.15e-13   396     3     0
1158.97  3.89e-14  1.07e-13   396     6     0
1160.65  5.83e-14  9.89e-14   396    10     0
1162.32 -1.82e-14  9.05e-14   397    -3     0
1164.00  4.38e-17  8.43e-14   397     0     0
1165.68 -5.97e-14  7.97e-14   397   -13     0
1167.35  3.71e-14  7.55e-14   398     8     0
1169.03  1.11e-13  7.42e-14   398    28     0
1170.70  1.09e-13  6.96e-14   398    29     0
1172.38  3.43e-14  6.18e-14   398    10     0
1174.06  6.10e-14  5.93e-14   399    19     0
1175.73  1.18e-14  5.32e-14   399     3     0
1177.41  6.39e-14  5.24e-14   399    22     0
1179.09 -2.45e-14  4.66e-14   399    -9     0
1180.76 -1.00e-14  4.41e-14   400    -4     0
1182.44  4.08e-14  4.34e-14   400    17     0
1184.12  1.87e-14  4.03e-14   400     8     0
1185.79  6.72e-15  3.76e-14   400     3     0
1187.47  3.45e-15  3.57e-14   401     1     0
1189.14  1.67e-16  3.74e-14   401     0     0
1190.82  2.26e-14  5.65e-14   401    11     0
1192.50 -1.08e-13  1.13e-13   401   -59 -4096
1194.17  4.11e-14  1.12e-13   402    23 -4096
1195.85  2.45e-14  1.06e-13   402    14 -4096
1197.53  2.24e-15  4.80e-14   402     1 -4096
1199.20 -2.57e-14  2.98e-14   402   -16     0
1200.88 -4.72e-15  2.65e-14   402    -3     0
1202.56  4.81e-14  2.79e-14   403    32     0
1204.23  3.04e-14  2.62e-14   403    20     0
1205.91  7.14e-14  2.75e-14   403    50     0
1207.58  5.47e-14  2.58e-14   403    39     0
1209.26  1.36e-13  4.50e-14   404   101     0
1210.94  1.77e-13  5.08e-14   404   136     0
1212.61  2.54e-13  8.56e-14   404   200     0
1214.29  4.26e-13  9.33e-14   404   344     0
1215.97  7.79e-13  1.55e-13   404   643     0
1217.64  1.05e-12  1.85e-13   405   890     0
1219.32  5.16e-13  1.08e-13   405   446     0
1221.00  2.54e-13  3.69e-14   405   224     0
1222.67  1.02e-13  3.93e-14   405    92     0
1224.35  3.23e-14  1.97e-14   405    29     0
1226.02  3.91e-15  1.80e-14   406     3     0
1227.70  4.15e-15  1.76e-14   406     3     0
1229.38 -3.58e-15  1.72e-14   406    -3     0
1231.05 -1.46e-14  1.69e-14   406   -14     0
1232.73 -2.20e-15  1.66e-14   406    -2     0
1234.41  1.98e-14  1.73e-14   407    19     0
1236.08 -4.87e-15  1.61e-14   407    -4     0
1237.76 -1.53e-14  1.59e-14   407   -15     0
1239.44  7.95e-15  1.60e-14   407     8     0
1241.11  8.47e-15  1.58e-14   407     8     0
1242.79  2.85e-14  1.66e-14   407    30     0
1244.46  2.20e-14  1.61e-14   408    23     0
1246.14  3.27e-14  1.65e-14   408    35     0
1247.82  3.20e-14  1.63e-14   408    35     0
1249.49  2.35e-14  1.57e-14   408    26     0
1251.17 -1.37e-14  1.46e-14   408   -15     0
1252.85 -1.90e-15  1.44e-14   408    -2     0
1254.52 -1.05e-16  1.43e-14   409     0     0
1256.20 -4.68e-15  1.41e-14   409    -5     0
1257.87  1.53e-15  1.40e-14   409     1     0
1259.55  9.52e-15  1.43e-14   409    10     0
1261.23  5.81e-15  1.42e-14   409     6     0
1262.90  8.94e-15  1.41e-14   409    10     0
1264.58  3.03e-14  1.51e-14   409    35     0
1266.26  1.80e-14  1.44e-14   410    21     0
1267.93  1.91e-14  1.44e-14   410    22     0
1269.61  1.35e-14  1.40e-14   410    15     0
1271.29  5.22e-15  1.33e-14   410     6     0
1272.96 -2.37e-15  1.32e-14   410    -2     0
1274.64 -2.38e-14  1.31e-14   410   -28     0
1276.31 -4.53e-15  1.30e-14   410    -5     0
1277.99  5.32e-15  1.31e-14   411     6     0
1279.67  7.74e-15  1.32e-14   411     9     0
1281.34 -3.18e-15  1.28e-14   411    -3     0
1283.02  1.56e-14  1.35e-14   411    19     0
1284.70 -2.43e-15  1.27e-14   411    -2     0
1286.37 -2.77e-15  1.27e-14   411    -3     0
1288.05 -6.91e-15  1.26e-14   411    -8     0
1289.73  8.65e-15  1.30e-14   411    10     0
1291.40  1.00e-15  1.26e-14   412     1     0
1293.08  3.72e-15  1.27e-14   412     4     0
1294.75  2.29e-15  1.26e-14   412     2     0
1296.43 -4.00e-15  1.25e-14   412    -4     0
1298.11 -4.73e-15  1.25e-14   412    -5     0
1299.78  5.30e-15  1.27e-14   412     6     0
1301.46  1.51e-14  1.30e-14   412    18     0
1303.14  1.92e-14  1.33e-14   412    23     0
1304.81  2.07e-14  1.33e-14   412    25     0
1306.49  2.06e-14  1.33e-14   413    25     0
1308.17  3.77e-14  1.39e-14   413    46     0
1309.84  2.47e-14  1.34e-14   413    30     0
1311.52  1.29e-14  1.29e-14   413    15     0
1313.19 -8.47e-16  1.23e-14   413    -1     0
1314.87  5.55e-15  1.26e-14   413     6     0
1316.55  2.21e-14  1.34e-14   413    26     0
1318.22  9.02e-15  1.27e-14   413    10     0
1319.90  3.38e-15  1.25e-14   413     4     0
1321.58 -2.83e-16  1.22e-14   413     0     0
1323.25 -3.37e-15  1.22e-14   414    -4     0
1324.93  8.68e-15  1.27e-14   414    10     0
1326.61  8.33e-15  1.26e-14   414    10     0
1328.28  1.47e-14  1.30e-14   414    17     0
1329.96  1.62e-14  1.30e-14   414    19     0
1331.63  1.72e-14  1.31e-14   414    20     0
1333.31  1.58e-14  1.31e-14   414    18     0
1334.99  3.15e-14  1.40e-14   414    37     0
1336.66  7.12e-14  1.59e-14   414    83     0
1338.34  3.37e-14  1.40e-14   414    39     0
1340.02  9.48e-15  1.29e-14   414    11     0
1341.69  2.64e-15  1.26e-14   414     3     0
1343.37 -8.25e-15  1.25e-14   414    -9     0
1345.05  1.99e-14  1.35e-14   415    23     0
1346.72  9.80e-15  1.30e-14   415    11     0
1348.40  9.30e-15  1.31e-14   415    10     0
1350.07 -4.50e-15  1.27e-14   415    -5     0
1351.75  1.40e-14  1.34e-14   415    15     0
1353.43  1.78e-14  1.35e-14   415    20     0
1355.10 -7.75e-15  1.32e-14   415    -8     0
1356.78  3.80e-15  1.30e-14   415     4     0
1358.46  2.96e-14  1.43e-14   415    32     0
1360.13  1.64e-14  1.36e-14   415    18     0
1361.81  7.09e-15  1.32e-14   415     7     0
1363.48 -5.93e-15  1.29e-14   415    -6     0
1365.16  5.38e-15  1.32e-14   415     5     0
1366.84  4.19e-15  1.32e-14   415     4     0
1368.51  8.68e-16  1.31e-14   415     0     0
1370.19 -2.29e-14  1.32e-14   415   -24     0
1371.87 -1.95e-14  1.32e-14   415   -20     0
1373.54  1.23e-14  1.39e-14   416    12     0
1375.22 -4.17e-15  1.33e-14   416    -4     0
1376.90 -1.33e-14  1.34e-14   416   -13     0
1378.57  1.65e-15  1.35e-14   416     1     0
1380.25 -5.05e-16  1.35e-14   416     0     0
1381.92 -1.26e-14  1.35e-14   416   -12     0
1383.60 -1.72e-14  1.36e-14   416   -17     0
1385.28  5.01e-16  1.37e-14   416     0     0
1386.95  9.21e-15  1.42e-14   416     9     0
1388.63 -1.02e-14  1.38e-14   416   -10     0
1390.31  1.20e-14  1.44e-14   416    11     0
1391.98  3.39e-14  1.56e-14   416    33     0
1393.66 -3.48e-15  1.40e-14   416    -3     0
1395.34  7.83e-15  1.44e-14   416     7     0
1397.01  1.29e-15  1.42e-14   416     1     0
1398.69  2.56e-14  1.55e-14   416    24     0
1400.36  7.33e-15  1.46e-14   416     6     0
1402.04  3.46e-15  1.45e-14   416     3     0
1403.72 -8.45e-15  1.45e-14   416    -7     0
1405.39  1.50e-14  1.52e-14   416    14     0
1407.07  1.90e-14  1.55e-14   416    17     0
1408.75  1.69e-14  1.55e-14   416    15     0
1410.42  2.45e-14  1.60e-14   416    22     0
1412.10  3.24e-14  1.64e-14   416    29     0
1413.78  2.23e-15  1.50e-14   416     2     0
1415.45  1.42e-14  1.58e-14   416    12     0
1417.13 -1.03e-14  1.56e-14   416    -9     0
1418.80 -2.66e-15  1.52e-14   416    -2     0
1420.48 -1.00e-15  1.51e-14   416     0     0
1422.16 -2.56e-14  1.52e-14   416   -22     0
1423.83 -2.57e-14  1.53e-14   417   -22     0
1425.51 -7.32e-16  1.55e-14   417     0     0
1427.19  1.13e-15  1.55e-14   417     0     0
1428.86 -8.42e-15  2.04e-14   417    -7     0
1430.54 -2.56e-14  1.57e-14   417   -21     0
1432.22 -1.67e-14  1.58e-14   417   -13     0
1433.89 -8.66e-15  1.58e-14   417    -7     0
1435.57  1.16e-14  1.92e-14   417     9     0
1437.24 -1.75e-14  1.59e-14   417   -14     0
1438.92 -1.40e-14  1.59e-14   417   -11     0
1440.60  1.15e-14  1.66e-14   417     9     0
1442.27  2.09e-14  1.71e-14   417    16     0
1443.95  2.61e-14  1.74e-14   417    20     0
1445.63  6.95e-15  1.74e-14   417     5     0
1447.30  7.61e-15  1.71e-14   417     6     0
1448.98  6.07e-15  1.66e-14   417     4     0
1450.66  8.76e-15  1.68e-14   417     6     0
1452.33  9.25e-15  1.68e-14   417     7     0
1454.01  2.00e-14  1.74e-14   417    15     0
1455.68  1.48e-14  1.71e-14   417    11     0
1457.36 -1.21e-14  1.65e-14   417    -9     0
1459.04  1.27e-14  1.71e-14   417     9     0
1460.71  2.51e-14  1.78e-14   417    19     0
1462.39  2.24e-15  1.67e-14   417     1     0
1464.07 -2.41e-14  1.66e-14   417   -18     0
1465.74 -3.42e-15  1.66e-14   417    -2     0
1467.42 -6.89e-15  1.66e-14   417    -5     0
1469.09 -8.42e-15  1.66e-14   417    -6     0
1470.77 -5.63e-14  1.65e-14   417   -42     0
1472.45 -9.25e-15  1.65e-14   417    -6     0
1474.12 -1.16e-14  1.65e-14   417    -8     0
1475.80 -1.81e-14  1.65e-14   417   -13     0
1477.48  1.57e-15  1.66e-14   417     1     0
1479.15  2.65e-14  1.78e-14   417    19     0
1480.83  8.69e-15  1.69e-14   417     6     0
1482.51 -3.01e-14  1.66e-14   417   -22     0
1484.18 -1.87e-14  1.66e-14   417   -13     0
1485.86  2.83e-14  1.84e-14   417    20     0
1487.53  2.81e-14  1.79e-14   417    20     0
1489.21  2.94e-15  1.68e-14   417     2     0
1490.89  2.16e-14  1.77e-14   417    15     0
1492.56  2.21e-14  1.77e-14   417    16     0
1494.24  6.26e-15  1.68e-14   417     4     0
1495.92  2.81e-14  1.81e-14   417    20     0
1497.59  3.46e-14  1.84e-14   417    24     0
1499.27  2.14e-14  1.80e-14   417    15     0
1500.95 -8.13e-16  1.69e-14   417     0     0
1502.62  1.02e-14  1.73e-14   417     7     0
1504.30 -5.62e-15  1.73e-14   417    -3     0
1505.97 -7.42e-15  1.71e-14   417    -5     0
1507.65 -1.96e-14  1.71e-14   416   -13     0
1509.33 -2.12e-14  1.72e-14   416   -14     0
1511.00 -1.53e-14  1.71e-14   416   -10     0
1512.68  8.04e-15  1.76e-14   416     5     0
1514.36  1.76e-14  2.07e-14   416    12     0
1516.03 -1.06e-14  1.73e-14   416    -7     0
1517.71 -3.09e-15  1.73e-14   416    -2     0
1519.39  3.12e-14  1.88e-14   416    21     0
1521.06  2.29e-14  1.83e-14   416    15     0
1522.74  2.07e-14  1.83e-14   416    14     0
1524.41  2.19e-14  1.84e-14   416    14     0
1526.09  3.01e-14  1.88e-14   416    20     0
1527.77 -1.47e-14  1.74e-14   416    -9     0
1529.44 -2.55e-14  1.74e-14   416   -17     0
1531.12  1.05e-15  1.75e-14   416     0     0
1532.80 -4.14e-14  1.75e-14   416   -27     0
1534.47 -1.46e-14  1.75e-14   416    -9     0
1536.15  1.54e-14  1.81e-14   416    10     0
1537.83  3.75e-14  1.91e-14   416    24     0
1539.50 -4.25e-15  1.90e-14   416    -2     0
1541.18  8.95e-15  1.78e-14   416     5     0
1542.85  1.56e-14  2.09e-14   416    10     0
1544.53  2.46e-14  1.83e-14   416    16     0
1546.21  5.18e-14  1.95e-14   416    34     0
1547.88  1.11e-13  2.21e-14   416    73     0
1549.56  7.46e-14  2.15e-14   416    49     0
1551.24  9.33e-14  2.11e-14   416    62     0
1552.91  5.29e-14  1.94e-14   416    35     0
1554.59  4.63e-14  1.91e-14   416    30     0
1556.26  1.82e-15  1.71e-14   416     1     0
1557.94  8.99e-15  1.73e-14   416     5     0
1559.62 -1.70e-14  1.71e-14   416   -11     0
1561.29 -4.19e-15  1.69e-14   416    -2     0
1562.97  1.47e-14  1.73e-14   416     9     0
1564.65  6.42e-15  1.70e-14   416     4     0
1566.32  1.11e-14  1.76e-14   416     7     0
1568.00  7.77e-15  2.03e-14   416     5     0
1569.68 -2.02e-16  1.67e-14   416     0     0
1571.35  1.11e-15  1.66e-14   415     0     0
1573.03 -1.07e-15  1.65e-14   415     0     0
1574.70  8.07e-15  1.68e-14   415     5     0
1576.38  1.58e-14  1.76e-14   415    10     0
1578.06 -1.18e-14  1.63e-14   415    -7     0
1579.73 -1.57e-14  1.63e-14   415   -10     0
1581.41 -4.83e-15  1.63e-14   415    -3     0
1583.09  8.09e-15  1.66e-14   415     5     0
1584.76 -2.95e-14  1.62e-14   415   -20     0
1586.44 -1.41e-14  1.62e-14   415    -9     0
1588.12  1.26e-14  1.66e-14   415     8     0
1589.79 -5.78e-15  1.73e-14   415    -3     0
1591.47 -1.47e-14  1.71e-14   415   -10     0
1593.14  2.63e-14  1.70e-14   415    17     0
1594.82  3.21e-14  1.72e-14   415    21     0
1596.50  3.89e-14  1.73e-14   415    26     0
1598.17  3.59e-14  1.86e-14   415    24     0
1599.85 -7.02e-15  1.57e-14   415    -4     0
1601.53  7.73e-15  1.70e-14   415     5     0
1603.20  4.83e-14  1.77e-14   415    33     0
1604.88  2.11e-14  1.65e-14   415    14     0
1606.56  2.05e-15  1.55e-14   415     1     0
1608.23  4.99e-15  1.56e-14   415     3     0
1609.91 -1.66e-14  1.53e-14   415   -11     0
1611.58  2.18e-14  1.62e-14   414    15     0
1613.26  2.18e-14  1.61e-14   414    15     0
1614.94  2.76e-14  1.64e-14   414    19     0
1616.61  6.26e-14  1.89e-14   414    43     0
1618.29  1.48e-14  1.56e-14   414    10     0
1619.97  4.75e-15  1.51e-14   414     3     0
1621.64  3.40e-14  1.64e-14   414    23     0
1623.32  1.39e-14  1.55e-14   414     9     0
1625.00 -1.67e-14  1.48e-14   414   -11     0
1626.67 -2.27e-15  1.48e-14   414    -1     0
1628.35  1.50e-14  1.53e-14   414    10     0
1630.02  7.33e-15  1.48e-14   414     5     0
1631.70  3.31e-15  1.46e-14   414     2     0
1633.38  6.64e-15  1.46e-14   414     4     0
1635.05  2.48e-15  1.44e-14   414     1     0
1636.73 -4.61e-15  1.47e-14   414    -3     0
1638.41  2.86e-14  1.54e-14   414    20     0
1640.08  3.76e-14  1.56e-14   414    27     0
1641.76  5.36e-14  1.76e-14   414    39     0
1643.44  6.25e-14  1.63e-14   413    45     0
1645.11  1.30e-14  1.45e-14   413     9     0
1646.79 -2.90e-15  1.39e-14   413    -2     0
1648.46  5.39e-15  1.40e-14   413     3     0
1650.14  2.10e-14  1.45e-14   413    15     0
1651.82  3.13e-14  1.47e-14   413    23     0
1653.49  3.49e-14  1.49e-14   413    26     0
1655.17 -1.07e-14  1.35e-14   413    -7     0
1656.85  3.19e-14  1.47e-14   413    23     0
1658.52  3.36e-14  1.46e-14   413    25     0
1660.20  1.20e-14  1.38e-14   413     9     0
1661.87 -2.82e-15  1.32e-14   413    -2     0
1663.55  7.51e-15  1.34e-14   413     5     0
1665.23  3.06e-14  1.42e-14   413    23     0
1666.90  1.01e-14  1.33e-14   413     7     0
1668.58  9.26e-15  1.31e-14   413     7     0
1670.26  1.95e-14  1.35e-14   412    15     0
1671.93  4.12e-14  1.43e-14   412    32     0
1673.61  9.97e-15  1.30e-14   412     7     0
1675.29  8.25e-15  1.28e-14   412     6     0
1676.96  5.71e-15  1.27e-14   412     4     0
1678.64  9.35e-15  1.28e-14   412     7     0
1680.31 -2.37e-15  1.23e-14   412    -1     0
1681.99 -1.23e-14  1.22e-14   412    -9     0
1683.67 -9.81e-16  1.21e-14   412     0     0
1685.34 -8.89e-15  1.20e-14   412    -7     0
1687.02  7.36e-15  1.22e-14   412     6     0
1688.70  2.57e-16  1.18e-14   412     0     0
1690.37 -5.87e-15  1.17e-14   412    -4     0
1692.05  8.02e-15  1.20e-14   412     6     0
1693.73  6.25e-15  1.18e-14   411     5     0
1695.40  1.20e-14  1.19e-14   411    10     0
1697.08  1.41e-14  1.21e-14   411    11     0
1698.75  1.02e-15  1.13e-14   411     0     0
1700.43 -2.48e-15  1.12e-14   411    -2     0
1702.11  3.97e-15  1.13e-14   411     3     0
1703.78  1.35e-14  1.15e-14   411    11     0
1705.46  1.94e-14  1.16e-14   411    16     0
1707.14  7.84e-15  1.11e-14   411     6     0
1708.81  1.27e-14  1.13e-14   411    11     0
1710.49 -5.47e-16  1.07e-14   411     0     0
1712.17 -9.20e-16  1.06e-14   411     0     0
1713.84  3.03e-14  1.17e-14   411    27     0
1715.52  4.23e-14  1.20e-14   410    38     0
1717.19  3.15e-14  1.16e-14   410    28     0
1718.87  6.14e-15  1.06e-14   410     5     0
1720.55  1.52e-14  1.08e-14   410    13     0
1722.22  6.72e-15  1.10e-14   410     6     0
1723.90  7.26e-15  1.03e-14   410     6     0
1725.58  1.81e-15  9.90e-15   410     1     0
1727.25  5.13e-15  1.00e-14   410     4     0
1728.93 -6.87e-15  9.74e-15   410    -6     0
1730.61  4.97e-15  9.88e-15   410     4     0
1732.28  2.76e-14  1.06e-14   410    26     0
1733.96  3.11e-14  1.07e-14   409    30     0
1735.63  2.03e-14  1.03e-14   409    19     0
1737.31  1.04e-14  9.75e-15   409    10     0
1738.99  1.17e-14  9.74e-15   409    11     0
1740.66  1.45e-14  9.81e-15   409    14     0
1742.34  2.54e-14  1.01e-14   409    25     0
1744.02  9.90e-15  9.52e-15   409     9     0
1745.69  2.05e-14  9.81e-15   409    20     0
1747.37  2.31e-14  9.85e-15   409    23     0
1749.04  2.25e-14  9.73e-15   409    22     0
1750.72  6.37e-15  9.09e-15   408     6     0
1752.40 -8.35e-15  8.79e-15   408    -8     0
1754.07 -1.42e-15  8.72e-15   408    -1     0
1755.75  1.77e-14  9.26e-15   408    18     0
1757.43  1.55e-14  9.16e-15   408    16     0
1759.10  1.19e-14  8.96e-15   408    12     0
1760.78  1.44e-15  8.49e-15   408     1     0
1762.46 -1.79e-15  8.38e-15   408    -1     0
1764.13 -2.33e-15  8.33e-15   408    -2     0
1765.81 -7.80e-16  8.29e-15   408     0     0
1767.48 -7.89e-15  8.24e-15   407    -8     0
1769.16 -1.10e-14  8.18e-15   407   -11     0
1770.84  2.64e-15  8.23e-15   407     2     0
1772.51 -5.45e-15  8.08e-15   407    -5     0
1774.19 -1.36e-14  8.03e-15   407   -14     0
1775.87 -3.07e-15  7.97e-15   407    -3     0
1777.54 -3.36e-17  8.71e-15   407     0     0
1779.22 -1.47e-14  7.87e-15   407   -16     0
1780.90 -4.84e-15  7.82e-15   406    -5     0
1782.57 -6.13e-15  7.77e-15   406    -6     0
1784.25 -7.20e-17  7.73e-15   406     0     0
1785.92  1.04e-14  8.11e-15   406    11     0
1787.60  1.48e-14  8.19e-15   406    16     0
1789.28  9.82e-15  8.02e-15   406    11     0
1790.95 -2.89e-15  1.29e-14   406    -3 -4096
1792.63  1.28e-14  1.35e-14   406    14 -4096
1794.31 -1.00e-14  8.25e-15   406   -11     0
1795.98 -1.62e-14  7.49e-15   405   -18     0
1797.66 -1.27e-14  7.42e-15   405   -14     0
1799.34 -1.43e-15  7.38e-15   405    -1     0
1801.01 -6.35e-16  7.35e-15   405     0     0
1802.69  2.12e-15  7.36e-15   405     2     0
1804.36  1.00e-14  7.65e-15   405    11     0
1806.04  1.54e-14  7.79e-15   405    17     0
1807.72  1.33e-14  7.68e-15   404    15     0
1809.39  1.97e-14  7.88e-15   404    22     0
1811.07  2.11e-14  7.90e-15   404    24     0
1812.75 -6.26e-15  7.12e-15   404    -7     0
1814.42 -3.86e-15  7.09e-15   404    -4     0
1816.10  9.96e-15  7.42e-15   404    11     0
1817.78  1.99e-14  7.74e-15   404    23     0
1819.45  1.67e-14  7.59e-15   403    19     0
1821.13  7.58e-15  7.23e-15   403     8     0
1822.80  1.27e-14  7.40e-15   403    14     0
1824.48  7.76e-15  7.19e-15   403     9     0
1826.16  2.51e-15  6.94e-15   403     2     0
1827.83 -6.29e-16  6.85e-15   403     0     0
1829.51  3.30e-17  6.83e-15   403     0     0
1831.19 -5.14e-15  6.86e-15   402    -6     0
1832.86  9.64e-15  7.20e-15   402    11     0
1834.54  5.17e-15  7.00e-15   402     6     0
1836.22  2.85e-16  6.80e-15   402     0     0
1837.89  3.20e-15  6.88e-15   402     3     0
1839.57  1.02e-14  7.12e-15   402    12     0
1841.24  3.71e-15  6.87e-15   402     4     0
1842.92  8.41e-15  7.04e-15   401     9     0
1844.60  1.11e-14  7.12e-15   401    13     0
1846.27  2.29e-15  6.81e-15   401     2     0
1847.95 -3.53e-15  6.72e-15   401    -4     0
1849.63  6.97e-15  6.96e-15   401     8     0
1851.30  1.29e-14  7.12e-15   401    15     0
1852.98  6.51e-15  6.86e-15   400     7     0
1854.65  1.18e-14  7.06e-15   400    13     0
1856.33  8.22e-15  6.94e-15   400     9     0
1858.01  2.58e-16  6.63e-15   400     0     0
1859.68  3.12e-16  6.63e-15   400     0     0
1861.36 -1.31e-15  6.63e-15   400    -1     0
1863.04 -6.88e-15  6.62e-15   399    -8     0
1864.71 -2.54e-15  6.62e-15   399    -2     0
1866.39  6.17e-15  6.80e-15   399     7     0
1868.07  7.59e-15  6.84e-15   399     8     0
1869.74  9.99e-15  6.92e-15   399    11     0
1871.42 -1.19e-15  6.56e-15   398    -1     0
1873.09 -6.66e-15  6.56e-15   398    -7     0
1874.77  2.95e-16  6.56e-15   398     0     0
1876.45  6.53e-15  6.80e-15   398     7     0
1878.12  8.96e-15  6.88e-15   398    10     0
1879.80  5.18e-15  6.75e-15   398     5     0
1881.48  2.44e-15  6.64e-15   397     2     0
1883.15  8.18e-15  6.85e-15   397     9     0
1884.83  1.18e-14  6.97e-15   397    13     0
1886.51  2.91e-16  6.55e-15   397     0     0
1888.18 -1.22e-14  6.54e-15   397   -13     0
1889.86 -1.11e-14  6.54e-15   396   -12     0
1891.53 -1.14e-14  6.54e-15   396   -12     0
1893.21 -9.15e-15  6.53e-15   396   -10     0
1894.89  9.49e-16  6.56e-15   396     1     0
1896.56  9.48e-15  6.86e-15   396    10     0
1898.24  1.18e-14  6.90e-15   395    13     0
1899.92  7.71e-15  6.75e-15   395     8     0
1901.59 -2.12e-17  6.51e-15   395     0     0
1903.27 -2.41e-15  6.50e-15   395    -2     0
1904.95 -7.75e-15  6.50e-15   395    -8     0
1906.62 -1.53e-14  6.51e-15   394   -17     0
1908.30 -1.06e-14  6.50e-15   394   -11     0
1909.97 -5.30e-15  6.49e-15   394    -5     0
1911.65 -2.31e-16  6.46e-15   394     0     0
1913.33 -3.37e-15  6.45e-15   394    -3     0
1915.00 -3.72e-15  6.44e-15   393    -4     0
1916.68 -1.17e-15  6.40e-15   393    -1     0
1918.36 -1.23e-15  6.38e-15   393    -1     0
1920.03  2.94e-15  6.49e-15   393     3     0
1921.71 -1.97e-15  6.40e-15   392    -2     0
1923.39 -2.58e-15  6.38e-15   392    -2     0
1925.06 -5.09e-15  6.38e-15   392    -5     0
1926.74  1.72e-16  6.33e-15   392     0     0
1928.41  1.48e-15  6.35e-15   392     1     0
1930.09  7.40e-16  6.31e-15   391     0     0
1931.77  3.83e-15  6.40e-15   391     4     0
1933.44  9.64e-15  6.58e-15   391    10     0
1935.12  1.05e-14  6.58e-15   391    11     0
1936.80  7.70e-15  6.45e-15   390     8     0
1938.47  2.43e-15  6.22e-15   390     2     0
1940.15  1.37e-15  6.15e-15   390     1     0
1941.82  5.88e-15  6.27e-15   390     6     0
1943.50  1.38e-14  6.50e-15   389    15     0
1945.18  1.24e-14  6.43e-15   389    14     0
1946.85  6.77e-15  6.20e-15   389     7     0
1948.53  6.65e-15  6.16e-15   389     7     0
1950.21  7.91e-15  6.17e-15   388     9     0
1951.88  1.28e-15  5.88e-15   388     1     0
1953.56 -1.92e-15  5.81e-15   388    -2     0
1955.24  2.24e-15  5.86e-15   388     2     0
1956.91 -4.26e-15  5.75e-15   387    -4     0
1958.59 -7.74e-15  5.73e-15   387    -9     0
1960.26 -1.08e-14  5.71e-15   387   -12     0
1961.94 -4.74e-15  5.68e-15   387    -5     0
1963.62 -1.25e-15  5.66e-15   386    -1     0
1965.29  4.70e-16  5.65e-15   386     0     0
1966.97 -1.80e-15  5.63e-15   386    -2     0
1968.65 -1.70e-15  5.62e-15   386    -1     0
1970.32  6.46e-15  5.87e-15   385     7     0
1972.00  1.08e-14  6.04e-15   385    12     0
1973.68  6.27e-15  5.89e-15   385     7     0
1975.35  4.94e-15  5.86e-15   385     5     0
1977.03  2.03e-15  5.76e-15   384     2     0
1978.70  6.57e-16  5.72e-15   384     0     0
