NOT ORIGINAL IUE PROJECT DATA PRODUCT
SWP21340LOWLARGE
HD  197481
20:42:05
-31:31:18
48
NO-TRAIL
X-OFFSETS
3598.765
24/10/83
02:53:35
297
9.84
16/01/97
GSFC
2445631.62054
0
38
1150.58 -4.83e-14  1.10e-13   691   -17     0
1152.26 -4.29e-14  1.04e-13   691   -16     0
1153.93 -2.08e-14  9.73e-14   691    -8     0
1155.61 -6.44e-14  9.06e-14   691   -28     0
1157.29 -5.23e-14  8.41e-14   691   -24     0
1158.96 -3.57e-15  7.77e-14   691    -1     0
1160.64  1.89e-14  7.13e-14   691    10     0
1162.31  3.85e-16  6.64e-14   691     0     0
1163.99  5.38e-15  6.18e-14   691     3     0
1165.67 -4.52e-15  5.83e-14   691    -3     0
1167.34 -8.54e-15  5.43e-14   691    -6     0
1169.02 -2.55e-14  5.07e-14   691   -19     0
1170.70  5.66e-15  4.74e-14   691     4     0
1172.37 -4.50e-15  4.43e-14   691    -3     0
1174.05  2.45e-14  4.17e-14   691    23     0
1175.73  2.61e-14  3.90e-14   691    26     0
1177.40  5.15e-14  3.70e-14   690    54     0
1179.08  1.41e-14  3.42e-14   690    16     0
1180.75 -8.00e-15  3.22e-14   690    -9     0
1182.43 -2.19e-14  3.04e-14   690   -27     0
1184.11 -1.15e-15  2.88e-14   690    -1     0
1185.78 -4.38e-14  2.73e-14   690   -61     0
1187.46 -6.40e-15  2.59e-14   690    -9     0
1189.14 -5.11e-14  2.59e-14   690   -78     0
1190.81 -3.64e-14  2.50e-14   689   -57     0
1192.49 -2.98e-14  2.52e-14   689   -49     0
1194.17 -1.55e-14  2.49e-14   689   -26     0
1195.84 -2.31e-14  2.34e-14   689   -41     0
1197.52 -1.75e-14  2.20e-14   689   -32     0
1199.19 -1.05e-14  2.03e-14   689   -19     0
1200.87 -7.72e-15  1.93e-14   688   -15     0
1202.55  2.72e-14  1.90e-14   688    54     0
1204.22  1.93e-14  1.83e-14   688    39     0
1205.90  3.72e-14  1.81e-14   688    79     0
1207.58  7.97e-14  1.82e-14   688   174     0
1209.25  1.49e-13  3.43e-14   688   335     0
1210.93  3.31e-13  6.18e-14   687   761     0
1212.60  4.61e-13  8.09e-14   687  1090     0
1214.28  6.22e-13  1.03e-13   687  1506     0
1215.96  7.70e-13  1.28e-13   687  1912     0
1217.63  8.00e-13  1.44e-13   687  2032     0
1219.31  6.44e-13  1.20e-13   686  1674     0
1220.99  3.55e-13  6.78e-14   686   943     0
1222.66  1.51e-13  3.57e-14   686   410     0
1224.34  5.27e-14  1.68e-14   686   145     0
1226.02  1.99e-14  1.32e-14   686    55     0
1227.69 -1.00e-14  1.26e-14   685   -28     0
1229.37 -2.00e-14  1.24e-14   685   -58     0
1231.04 -1.30e-14  1.22e-14   685   -38     0
1232.72 -6.31e-15  1.20e-14   685   -18     0
1234.40  1.71e-14  1.21e-14   685    51     0
1236.07  1.84e-14  1.19e-14   684    56     0
1237.75  3.25e-15  1.15e-14   684    10     0
1239.43  2.55e-14  1.18e-14   684    80     0
1241.10  1.65e-14  1.14e-14   684    52     0
1242.78  1.68e-14  1.13e-14   684    53     0
1244.46  3.45e-14  1.15e-14   683   112     0
1246.13  2.36e-14  1.11e-14   683    77     0
1247.81 -3.96e-16  1.06e-14   683    -1     0
1249.48  8.97e-15  1.06e-14   683    29     0
1251.16  1.16e-14  1.06e-14   683    38     0
1252.84  3.63e-15  1.04e-14   683    12     0
1254.51  1.27e-14  1.05e-14   682    43     0
1256.19 -3.94e-15  1.01e-14   682   -13     0
1257.87 -2.42e-14  1.01e-14   682   -83     0
1259.54 -2.46e-15  9.97e-15   682    -8     0
1261.22  9.54e-15  1.00e-14   682    33     0
1262.89  2.76e-15  9.84e-15   682     9     0
1264.57 -3.66e-15  9.76e-15   681   -12     0
1266.25 -1.05e-14  9.71e-15   681   -36     0
1267.92 -1.14e-14  9.64e-15   681   -40     0
1269.60 -9.16e-16  9.58e-15   681    -3     0
1271.28 -1.57e-14  9.48e-15   681   -56     0
1272.95 -1.26e-14  9.43e-15   681   -45     0
1274.63 -7.30e-15  9.37e-15   681   -26     0
1276.31 -4.20e-15  9.29e-15   681   -15     0
1277.98 -6.01e-15  9.24e-15   680   -21     0
1279.66 -3.91e-15  9.19e-15   680   -14     0
1281.33 -1.40e-14  9.17e-15   680   -51     0
1283.01 -4.79e-15  9.13e-15   680   -17     0
1284.69 -1.09e-14  9.09e-15   680   -40     0
1286.36 -1.23e-15  9.06e-15   680    -4     0
1288.04 -1.06e-14  9.03e-15   680   -38     0
1289.72 -5.52e-15  9.00e-15   680   -20     0
1291.39 -8.79e-15  8.97e-15   680   -32     0
1293.07 -4.37e-16  8.94e-15   680    -1     0
1294.75  9.99e-15  9.06e-15   679    36     0
1296.42  9.64e-15  9.04e-15   679    35     0
1298.10  5.85e-15  8.97e-15   679    21     0
1299.77 -1.61e-14  8.88e-15   679   -59     0
1301.45 -1.66e-14  8.82e-15   679   -61     0
1303.13 -7.19e-15  8.80e-15   679   -26     0
1304.80  1.25e-14  9.00e-15   679    46     0
1306.48  2.75e-14  9.22e-15   679   102     0
1308.16  2.87e-14  9.21e-15   679   106     0
1309.83  3.03e-15  8.75e-15   679    11     0
1311.51 -7.44e-15  8.78e-15   679   -27     0
1313.19  6.14e-15  8.85e-15   679    22     0
1314.86  1.00e-14  8.91e-15   679    36     0
1316.54  6.09e-15  8.86e-15   679    22     0
1318.21  7.96e-15  8.86e-15   679    29     0
1319.89 -1.42e-16  8.76e-15   679     0     0
1321.57 -4.29e-16  8.91e-15   679    -1     0
1323.24 -5.46e-15  9.12e-15   679   -19     0
1324.92 -9.20e-15  9.85e-15   679   -33     0
1326.60  1.01e-15  9.85e-15   679     3     0
1328.27  2.08e-15  9.12e-15   679     7     0
1329.95  8.98e-15  8.84e-15   679    32     0
1331.62  3.04e-15  8.81e-15   679    10     0
1333.30 -3.41e-15  8.79e-15   679   -12     0
1334.98  1.94e-14  9.15e-15   679    69     0
1336.65  3.84e-14  9.51e-15   679   135     0
1338.33  3.76e-14  9.49e-15   679   131     0
1340.01  1.52e-14  9.07e-15   679    53     0
1341.68  8.06e-15  8.97e-15   679    28     0
1343.36  1.41e-14  9.05e-15   679    49     0
1345.04  1.12e-14  9.06e-15   679    39     0
1346.71  9.03e-15  9.04e-15   679    31     0
1348.39  4.11e-15  8.98e-15   679    14     0
1350.06  8.13e-17  8.98e-15   679     0     0
1351.74 -6.68e-15  9.01e-15   679   -22     0
1353.42  1.05e-14  9.19e-15   679    35     0
1355.09  7.24e-15  9.16e-15   679    24     0
1356.77 -5.56e-15  9.09e-15   679   -18     0
1358.45  9.70e-15  9.26e-15   679    32     0
1360.12  6.51e-15  9.16e-15   679    21     0
1361.80  3.20e-15  9.15e-15   680    10     0
1363.48  1.51e-14  9.37e-15   680    49     0
1365.15  4.68e-15  9.26e-15   680    15     0
1366.83 -6.92e-15  9.24e-15   680   -22     0
1368.50 -8.83e-15  9.27e-15   680   -28     0
1370.18 -1.73e-15  9.33e-15   680    -5     0
1371.86  2.79e-16  9.37e-15   680     0     0
1373.53 -1.57e-15  9.40e-15   680    -4     0
1375.21 -4.35e-15  9.43e-15   680   -13     0
1376.89  4.71e-15  9.51e-15   680    14     0
1378.56  8.30e-15  9.62e-15   680    25     0
1380.24  4.97e-15  9.59e-15   680    15     0
1381.91 -7.23e-15  9.59e-15   681   -22     0
1383.59 -2.36e-15  9.64e-15   681    -7     0
1385.27 -1.36e-14  9.69e-15   681   -41     0
1386.94 -2.04e-14  9.74e-15   681   -61     0
1388.62 -1.33e-14  9.78e-15   681   -39     0
1390.30 -1.82e-14  9.81e-15   681   -54     0
1391.97 -2.23e-15  9.86e-15   681    -6     0
1393.65 -6.49e-15  9.91e-15   681   -19     0
1395.33  1.49e-14  1.02e-14   681    43     0
1397.00  1.67e-14  1.03e-14   681    48     0
1398.68  2.55e-14  1.05e-14   681    73     0
1400.35  2.33e-14  1.05e-14   682    66     0
1402.03 -2.41e-16  1.02e-14   682     0     0
1403.71 -5.80e-15  1.02e-14   682   -16     0
1405.38 -1.22e-14  1.03e-14   682   -34     0
1407.06  8.33e-15  1.04e-14   682    23     0
1408.74  1.79e-14  1.07e-14   682    49     0
1410.41  1.99e-14  1.07e-14   682    54     0
1412.09  2.79e-14  1.10e-14   682    75     0
1413.77 -1.30e-14  1.05e-14   682   -34     0
1415.44 -7.07e-15  1.07e-14   683   -18     0
1417.12 -3.51e-16  1.07e-14   683     0     0
1418.79  5.05e-15  1.08e-14   683    13     0
1420.47  6.07e-15  1.08e-14   683    15     0
1422.15 -9.56e-15  1.08e-14   683   -24     0
1423.82 -9.24e-16  1.08e-14   683    -2     0
1425.50 -1.21e-15  1.10e-14   683    -3     0
1427.18 -1.41e-15  1.10e-14   683    -3     0
1428.85 -1.93e-14  1.11e-14   683   -48     0
1430.53 -1.65e-14  1.11e-14   683   -41     0
1432.20 -5.01e-15  1.12e-14   684   -12     0
1433.88 -1.11e-14  1.12e-14   684   -27     0
1435.56 -1.91e-14  1.12e-14   684   -47     0
1437.23 -2.35e-16  1.13e-14   684     0     0
1438.91 -6.97e-15  1.13e-14   684   -17     0
1440.59 -1.18e-14  1.17e-14   684   -28     0
1442.26  9.08e-15  1.17e-14   684    21     0
1443.94 -6.24e-16  1.14e-14   684    -1     0
1445.62 -6.51e-15  1.15e-14   684   -15     0
1447.29 -5.92e-15  1.15e-14   684   -14     0
1448.97  3.20e-16  1.15e-14   684     0     0
1450.64  9.61e-15  1.17e-14   684    22     0
1452.32  3.61e-15  1.16e-14   685     8     0
1454.00  7.71e-15  1.17e-14   685    17     0
1455.67  5.73e-15  1.17e-14   685    13     0
1457.35  1.04e-15  1.17e-14   685     2     0
1459.03 -1.73e-14  1.17e-14   685   -39     0
1460.70 -2.89e-14  1.18e-14   685   -66     0
1462.38 -7.73e-15  1.18e-14   685   -17     0
1464.06 -1.47e-14  1.18e-14   685   -33     0
1465.73  5.68e-15  1.18e-14   685    12     0
1467.41 -3.42e-15  1.17e-14   685    -7     0
1469.08 -9.29e-15  1.17e-14   685   -21     0
1470.76  7.72e-15  1.18e-14   685    17     0
1472.44  1.52e-14  1.19e-14   685    34     0
1474.11  2.35e-14  1.21e-14   685    53     0
1475.79 -9.52e-15  1.17e-14   685   -21     0
1477.47 -2.68e-15  1.17e-14   685    -6     0
1479.14 -8.64e-16  1.17e-14   685    -1     0
1480.82  8.04e-15  1.18e-14   685    17     0
1482.50 -8.17e-15  1.18e-14   685   -18     0
1484.17 -3.30e-14  1.18e-14   686   -73     0
1485.85 -3.10e-14  1.18e-14   686   -68     0
1487.52 -6.86e-15  1.18e-14   686   -15     0
1489.20 -3.31e-17  1.18e-14   686     0     0
1490.88  1.08e-14  1.19e-14   686    23     0
1492.55  1.79e-14  1.21e-14   686    39     0
1494.23 -7.50e-15  1.18e-14   686   -16     0
1495.91 -2.01e-15  1.19e-14   686    -4     0
1497.58  2.77e-15  1.19e-14   686     6     0
1499.26  1.65e-14  1.26e-14   686    35     0
1500.93  9.00e-15  1.21e-14   686    19     0
1502.61 -4.94e-15  1.21e-14   686   -10     0
1504.29  2.27e-15  1.20e-14   686     4     0
1505.96  6.59e-15  1.21e-14   685    13     0
1507.64  1.82e-14  1.23e-14   685    38     0
1509.32  3.50e-14  1.27e-14   685    73     0
1510.99  3.58e-14  1.26e-14   685    74     0
1512.67  5.95e-15  1.22e-14   685    12     0
1514.35 -1.05e-14  1.22e-14   685   -21     0
1516.02  2.06e-14  1.25e-14   685    42     0
1517.70  6.51e-15  1.23e-14   685    13     0
1519.37  2.38e-14  1.26e-14   685    48     0
1521.05  1.89e-14  1.26e-14   685    38     0
1522.73  1.78e-14  1.26e-14   685    36     0
1524.40  9.25e-15  1.24e-14   685    18     0
1526.08  9.32e-15  1.24e-14   685    18     0
1527.76 -1.40e-14  1.23e-14   685   -28     0
1529.43 -3.66e-14  1.23e-14   685   -73     0
1531.11 -8.52e-15  1.24e-14   685   -17     0
1532.79  1.12e-14  1.25e-14   685    22     0
1534.46  1.84e-14  1.26e-14   684    36     0
1536.14  3.58e-15  1.24e-14   684     7     0
1537.81 -7.89e-15  1.23e-14   684   -15     0
1539.49  1.56e-14  1.25e-14   684    31     0
1541.17  4.45e-15  1.23e-14   684     8     0
1542.84 -1.04e-14  1.23e-14   684   -20     0
1544.52  3.83e-15  1.22e-14   684     7     0
1546.20  2.67e-15  1.22e-14   684     5     0
1547.87  2.00e-14  1.25e-14   683    39     0
1549.55  3.22e-14  1.26e-14   683    64     0
1551.22  3.14e-14  1.25e-14   683    62     0
1552.90  1.73e-14  1.24e-14   683    34     0
1554.58  2.69e-15  1.20e-14   683     5     0
1556.25 -2.75e-15  1.20e-14   683    -5     0
1557.93 -7.14e-15  1.20e-14   683   -14     0
1559.61  1.00e-14  1.21e-14   682    20     0
1561.28  9.70e-15  1.20e-14   682    19     0
1562.96 -1.39e-14  1.19e-14   682   -27     0
1564.64 -1.53e-14  1.18e-14   682   -30     0
1566.31 -1.12e-14  1.19e-14   682   -22     0
1567.99 -1.12e-14  1.18e-14   682   -22     0
1569.66  5.51e-15  1.18e-14   681    11     0
1571.34  3.31e-15  1.17e-14   681     6     0
1573.02  6.41e-15  1.25e-14   681    12     0
1574.69  1.15e-15  1.16e-14   681     2     0
1576.37  1.08e-14  1.17e-14   681    21     0
1578.05  1.21e-14  1.17e-14   680    24     0
1579.72  1.38e-14  1.17e-14   680    28     0
1581.40  2.00e-14  1.19e-14   680    40     0
1583.08  2.05e-14  1.17e-14   680    41     0
1584.75  6.08e-15  1.15e-14   679    12     0
1586.43 -6.60e-15  1.14e-14   679   -13     0
1588.10  2.16e-14  1.16e-14   679    43     0
1589.78  1.37e-14  1.15e-14   679    28     0
1591.46  2.94e-15  1.12e-14   678     6     0
1593.13 -3.08e-15  1.12e-14   678    -6     0
1594.81 -1.61e-14  1.11e-14   678   -33     0
1596.49 -6.39e-15  1.11e-14   678   -13     0
1598.16 -9.78e-15  1.11e-14   677   -20     0
1599.84 -6.59e-15  1.11e-14   677   -13     0
1601.52  9.69e-15  1.11e-14   677    19     0
1603.19  2.17e-14  1.13e-14   677    44     0
1604.87 -5.30e-15  1.09e-14   676   -10     0
1606.54  2.27e-15  1.10e-14   676     4     0
1608.22 -4.80e-15  1.09e-14   676    -9     0
1609.90 -1.57e-14  1.08e-14   675   -32     0
1611.57 -5.21e-15  1.07e-14   675   -10     0
1613.25  5.88e-15  1.07e-14   675    12     0
1614.93  1.71e-14  1.09e-14   675    35     0
1616.60 -1.82e-14  1.06e-14   674   -38     0
1618.28 -1.56e-14  1.05e-14   674   -32     0
1619.95  3.68e-15  1.05e-14   674     7     0
1621.63  1.94e-14  1.08e-14   673    40     0
1623.31 -2.37e-15  1.04e-14   673    -5     0
1624.98 -8.18e-15  1.04e-14   673   -17     0
1626.66  4.04e-15  1.04e-14   672     8     0
1628.34  7.19e-15  1.04e-14   672    15     0
1630.01  2.32e-14  1.05e-14   672    49     0
1631.69 -9.91e-15  1.01e-14   671   -21     0
1633.37 -4.30e-15  1.01e-14   671    -9     0
1635.04 -8.30e-16  1.01e-14   671    -1     0
1636.72  9.79e-15  1.01e-14   670    21     0
1638.39  1.65e-14  1.02e-14   670    35     0
1640.07  5.18e-14  1.07e-14   670   113     0
1641.75  4.20e-14  1.05e-14   669    92     0
1643.42  1.48e-14  9.97e-15   669    32     0
1645.10  2.16e-14  1.00e-14   669    47     0
1646.78  5.78e-15  9.75e-15   668    12     0
1648.45 -1.60e-14  9.64e-15   668   -35     0
1650.13 -1.36e-14  9.56e-15   668   -30     0
1651.81  4.52e-15  9.54e-15   667    10     0
1653.48  1.22e-14  9.60e-15   667    27     0
1655.16 -2.69e-15  9.42e-15   667    -6     0
1656.83  3.08e-14  1.01e-14   666    69     0
1658.51  2.22e-14  1.03e-14   666    50     0
1660.19 -6.90e-15  1.02e-14   666   -15     0
1661.86  1.20e-15  9.88e-15   665     2     0
1663.54  2.20e-14  9.66e-15   665    50     0
1665.22  1.61e-14  9.28e-15   665    37     0
1666.89  1.67e-14  9.23e-15   664    38     0
1668.57  1.43e-14  9.29e-15   664    33     0
1670.24  5.89e-15  8.94e-15   663    13     0
1671.92  9.30e-15  8.94e-15   663    21     0
1673.60  4.30e-15  8.80e-15   663    10     0
1675.27  3.09e-15  8.76e-15   662     7     0
1676.95  2.52e-15  8.66e-15   662     5     0
1678.63  1.76e-14  8.84e-15   662    41     0
1680.30  1.65e-14  8.75e-15   661    39     0
1681.98 -6.56e-15  8.53e-15   661   -15     0
1683.66 -1.00e-14  8.40e-15   661   -24     0
1685.33  1.37e-15  8.33e-15   660     3     0
1687.01  2.83e-15  8.29e-15   660     6     0
1688.68  1.52e-14  8.43e-15   659    37     0
1690.36  3.17e-15  8.19e-15   659     7     0
1692.04  2.64e-15  8.11e-15   659     6     0
1693.71  8.99e-15  8.15e-15   658    22     0
1695.39  1.28e-14  8.14e-15   658    32     0
1697.07 -1.17e-14  7.91e-15   658   -29     0
1698.74 -3.60e-15  7.85e-15   657    -9     0
1700.42  1.68e-14  8.01e-15   657    43     0
1702.10 -9.68e-16  7.72e-15   657    -2     0
1703.77  1.08e-14  7.79e-15   656    27     0
1705.45  3.19e-15  7.60e-15   656     8     0
1707.12 -1.12e-14  7.52e-15   656   -29     0
1708.80  5.92e-15  7.54e-15   655    15     0
1710.48  5.23e-15  7.48e-15   655    13     0
1712.15  1.21e-14  7.51e-15   655    32     0
1713.83  6.07e-15  7.36e-15   654    16     0
1715.51 -6.50e-15  7.24e-15   654   -17     0
1717.18  2.01e-15  7.18e-15   654     5     0
1718.86  6.25e-15  7.18e-15   653    17     0
1720.54  5.23e-15  7.13e-15   653    14     0
1722.21 -2.19e-15  7.02e-15   653    -6     0
1723.89  1.84e-14  9.29e-15   652    51     0
1725.56  4.84e-14  2.55e-14   652   136     0
1727.24  4.53e-14  2.52e-14   652   128     0
1728.92 -3.13e-15  6.74e-15   651    -8     0
1730.59 -7.03e-15  6.70e-15   651   -20     0
1732.27 -1.75e-14  6.65e-15   651   -50     0
1733.95 -1.32e-14  6.59e-15   650   -38     0
1735.62  3.45e-15  6.56e-15   650    10     0
1737.30  9.09e-15  6.59e-15   650    26     0
1738.97 -1.39e-16  6.43e-15   650     0     0
1740.65  5.75e-15  6.48e-15   649    16     0
1742.33  9.52e-15  6.50e-15   649    28     0
1744.00  2.88e-15  6.34e-15   649     8     0
1745.68  5.60e-15  6.32e-15   648    16     0
1747.36  2.06e-14  6.54e-15   648    62     0
1749.03  2.80e-14  6.54e-15   648    85     0
1750.71  1.40e-14  6.31e-15   648    42     0
1752.39  6.13e-15  6.15e-15   647    18     0
1754.06  7.77e-15  6.12e-15   647    23     0
1755.74  6.44e-15  6.03e-15   647    20     0
1757.41  6.80e-15  6.00e-15   647    21     0
1759.09 -1.31e-15  5.87e-15   646    -4     0
1760.77 -2.35e-15  5.83e-15   646    -7     0
1762.44  6.07e-15  5.86e-15   646    19     0
1764.12  7.44e-15  5.84e-15   646    23     0
1765.80  5.47e-15  5.79e-15   646    17     0
1767.47 -7.30e-15  5.68e-15   645   -23     0
1769.15 -1.54e-14  5.64e-15   645   -49     0
1770.83 -1.40e-14  5.61e-15   645   -45     0
1772.50 -4.86e-15  5.57e-15   645   -15     0
1774.18 -1.21e-14  5.54e-15   645   -39     0
1775.85 -8.79e-15  5.50e-15   644   -28     0
1777.53  6.24e-15  5.55e-15   644    20     0
1779.21  6.83e-15  5.51e-15   644    22     0
1780.88  1.34e-15  5.39e-15   644     4     0
1782.56 -1.17e-15  5.36e-15   644    -3     0
1784.24  9.63e-15  5.46e-15   644    32     0
1785.91  1.63e-14  5.68e-15   643    54     0
1787.59  2.33e-14  6.04e-15   643    78     0
1789.26  1.80e-14  6.24e-15   643    60     0
1790.94  3.62e-15  6.31e-15   643    12     0
1792.62  6.88e-15  6.15e-15   643    23     0
1794.29  1.47e-14  5.92e-15   643    50     0
1795.97  1.11e-14  5.54e-15   643    38     0
1797.65  2.19e-14  5.43e-15   643    75     0
1799.32  2.08e-14  5.37e-15   643    71     0
1801.00  8.86e-15  5.18e-15   643    30     0
1802.68  6.40e-15  5.13e-15   643    22     0
1804.35 -3.10e-15  5.02e-15   642   -10     0
1806.03 -3.88e-15  4.98e-15   642   -13     0
1807.70 -1.74e-15  4.96e-15   642    -6     0
1809.38  1.28e-14  5.13e-15   642    44     0
1811.06  6.67e-15  5.03e-15   642    23     0
1812.73  1.10e-14  5.07e-15   642    38     0
1814.41  6.16e-15  4.98e-15   642    21     0
1816.09  7.82e-15  4.97e-15   642    27     0
1817.76  1.31e-14  5.02e-15   642    46     0
1819.44  2.28e-14  5.77e-15   642    80     0
1821.12  1.75e-14  5.04e-15   642    62     0
1822.79  9.30e-15  4.92e-15   642    33     0
1824.47  5.46e-15  4.84e-15   642    19     0
1826.14  3.19e-15  4.78e-15   642    11     0
1827.82  6.05e-15  4.81e-15   642    21     0
1829.50  8.92e-15  4.84e-15   642    31     0
1831.17  9.85e-15  4.87e-15   643    34     0
1832.85  5.58e-15  4.81e-15   643    19     0
1834.53  3.75e-15  4.76e-15   643    13     0
1836.20  6.09e-15  4.77e-15   643    21     0
1837.88  4.34e-15  4.74e-15   643    15     0
1839.55 -3.03e-15  4.68e-15   643   -10     0
1841.23 -8.39e-15  4.67e-15   643   -29     0
1842.91 -2.11e-15  4.66e-15   643    -7     0
1844.58  1.18e-15  4.65e-15   643     4     0
1846.26 -3.16e-17  4.66e-15   643     0     0
1847.94  1.12e-15  4.66e-15   644     3     0
1849.61  5.03e-15  4.72e-15   644    17     0
1851.29 -1.99e-15  4.62e-15   644    -7     0
1852.97 -4.55e-15  4.61e-15   644   -16     0
1854.64  6.07e-15  4.69e-15   644    21     0
1856.32  4.81e-15  4.66e-15   644    17     0
1857.99 -2.18e-15  4.60e-15   644    -7     0
1859.67 -6.57e-15  4.60e-15   645   -23     0
1861.35 -1.05e-14  4.61e-15   645   -36     0
1863.02 -5.14e-15  4.60e-15   645   -18     0
1864.70 -1.86e-15  4.60e-15   645    -6     0
1866.38  4.90e-15  4.64e-15   645    17     0
1868.05 -8.51e-16  4.57e-15   646    -2     0
1869.73 -2.77e-15  4.57e-15   646    -9     0
1871.41 -2.12e-15  4.57e-15   646    -7     0
1873.08  3.56e-15  4.61e-15   646    12     0
1874.76  7.13e-15  4.67e-15   647    24     0
1876.43  7.21e-15  4.67e-15   647    25     0
1878.11  5.37e-16  4.58e-15   647     1     0
1879.79  1.74e-16  4.57e-15   647     0     0
1881.46  5.08e-15  4.65e-15   648    17     0
1883.14  3.47e-15  4.62e-15   648    11     0
1884.82 -2.10e-15  4.58e-15   648    -7     0
1886.49 -5.75e-15  4.57e-15   649   -19     0
1888.17 -9.88e-15  4.57e-15   649   -33     0
1889.85 -7.75e-15  4.57e-15   649   -26     0
1891.52  9.38e-16  4.59e-15   649     3     0
1893.20  9.34e-15  4.70e-15   650    31     0
1894.87  1.23e-14  4.74e-15   650    41     0
1896.55  9.44e-15  4.74e-15   650    32     0
1898.23  1.13e-14  4.71e-15   651    38     0
1899.90  8.76e-15  4.68e-15   651    29     0
1901.58  7.24e-15  4.65e-15   651    24     0
1903.26  4.27e-15  4.61e-15   652    14     0
1904.93  3.14e-15  4.61e-15   652    10     0
1906.61 -3.16e-17  4.58e-15   652     0     0
1908.28  5.31e-16  4.57e-15   653     1     0
1909.96  3.45e-15  4.61e-15   653    11     0
1911.64  3.69e-15  4.59e-15   653    12     0
1913.31  5.32e-15  4.60e-15   654    17     0
1914.99  1.06e-14  4.68e-15   654    35     0
1916.67  1.48e-14  4.94e-15   654    49     0
1918.34  9.97e-15  4.97e-15   655    33     0
1920.02  4.06e-15  5.01e-15   655    13     0
1921.70  3.82e-15  5.46e-15   655    12     0
1923.37  6.70e-15  5.33e-15   656    22     0
1925.05  1.50e-15  5.24e-15   656     5     0
1926.72 -4.27e-17  5.07e-15   656     0     0
1928.40 -7.92e-16  4.57e-15   657    -2     0
1930.08  3.95e-15  4.51e-15   657    13     0
1931.75  3.31e-16  4.44e-15   657     1     0
1933.43 -5.51e-15  4.43e-15   658   -18     0
1935.11 -6.01e-15  4.40e-15   658   -20     0
1936.78 -5.17e-15  4.38e-15   658   -17     0
1938.46 -3.48e-15  4.36e-15   659   -11     0
1940.14  5.10e-17  4.34e-15   659     0     0
1941.81  7.15e-15  4.41e-15   659    24     0
1943.49  1.22e-14  4.46e-15   660    41     0
1945.16  9.09e-15  4.41e-15   660    31     0
1946.84  5.24e-16  4.26e-15   660     1     0
1948.52 -5.96e-15  4.24e-15   661   -20     0
1950.19 -3.12e-15  4.20e-15   661   -10     0
1951.87 -9.62e-16  4.18e-15   661    -3     0
1953.55 -3.29e-15  4.16e-15   662   -11     0
1955.22 -5.05e-15  4.15e-15   662   -17     0
1956.90  1.21e-15  4.14e-15   662     4     0
1958.57  6.52e-15  4.20e-15   662    22     0
1960.25  5.33e-15  4.16e-15   663    18     0
1961.93  7.63e-16  4.09e-15   663     2     0
1963.60 -7.79e-16  4.07e-15   663    -2     0
1965.28  2.47e-15  4.09e-15   663     8     0
1966.96  4.16e-15  4.10e-15   664    14     0
1968.63  5.59e-15  4.11e-15   664    19     0
1970.31  5.97e-15  4.12e-15   664    20     0
1971.99  4.54e-15  4.12e-15   664    15     0
1973.66  2.67e-15  4.11e-15   664     9     0
1975.34 -2.12e-15  4.09e-15   665    -7     0
1977.01 -2.11e-15  4.10e-15   665    -7     0
1978.69  1.85e-15  4.13e-15   665     6     0
