NOT ORIGINAL IUE PROJECT DATA PRODUCT
SWP21184LOWLARGE
HD  197481
20:42:05
-31:31:18
48
NO-TRAIL
NO
2099.480
28/09/83
08:40:38
271
10.50
16/08/95
GSFC
2445605.86155
0
84
1150.59 -9.60e-14  1.34e-13  1120   -20     0
1152.27 -6.77e-14  1.26e-13  1120   -15     0
1153.94 -6.91e-14  1.19e-13  1120   -16     0
1155.62 -8.67e-14  1.11e-13  1121   -22     0
1157.29  7.05e-14  1.05e-13  1121    19     0
1158.97 -7.84e-15  9.54e-14  1122    -2     0
1160.65 -1.28e-14  8.78e-14  1122    -4     0
1162.32  1.11e-13  8.73e-14  1123    38     0
1164.00  1.06e-13  8.16e-14  1123    39     0
1165.68  1.02e-13  7.71e-14  1124    40     0
1167.35  2.18e-14  6.85e-14  1124     9     0
1169.03  2.79e-14  6.44e-14  1125    12     0
1170.70  4.42e-14  6.11e-14  1125    21     0
1172.38  3.90e-14  5.69e-14  1126    20     0
1174.06  1.67e-14  5.26e-14  1126     9     0
1175.73 -1.07e-14  4.86e-14  1127    -6     0
1177.41  9.45e-14  4.99e-14  1127    58     0
1179.09  1.11e-14  4.34e-14  1128     7     0
1180.76  9.58e-15  4.12e-14  1128     6     0
1182.44  2.78e-14  4.00e-14  1129    20     0
1184.12 -5.67e-15  3.66e-14  1130    -4     0
1185.79  3.06e-14  3.59e-14  1130    25     0
1187.47  1.16e-14  3.36e-14  1131     9     0
1189.14 -1.97e-14  3.48e-14  1131   -17     0
1190.82 -9.64e-15  5.15e-14  1132    -8     0
1192.50 -2.00e-14  1.06e-13  1133   -19 -4096
1194.17  2.66e-14  1.04e-13  1133    26 -4096
1195.85 -1.11e-14  9.85e-14  1134   -11 -4096
1197.53  5.56e-15  4.53e-14  1135     5 -4096
1199.20  1.77e-14  2.91e-14  1135    19     0
1200.88 -2.44e-14  2.50e-14  1136   -27     0
1202.56 -1.77e-14  2.43e-14  1136   -20     0
1204.23  2.22e-14  2.46e-14  1137    26     0
1205.91  8.49e-14  2.71e-14  1138   105     0
1207.58  6.68e-14  2.56e-14  1138    85     0
1209.26  1.44e-13  6.89e-14  1139   189     0
1210.94  2.88e-13  9.41e-14  1140   386     0
1212.61  5.39e-13  1.50e-13  1140   743     0
1214.29  6.03e-13  1.07e-13  1141   852     0
1215.97  7.34e-13  1.21e-13  1142  1062     0
1217.64  9.68e-13  1.06e-13  1142  1434     0
1219.32  5.97e-13  1.15e-13  1143   904     0
1221.00  2.56e-13  5.79e-14  1143   396     0
1222.67  1.06e-13  4.03e-14  1144   167     0
1224.35  4.85e-14  2.01e-14  1145    78     0
1226.02  2.66e-14  1.86e-14  1145    43     0
1227.70  6.25e-15  1.72e-14  1146    10     0
1229.38  4.41e-15  1.68e-14  1147     7     0
1231.05  1.22e-14  1.71e-14  1147    20     0
1232.73  2.14e-15  1.63e-14  1148     3     0
1234.41  4.50e-14  1.83e-14  1148    79     0
1236.08  6.14e-15  1.61e-14  1149    10     0
1237.76  2.03e-14  1.66e-14  1150    36     0
1239.44  2.33e-14  1.67e-14  1150    42     0
1241.11  2.11e-14  1.62e-14  1151    39     0
1242.79  4.02e-15  1.52e-14  1151     7     0
1244.46  6.20e-15  1.52e-14  1152    11     0
1246.14 -2.37e-15  1.47e-14  1152    -4     0
1247.82  3.99e-15  1.47e-14  1153     7     0
1249.49  5.75e-15  1.47e-14  1153    11     0
1251.17 -6.69e-15  1.44e-14  1154   -13     0
1252.85  2.73e-15  1.43e-14  1155     5     0
1254.52 -1.28e-15  1.42e-14  1155    -2     0
1256.20  2.97e-15  1.42e-14  1156     5     0
1257.87  2.22e-14  1.51e-14  1156    44     0
1259.55  1.65e-14  1.47e-14  1157    33     0
1261.23  1.22e-14  1.42e-14  1157    24     0
1262.90  4.60e-15  1.39e-14  1158     9     0
1264.58  1.11e-14  1.42e-14  1158    22     0
1266.26  2.74e-14  1.45e-14  1159    56     0
1267.93  3.99e-15  1.37e-14  1159     8     0
1269.61 -1.60e-15  1.35e-14  1160    -3     0
1271.29  1.40e-14  1.41e-14  1160    29     0
1272.96  2.77e-14  1.46e-14  1160    58     0
1274.64 -4.76e-15  1.32e-14  1161   -10     0
1276.31  1.77e-14  1.39e-14  1161    37     0
1277.99  1.81e-14  1.39e-14  1162    38     0
1279.67  1.17e-14  1.36e-14  1162    24     0
1281.34 -1.43e-14  1.30e-14  1163   -30     0
1283.02  5.46e-15  1.32e-14  1163    11     0
1284.70 -4.37e-15  1.29e-14  1163    -9     0
1286.37  1.23e-14  1.35e-14  1164    26     0
1288.05 -4.91e-15  1.29e-14  1164   -10     0
1289.73 -1.03e-14  1.29e-14  1164   -22     0
1291.40  5.87e-15  1.31e-14  1165    12     0
1293.08 -6.17e-15  1.28e-14  1165   -13     0
1294.75  7.56e-15  1.32e-14  1165    16     0
1296.43  9.47e-16  1.28e-14  1166     2     0
1298.11  8.82e-16  1.28e-14  1166     1     0
1299.78 -2.04e-15  1.28e-14  1166    -4     0
1301.46 -5.90e-16  1.27e-14  1167    -1     0
1303.14  1.16e-14  1.32e-14  1167    25     0
1304.81  1.55e-14  1.34e-14  1167    33     0
1306.49  3.46e-14  1.43e-14  1168    74     0
1308.17  3.11e-14  1.42e-14  1168    67     0
1309.84  1.97e-14  1.37e-14  1168    42     0
1311.52  2.15e-14  1.37e-14  1168    46     0
1313.19 -4.51e-16  1.28e-14  1168     0     0
1314.87  6.70e-15  1.31e-14  1169    14     0
1316.55 -1.11e-14  1.28e-14  1169   -23     0
1318.22  6.57e-15  1.31e-14  1169    13     0
1319.90  6.57e-16  1.28e-14  1169     1     0
1321.58  7.79e-15  1.30e-14  1170    16     0
1323.25  1.67e-14  1.63e-14  1170    35     0
1324.93  4.54e-15  1.29e-14  1170     9     0
1326.61  8.14e-15  1.31e-14  1170    17     0
1328.28  1.23e-14  1.34e-14  1170    25     0
1329.96 -7.90e-15  1.28e-14  1170   -16     0
1331.63 -1.66e-14  1.29e-14  1170   -34     0
1333.31  1.72e-15  1.30e-14  1171     3     0
1334.99  4.32e-15  1.32e-14  1171     8     0
1336.66  2.23e-14  1.40e-14  1171    45     0
1338.34  3.27e-14  1.47e-14  1171    66     0
1340.02  2.06e-14  1.41e-14  1171    42     0
1341.69 -1.51e-15  1.31e-14  1171    -3     0
1343.37 -8.39e-15  1.31e-14  1171   -17     0
1345.05  3.53e-15  1.33e-14  1171     7     0
1346.72 -1.17e-14  1.32e-14  1171   -23     0
1348.40  2.62e-14  1.46e-14  1171    52     0
1350.07  2.72e-14  1.45e-14  1171    54     0
1351.75  1.79e-14  1.43e-14  1171    35     0
1353.43  3.41e-14  1.49e-14  1171    67     0
1355.10 -1.96e-15  1.34e-14  1171    -3     0
1356.78  1.39e-14  1.41e-14  1171    27     0
1358.46  2.55e-15  1.36e-14  1171     4     0
1360.13  4.90e-15  1.37e-14  1171     9     0
1361.81  1.39e-14  1.42e-14  1171    26     0
1363.48 -2.98e-14  1.36e-14  1171   -57     0
1365.16  7.58e-15  1.41e-14  1171    14     0
1366.84 -7.56e-15  1.37e-14  1171   -14     0
1368.51 -3.38e-14  1.38e-14  1171   -63     0
1370.19 -2.13e-14  1.39e-14  1171   -39     0
1371.87 -1.93e-14  1.40e-14  1171   -35     0
1373.54  1.44e-14  1.47e-14  1171    26     0
1375.22  7.63e-15  1.43e-14  1171    14     0
1376.90  2.31e-14  1.52e-14  1171    42     0
1378.57  8.44e-15  1.45e-14  1171    15     0
1380.25 -1.64e-14  1.43e-14  1171   -29     0
1381.92  5.81e-15  1.46e-14  1171    10     0
1383.60  1.70e-14  1.51e-14  1171    30     0
1385.28  1.35e-14  1.51e-14  1171    23     0
1386.95  1.91e-16  1.46e-14  1170     0     0
1388.63 -4.99e-15  1.46e-14  1170    -8     0
1390.31 -1.06e-14  1.47e-14  1170   -18     0
1391.98  9.24e-15  1.51e-14  1170    15     0
1393.66 -4.91e-15  1.48e-14  1170    -8     0
1395.34  5.87e-15  1.51e-14  1170     9     0
1397.01  3.17e-14  1.64e-14  1170    53     0
1398.69  1.40e-15  1.50e-14  1169     2     0
1400.36 -5.89e-15  1.51e-14  1169    -9     0
1402.04  8.14e-15  1.56e-14  1169    13     0
1403.72  5.77e-15  1.55e-14  1169     9     0
1405.39 -8.73e-15  1.53e-14  1169   -14     0
1407.07  7.10e-15  1.57e-14  1169    11     0
1408.75 -2.71e-14  1.55e-14  1168   -43     0
1410.42  2.47e-14  1.67e-14  1168    39     0
1412.10  3.09e-15  1.59e-14  1168     4     0
1413.78 -9.14e-15  1.58e-14  1168   -14     0
1415.45 -2.67e-14  1.60e-14  1168   -41     0
1417.13 -9.17e-15  1.60e-14  1167   -14     0
1418.80  7.21e-15  1.65e-14  1167    11     0
1420.48  2.83e-14  1.73e-14  1167    43     0
1422.16 -1.16e-14  1.61e-14  1167   -17     0
1423.83 -1.83e-14  1.62e-14  1167   -27     0
1425.51 -1.51e-15  1.64e-14  1166    -2     0
1427.19  4.41e-15  1.72e-14  1166     6     0
1428.86  2.07e-15  1.66e-14  1166     3     0
1430.54 -1.02e-14  1.66e-14  1166   -14     0
1432.22  6.56e-15  1.69e-14  1165     9     0
1433.89  1.02e-14  1.72e-14  1165    14     0
1435.57  3.62e-14  1.82e-14  1165    52     0
1437.24 -1.85e-15  2.14e-14  1165    -2     0
1438.92  1.42e-15  1.69e-14  1164     2     0
1440.60 -2.37e-14  1.70e-14  1164   -33     0
1442.27  1.27e-16  1.71e-14  1164     0     0
1443.95 -7.28e-15  1.71e-14  1164   -10     0
1445.63  6.39e-14  1.98e-14  1163    88     0
1447.30 -2.70e-14  1.72e-14  1163   -37     0
1448.98 -1.19e-14  1.72e-14  1163   -16     0
1450.66 -9.73e-15  1.73e-14  1163   -13     0
1452.33 -1.41e-14  1.73e-14  1162   -19     0
1454.01 -6.73e-16  1.73e-14  1162     0     0
1455.68  4.60e-14  1.90e-14  1162    62     0
1457.36  6.11e-15  1.76e-14  1162     8     0
1459.04 -8.07e-15  1.74e-14  1161   -10     0
1460.71 -1.64e-14  1.75e-14  1161   -21     0
1462.39  2.31e-15  1.76e-14  1161     3     0
1464.07  4.33e-15  1.77e-14  1161     5     0
1465.74 -6.92e-15  1.74e-14  1160    -9     0
1467.42 -1.61e-14  1.74e-14  1160   -21     0
1469.09 -5.94e-15  1.75e-14  1160    -7     0
1470.77 -1.83e-14  1.74e-14  1160   -24     0
1472.45 -1.61e-16  1.74e-14  1159     0     0
1474.12 -1.46e-14  1.74e-14  1159   -19     0
1475.80  1.10e-15  1.74e-14  1159     1     0
1477.48  2.25e-14  1.83e-14  1158    29     0
1479.15  1.43e-14  1.80e-14  1158    18     0
1480.83  1.92e-14  1.82e-14  1158    25     0
1482.51  2.03e-14  1.82e-14  1158    26     0
1484.18  6.62e-15  1.76e-14  1157     8     0
1485.86  1.21e-15  1.75e-14  1157     1     0
1487.53  8.75e-16  1.75e-14  1157     1     0
1489.21 -1.77e-14  1.75e-14  1157   -22     0
1490.89  3.66e-15  1.75e-14  1156     4     0
1492.56 -3.25e-14  1.74e-14  1156   -41     0
1494.24  2.94e-14  1.86e-14  1156    37     0
1495.92  3.45e-14  1.88e-14  1156    43     0
1497.59  1.18e-14  1.81e-14  1155    14     0
1499.27  5.11e-14  1.96e-14  1155    64     0
1500.95 -1.72e-14  1.77e-14  1155   -21     0
1502.62  1.83e-14  1.83e-14  1155    22     0
1504.30  2.30e-14  1.85e-14  1154    28     0
1505.97 -1.03e-14  1.78e-14  1154   -12     0
1507.65 -1.19e-15  1.78e-14  1154    -1     0
1509.33 -2.80e-14  1.79e-14  1154   -34     0
1511.00 -2.12e-14  1.78e-14  1153   -25     0
1512.68  2.26e-14  1.87e-14  1153    27     0
1514.36  1.49e-14  1.90e-14  1153    18     0
1516.03 -3.41e-16  1.79e-14  1153     0     0
1517.71 -4.17e-15  1.79e-14  1152    -5     0
1519.39 -8.12e-15  1.80e-14  1152    -9     0
1521.06  5.02e-15  1.81e-14  1152     5     0
1522.74  2.81e-14  2.60e-14  1152    33     0
1524.41 -3.61e-14  1.80e-14  1151   -42     0
1526.09 -1.88e-14  1.80e-14  1151   -22     0
1527.77 -1.16e-14  1.80e-14  1151   -13     0
1529.44  2.41e-15  1.81e-14  1151     2     0
1531.12  7.14e-15  1.83e-14  1151     8     0
1532.80 -1.21e-14  1.81e-14  1150   -14     0
1534.47 -1.75e-14  1.81e-14  1150   -20     0
1536.15 -7.88e-15  1.80e-14  1150    -9     0
1537.83  2.56e-15  1.80e-14  1150     2     0
1539.50  3.98e-16  1.80e-14  1149     0     0
1541.18  1.50e-14  1.84e-14  1149    17     0
1542.85 -6.52e-15  1.79e-14  1149    -7     0
1544.53  2.73e-14  1.88e-14  1149    31     0
1546.21  4.08e-14  1.92e-14  1149    47     0
1547.88  5.75e-14  1.97e-14  1149    66     0
1549.56  6.14e-14  1.97e-14  1148    71     0
1551.24  4.95e-14  1.92e-14  1148    57     0
1552.91  5.08e-14  1.92e-14  1148    59     0
1554.59  2.27e-14  1.81e-14  1148    26     0
1556.26  4.46e-14  1.87e-14  1148    52     0
1557.94  1.11e-14  1.79e-14  1147    12     0
1559.62 -9.51e-15  1.73e-14  1147   -11     0
1561.29  1.21e-14  1.76e-14  1147    14     0
1562.97  5.73e-15  1.73e-14  1147     6     0
1564.65 -5.68e-15  1.71e-14  1147    -6     0
1566.32  2.86e-16  1.71e-14  1147     0     0
1568.00  7.19e-15  1.73e-14  1146     8     0
1569.68 -4.09e-15  1.70e-14  1146    -4     0
1571.35 -1.53e-14  1.69e-14  1146   -17     0
1573.03 -2.86e-16  1.68e-14  1146     0     0
1574.70  3.05e-15  1.68e-14  1146     3     0
1576.38 -5.15e-15  1.66e-14  1146    -6     0
1578.06  3.15e-14  1.75e-14  1146    37     0
1579.73  1.70e-15  1.65e-14  1146     2     0
1581.41 -1.76e-14  1.65e-14  1145   -20     0
1583.09 -2.13e-15  1.64e-14  1145    -2     0
1584.76  9.07e-15  1.69e-14  1145    10     0
1586.44  9.23e-15  1.66e-14  1145    10     0
1588.12  7.23e-15  1.64e-14  1145     8     0
1589.79 -8.72e-15  1.62e-14  1145   -10     0
1591.47 -8.47e-17  1.61e-14  1145     0     0
1593.14 -1.33e-14  1.60e-14  1145   -15     0
1594.82 -1.02e-14  1.59e-14  1145   -12     0
1596.50  3.62e-15  1.60e-14  1144     4     0
1598.17  1.25e-14  1.62e-14  1144    14     0
1599.85 -2.33e-14  1.58e-14  1144   -27     0
1601.53 -2.16e-14  1.57e-14  1144   -25     0
1603.20 -3.19e-14  1.56e-14  1144   -38     0
1604.88 -1.42e-14  1.56e-14  1144   -17     0
1606.56 -2.31e-14  1.55e-14  1144   -27     0
1608.23 -9.38e-15  1.54e-14  1144   -11     0
1609.91 -9.13e-15  1.53e-14  1144   -11     0
1611.58  2.17e-14  1.58e-14  1144    26     0
1613.26  3.01e-14  1.59e-14  1144    36     0
1614.94  1.51e-14  1.55e-14  1144    18     0
1616.61  1.02e-14  1.53e-14  1144    12     0
1618.29  2.09e-14  1.55e-14  1144    25     0
1619.97  4.06e-15  1.49e-14  1144     5     0
1621.64  1.83e-14  1.53e-14  1143    22     0
1623.32 -6.00e-15  1.47e-14  1143    -7     0
1625.00 -1.79e-14  1.48e-14  1143   -22     0
1626.67 -1.46e-14  1.46e-14  1143   -18     0
1628.35 -1.43e-14  1.45e-14  1143   -17     0
1630.02  1.47e-14  1.47e-14  1143    18     0
1631.70  1.13e-14  1.45e-14  1143    14     0
1633.38  2.29e-14  1.50e-14  1143    28     0
1635.05  1.36e-14  1.45e-14  1143    17     0
1636.73  2.73e-14  1.48e-14  1143    34     0
1638.41  3.02e-14  1.47e-14  1143    38     0
1640.08  5.22e-14  1.51e-14  1143    66     0
1641.76  4.89e-14  1.49e-14  1143    62     0
1643.44  2.69e-14  1.43e-14  1143    34     0
1645.11  1.72e-14  1.40e-14  1143    22     0
1646.79  5.69e-15  1.37e-14  1143     7     0
1648.46  1.45e-14  1.38e-14  1143    18     0
1650.14  3.97e-15  1.34e-14  1143     5     0
1651.82  2.36e-14  1.38e-14  1143    30     0
1653.49  1.65e-15  1.32e-14  1143     2     0
1655.17  2.12e-14  1.36e-14  1143    27     0
1656.85  2.67e-14  1.44e-14  1143    35     0
1658.52  3.04e-14  1.43e-14  1143    40     0
1660.20  3.25e-15  1.30e-14  1143     4     0
1661.87  8.99e-15  1.30e-14  1143    11     0
1663.55  6.11e-15  1.50e-14  1143     8     0
1665.23  6.59e-15  1.36e-14  1143     8     0
1666.90  3.05e-14  1.31e-14  1143    41     0
1668.58  1.48e-14  1.27e-14  1143    20     0
1670.26  1.32e-14  1.26e-14  1143    18     0
1671.93  3.26e-14  1.29e-14  1143    44     0
1673.61  2.16e-15  1.22e-14  1143     2     0
1675.29  7.39e-15  1.22e-14  1143    10     0
1676.96 -4.41e-15  1.20e-14  1143    -6     0
1678.64  6.72e-15  1.20e-14  1143     9     0
1680.31  1.03e-14  1.19e-14  1143    14     0
1681.99  5.07e-15  1.17e-14  1143     7     0
1683.67  3.05e-15  1.16e-14  1143     4     0
1685.34  7.36e-16  1.14e-14  1143     1     0
1687.02  2.23e-14  1.18e-14  1143    31     0
1688.70  1.74e-14  1.16e-14  1144    25     0
1690.37 -2.06e-15  1.12e-14  1144    -2     0
1692.05 -5.35e-15  1.11e-14  1144    -7     0
1693.73  1.87e-14  1.29e-14  1144    27     0
1695.40  1.83e-14  1.12e-14  1144    26     0
1697.08  9.65e-15  1.12e-14  1144    14     0
1698.75  1.35e-14  1.10e-14  1144    20     0
1700.43  1.33e-14  1.08e-14  1144    19     0
1702.11 -2.29e-15  1.05e-14  1144    -3     0
1703.78  7.16e-16  1.04e-14  1144     1     0
1705.46  5.78e-15  1.04e-14  1144     8     0
1707.14  7.18e-15  1.04e-14  1144    10     0
1708.81  7.07e-16  1.02e-14  1144     1     0
1710.49  1.15e-14  1.02e-14  1144    17     0
1712.17 -2.59e-16  9.97e-15  1144     0     0
1713.84 -5.47e-15  9.88e-15  1144    -8     0
1715.52  4.49e-15  9.88e-15  1144     7     0
1717.19 -3.33e-15  9.72e-15  1144    -5     0
1718.87  7.62e-15  9.75e-15  1144    12     0
1720.55  5.26e-15  9.65e-15  1144     8     0
1722.22  8.47e-15  9.66e-15  1144    13     0
1723.90 -1.18e-14  9.40e-15  1144   -19     0
1725.58 -1.38e-14  9.24e-15  1144   -22     0
1727.25 -5.64e-15  9.15e-15  1144    -9     0
1728.93  9.90e-16  9.08e-15  1144     1     0
1730.61  2.34e-15  9.04e-15  1144     3     0
1732.28  3.10e-15  8.97e-15  1144     5     0
1733.96  2.58e-14  1.13e-14  1144    43     0
1735.63  8.15e-15  8.87e-15  1144    13     0
1737.31  2.27e-15  8.71e-15  1144     3     0
1738.99  5.09e-15  8.68e-15  1144     8     0
1740.66  1.55e-14  8.78e-15  1144    26     0
1742.34 -1.20e-14  8.50e-15  1144   -20     0
1744.02  1.21e-17  8.42e-15  1144     0     0
1745.69  1.50e-14  9.16e-15  1144    26     0
1747.37  7.85e-15  8.36e-15  1144    13     0
1749.04  1.84e-14  8.41e-15  1144    32     0
1750.72  4.80e-15  8.19e-15  1144     8     0
1752.40  1.53e-14  8.25e-15  1144    27     0
1754.07  3.23e-15  8.04e-15  1144     5     0
1755.75  1.83e-14  8.11e-15  1144    33     0
1757.43  2.40e-15  7.87e-15  1143     4     0
1759.10  2.54e-15  7.80e-15  1143     4     0
1760.78  2.73e-15  7.74e-15  1143     5     0
1762.46  1.27e-14  7.79e-15  1143    23     0
1764.13  9.38e-15  7.70e-15  1143    17     0
1765.81  1.62e-14  7.73e-15  1143    30     0
1767.48  2.19e-15  7.52e-15  1143     4     0
1769.16  1.02e-14  7.54e-15  1143    19     0
1770.84  1.62e-14  7.55e-15  1143    30     0
1772.51  3.13e-14  7.63e-15  1143    59     0
1774.19  2.30e-14  7.50e-15  1143    43     0
1775.87  1.51e-14  7.37e-15  1143    28     0
1777.54  1.58e-14  7.32e-15  1143    30     0
1779.22  1.19e-14  7.23e-15  1142    22     0
1780.90  1.74e-14  7.22e-15  1142    33     0
1782.57  6.67e-15  7.08e-15  1142    12     0
1784.25 -3.24e-16  6.97e-15  1142     0     0
1785.92 -6.87e-15  6.95e-15  1142   -13     0
1787.60  1.73e-14  7.06e-15  1142    33     0
1789.28  1.31e-14  7.01e-15  1142    25     0
1790.95 -2.51e-14  2.45e-14  1142   -49 -4096
1792.63 -1.20e-15  1.15e-14  1141    -2 -4096
1794.31  2.86e-15  7.42e-15  1141     5     0
1795.98  6.44e-16  6.72e-15  1141     1     0
1797.66 -4.28e-15  6.64e-15  1141    -8     0
1799.34  1.40e-14  6.71e-15  1141    28     0
1801.01  1.53e-14  6.68e-15  1141    30     0
1802.69  4.63e-15  6.57e-15  1140     9     0
1804.36  3.94e-15  6.52e-15  1140     7     0
1806.04  1.62e-14  6.56e-15  1140    32     0
1807.72  1.33e-14  6.51e-15  1140    27     0
1809.39  1.36e-14  6.47e-15  1140    27     0
1811.07  7.54e-15  6.41e-15  1139    15     0
1812.75  7.69e-15  6.38e-15  1139    15     0
1814.42  9.83e-15  6.37e-15  1139    20     0
1816.10  1.39e-14  6.35e-15  1139    28     0
1817.78  1.05e-14  6.30e-15  1138    21     0
1819.45  1.21e-14  6.28e-15  1138    24     0
1821.13  1.28e-14  6.25e-15  1138    26     0
1822.80  1.25e-14  6.22e-15  1138    25     0
1824.48  2.37e-15  6.13e-15  1137     4     0
1826.16  4.56e-15  6.10e-15  1137     9     0
1827.83  1.14e-15  6.06e-15  1137     2     0
1829.51  2.13e-15  6.04e-15  1137     4     0
1831.19  2.13e-15  6.07e-15  1136     4     0
1832.86  2.42e-15  6.05e-15  1136     5     0
1834.54  1.16e-14  6.08e-15  1136    23     0
1836.22  2.81e-15  6.00e-15  1135     5     0
1837.89 -5.63e-15  5.96e-15  1135   -11     0
1839.57 -3.83e-15  5.95e-15  1135    -7     0
1841.24 -5.17e-15  5.93e-15  1135   -10     0
1842.92 -1.27e-15  5.91e-15  1134    -2     0
1844.60  6.07e-17  5.90e-15  1134     0     0
1846.27  5.17e-15  5.94e-15  1134    10     0
1847.95  3.82e-15  6.21e-15  1133     7     0
1849.63 -2.01e-15  5.88e-15  1133    -4     0
1851.30 -2.76e-15  5.84e-15  1132    -5     0
1852.98 -4.37e-15  5.83e-15  1132    -9     0
1854.65  4.49e-15  5.84e-15  1132     9     0
1856.33  8.24e-15  5.85e-15  1131    17     0
1858.01  6.98e-15  5.84e-15  1131    14     0
1859.68 -1.26e-15  5.80e-15  1131    -2     0
1861.36 -6.30e-15  5.80e-15  1130   -12     0
1863.04 -6.37e-15  5.79e-15  1130   -13     0
1864.71 -1.98e-15  5.79e-15  1129    -4     0
1866.39 -2.81e-15  5.75e-15  1129    -5     0
1868.07 -6.05e-15  5.74e-15  1129   -12     0
1869.74 -4.65e-15  5.74e-15  1128    -9     0
1871.42 -4.88e-15  5.73e-15  1128    -9     0
1873.09 -7.97e-15  6.32e-15  1127   -16     0
1874.77 -3.36e-15  5.87e-15  1127    -6     0
1876.45 -7.04e-16  5.73e-15  1126    -1     0
1878.12  5.78e-16  5.73e-15  1126     1     0
1879.80 -3.33e-15  5.73e-15  1126    -6     0
1881.48 -4.80e-15  5.73e-15  1125    -9     0
1883.15  1.63e-15  5.73e-15  1125     3     0
1884.83  5.49e-15  5.74e-15  1124    11     0
1886.51  9.05e-16  5.72e-15  1124     1     0
1888.18  6.12e-15  5.73e-15  1123    12     0
1889.86  5.74e-15  5.73e-15  1123    11     0
1891.53  4.97e-15  5.73e-15  1122     9     0
1893.21  9.57e-15  5.74e-15  1122    19     0
1894.89  8.27e-15  5.74e-15  1121    16     0
1896.56  1.40e-15  5.71e-15  1121     2     0
1898.24 -2.02e-15  5.70e-15  1120    -4     0
1899.92 -7.74e-15  5.70e-15  1120   -15     0
1901.59 -8.50e-15  5.70e-15  1120   -16     0
1903.27 -1.18e-14  5.69e-15  1119   -23     0
1904.95 -8.57e-15  5.69e-15  1119   -16     0
1906.62 -7.88e-15  5.70e-15  1118   -15     0
1908.30 -1.41e-15  5.70e-15  1118    -2     0
1909.97 -5.00e-15  5.69e-15  1117    -9     0
1911.65 -1.14e-14  5.67e-15  1117   -22     0
1913.33 -1.11e-14  5.66e-15  1116   -21     0
1915.00 -8.00e-15  5.66e-15  1116   -15     0
1916.68 -5.96e-15  5.62e-15  1115   -11     0
1918.36 -5.57e-15  5.61e-15  1115   -10     0
1920.03 -3.02e-15  5.61e-15  1114    -5     0
1921.71  1.03e-15  5.70e-15  1114     2     0
1923.39  9.39e-15  5.65e-15  1113    18     0
1925.06  6.01e-15  5.65e-15  1113    11     0
1926.74  6.91e-15  5.60e-15  1112    13     0
1928.41  2.43e-15  5.57e-15  1112     4     0
1930.09 -2.03e-15  5.55e-15  1111    -3     0
1931.77 -8.04e-15  5.54e-15  1111   -15     0
1933.44  8.19e-16  5.52e-15  1110     1     0
1935.12  4.80e-15  5.50e-15  1110     9     0
1936.80  2.25e-15  5.47e-15  1109     4     0
1938.47  4.13e-16  5.45e-15  1109     0     0
1940.15 -4.65e-15  5.42e-15  1108    -9     0
1941.82 -3.22e-15  5.39e-15  1108    -6     0
1943.50 -1.43e-15  5.37e-15  1108    -2     0
1945.18 -1.83e-15  5.36e-15  1107    -3     0
1946.85  1.41e-15  5.34e-15  1107     2     0
1948.53 -8.25e-16  5.30e-15  1106    -1     0
1950.21 -3.79e-15  5.26e-15  1106    -7     0
1951.88 -2.74e-15  5.24e-15  1106    -5     0
1953.56 -8.46e-15  5.22e-15  1105   -17     0
1955.24 -1.19e-14  5.20e-15  1105   -24     0
1956.91 -1.30e-14  5.18e-15  1104   -26     0
1958.59 -1.29e-14  5.17e-15  1104   -26     0
1960.26 -9.95e-15  5.31e-15  1104   -20     0
1961.94 -3.79e-16  5.14e-15  1103     0     0
1963.62 -6.15e-16  5.13e-15  1103    -1     0
1965.29  3.03e-15  5.13e-15  1103     6     0
1966.97  2.42e-15  5.13e-15  1102     4     0
1968.65  3.84e-15  5.13e-15  1102     7     0
1970.32  1.12e-15  5.14e-15  1102     2     0
1972.00  1.48e-16  5.16e-15  1102     0     0
1973.68  3.90e-15  5.19e-15  1101     7     0
1975.35  4.70e-15  5.22e-15  1101     9     0
1977.03 -2.10e-15  5.23e-15  1101    -4     0
1978.70 -2.42e-15  5.25e-15  1101    -4     0
