NOT ORIGINAL IUE PROJECT DATA PRODUCT
SWP28374LOWLARGE
HD  197481
20:42:05
-31:31:18
48
NO-TRAIL
NO
1799.652
25/05/86
12:53:38
145
8.84
01/08/95
GSFC
2446576.03725
0
20
1150.58 -1.36e-13  8.40e-14    30   -22     0
1152.26  8.04e-14  8.20e-14    30    13     0
1153.93  4.14e-15  7.38e-14    30     0     0
1155.61 -2.18e-14  6.87e-14    30    -4     0
1157.29  3.09e-14  6.47e-14    30     6     0
1158.96  9.04e-15  5.88e-14    30     2     0
1160.64 -6.17e-14  5.44e-14    30   -15     0
1162.31 -2.84e-14  5.80e-14    30    -7     0
1163.99 -3.57e-14  4.70e-14    30   -10     0
1165.67 -7.95e-15  4.29e-14    31    -2     0
1167.34  1.08e-14  4.02e-14    31     3     0
1169.02  4.91e-14  3.92e-14    31    17     0
1170.70 -6.13e-14  3.45e-14    31   -23     0
1172.37 -5.20e-14  3.52e-14    31   -20     0
1174.05  2.06e-14  3.21e-14    31     8     0
1175.73  5.88e-14  3.13e-14    31    26     0
1177.40  1.12e-15  2.63e-14    31     0     0
1179.08 -1.58e-14  2.48e-14    31    -8     0
1180.75  7.67e-15  2.34e-14    31     4     0
1182.43 -7.19e-15  2.18e-14    31    -4     0
1184.11  3.75e-17  2.06e-14    31     0     0
1185.78 -1.33e-15  1.95e-14    31     0     0
1187.46 -2.10e-15  2.14e-14    31    -1     0
1189.14 -1.84e-14  1.87e-14    32   -13     0
1190.81 -8.85e-15  1.70e-14    32    -6     0
1192.49 -7.13e-15  1.87e-14    32    -5     0
1194.17  2.36e-14  3.38e-14    32    18     0
1195.84 -3.83e-14  5.27e-14    32   -32 -4096
1197.52 -2.09e-15  5.10e-14    32    -1 -4224
1199.19  3.19e-15  2.33e-14    32     2 -4096
1200.87  2.11e-14  1.70e-14    32    19     0
1202.55  5.35e-15  1.30e-14    32     5     0
1204.22  7.36e-15  1.55e-14    32     7     0
1205.90  3.00e-14  1.29e-14    32    30     0
1207.58  3.12e-14  1.29e-14    32    32     0
1209.25  9.26e-14  2.94e-14    32    99     0
1210.93  1.95e-13  3.32e-14    32   215     0
1212.60  4.42e-13  8.18e-14    33   502     0
1214.28  4.46e-13  7.42e-14    33   519     0
1215.96  4.37e-13  3.64e-14    33   520     0
1217.63  4.33e-13  4.09e-14    33   528     0
1219.31  2.08e-13  4.39e-14    33   259     0
1220.99  1.34e-13  3.41e-14    33   170     0
1222.66  5.77e-14  1.93e-14    33    75     0
1224.34  2.21e-15  8.70e-15    33     2     0
1226.02  8.21e-15  8.74e-15    33    11     0
1227.69  9.36e-15  8.57e-15    33    12     0
1229.37  9.16e-15  9.14e-15    33    12     0
1231.04 -2.02e-16  7.87e-15    33     0     0
1232.72  4.04e-15  7.88e-15    33     5     0
1234.40  1.24e-14  8.12e-15    34    18     0
1236.07 -9.17e-15  7.42e-15    34   -13     0
1237.75  2.07e-14  8.11e-15    34    31     0
1239.43  1.40e-14  7.92e-15    34    21     0
1241.10  4.81e-15  7.95e-15    34     7     0
1242.78  1.27e-14  7.86e-15    34    19     0
1244.46 -8.51e-15  7.08e-15    34   -13     0
1246.13  5.40e-15  7.47e-15    34     8     0
1247.81  3.95e-15  6.90e-15    34     6     0
1249.48  5.75e-15  6.82e-15    34     9     0
1251.16 -7.13e-16  6.53e-15    34    -1     0
1252.84 -9.96e-16  6.45e-15    34    -1     0
1254.51 -1.70e-15  6.84e-15    34    -2     0
1256.19  5.20e-15  6.50e-15    35     8     0
1257.87  1.03e-14  9.23e-15    35    17     0
1259.54  5.94e-16  6.20e-15    35     1     0
1261.22  2.36e-15  6.20e-15    35     4     0
1262.89 -1.04e-14  8.33e-15    35   -17     0
1264.57  1.49e-15  7.53e-15    35     2     0
1266.25  3.71e-15  6.08e-15    35     6     0
1267.92  1.83e-15  5.92e-15    35     3     0
1269.60  1.07e-15  5.84e-15    35     1     0
1271.28 -1.93e-15  5.79e-15    35    -3     0
1272.95 -1.83e-15  5.78e-15    35    -3     0
1274.63 -3.09e-15  5.70e-15    35    -5     0
1276.31  1.81e-14  6.90e-15    36    32     0
1277.98 -5.03e-16  5.63e-15    36     0     0
1279.66  5.16e-15  5.82e-15    36     9     0
1281.33  7.12e-15  5.84e-15    36    12     0
1283.01 -6.01e-15  5.51e-15    36   -10     0
1284.69  8.05e-15  5.84e-15    36    14     0
1286.36 -5.06e-15  5.80e-15    36    -9     0
1288.04  1.74e-15  5.45e-15    36     3     0
1289.72 -2.67e-15  5.37e-15    36    -4     0
1291.39  6.09e-15  5.58e-15    36    11     0
1293.07 -1.81e-15  5.32e-15    36    -3     0
1294.75 -1.18e-14  5.30e-15    36   -21     0
1296.42  7.69e-15  5.57e-15    37    14     0
1298.10  1.04e-14  8.91e-15    37    19     0
1299.77 -4.60e-15  5.21e-15    37    -8     0
1301.45  3.64e-15  5.37e-15    37     6     0
1303.13  8.30e-15  5.57e-15    37    15     0
1304.80  2.09e-14  6.57e-15    37    38     0
1306.48  3.83e-15  5.61e-15    37     6     0
1308.16  4.17e-15  5.42e-15    37     7     0
1309.83 -6.81e-15  5.18e-15    37   -12     0
1311.51  1.06e-14  8.73e-15    37    19     0
1313.19 -7.49e-15  1.05e-14    37   -13     0
1314.86 -2.71e-15  5.51e-15    38    -4     0
1316.54  2.06e-14  6.31e-15    38    37     0
1318.21  1.48e-14  9.46e-15    38    26     0
1319.89  5.72e-14  1.40e-14    38   103     0
1321.57  2.80e-14  9.96e-15    38    50     0
1323.24 -3.02e-15  5.11e-15    38    -5     0
1324.92 -2.28e-15  5.10e-15    38    -4     0
1326.60 -1.87e-15  5.08e-15    38    -3     0
1328.27 -4.04e-16  5.08e-15    38     0     0
1329.95  6.87e-15  6.10e-15    38    12     0
1331.62  7.36e-15  6.08e-15    39    12     0
1333.30  3.52e-15  6.16e-15    39     6     0
1334.98  2.31e-14  6.70e-15    39    40     0
1336.65  3.44e-14  6.64e-15    39    60     0
1338.33  1.55e-14  5.76e-15    39    27     0
1340.01  7.02e-15  5.37e-15    39    12     0
1341.68  5.81e-15  7.94e-15    39    10     0
1343.36 -2.00e-15  5.05e-15    39    -3     0
1345.04  4.43e-15  5.21e-15    39     7     0
1346.71 -3.18e-15  5.73e-15    39    -5     0
1348.39  7.72e-16  5.06e-15    40     1     0
1350.06 -1.00e-14  5.28e-15    40   -16     0
1351.74 -2.81e-15  8.01e-15    40    -4     0
1353.42  2.29e-15  5.14e-15    40     3     0
1355.09  1.03e-14  5.46e-15    40    17     0
1356.77 -4.92e-15  6.97e-15    40    -8     0
1358.45  1.15e-14  5.62e-15    40    18     0
1360.12 -7.99e-15  5.10e-15    40   -13     0
1361.80 -1.43e-15  5.11e-15    40    -2     0
1363.48 -2.01e-15  5.12e-15    40    -3     0
1365.15 -4.98e-15  5.13e-15    41    -8     0
1366.83  2.86e-15  5.25e-15    41     4     0
1368.50  8.53e-15  5.44e-15    41    13     0
1370.18  7.14e-15  5.38e-15    41    11     0
1371.86  8.48e-15  5.57e-15    41    13     0
1373.53 -5.17e-15  6.70e-15    41    -8     0
1375.21  1.81e-15  5.23e-15    41     2     0
1376.89  8.77e-16  5.19e-15    41     1     0
1378.56 -5.68e-15  5.46e-15    41    -8     0
1380.24  6.80e-15  7.62e-15    41    10     0
1381.91  8.37e-15  9.15e-15    42    12     0
1383.59 -1.33e-14  6.00e-15    42   -20     0
1385.27 -2.73e-15  7.92e-15    42    -4     0
1386.94 -4.35e-16  5.26e-15    42     0     0
1388.62 -1.13e-15  9.36e-15    42    -1     0
1390.30  2.81e-14  8.15e-15    42    41     0
1391.97  1.44e-14  5.97e-15    42    21     0
1393.65 -5.87e-16  6.44e-15    42     0     0
1395.33  1.97e-15  5.42e-15    42     2     0
1397.00  3.06e-16  5.46e-15    42     0     0
1398.68  4.79e-15  5.79e-15    43     6     0
1400.35 -1.99e-15  7.18e-15    43    -2     0
1402.03  1.00e-14  6.03e-15    43    13     0
1403.71 -2.20e-15  6.60e-15    43    -3     0
1405.38  5.35e-15  5.74e-15    43     7     0
1407.06  8.03e-15  6.73e-15    43    10     0
1408.74  2.18e-14  6.63e-15    43    29     0
1410.41  2.29e-14  7.28e-15    43    30     0
1412.09  9.91e-15  8.59e-15    43    13     0
1413.77  1.06e-14  6.12e-15    44    14     0
1415.44  1.02e-14  6.28e-15    44    13     0
1417.12 -1.10e-14  5.70e-15    44   -14     0
1418.79 -6.21e-15  5.63e-15    44    -8     0
1420.47  5.53e-16  5.71e-15    44     0     0
1422.15 -2.17e-15  5.83e-15    44    -2     0
1423.82 -6.96e-15  5.74e-15    44    -8     0
1425.50 -1.91e-15  7.27e-15    44    -2     0
1427.18 -1.68e-15  5.77e-15    44    -2     0
1428.85 -2.69e-15  6.65e-15    44    -3     0
1430.53  4.52e-15  6.12e-15    45     5     0
1432.20  6.32e-15  6.12e-15    45     7     0
1433.88  1.33e-14  6.59e-15    45    16     0
1435.56 -1.16e-14  6.89e-15    45   -13     0
1437.23  1.68e-15  6.16e-15    45     2     0
1438.91  1.48e-14  7.10e-15    45    17     0
1440.59  4.14e-15  5.99e-15    45     4     0
1442.26  1.49e-14  6.50e-15    45    17     0
1443.94  4.88e-15  6.10e-15    45     5     0
1445.62 -7.87e-15  5.88e-15    45    -9     0
1447.29  1.41e-14  6.61e-15    46    16     0
1448.97  4.11e-15  6.10e-15    46     4     0
1450.64  2.55e-15  6.07e-15    46     2     0
1452.32  1.07e-14  6.40e-15    46    12     0
1454.00  4.32e-15  6.09e-15    46     4     0
1455.67 -9.43e-15  5.88e-15    46   -10     0
1457.35  7.00e-15  7.29e-15    46     8     0
1459.03  1.92e-14  7.43e-15    46    21     0
1460.70  8.09e-16  5.99e-15    46     0     0
1462.38 -7.87e-16  5.84e-15    46     0     0
1464.06  4.98e-16  5.83e-15    46     0     0
1465.73  5.29e-16  5.87e-15    47     0     0
1467.41  2.14e-15  5.93e-15    47     2     0
1469.08 -3.24e-15  6.06e-15    47    -3     0
1470.76 -2.19e-15  5.89e-15    47    -2     0
1472.44  8.88e-15  6.24e-15    47     9     0
1474.11 -3.83e-16  5.87e-15    47     0     0
1475.79  7.61e-15  6.19e-15    47     8     0
1477.47  2.33e-15  6.03e-15    47     2     0
1479.14  6.46e-15  6.14e-15    47     7     0
1480.82  7.47e-15  6.22e-15    47     8     0
1482.50  3.33e-15  6.09e-15    47     3     0
1484.17  2.94e-14  7.21e-15    48    32     0
1485.85 -7.87e-15  5.78e-15    48    -8     0
1487.52 -3.54e-15  5.77e-15    48    -3     0
1489.20 -3.40e-15  6.35e-15    48    -3     0
1490.88  7.60e-15  6.12e-15    48     8     0
1492.55  1.30e-15  6.05e-15    48     1     0
1494.23 -3.17e-16  5.79e-15    48     0     0
1495.91 -4.85e-15  5.76e-15    48    -5     0
1497.58 -4.81e-15  6.24e-15    48    -5     0
1499.26 -7.63e-15  6.42e-15    48    -8     0
1500.93  5.83e-15  6.02e-15    48     6     0
1502.61 -9.17e-15  5.82e-15    48    -9     0
1504.29  7.64e-15  6.65e-15    48     8     0
1505.96 -4.63e-15  5.90e-15    49    -4     0
1507.64  3.59e-15  5.91e-15    49     3     0
1509.32 -3.40e-15  5.80e-15    49    -3     0
1510.99  7.56e-15  6.97e-15    49     7     0
1512.67 -1.89e-15  5.80e-15    49    -1     0
1514.35 -1.73e-15  5.80e-15    49    -1     0
1516.02 -7.20e-15  5.82e-15    49    -7     0
1517.70  9.52e-15  6.41e-15    49     9     0
1519.37  4.04e-15  6.03e-15    49     4     0
1521.05  1.16e-14  6.55e-15    49    11     0
1522.73  1.63e-14  6.73e-15    49    16     0
1524.40  1.36e-15  5.92e-15    49     1     0
1526.08 -2.19e-15  7.18e-15    49    -2     0
1527.76  9.01e-15  6.29e-15    49     8     0
1529.43  2.00e-14  6.89e-15    50    19     0
1531.11  9.67e-15  6.28e-15    50     9     0
1532.79  8.78e-16  5.77e-15    50     0     0
1534.46 -4.20e-15  6.53e-15    50    -4     0
1536.14  1.19e-18  5.74e-15    50     0     0
1537.81  2.99e-15  7.76e-15    50     2     0
1539.49 -1.06e-14  5.70e-15    50   -10     0
1541.17  1.49e-14  6.96e-15    50    14     0
1542.84  8.09e-15  6.08e-15    50     8     0
1544.52  8.87e-15  6.15e-15    50     8     0
1546.20  3.69e-14  7.48e-15    50    36     0
1547.87  4.81e-14  1.18e-14    50    47     0
1549.55  4.57e-14  8.76e-15    50    45     0
1551.22  2.89e-14  7.21e-15    50    28     0
1552.90  1.52e-14  6.28e-15    50    15     0
1554.58  5.55e-15  5.77e-15    50     5     0
1556.25  1.21e-14  6.47e-15    50    12     0
1557.93  4.11e-15  5.72e-15    50     4     0
1559.61  9.49e-15  5.93e-15    51     9     0
1561.28  1.11e-14  6.42e-15    51    11     0
1562.96  1.68e-14  6.26e-15    51    16     0
1564.64 -9.47e-15  5.36e-15    51    -9     0
1566.31 -9.89e-17  6.26e-15    51     0     0
1567.99 -3.01e-15  5.28e-15    51    -3     0
1569.66  1.08e-14  5.87e-15    51    10     0
1571.34  3.49e-15  5.45e-15    51     3     0
1573.02 -3.59e-15  5.25e-15    51    -3     0
1574.69  7.69e-15  5.54e-15    51     7     0
1576.37  1.44e-14  6.00e-15    51    14     0
1578.05  7.30e-15  5.59e-15    51     7     0
1579.72  4.54e-15  5.59e-15    51     4     0
1581.40 -4.66e-15  5.12e-15    51    -4     0
1583.08  1.03e-14  5.67e-15    51    10     0
1584.75 -3.41e-15  5.07e-15    51    -3     0
1586.43  1.22e-14  5.58e-15    51    12     0
1588.10  4.62e-15  5.60e-15    51     4     0
1589.78 -1.48e-15  5.43e-15    51    -1     0
1591.46  1.22e-14  5.67e-15    51    12     0
1593.13 -3.87e-15  5.01e-15    51    -3     0
1594.81  7.53e-15  5.21e-15    51     7     0
1596.49 -5.95e-15  4.88e-15    51    -6     0
1598.16  1.02e-14  5.74e-15    51    10     0
1599.84  6.64e-15  5.93e-15    51     6     0
1601.52  1.07e-14  6.08e-15    51    10     0
1603.19 -2.22e-15  5.22e-15    51    -2     0
1604.87  2.92e-15  4.88e-15    51     3     0
1606.54  2.36e-15  4.92e-15    51     2     0
1608.22  6.08e-15  5.03e-15    51     6     0
1609.90  4.30e-15  4.89e-15    51     4     0
1611.57  1.23e-14  5.56e-15    51    12     0
1613.25  5.27e-15  8.24e-15    51     5     0
1614.93  3.55e-15  5.69e-15    51     3     0
1616.60  8.01e-15  8.99e-15    51     8     0
1618.28 -2.35e-15  5.09e-15    51    -2     0
1619.95 -9.31e-15  4.51e-15    51    -9     0
1621.63 -6.44e-16  4.56e-15    51     0     0
1623.31  3.20e-15  4.56e-15    51     3     0
1624.98  7.27e-15  4.83e-15    51     7     0
1626.66  6.98e-15  6.57e-15    51     7     0
1628.34  1.01e-15  6.29e-15    51     1     0
1630.01  1.38e-15  4.41e-15    51     1     0
1631.69 -5.75e-15  4.33e-15    51    -6     0
1633.37 -3.15e-16  4.89e-15    51     0     0
1635.04  8.31e-15  6.69e-15    51     8     0
1636.72  2.07e-15  5.50e-15    51     2     0
1638.39  3.23e-14  5.80e-15    51    34     0
1640.07  6.14e-14  7.61e-15    51    66     0
1641.75  4.67e-14  6.97e-15    51    50     0
1643.42  1.83e-14  5.14e-15    51    19     0
1645.10  1.84e-14  5.25e-15    51    20     0
1646.78  8.86e-15  4.52e-15    51     9     0
1648.45  5.85e-15  4.32e-15    51     6     0
1650.13  7.35e-15  4.42e-15    51     8     0
1651.81  1.45e-16  4.10e-15    51     0     0
1653.48 -3.30e-15  3.97e-15    51    -3     0
1655.16  1.05e-14  4.82e-15    51    11     0
1656.83  1.31e-14  4.55e-15    51    14     0
1658.51  1.43e-14  4.60e-15    51    16     0
1660.19  7.27e-15  4.17e-15    51     8     0
1661.86 -4.01e-15  3.76e-15    51    -4     0
1663.54 -3.86e-15  3.73e-15    51    -4     0
1665.22  9.06e-15  4.25e-15    51    10     0
1666.89  5.78e-15  4.61e-15    51     6     0
1668.57  1.07e-14  4.26e-15    51    12     0
1670.24  1.55e-14  4.80e-15    51    17     0
1671.92  7.45e-15  3.98e-15    51     8     0
1673.60  1.26e-14  4.25e-15    51    14     0
1675.27 -4.03e-15  3.51e-15    51    -4     0
1676.95  3.26e-15  3.66e-15    51     3     0
1678.63 -6.51e-17  3.76e-15    51     0     0
1680.30  9.83e-16  3.47e-15    50     1     0
1681.98 -1.42e-15  3.49e-15    50    -1     0
1683.66  1.14e-14  4.02e-15    50    13     0
1685.33  7.11e-15  3.69e-15    50     8     0
1687.01  1.97e-15  3.42e-15    50     2     0
1688.68  3.59e-15  3.49e-15    50     4     0
1690.36  1.13e-14  3.84e-15    50    13     0
1692.04 -2.14e-15  3.20e-15    50    -2     0
1693.71  4.56e-15  3.43e-15    50     5     0
1695.39  8.62e-16  3.18e-15    50     1     0
1697.07  3.49e-15  3.29e-15    50     4     0
1698.74  7.05e-15  3.49e-15    50     8     0
1700.42  5.10e-15  4.46e-15    50     6     0
1702.10  5.70e-15  3.34e-15    50     7     0
1703.77  4.62e-15  3.49e-15    50     5     0
1705.45  1.47e-15  3.04e-15    50     1     0
1707.12 -1.53e-15  2.93e-15    50    -1     0
1708.80  1.84e-15  2.97e-15    50     2     0
1710.48  2.18e-15  2.99e-15    49     2     0
1712.15 -3.29e-16  3.46e-15    49     0     0
1713.83  9.85e-16  2.82e-15    49     1     0
1715.51  8.39e-18  2.90e-15    49     0     0
1717.18  5.58e-15  3.18e-15    49     7     0
1718.86  4.12e-15  3.10e-15    49     5     0
1720.54  3.71e-15  2.80e-15    49     5     0
1722.21  6.23e-15  2.95e-15    49     8     0
1723.89  4.90e-15  2.83e-15    49     6     0
1725.56  5.97e-15  3.32e-15    49     8     0
1727.24  7.33e-15  3.00e-15    49    10     0
1728.92  6.03e-16  2.65e-15    49     0     0
1730.59  2.93e-15  3.32e-15    49     4     0
1732.27 -2.63e-16  2.68e-15    48     0     0
1733.95  7.25e-15  2.87e-15    48    10     0
1735.62  3.55e-15  2.65e-15    48     5     0
1737.30  3.42e-15  2.99e-15    48     4     0
1738.97  7.00e-15  3.71e-15    48    10     0
1740.65  7.47e-15  3.33e-15    48    10     0
1742.33  2.22e-15  2.47e-15    48     3     0
1744.00  1.43e-15  2.31e-15    48     2     0
1745.68 -1.23e-15  2.35e-15    48    -1     0
1747.36  5.76e-15  2.90e-15    48     8     0
1749.03  5.55e-15  4.62e-15    48     8     0
1750.71  3.36e-15  2.53e-15    48     5     0
1752.39  4.24e-15  2.37e-15    47     6     0
1754.06  2.24e-15  2.29e-15    47     3     0
1755.74  1.16e-15  3.01e-15    47     1     0
1757.41  4.38e-15  2.39e-15    47     6     0
1759.09  1.11e-14  2.76e-15    47    17     0
1760.77  1.06e-14  2.72e-15    47    16     0
1762.44  1.09e-14  5.14e-15    47    16     0
1764.12  9.39e-15  4.85e-15    47    14     0
1765.80  8.37e-15  4.14e-15    47    13     0
1767.47  9.47e-15  4.40e-15    47    15     0
1769.15  1.29e-14  5.49e-15    46    20     0
1770.83  1.35e-14  3.49e-15    46    21     0
1772.50  8.45e-15  4.17e-15    46    13     0
1774.18  1.13e-14  5.47e-15    46    18     0
1775.85  9.81e-15  4.28e-15    46    15     0
1777.53  1.28e-14  4.45e-15    46    20     0
1779.21  1.55e-14  5.57e-15    46    25     0
1780.88  1.66e-14  5.46e-15    46    27     0
1782.56  2.10e-14  5.90e-15    46    34     0
1784.24  2.36e-14  6.25e-15    46    39     0
1785.91  2.41e-14  4.54e-15    46    40     0
1787.59  3.44e-14  8.79e-15    45    57     0
1789.26  2.99e-14  9.50e-15    45    50     0
1790.94  2.25e-14  5.42e-15    45    37     0
1792.62  3.44e-14  1.03e-14    45    57 -4096
1794.29  9.39e-15  6.91e-15    45    15 -4096
1795.97  7.85e-15  3.26e-15    45    13     0
1797.65  5.31e-15  1.97e-15    45     9     0
1799.32  8.03e-15  2.52e-15    45    13     0
1801.00  8.03e-15  3.29e-15    45    13     0
1802.68  6.36e-15  2.80e-15    44    10     0
1804.35  5.56e-16  1.77e-15    44     0     0
1806.03  3.97e-15  3.40e-15    44     6     0
1807.70  2.63e-15  2.47e-15    44     4     0
1809.38  4.81e-15  3.44e-15    44     8     0
1811.06  2.42e-15  2.94e-15    44     4     0
1812.73  5.15e-15  2.08e-15    44     8     0
1814.41  6.79e-15  2.84e-15    44    11     0
1816.09  1.19e-14  3.34e-15    44    20     0
1817.76  1.06e-14  3.66e-15    44    18     0
1819.44  5.27e-15  1.78e-15    43     9     0
1821.12  5.01e-15  2.01e-15    43     8     0
1822.79  6.09e-15  3.13e-15    43    10     0
1824.47  7.82e-15  2.87e-15    43    13     0
1826.14 -4.46e-16  1.62e-15    43     0     0
1827.82  1.87e-16  1.44e-15    43     0     0
1829.50  1.35e-15  2.15e-15    43     2     0
1831.17  6.26e-17  1.94e-15    43     0     0
1832.85  2.45e-15  1.54e-15    43     4     0
1834.53  2.48e-15  1.53e-15    43     4     0
1836.20  2.03e-15  1.48e-15    43     3     0
1837.88  2.58e-15  1.57e-15    42     4     0
1839.55  4.88e-16  1.37e-15    42     0     0
1841.23  1.01e-15  1.39e-15    42     1     0
1842.91  2.32e-16  1.32e-15    42     0     0
1844.58  7.38e-16  1.34e-15    42     1     0
1846.26  2.33e-15  1.42e-15    42     4     0
1847.94  4.71e-15  1.87e-15    42     8     0
1849.61  3.50e-15  2.05e-15    42     6     0
1851.29  2.93e-15  1.51e-15    42     5     0
1852.97  1.06e-15  1.79e-15    42     1     0
1854.64  7.97e-16  1.30e-15    42     1     0
1856.32  1.94e-15  1.35e-15    41     3     0
1857.99  2.07e-15  1.35e-15    41     3     0
1859.67  5.11e-15  2.30e-15    41     8     0
1861.35  5.92e-15  2.36e-15    41    10     0
1863.02  6.99e-15  2.39e-15    41    12     0
1864.70  5.50e-15  2.18e-15    41     9     0
1866.38  2.46e-15  1.42e-15    41     4     0
1868.05  3.40e-15  1.46e-15    41     5     0
1869.73  3.36e-15  1.38e-15    41     5     0
1871.41  3.74e-15  1.40e-15    41     6     0
1873.08  7.40e-16  1.27e-15    41     1     0
1874.76  1.44e-16  1.27e-15    41     0     0
1876.43  7.15e-16  1.34e-15    41     1     0
1878.11 -1.01e-15  1.28e-15    40    -1     0
1879.79 -2.35e-15  1.28e-15    40    -4     0
1881.46 -1.30e-15  1.28e-15    40    -2     0
1883.14 -1.06e-15  1.28e-15    40    -1     0
1884.82  1.62e-15  1.93e-15    40     2     0
1886.49  1.59e-15  1.56e-15    40     2     0
1888.17  9.85e-17  1.29e-15    40     0     0
1889.85  1.38e-16  1.30e-15    40     0     0
1891.52  8.75e-16  1.30e-15    40     1     0
1893.20  1.64e-15  1.30e-15    40     2     0
1894.87  3.35e-15  1.32e-15    40     5     0
1896.55  4.38e-15  1.34e-15    40     7     0
1898.23  7.66e-16  1.31e-15    40     1     0
1899.90 -2.50e-16  1.31e-15    40     0     0
1901.58  2.49e-15  1.31e-15    40     4     0
1903.26  3.64e-15  1.32e-15    40     6     0
1904.93  3.37e-15  1.32e-15    40     5     0
1906.61 -8.82e-17  1.31e-15    40     0     0
1908.28 -2.22e-16  1.32e-15    40     0     0
1909.96  4.73e-15  1.53e-15    40     7     0
1911.64  1.70e-15  1.47e-15    40     2     0
1913.31  2.67e-15  1.64e-15    40     4     0
1914.99  5.36e-15  1.39e-15    39     8     0
1916.67  7.15e-15  1.64e-15    39    11     0
1918.34  2.56e-15  2.13e-15    39     4     0
1920.02  1.30e-15  1.33e-15    39     2     0
1921.70  3.42e-15  1.33e-15    39     5     0
1923.37  3.46e-15  1.34e-15    39     5     0
1925.05  6.72e-15  2.07e-15    39    10     0
1926.72  7.35e-15  1.51e-15    39    12     0
1928.40  5.18e-15  1.33e-15    39     8     0
1930.08  6.07e-15  1.32e-15    39     9     0
1931.75  7.04e-15  1.35e-15    39    11     0
1933.43  3.14e-15  1.32e-15    40     5     0
1935.11  4.08e-15  1.32e-15    40     6     0
1936.78  2.68e-15  1.32e-15    40     4     0
1938.46 -1.27e-15  1.32e-15    40    -2     0
1940.14 -2.03e-15  1.31e-15    40    -3     0
1941.81 -1.89e-15  1.31e-15    40    -3     0
1943.49 -5.26e-16  1.31e-15    40     0     0
1945.16  4.29e-16  1.33e-15    40     0     0
1946.84  2.14e-15  1.30e-15    40     3     0
1948.52  8.82e-16  1.33e-15    40     1     0
1950.19  1.55e-15  1.32e-15    40     2     0
1951.87  1.06e-15  1.58e-15    40     1     0
1953.55  6.35e-16  1.28e-15    40     1     0
1955.22  5.21e-16  1.28e-15    40     0     0
1956.90  4.39e-15  1.28e-15    40     7     0
1958.57  6.33e-15  1.83e-15    40    10     0
1960.25  4.82e-15  1.27e-15    40     8     0
1961.93  3.48e-15  1.27e-15    40     5     0
1963.60  1.25e-15  1.27e-15    40     2     0
1965.28  2.78e-15  1.27e-15    41     4     0
1966.96  4.88e-15  1.27e-15    41     8     0
1968.63  4.80e-15  1.27e-15    41     8     0
1970.31  5.59e-15  1.27e-15    41     9     0
1971.99  6.22e-15  1.29e-15    41    10     0
1973.66  2.17e-15  1.29e-15    41     3     0
1975.34  1.18e-15  1.29e-15    41     1     0
1977.01 -7.27e-16  1.32e-15    41    -1     0
1978.69  2.29e-15  2.34e-15    42     3     0
