NOT ORIGINAL IUE PROJECT DATA PRODUCT
SWP29183LOWLARGE
HD  197481
20:42:06
-31:31:05
48
NO-TRAIL
NO
2699.544
10/09/86
12:27:24
253
8.20
28/07/95
GSFC
2446684.01903
0
69
1150.58 -3.32e-14  1.03e-13   868    -8     0
1152.26  8.94e-14  9.95e-14   868    22     0
1153.93  6.10e-14  9.35e-14   868    16     0
1155.61  3.31e-14  8.62e-14   868     9     0
1157.29  1.44e-13  8.55e-14   869    44     0
1158.96 -5.79e-14  7.29e-14   869   -19     0
1160.64  5.52e-14  7.02e-14   869    20     0
1162.31 -5.78e-14  6.34e-14   870   -22     0
1163.99  2.74e-14  6.01e-14   870    11     0
1165.67 -1.61e-14  5.41e-14   870    -7     0
1167.34  1.56e-14  5.05e-14   871     7     0
1169.02 -2.19e-14  4.70e-14   871   -11     0
1170.70 -1.44e-14  4.38e-14   871    -8     0
1172.37 -2.55e-14  4.10e-14   872   -15     0
1174.05 -2.35e-14  3.84e-14   872   -15     0
1175.73  3.05e-14  3.75e-14   872    20     0
1177.40  2.40e-14  3.47e-14   872    17     0
1179.08 -9.15e-15  3.19e-14   873    -7     0
1180.75  4.31e-15  3.01e-14   873     3     0
1182.43  4.05e-14  3.02e-14   873    35     0
1184.11 -1.99e-14  2.68e-14   874   -18     0
1185.78  3.03e-14  2.69e-14   874    29     0
1187.46 -1.26e-14  2.45e-14   874   -12     0
1189.14  2.41e-14  2.43e-14   875    25     0
1190.81  4.43e-14  2.68e-14   875    49     0
1192.49  1.53e-14  2.39e-14   875    17     0
1194.17 -6.91e-14  2.97e-14   875   -83     0
1195.84  3.20e-14  7.22e-14   876    40 -4096
1197.52  6.67e-15  6.78e-14   876     8 -4096
1199.19  6.34e-14  3.53e-14   876    84 -4096
1200.87  5.26e-14  2.22e-14   877    72     0
1202.55  1.86e-14  1.81e-14   877    26     0
1204.22  1.43e-14  1.72e-14   877    21     0
1205.90  1.07e-13  2.11e-14   877   162     0
1207.58  1.38e-13  3.38e-14   878   215     0
1209.25  3.65e-13  7.57e-14   878   587     0
1210.93  6.37e-13  7.03e-14   878  1056     0
1212.60  1.97e-12  6.56e-14   879  3349   -32
1214.28  2.14e-12  8.20e-14   879  3728  -288
1215.96  2.22e-12  1.24e-12   879  3962  -256
1217.63  1.12e-12  1.32e-13   879  2046     0
1219.31  9.50e-13  1.79e-13   880  1777     0
1220.99  3.77e-13  9.81e-14   880   719     0
1222.66  1.05e-13  1.82e-14   880   204     0
1224.34  3.01e-14  1.39e-14   880    59     0
1226.02 -4.35e-16  1.18e-14   881     0     0
1227.69  6.46e-16  1.16e-14   881     1     0
1229.37  2.03e-14  1.24e-14   881    42     0
1231.04  3.31e-14  1.28e-14   881    71     0
1232.72  4.06e-15  1.11e-14   882     8     0
1234.40  2.92e-14  1.23e-14   882    64     0
1236.07  1.74e-14  1.14e-14   882    39     0
1237.75  1.75e-14  1.13e-14   882    39     0
1239.43  4.96e-15  1.05e-14   883    11     0
1241.10 -5.61e-15  1.02e-14   883   -13     0
1242.78  1.16e-14  1.07e-14   883    27     0
1244.46 -2.08e-14  1.00e-14   883   -49     0
1246.13  6.68e-15  1.02e-14   884    15     0
1247.81 -3.79e-17  9.83e-15   884     0     0
1249.48  8.55e-15  1.01e-14   884    20     0
1251.16  2.14e-14  1.07e-14   884    52     0
1252.84 -5.73e-15  9.66e-15   885   -14     0
1254.51  5.92e-15  9.72e-15   885    14     0
1256.19 -4.85e-16  9.37e-15   885    -1     0
1257.87  1.52e-14  9.99e-15   885    38     0
1259.54  2.35e-14  1.04e-14   885    60     0
1261.22  2.77e-14  1.06e-14   886    71     0
1262.89  1.02e-14  9.59e-15   886    26     0
1264.57 -2.08e-15  9.00e-15   886    -5     0
1266.25  1.32e-14  9.58e-15   886    34     0
1267.92 -6.62e-15  8.85e-15   886   -17     0
1269.60  5.76e-16  8.82e-15   887     1     0
1271.28  1.58e-14  9.63e-15   887    42     0
1272.95  8.29e-15  9.18e-15   887    22     0
1274.63 -4.24e-15  8.71e-15   887   -11     0
1276.31  2.20e-14  9.77e-15   887    58     0
1277.98  6.40e-15  8.94e-15   888    17     0
1279.66  3.16e-17  8.62e-15   888     0     0
1281.33  1.20e-14  9.10e-15   888    32     0
1283.01 -2.37e-15  8.54e-15   888    -6     0
1284.69  1.14e-14  9.02e-15   888    31     0
1286.36  8.70e-15  8.92e-15   889    23     0
1288.04  1.27e-14  9.09e-15   889    34     0
1289.72  1.13e-14  8.98e-15   889    30     0
1291.39  4.09e-15  8.57e-15   889    11     0
1293.07 -5.35e-15  8.39e-15   889   -14     0
1294.75 -2.16e-15  8.49e-15   889    -5     0
1296.42  9.52e-15  8.77e-15   890    26     0
1298.10 -9.91e-16  8.30e-15   890    -2     0
1299.77 -8.81e-16  8.29e-15   890    -2     0
1301.45  8.92e-15  8.79e-15   890    24     0
1303.13  1.64e-14  9.15e-15   890    44     0
1304.80  2.11e-14  9.27e-15   890    57     0
1306.48  2.21e-14  9.41e-15   891    60     0
1308.16  2.22e-14  1.09e-14   891    60     0
1309.83  1.46e-14  9.09e-15   891    39     0
1311.51  8.47e-15  8.81e-15   891    23     0
1313.19  5.56e-15  8.59e-15   891    15     0
1314.86  9.49e-17  8.29e-15   891     0     0
1316.54 -4.14e-15  8.30e-15   891   -11     0
1318.21  3.26e-15  8.39e-15   892     8     0
1319.89 -1.87e-14  8.31e-15   892   -50     0
1321.57  9.46e-15  8.88e-15   892    25     0
1323.24 -1.23e-14  8.41e-15   892   -32     0
1324.92 -5.96e-15  8.42e-15   892   -15     0
1326.60 -5.81e-15  8.46e-15   892   -15     0
1328.27  7.71e-15  8.86e-15   892    20     0
1329.95 -9.40e-15  8.48e-15   893   -24     0
1331.62  7.40e-15  8.67e-15   893    19     0
1333.30  1.94e-14  9.47e-15   893    51     0
1334.98  3.87e-14  1.04e-14   893   101     0
1336.65  2.70e-14  9.83e-15   893    71     0
1338.33 -3.22e-15  8.46e-15   893    -8     0
1340.01  1.25e-14  9.09e-15   893    32     0
1341.68  6.72e-15  8.92e-15   893    17     0
1343.36  1.07e-14  8.90e-15   893    27     0
1345.04  2.22e-15  8.69e-15   894     5     0
1346.71 -2.42e-15  8.64e-15   894    -6     0
1348.39  9.95e-15  9.17e-15   894    25     0
1350.06 -1.14e-14  8.67e-15   894   -28     0
1351.74  7.35e-15  9.00e-15   894    18     0
1353.42  2.15e-14  9.76e-15   894    53     0
1355.09  1.09e-14  9.25e-15   894    27     0
1356.77  6.16e-15  9.07e-15   894    15     0
1358.45 -5.11e-15  8.80e-15   894   -12     0
1360.12  1.17e-14  9.47e-15   894    28     0
1361.80  1.15e-15  8.96e-15   895     2     0
1363.48 -1.78e-15  8.97e-15   895    -4     0
1365.15  2.49e-15  9.11e-15   895     6     0
1366.83  8.73e-15  9.46e-15   895    20     0
1368.50  1.08e-14  9.56e-15   895    25     0
1370.18  3.74e-15  9.18e-15   895     8     0
1371.86  7.26e-15  9.62e-15   895    17     0
1373.53  8.32e-15  9.53e-15   895    19     0
1375.21 -1.68e-14  9.34e-15   895   -39     0
1376.89  1.63e-15  9.32e-15   895     3     0
1378.56 -3.82e-15  9.30e-15   895    -8     0
1380.24  5.96e-15  9.61e-15   895    13     0
1381.91  3.29e-15  9.45e-15   895     7     0
1383.59 -1.23e-14  9.42e-15   895   -27     0
1385.27 -3.83e-16  9.45e-15   896     0     0
1386.94  1.00e-14  9.96e-15   896    22     0
1388.62 -5.47e-15  9.55e-15   896   -12     0
1390.30  8.69e-15  9.99e-15   896    19     0
1391.97  1.53e-14  1.04e-14   896    33     0
1393.65  7.88e-15  1.05e-14   896    17     0
1395.33 -8.47e-15  9.77e-15   896   -18     0
1397.00  3.83e-15  9.94e-15   896     8     0
1398.68 -8.03e-15  9.88e-15   896   -17     0
1400.35  1.40e-14  1.07e-14   896    29     0
1402.03  1.14e-15  1.02e-14   896     2     0
1403.71  2.73e-15  1.02e-14   896     5     0
1405.38 -2.59e-15  1.01e-14   896    -5     0
1407.06 -3.42e-15  1.02e-14   896    -7     0
1408.74 -8.66e-16  1.03e-14   896    -1     0
1410.41 -1.07e-14  1.03e-14   896   -21     0
1412.09 -9.08e-15  1.04e-14   896   -18     0
1413.77  5.14e-15  1.25e-14   896    10     0
1415.44  1.43e-14  1.11e-14   896    28     0
1417.12  2.37e-15  1.05e-14   896     4     0
1418.79 -6.58e-15  1.05e-14   896   -12     0
1420.47 -7.96e-15  1.07e-14   897   -15     0
1422.15  2.85e-15  1.09e-14   897     5     0
1423.82 -7.21e-15  1.08e-14   897   -13     0
1425.50  2.75e-15  1.14e-14   897     5     0
1427.18  2.96e-17  1.09e-14   897     0     0
1428.85  6.38e-15  1.12e-14   897    11     0
1430.53  5.66e-15  1.12e-14   897    10     0
1432.20  1.94e-14  1.17e-14   897    35     0
1433.88  9.03e-15  1.18e-14   897    16     0
1435.56 -1.25e-15  1.12e-14   897    -2     0
1437.23 -7.97e-15  1.16e-14   897   -14     0
1438.91  1.88e-14  1.21e-14   897    33     0
1440.59  8.37e-15  1.16e-14   897    15     0
1442.26  1.88e-15  1.13e-14   897     3     0
1443.94 -1.18e-14  1.13e-14   897   -20     0
1445.62 -2.47e-15  1.14e-14   897    -4     0
1447.29  8.17e-15  1.17e-14   897    14     0
1448.97  8.80e-15  1.34e-14   897    15     0
1450.64 -9.79e-15  1.14e-14   897   -17     0
1452.32  8.86e-15  1.18e-14   897    15     0
1454.00  1.24e-15  1.15e-14   897     2     0
1455.67 -6.94e-15  1.15e-14   897   -11     0
1457.35  2.12e-14  1.24e-14   897    36     0
1459.03  1.09e-14  1.20e-14   897    18     0
1460.70 -6.14e-15  1.14e-14   897   -10     0
1462.38 -9.12e-16  1.15e-14   897    -1     0
1464.06  1.75e-14  1.22e-14   897    30     0
1465.73  3.03e-14  1.29e-14   897    51     0
1467.41 -4.45e-15  1.16e-14   897    -7     0
1469.08  1.31e-14  1.21e-14   897    22     0
1470.76  2.22e-14  1.26e-14   897    37     0
1472.44  1.09e-14  1.21e-14   897    18     0
1474.11  3.59e-15  1.18e-14   897     5     0
1475.79 -8.19e-15  1.17e-14   897   -13     0
1477.47 -2.78e-15  1.17e-14   897    -4     0
1479.14  1.15e-14  1.41e-14   897    18     0
1480.82  2.13e-14  1.25e-14   897    35     0
1482.50  3.21e-15  1.18e-14   897     5     0
1484.17 -1.15e-15  1.20e-14   897    -1     0
1485.85  8.47e-15  1.20e-14   897    13     0
1487.52 -3.27e-16  1.16e-14   897     0     0
1489.20  5.15e-15  1.19e-14   897     8     0
1490.88  7.42e-15  1.20e-14   897    12     0
1492.55 -4.91e-15  1.17e-14   897    -7     0
1494.23 -2.96e-15  1.17e-14   897    -4     0
1495.91 -1.31e-15  1.17e-14   897    -2     0
1497.58 -2.36e-14  1.17e-14   897   -38     0
1499.26 -3.58e-15  1.20e-14   897    -5     0
1500.93  1.40e-14  1.31e-14   897    22     0
1502.61  2.82e-14  1.28e-14   897    45     0
1504.29 -9.79e-15  1.18e-14   897   -15     0
1505.96  2.84e-15  1.19e-14   897     4     0
1507.64  7.11e-15  1.21e-14   897    11     0
1509.32  9.92e-16  1.19e-14   896     1     0
1510.99  1.72e-14  1.26e-14   896    26     0
1512.67  2.27e-14  1.28e-14   896    35     0
1514.35  1.45e-14  1.25e-14   896    22     0
1516.02 -6.07e-15  1.20e-14   896    -9     0
1517.70  5.77e-15  1.23e-14   896     8     0
1519.37 -2.68e-17  1.21e-14   896     0     0
1521.05  2.22e-14  1.29e-14   896    33     0
1522.73  9.56e-15  1.24e-14   896    14     0
1524.40 -1.10e-14  1.21e-14   896   -16     0
1526.08  1.44e-14  1.27e-14   896    21     0
1527.76 -4.67e-15  1.21e-14   896    -6     0
1529.43 -1.09e-14  1.21e-14   896   -16     0
1531.11  3.01e-15  1.21e-14   896     4     0
1532.79 -5.45e-15  1.21e-14   896    -8     0
1534.46  6.60e-15  1.23e-14   896     9     0
1536.14 -5.62e-15  1.20e-14   896    -8     0
1537.81  7.63e-15  1.22e-14   896    11     0
1539.49  4.10e-15  1.21e-14   896     6     0
1541.17 -2.14e-15  1.20e-14   896    -3     0
1542.84  4.80e-15  1.23e-14   896     7     0
1544.52  1.21e-14  1.28e-14   896    18     0
1546.20  1.39e-14  1.23e-14   896    20     0
1547.87  5.61e-14  1.39e-14   896    83     0
1549.55  8.89e-14  1.49e-14   896   133     0
1551.22  6.93e-14  1.43e-14   896   103     0
1552.90  2.54e-14  1.26e-14   896    37     0
1554.58  3.39e-14  1.30e-14   896    50     0
1556.25  9.69e-15  1.21e-14   896    14     0
1557.93  1.21e-14  1.21e-14   896    18     0
1559.61  1.15e-14  1.22e-14   895    17     0
1561.28  1.74e-14  1.21e-14   895    26     0
1562.96  2.95e-14  1.26e-14   895    44     0
1564.64  1.08e-14  1.19e-14   895    16     0
1566.31 -1.54e-15  1.14e-14   895    -2     0
1567.99  6.72e-15  1.16e-14   895    10     0
1569.66  9.75e-15  1.17e-14   895    14     0
1571.34  1.03e-14  1.17e-14   895    15     0
1573.02 -5.37e-15  1.20e-14   895    -8     0
1574.69  1.74e-15  1.14e-14   895     2     0
1576.37  7.62e-15  1.16e-14   895    11     0
1578.05  9.11e-15  1.16e-14   895    13     0
1579.72 -7.59e-15  1.12e-14   895   -11     0
1581.40  2.09e-15  1.12e-14   895     3     0
1583.08  8.66e-15  1.14e-14   895    13     0
1584.75  1.20e-14  1.14e-14   895    18     0
1586.43 -3.98e-15  1.10e-14   895    -6     0
1588.10  6.97e-15  1.12e-14   895    10     0
1589.78  8.44e-15  1.12e-14   895    12     0
1591.46  1.17e-16  1.13e-14   895     0     0
1593.13  6.49e-15  1.11e-14   895     9     0
1594.81 -1.35e-14  1.09e-14   895   -20     0
1596.49 -4.07e-15  1.08e-14   894    -6     0
1598.16  1.01e-15  1.07e-14   894     1     0
1599.84  4.98e-16  1.07e-14   894     0     0
1601.52  2.03e-15  1.07e-14   894     3     0
1603.19 -7.68e-15  1.06e-14   894   -11     0
1604.87 -6.13e-15  1.05e-14   894    -9     0
1606.54  1.49e-14  1.10e-14   894    23     0
1608.22  7.30e-15  1.07e-14   894    11     0
1609.90 -2.93e-15  1.04e-14   894    -4     0
1611.57 -4.54e-15  1.04e-14   894    -7     0
1613.25  1.39e-14  1.08e-14   894    21     0
1614.93  8.35e-15  1.05e-14   894    13     0
1616.60  1.63e-14  1.08e-14   894    25     0
1618.28  6.39e-15  1.04e-14   894    10     0
1619.95 -3.25e-15  1.02e-14   894    -5     0
1621.63  3.67e-15  1.02e-14   894     5     0
1623.31  1.44e-14  1.06e-14   894    22     0
1624.98  1.59e-14  1.04e-14   894    25     0
1626.66  1.48e-14  1.04e-14   894    23     0
1628.34  1.56e-14  1.03e-14   893    25     0
1630.01 -6.97e-15  9.92e-15   893   -11     0
1631.69 -1.28e-15  9.87e-15   893    -2     0
1633.37  8.24e-15  1.00e-14   893    13     0
1635.04  9.91e-16  9.72e-15   893     1     0
1636.72  3.24e-14  1.05e-14   893    52     0
1638.39  3.30e-14  1.05e-14   893    53     0
1640.07  5.40e-14  1.10e-14   893    88     0
1641.75  4.68e-14  1.07e-14   893    76     0
1643.42  2.46e-14  1.01e-14   893    40     0
1645.10  2.12e-14  1.00e-14   893    34     0
1646.78  3.61e-15  9.43e-15   893     5     0
1648.45  6.59e-16  9.29e-15   893     1     0
1650.13 -1.75e-15  9.26e-15   893    -2     0
1651.81  1.36e-15  9.21e-15   893     2     0
1653.48  1.49e-14  9.55e-15   893    24     0
1655.16  1.20e-14  9.36e-15   893    20     0
1656.83  1.38e-14  9.35e-15   892    23     0
1658.51  2.80e-14  9.66e-15   892    47     0
1660.19  2.33e-14  9.43e-15   892    39     0
1661.86  9.01e-15  9.04e-15   892    15     0
1663.54  2.85e-14  9.46e-15   892    49     0
1665.22  1.93e-14  9.55e-15   892    33     0
1666.89  1.57e-14  9.09e-15   892    27     0
1668.57  2.52e-14  9.26e-15   892    43     0
1670.24  2.90e-14  9.21e-15   892    50     0
1671.92  1.06e-14  8.73e-15   892    18     0
1673.60 -2.73e-15  8.40e-15   892    -4     0
1675.27 -5.66e-15  8.34e-15   892   -10     0
1676.95 -5.61e-15  8.28e-15   892   -10     0
1678.63 -6.24e-15  8.22e-15   892   -11     0
1680.30  1.27e-15  8.37e-15   892     2     0
1681.98  4.41e-15  8.23e-15   892     7     0
1683.66  3.08e-15  8.56e-15   891     5     0
1685.33  1.27e-15  8.05e-15   891     2     0
1687.01  1.35e-14  8.28e-15   891    24     0
1688.68  3.47e-15  7.97e-15   891     6     0
1690.36  2.99e-15  7.89e-15   891     5     0
1692.04 -2.65e-16  7.75e-15   891     0     0
1693.71  1.14e-14  7.96e-15   891    21     0
1695.39  2.45e-15  7.69e-15   891     4     0
1697.07 -5.92e-15  7.57e-15   891   -11     0
1698.74  1.56e-14  7.85e-15   891    29     0
1700.42  1.70e-14  7.82e-15   891    32     0
1702.10  3.24e-15  7.46e-15   891     6     0
1703.77 -4.70e-15  7.33e-15   891    -9     0
1705.45 -3.56e-15  7.29e-15   891    -6     0
1707.12 -6.27e-15  7.23e-15   890   -12     0
1708.80  6.05e-15  7.31e-15   890    11     0
1710.48  1.99e-14  7.54e-15   890    39     0
1712.15  3.96e-15  7.14e-15   890     7     0
1713.83  5.33e-15  7.12e-15   890    10     0
1715.51  6.16e-16  6.94e-15   890     1     0
1717.18  3.89e-15  6.95e-15   890     7     0
1718.86 -1.84e-15  6.81e-15   890    -3     0
1720.54  1.50e-14  7.03e-15   890    30     0
1722.21  2.27e-15  6.72e-15   890     4     0
1723.89 -8.38e-15  6.62e-15   890   -17     0
1725.56 -2.66e-15  6.64e-15   890    -5     0
1727.24  6.73e-15  6.72e-15   890    13     0
1728.92  1.70e-15  6.56e-15   890     3     0
1730.59  7.79e-15  6.61e-15   889    16     0
1732.27  6.42e-15  6.54e-15   889    13     0
1733.95 -1.01e-15  6.36e-15   889    -2     0
1735.62  1.03e-14  6.50e-15   889    22     0
1737.30  5.87e-15  6.36e-15   889    12     0
1738.97 -4.82e-15  6.19e-15   889   -10     0
1740.65 -3.59e-15  6.11e-15   889    -7     0
1742.33  7.19e-16  6.07e-15   889     1     0
1744.00  7.86e-15  6.16e-15   889    17     0
1745.68  6.82e-15  6.10e-15   889    15     0
1747.36  4.17e-15  6.00e-15   889     9     0
1749.03  8.62e-15  6.03e-15   889    19     0
1750.71 -6.31e-16  5.82e-15   889    -1     0
1752.39  6.33e-15  5.89e-15   888    14     0
1754.06  4.94e-15  5.82e-15   888    11     0
1755.74  2.89e-15  5.76e-15   888     6     0
1757.41  5.79e-15  5.77e-15   888    13     0
1759.09  4.33e-16  5.63e-15   888     1     0
1760.77  1.18e-14  5.78e-15   888    27     0
1762.44  4.25e-15  5.62e-15   888     9     0
1764.12  1.01e-14  5.68e-15   888    23     0
1765.80  5.95e-15  5.55e-15   888    14     0
1767.47  5.80e-15  5.51e-15   888    13     0
1769.15  1.15e-14  5.55e-15   888    27     0
1770.83  8.00e-15  5.46e-15   888    19     0
1772.50  4.57e-15  5.36e-15   887    11     0
1774.18  1.30e-14  5.45e-15   887    31     0
1775.85 -4.58e-15  5.23e-15   887   -11     0
1777.53 -4.92e-15  5.19e-15   887   -12     0
1779.21  2.78e-15  5.20e-15   887     6     0
1780.88  8.40e-16  5.14e-15   887     2     0
1782.56  3.90e-15  5.16e-15   887     9     0
1784.24  3.06e-15  5.12e-15   887     7     0
1785.91 -2.57e-15  5.02e-15   887    -6     0
1787.59 -1.46e-15  4.99e-15   887    -3     0
1789.26  2.48e-15  5.00e-15   887     6     0
1790.94 -4.24e-16  4.95e-15   887    -1     0
1792.62 -9.52e-15  8.37e-15   886   -24 -4096
1794.29 -9.89e-16  8.33e-15   886    -2 -4096
1795.97  4.33e-15  5.43e-15   886    11     0
1797.65  3.41e-15  4.91e-15   886     8     0
1799.32  9.55e-16  4.83e-15   886     2     0
1801.00 -4.48e-15  4.79e-15   886   -11     0
1802.68  2.78e-15  4.81e-15   886     7     0
1804.35 -1.93e-15  4.75e-15   886    -4     0
1806.03 -1.23e-15  4.75e-15   886    -3     0
1807.70  8.02e-15  4.84e-15   886    20     0
1809.38  1.54e-14  4.90e-15   886    39     0
1811.06  1.17e-14  4.83e-15   886    30     0
1812.73  7.85e-15  5.01e-15   886    20     0
1814.41 -4.96e-16  4.64e-15   885    -1     0
1816.09  1.65e-15  4.65e-15   885     4     0
1817.76  5.94e-15  4.69e-15   885    15     0
1819.44  1.15e-14  4.74e-15   885    30     0
1821.12  1.34e-15  4.61e-15   885     3     0
1822.79 -2.18e-15  4.58e-15   885    -5     0
1824.47  3.04e-15  4.60e-15   885     7     0
1826.14  2.88e-15  4.59e-15   885     7     0
1827.82  7.73e-15  4.64e-15   885    20     0
1829.50  6.39e-15  4.61e-15   885    16     0
1831.17  1.12e-14  4.60e-15   885    29     0
1832.85  7.02e-15  4.54e-15   885    18     0
1834.53  3.98e-15  4.50e-15   884    10     0
1836.20  6.01e-15  4.51e-15   884    15     0
1837.88  7.67e-17  4.43e-15   884     0     0
1839.55 -3.84e-15  4.42e-15   884   -10     0
1841.23 -4.66e-17  4.41e-15   884     0     0
1842.91  6.22e-15  4.48e-15   884    16     0
1844.58  7.30e-15  4.48e-15   884    19     0
1846.26  7.08e-15  4.44e-15   884    18     0
1847.94  5.06e-15  4.41e-15   884    13     0
1849.61  3.85e-15  4.39e-15   884    10     0
1851.29  4.89e-15  4.43e-15   884    12     0
1852.97  3.91e-15  4.41e-15   884    10     0
1854.64  2.37e-15  4.67e-15   884     6     0
1856.32  5.97e-15  5.04e-15   884    15     0
1857.99  4.75e-15  4.39e-15   883    12     0
1859.67  4.30e-15  4.38e-15   883    11     0
1861.35  2.30e-15  4.34e-15   883     6     0
1863.02  1.87e-15  4.33e-15   883     4     0
1864.70  3.75e-15  4.35e-15   883     9     0
1866.38  8.77e-17  4.33e-15   883     0     0
1868.05 -1.34e-15  4.33e-15   883    -3     0
1869.73  4.37e-15  4.37e-15   883    11     0
1871.41  9.49e-15  4.42e-15   883    24     0
1873.08  8.97e-15  4.41e-15   883    23     0
1874.76  1.04e-15  4.33e-15   883     2     0
1876.43 -4.58e-16  4.32e-15   883    -1     0
1878.11  6.84e-16  4.32e-15   883     1     0
1879.79  2.30e-15  4.34e-15   883     5     0
1881.46 -6.38e-16  4.31e-15   883    -1     0
1883.14  2.76e-15  4.34e-15   883     7     0
1884.82  5.59e-15  4.37e-15   883    14     0
1886.49  3.94e-15  4.36e-15   883     9     0
1888.17  4.16e-15  4.36e-15   882    10     0
1889.85  5.20e-15  4.37e-15   882    13     0
1891.52  5.83e-15  4.37e-15   882    14     0
1893.20  7.71e-15  4.38e-15   882    19     0
1894.87  6.50e-15  4.37e-15   882    16     0
1896.55  3.18e-15  4.34e-15   882     7     0
1898.23 -3.48e-15  4.31e-15   882    -8     0
1899.90 -5.85e-15  4.31e-15   882   -14     0
1901.58  1.10e-16  4.31e-15   882     0     0
1903.26  5.91e-15  4.37e-15   882    14     0
1904.93  3.07e-15  4.34e-15   882     7     0
1906.61  7.43e-15  4.36e-15   882    18     0
1908.28  7.97e-15  4.36e-15   882    19     0
1909.96  1.15e-15  4.30e-15   882     2     0
1911.64 -4.18e-15  4.29e-15   882   -10     0
1913.31 -8.32e-15  4.29e-15   882   -20     0
1914.99 -6.48e-15  4.28e-15   882   -15     0
1916.67  3.52e-15  4.34e-15   882     8     0
1918.34  5.90e-15  4.36e-15   882    14     0
1920.02  6.67e-15  4.35e-15   882    16     0
1921.70  4.84e-15  4.33e-15   882    11     0
1923.37  5.28e-15  4.35e-15   882    12     0
1925.05  1.07e-14  4.37e-15   882    26     0
1926.72  1.31e-14  4.38e-15   882    32     0
1928.40  4.21e-15  4.28e-15   882    10     0
1930.08  5.25e-15  4.26e-15   882    12     0
1931.75  9.66e-15  4.29e-15   882    23     0
1933.43  4.85e-15  4.23e-15   882    11     0
1935.11  2.30e-15  4.21e-15   882     5     0
1936.78 -2.21e-15  4.18e-15   882    -5     0
1938.46  1.12e-15  4.17e-15   882     2     0
1940.14 -2.27e-15  4.14e-15   882    -5     0
1941.81 -8.72e-15  4.12e-15   882   -21     0
1943.49 -9.89e-15  4.10e-15   882   -24     0
1945.16 -7.25e-15  4.08e-15   882   -18     0
1946.84 -5.34e-15  4.06e-15   882   -13     0
1948.52 -6.27e-15  4.04e-15   883   -15     0
1950.19 -3.07e-15  4.03e-15   883    -7     0
1951.87 -3.13e-15  4.01e-15   883    -7     0
1953.55 -1.78e-15  4.00e-15   883    -4     0
1955.22  2.38e-15  3.99e-15   883     6     0
1956.90  4.88e-15  4.00e-15   883    12     0
1958.57  2.53e-15  3.96e-15   883     6     0
1960.25  3.65e-16  3.93e-15   883     0     0
1961.93 -2.22e-15  3.91e-15   883    -5     0
1963.60 -2.52e-15  3.91e-15   883    -6     0
1965.28 -3.32e-15  3.90e-15   883    -8     0
1966.96 -2.36e-15  3.90e-15   883    -6     0
1968.63 -1.14e-15  3.90e-15   884    -2     0
1970.31  2.04e-16  3.90e-15   884     0     0
1971.99 -3.10e-15  3.92e-15   884    -7     0
1973.66 -1.67e-15  3.93e-15   884    -4     0
1975.34 -2.04e-15  3.95e-15   884    -5     0
1977.01 -2.52e-15  3.96e-15   884    -6     0
1978.69 -2.54e-15  3.98e-15   884    -6     0
