NOT ORIGINAL IUE PROJECT DATA PRODUCT
SWP29279LOWLARGE
HD  197481
20:42:06
-31:31:05
48
NO-TRAIL
NO
01199.588
21/09/86
22:34:42
264
07.83
11/03/94
VILSPA
2446695.44076
0
17
1150.58 -5.99e-14  1.28e-13    -5    -6     0
1152.26  5.89e-14  1.18e-13    -5     6     0
1153.93  4.22e-14  1.10e-13    -5     5     0
1155.61 -6.04e-14  1.01e-13    -5    -7     0
1157.29 -7.75e-15  9.34e-14    -5    -1     0
1158.96 -1.38e-13  8.61e-14    -5   -20     0
1160.64  1.27e-13  8.60e-14    -5    20     0
1162.31 -3.73e-14  7.43e-14    -5    -6     0
1163.99 -7.48e-14  8.02e-14    -5   -13     0
1165.67 -4.69e-15  6.32e-14    -5     0     0
1167.34 -3.43e-14  5.84e-14    -5    -7     0
1169.02  6.86e-16  5.43e-14    -4     0     0
1170.70 -4.94e-14  5.04e-14    -4   -12     0
1172.37 -8.21e-15  7.55e-14    -4    -2     0
1174.05 -1.23e-15  5.91e-14    -4     0     0
1175.73  6.42e-14  4.37e-14    -4    19     0
1177.40 -1.43e-14  4.14e-14    -4    -4     0
1179.08  5.96e-14  3.83e-14    -4    20     0
1180.75 -3.59e-14  3.37e-14    -4   -13     0
1182.43 -3.04e-15  3.17e-14    -4    -1     0
1184.11 -2.62e-15  3.00e-14    -4    -1     0
1185.78 -4.49e-15  2.95e-14    -4    -1     0
1187.46  1.96e-14  2.86e-14    -4     8     0
1189.14  7.91e-15  2.63e-14    -4     3     0
1190.81  2.67e-14  2.51e-14    -3    13     0
1192.49 -2.91e-14  2.73e-14    -3   -14     0
1194.17 -2.08e-15  3.72e-14    -3    -1     0
1195.84 -6.97e-14  8.83e-14    -3   -38 -4096
1197.52 -6.10e-15  7.35e-14    -3    -3 -4224
1199.19 -5.00e-14  7.07e-14    -3   -29 -4224
1200.87 -2.58e-14  3.21e-14    -3   -15 -4096
1202.55  1.87e-14  2.23e-14    -3    11     0
1204.22  2.35e-14  1.85e-14    -3    15     0
1205.90  3.68e-14  1.96e-14    -3    24     0
1207.58  1.01e-13  2.06e-14    -3    70     0
1209.25  6.21e-14  2.16e-14    -3    44     0
1210.93  2.50e-13  5.25e-14    -3   183     0
1212.60  3.42e-13  6.46e-14    -3   258     0
1214.28  5.97e-13  1.12e-13    -3   462     0
1215.96  7.38e-13  1.13e-13    -3   586     0
1217.63  8.88e-13  1.44e-13    -3   722     0
1219.31  4.20e-13  6.11e-14    -3   348     0
1220.99  1.94e-13  4.86e-14    -2   164     0
1222.66  6.25e-14  2.81e-14    -2    54     0
1224.34 -6.10e-15  1.24e-14    -2    -5     0
1226.02  8.70e-15  1.23e-14    -2     7     0
1227.69 -5.48e-15  1.18e-14    -2    -5     0
1229.37  1.69e-14  1.34e-14    -2    15     0
1231.04 -6.68e-15  1.13e-14    -2    -6     0
1232.72  2.49e-15  1.11e-14    -2     2     0
1234.40  3.07e-14  1.29e-14    -2    30     0
1236.07 -5.30e-15  1.07e-14    -2    -5     0
1237.75  1.79e-14  1.12e-14    -2    18     0
1239.43  3.88e-14  1.33e-14    -2    39     0
1241.10 -4.44e-16  1.02e-14    -2     0     0
1242.78  3.07e-14  1.13e-14    -2    32     0
1244.46 -1.16e-14  1.19e-14    -2   -12     0
1246.13  1.29e-14  1.03e-14    -2    13     0
1247.81  1.14e-15  9.64e-15    -2     1     0
1249.48  1.47e-15  9.50e-15    -2     1     0
1251.16 -1.10e-14  9.31e-15    -2   -12     0
1252.84 -1.12e-14  9.20e-15    -1   -12     0
1254.51  3.27e-15  9.25e-15    -1     3     0
1256.19 -1.09e-14  9.02e-15    -1   -12     0
1257.87  1.06e-14  1.08e-14    -1    11     0
1259.54 -1.97e-14  9.75e-15    -1   -22     0
1261.22  1.02e-14  9.11e-15    -1    11     0
1262.89 -6.92e-15  1.08e-14    -1    -7     0
1264.57  1.81e-15  1.47e-14    -1     2     0
1266.25  6.14e-15  8.65e-15    -1     7     0
1267.92 -1.18e-14  8.46e-15    -1   -13     0
1269.60  4.90e-15  8.40e-15    -1     5     0
1271.28 -1.51e-15  9.00e-15    -1    -1     0
1272.95 -4.78e-15  9.38e-15    -1    -5     0
1274.63 -5.47e-15  1.13e-14    -1    -6     0
1276.31  1.64e-14  8.78e-15    -1    19     0
1277.98 -1.48e-14  7.98e-15    -1   -17     0
1279.66 -3.36e-15  8.14e-15    -1    -4     0
1281.33  2.03e-14  8.75e-15     0    24     0
1283.01  2.70e-15  9.79e-15     0     3     0
1284.69  1.04e-14  8.14e-15     0    12     0
1286.36 -3.19e-15  8.62e-15     0    -3     0
1288.04 -3.36e-15  7.63e-15     0    -4     0
1289.72 -5.16e-15  7.59e-15     0    -6     0
1291.39  1.20e-14  7.99e-15     0    14     0
1293.07  1.18e-14  8.06e-15     0    14     0
1294.75 -5.93e-15  8.26e-15     0    -7     0
1296.42  1.63e-14  8.13e-15     0    20     0
1298.10  5.98e-15  9.29e-15     0     7     0
1299.77 -3.36e-15  7.34e-15     0    -4     0
1301.45  2.02e-15  7.44e-15     0     2     0
1303.13  1.48e-14  8.34e-15     0    18     0
1304.80  1.81e-14  8.53e-15     0    22     0
1306.48  2.32e-14  8.81e-15     0    28     0
1308.16  2.35e-14  9.66e-15     0    28     0
1309.83 -7.11e-15  7.32e-15     0    -8     0
1311.51  1.69e-15  8.93e-15     0     2     0
1313.19  9.25e-15  7.88e-15     0    11     0
1314.86  1.09e-14  9.00e-15     0    13     0
1316.54  5.38e-15  7.91e-15     0     6     0
1318.21  9.83e-15  9.78e-15     0    11     0
1319.89  1.34e-14  9.23e-15     0    16     0
1321.57  3.84e-15  1.42e-14     0     4     0
1323.24 -5.43e-15  7.63e-15     0    -6     0
1324.92 -5.23e-15  1.25e-14     0    -6     0
1326.60  2.01e-15  8.22e-15     0     2     0
1328.27  1.12e-14  7.58e-15     0    13     0
1329.95 -8.66e-15  7.84e-15     1   -10     0
1331.62  9.31e-15  9.20e-15     1    10     0
1333.30  4.44e-14  1.17e-14     1    52     0
1334.98  1.69e-14  1.26e-14     1    19     0
1336.65  7.35e-14  1.08e-14     1    86     0
1338.33  4.41e-14  9.18e-15     1    51     0
1340.01  2.08e-14  8.39e-15     1    23     0
1341.68  1.43e-14  9.19e-15     1    16     0
1343.36 -1.48e-15  8.80e-15     1    -1     0
1345.04 -9.04e-15  7.06e-15     1   -10     0
1346.71  1.49e-15  9.16e-15     1     1     0
1348.39  1.45e-14  1.18e-14     1    16     0
1350.06 -5.16e-15  7.65e-15     2    -5     0
1351.74  7.83e-15  1.17e-14     2     8     0
1353.42  1.75e-14  8.87e-15     2    19     0
1355.09 -2.10e-15  7.02e-15     2    -2     0
1356.77 -1.70e-15  7.26e-15     2    -1     0
1358.45  3.06e-15  8.63e-15     2     3     0
1360.12 -1.24e-14  7.52e-15     2   -13     0
1361.80  6.34e-15  7.37e-15     2     6     0
1363.48  6.73e-15  7.43e-15     2     7     0
1365.15  1.67e-15  7.15e-15     2     1     0
1366.83 -2.62e-15  8.54e-15     2    -2     0
1368.50  2.35e-14  8.26e-15     2    24     0
1370.18  1.80e-16  7.12e-15     3     0     0
1371.86  7.57e-15  7.49e-15     3     7     0
1373.53  8.81e-15  8.87e-15     3     9     0
1375.21 -1.33e-14  7.20e-15     3   -13     0
1376.89 -6.67e-15  7.18e-15     3    -6     0
1378.56  8.28e-15  7.53e-15     3     8     0
1380.24  8.39e-15  7.64e-15     3     8     0
1381.91  2.59e-16  1.42e-14     3     0     0
1383.59  1.09e-14  7.93e-15     3    10     0
1385.27 -2.46e-14  7.33e-15     3   -24     0
1386.94  4.93e-15  7.49e-15     3     4     0
1388.62 -1.30e-14  1.10e-14     4   -12     0
1390.30  1.39e-14  7.97e-15     4    13     0
1391.97  1.93e-14  9.72e-15     4    18     0
1393.65  1.31e-14  1.70e-14     4    12     0
1395.33  1.24e-14  7.95e-15     4    11     0
1397.00  1.17e-14  8.19e-15     4    11     0
1398.68 -3.61e-15  7.41e-15     4    -3     0
1400.35  2.63e-15  1.18e-14     4     2     0
1402.03  2.80e-14  1.57e-14     4    26     0
1403.71  5.88e-15  1.07e-14     4     5     0
1405.38  1.83e-14  8.46e-15     4    16     0
1407.06  1.12e-14  1.41e-14     5    10     0
1408.74  1.09e-14  8.51e-15     5     9     0
1410.41  2.30e-14  8.90e-15     5    20     0
1412.09  3.14e-15  8.16e-15     5     2     0
1413.77  1.14e-14  8.18e-15     5    10     0
1415.44  1.80e-14  8.88e-15     5    15     0
1417.12 -1.04e-15  7.76e-15     5     0     0
1418.79 -8.20e-15  7.66e-15     5    -7     0
1420.47 -1.60e-14  7.80e-15     5   -13     0
1422.15 -8.15e-15  7.83e-15     5    -6     0
1423.82  2.05e-14  1.31e-14     5    17     0
1425.50 -3.72e-16  7.79e-15     6     0     0
1427.18 -1.01e-15  7.85e-15     6     0     0
1428.85  1.21e-14  8.41e-15     6    10     0
1430.53 -1.46e-14  7.86e-15     6   -12     0
1432.20  9.34e-15  8.97e-15     6     7     0
1433.88  6.16e-15  8.33e-15     6     5     0
1435.56  1.48e-14  1.43e-14     6    11     0
1437.23 -1.81e-14  1.12e-14     6   -14     0
1438.91  8.31e-15  8.45e-15     6     6     0
1440.59 -3.35e-15  1.24e-14     6    -2     0
1442.26  7.02e-15  8.29e-15     6     5     0
1443.94  1.51e-14  8.69e-15     7    11     0
1445.62 -6.30e-15  7.98e-15     7    -4     0
1447.29  1.39e-14  8.70e-15     7    10     0
1448.97  8.07e-15  8.24e-15     7     6     0
1450.64 -2.21e-15  7.95e-15     7    -1     0
1452.32  1.01e-14  8.37e-15     7     7     0
1454.00 -2.27e-15  7.94e-15     7    -1     0
1455.67 -7.37e-15  7.97e-15     7    -5     0
1457.35  4.00e-15  9.42e-15     7     3     0
1459.03  1.25e-14  8.56e-15     7     9     0
1460.70 -1.75e-15  7.86e-15     7    -1     0
1462.38 -8.62e-15  7.93e-15     7    -6     0
1464.06 -6.85e-15  7.91e-15     8    -5     0
1465.73 -4.07e-16  7.89e-15     8     0     0
1467.41  9.26e-15  8.32e-15     8     6     0
1469.08  4.84e-15  8.19e-15     8     3     0
1470.76 -1.53e-14  7.89e-15     8   -11     0
1472.44  6.49e-15  8.49e-15     8     4     0
1474.11  2.25e-15  7.92e-15     8     1     0
1475.79 -1.28e-14  7.86e-15     8    -9     0
1477.47  2.55e-16  8.60e-15     8     0     0
1479.14 -2.16e-14  8.08e-15     8   -15     0
1480.82 -1.15e-15  8.09e-15     8     0     0
1482.50 -1.39e-14  7.79e-15     8   -10     0
1484.17  2.74e-14  9.07e-15     8    20     0
1485.85 -6.65e-15  7.73e-15     9    -4     0
1487.52  1.63e-15  7.75e-15     9     1     0
1489.20  2.26e-16  7.71e-15     9     0     0
1490.88  4.82e-15  8.06e-15     9     3     0
1492.55  6.14e-15  1.04e-14     9     4     0
1494.23 -3.15e-15  7.72e-15     9    -2     0
1495.91  5.77e-16  7.67e-15     9     0     0
1497.58 -1.13e-14  7.66e-15     9    -8     0
1499.26 -9.52e-15  8.89e-15     9    -6     0
1500.93  1.49e-15  7.68e-15     9     1     0
1502.61 -1.02e-14  7.63e-15     9    -7     0
1504.29  1.15e-14  8.20e-15     9     8     0
1505.96 -1.32e-14  8.46e-15     9    -9     0
1507.64 -6.98e-15  7.64e-15     9    -4     0
1509.32 -1.04e-14  7.64e-15     9    -7     0
1510.99  1.48e-14  8.50e-15    10    10     0
1512.67  3.45e-15  8.03e-15    10     2     0
1514.35  1.09e-14  1.09e-14    10     7     0
1516.02 -2.20e-14  8.01e-15    10   -14     0
1517.70 -3.12e-15  1.39e-14    10    -2     0
1519.37  5.00e-16  8.79e-15    10     0     0
1521.05  1.47e-14  9.94e-15    10     9     0
1522.73 -8.71e-16  7.69e-15    10     0     0
1524.40 -5.79e-16  7.92e-15    10     0     0
1526.08  3.07e-15  8.06e-15    10     2     0
1527.76 -1.94e-14  7.87e-15    10   -12     0
1529.43  3.94e-15  7.85e-15    10     2     0
1531.11  2.21e-15  7.66e-15    10     1     0
1532.79 -8.83e-15  7.64e-15    10    -5     0
1534.46 -5.23e-15  7.54e-15    10    -3     0
1536.14  3.91e-16  7.51e-15    10     0     0
1537.81  1.33e-14  8.98e-15    10     8     0
1539.49 -1.23e-14  7.45e-15    10    -8     0
1541.17  1.38e-14  1.14e-14    10     9     0
1542.84  1.06e-14  8.81e-15    10     7     0
1544.52  4.27e-14  1.03e-14    11    28     0
1546.20  5.87e-14  1.05e-14    11    38     0
1547.87  7.97e-14  1.58e-14    11    52     0
1549.55  1.16e-13  2.57e-14    11    77     0
1551.22  1.07e-13  2.05e-14    11    70     0
1552.90  3.02e-14  1.39e-14    11    20     0
1554.58  2.67e-14  8.61e-15    11    17     0
1556.25 -1.10e-15  1.19e-14    11     0     0
1557.93  1.01e-14  7.64e-15    11     6     0
1559.61 -2.90e-15  7.23e-15    11    -1     0
1561.28  1.78e-14  8.92e-15    11    11     0
1562.96  9.56e-15  7.49e-15    11     6     0
1564.64 -9.70e-15  6.93e-15    11    -6     0
1566.31 -6.65e-15  6.85e-15    11    -4     0
1567.99 -2.12e-15  6.82e-15    11    -1     0
1569.66  1.72e-14  7.69e-15    11    11     0
1571.34  8.00e-15  7.80e-15    11     5     0
1573.02 -6.54e-15  6.79e-15    11    -4     0
1574.69  4.79e-15  6.89e-15    11     3     0
1576.37  1.23e-14  7.42e-15    11     8     0
1578.05  8.33e-15  7.07e-15    11     5     0
1579.72  5.69e-15  6.95e-15    11     3     0
1581.40 -2.64e-15  7.50e-15    11    -1     0
1583.08  1.07e-14  8.34e-15    11     7     0
1584.75  1.84e-14  1.14e-14    11    12     0
1586.43  3.97e-15  6.63e-15    11     2     0
1588.10  8.46e-15  8.01e-15    11     5     0
1589.78 -5.16e-15  7.23e-15    11    -3     0
1591.46  1.91e-14  7.33e-15    11    12     0
1593.13  6.84e-15  6.64e-15    11     4     0
1594.81  1.27e-14  6.96e-15    11     8     0
1596.49 -1.81e-14  6.31e-15    11   -12     0
1598.16  7.89e-15  8.84e-15    11     5     0
1599.84 -4.64e-15  7.23e-15    11    -3     0
1601.52 -4.61e-16  6.11e-15    11     0     0
1603.19  8.41e-15  7.11e-15    11     5     0
1604.87 -1.30e-16  6.01e-15    11     0     0
1606.54 -3.56e-16  5.99e-15    11     0     0
1608.22  6.86e-15  6.26e-15    11     4     0
1609.90 -2.50e-15  6.04e-15    11    -1     0
1611.57  1.89e-14  6.99e-15    11    13     0
1613.25  9.63e-15  6.91e-15    11     6     0
1614.93  3.60e-16  7.26e-15    11     0     0
1616.60 -6.86e-16  6.14e-15    11     0     0
1618.28  7.60e-16  6.23e-15    11     0     0
1619.95 -1.51e-14  7.41e-15    11   -10     0
1621.63  4.64e-15  6.83e-15    11     3     0
1623.31  2.31e-15  7.35e-15    11     1     0
1624.98  1.37e-14  6.95e-15    11     9     0
1626.66 -2.64e-15  5.66e-15    11    -1     0
1628.34 -8.80e-15  7.10e-15    11    -6     0
1630.01  4.89e-15  5.82e-15    11     3     0
1631.69 -1.24e-14  5.42e-15    11    -8     0
1633.37  5.56e-15  7.98e-15    11     3     0
1635.04  1.03e-14  9.77e-15    11     7     0
1636.72  1.83e-14  8.40e-15    11    13     0
1638.39  5.80e-14  8.50e-15    11    41     0
1640.07  9.04e-14  1.32e-14    11    65     0
1641.75  6.40e-14  1.24e-14    11    46     0
1643.42  3.32e-14  7.03e-15    11    24     0
1645.10  1.65e-14  6.31e-15    11    12     0
1646.78  1.73e-15  5.06e-15    11     1     0
1648.45  1.41e-14  5.82e-15    11    10     0
1650.13  5.49e-15  5.28e-15    11     4     0
1651.81 -6.95e-15  4.90e-15    11    -5     0
1653.48 -4.37e-15  4.87e-15    11    -3     0
1655.16  1.09e-14  5.44e-15    11     8     0
1656.83  1.47e-14  5.55e-15    11    11     0
1658.51  1.37e-14  5.46e-15    11    10     0
1660.19  1.03e-14  7.18e-15    11     7     0
1661.86  4.56e-15  4.81e-15    11     3     0
1663.54  1.34e-14  6.12e-15    11    10     0
1665.22  3.66e-14  6.95e-15    10    27     0
1666.89  1.65e-14  8.45e-15    10    12     0
1668.57  7.87e-15  4.90e-15    10     6     0
1670.24  9.55e-15  6.50e-15    10     7     0
1671.92  1.72e-15  4.45e-15    10     1     0
1673.60  8.64e-15  4.80e-15    10     6     0
1675.27 -1.56e-15  5.69e-15    10    -1     0
1676.95  1.48e-14  5.07e-15    10    11     0
1678.63  1.26e-14  4.91e-15    10    10     0
1680.30  2.70e-15  4.30e-15    10     2     0
1681.98  2.58e-15  4.25e-15    10     2     0
1683.66  1.52e-15  4.12e-15    10     1     0
1685.33  5.03e-15  4.19e-15    10     4     0
1687.01 -2.77e-15  3.99e-15    10    -2     0
1688.68 -2.81e-15  4.35e-15    10    -2     0
1690.36  8.24e-15  4.48e-15    10     6     0
1692.04 -3.99e-16  3.85e-15    10     0     0
1693.71  2.50e-15  4.10e-15    10     2     0
1695.39  1.40e-15  3.81e-15    10     1     0
1697.07 -3.49e-15  4.05e-15    10    -2     0
1698.74  4.72e-15  4.21e-15    10     3     0
1700.42  4.69e-15  3.94e-15    10     3     0
1702.10  5.70e-15  3.87e-15    10     4     0
1703.77  7.78e-15  4.32e-15    10     6     0
1705.45  1.49e-15  3.57e-15     9     1     0
1707.12 -4.63e-15  3.48e-15     9    -4     0
1708.80 -7.07e-15  3.44e-15     9    -6     0
1710.48  5.52e-15  3.69e-15     9     4     0
1712.15  4.46e-15  4.79e-15     9     3     0
1713.83 -3.88e-15  3.35e-15     9    -3     0
1715.51 -4.11e-15  6.75e-15     9    -3     0
1717.18  6.84e-15  3.65e-15     9     6     0
1718.86 -2.64e-15  3.20e-15     9    -2     0
1720.54  5.12e-15  3.89e-15     9     4     0
1722.21  7.25e-15  3.62e-15     9     6     0
1723.89 -5.24e-15  3.29e-15     9    -4     0
1725.56  9.33e-16  3.09e-15     9     0     0
1727.24  1.41e-15  3.42e-15     9     1     0
1728.92 -1.68e-15  3.00e-15     9    -1     0
1730.59  6.77e-15  3.37e-15     9     6     0
1732.27  5.96e-15  3.24e-15     9     5     0
1733.95  6.65e-15  3.28e-15     9     6     0
1735.62  2.42e-15  2.97e-15     9     2     0
1737.30  1.41e-15  2.89e-15     9     1     0
1738.97  5.47e-15  3.46e-15     8     5     0
1740.65  9.48e-15  3.28e-15     8     9     0
1742.33  7.68e-15  3.22e-15     8     7     0
1744.00 -5.39e-17  3.38e-15     8     0     0
1745.68 -4.50e-15  2.67e-15     8    -4     0
1747.36  3.83e-15  3.18e-15     8     3     0
1749.03  5.05e-15  3.29e-15     8     5     0
1750.71  7.02e-15  4.65e-15     8     7     0
1752.39  4.38e-15  2.66e-15     8     4     0
1754.06  5.56e-15  2.82e-15     8     5     0
1755.74 -3.58e-15  3.76e-15     8    -3     0
1757.41  1.00e-15  3.60e-15     8     1     0
1759.09  5.08e-15  3.29e-15     8     5     0
1760.77  1.76e-15  2.45e-15     8     1     0
1762.44  1.84e-15  3.53e-15     8     1     0
1764.12  5.87e-16  2.33e-15     8     0     0
1765.80  1.75e-15  2.37e-15     8     1     0
1767.47 -9.76e-16  2.27e-15     8    -1     0
1769.15  5.24e-17  2.39e-15     8     0     0
1770.83  4.31e-15  2.47e-15     8     4     0
1772.50  1.03e-14  4.28e-15     7    11     0
1774.18  6.48e-15  2.54e-15     7     7     0
1775.85 -1.51e-15  2.12e-15     7    -1     0
1777.53  4.12e-15  2.35e-15     7     4     0
1779.21  3.48e-15  3.19e-15     7     3     0
1780.88  3.08e-15  3.13e-15     7     3     0
1782.56  8.16e-15  2.53e-15     7     8     0
1784.24 -1.47e-16  3.96e-15     7     0     0
1785.91 -1.21e-15  1.99e-15     7    -1     0
1787.59 -2.02e-15  2.50e-15     7    -2     0
1789.26 -5.26e-15  2.27e-15     7    -5     0
1790.94 -3.36e-15  2.09e-15     7    -3     0
1792.62  2.38e-16  6.97e-15     7     0 -4096
1794.29  1.78e-15  3.33e-15     7     2 -4096
1795.97 -6.38e-17  3.33e-15     7     0     0
1797.65 -3.67e-15  2.10e-15     7    -4     0
1799.32  2.17e-16  3.12e-15     7     0     0
1801.00  2.97e-15  2.20e-15     7     3     0
1802.68  2.46e-15  1.92e-15     7     2     0
1804.35  1.21e-16  1.90e-15     7     0     0
1806.03  5.65e-15  2.41e-15     7     6     0
1807.70  1.10e-14  4.74e-15     7    12     0
1809.38  2.83e-15  2.35e-15     7     3     0
1811.06  9.11e-16  1.90e-15     7     1     0
1812.73  1.12e-15  1.90e-15     7     1     0
1814.41  1.14e-14  2.33e-15     7    13     0
1816.09  2.42e-14  4.37e-15     7    27     0
1817.76  2.01e-14  5.68e-15     6    23     0
1819.44  1.53e-14  3.91e-15     6    17     0
1821.12  9.56e-15  2.17e-15     6    11     0
1822.79  4.89e-15  1.92e-15     6     5     0
1824.47  2.75e-15  1.88e-15     6     3     0
1826.14 -8.56e-16  1.89e-15     6     0     0
1827.82  2.16e-15  1.88e-15     6     2     0
1829.50  7.33e-15  1.98e-15     6     8     0
1831.17  3.38e-15  1.86e-15     6     3     0
1832.85  2.45e-15  1.86e-15     6     2     0
1834.53 -2.11e-16  1.86e-15     6     0     0
1836.20 -2.10e-15  1.86e-15     6    -2     0
1837.88 -1.12e-15  1.86e-15     6    -1     0
1839.55  4.99e-16  1.91e-15     6     0     0
1841.23  7.63e-16  1.86e-15     6     0     0
1842.91 -1.49e-15  1.86e-15     6    -1     0
1844.58  5.08e-15  1.86e-15     6     5     0
1846.26  4.43e-15  1.85e-15     6     5     0
1847.94  6.78e-16  1.85e-15     6     0     0
1849.61  2.24e-15  1.85e-15     6     2     0
1851.29  1.81e-15  1.90e-15     6     2     0
1852.97  2.53e-15  1.87e-15     6     2     0
1854.64  4.11e-15  1.87e-15     6     4     0
1856.32  5.53e-15  1.87e-15     6     6     0
1857.99  3.34e-15  1.87e-15     6     3     0
1859.67  5.13e-15  1.87e-15     6     5     0
1861.35  7.90e-15  1.87e-15     6     9     0
1863.02  4.12e-15  1.87e-15     6     4     0
1864.70  4.17e-15  1.89e-15     6     4     0
1866.38  3.88e-15  1.90e-15     6     4     0
1868.05  4.94e-16  2.09e-15     6     0     0
1869.73  1.50e-15  1.90e-15     6     1     0
1871.41  4.31e-15  1.90e-15     6     4     0
1873.08 -1.16e-16  1.90e-15     6     0     0
1874.76  2.29e-15  1.91e-15     6     2     0
1876.43  2.28e-15  1.92e-15     6     2     0
1878.11 -2.31e-18  2.07e-15     6     0     0
1879.79 -2.46e-15  1.92e-15     6    -2     0
1881.46 -1.87e-15  1.92e-15     6    -2     0
1883.14 -2.08e-15  1.93e-15     6    -2     0
1884.82 -2.78e-16  1.93e-15     6     0     0
1886.49  3.09e-15  1.93e-15     6     3     0
1888.17  1.24e-15  2.31e-15     6     1     0
1889.85  2.92e-15  1.96e-15     6     3     0
1891.52  6.61e-15  1.94e-15     6     7     0
1893.20  8.84e-15  1.95e-15     7     9     0
1894.87  3.33e-15  1.96e-15     7     3     0
1896.55  3.49e-15  2.59e-15     7     3     0
1898.23  3.55e-16  1.98e-15     7     0     0
1899.90 -1.66e-16  1.96e-15     7     0     0
1901.58  2.43e-15  1.97e-15     7     2     0
1903.26  3.38e-15  1.97e-15     7     3     0
1904.93  9.76e-16  1.97e-15     7     1     0
1906.61  1.46e-15  1.97e-15     7     1     0
1908.28 -2.40e-15  1.97e-15     7    -2     0
1909.96  1.42e-15  1.97e-15     7     1     0
1911.64  1.59e-16  1.98e-15     7     0     0
1913.31 -6.02e-16  1.98e-15     7     0     0
1914.99  1.32e-15  1.99e-15     7     1     0
1916.67  4.14e-15  2.05e-15     7     4     0
1918.34  4.12e-15  2.15e-15     7     4     0
1920.02  1.87e-16  2.07e-15     7     0     0
1921.70  4.42e-15  2.00e-15     7     4     0
1923.37  6.72e-15  2.01e-15     7     7     0
1925.05  7.87e-15  1.99e-15     7     8     0
1926.72  3.39e-15  2.00e-15     7     3     0
1928.40  2.49e-15  1.99e-15     7     2     0
1930.08  8.83e-16  1.98e-15     7     0     0
1931.75  4.25e-15  2.04e-15     7     4     0
1933.43  3.44e-15  2.01e-15     8     3     0
1935.11  3.49e-15  1.98e-15     8     3     0
1936.78  3.12e-15  1.98e-15     8     3     0
1938.46 -3.87e-15  1.98e-15     8    -4     0
1940.14 -2.81e-15  1.97e-15     8    -3     0
1941.81 -1.73e-15  1.96e-15     8    -1     0
1943.49  1.16e-15  1.96e-15     8     1     0
1945.16 -1.51e-15  1.95e-15     8    -1     0
1946.84 -6.34e-16  1.94e-15     8     0     0
1948.52 -2.15e-15  1.94e-15     8    -2     0
1950.19 -1.15e-15  1.94e-15     8    -1     0
1951.87  2.04e-15  1.93e-15     8     2     0
1953.55  5.54e-15  1.93e-15     8     6     0
1955.22  4.29e-15  1.92e-15     8     4     0
1956.90  2.11e-15  1.91e-15     8     2     0
1958.57  4.83e-16  1.91e-15     9     0     0
1960.25  4.23e-15  1.90e-15     9     4     0
1961.93  8.61e-15  2.17e-15     9     9     0
1963.60  1.97e-15  1.93e-15     9     2     0
1965.28 -5.01e-17  1.90e-15     9     0     0
1966.96  2.97e-17  1.90e-15     9     0     0
1968.63  8.67e-16  1.90e-15     9     0     0
1970.31  1.32e-15  1.91e-15     9     1     0
1971.99  7.02e-15  1.95e-15     9     7     0
1973.66  5.73e-15  1.93e-15     9     6     0
1975.34  2.26e-16  1.94e-15     9     0     0
1977.01 -1.71e-15  1.95e-15     9    -1     0
1978.69  3.66e-15  1.96e-15     9     4     0
