NOT ORIGINAL IUE PROJECT DATA PRODUCT
SWP29184LOWLARGE
HD  197481
20:42:06
-31:31:05
48
NO-TRAIL
NO
1799.652
10/09/86
13:51:53
253
8.20
28/07/95
GSFC
2446684.07770
0
22
1150.58 -6.19e-14  8.70e-14    58    -9     0
1152.26  1.31e-13  8.65e-14    58    22     0
1153.93  2.29e-14  7.74e-14    58     4     0
1155.61  4.13e-14  7.27e-14    58     8     0
1157.29  4.28e-16  6.59e-14    59     0     0
1158.96  3.38e-14  6.16e-14    59     7     0
1160.64  3.65e-14  5.77e-14    59     8     0
1162.31  2.82e-14  5.35e-14    59     7     0
1163.99  2.89e-14  5.01e-14    59     8     0
1165.67  5.48e-15  4.46e-14    59     1     0
1167.34 -9.22e-15  4.13e-14    59    -3     0
1169.02  7.78e-14  4.15e-14    59    27     0
1170.70  4.14e-14  3.72e-14    59    15     0
1172.37 -2.94e-14  3.33e-14    59   -11     0
1174.05  1.65e-14  3.22e-14    59     7     0
1175.73  2.91e-14  3.14e-14    59    13     0
1177.40 -7.20e-15  2.72e-14    60    -3     0
1179.08 -4.18e-14  2.57e-14    60   -21     0
1180.75  7.09e-15  2.41e-14    60     3     0
1182.43  2.24e-15  2.26e-14    60     1     0
1184.11  4.99e-15  2.15e-14    60     3     0
1185.78  2.27e-14  2.10e-14    60    14     0
1187.46  1.90e-14  2.00e-14    60    12     0
1189.14  8.66e-15  2.35e-14    60     6     0
1190.81 -9.83e-15  1.89e-14    60    -7     0
1192.49  1.59e-14  2.86e-14    61    12     0
1194.17 -2.04e-14  5.68e-14    61   -16 -4096
1195.84 -9.33e-14  5.45e-14    61   -77 -4224
1197.52  2.89e-14  5.39e-14    61    24 -4224
1199.19  2.58e-14  2.54e-14    61    22 -4096
1200.87  2.58e-14  1.97e-14    61    23     0
1202.55  2.52e-14  1.95e-14    61    24     0
1204.22  3.75e-14  2.27e-14    62    36     0
1205.90  7.59e-14  2.60e-14    62    76     0
1207.58  1.20e-13  3.82e-14    62   125     0
1209.25  2.74e-13  6.75e-14    62   293     0
1210.93  7.58e-13  1.21e-13    62   837     0
1212.60  2.25e-12  1.35e-12    62  2545   -32
1214.28  1.81e-12  1.22e-13    62  2101   -32
1215.96  1.89e-12  1.21e-13    63  2255   -32
1217.63  1.85e-12  1.04e-13    63  2251  -288
1219.31  7.45e-13  7.33e-14    63   928     0
1220.99  3.94e-13  3.98e-14    63   501     0
1222.66  1.55e-13  2.37e-14    63   201     0
1224.34  4.75e-14  1.79e-14    63    62     0
1226.02  1.79e-14  9.50e-15    64    24     0
1227.69  1.53e-14  9.19e-15    64    21     0
1229.37  1.65e-14  9.08e-15    64    23     0
1231.04  1.05e-14  8.61e-15    64    15     0
1232.72  1.35e-14  8.59e-15    64    19     0
1234.40  2.76e-14  9.05e-15    64    40     0
1236.07 -4.73e-16  7.70e-15    65     0     0
1237.75  9.34e-15  7.92e-15    65    14     0
1239.43  1.05e-14  7.95e-15    65    16     0
1241.10  1.65e-14  8.07e-15    65    25     0
1242.78  1.45e-14  9.28e-15    65    22     0
1244.46 -4.20e-15  7.18e-15    65    -6     0
1246.13  1.00e-14  7.54e-15    66    15     0
1247.81  1.82e-14  7.84e-15    66    29     0
1249.48  1.21e-14  7.37e-15    66    19     0
1251.16  1.79e-15  6.81e-15    66     2     0
1252.84  4.78e-15  6.83e-15    66     7     0
1254.51 -6.56e-17  6.63e-15    66     0     0
1256.19  1.06e-15  6.60e-15    67     1     0
1257.87  3.13e-15  6.65e-15    67     5     0
1259.54 -7.89e-15  6.45e-15    67   -13     0
1261.22  6.35e-15  6.80e-15    67    10     0
1262.89 -1.55e-16  7.63e-15    67     0     0
1264.57  6.19e-15  6.54e-15    68    10     0
1266.25  5.49e-15  6.37e-15    68     9     0
1267.92 -1.35e-15  6.11e-15    68    -2     0
1269.60  2.50e-16  6.06e-15    68     0     0
1271.28 -8.27e-15  6.04e-15    68   -14     0
1272.95 -3.67e-15  6.00e-15    68    -6     0
1274.63 -3.52e-15  6.07e-15    69    -6     0
1276.31  9.52e-15  6.35e-15    69    17     0
1277.98 -1.19e-15  5.89e-15    69    -2     0
1279.66  4.95e-15  6.07e-15    69     8     0
1281.33  1.40e-14  6.46e-15    69    25     0
1283.01  9.10e-15  6.14e-15    69    16     0
1284.69  1.33e-14  6.33e-15    70    24     0
1286.36 -8.17e-16  5.76e-15    70    -1     0
1288.04  4.98e-15  5.87e-15    70     9     0
1289.72  1.46e-15  5.69e-15    70     2     0
1291.39  1.15e-14  6.08e-15    70    21     0
1293.07 -4.60e-15  5.58e-15    71    -8     0
1294.75 -4.64e-15  5.56e-15    71    -8     0
1296.42  7.61e-15  5.81e-15    71    14     0
1298.10  7.07e-15  5.82e-15    71    13     0
1299.77 -3.47e-15  5.47e-15    71    -6     0
1301.45  2.22e-15  5.58e-15    71     4     0
1303.13  2.16e-14  6.50e-15    72    39     0
1304.80  2.86e-14  6.90e-15    72    52     0
1306.48  2.11e-14  6.81e-15    72    38     0
1308.16  9.66e-15  6.33e-15    72    17     0
1309.83 -1.11e-15  5.45e-15    72    -2     0
1311.51  8.57e-15  5.77e-15    73    15     0
1313.19 -6.72e-15  7.97e-15    73   -12     0
1314.86 -5.49e-15  5.36e-15    73    -9     0
1316.54  5.12e-15  5.56e-15    73     9     0
1318.21  1.11e-14  5.82e-15    73    20     0
1319.89 -1.10e-14  5.34e-15    73   -19     0
1321.57  1.89e-14  6.89e-15    74    33     0
1323.24 -3.29e-15  5.41e-15    74    -5     0
1324.92  3.96e-15  5.60e-15    74     7     0
1326.60  1.03e-14  5.89e-15    74    18     0
1328.27  1.21e-14  5.97e-15    74    21     0
1329.95 -3.57e-15  5.38e-15    74    -6     0
1331.62  8.65e-16  5.36e-15    75     1     0
1333.30  1.04e-14  5.80e-15    75    18     0
1334.98  7.64e-15  5.68e-15    75    13     0
1336.65  1.91e-14  6.23e-15    75    33     0
1338.33  2.01e-14  6.28e-15    75    35     0
1340.01  1.17e-14  5.95e-15    75    20     0
1341.68  3.95e-15  6.12e-15    76     6     0
1343.36 -1.71e-15  5.37e-15    76    -2     0
1345.04 -2.08e-15  5.36e-15    76    -3     0
1346.71 -3.18e-15  5.37e-15    76    -5     0
1348.39  7.58e-16  5.38e-15    76     1     0
1350.06 -7.19e-15  6.57e-15    76   -12     0
1351.74 -8.63e-15  5.78e-15    77   -14     0
1353.42  7.94e-15  5.76e-15    77    13     0
1355.09  8.59e-15  5.75e-15    77    14     0
1356.77 -8.87e-15  5.47e-15    77   -14     0
1358.45  1.37e-14  6.10e-15    77    22     0
1360.12  2.81e-15  5.53e-15    77     4     0
1361.80  2.34e-15  5.56e-15    77     3     0
1363.48  2.64e-16  5.47e-15    78     0     0
1365.15  1.02e-15  5.50e-15    78     1     0
1366.83  6.81e-15  5.83e-15    78    10     0
1368.50  2.57e-15  5.60e-15    78     4     0
1370.18 -1.90e-16  5.50e-15    78     0     0
1371.86  9.63e-15  5.96e-15    78    15     0
1373.53  1.39e-15  5.55e-15    79     2     0
1375.21 -7.41e-15  5.55e-15    79   -11     0
1376.89  2.59e-15  5.64e-15    79     4     0
1378.56 -8.01e-16  5.59e-15    79    -1     0
1380.24 -2.14e-15  8.37e-15    79    -3     0
1381.91 -1.72e-15  5.91e-15    79    -2     0
1383.59 -1.16e-14  5.62e-15    79   -17     0
1385.27 -4.37e-15  5.66e-15    79    -6     0
1386.94  1.11e-15  5.69e-15    80     1     0
1388.62 -2.13e-16  5.67e-15    80     0     0
1390.30  7.74e-15  6.07e-15    80    11     0
1391.97  8.62e-15  6.14e-15    80    12     0
1393.65  7.55e-15  6.14e-15    80    10     0
1395.33  5.97e-15  6.05e-15    80     8     0
1397.00  1.41e-14  6.49e-15    80    20     0
1398.68  1.65e-14  6.60e-15    81    23     0
1400.35  1.00e-14  6.29e-15    81    14     0
1402.03  9.50e-16  8.38e-15    81     1     0
1403.71 -2.91e-16  5.93e-15    81     0     0
1405.38  2.91e-15  6.05e-15    81     4     0
1407.06  6.77e-15  6.27e-15    81     9     0
1408.74  1.37e-15  6.15e-15    81     1     0
1410.41 -7.16e-15  6.43e-15    81    -9     0
1412.09 -5.03e-15  8.30e-15    81    -6     0
1413.77  6.00e-15  6.40e-15    82     7     0
1415.44  8.27e-15  6.43e-15    82    10     0
1417.12 -8.90e-15  6.04e-15    82   -11     0
1418.79 -8.17e-15  6.07e-15    82   -10     0
1420.47 -3.25e-15  6.18e-15    82    -4     0
1422.15  1.87e-15  6.21e-15    82     2     0
1423.82  3.85e-15  6.40e-15    82     4     0
1425.50 -4.15e-15  6.22e-15    82    -5     0
1427.18  2.85e-15  6.29e-15    82     3     0
1428.85  8.97e-16  6.25e-15    83     1     0
1430.53 -8.62e-15  6.84e-15    83   -10     0
1432.20  3.55e-15  6.43e-15    83     4     0
1433.88  1.05e-14  6.85e-15    83    12     0
1435.56 -7.26e-16  6.87e-15    83     0     0
1437.23 -2.79e-15  6.38e-15    83    -3     0
1438.91  6.57e-15  7.17e-15    83     7     0
1440.59  4.80e-15  6.61e-15    83     5     0
1442.26  1.65e-14  7.17e-15    83    19     0
1443.94  6.25e-15  6.64e-15    83     7     0
1445.62 -6.52e-15  6.41e-15    84    -7     0
1447.29  1.32e-14  7.03e-15    84    15     0
1448.97  1.40e-15  6.45e-15    84     1     0
1450.64  8.30e-15  6.79e-15    84     9     0
1452.32  6.69e-15  6.73e-15    84     7     0
1454.00  1.33e-14  7.09e-15    84    15     0
1455.67  2.07e-15  6.51e-15    84     2     0
1457.35  7.46e-15  6.74e-15    84     8     0
1459.03  4.94e-15  6.66e-15    84     5     0
1460.70 -1.45e-15  6.37e-15    84    -1     0
1462.38  1.58e-15  6.90e-15    84     1     0
1464.06 -2.93e-15  6.37e-15    84    -3     0
1465.73 -1.38e-16  6.41e-15    85     0     0
1467.41  2.19e-15  6.50e-15    85     2     0
1469.08  2.73e-15  6.55e-15    85     3     0
1470.76 -7.93e-16  6.63e-15    85     0     0
1472.44  8.29e-15  6.84e-15    85     9     0
1474.11 -1.18e-15  6.42e-15    85    -1     0
1475.79 -5.29e-15  6.42e-15    85    -5     0
1477.47 -1.35e-16  6.86e-15    85     0     0
1479.14  2.69e-15  6.54e-15    85     2     0
1480.82  4.41e-16  6.39e-15    85     0     0
1482.50 -1.73e-15  6.39e-15    85    -1     0
1484.17  9.30e-15  6.80e-15    85    10     0
1485.85 -1.28e-14  6.37e-15    85   -14     0
1487.52 -2.22e-15  6.44e-15    85    -2     0
1489.20 -3.16e-15  6.34e-15    85    -3     0
1490.88  4.30e-15  6.58e-15    85     4     0
1492.55  3.83e-15  6.57e-15    86     4     0
1494.23  1.03e-14  6.93e-15    86    11     0
1495.91  3.51e-16  6.34e-15    86     0     0
1497.58  6.47e-15  6.56e-15    86     6     0
1499.26 -3.02e-17  6.56e-15    86     0     0
1500.93 -5.92e-16  6.33e-15    86     0     0
1502.61 -2.71e-15  6.33e-15    86    -2     0
1504.29  1.13e-14  6.90e-15    86    11     0
1505.96 -3.00e-15  6.61e-15    86    -3     0
1507.64  2.04e-15  6.42e-15    86     2     0
1509.32 -1.05e-15  7.03e-15    86    -1     0
1510.99  4.40e-15  6.64e-15    86     4     0
1512.67  3.13e-15  6.54e-15    86     3     0
1514.35  1.38e-14  7.05e-15    86    14     0
1516.02 -7.41e-15  6.44e-15    86    -7     0
1517.70  3.68e-16  6.44e-15    86     0     0
1519.37  1.22e-15  6.45e-15    86     1     0
1521.05  4.79e-15  7.60e-15    86     4     0
1522.73  8.34e-15  6.80e-15    86     8     0
1524.40  2.67e-14  7.85e-15    86    26     0
1526.08  1.18e-14  7.06e-15    86    11     0
1527.76 -1.51e-14  6.44e-15    86   -15     0
1529.43 -3.61e-15  6.44e-15    86    -3     0
1531.11  3.60e-15  6.52e-15    86     3     0
1532.79  7.16e-15  6.78e-15    87     7     0
1534.46  9.03e-15  6.85e-15    87     9     0
1536.14  4.11e-15  6.53e-15    87     4     0
1537.81  2.27e-14  7.75e-15    87    22     0
1539.49  1.97e-15  6.42e-15    87     1     0
1541.17  2.88e-15  6.40e-15    87     2     0
1542.84  1.56e-15  6.32e-15    87     1     0
1544.52 -1.12e-15  6.25e-15    87    -1     0
1546.20  1.20e-14  6.85e-15    87    11     0
1547.87  4.90e-14  8.77e-15    87    48     0
1549.55  5.13e-14  8.45e-15    87    51     0
1551.22  4.40e-14  1.33e-14    87    43     0
1552.90  2.41e-14  7.31e-15    87    24     0
1554.58  1.41e-14  6.81e-15    87    14     0
1556.25 -6.98e-15  6.11e-15    87    -6     0
1557.93  1.12e-14  7.40e-15    87    11     0
1559.61  1.34e-14  6.80e-15    87    13     0
1561.28  7.09e-15  6.39e-15    87     7     0
1562.96  1.44e-14  6.78e-15    87    14     0
1564.64 -4.42e-15  6.69e-15    87    -4     0
1566.31 -5.82e-15  5.92e-15    87    -5     0
1567.99 -8.43e-15  5.89e-15    87    -8     0
1569.66  6.75e-15  6.21e-15    87     6     0
1571.34  1.19e-14  6.49e-15    87    11     0
1573.02 -2.18e-15  5.87e-15    87    -2     0
1574.69  3.64e-15  5.88e-15    87     3     0
1576.37  1.29e-14  6.95e-15    87    12     0
1578.05  1.14e-14  6.66e-15    87    11     0
1579.72 -6.86e-15  5.98e-15    87    -6     0
1581.40 -2.48e-15  6.25e-15    87    -2     0
1583.08  1.73e-15  5.76e-15    87     1     0
1584.75 -9.71e-15  5.71e-15    87    -9     0
1586.43  9.63e-15  6.14e-15    87     9     0
1588.10  1.33e-15  5.66e-15    87     1     0
1589.78 -3.08e-15  5.60e-15    87    -3     0
1591.46  4.84e-15  5.86e-15    87     4     0
1593.13  1.70e-14  6.36e-15    87    17     0
1594.81  9.93e-15  6.16e-15    87    10     0
1596.49  1.08e-15  5.53e-15    87     1     0
1598.16  1.08e-14  5.96e-15    87    11     0
1599.84 -4.57e-15  5.43e-15    87    -4     0
1601.52  4.53e-15  5.60e-15    87     4     0
1603.19  2.78e-15  5.50e-15    87     2     0
1604.87 -1.40e-14  5.34e-15    87   -14     0
1606.54 -4.31e-15  5.33e-15    87    -4     0
1608.22  2.65e-15  5.43e-15    87     2     0
1609.90 -2.85e-15  5.28e-15    87    -2     0
1611.57  2.89e-15  5.40e-15    87     3     0
1613.25  3.84e-15  5.43e-15    87     4     0
1614.93  9.03e-15  5.63e-15    87     9     0
1616.60  4.56e-15  5.40e-15    87     4     0
1618.28  4.46e-15  5.37e-15    87     4     0
1619.95 -4.85e-16  5.11e-15    87     0     0
1621.63  1.52e-15  5.13e-15    87     1     0
1623.31  2.96e-17  5.03e-15    87     0     0
1624.98  1.90e-15  5.09e-15    87     2     0
1626.66 -7.15e-15  4.98e-15    87    -7     0
1628.34 -7.88e-15  4.98e-15    87    -8     0
1630.01 -5.18e-15  4.96e-15    87    -5     0
1631.69 -5.12e-15  4.93e-15    87    -5     0
1633.37  2.69e-15  5.05e-15    87     2     0
1635.04  2.81e-15  4.98e-15    87     3     0
1636.72  2.24e-15  4.91e-15    87     2     0
1638.39  1.77e-14  5.76e-15    87    19     0
1640.07  3.46e-14  6.58e-15    87    37     0
1641.75  3.70e-14  6.70e-15    87    40     0
1643.42  2.38e-14  5.99e-15    87    26     0
1645.10  2.09e-14  5.77e-15    87    22     0
1646.78  1.44e-14  5.58e-15    87    15     0
1648.45  6.01e-15  4.92e-15    87     6     0
1650.13  3.29e-15  4.75e-15    87     3     0
1651.81 -1.49e-15  4.55e-15    87    -1     0
1653.48 -4.62e-15  4.52e-15    87    -5     0
1655.16  2.50e-15  5.13e-15    87     2     0
1656.83  1.35e-14  5.19e-15    87    15     0
1658.51  1.48e-14  5.15e-15    87    16     0
1660.19  8.76e-15  4.82e-15    87     9     0
1661.86  3.87e-17  4.33e-15    87     0     0
1663.54  2.20e-15  4.42e-15    87     2     0
1665.22  8.78e-15  4.75e-15    87    10     0
1666.89  4.55e-15  4.51e-15    87     5     0
1668.57 -1.31e-15  4.23e-15    87    -1     0
1670.24  4.52e-15  4.42e-15    87     5     0
1671.92  5.47e-16  4.15e-15    87     0     0
1673.60  1.49e-15  4.19e-15    87     1     0
1675.27  2.07e-15  4.17e-15    87     2     0
1676.95 -1.84e-15  4.03e-15    87    -2     0
1678.63  1.57e-15  4.06e-15    87     1     0
1680.30 -1.63e-15  4.33e-15    87    -1     0
1681.98 -1.08e-16  3.94e-15    87     0     0
1683.66  5.95e-15  4.25e-15    87     7     0
1685.33  4.24e-15  4.11e-15    87     5     0
1687.01  3.21e-15  4.02e-15    87     3     0
1688.68 -2.73e-15  3.82e-15    87    -3     0
1690.36 -4.75e-15  3.78e-15    87    -5     0
1692.04 -3.75e-15  3.77e-15    87    -4     0
1693.71 -5.23e-15  3.71e-15    87    -6     0
1695.39  3.33e-15  3.83e-15    87     4     0
1697.07 -4.50e-16  3.65e-15    87     0     0
1698.74  3.77e-15  3.81e-15    87     4     0
1700.42 -1.90e-15  3.58e-15    87    -2     0
1702.10  4.78e-15  3.80e-15    87     6     0
1703.77  9.00e-16  3.54e-15    87     1     0
1705.45 -8.99e-16  3.50e-15    87    -1     0
1707.12  4.13e-15  3.68e-15    87     5     0
1708.80  6.92e-15  3.80e-15    87     9     0
1710.48  1.36e-14  4.35e-15    87    17     0
1712.15  3.10e-15  3.51e-15    87     4     0
1713.83  2.73e-15  3.49e-15    87     3     0
1715.51  6.75e-15  3.68e-15    87     9     0
1717.18  6.76e-15  3.63e-15    87     9     0
1718.86  1.84e-15  4.59e-15    87     2     0
1720.54  1.06e-15  3.24e-15    88     1     0
1722.21  1.76e-15  3.27e-15    88     2     0
1723.89  6.85e-16  3.17e-15    88     0     0
1725.56  7.64e-15  3.50e-15    88    10     0
1727.24  1.62e-15  3.19e-15    88     2     0
1728.92 -1.25e-15  3.08e-15    88    -1     0
1730.59 -5.52e-15  3.05e-15    88    -7     0
1732.27  4.24e-17  3.02e-15    88     0     0
1733.95  4.85e-15  3.25e-15    88     6     0
1735.62  3.72e-15  3.15e-15    88     5     0
1737.30  9.25e-17  2.94e-15    88     0     0
1738.97  1.17e-15  2.95e-15    88     1     0
1740.65  4.03e-15  3.08e-15    88     5     0
1742.33  5.12e-15  3.09e-15    88     7     0
1744.00  3.47e-15  2.98e-15    88     5     0
1745.68  4.94e-17  2.79e-15    88     0     0
1747.36  3.86e-15  2.97e-15    88     5     0
1749.03  6.79e-15  3.05e-15    88    10     0
1750.71 -2.55e-16  2.71e-15    88     0     0
1752.39 -1.81e-15  2.68e-15    88    -2     0
1754.06  2.69e-15  2.82e-15    88     4     0
1755.74 -4.08e-16  2.65e-15    88     0     0
1757.41 -2.18e-15  2.84e-15    88    -3     0
1759.09  6.26e-15  2.95e-15    88     9     0
1760.77  2.70e-15  2.70e-15    88     4     0
1762.44 -1.54e-15  2.56e-15    88    -2     0
1764.12 -3.15e-15  2.54e-15    88    -4     0
1765.80 -2.45e-15  2.51e-15    88    -3     0
1767.47 -2.15e-15  2.49e-15    88    -3     0
1769.15  3.93e-15  2.69e-15    88     6     0
1770.83  4.26e-15  2.68e-15    89     6     0
1772.50  2.92e-15  2.56e-15    89     4     0
1774.18  3.25e-15  2.71e-15    89     5     0
1775.85  4.02e-16  2.40e-15    89     0     0
1777.53  3.25e-15  2.51e-15    89     5     0
1779.21  3.70e-15  2.53e-15    89     6     0
1780.88  2.46e-15  2.47e-15    89     4     0
1782.56  3.55e-15  2.52e-15    89     5     0
1784.24  2.20e-15  2.42e-15    89     3     0
1785.91  2.19e-15  2.43e-15    89     3     0
1787.59  3.98e-15  2.48e-15    89     6     0
1789.26 -3.60e-16  2.24e-15    89     0     0
1790.94 -6.30e-15  2.24e-15    89   -10     0
1792.62 -3.08e-15  4.10e-15    89    -5 -4096
1794.29  2.70e-15  4.89e-15    89     4 -4096
1795.97 -1.97e-15  2.40e-15    89    -3     0
1797.65 -5.10e-15  2.18e-15    89    -8     0
1799.32 -2.30e-15  2.15e-15    89    -3     0
1801.00  2.18e-15  2.25e-15    90     3     0
1802.68  2.93e-15  2.28e-15    90     5     0
1804.35 -1.20e-16  2.11e-15    90     0     0
1806.03  2.94e-15  2.28e-15    90     5     0
1807.70  4.31e-15  2.36e-15    90     7     0
1809.38  3.32e-15  2.31e-15    90     5     0
1811.06  4.71e-15  2.30e-15    90     8     0
1812.73  7.45e-15  2.49e-15    90    12     0
1814.41  6.71e-15  2.41e-15    90    11     0
1816.09  1.14e-14  2.63e-15    90    19     0
1817.76  1.29e-14  2.67e-15    90    22     0
1819.44  1.36e-14  2.76e-15    90    23     0
1821.12  8.36e-15  2.48e-15    90    14     0
1822.79  2.14e-15  2.79e-15    90     3     0
1824.47  4.38e-15  2.88e-15    91     7     0
1826.14  3.15e-15  3.80e-15    91     5     0
1827.82  4.61e-15  3.81e-15    91     8     0
1829.50  6.97e-15  3.00e-15    91    12     0
1831.17  1.22e-14  5.43e-15    91    21     0
1832.85  7.43e-15  2.91e-15    91    13     0
1834.53  7.84e-15  3.84e-15    91    13     0
1836.20  5.77e-15  2.30e-15    91    10     0
1837.88  2.73e-15  3.53e-15    91     4     0
1839.55  4.67e-15  2.13e-15    91     8     0
1841.23  4.87e-15  2.16e-15    91     8     0
1842.91  5.56e-16  1.90e-15    91     0     0
1844.58  1.53e-15  2.04e-15    92     2     0
1846.26  2.89e-15  2.02e-15    92     5     0
1847.94  2.41e-15  1.97e-15    92     4     0
1849.61  2.50e-15  1.98e-15    92     4     0
1851.29  1.33e-15  1.91e-15    92     2     0
1852.97  4.21e-15  2.07e-15    92     7     0
1854.64  1.83e-15  1.90e-15    92     3     0
1856.32  2.51e-15  1.95e-15    92     4     0
1857.99  9.97e-16  1.86e-15    92     1     0
1859.67 -1.14e-15  1.81e-15    92    -1     0
1861.35 -3.25e-15  1.79e-15    93    -5     0
1863.02 -3.01e-15  1.78e-15    93    -5     0
1864.70 -3.41e-15  1.77e-15    93    -5     0
1866.38 -3.05e-15  1.78e-15    93    -5     0
1868.05 -1.68e-16  1.77e-15    93     0     0
1869.73 -2.71e-16  1.77e-15    93     0     0
1871.41  4.82e-16  1.79e-15    93     0     0
1873.08  8.74e-16  1.81e-15    93     1     0
1874.76  2.57e-15  1.87e-15    93     4     0
1876.43  2.97e-15  1.95e-15    93     5     0
1878.11 -2.50e-16  1.76e-15    94     0     0
1879.79 -1.29e-15  1.73e-15    94    -2     0
1881.46 -2.76e-15  1.72e-15    94    -4     0
1883.14 -1.66e-15  3.28e-15    94    -2     0
1884.82 -1.95e-15  2.14e-15    94    -3     0
1886.49 -1.83e-15  1.72e-15    94    -3     0
1888.17 -2.45e-18  2.83e-15    94     0     0
1889.85  1.46e-15  1.78e-15    94     2     0
1891.52  4.28e-16  1.71e-15    94     0     0
1893.20  1.04e-15  1.74e-15    95     1     0
1894.87 -3.00e-17  1.68e-15    95     0     0
1896.55  3.08e-15  2.15e-15    95     5     0
1898.23  1.60e-15  1.80e-15    95     2     0
1899.90  5.81e-16  1.69e-15    95     0     0
1901.58  1.44e-15  1.74e-15    95     2     0
1903.26 -3.61e-15  1.65e-15    95    -5     0
1904.93 -3.03e-15  1.64e-15    95    -5     0
1906.61 -2.32e-15  1.75e-15    96    -3     0
1908.28 -4.78e-15  1.62e-15    96    -7     0
1909.96 -1.65e-15  1.69e-15    96    -2     0
1911.64  3.26e-16  1.67e-15    96     0     0
1913.31  1.38e-15  1.84e-15    96     2     0
1914.99  6.95e-16  1.81e-15    96     1     0
1916.67  2.05e-16  1.60e-15    96     0     0
1918.34  3.04e-16  1.60e-15    96     0     0
1920.02 -2.28e-15  1.57e-15    96    -3     0
1921.70 -2.40e-15  1.58e-15    97    -3     0
1923.37 -5.36e-15  1.57e-15    97    -8     0
1925.05 -1.52e-15  1.55e-15    97    -2     0
1926.72 -3.23e-15  1.54e-15    97    -5     0
1928.40 -4.74e-16  1.52e-15    97     0     0
1930.08  6.38e-16  1.83e-15    97     1     0
1931.75  2.25e-15  1.63e-15    97     3     0
1933.43  5.78e-16  1.51e-15    97     0     0
1935.11 -1.16e-15  1.49e-15    98    -1     0
1936.78 -1.27e-15  1.46e-15    98    -2     0
1938.46 -1.97e-15  1.45e-15    98    -3     0
1940.14 -2.88e-15  1.43e-15    98    -4     0
1941.81 -3.08e-15  1.42e-15    98    -5     0
1943.49  1.81e-15  1.52e-15    98     3     0
1945.16  2.38e-15  1.53e-15    98     3     0
1946.84 -3.72e-16  1.59e-15    98     0     0
1948.52 -5.44e-15  1.97e-15    99    -9     0
1950.19  2.73e-16  1.50e-15    99     0     0
1951.87 -1.26e-15  1.33e-15    99    -2     0
1953.55 -1.70e-15  1.32e-15    99    -2     0
1955.22  1.70e-15  1.40e-15    99     2     0
1956.90  3.30e-15  1.54e-15    99     5     0
1958.57  3.99e-15  2.18e-15    99     6     0
1960.25  3.63e-15  1.96e-15    99     6     0
1961.93  5.54e-15  3.07e-15    99     9     0
1963.60  2.00e-15  2.74e-15   100     3     0
1965.28  4.05e-15  3.16e-15   100     6     0
1966.96  7.77e-15  2.74e-15   100    13     0
1968.63  4.59e-15  1.57e-15   100     7     0
1970.31  1.37e-15  1.29e-15   100     2     0
1971.99  2.12e-15  1.32e-15   100     3     0
1973.66 -5.73e-16  1.32e-15   100     0     0
1975.34 -2.53e-16  1.29e-15   100     0     0
1977.01  4.90e-15  1.59e-15   100     8     0
1978.69  6.63e-15  1.89e-15   101    11     0
