NOT ORIGINAL IUE PROJECT DATA PRODUCT
SWP29218LOWLARGE
HD  197481
20:42:06
-31:31:05
48
NO-TRAIL
ALONG-APER
02399.717
15/09/86
19:06:11
258
08.84
23/04/94
VILSPA
2446689.29596
0
20
1150.58  8.75e-14  1.40e-13    22    18     0
1152.26 -7.65e-15  1.30e-13    22    -1     0
1153.93  9.61e-14  1.23e-13    22    23     0
1155.61  4.79e-14  1.14e-13    22    12     0
1157.29 -9.90e-14  1.05e-13    22   -27     0
1158.96  6.23e-14  9.79e-14    22    18     0
1160.64 -1.24e-13  8.99e-14    22   -39     0
1162.31  8.55e-14  8.47e-14    22    29     0
1163.99  2.32e-15  7.76e-14    22     0     0
1165.67 -1.19e-13  7.06e-14    23   -47     0
1167.34  9.72e-15  6.57e-14    23     4     0
1169.02  8.42e-14  6.22e-14    23    39     0
1170.70  5.82e-14  5.76e-14    23    28     0
1172.37 -5.39e-15  5.29e-14    23    -2     0
1174.05  1.92e-14  4.95e-14    23    10     0
1175.73 -5.94e-14  9.40e-14    23   -35     0
1177.40 -2.22e-14  4.32e-14    24   -14     0
1179.08 -2.18e-14  4.05e-14    24   -14     0
1180.75  4.29e-14  3.85e-14    24    31     0
1182.43 -4.09e-14  3.57e-14    24   -31     0
1184.11  2.23e-14  3.40e-14    24    18     0
1185.78  5.04e-14  3.27e-14    24    42     0
1187.46 -4.34e-14  3.19e-14    25   -38     0
1189.14  3.78e-16  2.89e-14    25     0     0
1190.81 -4.18e-15  2.85e-14    25    -4     0
1192.49  3.14e-14  2.71e-14    25    32     0
1194.17  1.60e-14  2.70e-14    26    17     0
1195.84  3.10e-14  2.75e-14    26    34     0
1197.52  1.24e-14  2.55e-14    26    14     0
1199.19  1.25e-14  2.40e-14    26    14     0
1200.87  1.90e-15  2.52e-14    26     2     0
1202.55  3.46e-14  2.10e-14    27    43     0
1204.22  2.27e-14  2.50e-14    27    29     0
1205.90  2.20e-14  1.94e-14    27    29     0
1207.58  1.06e-13  2.12e-14    27   146     0
1209.25  2.50e-13  4.78e-14    28   356     0
1210.93  4.25e-13  8.88e-14    28   624     0
1212.60  7.06e-13  1.29e-13    28  1063     0
1214.28  9.64e-13  1.86e-13    29  1489     0
1215.96  9.85e-13  1.98e-13    29  1560     0
1217.63  8.30e-13  1.51e-13    29  1345     0
1219.31  5.23e-13  9.91e-14    29   867     0
1220.99  2.97e-13  5.51e-14    30   503     0
1222.66  9.75e-14  2.45e-14    30   168     0
1224.34  2.05e-14  1.43e-14    30    36     0
1226.02  1.17e-14  1.38e-14    31    21     0
1227.69  5.67e-15  1.34e-14    31    10     0
1229.37  5.69e-15  1.31e-14    31    10     0
1231.04  8.34e-15  1.29e-14    32    15     0
1232.72  1.37e-14  1.28e-14    32    26     0
1234.40  5.66e-15  1.24e-14    32    11     0
1236.07  7.83e-15  1.22e-14    33    15     0
1237.75  1.59e-14  1.21e-14    33    32     0
1239.43  6.67e-15  1.17e-14    33    13     0
1241.10  2.72e-14  1.20e-14    34    55     0
1242.78  1.75e-14  1.17e-14    34    36     0
1244.46  2.99e-14  1.17e-14    34    62     0
1246.13  2.04e-15  1.11e-14    35     4     0
1247.81  2.75e-15  1.10e-14    35     5     0
1249.48  1.41e-14  1.10e-14    35    30     0
1251.16 -4.88e-15  1.06e-14    36   -10     0
1252.84  2.36e-14  1.08e-14    36    52     0
1254.51  4.67e-15  1.04e-14    37    10     0
1256.19  1.28e-14  1.05e-14    37    28     0
1257.87  2.00e-14  1.05e-14    37    45     0
1259.54  7.60e-15  1.02e-14    38    17     0
1261.22  1.64e-14  1.02e-14    38    37     0
1262.89  7.63e-15  9.91e-15    38    17     0
1264.57  2.58e-14  1.01e-14    39    59     0
1266.25  1.08e-14  9.77e-15    39    25     0
1267.92  2.95e-15  9.54e-15    40     6     0
1269.60 -1.73e-14  9.47e-15    40   -40     0
1271.28  2.58e-15  9.41e-15    40     6     0
1272.95  4.11e-15  9.38e-15    41     9     0
1274.63  2.29e-15  9.28e-15    41     5     0
1276.31  2.15e-15  9.23e-15    42     5     0
1277.98  9.67e-16  9.16e-15    42     2     0
1279.66  1.71e-14  9.35e-15    42    40     0
1281.33 -2.68e-15  9.02e-15    43    -6     0
1283.01  7.56e-16  8.96e-15    43     1     0
1284.69  2.06e-14  9.23e-15    44    49     0
1286.36 -1.56e-14  8.86e-15    44   -37     0
1288.04  1.33e-14  8.99e-15    44    32     0
1289.72  6.85e-16  8.74e-15    45     1     0
1291.39  3.11e-15  8.71e-15    45     7     0
1293.07 -4.00e-15  8.67e-15    46    -9     0
1294.75  1.08e-14  8.79e-15    46    26     0
1296.42  1.17e-14  8.70e-15    46    28     0
1298.10  1.31e-14  1.08e-14    47    32     0
1299.77  5.55e-15  8.53e-15    47    13     0
1301.45  1.04e-14  8.65e-15    48    25     0
1303.13  1.21e-14  8.65e-15    48    29     0
1304.80  2.18e-14  8.80e-15    48    53     0
1306.48  8.15e-15  1.43e-14    49    19     0
1308.16  2.05e-14  8.77e-15    49    49     0
1309.83  4.93e-15  8.47e-15    50    11     0
1311.51  6.77e-15  8.41e-15    50    16     0
1313.19 -8.45e-15  1.10e-14    51   -20     0
1314.86  5.15e-15  8.36e-15    51    12     0
1316.54  8.39e-15  8.39e-15    51    20     0
1318.21  1.86e-14  8.57e-15    52    45     0
1319.89  2.76e-15  9.94e-15    52     6     0
1321.57  2.59e-15  8.50e-15    53     6     0
1323.24 -4.29e-15  8.69e-15    53   -10     0
1324.92  6.65e-15  9.49e-15    53    15     0
1326.60  1.51e-14  9.40e-15    54    35     0
1328.27  1.22e-14  8.91e-15    54    28     0
1329.95  6.57e-15  8.38e-15    55    15     0
1331.62  1.98e-15  8.24e-15    55     4     0
1333.30  1.36e-14  1.38e-14    56    31     0
1334.98  2.95e-14  8.94e-15    56    68     0
1336.65  3.79e-14  1.39e-14    56    88     0
1338.33  2.43e-14  8.56e-15    57    56     0
1340.01  1.90e-14  8.56e-15    57    43     0
1341.68  9.59e-15  8.39e-15    58    21     0
1343.36  9.38e-15  8.41e-15    58    21     0
1345.04  3.77e-15  8.29e-15    58     8     0
1346.71 -1.11e-14  8.26e-15    59   -25     0
1348.39 -8.78e-15  8.27e-15    59   -19     0
1350.06 -1.50e-14  1.86e-14    60   -33     0
1351.74 -1.16e-14  9.01e-15    60   -25     0
1353.42  1.76e-14  8.58e-15    60    39     0
1355.09  1.81e-14  8.54e-15    61    40     0
1356.77  5.72e-15  8.33e-15    61    12     0
1358.45 -8.50e-15  8.29e-15    62   -18     0
1360.12  6.78e-18  8.37e-15    62     0     0
1361.80  5.21e-15  8.42e-15    62    11     0
1363.48  1.04e-14  8.54e-15    63    22     0
1365.15  2.94e-15  8.41e-15    63     6     0
1366.83 -3.05e-15  8.43e-15    64    -6     0
1368.50  9.46e-15  8.56e-15    64    20     0
1370.18  3.75e-15  8.47e-15    64     7     0
1371.86  6.97e-16  8.45e-15    65     1     0
1373.53 -4.87e-15  8.46e-15    65   -10     0
1375.21  3.67e-16  8.50e-15    66     0     0
1376.89 -4.94e-15  8.52e-15    66   -10     0
1378.56  7.42e-15  8.65e-15    66    15     0
1380.24  7.73e-15  8.65e-15    67    15     0
1381.91 -4.99e-15  8.75e-15    67   -10     0
1383.59 -1.25e-14  1.19e-14    67   -25     0
1385.27 -2.17e-14  9.21e-15    68   -43     0
1386.94  5.34e-15  8.73e-15    68    10     0
1388.62 -7.31e-16  8.68e-15    69    -1     0
1390.30  1.47e-15  8.72e-15    69     2     0
1391.97  1.30e-14  8.96e-15    69    25     0
1393.65 -9.96e-15  9.04e-15    70   -19     0
1395.33  1.54e-15  8.81e-15    70     2     0
1397.00  1.55e-14  9.09e-15    70    29     0
1398.68  8.72e-15  9.00e-15    71    16     0
1400.35 -5.50e-16  8.90e-15    71    -1     0
1402.03 -5.42e-15  8.93e-15    71   -10     0
1403.71 -5.81e-15  8.97e-15    72   -10     0
1405.38  1.79e-14  9.30e-15    72    32     0
1407.06  1.55e-14  9.30e-15    72    28     0
1408.74  3.53e-16  9.10e-15    73     0     0
1410.41 -7.55e-15  1.61e-14    73   -13     0
1412.09 -1.74e-14  9.16e-15    73   -30     0
1413.77 -4.08e-15  9.20e-15    74    -7     0
1415.44  1.37e-15  9.17e-15    74     2     0
1417.12  9.62e-16  9.21e-15    74     1     0
1418.79 -1.31e-16  9.24e-15    75     0     0
1420.47 -2.63e-15  9.41e-15    75    -4     0
1422.15  1.20e-14  9.62e-15    75    20     0
1423.82  1.28e-14  9.68e-15    76    21     0
1425.50 -5.38e-15  9.42e-15    76    -9     0
1427.18 -7.41e-15  9.47e-15    76   -12     0
1428.85 -4.46e-15  9.48e-15    77    -7     0
1430.53  1.42e-14  9.71e-15    77    23     0
1432.20  1.23e-15  9.55e-15    77     2     0
1433.88  2.46e-15  9.58e-15    77     4     0
1435.56 -2.37e-14  9.67e-15    78   -38     0
1437.23  3.09e-15  9.71e-15    78     4     0
1438.91  7.60e-16  9.71e-15    78     1     0
1440.59  8.74e-15  9.75e-15    79    13     0
1442.26  4.80e-15  9.72e-15    79     7     0
1443.94  1.87e-14  9.99e-15    79    29     0
1445.62  4.71e-15  9.78e-15    79     7     0
1447.29  2.12e-14  1.01e-14    80    32     0
1448.97 -6.89e-15  9.75e-15    80   -10     0
1450.64  9.11e-15  9.80e-15    80    14     0
1452.32  2.10e-14  1.01e-14    80    32     0
1454.00  1.75e-14  1.00e-14    81    26     0
1455.67  3.44e-16  9.72e-15    81     0     0
1457.35  1.15e-14  9.88e-15    81    17     0
1459.03  8.90e-15  9.82e-15    81    13     0
1460.70  6.54e-15  9.74e-15    82     9     0
1462.38  8.21e-16  9.64e-15    82     1     0
1464.06 -3.16e-15  9.63e-15    82    -4     0
1465.73  9.16e-15  9.86e-15    82    13     0
1467.41  3.32e-15  9.70e-15    83     4     0
1469.08  6.88e-15  9.78e-15    83    10     0
1470.76 -7.41e-15  9.71e-15    83   -11     0
1472.44 -2.91e-15  9.70e-15    83    -4     0
1474.11 -3.33e-16  9.69e-15    83     0     0
1475.79  6.10e-15  9.71e-15    84     8     0
1477.47  6.98e-15  9.77e-15    84    10     0
1479.14  7.28e-15  9.75e-15    84    10     0
1480.82 -5.33e-15  9.64e-15    84    -7     0
1482.50 -8.23e-15  9.63e-15    84   -12     0
1484.17 -7.74e-15  9.62e-15    85   -11     0
1485.85  7.21e-15  9.68e-15    85    10     0
1487.52 -1.38e-14  9.56e-15    85   -20     0
1489.20 -1.41e-14  9.55e-15    85   -20     0
1490.88  1.03e-14  9.77e-15    85    14     0
1492.55  2.44e-14  1.00e-14    86    34     0
1494.23  8.60e-15  9.72e-15    86    12     0
1495.91 -1.29e-14  9.77e-15    86   -18     0
1497.58 -9.29e-16  9.53e-15    86    -1     0
1499.26  2.62e-15  9.54e-15    86     3     0
1500.93 -2.34e-15  9.51e-15    86    -3     0
1502.61  1.76e-15  9.52e-15    86     2     0
1504.29 -7.31e-15  9.52e-15    87   -10     0
1505.96 -1.10e-15  9.53e-15    87    -1     0
1507.64  1.96e-15  9.54e-15    87     2     0
1509.32 -2.55e-15  9.55e-15    87    -3     0
1510.99  3.94e-15  9.61e-15    87     5     0
1512.67  8.14e-15  9.71e-15    87    11     0
1514.35  2.47e-15  9.61e-15    87     3     0
1516.02 -2.59e-14  9.65e-15    88   -35     0
1517.70  5.09e-15  9.70e-15    88     6     0
1519.37  1.37e-14  9.88e-15    88    18     0
1521.05  1.19e-15  9.66e-15    88     1     0
1522.73 -4.79e-15  9.66e-15    88    -6     0
1524.40  3.10e-15  9.65e-15    88     4     0
1526.08  6.93e-15  9.74e-15    88     9     0
1527.76 -1.18e-14  9.63e-15    88   -15     0
1529.43 -3.61e-15  9.62e-15    88    -4     0
1531.11  5.00e-17  9.56e-15    88     0     0
1532.79  7.64e-15  9.65e-15    89    10     0
1534.46  9.71e-15  9.65e-15    89    12     0
1536.14 -6.89e-15  9.48e-15    89    -9     0
1537.81  4.92e-15  9.47e-15    89     6     0
1539.49 -8.66e-16  9.42e-15    89    -1     0
1541.17  2.31e-14  9.82e-15    89    30     0
1542.84  7.27e-15  9.46e-15    89     9     0
1544.52 -1.75e-15  9.31e-15    89    -2     0
1546.20  2.74e-14  9.74e-15    89    36     0
1547.87  4.95e-14  1.44e-14    89    65     0
1549.55  5.43e-14  1.95e-14    89    72     0
1551.22  4.53e-14  1.20e-14    89    59     0
1552.90  1.93e-14  9.46e-15    89    25     0
1554.58  7.84e-15  9.22e-15    89    10     0
1556.25  1.65e-14  9.36e-15    89    21     0
1557.93  2.26e-14  9.43e-15    89    29     0
1559.61  2.26e-14  9.36e-15    90    30     0
1561.28  3.96e-15  9.07e-15    90     5     0
1562.96  4.73e-15  8.91e-15    90     6     0
1564.64 -5.68e-15  8.85e-15    90    -7     0
1566.31  2.71e-17  8.76e-15    90     0     0
1567.99 -3.10e-15  8.72e-15    90    -4     0
1569.66 -3.39e-15  8.68e-15    90    -4     0
1571.34  7.51e-15  8.85e-15    90    10     0
1573.02 -2.07e-15  8.67e-15    90    -2     0
1574.69  9.36e-15  8.80e-15    90    12     0
1576.37  2.76e-14  9.13e-15    90    36     0
1578.05 -3.08e-15  8.57e-15    90    -4     0
1579.72 -3.69e-15  8.52e-15    90    -4     0
1581.40  6.62e-15  8.57e-15    90     8     0
1583.08  2.66e-15  8.42e-15    90     3     0
1584.75 -1.16e-14  8.38e-15    90   -15     0
1586.43  5.95e-15  8.41e-15    90     8     0
1588.10  4.18e-15  8.29e-15    90     5     0
1589.78  6.72e-15  8.28e-15    90     9     0
1591.46  5.97e-15  8.31e-15    90     8     0
1593.13  2.22e-15  8.18e-15    90     3     0
1594.81  1.12e-14  8.28e-15    90    15     0
1596.49  1.14e-14  8.19e-15    90    15     0
1598.16  8.99e-17  8.00e-15    89     0     0
1599.84  1.44e-15  7.95e-15    89     1     0
1601.52  3.08e-15  7.91e-15    89     4     0
1603.19  1.25e-14  8.06e-15    89    17     0
1604.87  4.46e-15  7.86e-15    89     6     0
1606.54  9.45e-15  7.93e-15    89    13     0
1608.22  1.70e-14  8.02e-15    89    23     0
1609.90  9.19e-15  7.87e-15    89    12     0
1611.57  3.93e-15  7.68e-15    89     5     0
1613.25  1.05e-14  7.77e-15    89    14     0
1614.93 -2.66e-15  7.55e-15    89    -3     0
1616.60 -1.75e-14  7.52e-15    89   -24     0
1618.28 -9.18e-15  7.47e-15    89   -12     0
1619.95  1.01e-15  7.43e-15    89     1     0
1621.63  5.84e-15  7.43e-15    89     8     0
1623.31  2.84e-15  7.34e-15    89     4     0
1624.98 -4.28e-16  7.25e-15    89     0     0
1626.66 -8.22e-15  7.21e-15    89   -11     0
1628.34 -4.68e-15  7.17e-15    88    -6     0
1630.01  2.16e-15  7.17e-15    88     3     0
1631.69 -6.70e-15  7.12e-15    88    -9     0
1633.37 -8.54e-15  7.07e-15    88   -12     0
1635.04 -8.87e-15  6.98e-15    88   -12     0
1636.72  6.12e-15  7.00e-15    88     8     0
1638.39  1.72e-14  8.57e-15    88    24     0
1640.07  4.94e-14  1.42e-14    88    71     0
1641.75  5.61e-14  1.66e-14    88    81     0
1643.42  2.94e-14  1.10e-14    88    42     0
1645.10  6.32e-15  6.78e-15    88     9     0
1646.78  8.45e-15  6.80e-15    88    12     0
1648.45  1.21e-14  6.81e-15    88    17     0
1650.13  1.12e-14  6.77e-15    87    16     0
1651.81  1.57e-14  6.81e-15    87    23     0
1653.48  2.10e-14  6.83e-15    87    31     0
1655.16  3.62e-15  6.39e-15    87     5     0
1656.83  1.42e-14  6.56e-15    87    21     0
1658.51  2.37e-14  7.52e-15    87    35     0
1660.19  2.65e-14  6.92e-15    87    40     0
1661.86  1.44e-14  6.70e-15    87    21     0
1663.54  1.56e-14  7.06e-15    87    23     0
1665.22 -5.10e-16  6.54e-15    87     0     0
1666.89 -3.69e-15  6.33e-15    86    -5     0
1668.57 -3.14e-15  6.00e-15    86    -4     0
1670.24  1.44e-16  5.91e-15    86     0     0
1671.92 -4.54e-15  5.85e-15    86    -7     0
1673.60  4.69e-15  5.86e-15    86     7     0
1675.27  7.09e-15  5.84e-15    86    11     0
1676.95  5.80e-15  5.75e-15    86     9     0
1678.63  1.65e-15  5.64e-15    86     2     0
1680.30  3.97e-15  5.66e-15    86     6     0
1681.98  8.08e-15  5.67e-15    85    12     0
1683.66  4.61e-15  5.56e-15    85     7     0
1685.33  9.58e-15  5.66e-15    85    15     0
1687.01  6.70e-15  5.53e-15    85    10     0
1688.68  4.17e-15  5.40e-15    85     6     0
1690.36  5.09e-15  5.36e-15    85     8     0
1692.04 -1.17e-15  5.23e-15    85    -1     0
1693.71  4.74e-15  5.25e-15    85     7     0
1695.39  4.79e-15  5.18e-15    85     8     0
1697.07  6.96e-15  5.20e-15    84    11     0
1698.74  1.60e-14  5.33e-15    84    26     0
1700.42  8.89e-15  5.53e-15    84    15     0
1702.10  1.43e-15  4.93e-15    84     2     0
1703.77  3.09e-15  4.90e-15    84     5     0
1705.45 -3.78e-15  4.84e-15    84    -6     0
1707.12  6.73e-15  4.90e-15    84    11     0
1708.80 -2.88e-16  4.74e-15    84     0     0
1710.48  1.20e-14  4.93e-15    84    21     0
1712.15  9.64e-15  4.83e-15    84    16     0
1713.83  2.37e-15  4.62e-15    83     4     0
1715.51  3.79e-16  4.54e-15    83     0     0
1717.18  1.97e-14  4.89e-15    83    35     0
1718.86  1.15e-14  4.66e-15    83    20     0
1720.54  1.59e-14  4.89e-15    83    28     0
1722.21  7.14e-15  4.46e-15    83    13     0
1723.89  9.68e-15  4.45e-15    83    17     0
1725.56  9.55e-15  4.46e-15    83    17     0
1727.24  1.31e-14  4.51e-15    83    24     0
1728.92  1.49e-14  4.47e-15    82    27     0
1730.59  1.14e-14  4.34e-15    82    21     0
1732.27  1.25e-14  4.35e-15    82    23     0
1733.95  9.80e-15  4.23e-15    82    18     0
1735.62  1.21e-14  4.24e-15    82    23     0
1737.30  8.49e-15  4.10e-15    82    16     0
1738.97  9.15e-15  4.08e-15    82    17     0
1740.65  7.25e-15  3.99e-15    82    14     0
1742.33  4.59e-15  3.88e-15    82     8     0
1744.00  4.12e-15  3.83e-15    82     8     0
1745.68  1.96e-14  5.36e-15    82    38     0
1747.36  2.71e-14  4.25e-15    81    53     0
1749.03  1.49e-14  4.92e-15    81    29     0
1750.71  8.67e-15  3.77e-15    81    17     0
1752.39  4.30e-15  3.63e-15    81     8     0
1754.06  1.80e-15  3.54e-15    81     3     0
1755.74  2.16e-15  3.54e-15    81     4     0
1757.41  3.63e-15  3.54e-15    81     7     0
1759.09  1.80e-15  3.45e-15    81     3     0
1760.77  2.25e-15  3.43e-15    81     4     0
1762.44  7.11e-15  3.51e-15    81    14     0
1764.12  9.58e-15  3.54e-15    81    19     0
1765.80  4.65e-15  3.39e-15    81     9     0
1767.47  7.73e-15  3.42e-15    81    16     0
1769.15  3.22e-15  3.29e-15    81     6     0
1770.83  3.96e-15  3.24e-15    80     8     0
1772.50  5.40e-15  3.27e-15    80    11     0
1774.18  2.53e-15  3.15e-15    80     5     0
1775.85 -1.26e-15  3.11e-15    80    -2     0
1777.53 -2.10e-15  3.08e-15    80    -4     0
1779.21  4.65e-15  3.13e-15    80    10     0
1780.88 -9.99e-16  3.02e-15    80    -2     0
1782.56 -1.01e-15  2.99e-15    80    -2     0
1784.24  5.49e-16  2.97e-15    80     1     0
1785.91  6.63e-15  3.07e-15    80    14     0
1787.59  2.96e-15  2.93e-15    80     6     0
1789.26 -1.13e-15  2.94e-15    80    -2     0
1790.94  2.98e-16  3.06e-15    80     0     0
1792.62  5.95e-15  3.54e-15    80    13     0
1794.29  3.09e-15  3.32e-15    80     6     0
1795.97 -5.22e-15  3.15e-15    80   -11     0
1797.65 -4.04e-15  2.96e-15    80    -9     0
1799.32  3.14e-15  2.78e-15    80     7     0
1801.00  6.17e-15  2.84e-15    80    14     0
1802.68  5.17e-15  2.80e-15    80    11     0
1804.35  5.42e-15  2.76e-15    80    12     0
1806.03  1.15e-14  3.96e-15    80    26     0
1807.70  1.15e-14  4.80e-15    80    26     0
1809.38  1.46e-14  5.32e-15    80    33     0
1811.06  9.90e-15  2.78e-15    80    22     0
1812.73  8.65e-15  2.75e-15    80    19     0
1814.41  1.16e-14  2.83e-15    80    26     0
1816.09  1.71e-14  2.93e-15    80    39     0
1817.76  1.88e-14  5.20e-15    80    43     0
1819.44  1.39e-14  3.04e-15    80    32     0
1821.12  8.14e-15  2.64e-15    80    18     0
1822.79  4.94e-15  2.61e-15    80    11     0
1824.47  4.35e-15  2.52e-15    80    10     0
1826.14  4.38e-15  2.50e-15    80    10     0
1827.82  1.50e-15  2.43e-15    80     3     0
1829.50 -1.32e-15  2.44e-15    80    -3     0
1831.17  3.13e-15  2.48e-15    80     7     0
1832.85  1.44e-15  2.36e-15    80     3     0
1834.53  4.43e-15  2.41e-15    80    10     0
1836.20  2.00e-16  2.32e-15    80     0     0
1837.88 -5.72e-15  2.30e-15    81   -13     0
1839.55  3.43e-16  2.28e-15    81     0     0
1841.23  1.26e-15  2.28e-15    81     2     0
1842.91  2.79e-15  2.30e-15    81     6     0
1844.58  5.07e-15  2.34e-15    81    11     0
1846.26  1.48e-15  2.70e-15    81     3     0
1847.94  5.17e-16  2.20e-15    81     1     0
1849.61 -9.91e-16  2.18e-15    81    -2     0
1851.29  5.02e-17  2.18e-15    81     0     0
1852.97  2.72e-15  2.25e-15    81     6     0
1854.64  1.77e-15  2.18e-15    81     4     0
1856.32  9.12e-16  2.14e-15    81     2     0
1857.99  4.77e-15  2.21e-15    82    11     0
1859.67  2.95e-15  2.16e-15    82     6     0
1861.35  3.70e-15  3.61e-15    82     8     0
1863.02  1.88e-14  8.04e-15    82    43     0
1864.70  3.03e-14  1.20e-14    82    69     0
1866.38  1.25e-14  6.03e-15    82    28     0
1868.05 -9.54e-16  2.09e-15    82    -2     0
1869.73 -5.48e-15  2.10e-15    82   -12     0
1871.41 -6.36e-15  2.10e-15    83   -14     0
1873.08 -3.03e-15  2.10e-15    83    -6     0
1874.76  1.05e-15  2.11e-15    83     2     0
1876.43  2.70e-15  2.12e-15    83     6     0
1878.11  4.08e-15  2.12e-15    83     9     0
1879.79  4.20e-15  2.13e-15    83     9     0
1881.46  1.50e-15  2.12e-15    84     3     0
1883.14  1.39e-15  2.13e-15    84     3     0
1884.82 -2.30e-15  2.38e-15    84    -5     0
1886.49 -5.75e-15  2.43e-15    84   -12     0
1888.17 -3.16e-15  2.15e-15    84    -7     0
1889.85 -4.42e-17  2.15e-15    84     0     0
1891.52  2.29e-15  2.15e-15    85     5     0
1893.20  3.55e-15  2.15e-15    85     7     0
1894.87  2.02e-15  2.15e-15    85     4     0
1896.55  1.92e-15  2.16e-15    85     4     0
1898.23 -1.02e-15  2.16e-15    85    -2     0
1899.90 -5.79e-15  2.17e-15    86   -12     0
1901.58 -6.11e-15  2.18e-15    86   -13     0
1903.26 -1.62e-15  2.18e-15    86    -3     0
1904.93 -2.05e-15  2.18e-15    86    -4     0
1906.61 -3.61e-16  2.18e-15    87     0     0
1908.28 -4.44e-15  2.19e-15    87    -9     0
1909.96  5.35e-16  2.26e-15    87     1     0
1911.64 -1.59e-15  2.19e-15    87    -3     0
1913.31 -4.38e-15  2.26e-15    88    -9     0
1914.99 -1.28e-15  3.16e-15    88    -2     0
1916.67  2.58e-15  2.31e-15    88     5     0
1918.34  8.72e-16  2.37e-15    88     1     0
1920.02 -2.20e-15  2.50e-15    89    -4     0
1921.70  1.87e-15  3.08e-15    89     4     0
1923.37 -2.76e-15  2.57e-15    89    -5     0
1925.05 -1.90e-15  2.67e-15    89    -4     0
1926.72 -1.41e-15  2.49e-15    90    -3     0
1928.40  1.86e-15  2.30e-15    90     4     0
1930.08  4.33e-15  2.20e-15    90     9     0
1931.75  1.09e-14  2.19e-15    90    23     0
1933.43  5.56e-15  2.19e-15    91    12     0
1935.11  1.93e-15  2.19e-15    91     4     0
1936.78  4.10e-16  2.27e-15    91     0     0
1938.46  7.18e-15  2.28e-15    92    15     0
1940.14  6.23e-15  2.18e-15    92    13     0
1941.81  8.88e-15  2.17e-15    92    19     0
1943.49  1.14e-14  2.17e-15    93    25     0
1945.16  1.39e-14  2.34e-15    93    30     0
1946.84  1.94e-14  4.36e-15    93    43     0
1948.52  2.55e-14  5.18e-15    93    56     0
1950.19  3.44e-14  4.91e-15    94    77     0
1951.87  3.94e-14  5.69e-15    94    88     0
1953.55  3.82e-14  3.59e-15    94    86     0
1955.22  3.20e-14  2.19e-15    95    72     0
1956.90  3.19e-14  3.54e-15    95    72     0
1958.57  2.81e-14  3.49e-15    95    63     0
1960.25  2.56e-14  3.07e-15    96    58     0
1961.93  1.87e-14  3.02e-15    96    42     0
1963.60  1.48e-14  3.54e-15    96    33     0
1965.28  1.26e-14  2.52e-15    97    28     0
1966.96  1.25e-14  2.10e-15    97    28     0
1968.63  5.97e-15  2.11e-15    97    13     0
1970.31  2.93e-15  2.11e-15    98     6     0
1971.99  5.79e-15  2.52e-15    98    13     0
1973.66  3.87e-15  2.49e-15    99     8     0
1975.34  2.54e-16  2.14e-15    99     0     0
1977.01  2.24e-15  2.16e-15    99     4     0
1978.69  3.00e-15  2.17e-15   100     6     0
