NOT ORIGINAL IUE PROJECT DATA PRODUCT
SWP29245LOWLARGE
HD  197481
20:42:06
-31:31:05
48
NO-TRAIL
ALONG-APER
03599.844
18/09/86
20:23:31
261
08.84
23/04/94
VILSPA
2446692.34966
0
24
1150.58  7.46e-14  1.02e-13   194    23     0
1152.26  9.90e-14  9.57e-14   194    33     0
1153.93  1.06e-13  8.98e-14   194    38     0
1155.61  3.54e-14  8.27e-14   195    13     0
1157.29 -4.52e-14  7.64e-14   195   -18     0
1158.96  1.05e-13  7.17e-14   195    47     0
1160.64 -6.22e-14  6.55e-14   195   -29     0
1162.31  5.83e-14  6.16e-14   196    30     0
1163.99 -2.15e-15  5.66e-14   196    -1     0
1165.67 -5.99e-14  5.15e-14   196   -36     0
1167.34  2.23e-14  4.82e-14   196    14     0
1169.02  5.11e-15  4.46e-14   197     3     0
1170.70 -6.43e-15  4.15e-14   197    -4     0
1172.37  5.44e-15  3.87e-14   197     4     0
1174.05  2.65e-14  3.72e-14   197    22     0
1175.73  2.37e-15  6.65e-14   198     2     0
1177.40 -2.04e-15  3.17e-14   198    -1     0
1179.08 -3.24e-14  2.97e-14   198   -33     0
1180.75 -3.08e-14  2.78e-14   199   -33     0
1182.43 -2.62e-14  2.62e-14   199   -30     0
1184.11  2.28e-14  2.51e-14   199    27     0
1185.78  3.49e-14  2.40e-14   200    44     0
1187.46 -2.21e-14  2.24e-14   200   -29     0
1189.14  6.28e-15  2.14e-14   200     8     0
1190.81  9.03e-15  2.11e-14   201    13     0
1192.49  4.15e-16  1.97e-14   201     0     0
1194.17  2.15e-15  2.03e-14   201     3     0
1195.84  6.31e-15  2.00e-14   202    10     0
1197.52  9.16e-16  1.87e-14   202     1     0
1199.19  2.09e-15  1.76e-14   202     3     0
1200.87 -3.34e-15  1.65e-14   203    -6     0
1202.55  2.97e-14  1.57e-14   203    56     0
1204.22  2.53e-14  2.09e-14   203    49     0
1205.90  1.11e-13  5.74e-14   204   224     0
1207.58  2.41e-13  9.14e-14   204   501     0
1209.25  3.14e-13  7.22e-14   204   671     0
1210.93  4.45e-13  7.98e-14   205   979     0
1212.60  6.75e-13  1.14e-13   205  1525     0
1214.28  8.29e-13  1.45e-13   206  1921     0
1215.96  8.25e-13  1.70e-13   206  1959     0
1217.63  6.34e-13  1.06e-13   206  1541     0
1219.31  4.22e-13  7.57e-14   207  1049     0
1220.99  2.17e-13  3.95e-14   207   550     0
1222.66  6.57e-14  1.78e-14   207   170     0
1224.34  1.80e-14  1.08e-14   208    47     0
1226.02  1.32e-18  1.02e-14   208     0     0
1227.69  1.89e-15  1.01e-14   208     5     0
1229.37  5.64e-16  9.82e-15   209     1     0
1231.04  2.26e-16  9.60e-15   209     0     0
1232.72  1.78e-14  9.70e-15   210    51     0
1234.40  1.22e-14  9.42e-15   210    35     0
1236.07  1.81e-14  9.32e-15   210    54     0
1237.75  2.42e-14  9.29e-15   211    73     0
1239.43  1.89e-14  9.10e-15   211    57     0
1241.10  1.57e-14  8.94e-15   211    48     0
1242.78  5.47e-16  8.96e-15   212     1     0
1244.46  9.03e-15  8.62e-15   212    28     0
1246.13 -2.32e-15  8.37e-15   213    -7     0
1247.81  7.45e-15  8.38e-15   213    23     0
1249.48  1.85e-14  8.47e-15   213    59     0
1251.16  6.99e-16  8.02e-15   214     2     0
1252.84  2.11e-14  8.26e-15   214    69     0
1254.51  6.06e-15  7.92e-15   214    20     0
1256.19  2.67e-15  7.82e-15   215     8     0
1257.87  6.37e-15  7.80e-15   215    21     0
1259.54 -2.50e-16  7.65e-15   215     0     0
1261.22  1.59e-14  7.76e-15   216    54     0
1262.89  2.64e-15  7.51e-15   216     9     0
1264.57  1.45e-14  7.60e-15   217    50     0
1266.25  1.26e-14  7.51e-15   217    44     0
1267.92  5.10e-15  7.31e-15   217    17     0
1269.60 -1.17e-14  7.31e-15   218   -41     0
1271.28  3.96e-15  7.21e-15   218    13     0
1272.95  1.45e-15  7.13e-15   218     5     0
1274.63 -1.95e-16  7.08e-15   219     0     0
1276.31 -6.53e-16  7.05e-15   219    -2     0
1277.98 -7.57e-15  7.01e-15   219   -27     0
1279.66  8.54e-15  7.09e-15   220    30     0
1281.33  8.65e-15  7.02e-15   220    31     0
1283.01  6.36e-15  6.92e-15   220    22     0
1284.69  2.25e-14  7.19e-15   221    81     0
1286.36 -1.47e-14  6.78e-15   221   -53     0
1288.04  1.49e-15  6.75e-15   221     5     0
1289.72  7.72e-15  6.81e-15   222    28     0
1291.39  9.83e-15  6.82e-15   222    35     0
1293.07 -9.84e-16  6.77e-15   222    -3     0
1294.75  7.83e-16  6.64e-15   223     2     0
1296.42 -1.26e-15  6.58e-15   223    -4     0
1298.10 -3.48e-15  6.56e-15   223   -12     0
1299.77  1.59e-15  6.55e-15   224     5     0
1301.45  7.89e-15  6.67e-15   224    28     0
1303.13  1.54e-14  6.78e-15   224    56     0
1304.80  2.21e-14  6.87e-15   225    80     0
1306.48  1.46e-14  6.89e-15   225    52     0
1308.16  4.28e-15  6.60e-15   225    15     0
1309.83  1.63e-15  6.53e-15   226     5     0
1311.51  6.47e-15  6.54e-15   226    23     0
1313.19 -1.19e-14  6.94e-15   226   -43     0
1314.86 -2.02e-15  6.44e-15   226    -7     0
1316.54  3.93e-15  6.45e-15   227    14     0
1318.21  1.54e-14  6.65e-15   227    55     0
1319.89  5.89e-15  6.48e-15   227    21     0
1321.57  8.15e-15  6.73e-15   228    29     0
1323.24 -6.76e-15  6.77e-15   228   -24     0
1324.92  5.56e-15  7.38e-15   228    19     0
1326.60  1.05e-14  7.31e-15   228    36     0
1328.27  6.32e-15  6.87e-15   229    22     0
1329.95 -1.15e-15  6.48e-15   229    -4     0
1331.62  5.19e-15  6.50e-15   229    18     0
1333.30  1.34e-14  1.22e-14   229    47     0
1334.98  3.04e-14  8.96e-15   230   106     0
1336.65  2.82e-14  6.92e-15   230    99     0
1338.33  1.10e-14  6.59e-15   230    38     0
1340.01  6.03e-15  6.57e-15   230    20     0
1341.68  5.43e-15  6.54e-15   231    18     0
1343.36  2.61e-15  6.51e-15   231     8     0
1345.04  4.15e-15  6.53e-15   231    14     0
1346.71  1.94e-15  6.51e-15   231     6     0
1348.39  2.87e-15  6.53e-15   232     9     0
1350.06  3.61e-15  9.59e-15   232    12     0
1351.74  6.99e-16  7.08e-15   232     2     0
1353.42  1.70e-14  6.80e-15   232    57     0
1355.09  1.25e-14  6.70e-15   233    41     0
1356.77  1.44e-14  6.75e-15   233    47     0
1358.45  3.37e-15  6.57e-15   233    11     0
1360.12  4.79e-15  6.66e-15   233    15     0
1361.80  3.06e-15  6.65e-15   233     9     0
1363.48  1.15e-14  6.82e-15   234    37     0
1365.15  8.33e-15  6.78e-15   234    26     0
1366.83  5.75e-15  6.75e-15   234    18     0
1368.50  8.58e-15  6.81e-15   234    27     0
1370.18  6.63e-15  6.78e-15   234    20     0
1371.86  1.21e-14  6.87e-15   234    38     0
1373.53  8.10e-15  6.83e-15   235    25     0
1375.21  4.74e-15  6.79e-15   235    14     0
1376.89  3.31e-15  6.79e-15   235    10     0
1378.56  1.11e-14  6.95e-15   235    34     0
1380.24  3.68e-14  8.16e-15   235   112     0
1381.91  2.65e-14  9.09e-15   235    80     0
1383.59  4.78e-15  8.69e-15   236    14     0
1385.27 -8.02e-15  6.86e-15   236   -24     0
1386.94  5.58e-15  6.94e-15   236    16     0
1388.62 -9.03e-15  6.93e-15   236   -26     0
1390.30 -4.89e-15  6.95e-15   236   -14     0
1391.97  9.86e-15  7.13e-15   236    28     0
1393.65 -4.55e-15  7.01e-15   236   -13     0
1395.33  1.41e-14  7.25e-15   236    40     0
1397.00  1.63e-14  7.34e-15   237    46     0
1398.68  5.95e-15  7.19e-15   237    16     0
1400.35  3.66e-14  1.91e-14   237   102     0
1402.03  4.91e-14  1.64e-14   237   137     0
1403.71  1.75e-14  8.85e-15   237    48     0
1405.38  1.03e-15  7.24e-15   237     2     0
1407.06  3.21e-15  7.28e-15   237     8     0
1408.74  1.03e-15  7.30e-15   237     2     0
1410.41  8.74e-16  7.32e-15   237     2     0
1412.09  5.05e-15  7.42e-15   237    13     0
1413.77  3.92e-16  7.42e-15   237     1     0
1415.44  1.03e-14  7.58e-15   238    27     0
1417.12  4.43e-15  7.44e-15   238    11     0
1418.79 -6.69e-15  7.43e-15   238   -17     0
1420.47  2.52e-15  7.58e-15   238     6     0
1422.15  2.02e-15  7.60e-15   238     5     0
1423.82 -2.35e-15  7.63e-15   238    -5     0
1425.50 -3.53e-15  7.59e-15   238    -8     0
1427.18 -1.20e-14  8.21e-15   238   -29     0
1428.85 -4.92e-15  7.65e-15   238   -12     0
1430.53  1.28e-14  8.49e-15   238    31     0
1432.20  5.18e-15  7.79e-15   238    12     0
1433.88 -4.78e-15  7.74e-15   238   -11     0
1435.56 -8.33e-15  7.81e-15   238   -20     0
1437.23  3.07e-15  7.84e-15   238     7     0
1438.91  1.55e-15  7.86e-15   238     3     0
1440.59  2.74e-15  7.82e-15   238     6     0
1442.26  8.44e-15  7.96e-15   238    20     0
1443.94  1.88e-14  8.14e-15   238    44     0
1445.62  7.36e-15  8.00e-15   238    17     0
1447.29  9.47e-15  8.03e-15   238    22     0
1448.97 -7.55e-15  7.91e-15   238   -17     0
1450.64  2.06e-15  7.88e-15   238     4     0
1452.32  4.83e-15  7.92e-15   238    11     0
1454.00  1.13e-14  8.08e-15   238    26     0
1455.67  3.15e-15  7.90e-15   238     7     0
1457.35  1.30e-14  8.73e-15   238    29     0
1459.03  1.58e-15  7.91e-15   238     3     0
1460.70  6.62e-15  7.94e-15   238    15     0
1462.38  1.00e-14  7.98e-15   238    22     0
1464.06  6.28e-15  7.89e-15   238    14     0
1465.73 -1.43e-15  7.91e-15   238    -3     0
1467.41  1.14e-15  7.90e-15   238     2     0
1469.08 -2.10e-15  7.90e-15   238    -4     0
1470.76  2.29e-15  7.93e-15   238     5     0
1472.44  9.42e-15  8.03e-15   238    20     0
1474.11 -2.76e-15  7.92e-15   238    -6     0
1475.79  3.64e-15  7.95e-15   238     8     0
1477.47 -7.81e-15  7.92e-15   238   -17     0
1479.14 -4.12e-17  7.91e-15   238     0     0
1480.82 -7.88e-15  7.90e-15   237   -17     0
1482.50 -6.90e-15  7.89e-15   237   -15     0
1484.17  1.64e-14  8.16e-15   237    35     0
1485.85  2.67e-15  7.85e-15   237     5     0
1487.52  7.52e-16  7.84e-15   237     1     0
1489.20 -2.81e-15  7.84e-15   237    -6     0
1490.88 -3.74e-15  7.88e-15   237    -8     0
1492.55  2.87e-15  7.94e-15   237     6     0
1494.23  6.25e-15  7.95e-15   237    13     0
1495.91  3.23e-15  7.87e-15   237     6     0
1497.58  5.29e-15  7.88e-15   237    11     0
1499.26 -1.92e-15  7.85e-15   237    -4     0
1500.93  1.69e-14  8.08e-15   236    35     0
1502.61 -8.42e-15  7.84e-15   236   -17     0
1504.29 -1.61e-14  7.85e-15   236   -33     0
1505.96 -5.43e-15  7.86e-15   236   -11     0
1507.64  5.94e-15  7.95e-15   236    12     0
1509.32  1.40e-15  7.88e-15   236     2     0
1510.99  1.81e-15  7.93e-15   236     3     0
1512.67 -8.32e-15  7.94e-15   236   -17     0
1514.35 -3.54e-16  7.95e-15   236     0     0
1516.02  7.31e-15  8.05e-15   235    14     0
1517.70 -2.44e-15  9.12e-15   235    -4     0
1519.37 -1.14e-14  8.00e-15   235   -23     0
1521.05 -2.91e-15  8.00e-15   235    -5     0
1522.73 -9.64e-15  8.01e-15   235   -19     0
1524.40 -4.37e-15  8.01e-15   235    -8     0
1526.08  9.41e-15  8.11e-15   235    18     0
1527.76 -2.69e-15  8.00e-15   235    -5     0
1529.43 -2.96e-15  7.99e-15   234    -5     0
1531.11 -7.24e-15  7.94e-15   234   -14     0
1532.79  2.46e-15  7.93e-15   234     4     0
1534.46  1.84e-14  8.21e-15   234    36     0
1536.14  2.29e-14  8.26e-15   234    45     0
1537.81  3.42e-14  8.49e-15   234    67     0
1539.49  9.79e-16  8.98e-15   234     1     0
1541.17  2.76e-14  1.55e-14   233    54     0
1542.84  5.17e-14  3.20e-14   233   102     0
1544.52  9.84e-14  4.91e-14   233   195     0
1546.20  1.23e-13  5.05e-14   233   244     0
1547.87  1.00e-13  2.88e-14   233   199     0
1549.55  6.35e-14  1.36e-14   233   126     0
1551.22  4.05e-14  1.18e-14   233    80     0
1552.90  1.26e-14  8.98e-15   232    24     0
1554.58  1.67e-14  7.91e-15   232    33     0
1556.25 -5.96e-15  7.60e-15   232   -11     0
1557.93  4.66e-15  7.61e-15   232     9     0
1559.61  8.41e-15  7.64e-15   232    16     0
1561.28 -2.38e-15  7.50e-15   232    -4     0
1562.96  4.18e-15  7.51e-15   231     8     0
1564.64 -1.57e-15  7.44e-15   231    -3     0
1566.31 -5.61e-15  7.37e-15   231   -11     0
1567.99  9.18e-15  7.49e-15   231    18     0
1569.66  9.58e-15  7.47e-15   231    19     0
1571.34  4.93e-15  7.40e-15   231     9     0
1573.02  1.20e-15  7.31e-15   230     2     0
1574.69  1.69e-14  7.60e-15   230    33     0
1576.37  1.58e-14  7.52e-15   230    31     0
1578.05  8.78e-15  7.35e-15   230    17     0
1579.72  1.21e-15  7.21e-15   230     2     0
1581.40  4.21e-15  7.18e-15   230     8     0
1583.08  5.22e-15  7.20e-15   229    10     0
1584.75 -6.99e-15  7.10e-15   229   -14     0
1586.43  1.13e-14  7.21e-15   229    22     0
1588.10  3.71e-16  7.01e-15   229     0     0
1589.78 -1.11e-14  7.00e-15   229   -22     0
1591.46 -1.45e-15  6.99e-15   229    -2     0
1593.13 -8.90e-15  6.95e-15   228   -18     0
1594.81 -1.48e-14  6.92e-15   228   -30     0
1596.49 -5.64e-15  6.90e-15   228   -11     0
1598.16 -1.40e-14  6.82e-15   228   -28     0
1599.84 -1.65e-14  6.79e-15   228   -33     0
1601.52 -4.29e-16  8.19e-15   228     0     0
1603.19  8.63e-15  6.85e-15   227    17     0
1604.87  8.35e-15  6.82e-15   227    17     0
1606.54  6.58e-15  6.76e-15   227    13     0
1608.22  2.93e-15  6.67e-15   227     6     0
1609.90  6.07e-15  6.68e-15   227    12     0
1611.57  1.50e-15  6.56e-15   226     3     0
1613.25  4.54e-15  6.67e-15   226     9     0
1614.93 -6.91e-15  6.49e-15   226   -14     0
1616.60 -8.77e-15  6.47e-15   226   -18     0
1618.28 -7.49e-15  6.43e-15   226   -15     0
1619.95 -9.38e-15  6.40e-15   226   -19     0
1621.63  4.58e-15  6.40e-15   226     9     0
1623.31 -3.80e-15  6.30e-15   225    -8     0
1624.98 -6.95e-16  6.27e-15   225    -1     0
1626.66 -3.10e-15  6.23e-15   225    -6     0
1628.34 -9.86e-15  6.20e-15   225   -21     0
1630.01  3.77e-15  6.25e-15   225     7     0
1631.69  1.46e-16  6.18e-15   225     0     0
1633.37  7.81e-15  6.26e-15   224    16     0
1635.04  7.84e-15  6.17e-15   224    16     0
1636.72  1.47e-14  6.28e-15   224    31     0
1638.39  4.28e-14  9.80e-15   224    92     0
1640.07  5.37e-14  1.51e-14   224   116     0
1641.75  2.63e-14  1.11e-14   224    57     0
1643.42  1.07e-14  6.57e-15   224    23     0
1645.10  5.39e-15  5.91e-15   223    11     0
1646.78  1.27e-15  5.81e-15   223     2     0
1648.45 -1.32e-15  5.77e-15   223    -2     0
1650.13  2.66e-15  5.76e-15   223     5     0
1651.81 -1.42e-16  5.72e-15   223     0     0
1653.48  1.14e-14  5.94e-15   223    25     0
1655.16  1.27e-14  5.81e-15   223    28     0
1656.83  1.75e-14  5.86e-15   222    39     0
1658.51  2.77e-14  6.03e-15   222    62     0
1660.19  2.26e-14  5.89e-15   222    51     0
1661.86  5.21e-15  5.75e-15   222    11     0
1663.54  7.09e-15  6.05e-15   222    16     0
1665.22  1.65e-14  7.71e-15   222    37     0
1666.89  8.39e-15  6.15e-15   222    19     0
1668.57 -2.99e-15  5.32e-15   222    -6     0
1670.24  4.51e-15  5.30e-15   221    10     0
1671.92  3.29e-15  5.23e-15   221     7     0
1673.60  1.02e-15  5.17e-15   221     2     0
1675.27 -2.23e-15  5.13e-15   221    -5     0
1676.95 -3.36e-16  5.08e-15   221     0     0
1678.63 -1.46e-15  5.04e-15   221    -3     0
1680.30 -7.39e-15  5.02e-15   221   -17     0
1681.98 -6.79e-15  4.98e-15   221   -16     0
1683.66  3.16e-15  4.97e-15   221     7     0
1685.33  3.62e-15  4.95e-15   221     8     0
1687.01  6.22e-15  4.97e-15   220    15     0
1688.68  1.48e-15  4.84e-15   220     3     0
1690.36  3.04e-15  4.81e-15   220     7     0
1692.04  3.31e-15  4.77e-15   220     8     0
1693.71  4.77e-15  4.75e-15   220    11     0
1695.39  4.70e-15  4.74e-15   220    11     0
1697.07  9.54e-15  4.78e-15   220    24     0
1698.74  1.37e-14  4.83e-15   220    34     0
1700.42  1.57e-14  4.81e-15   220    39     0
1702.10  8.84e-15  4.66e-15   220    22     0
1703.77  1.11e-14  4.64e-15   220    28     0
1705.45  1.47e-18  4.43e-15   220     0     0
1707.12  4.90e-15  4.45e-15   220    12     0
1708.80  4.70e-16  4.35e-15   220     1     0
1710.48 -1.11e-15  4.31e-15   220    -2     0
1712.15 -3.13e-15  4.28e-15   219    -8     0
1713.83 -2.94e-15  4.24e-15   219    -7     0
1715.51 -4.53e-15  4.19e-15   219   -12     0
1717.18  1.72e-15  4.17e-15   219     4     0
1718.86  9.16e-15  4.29e-15   219    24     0
1720.54  6.48e-15  4.18e-15   219    17     0
1722.21  1.38e-15  4.04e-15   219     3     0
1723.89 -3.37e-16  3.99e-15   219     0     0
1725.56  5.81e-15  4.09e-15   219    15     0
1727.24 -2.50e-15  3.97e-15   219    -6     0
1728.92 -1.37e-15  3.93e-15   219    -3     0
1730.59 -1.36e-15  3.89e-15   219    -3     0
1732.27  3.65e-15  3.92e-15   219    10     0
1733.95 -2.72e-15  3.82e-15   219    -7     0
1735.62  3.78e-15  3.83e-15   219    10     0
1737.30  6.16e-15  3.86e-15   219    17     0
1738.97  7.44e-15  3.86e-15   219    21     0
1740.65  8.88e-15  3.82e-15   219    25     0
1742.33  7.46e-15  3.76e-15   219    21     0
1744.00  2.47e-15  3.63e-15   219     7     0
1745.68  1.06e-15  3.57e-15   219     3     0
1747.36  6.85e-15  3.66e-15   219    20     0
1749.03  8.77e-15  4.10e-15   220    26     0
1750.71  1.66e-14  5.50e-15   220    50     0
1752.39  1.82e-14  7.50e-15   220    55     0
1754.06  8.65e-15  3.56e-15   220    26     0
1755.74  1.44e-15  3.40e-15   220     4     0
1757.41  2.14e-15  3.39e-15   220     6     0
1759.09  4.54e-15  3.43e-15   220    14     0
1760.77  8.81e-16  3.32e-15   220     2     0
1762.44  3.83e-15  3.45e-15   220    11     0
1764.12  5.40e-15  3.35e-15   220    16     0
1765.80  3.98e-15  3.30e-15   220    12     0
1767.47  3.41e-15  3.26e-15   220    10     0
1769.15  6.88e-15  3.31e-15   220    21     0
1770.83  6.51e-15  3.27e-15   220    20     0
1772.50  2.50e-15  3.16e-15   220     8     0
1774.18 -2.27e-15  3.10e-15   221    -7     0
1775.85 -6.56e-16  3.09e-15   221    -2     0
1777.53  5.26e-15  3.27e-15   221    17     0
1779.21  5.02e-15  3.13e-15   221    16     0
1780.88  1.92e-16  3.02e-15   221     0     0
1782.56 -1.92e-15  3.00e-15   221    -6     0
1784.24  1.04e-14  3.16e-15   221    34     0
1785.91  6.86e-15  3.07e-15   221    22     0
1787.59  3.52e-15  2.99e-15   222    11     0
1789.26 -1.32e-16  2.97e-15   222     0     0
1790.94  4.02e-15  3.17e-15   222    13     0
1792.62  3.03e-15  3.50e-15   222    10     0
1794.29 -2.57e-15  3.33e-15   222    -8     0
1795.97 -2.73e-15  3.21e-15   222    -9     0
1797.65 -7.86e-16  3.03e-15   222    -2     0
1799.32 -6.96e-15  2.81e-15   223   -23     0
1801.00 -3.03e-15  2.79e-15   223   -10     0
1802.68  1.58e-15  2.78e-15   223     5     0
1804.35  1.18e-15  2.77e-15   223     4     0
1806.03  6.39e-15  3.16e-15   223    21     0
1807.70  2.99e-15  2.83e-15   223    10     0
1809.38  4.96e-15  2.82e-15   224    17     0
1811.06  6.81e-15  2.83e-15   224    23     0
1812.73  5.35e-15  2.79e-15   224    18     0
1814.41  9.43e-15  2.86e-15   224    32     0
1816.09  1.37e-14  3.73e-15   224    47     0
1817.76  2.34e-14  4.88e-15   225    80     0
1819.44  1.60e-14  3.95e-15   225    55     0
1821.12  9.08e-15  2.81e-15   225    31     0
1822.79  1.32e-15  2.64e-15   225     4     0
1824.47 -1.54e-15  2.63e-15   226    -5     0
1826.14 -1.83e-15  2.62e-15   226    -6     0
1827.82 -7.30e-16  2.61e-15   226    -2     0
1829.50 -2.63e-15  2.60e-15   226    -9     0
1831.17 -3.48e-15  2.56e-15   226   -12     0
1832.85 -2.48e-15  2.55e-15   227    -8     0
1834.53  3.98e-15  2.61e-15   227    13     0
1836.20 -2.09e-16  2.54e-15   227     0     0
1837.88 -3.64e-15  2.53e-15   227   -12     0
1839.55 -4.09e-15  2.52e-15   228   -14     0
1841.23  2.25e-15  2.54e-15   228     7     0
1842.91  2.46e-15  2.54e-15   228     8     0
1844.58  4.31e-15  2.58e-15   228    15     0
1846.26  4.76e-15  2.57e-15   229    16     0
1847.94  8.28e-15  2.63e-15   229    29     0
1849.61  3.57e-15  2.53e-15   229    12     0
1851.29  3.89e-15  2.55e-15   230    13     0
1852.97  3.19e-15  2.52e-15   230    11     0
1854.64 -4.83e-15  2.46e-15   230   -16     0
1856.32 -2.96e-15  2.45e-15   230   -10     0
1857.99 -2.76e-15  2.44e-15   231    -9     0
1859.67  1.87e-15  3.26e-15   231     6     0
1861.35  7.10e-15  5.71e-15   231    24     0
1863.02  8.45e-15  6.99e-15   232    29     0
1864.70 -6.20e-16  3.70e-15   232    -2     0
1866.38 -5.23e-16  2.42e-15   232    -1     0
1868.05  1.55e-15  2.45e-15   233     5     0
1869.73 -1.73e-15  2.41e-15   233    -5     0
1871.41 -5.15e-16  2.41e-15   233    -1     0
1873.08 -2.77e-15  2.40e-15   233    -9     0
1874.76 -7.49e-16  2.40e-15   234    -2     0
1876.43  1.67e-15  2.41e-15   234     5     0
1878.11 -1.47e-15  2.39e-15   234    -5     0
1879.79 -2.65e-15  2.39e-15   235    -8     0
1881.46 -2.58e-15  2.38e-15   235    -8     0
1883.14 -3.41e-15  2.37e-15   235   -11     0
1884.82 -1.89e-15  2.37e-15   236    -6     0
1886.49 -1.87e-16  2.57e-15   236     0     0
1888.17 -1.23e-15  2.38e-15   236    -4     0
1889.85 -3.98e-15  2.36e-15   237   -13     0
1891.52 -1.42e-15  2.35e-15   237    -4     0
1893.20 -2.64e-15  2.35e-15   237    -8     0
1894.87 -8.01e-15  2.34e-15   238   -26     0
1896.55 -6.11e-15  2.34e-15   238   -20     0
1898.23 -1.99e-15  2.34e-15   238    -6     0
1899.90  4.50e-16  2.33e-15   239     1     0
1901.58  4.66e-15  2.42e-15   239    15     0
1903.26  9.37e-15  2.52e-15   239    30     0
1904.93  6.39e-15  2.44e-15   240    21     0
1906.61  2.73e-15  2.33e-15   240     9     0
1908.28 -1.76e-15  2.30e-15   241    -5     0
1909.96 -7.80e-16  2.29e-15   241    -2     0
1911.64  1.57e-15  2.31e-15   241     5     0
1913.31  2.52e-15  2.32e-15   242     8     0
1914.99  3.89e-15  2.35e-15   242    12     0
1916.67  1.48e-15  2.41e-15   242     4     0
1918.34 -2.87e-15  2.44e-15   243    -9     0
1920.02 -6.43e-15  2.49e-15   243   -20     0
1921.70 -5.32e-15  2.54e-15   243   -17     0
1923.37 -2.84e-15  2.61e-15   244    -9     0
1925.05 -3.46e-15  2.59e-15   244   -11     0
1926.72 -1.38e-15  2.50e-15   244    -4     0
1928.40  2.04e-15  2.45e-15   245     6     0
1930.08  1.23e-15  2.20e-15   245     4     0
1931.75  1.53e-15  2.19e-15   245     5     0
1933.43 -4.11e-16  2.16e-15   246    -1     0
1935.11 -4.81e-15  2.15e-15   246   -15     0
1936.78 -8.36e-15  2.14e-15   246   -27     0
1938.46 -3.08e-15  2.13e-15   247   -10     0
1940.14 -5.09e-15  2.11e-15   247   -16     0
1941.81 -1.30e-15  2.09e-15   248    -4     0
1943.49  1.52e-15  2.09e-15   248     5     0
1945.16  2.85e-15  2.10e-15   248     9     0
1946.84  2.56e-15  2.09e-15   249     8     0
1948.52  7.83e-16  2.03e-15   249     2     0
1950.19  1.27e-15  2.02e-15   249     4     0
1951.87 -7.92e-18  2.00e-15   249     0     0
1953.55 -1.78e-15  1.98e-15   250    -6     0
1955.22  4.01e-16  1.96e-15   250     1     0
1956.90 -5.11e-16  1.94e-15   250    -1     0
1958.57  2.33e-15  1.97e-15   251     7     0
1960.25  9.36e-16  1.93e-15   251     3     0
1961.93 -5.15e-16  1.90e-15   251    -1     0
1963.60 -5.21e-16  1.89e-15   252    -1     0
1965.28  2.38e-15  1.92e-15   252     8     0
1966.96  3.70e-15  1.94e-15   252    12     0
1968.63  2.11e-15  1.89e-15   253     7     0
1970.31 -1.19e-15  1.86e-15   253    -4     0
1971.99  2.08e-15  1.89e-15   253     7     0
1973.66  2.91e-15  1.90e-15   253     9     0
1975.34 -1.62e-15  1.85e-15   254    -5     0
1977.01  2.74e-16  1.85e-15   254     0     0
1978.69  1.03e-16  2.13e-15   254     0     0
