NOT ORIGINAL IUE PROJECT DATA PRODUCT
SWP29223LOWLARGE
HD  197481
20:42:06
-31:31:05
48
NO-TRAIL
NO
2699.544
16/09/86
14:04:47
259
7.80
28/07/95
GSFC
2446690.08666
0
23
1150.58 -1.14e-13  5.99e-14    96   -27     0
1152.26  6.23e-14  5.84e-14    96    15     0
1153.93 -6.99e-14  5.27e-14    96   -19     0
1155.61 -2.10e-14  4.90e-14    96    -6     0
1157.29  4.63e-14  4.72e-14    96    14     0
1158.96  2.89e-14  4.26e-14    96     9     0
1160.64 -1.83e-14  3.89e-14    97    -6     0
1162.31 -2.30e-14  3.62e-14    97    -8     0
1163.99 -3.63e-15  3.36e-14    97    -1     0
1165.67 -1.40e-14  3.06e-14    97    -6     0
1167.34  5.30e-15  2.86e-14    97     2     0
1169.02  5.66e-14  2.87e-14    97    29     0
1170.70 -1.18e-14  2.46e-14    97    -6     0
1172.37 -6.23e-14  2.30e-14    97   -37     0
1174.05 -3.33e-15  2.35e-14    97    -2     0
1175.73  2.23e-14  2.24e-14    97    15     0
1177.40  1.30e-14  1.93e-14    97     9     0
1179.08 -6.76e-15  1.76e-14    97    -5     0
1180.75  2.32e-14  1.74e-14    97    19     0
1182.43 -4.46e-15  1.56e-14    97    -3     0
1184.11 -1.20e-14  1.47e-14    97   -10     0
1185.78 -5.91e-15  1.40e-14    97    -5     0
1187.46  4.15e-15  1.59e-14    97     4     0
1189.14 -4.28e-15  1.49e-14    97    -4     0
1190.81 -1.52e-14  1.30e-14    97   -16     0
1192.49  7.60e-15  1.96e-14    97     8     0
1194.17  3.56e-14  4.37e-14    98    42 -4096
1195.84 -6.42e-14  3.77e-14    98   -80 -4096
1197.52  7.32e-15  3.67e-14    98     9 -4224
1199.19  4.13e-14  1.90e-14    98    55 -4096
1200.87  4.20e-14  1.97e-14    98    58 -4096
1202.55  1.13e-14  9.52e-15    98    16     0
1204.22  2.24e-14  1.42e-14    98    33     0
1205.90  6.46e-14  1.32e-14    98    98     0
1207.58  1.01e-13  3.11e-14    98   158     0
1209.25  2.22e-13  5.74e-14    98   356     0
1210.93  4.18e-13  5.67e-14    98   693     0
1212.60  8.24e-13  1.33e-13    99  1402     0
1214.28  1.46e-12  7.77e-14    99  2550  -288
1215.96  4.49e-12  2.43e-12    99  8043 -1280
1217.63  4.49e-12  2.05e-12    99  8227  -256
1219.31  8.14e-13  1.48e-13    99  1525     0
1220.99  3.42e-13  3.63e-14    99   654     0
1222.66  1.73e-13  2.92e-14    99   336     0
1224.34  3.67e-14  7.96e-15    99    73     0
1226.02  1.48e-14  6.90e-15   100    30     0
1227.69  9.98e-15  6.34e-15   100    20     0
1229.37  1.27e-14  6.35e-15   100    26     0
1231.04  6.44e-16  5.66e-15   100     1     0
1232.72  6.77e-15  5.83e-15   100    14     0
1234.40  8.82e-15  5.84e-15   100    19     0
1236.07 -1.79e-15  5.34e-15   100    -4     0
1237.75  1.17e-14  5.78e-15   100    26     0
1239.43  1.85e-14  5.98e-15   101    42     0
1241.10  1.02e-14  5.60e-15   101    23     0
1242.78  7.40e-15  6.29e-15   101    17     0
1244.46 -8.20e-15  4.99e-15   101   -19     0
1246.13  3.39e-15  5.07e-15   101     8     0
1247.81  6.67e-15  5.17e-15   101    16     0
1249.48  1.17e-14  5.30e-15   101    28     0
1251.16  2.23e-15  4.77e-15   102     5     0
1252.84  2.83e-15  4.78e-15   102     7     0
1254.51  5.13e-15  4.82e-15   102    12     0
1256.19  1.27e-15  4.64e-15   102     3     0
1257.87  7.87e-15  4.91e-15   102    19     0
1259.54  5.10e-15  4.69e-15   102    13     0
1261.22  1.09e-14  4.90e-15   103    28     0
1262.89  1.48e-15  4.79e-15   103     3     0
1264.57  3.31e-15  5.19e-15   103     8     0
1266.25  9.61e-15  4.69e-15   103    25     0
1267.92  2.68e-15  4.53e-15   103     7     0
1269.60  4.26e-15  4.41e-15   103    11     0
1271.28  3.30e-16  4.21e-15   104     0     0
1272.95  1.05e-15  4.20e-15   104     2     0
1274.63 -2.14e-15  4.23e-15   104    -5     0
1276.31  5.82e-15  4.37e-15   104    15     0
1277.98 -4.62e-15  4.11e-15   104   -12     0
1279.66  5.47e-16  4.09e-15   104     1     0
1281.33  1.67e-14  4.84e-15   105    45     0
1283.01  2.94e-15  4.14e-15   105     8     0
1284.69  2.63e-15  4.10e-15   105     7     0
1286.36 -2.62e-15  5.82e-15   105    -7     0
1288.04 -2.26e-15  4.19e-15   105    -6     0
1289.72 -5.23e-17  3.93e-15   105     0     0
1291.39  1.17e-14  4.46e-15   106    32     0
1293.07  5.83e-15  4.18e-15   106    16     0
1294.75 -5.08e-15  4.44e-15   106   -13     0
1296.42  5.09e-15  4.02e-15   106    14     0
1298.10  9.53e-16  3.85e-15   106     2     0
1299.77 -2.28e-15  3.83e-15   106    -6     0
1301.45  7.56e-16  3.87e-15   107     2     0
1303.13  9.76e-15  4.27e-15   107    26     0
1304.80  1.49e-14  5.03e-15   107    40     0
1306.48  2.03e-14  4.89e-15   107    55     0
1308.16  1.74e-14  5.83e-15   107    47     0
1309.83  6.00e-15  4.64e-15   107    16     0
1311.51  6.65e-15  4.47e-15   108    18     0
1313.19  8.15e-15  4.20e-15   108    22     0
1314.86 -3.08e-15  3.76e-15   108    -8     0
1316.54  2.44e-15  3.87e-15   108     6     0
1318.21  1.03e-14  4.20e-15   108    28     0
1319.89  1.93e-15  4.50e-15   109     5     0
1321.57  1.36e-14  4.68e-15   109    36     0
1323.24 -1.49e-15  3.80e-15   109    -3     0
1324.92 -4.09e-15  5.14e-15   109   -10     0
1326.60  3.15e-15  3.91e-15   109     8     0
1328.27  5.80e-15  4.03e-15   109    15     0
1329.95 -2.59e-15  4.59e-15   110    -6     0
1331.62 -2.00e-15  3.76e-15   110    -5     0
1333.30  1.38e-14  4.41e-15   110    36     0
1334.98  1.94e-14  6.25e-15   110    51     0
1336.65  3.68e-14  5.60e-15   110    97     0
1338.33  2.47e-14  4.94e-15   110    65     0
1340.01  9.95e-15  4.27e-15   111    25     0
1341.68  5.95e-15  5.58e-15   111    15     0
1343.36 -2.59e-15  3.79e-15   111    -6     0
1345.04 -3.89e-15  3.78e-15   111   -10     0
1346.71 -2.92e-16  3.79e-15   111     0     0
1348.39  2.41e-16  3.79e-15   111     0     0
1350.06 -6.22e-15  4.00e-15   112   -15     0
1351.74 -9.44e-16  5.92e-15   112    -2     0
1353.42  5.97e-15  4.10e-15   112    15     0
1355.09  5.71e-15  4.14e-15   112    14     0
1356.77 -4.07e-15  5.81e-15   112   -10     0
1358.45  4.55e-15  4.02e-15   112    11     0
1360.12 -1.48e-15  3.85e-15   113    -3     0
1361.80  2.19e-15  3.98e-15   113     5     0
1363.48  3.74e-15  4.05e-15   113     9     0
1365.15  4.40e-15  4.08e-15   113    10     0
1366.83  3.44e-15  4.04e-15   113     8     0
1368.50  7.82e-15  4.26e-15   113    18     0
1370.18  4.90e-15  4.08e-15   114    11     0
1371.86  9.80e-15  4.37e-15   114    23     0
1373.53  4.68e-15  4.20e-15   114    11     0
1375.21 -2.46e-15  3.93e-15   114    -5     0
1376.89  2.21e-15  4.04e-15   114     5     0
1378.56 -2.86e-15  3.96e-15   114    -6     0
1380.24  4.40e-15  4.15e-15   114    10     0
1381.91 -2.05e-15  6.85e-15   115    -4     0
1383.59  1.82e-15  4.64e-15   115     4     0
1385.27 -9.31e-15  4.67e-15   115   -21     0
1386.94 -2.52e-15  4.01e-15   115    -5     0
1388.62 -1.12e-14  4.90e-15   115   -24     0
1390.30  6.60e-15  4.36e-15   115    14     0
1391.97  6.50e-15  4.37e-15   115    14     0
1393.65  1.07e-15  6.70e-15   116     2     0
1395.33  3.07e-15  4.23e-15   116     6     0
1397.00  2.12e-15  4.20e-15   116     4     0
1398.68  1.13e-15  4.16e-15   116     2     0
1400.35  4.07e-15  5.33e-15   116     8     0
1402.03  5.40e-15  6.89e-15   116    11     0
1403.71 -4.53e-15  4.29e-15   116    -9     0
1405.38  5.60e-15  4.55e-15   116    11     0
1407.06  7.84e-15  5.22e-15   117    16     0
1408.74  6.45e-15  5.55e-15   117    13     0
1410.41  4.06e-15  5.49e-15   117     8     0
1412.09  3.83e-15  4.65e-15   117     7     0
1413.77  7.95e-15  4.71e-15   117    15     0
1415.44  8.96e-15  4.73e-15   117    17     0
1417.12 -4.37e-15  4.31e-15   117    -8     0
1418.79  2.55e-15  4.52e-15   117     5     0
1420.47  1.19e-15  4.46e-15   117     2     0
1422.15  1.43e-15  4.45e-15   118     2     0
1423.82  3.51e-15  4.59e-15   118     6     0
1425.50  2.60e-15  4.53e-15   118     4     0
1427.18  3.06e-16  7.18e-15   118     0     0
1428.85 -1.91e-17  4.49e-15   118     0     0
1430.53 -4.42e-15  4.48e-15   118    -8     0
1432.20  5.99e-15  4.74e-15   118    11     0
1433.88  4.53e-15  4.75e-15   118     8     0
1435.56 -7.16e-15  5.04e-15   118   -12     0
1437.23 -6.72e-15  4.57e-15   118   -12     0
1438.91 -2.53e-15  4.84e-15   118    -4     0
1440.59 -7.03e-15  4.66e-15   119   -12     0
1442.26 -9.40e-16  4.57e-15   119    -1     0
1443.94 -4.07e-15  4.58e-15   119    -7     0
1445.62 -8.51e-15  4.60e-15   119   -15     0
1447.29  7.79e-15  5.02e-15   119    13     0
1448.97  8.19e-15  5.05e-15   119    14     0
1450.64 -4.72e-16  4.60e-15   119     0     0
1452.32 -2.38e-16  4.60e-15   119     0     0
1454.00  7.42e-15  4.97e-15   119    12     0
1455.67  3.95e-15  4.79e-15   119     6     0
1457.35  6.72e-15  5.02e-15   119    11     0
1459.03  3.69e-15  4.79e-15   119     6     0
1460.70 -7.06e-15  4.58e-15   119   -12     0
1462.38 -5.01e-15  4.58e-15   119    -8     0
1464.06  4.60e-15  4.77e-15   119     7     0
1465.73  7.78e-15  5.00e-15   120    13     0
1467.41  6.09e-15  4.92e-15   120    10     0
1469.08 -2.08e-15  4.61e-15   120    -3     0
1470.76 -7.98e-15  4.63e-15   120   -13     0
1472.44  6.91e-15  5.41e-15   120    11     0
1474.11  5.21e-16  4.63e-15   120     0     0
1475.79 -5.37e-15  4.62e-15   120    -8     0
1477.47 -1.73e-15  5.65e-15   120    -2     0
1479.14  1.10e-14  5.16e-15   120    18     0
1480.82  2.87e-15  4.73e-15   120     4     0
1482.50 -8.51e-16  4.61e-15   120    -1     0
1484.17  1.32e-14  5.21e-15   120    21     0
1485.85 -2.81e-15  4.58e-15   120    -4     0
1487.52 -2.82e-15  4.58e-15   120    -4     0
1489.20  1.59e-15  4.72e-15   120     2     0
1490.88  2.03e-15  4.70e-15   120     3     0
1492.55 -2.98e-15  4.63e-15   120    -4     0
1494.23 -2.19e-15  4.60e-15   120    -3     0
1495.91  2.06e-15  4.61e-15   120     3     0
1497.58  3.63e-15  4.77e-15   120     5     0
1499.26  3.70e-15  4.75e-15   120     5     0
1500.93  8.57e-15  5.00e-15   120    13     0
1502.61  1.27e-14  5.23e-15   120    20     0
1504.29  7.99e-15  4.98e-15   120    12     0
1505.96 -1.23e-15  4.59e-15   120    -1     0
1507.64 -4.96e-15  4.60e-15   120    -7     0
1509.32 -1.63e-15  4.60e-15   120    -2     0
1510.99  5.75e-15  4.90e-15   120     8     0
1512.67  3.13e-15  5.61e-15   120     4     0
1514.35  1.44e-14  5.39e-15   120    22     0
1516.02  4.08e-15  4.83e-15   120     6     0
1517.70  8.17e-15  6.12e-15   120    12     0
1519.37  7.37e-15  5.05e-15   120    11     0
1521.05  1.12e-14  5.26e-15   120    16     0
1522.73  1.52e-14  5.39e-15   120    22     0
1524.40  1.81e-15  4.77e-15   120     2     0
1526.08  6.10e-15  4.98e-15   120     9     0
1527.76 -5.35e-15  5.19e-15   120    -8     0
1529.43  2.65e-15  4.78e-15   120     3     0
1531.11  6.30e-15  5.19e-15   120     9     0
1532.79  8.63e-15  5.10e-15   120    12     0
1534.46  5.23e-15  4.88e-15   120     7     0
1536.14  1.03e-14  5.14e-15   120    15     0
1537.81  2.48e-14  5.85e-15   120    37     0
1539.49  3.96e-15  4.80e-15   120     5     0
1541.17 -4.37e-15  4.88e-15   120    -6     0
1542.84 -2.29e-15  4.56e-15   120    -3     0
1544.52  1.06e-14  5.11e-15   120    15     0
1546.20  3.47e-14  6.15e-15   120    51     0
1547.87  6.10e-14  7.31e-15   120    91     0
1549.55  5.60e-14  8.17e-15   119    83     0
1551.22  5.84e-14  1.17e-14   119    87     0
1552.90  3.18e-14  8.19e-15   119    47     0
1554.58  2.06e-14  5.53e-15   119    30     0
1556.25 -1.73e-15  4.44e-15   119    -2     0
1557.93  8.17e-15  5.10e-15   119    12     0
1559.61  1.30e-14  5.63e-15   119    19     0
1561.28  1.68e-14  6.31e-15   119    25     0
1562.96  1.28e-14  5.00e-15   119    19     0
1564.64  3.23e-15  4.53e-15   119     4     0
1566.31  4.55e-16  4.32e-15   119     0     0
1567.99 -2.10e-15  4.29e-15   119    -3     0
1569.66  1.12e-14  4.83e-15   119    17     0
1571.34  3.88e-15  4.50e-15   119     5     0
1573.02 -5.46e-15  4.27e-15   119    -8     0
1574.69 -2.91e-15  4.25e-15   119    -4     0
1576.37  1.01e-14  4.74e-15   119    15     0
1578.05  7.49e-15  6.02e-15   118    11     0
1579.72 -2.49e-15  4.21e-15   118    -3     0
1581.40 -3.68e-15  4.67e-15   118    -5     0
1583.08  1.40e-15  4.22e-15   118     2     0
1584.75 -6.67e-15  4.20e-15   118   -10     0
1586.43 -5.25e-15  4.11e-15   118    -8     0
1588.10  1.57e-15  4.17e-15   118     2     0
1589.78  9.56e-16  4.09e-15   118     1     0
1591.46  3.76e-15  4.42e-15   118     5     0
1593.13  1.07e-14  4.63e-15   118    16     0
1594.81  1.16e-14  4.64e-15   118    17     0
1596.49  1.14e-14  4.59e-15   118    17     0
1598.16  8.53e-15  4.39e-15   118    13     0
1599.84  1.37e-15  4.03e-15   117     2     0
1601.52 -8.63e-16  3.94e-15   117    -1     0
1603.19  4.77e-15  4.26e-15   117     7     0
1604.87 -5.11e-15  3.90e-15   117    -7     0
1606.54  3.80e-15  4.09e-15   117     5     0
1608.22  1.17e-14  4.46e-15   117    18     0
1609.90 -3.04e-15  3.85e-15   117    -4     0
1611.57  7.16e-15  4.23e-15   117    11     0
1613.25  8.74e-16  3.85e-15   117     1     0
1614.93 -1.79e-15  3.79e-15   117    -2     0
1616.60  1.16e-15  3.82e-15   117     1     0
1618.28 -2.54e-15  3.75e-15   116    -3     0
1619.95 -8.08e-15  3.73e-15   116   -12     0
1621.63  4.72e-15  3.92e-15   116     7     0
1623.31 -2.38e-15  4.82e-15   116    -3     0
1624.98  6.05e-16  3.65e-15   116     0     0
1626.66 -3.89e-15  3.67e-15   116    -6     0
1628.34 -6.35e-15  4.54e-15   116   -10     0
1630.01  2.86e-15  3.74e-15   116     4     0
1631.69 -1.74e-15  3.60e-15   116    -2     0
1633.37  1.63e-15  3.63e-15   116     2     0
1635.04  3.67e-15  3.74e-15   116     5     0
1636.72  9.50e-15  4.00e-15   115    15     0
1638.39  1.98e-14  4.48e-15   115    32     0
1640.07  3.70e-14  5.25e-15   115    60     0
1641.75  4.93e-14  6.53e-15   115    80     0
1643.42  4.66e-14  5.75e-15   115    76     0
1645.10  1.90e-14  5.28e-15   115    31     0
1646.78 -3.93e-17  3.38e-15   115     0     0
1648.45  2.13e-15  3.47e-15   115     3     0
1650.13  3.66e-16  3.36e-15   115     0     0
1651.81 -8.29e-16  3.32e-15   115    -1     0
1653.48 -8.00e-16  3.30e-15   114    -1     0
1655.16  5.97e-15  3.59e-15   114    10     0
1656.83  1.27e-14  3.91e-15   114    21     0
1658.51  1.51e-14  4.00e-15   114    25     0
1660.19  1.40e-14  3.96e-15   114    23     0
1661.86  5.82e-15  3.42e-15   114    10     0
1663.54  7.83e-15  3.59e-15   114    13     0
1665.22  1.20e-14  3.73e-15   114    20     0
1666.89  9.50e-15  3.63e-15   114    16     0
1668.57  4.53e-15  3.32e-15   114     7     0
1670.24  5.15e-15  3.28e-15   114     9     0
1671.92  4.77e-15  3.27e-15   113     8     0
1673.60  6.80e-15  3.36e-15   113    12     0
1675.27  5.58e-15  3.27e-15   113     9     0
1676.95  5.58e-15  3.25e-15   113     9     0
1678.63  3.52e-15  3.11e-15   113     6     0
1680.30 -1.21e-15  2.90e-15   113    -2     0
1681.98 -2.87e-15  2.88e-15   113    -5     0
1683.66  3.77e-15  3.07e-15   113     6     0
1685.33  7.89e-15  4.24e-15   113    14     0
1687.01  7.35e-15  3.22e-15   113    13     0
1688.68  6.23e-15  3.12e-15   113    11     0
1690.36 -4.88e-15  2.76e-15   113    -9     0
1692.04 -2.98e-15  2.74e-15   112    -5     0
1693.71  1.79e-15  3.13e-15   112     3     0
1695.39  5.29e-15  2.97e-15   112     9     0
1697.07  1.34e-15  2.79e-15   112     2     0
1698.74  3.04e-15  2.82e-15   112     5     0
1700.42 -1.72e-15  2.62e-15   112    -3     0
1702.10 -1.90e-15  2.59e-15   112    -3     0
1703.77  1.39e-15  2.80e-15   112     2     0
1705.45  4.16e-15  2.77e-15   112     8     0
1707.12  6.39e-15  2.88e-15   112    12     0
1708.80  2.54e-15  2.63e-15   112     4     0
1710.48  6.29e-15  2.83e-15   112    12     0
1712.15 -2.33e-15  2.46e-15   112    -4     0
1713.83  1.14e-15  3.05e-15   112     2     0
1715.51  6.58e-15  2.78e-15   111    13     0
1717.18  4.43e-15  2.62e-15   111     8     0
1718.86 -2.08e-15  2.37e-15   111    -4     0
1720.54  3.53e-15  2.53e-15   111     7     0
1722.21  1.10e-15  2.37e-15   111     2     0
1723.89 -6.11e-16  2.29e-15   111    -1     0
1725.56  1.35e-16  2.30e-15   111     0     0
1727.24 -1.74e-15  2.28e-15   111    -3     0
1728.92 -2.75e-15  2.26e-15   111    -5     0
1730.59 -1.75e-15  2.23e-15   111    -3     0
1732.27  4.66e-15  2.46e-15   111     9     0
1733.95  5.73e-15  2.50e-15   111    12     0
1735.62  7.86e-15  2.59e-15   111    16     0
1737.30  8.02e-15  2.66e-15   111    17     0
1738.97  3.25e-15  2.30e-15   111     7     0
1740.65  3.86e-15  2.29e-15   111     8     0
1742.33  6.27e-15  2.39e-15   111    13     0
1744.00  1.18e-15  2.18e-15   111     2     0
1745.68  4.36e-15  2.30e-15   111     9     0
1747.36  3.10e-15  2.20e-15   111     6     0
1749.03  5.33e-15  2.31e-15   111    12     0
1750.71  5.72e-15  2.26e-15   111    13     0
1752.39  3.44e-15  2.14e-15   111     7     0
1754.06  2.35e-15  2.07e-15   111     5     0
1755.74  1.15e-15  1.99e-15   111     2     0
1757.41  3.75e-16  1.94e-15   111     0     0
1759.09  1.05e-15  1.95e-15   111     2     0
1760.77  1.03e-15  1.93e-15   111     2     0
1762.44  1.35e-15  1.94e-15   111     3     0
1764.12  4.93e-15  2.13e-15   111    11     0
1765.80  6.12e-15  2.18e-15   111    14     0
1767.47  3.01e-15  1.99e-15   111     7     0
1769.15  2.45e-15  2.06e-15   111     5     0
1770.83  1.03e-15  1.85e-15   111     2     0
1772.50  6.87e-16  1.82e-15   111     1     0
1774.18  1.66e-15  2.23e-15   111     4     0
1775.85  3.22e-15  1.93e-15   111     7     0
1777.53  2.64e-15  1.89e-15   111     6     0
1779.21  2.98e-15  1.89e-15   111     7     0
1780.88  3.11e-16  1.72e-15   111     0     0
1782.56  2.03e-15  1.85e-15   111     5     0
1784.24  3.58e-15  1.88e-15   111     8     0
1785.91  3.21e-15  1.85e-15   111     8     0
1787.59  3.01e-15  1.81e-15   111     7     0
1789.26 -9.42e-16  1.65e-15   111    -2     0
1790.94 -3.02e-15  1.65e-15   111    -7     0
1792.62 -1.48e-15  2.78e-15   111    -3 -4096
1794.29  1.84e-15  2.91e-15   111     4 -4096
1795.97 -7.61e-17  1.78e-15   111     0     0
1797.65  2.72e-15  1.77e-15   111     6     0
1799.32  5.39e-15  1.88e-15   111    13     0
1801.00  2.77e-15  1.74e-15   111     7     0
1802.68  4.15e-15  1.80e-15   111    10     0
1804.35  2.01e-15  1.68e-15   111     5     0
1806.03  2.27e-15  1.68e-15   111     5     0
1807.70  5.98e-15  1.94e-15   112    15     0
1809.38  1.00e-14  2.05e-15   112    25     0
1811.06  7.17e-15  1.87e-15   112    18     0
1812.73  4.94e-15  1.76e-15   112    12     0
1814.41  8.57e-15  1.99e-15   112    22     0
1816.09  1.73e-14  2.38e-15   112    45     0
1817.76  1.78e-14  2.37e-15   112    46     0
1819.44  1.58e-14  2.30e-15   112    41     0
1821.12  1.29e-14  2.17e-15   112    33     0
1822.79  7.21e-15  1.87e-15   112    18     0
1824.47  4.49e-15  1.73e-15   112    11     0
1826.14  3.51e-15  2.53e-15   113     9     0
1827.82  4.65e-15  1.80e-15   113    12     0
1829.50  3.89e-15  1.67e-15   113    10     0
1831.17  4.14e-15  1.67e-15   113    10     0
1832.85  3.22e-15  1.61e-15   113     8     0
1834.53  2.32e-15  1.56e-15   113     6     0
1836.20  6.38e-16  1.45e-15   113     1     0
1837.88 -3.87e-17  1.42e-15   113     0     0
1839.55  3.11e-15  1.58e-15   113     8     0
1841.23  3.37e-15  1.60e-15   114     8     0
1842.91  1.88e-15  1.51e-15   114     4     0
1844.58  6.94e-16  1.44e-15   114     1     0
1846.26  2.75e-15  1.54e-15   114     7     0
1847.94  9.12e-16  1.43e-15   114     2     0
1849.61  5.15e-16  1.40e-15   114     1     0
1851.29 -3.93e-16  1.42e-15   114    -1     0
1852.97  4.56e-15  1.61e-15   115    11     0
1854.64  4.34e-15  1.60e-15   115    11     0
1856.32  6.07e-15  1.70e-15   115    15     0
1857.99  6.05e-15  1.68e-15   115    15     0
1859.67  6.91e-15  1.86e-15   115    18     0
1861.35  3.69e-15  1.68e-15   115     9     0
1863.02  1.58e-15  1.43e-15   116     4     0
1864.70  2.83e-15  1.50e-15   116     7     0
1866.38  1.48e-15  1.43e-15   116     3     0
1868.05  1.79e-15  1.44e-15   116     4     0
1869.73 -1.18e-16  1.34e-15   116     0     0
1871.41 -1.81e-15  1.34e-15   116    -4     0
1873.08 -2.48e-15  1.34e-15   117    -6     0
1874.76 -4.00e-16  1.34e-15   117    -1     0
1876.43  2.04e-15  1.49e-15   117     5     0
1878.11  1.48e-15  1.46e-15   117     3     0
1879.79  3.98e-16  1.35e-15   117     1     0
1881.46  1.33e-16  1.33e-15   117     0     0
1883.14  3.13e-15  1.49e-15   118     7     0
1884.82  1.18e-15  1.38e-15   118     3     0
1886.49 -4.34e-17  1.32e-15   118     0     0
1888.17  3.99e-16  1.32e-15   118     1     0
1889.85  8.66e-16  1.34e-15   118     2     0
1891.52  6.39e-16  1.32e-15   119     1     0
1893.20  9.40e-16  1.35e-15   119     2     0
1894.87  5.03e-16  1.32e-15   119     1     0
1896.55  1.18e-15  1.36e-15   119     2     0
1898.23  1.73e-15  1.39e-15   119     4     0
1899.90  2.24e-15  1.42e-15   120     5     0
1901.58  3.18e-15  1.48e-15   120     7     0
1903.26  3.06e-15  1.47e-15   120     7     0
1904.93  1.72e-15  1.38e-15   120     4     0
1906.61 -1.30e-15  1.27e-15   120    -3     0
1908.28 -3.01e-15  1.27e-15   121    -7     0
1909.96 -3.08e-15  1.54e-15   121    -7     0
1911.64 -3.33e-15  1.26e-15   121    -8     0
1913.31 -2.14e-15  1.26e-15   121    -5     0
1914.99 -1.42e-15  1.26e-15   122    -3     0
1916.67 -4.36e-17  1.26e-15   122     0     0
1918.34  9.76e-16  1.31e-15   122     2     0
1920.02  1.14e-15  1.30e-15   122     2     0
1921.70  2.38e-15  1.37e-15   122     5     0
1923.37  6.89e-16  1.27e-15   123     1     0
1925.05  1.56e-15  1.30e-15   123     3     0
1926.72 -6.05e-16  1.23e-15   123    -1     0
1928.40  1.79e-15  1.31e-15   123     4     0
1930.08  1.85e-15  1.31e-15   123     4     0
1931.75  4.56e-15  1.48e-15   124    11     0
1933.43  5.21e-15  1.49e-15   124    12     0
1935.11  3.36e-15  1.38e-15   124     8     0
1936.78  3.59e-15  1.39e-15   124     8     0
1938.46  1.77e-15  1.34e-15   125     4     0
1940.14 -1.03e-15  1.16e-15   125    -2     0
1941.81 -1.74e-15  1.15e-15   125    -4     0
1943.49 -4.30e-16  1.14e-15   125    -1     0
1945.16  1.69e-15  1.22e-15   125     4     0
1946.84  2.85e-15  1.27e-15   126     7     0
1948.52  1.37e-15  1.19e-15   126     3     0
1950.19  2.46e-15  1.25e-15   126     6     0
1951.87  1.95e-15  1.21e-15   126     4     0
1953.55  1.23e-15  1.15e-15   126     3     0
1955.22  8.22e-16  1.68e-15   127     2     0
1956.90  1.64e-15  1.22e-15   127     4     0
1958.57  3.62e-15  1.51e-15   127     9     0
1960.25  4.84e-15  1.68e-15   127    12     0
1961.93  3.96e-15  1.27e-15   127    10     0
1963.60  1.64e-15  1.19e-15   128     4     0
1965.28  2.20e-15  1.15e-15   128     5     0
1966.96  1.96e-15  1.13e-15   128     5     0
1968.63  2.06e-15  1.13e-15   128     5     0
1970.31  1.09e-15  1.07e-15   128     2     0
1971.99  2.20e-15  1.14e-15   128     5     0
1973.66  1.73e-15  1.11e-15   129     4     0
1975.34 -6.42e-16  1.01e-15   129    -1     0
1977.01 -3.31e-16  1.01e-15   129     0     0
1978.69  2.00e-16  1.01e-15   129     0     0
