NOT ORIGINAL IUE PROJECT DATA PRODUCT
SWP29254LOWLARGE
HD  197481
20:42:06
-31:31:05
48
NO-TRAIL
ALONG-APER
03599.844
19/09/86
18:50:21
262
09.17
23/04/94
VILSPA
2446693.28497
0
24
1150.58 -1.02e-14  1.00e-13   179    -3     0
1152.26 -9.73e-16  9.40e-14   179     0     0
1153.93  7.23e-14  8.89e-14   179    26     0
1155.61  9.58e-14  8.31e-14   180    37     0
1157.29 -3.86e-14  7.59e-14   180   -16     0
1158.96  6.78e-14  7.09e-14   180    30     0
1160.64 -6.40e-14  6.51e-14   181   -30     0
1162.31  5.50e-14  6.13e-14   181    28     0
1163.99  3.08e-14  5.67e-14   181    17     0
1165.67 -3.85e-14  5.12e-14   181   -23     0
1167.34  3.78e-14  4.81e-14   182    24     0
1169.02  7.12e-14  4.53e-14   182    49     0
1170.70  5.40e-14  4.20e-14   182    40     0
1172.37  2.70e-14  3.88e-14   183    21     0
1174.05  2.28e-14  3.62e-14   183    19     0
1175.73  1.22e-14  6.37e-14   183    11     0
1177.40  4.21e-14  3.20e-14   183    40     0
1179.08 -1.73e-15  2.95e-14   184    -1     0
1180.75  4.75e-14  2.83e-14   184    51     0
1182.43  8.30e-15  2.61e-14   184     9     0
1184.11  2.32e-14  2.49e-14   184    28     0
1185.78  6.36e-14  2.43e-14   185    80     0
1187.46  3.76e-14  2.27e-14   185    50     0
1189.14  4.11e-14  2.17e-14   185    57     0
1190.81  4.95e-15  2.04e-14   185     7     0
1192.49 -5.41e-15  1.95e-14   185    -8     0
1194.17  8.31e-15  2.02e-14   186    13     0
1195.84 -2.17e-15  1.98e-14   186    -3     0
1197.52  3.20e-15  1.86e-14   186     5     0
1199.19  1.49e-14  1.77e-14   186    26     0
1200.87  2.27e-15  1.65e-14   186     4     0
1202.55  2.64e-14  1.54e-14   187    50     0
1204.22  2.90e-14  1.51e-14   187    56     0
1205.90  6.88e-14  1.51e-14   187   138     0
1207.58  1.23e-13  2.56e-14   187   255     0
1209.25  2.74e-13  5.68e-14   187   583     0
1210.93  5.35e-13  1.08e-13   188  1177     0
1212.60  8.20e-13  1.50e-13   188  1849     0
1214.28  1.04e-12  2.00e-13   188  2416     0
1215.96  8.81e-13  1.63e-13   188  2089     0
1217.63  6.59e-13  1.16e-13   188  1600     0
1219.31  4.39e-13  8.10e-14   189  1090     0
1220.99  2.29e-13  4.17e-14   189   579     0
1222.66  8.16e-14  2.07e-14   189   210     0
1224.34  2.10e-14  1.07e-14   189    55     0
1226.02  4.36e-15  1.02e-14   189    11     0
1227.69 -1.15e-14  9.91e-15   189   -31     0
1229.37 -1.46e-14  9.71e-15   190   -40     0
1231.04 -4.15e-15  9.50e-15   190   -11     0
1232.72 -2.62e-16  9.33e-15   190     0     0
1234.40 -3.75e-15  9.17e-15   190   -10     0
1236.07  9.29e-15  9.06e-15   190    27     0
1237.75  1.16e-14  9.01e-15   190    35     0
1239.43  1.32e-15  8.69e-15   190     4     0
1241.10  3.70e-15  8.65e-15   191    11     0
1242.78 -5.64e-15  8.48e-15   191   -17     0
1244.46  8.43e-15  8.49e-15   191    26     0
1246.13  1.13e-15  8.27e-15   191     3     0
1247.81  6.57e-15  8.26e-15   191    21     0
1249.48  2.24e-15  8.09e-15   191     7     0
1251.16 -1.75e-15  7.91e-15   192    -5     0
1252.84  1.85e-14  8.12e-15   192    61     0
1254.51  6.87e-15  7.83e-15   192    22     0
1256.19  8.54e-15  7.80e-15   192    28     0
1257.87  6.78e-15  7.71e-15   192    22     0
1259.54 -2.02e-15  7.54e-15   192    -6     0
1261.22 -4.64e-15  7.43e-15   192   -15     0
1262.89  3.26e-16  7.36e-15   193     1     0
1264.57  1.57e-14  7.54e-15   193    54     0
1266.25  1.32e-14  7.42e-15   193    46     0
1267.92  4.53e-15  7.19e-15   193    15     0
1269.60  8.24e-16  7.09e-15   193     2     0
1271.28  1.57e-14  7.32e-15   193    55     0
1272.95  7.25e-15  7.10e-15   194    25     0
1274.63  7.49e-15  7.06e-15   194    26     0
1276.31  1.17e-14  7.11e-15   194    41     0
1277.98  8.87e-15  7.02e-15   194    31     0
1279.66  1.21e-14  7.03e-15   194    43     0
1281.33  9.19e-15  6.91e-15   194    33     0
1283.01  1.72e-14  7.15e-15   194    62     0
1284.69  2.97e-14  7.19e-15   195   107     0
1286.36  1.06e-14  1.14e-14   195    38     0
1288.04  3.50e-14  1.12e-14   195   127     0
1289.72  3.51e-14  8.47e-15   195   127     0
1291.39  4.80e-14  1.41e-14   195   174     0
1293.07  6.16e-14  2.35e-14   195   224     0
1294.75  4.20e-14  1.18e-14   195   153     0
1296.42  1.01e-14  6.61e-15   196    36     0
1298.10  2.93e-15  6.46e-15   196    10     0
1299.77  3.92e-15  6.45e-15   196    14     0
1301.45  1.28e-14  6.63e-15   196    46     0
1303.13  1.98e-14  6.70e-15   196    71     0
1304.80  2.93e-14  7.74e-15   196   106     0
1306.48  1.63e-14  7.11e-15   196    58     0
1308.16  4.95e-15  6.45e-15   197    17     0
1309.83  7.29e-15  6.50e-15   197    26     0
1311.51  7.34e-15  6.43e-15   197    26     0
1313.19 -1.19e-15  8.23e-15   197    -4     0
1314.86  8.58e-15  6.42e-15   197    31     0
1316.54 -9.45e-16  6.28e-15   197    -3     0
1318.21  4.62e-15  6.34e-15   197    16     0
1319.89  2.40e-15  6.27e-15   198     8     0
1321.57  8.13e-15  6.59e-15   198    28     0
1323.24  7.63e-15  6.73e-15   198    27     0
1324.92  1.45e-14  7.40e-15   198    51     0
1326.60  1.29e-14  7.20e-15   198    45     0
1328.27  7.18e-15  6.74e-15   198    25     0
1329.95  3.85e-15  6.37e-15   198    13     0
1331.62  1.91e-14  6.57e-15   199    67     0
1333.30  4.39e-14  1.63e-14   199   153     0
1334.98  7.09e-14  1.73e-14   199   247     0
1336.65  4.75e-14  1.26e-14   199   166     0
1338.33  2.04e-14  6.58e-15   199    71     0
1340.01  1.56e-15  6.31e-15   199     5     0
1341.68 -3.20e-15  6.31e-15   199   -10     0
1343.36  5.93e-15  6.40e-15   200    20     0
1345.04  1.36e-15  6.31e-15   200     4     0
1346.71 -6.06e-15  6.32e-15   200   -20     0
1348.39 -7.91e-15  6.33e-15   200   -26     0
1350.06 -4.28e-15  1.20e-14   200   -14     0
1351.74  4.93e-17  7.73e-15   200     0     0
1353.42  9.06e-15  6.48e-15   200    30     0
1355.09  5.32e-15  6.39e-15   201    17     0
1356.77 -4.45e-16  6.35e-15   201    -1     0
1358.45 -1.41e-15  6.36e-15   201    -4     0
1360.12  1.14e-15  6.42e-15   201     3     0
1361.80 -6.87e-18  6.43e-15   201     0     0
1363.48  6.87e-15  6.53e-15   201    22     0
1365.15  3.14e-15  6.51e-15   201    10     0
1366.83 -1.62e-15  6.48e-15   202    -5     0
1368.50  8.74e-15  6.61e-15   202    27     0
1370.18  4.63e-15  6.55e-15   202    14     0
1371.86  1.60e-15  6.50e-15   202     5     0
1373.53 -1.24e-15  6.52e-15   202    -3     0
1375.21 -2.43e-15  6.55e-15   202    -7     0
1376.89 -1.99e-15  6.56e-15   202    -6     0
1378.56  1.03e-14  6.74e-15   202    31     0
1380.24  7.28e-15  6.70e-15   203    22     0
1381.91 -4.01e-15  6.62e-15   203   -12     0
1383.59 -1.14e-14  6.91e-15   203   -34     0
1385.27 -2.76e-15  6.68e-15   203    -8     0
1386.94  1.37e-14  6.92e-15   203    40     0
1388.62 -1.29e-15  6.70e-15   203    -3     0
1390.30  2.49e-14  1.15e-14   203    72     0
1391.97  3.77e-14  1.14e-14   204   109     0
1393.65  3.32e-14  7.47e-15   204    95     0
1395.33  4.78e-15  6.87e-15   204    13     0
1397.00  1.02e-14  6.97e-15   204    29     0
1398.68  7.50e-15  6.98e-15   204    21     0
1400.35  2.71e-15  6.90e-15   204     7     0
1402.03  6.25e-15  7.16e-15   204    17     0
1403.71  1.80e-16  6.95e-15   204     0     0
1405.38  2.36e-15  7.04e-15   205     6     0
1407.06  1.58e-14  7.28e-15   205    43     0
1408.74  1.08e-14  7.24e-15   205    29     0
1410.41 -2.38e-15  7.21e-15   205    -6     0
1412.09  6.99e-16  7.12e-15   205     1     0
1413.77  6.70e-15  7.23e-15   205    17     0
1415.44  1.62e-14  7.39e-15   205    42     0
1417.12  2.10e-14  7.54e-15   205    55     0
1418.79  7.51e-15  7.31e-15   206    19     0
1420.47 -3.06e-15  7.33e-15   206    -7     0
1422.15 -2.00e-15  7.36e-15   206    -5     0
1423.82  1.27e-14  7.59e-15   206    31     0
1425.50  9.30e-15  7.49e-15   206    23     0
1427.18 -9.60e-15  7.92e-15   206   -24     0
1428.85 -2.89e-15  7.40e-15   206    -7     0
1430.53  1.16e-14  7.61e-15   206    28     0
1432.20  9.02e-15  7.60e-15   206    22     0
1433.88 -1.88e-15  7.48e-15   206    -4     0
1435.56 -6.85e-15  7.56e-15   207   -16     0
1437.23  1.27e-14  7.77e-15   207    30     0
1438.91  1.04e-14  7.93e-15   207    24     0
1440.59 -1.91e-17  7.56e-15   207     0     0
1442.26  1.96e-15  7.58e-15   207     4     0
1443.94  8.85e-15  7.72e-15   207    20     0
1445.62  1.94e-15  7.63e-15   207     4     0
1447.29  6.09e-15  7.68e-15   207    14     0
1448.97 -4.29e-15  7.65e-15   207    -9     0
1450.64  9.11e-15  7.73e-15   207    21     0
1452.32  4.90e-15  7.68e-15   208    11     0
1454.00  7.43e-15  7.74e-15   208    17     0
1455.67  3.71e-15  7.64e-15   208     8     0
1457.35  8.91e-15  7.92e-15   208    20     0
1459.03  2.38e-15  7.64e-15   208     5     0
1460.70  9.60e-15  7.72e-15   208    21     0
1462.38  1.11e-14  7.86e-15   208    25     0
1464.06 -6.65e-15  7.59e-15   208   -15     0
1465.73 -6.14e-15  7.64e-15   208   -13     0
1467.41 -8.32e-15  7.64e-15   208   -18     0
1469.08 -3.21e-15  7.64e-15   208    -7     0
1470.76 -5.51e-15  7.67e-15   208   -12     0
1472.44  2.94e-16  7.66e-15   208     0     0
1474.11 -1.99e-15  7.66e-15   209    -4     0
1475.79  5.62e-15  7.71e-15   209    12     0
1477.47 -9.55e-15  7.66e-15   209   -21     0
1479.14 -7.26e-16  7.65e-15   209    -1     0
1480.82 -3.66e-15  7.63e-15   209    -8     0
1482.50  6.52e-15  7.74e-15   209    14     0
1484.17  1.45e-14  7.87e-15   209    31     0
1485.85  3.87e-15  7.61e-15   209     8     0
1487.52  9.01e-15  7.71e-15   209    19     0
1489.20 -6.32e-15  7.58e-15   209   -13     0
1490.88  7.01e-15  7.72e-15   209    15     0
1492.55  2.52e-14  8.27e-15   209    54     0
1494.23  3.31e-14  8.22e-15   209    70     0
1495.91  1.81e-14  7.87e-15   209    38     0
1497.58  8.01e-15  8.05e-15   209    17     0
1499.26 -1.02e-14  7.59e-15   209   -21     0
1500.93  2.87e-15  7.59e-15   209     6     0
1502.61 -3.39e-15  7.58e-15   209    -7     0
1504.29  6.40e-15  7.67e-15   209    13     0
1505.96  3.16e-15  7.62e-15   209     6     0
1507.64 -6.96e-15  7.61e-15   209   -14     0
1509.32 -1.10e-14  7.63e-15   209   -22     0
1510.99 -1.08e-16  7.67e-15   209     0     0
1512.67  1.43e-15  7.69e-15   209     2     0
1514.35  1.32e-14  7.93e-15   209    26     0
1516.02  5.96e-15  7.80e-15   209    12     0
1517.70  4.73e-15  7.80e-15   209     9     0
1519.37 -2.28e-15  7.74e-15   209    -4     0
1521.05 -1.48e-15  7.75e-15   209    -2     0
1522.73 -1.27e-15  7.75e-15   209    -2     0
1524.40  4.86e-15  7.79e-15   209     9     0
1526.08  7.24e-15  7.83e-15   209    14     0
1527.76 -7.98e-15  7.75e-15   209   -15     0
1529.43  1.98e-15  7.75e-15   209     3     0
1531.11  3.43e-19  7.69e-15   209     0     0
1532.79 -2.15e-16  7.68e-15   209     0     0
1534.46  2.30e-15  7.67e-15   209     4     0
1536.14 -3.79e-15  7.64e-15   209    -7     0
1537.81 -1.69e-15  7.62e-15   209    -3     0
1539.49  1.05e-14  7.77e-15   209    20     0
1541.17  2.29e-14  7.99e-15   209    45     0
1542.84  2.88e-14  8.17e-15   209    57     0
1544.52  3.50e-14  1.64e-14   209    69     0
1546.20  8.80e-14  2.75e-14   209   174     0
1547.87  9.53e-14  2.66e-14   209   189     0
1549.55  6.30e-14  2.09e-14   209   125     0
1551.22  2.08e-14  1.11e-14   209    41     0
1552.90  4.51e-15  7.47e-15   209     8     0
1554.58  6.56e-15  7.49e-15   209    13     0
1556.25 -3.13e-15  7.36e-15   209    -6     0
1557.93  3.36e-15  7.35e-15   209     6     0
1559.61  1.70e-14  7.58e-15   209    33     0
1561.28 -5.41e-15  7.27e-15   209   -10     0
1562.96  2.39e-15  7.25e-15   209     4     0
1564.64 -9.35e-15  7.22e-15   209   -18     0
1566.31 -2.83e-16  7.14e-15   209     0     0
1567.99  1.08e-14  7.27e-15   209    21     0
1569.66  6.82e-15  7.16e-15   209    13     0
1571.34  6.73e-15  7.23e-15   209    13     0
1573.02 -6.16e-15  7.09e-15   209   -12     0
1574.69 -2.09e-16  7.06e-15   208     0     0
1576.37  6.33e-15  7.15e-15   208    12     0
1578.05  1.17e-15  7.03e-15   208     2     0
1579.72 -4.69e-15  6.99e-15   208    -9     0
1581.40 -6.38e-15  6.95e-15   208   -12     0
1583.08 -1.05e-14  6.92e-15   208   -21     0
1584.75 -1.30e-14  6.89e-15   208   -26     0
1586.43  1.87e-15  6.84e-15   208     3     0
1588.10  9.10e-15  6.94e-15   208    18     0
1589.78 -6.21e-15  6.77e-15   208   -12     0
1591.46 -7.16e-15  6.77e-15   208   -14     0
1593.13  1.22e-15  6.74e-15   208     2     0
1594.81 -1.68e-16  6.71e-15   208     0     0
1596.49  4.22e-15  6.67e-15   207     8     0
1598.16 -4.32e-15  6.61e-15   207    -8     0
1599.84 -1.32e-15  6.58e-15   207    -2     0
1601.52 -1.62e-15  6.54e-15   207    -3     0
1603.19  5.47e-15  6.57e-15   207    11     0
1604.87  3.54e-15  6.53e-15   207     7     0
1606.54  1.79e-14  6.77e-15   207    36     0
1608.22  5.36e-15  6.47e-15   207    11     0
1609.90  2.02e-14  1.08e-14   207    41     0
1611.57  6.87e-15  6.46e-15   207    14     0
1613.25 -1.01e-15  6.33e-15   206    -2     0
1614.93 -5.74e-15  6.30e-15   206   -11     0
1616.60 -4.02e-16  6.27e-15   206     0     0
1618.28 -8.36e-15  6.24e-15   206   -17     0
1619.95 -1.30e-14  6.20e-15   206   -27     0
1621.63  1.32e-14  6.36e-15   206    27     0
1623.31  9.56e-15  6.26e-15   206    20     0
1624.98  9.34e-15  6.20e-15   206    19     0
1626.66  9.57e-15  6.40e-15   205    20     0
1628.34  1.22e-14  6.25e-15   205    25     0
1630.01  1.46e-14  6.30e-15   205    31     0
1631.69  3.45e-15  6.03e-15   205     7     0
1633.37  1.74e-14  6.25e-15   205    37     0
1635.04  3.08e-14  7.35e-15   205    66     0
1636.72  4.86e-14  1.28e-14   205   104     0
1638.39  6.99e-14  1.84e-14   205   150     0
1640.07  7.61e-14  1.60e-14   204   164     0
1641.75  4.87e-14  1.26e-14   204   105     0
1643.42  1.31e-14  5.92e-15   204    28     0
1645.10  2.24e-14  6.10e-15   204    49     0
1646.78  2.92e-14  6.20e-15   204    64     0
1648.45  9.20e-15  5.74e-15   204    20     0
1650.13  1.22e-14  5.80e-15   204    26     0
1651.81  2.41e-14  6.01e-15   203    53     0
1653.48  2.90e-14  7.30e-15   203    64     0
1655.16  2.68e-14  6.53e-15   203    59     0
1656.83  3.24e-14  8.68e-15   203    72     0
1658.51  2.26e-14  5.75e-15   203    51     0
1660.19  4.89e-15  5.35e-15   203    11     0
1661.86 -9.55e-15  5.51e-15   203   -21     0
1663.54  1.53e-14  6.04e-15   202    35     0
1665.22  2.96e-14  8.19e-15   202    67     0
1666.89  1.78e-14  5.76e-15   202    40     0
1668.57  8.27e-16  5.15e-15   202     1     0
1670.24  3.33e-15  5.10e-15   202     7     0
1671.92  9.99e-16  5.03e-15   202     2     0
1673.60  1.03e-14  5.18e-15   201    24     0
1675.27  2.19e-16  4.95e-15   201     0     0
1676.95 -4.86e-15  4.91e-15   201   -11     0
1678.63  2.15e-15  4.89e-15   201     5     0
1680.30  8.72e-15  5.00e-15   201    20     0
1681.98  5.16e-15  4.86e-15   201    12     0
1683.66  5.79e-15  4.83e-15   201    13     0
1685.33  3.48e-15  4.78e-15   200     8     0
1687.01  5.55e-15  4.78e-15   200    13     0
1688.68  3.75e-15  4.70e-15   200     9     0
1690.36  5.27e-15  4.69e-15   200    12     0
1692.04  1.09e-14  4.74e-15   200    26     0
1693.71  1.88e-14  4.87e-15   200    46     0
1695.39  1.68e-14  4.79e-15   199    42     0
1697.07  2.42e-14  4.90e-15   199    60     0
1698.74  1.86e-14  4.75e-15   199    46     0
1700.42  5.87e-15  4.46e-15   199    14     0
1702.10  8.10e-15  4.46e-15   199    20     0
1703.77 -1.85e-15  4.28e-15   199    -4     0
1705.45 -8.00e-15  4.26e-15   198   -20     0
1707.12  4.13e-15  4.27e-15   198    10     0
1708.80  4.37e-16  4.18e-15   198     1     0
1710.48  8.07e-15  4.28e-15   198    21     0
1712.15  4.67e-15  4.17e-15   198    12     0
1713.83  3.07e-15  4.08e-15   198     8     0
1715.51  8.10e-15  4.15e-15   198    21     0
1717.18  7.46e-15  4.09e-15   197    20     0
1718.86  3.13e-15  3.99e-15   197     8     0
1720.54  1.02e-14  4.08e-15   197    27     0
1722.21  1.91e-14  4.21e-15   197    52     0
1723.89  1.34e-14  4.08e-15   197    37     0
1725.56  1.18e-14  4.06e-15   197    32     0
1727.24  1.01e-14  3.97e-15   196    27     0
1728.92  1.12e-14  3.96e-15   196    31     0
1730.59  5.24e-15  3.79e-15   196    14     0
1732.27  3.66e-16  3.67e-15   196     1     0
1733.95  1.51e-16  3.64e-15   196     0     0
1735.62  8.73e-15  3.77e-15   196    24     0
1737.30  8.61e-15  3.71e-15   196    24     0
1738.97  5.33e-15  3.63e-15   195    15     0
1740.65  1.52e-15  3.48e-15   195     4     0
1742.33  5.24e-15  3.55e-15   195    15     0
1744.00  1.54e-15  3.42e-15   195     4     0
1745.68  5.85e-15  3.78e-15   195    17     0
1747.36  1.64e-14  3.67e-15   195    48     0
1749.03  1.43e-14  3.63e-15   195    42     0
1750.71  1.79e-14  3.63e-15   194    54     0
1752.39  1.66e-14  4.33e-15   194    50     0
1754.06  8.23e-15  3.37e-15   194    25     0
1755.74  4.19e-15  3.27e-15   194    12     0
1757.41  6.55e-16  3.19e-15   194     2     0
1759.09  5.65e-15  3.26e-15   194    17     0
1760.77  5.32e-15  3.24e-15   194    16     0
1762.44  1.24e-14  3.36e-15   194    38     0
1764.12  1.29e-14  3.34e-15   193    40     0
1765.80  6.51e-15  3.17e-15   193    20     0
1767.47  4.63e-15  3.11e-15   193    14     0
1769.15 -8.22e-16  2.99e-15   193    -2     0
1770.83  1.56e-16  2.96e-15   193     0     0
1772.50 -4.81e-16  2.94e-15   193    -1     0
1774.18 -1.98e-15  2.91e-15   193    -6     0
1775.85  3.25e-15  2.94e-15   193    10     0
1777.53  6.15e-15  2.97e-15   193    19     0
1779.21  2.04e-15  2.87e-15   192     6     0
1780.88 -3.32e-16  2.83e-15   192    -1     0
1782.56  9.74e-16  2.81e-15   192     3     0
1784.24  3.45e-15  2.84e-15   192    11     0
1785.91  2.80e-15  2.80e-15   192     9     0
1787.59  7.46e-15  2.86e-15   192    24     0
1789.26  6.72e-15  2.89e-15   192    22     0
1790.94  5.24e-15  2.99e-15   192    17     0
1792.62  7.30e-15  3.39e-15   192    24     0
1794.29 -1.34e-15  3.10e-15   192    -4     0
1795.97 -3.72e-15  2.99e-15   192   -12     0
1797.65  3.20e-15  2.87e-15   192    10     0
1799.32  5.71e-15  2.72e-15   191    19     0
1801.00  6.10e-15  2.71e-15   191    20     0
1802.68  4.49e-15  2.65e-15   191    15     0
1804.35  7.55e-15  2.70e-15   191    25     0
1806.03  9.63e-15  2.81e-15   191    32     0
1807.70  8.31e-15  2.68e-15   191    28     0
1809.38  6.61e-15  2.64e-15   191    22     0
1811.06  1.03e-14  3.20e-15   191    35     0
1812.73  1.49e-14  2.77e-15   191    51     0
1814.41  1.83e-14  2.96e-15   191    63     0
1816.09  2.04e-14  4.30e-15   191    70     0
1817.76  2.16e-14  4.35e-15   191    74     0
1819.44  1.40e-14  2.74e-15   191    48     0
1821.12  1.17e-14  2.66e-15   191    40     0
1822.79  6.81e-15  2.54e-15   191    23     0
1824.47  6.84e-15  2.52e-15   191    23     0
1826.14  6.21e-15  2.51e-15   191    21     0
1827.82  4.41e-15  2.47e-15   191    15     0
1829.50  5.51e-15  2.47e-15   191    19     0
1831.17  5.08e-15  2.42e-15   191    17     0
1832.85  4.09e-15  2.40e-15   191    14     0
1834.53  9.27e-15  2.50e-15   191    32     0
1836.20  7.05e-15  2.43e-15   191    24     0
1837.88  2.43e-15  2.34e-15   191     8     0
1839.55  6.26e-16  2.28e-15   191     2     0
1841.23  3.65e-16  2.28e-15   191     1     0
1842.91  2.73e-15  2.31e-15   191     9     0
1844.58  6.11e-15  2.37e-15   191    21     0
1846.26  2.11e-15  2.28e-15   191     7     0
1847.94  2.91e-15  2.26e-15   191    10     0
1849.61  6.05e-15  2.32e-15   191    21     0
1851.29  7.24e-15  2.43e-15   191    25     0
1852.97  8.79e-15  3.31e-15   191    30     0
1854.64  7.57e-15  3.68e-15   191    26     0
1856.32  7.74e-15  2.33e-15   191    26     0
1857.99  1.04e-14  2.42e-15   191    36     0
1859.67  1.10e-14  2.44e-15   191    38     0
1861.35  5.22e-15  2.29e-15   191    18     0
1863.02  3.87e-15  2.22e-15   191    13     0
1864.70  2.81e-15  2.20e-15   191     9     0
1866.38  2.06e-15  2.18e-15   191     7     0
1868.05  1.65e-15  2.16e-15   191     5     0
1869.73  6.70e-15  2.26e-15   191    22     0
1871.41  8.68e-15  2.29e-15   191    29     0
1873.08  6.62e-15  2.25e-15   191    22     0
1874.76  2.89e-15  2.17e-15   192     9     0
1876.43  5.11e-15  2.19e-15   192    17     0
1878.11  2.24e-15  2.14e-15   192     7     0
1879.79 -1.48e-15  2.10e-15   192    -5     0
1881.46 -4.21e-15  2.09e-15   192   -14     0
1883.14 -2.09e-16  2.08e-15   192     0     0
1884.82  3.74e-15  2.15e-15   192    12     0
1886.49  1.20e-15  2.10e-15   192     4     0
1888.17  3.18e-15  2.13e-15   192    10     0
1889.85  1.08e-14  2.28e-15   192    36     0
1891.52  1.04e-14  2.26e-15   193    34     0
1893.20  1.12e-14  2.27e-15   193    37     0
1894.87  3.96e-15  2.11e-15   193    13     0
1896.55  2.13e-15  2.07e-15   193     7     0
1898.23  5.93e-15  2.14e-15   193    19     0
1899.90  2.08e-15  2.05e-15   193     6     0
1901.58  1.07e-15  2.03e-15   193     3     0
1903.26  8.43e-16  2.01e-15   194     2     0
1904.93  1.57e-15  2.02e-15   194     5     0
1906.61  2.83e-15  2.03e-15   194     9     0
1908.28  3.01e-15  2.03e-15   194     9     0
1909.96  3.42e-15  2.02e-15   194    11     0
1911.64  5.78e-15  2.07e-15   194    18     0
1913.31  8.86e-15  2.62e-15   194    29     0
1914.99  7.58e-15  2.16e-15   195    24     0
1916.67  9.23e-15  2.23e-15   195    30     0
1918.34  8.66e-15  2.26e-15   195    28     0
1920.02  1.11e-14  3.86e-15   195    36     0
1921.70  1.44e-14  4.07e-15   195    46     0
1923.37  8.48e-15  2.93e-15   195    27     0
1925.05  1.02e-14  2.42e-15   196    33     0
1926.72  1.02e-14  2.36e-15   196    33     0
1928.40  7.56e-15  2.21e-15   196    24     0
1930.08  7.27e-15  1.99e-15   196    23     0
1931.75  1.10e-14  2.05e-15   196    36     0
1933.43  6.00e-15  1.92e-15   197    19     0
1935.11  2.73e-15  1.85e-15   197     8     0
1936.78  1.67e-15  1.81e-15   197     5     0
1938.46  4.49e-15  1.87e-15   197    14     0
1940.14  1.34e-16  1.76e-15   197     0     0
1941.81 -1.30e-15  1.74e-15   198    -4     0
1943.49 -7.78e-16  1.73e-15   198    -2     0
1945.16  6.24e-16  1.71e-15   198     2     0
1946.84  3.46e-15  1.76e-15   198    11     0
1948.52  2.42e-15  1.72e-15   199     8     0
1950.19  5.52e-15  1.78e-15   199    18     0
1951.87  3.94e-15  1.73e-15   199    13     0
1953.55  7.15e-15  1.77e-15   199    24     0
1955.22  8.64e-15  1.78e-15   199    29     0
1956.90  8.79e-15  1.83e-15   200    29     0
1958.57  8.26e-15  1.74e-15   200    28     0
1960.25  7.64e-15  1.72e-15   200    26     0
1961.93  7.86e-15  1.71e-15   200    26     0
1963.60  5.90e-15  1.67e-15   201    20     0
1965.28  7.24e-15  1.75e-15   201    24     0
1966.96  5.78e-15  1.81e-15   201    19     0
1968.63  3.15e-15  1.62e-15   201    10     0
1970.31  5.15e-15  1.61e-15   202    17     0
1971.99  5.70e-15  1.73e-15   202    19     0
1973.66  6.17e-15  1.82e-15   202    20     0
1975.34  5.63e-15  1.60e-15   202    18     0
1977.01  4.29e-15  1.57e-15   203    14     0
1978.69  4.04e-15  1.56e-15   203    13     0
