NOT ORIGINAL IUE PROJECT DATA PRODUCT
SWP29246LOWLARGE
HD  197481
20:42:06
-31:31:05
48
NO-TRAIL
NO
02099.480
18/09/86
22:15:16
261
08.84
11/03/94
VILSPA
2446692.42727
0
21
1150.58 -5.43e-14  7.42e-14    49   -10     0
1152.26  1.82e-14  7.03e-14    49     3     0
1153.93  1.15e-14  6.54e-14    49     2     0
1155.61 -2.43e-15  6.06e-14    49     0     0
1157.29  3.63e-15  5.63e-14    50     0     0
1158.96  6.51e-14  5.40e-14    50    17     0
1160.64 -6.29e-14  4.82e-14    50   -17     0
1162.31 -2.74e-14  4.48e-14    50    -8     0
1163.99  3.03e-14  4.27e-14    50     9     0
1165.67  2.67e-14  3.89e-14    50     9     0
1167.34  1.09e-14  3.55e-14    50     4     0
1169.02  2.97e-14  3.39e-14    51    12     0
1170.70 -2.40e-14  3.04e-14    51   -10     0
1172.37 -3.72e-14  2.84e-14    51   -17     0
1174.05  1.57e-14  2.76e-14    51     7     0
1175.73  3.89e-14  2.63e-14    51    20     0
1177.40  2.30e-14  2.42e-14    51    12     0
1179.08 -1.80e-14  2.18e-14    51   -10     0
1180.75  1.14e-14  2.08e-14    52     7     0
1182.43 -2.04e-14  1.92e-14    52   -13     0
1184.11 -5.92e-15  1.81e-14    52    -4     0
1185.78  3.35e-14  1.84e-14    52    24     0
1187.46  1.62e-14  1.70e-14    52    12     0
1189.14  8.29e-15  1.58e-14    52     6     0
1190.81 -1.02e-14  1.61e-14    53    -8     0
1192.49  1.62e-14  1.62e-14    53    14     0
1194.17 -4.03e-14  4.84e-14    53   -37 -4096
1195.84 -3.79e-14  4.64e-14    53   -36 -4224
1197.52  2.14e-14  4.58e-14    53    21 -4224
1199.19  2.26e-14  2.17e-14    53    23 -4096
1200.87 -8.86e-15  1.26e-14    54    -9     0
1202.55  2.66e-15  1.12e-14    54     2     0
1204.22  9.73e-15  1.23e-14    54    11     0
1205.90  2.19e-14  1.12e-14    54    25     0
1207.58  2.32e-14  1.44e-14    54    28     0
1209.25  9.10e-14  3.17e-14    54   113     0
1210.93  1.37e-13  1.66e-14    55   176     0
1212.60  3.42e-13  6.63e-14    55   451     0
1214.28  4.42e-13  8.98e-14    55   598     0
1215.96  5.32e-13  1.04e-13    55   737     0
1217.63  4.09e-13  6.40e-14    55   580     0
1219.31  2.43e-13  5.15e-14    55   352     0
1220.99  1.19e-13  1.67e-14    56   176     0
1222.66  4.86e-14  1.43e-14    56    73     0
1224.34  2.25e-14  8.58e-15    56    34     0
1226.02  5.64e-15  7.64e-15    56     8     0
1227.69 -5.35e-15  7.25e-15    56    -8     0
1229.37 -2.52e-15  7.10e-15    56    -4     0
1231.04  1.29e-15  6.96e-15    57     2     0
1232.72  1.04e-14  7.24e-15    57    17     0
1234.40  6.39e-15  6.98e-15    57    10     0
1236.07 -4.50e-15  6.55e-15    57    -7     0
1237.75  3.59e-15  6.59e-15    57     6     0
1239.43 -1.27e-15  6.35e-15    57    -2     0
1241.10  1.04e-14  6.73e-15    58    18     0
1242.78  3.63e-15  6.59e-15    58     6     0
1244.46  2.22e-15  6.18e-15    58     4     0
1246.13  1.22e-14  6.57e-15    58    22     0
1247.81  1.44e-14  6.60e-15    58    26     0
1249.48  5.81e-15  6.11e-15    59    10     0
1251.16  1.51e-15  5.83e-15    59     2     0
1252.84  2.89e-15  5.83e-15    59     5     0
1254.51  1.19e-14  6.18e-15    59    23     0
1256.19  9.06e-15  6.02e-15    59    17     0
1257.87  3.85e-15  5.68e-15    59     7     0
1259.54 -3.98e-15  5.49e-15    60    -7     0
1261.22 -2.26e-15  5.61e-15    60    -4     0
1262.89 -1.78e-15  5.90e-15    60    -3     0
1264.57  1.44e-15  5.35e-15    60     2     0
1266.25  6.00e-15  5.51e-15    60    12     0
1267.92 -2.42e-15  5.19e-15    60    -4     0
1269.60  2.88e-15  5.28e-15    61     5     0
1271.28 -5.70e-15  5.14e-15    61   -11     0
1272.95 -8.50e-16  5.10e-15    61    -1     0
1274.63 -3.47e-15  5.06e-15    61    -7     0
1276.31  4.29e-15  5.22e-15    61     8     0
1277.98 -6.42e-15  5.00e-15    61   -13     0
1279.66  1.06e-15  5.01e-15    62     2     0
1281.33  1.21e-14  5.48e-15    62    25     0
1283.01  6.49e-15  5.14e-15    62    13     0
1284.69  8.53e-15  5.26e-15    62    18     0
1286.36  4.68e-16  4.84e-15    62     0     0
1288.04  5.83e-15  5.08e-15    62    12     0
1289.72  3.79e-15  4.96e-15    63     8     0
1291.39  1.57e-14  5.48e-15    63    33     0
1293.07  1.63e-15  4.80e-15    63     3     0
1294.75 -6.61e-15  4.80e-15    63   -14     0
1296.42  5.18e-15  4.92e-15    63    11     0
1298.10  2.39e-15  4.74e-15    63     5     0
1299.77  1.14e-15  4.68e-15    63     2     0
1301.45  5.18e-15  4.89e-15    64    11     0
1303.13  1.14e-14  5.19e-15    64    24     0
1304.80  2.09e-14  5.61e-15    64    44     0
1306.48  1.84e-14  5.51e-15    64    38     0
1308.16  1.10e-14  5.22e-15    64    23     0
1309.83 -1.41e-15  4.62e-15    64    -2     0
1311.51  2.38e-15  4.67e-15    65     5     0
1313.19 -6.24e-15  4.56e-15    65   -13     0
1314.86  2.10e-15  4.63e-15    65     4     0
1316.54  7.02e-15  4.83e-15    65    14     0
1318.21  8.59e-15  4.94e-15    65    18     0
1319.89 -1.80e-14  4.54e-15    65   -38     0
1321.57  3.36e-15  4.70e-15    65     7     0
1323.24 -4.22e-15  4.56e-15    66    -8     0
1324.92 -1.43e-15  5.18e-15    66    -2     0
1326.60  4.27e-15  4.74e-15    66     8     0
1328.27  4.55e-15  4.77e-15    66     9     0
1329.95  3.15e-15  4.67e-15    66     6     0
1331.62  2.65e-16  4.60e-15    66     0     0
1333.30  1.78e-14  5.31e-15    66    36     0
1334.98  2.25e-14  5.50e-15    67    46     0
1336.65  4.46e-14  6.58e-15    67    91     0
1338.33  2.44e-14  5.67e-15    67    49     0
1340.01  1.25e-14  5.16e-15    67    25     0
1341.68  7.15e-15  4.88e-15    67    14     0
1343.36 -9.58e-16  4.54e-15    67    -1     0
1345.04  9.12e-16  4.57e-15    67     1     0
1346.71 -2.52e-15  4.63e-15    67    -4     0
1348.39  1.55e-15  4.61e-15    68     3     0
1350.06 -4.21e-15  4.54e-15    68    -8     0
1351.74 -3.66e-15  4.60e-15    68    -7     0
1353.42  4.62e-15  4.77e-15    68     9     0
1355.09  4.35e-15  4.75e-15    68     8     0
1356.77 -2.63e-15  4.56e-15    68    -5     0
1358.45  2.78e-15  4.69e-15    68     5     0
1360.12 -4.97e-15  4.61e-15    68    -9     0
1361.80  1.43e-15  4.66e-15    69     2     0
1363.48  4.48e-15  4.83e-15    69     8     0
1365.15  2.24e-15  4.77e-15    69     4     0
1366.83  7.90e-15  5.04e-15    69    14     0
1368.50  1.13e-15  4.69e-15    69     2     0
1370.18  3.66e-16  4.65e-15    69     0     0
1371.86  3.27e-15  4.79e-15    69     6     0
1373.53  4.04e-15  4.87e-15    69     7     0
1375.21  1.05e-15  4.73e-15    70     1     0
1376.89  4.86e-15  4.93e-15    70     8     0
1378.56  9.38e-16  4.75e-15    70     1     0
1380.24  3.31e-15  4.86e-15    70     5     0
1381.91  1.48e-15  7.20e-15    70     2     0
1383.59 -3.84e-15  4.84e-15    70    -6     0
1385.27  4.09e-15  5.11e-15    70     7     0
1386.94  8.43e-15  5.20e-15    70    14     0
1388.62  3.17e-15  4.92e-15    70     5     0
1390.30  5.30e-15  5.07e-15    70     9     0
1391.97  5.89e-15  5.13e-15    71    10     0
1393.65  2.83e-15  4.98e-15    71     4     0
1395.33  2.49e-15  4.98e-15    71     4     0
1397.00  6.50e-15  5.21e-15    71    10     0
1398.68  1.31e-14  5.53e-15    71    21     0
1400.35  1.33e-14  5.59e-15    71    21     0
1402.03  1.38e-14  5.75e-15    71    22     0
1403.71  3.11e-15  5.10e-15    71     5     0
1405.38  5.75e-15  5.28e-15    71     9     0
1407.06  2.98e-15  5.14e-15    71     4     0
1408.74 -1.86e-15  5.02e-15    71    -2     0
1410.41 -8.69e-15  5.04e-15    72   -13     0
1412.09 -1.01e-14  5.14e-15    72   -15     0
1413.77  5.83e-15  5.36e-15    72     9     0
1415.44  8.20e-15  5.40e-15    72    12     0
1417.12 -2.54e-15  5.08e-15    72    -3     0
1418.79  2.48e-15  5.21e-15    72     3     0
1420.47  6.59e-15  5.54e-15    72     9     0
1422.15  1.21e-14  5.71e-15    72    17     0
1423.82 -3.23e-15  5.67e-15    72    -4     0
1425.50 -6.88e-15  5.72e-15    72   -10     0
1427.18 -5.11e-15  5.22e-15    72    -7     0
1428.85 -5.78e-16  5.24e-15    72     0     0
1430.53 -6.84e-15  5.26e-15    73    -9     0
1432.20  3.90e-15  5.47e-15    73     5     0
1433.88  1.33e-14  5.95e-15    73    18     0
1435.56  1.98e-15  5.41e-15    73     2     0
1437.23  3.31e-15  5.50e-15    73     4     0
1438.91  1.59e-15  5.42e-15    73     2     0
1440.59  5.29e-15  5.57e-15    73     7     0
1442.26  1.56e-14  6.09e-15    73    21     0
1443.94  6.50e-15  5.60e-15    73     8     0
1445.62 -9.63e-15  5.38e-15    73   -13     0
1447.29  6.70e-15  5.72e-15    73     9     0
1448.97 -2.61e-15  5.39e-15    73    -3     0
1450.64  3.85e-16  5.37e-15    73     0     0
1452.32  2.89e-15  5.53e-15    73     3     0
1454.00  6.38e-15  5.69e-15    73     8     0
1455.67  3.32e-15  5.52e-15    73     4     0
1457.35  9.67e-15  5.85e-15    74    12     0
1459.03  7.39e-15  5.73e-15    74     9     0
1460.70 -3.80e-15  5.34e-15    74    -5     0
1462.38 -2.31e-15  5.37e-15    74    -3     0
1464.06 -3.68e-15  5.33e-15    74    -4     0
1465.73 -3.56e-15  5.37e-15    74    -4     0
1467.41 -1.15e-16  5.37e-15    74     0     0
1469.08 -2.09e-15  5.36e-15    74    -2     0
1470.76  6.71e-15  5.72e-15    74     8     0
1472.44  9.42e-15  6.24e-15    74    12     0
1474.11  1.26e-15  5.42e-15    74     1     0
1475.79 -1.41e-15  5.37e-15    74    -1     0
1477.47  9.56e-16  5.47e-15    74     1     0
1479.14  4.84e-15  5.58e-15    74     6     0
1480.82 -1.65e-15  5.34e-15    74    -2     0
1482.50  4.41e-15  5.69e-15    74     5     0
1484.17  1.78e-14  6.23e-15    74    22     0
1485.85  2.01e-15  5.35e-15    74     2     0
1487.52  2.33e-15  5.40e-15    74     2     0
1489.20 -2.27e-15  5.30e-15    74    -2     0
1490.88 -2.19e-15  5.32e-15    74    -2     0
1492.55  8.29e-15  5.68e-15    74    10     0
1494.23  7.63e-15  5.71e-15    74     9     0
1495.91  1.12e-15  5.33e-15    74     1     0
1497.58 -1.50e-16  5.29e-15    75     0     0
1499.26 -8.65e-16  5.29e-15    75    -1     0
1500.93  3.49e-15  5.46e-15    75     4     0
1502.61 -2.27e-15  5.28e-15    75    -2     0
1504.29  3.02e-15  5.44e-15    75     3     0
1505.96  4.63e-15  5.54e-15    75     5     0
1507.64 -5.82e-15  5.30e-15    75    -7     0
1509.32  1.22e-14  5.90e-15    75    14     0
1510.99  7.72e-15  5.74e-15    75     9     0
1512.67 -8.44e-15  5.34e-15    75   -10     0
1514.35  3.73e-15  5.53e-15    75     4     0
1516.02 -9.11e-16  5.40e-15    75    -1     0
1517.70  3.33e-15  5.51e-15    75     3     0
1519.37  7.55e-15  5.73e-15    75     8     0
1521.05  1.36e-14  6.10e-15    75    15     0
1522.73  6.32e-15  5.72e-15    75     7     0
1524.40  5.58e-15  5.68e-15    75     6     0
1526.08  3.56e-16  5.37e-15    75     0     0
1527.76 -1.09e-15  5.36e-15    75    -1     0
1529.43 -8.91e-15  5.36e-15    75   -10     0
1531.11 -4.70e-16  5.32e-15    75     0     0
1532.79  8.24e-15  5.76e-15    75     9     0
1534.46  2.60e-15  5.41e-15    75     3     0
1536.14 -7.46e-16  5.28e-15    75     0     0
1537.81  5.79e-15  5.58e-15    75     6     0
1539.49  1.90e-15  5.33e-15    75     2     0
1541.17  5.88e-15  5.53e-15    75     6     0
1542.84  1.56e-14  6.03e-15    75    18     0
1544.52  1.72e-14  6.11e-15    75    19     0
1546.20  4.06e-14  9.49e-15    75    47     0
1547.87  4.33e-14  7.34e-15    75    50     0
1549.55  4.62e-14  7.44e-15    75    53     0
1551.22  2.75e-14  6.61e-15    75    31     0
1552.90  4.90e-15  5.35e-15    75     5     0
1554.58  2.15e-15  5.20e-15    75     2     0
1556.25  1.61e-15  5.15e-15    75     1     0
1557.93  6.33e-15  5.41e-15    75     7     0
1559.61  7.65e-16  5.06e-15    75     0     0
1561.28  9.62e-15  5.52e-15    75    11     0
1562.96  7.46e-15  5.36e-15    75     8     0
1564.64 -7.06e-15  4.95e-15    75    -8     0
1566.31 -9.32e-16  4.90e-15    75    -1     0
1567.99 -2.11e-15  4.88e-15    75    -2     0
1569.66  8.28e-15  5.30e-15    75     9     0
1571.34  8.25e-15  5.34e-15    75     9     0
1573.02 -4.73e-15  4.86e-15    75    -5     0
1574.69  5.67e-16  4.84e-15    75     0     0
1576.37  4.43e-15  5.01e-15    75     5     0
1578.05 -1.54e-15  4.82e-15    75    -1     0
1579.72 -9.20e-16  4.78e-15    75    -1     0
1581.40  4.74e-15  4.95e-15    75     5     0
1583.08  8.30e-15  5.14e-15    75     9     0
1584.75 -2.78e-15  4.87e-15    75    -3     0
1586.43  1.06e-14  5.25e-15    75    12     0
1588.10  1.24e-15  4.70e-15    75     1     0
1589.78 -3.87e-15  4.74e-15    75    -4     0
1591.46  3.48e-15  4.81e-15    75     4     0
1593.13 -6.49e-16  4.61e-15    75     0     0
1594.81  2.05e-15  4.67e-15    75     2     0
1596.49 -9.64e-16  4.53e-15    75    -1     0
1598.16  6.29e-15  5.04e-15    75     7     0
1599.84 -4.14e-15  4.48e-15    75    -4     0
1601.52 -8.94e-16  4.45e-15    75    -1     0
1603.19  4.68e-15  4.70e-15    75     5     0
1604.87  8.24e-18  4.40e-15    75     0     0
1606.54  5.88e-15  4.72e-15    75     7     0
1608.22  1.06e-14  4.94e-15    75    12     0
1609.90  6.89e-15  4.62e-15    75     8     0
1611.57  8.33e-15  4.76e-15    75    10     0
1613.25  1.31e-16  4.30e-15    74     0     0
1614.93 -2.87e-15  4.27e-15    74    -3     0
1616.60 -1.11e-15  4.25e-15    74    -1     0
1618.28 -5.44e-16  4.23e-15    74     0     0
1619.95 -5.00e-15  4.20e-15    74    -6     0
1621.63  1.76e-15  4.25e-15    74     2     0
1623.31 -5.63e-16  4.14e-15    74     0     0
1624.98  2.77e-15  4.26e-15    74     3     0
1626.66 -3.12e-15  4.09e-15    74    -3     0
1628.34 -4.33e-15  4.06e-15    74    -5     0
1630.01  2.32e-15  4.18e-15    74     2     0
1631.69  4.20e-15  4.22e-15    74     5     0
1633.37 -1.45e-15  4.19e-15    74    -1     0
1635.04  1.13e-14  4.60e-15    74    14     0
1636.72  2.33e-14  5.16e-15    74    29     0
1638.39  3.27e-14  5.55e-15    74    41     0
1640.07  4.96e-14  6.43e-15    74    62     0
1641.75  5.77e-14  6.75e-15    74    73     0
1643.42  2.49e-14  5.10e-15    74    31     0
1645.10  1.62e-14  4.72e-15    74    20     0
1646.78  3.33e-15  3.96e-15    74     4     0
1648.45 -5.31e-15  3.76e-15    74    -6     0
1650.13  3.72e-15  3.96e-15    74     4     0
1651.81  5.12e-15  4.02e-15    74     6     0
1653.48  3.40e-15  3.86e-15    74     4     0
1655.16  1.20e-14  4.30e-15    74    15     0
1656.83  1.17e-14  4.28e-15    74    15     0
1658.51  1.56e-14  4.43e-15    74    20     0
1660.19  1.25e-14  4.25e-15    74    16     0
1661.86  8.69e-15  3.88e-15    74    11     0
1663.54  9.80e-15  4.04e-15    74    13     0
1665.22  1.78e-14  4.58e-15    74    23     0
1666.89  5.48e-15  3.77e-15    74     7     0
1668.57  5.85e-15  3.78e-15    74     7     0
1670.24  5.93e-15  3.73e-15    74     8     0
1671.92  5.01e-16  3.37e-15    73     0     0
1673.60  5.80e-15  3.67e-15    73     7     0
1675.27  2.08e-15  3.42e-15    73     2     0
1676.95  1.61e-15  3.36e-15    73     2     0
1678.63  8.18e-15  3.72e-15    73    11     0
1680.30  4.01e-16  3.72e-15    73     0     0
1681.98 -7.83e-16  3.21e-15    73    -1     0
1683.66  6.03e-15  3.52e-15    73     8     0
1685.33  2.65e-15  3.30e-15    73     3     0
1687.01 -4.78e-15  3.13e-15    73    -6     0
1688.68 -3.25e-15  3.10e-15    73    -4     0
1690.36  1.35e-15  3.14e-15    73     1     0
1692.04  6.92e-15  3.42e-15    73    10     0
1693.71  3.00e-15  3.17e-15    73     4     0
1695.39  6.32e-15  3.32e-15    73     9     0
1697.07  4.69e-15  3.22e-15    73     6     0
1698.74 -2.82e-16  2.96e-15    73     0     0
1700.42  1.23e-15  3.01e-15    73     1     0
1702.10 -6.31e-15  2.87e-15    73    -9     0
1703.77 -4.98e-15  2.84e-15    73    -7     0
1705.45 -4.44e-15  2.83e-15    73    -6     0
1707.12  4.12e-15  3.01e-15    73     6     0
1708.80  2.80e-16  2.78e-15    73     0     0
1710.48  4.28e-15  3.59e-15    73     6     0
1712.15  1.99e-15  2.81e-15    73     3     0
1713.83  5.50e-15  3.00e-15    73     8     0
1715.51  4.30e-15  2.87e-15    73     6     0
1717.18  2.78e-15  2.77e-15    73     4     0
1718.86 -1.27e-15  2.61e-15    73    -2     0
1720.54  1.08e-15  2.63e-15    73     1     0
1722.21  3.52e-16  2.56e-15    73     0     0
1723.89  7.05e-16  2.53e-15    73     1     0
1725.56  5.24e-15  2.83e-15    73     8     0
1727.24  8.27e-16  2.53e-15    73     1     0
1728.92  1.67e-15  2.57e-15    73     2     0
1730.59  1.51e-15  2.53e-15    72     2     0
1732.27  6.86e-16  2.45e-15    72     1     0
1733.95  3.43e-15  2.59e-15    72     5     0
1735.62  8.14e-15  2.85e-15    72    13     0
1737.30  2.50e-15  2.47e-15    72     4     0
1738.97  1.47e-15  2.40e-15    72     2     0
1740.65  5.00e-15  2.55e-15    72     8     0
1742.33  4.08e-15  2.51e-15    72     7     0
1744.00  1.99e-15  2.36e-15    72     3     0
1745.68 -2.95e-15  2.72e-15    72    -5     0
1747.36 -2.05e-15  2.21e-15    72    -3     0
1749.03  8.84e-16  2.20e-15    72     1     0
1750.71  2.37e-15  2.29e-15    72     4     0
1752.39  4.02e-15  2.36e-15    72     7     0
1754.06  5.80e-15  2.44e-15    72    10     0
1755.74  6.54e-16  2.12e-15    72     1     0
1757.41 -1.26e-15  2.09e-15    72    -2     0
1759.09  3.86e-15  2.28e-15    72     6     0
1760.77  1.35e-15  2.12e-15    72     2     0
1762.44  1.17e-15  2.10e-15    72     2     0
1764.12  2.97e-15  2.18e-15    72     5     0
1765.80  1.61e-15  2.08e-15    72     2     0
1767.47  3.04e-15  2.15e-15    72     5     0
1769.15  6.15e-15  2.30e-15    72    11     0
1770.83  6.91e-15  2.33e-15    72    12     0
1772.50  5.05e-15  2.18e-15    72     9     0
1774.18  2.06e-15  2.01e-15    72     3     0
1775.85  1.23e-15  1.95e-15    72     2     0
1777.53  2.04e-15  1.99e-15    72     3     0
1779.21  7.35e-16  1.89e-15    72     1     0
1780.88  2.51e-15  1.99e-15    72     4     0
1782.56  2.25e-15  1.96e-15    72     4     0
1784.24  5.26e-15  2.12e-15    72    10     0
1785.91  6.52e-15  2.17e-15    72    12     0
1787.59  3.70e-15  1.98e-15    72     7     0
1789.26  2.03e-16  1.77e-15    72     0     0
1790.94  2.47e-15  1.91e-15    72     4     0
1792.62 -7.27e-16  2.95e-15    72    -1 -4096
1794.29  3.17e-15  3.19e-15    72     6 -4096
1795.97  3.51e-15  2.12e-15    72     6     0
1797.65  2.16e-15  1.82e-15    72     4     0
1799.32  3.73e-15  1.89e-15    72     7     0
1801.00  3.82e-15  1.89e-15    72     7     0
1802.68  5.75e-15  2.09e-15    72    11     0
1804.35  6.75e-15  2.16e-15    72    13     0
1806.03  1.13e-14  2.44e-15    72    22     0
1807.70  1.54e-14  3.59e-15    72    30     0
1809.38  1.67e-14  2.68e-15    72    33     0
1811.06  1.11e-14  2.23e-15    72    22     0
1812.73  8.09e-15  2.07e-15    72    16     0
1814.41  8.33e-15  2.07e-15    72    16     0
1816.09  1.45e-14  2.39e-15    72    29     0
1817.76  1.74e-14  2.50e-15    72    35     0
1819.44  1.60e-14  2.44e-15    72    32     0
1821.12  1.01e-14  2.13e-15    72    20     0
1822.79  2.14e-15  2.19e-15    73     4     0
1824.47  2.33e-15  1.66e-15    73     4     0
1826.14  2.87e-15  1.68e-15    73     5     0
1827.82 -6.71e-16  1.52e-15    73    -1     0
1829.50 -1.44e-15  1.51e-15    73    -2     0
1831.17 -1.11e-16  1.49e-15    73     0     0
1832.85  7.32e-16  1.52e-15    73     1     0
1834.53  5.66e-17  1.47e-15    73     0     0
1836.20  1.49e-15  1.55e-15    73     3     0
1837.88  3.95e-15  1.70e-15    73     8     0
1839.55  3.56e-15  1.66e-15    73     7     0
1841.23 -4.99e-16  1.44e-15    73    -1     0
1842.91 -3.78e-15  1.43e-15    73    -7     0
1844.58 -1.79e-15  1.49e-15    73    -3     0
1846.26  2.77e-16  1.42e-15    73     0     0
1847.94  1.43e-15  1.49e-15    73     2     0
1849.61 -1.04e-15  1.40e-15    73    -2     0
1851.29 -2.07e-15  1.40e-15    73    -4     0
1852.97  7.79e-16  1.44e-15    73     1     0
1854.64  2.55e-15  1.54e-15    74     5     0
1856.32  2.19e-15  1.50e-15    74     4     0
1857.99  2.86e-15  1.56e-15    74     5     0
1859.67  7.62e-16  1.48e-15    74     1     0
1861.35 -8.49e-16  1.36e-15    74    -1     0
1863.02 -1.68e-15  1.35e-15    74    -3     0
1864.70 -7.35e-16  1.34e-15    74    -1     0
1866.38 -5.19e-16  1.35e-15    74    -1     0
1868.05 -2.69e-15  1.34e-15    74    -5     0
1869.73 -4.16e-15  1.34e-15    74    -8     0
1871.41 -3.62e-15  1.33e-15    74    -7     0
1873.08 -1.98e-15  1.33e-15    75    -3     0
1874.76 -4.00e-15  1.32e-15    75    -7     0
1876.43 -1.51e-15  1.31e-15    75    -3     0
1878.11  4.02e-16  1.32e-15    75     0     0
1879.79 -5.86e-16  1.34e-15    75    -1     0
1881.46 -6.45e-16  1.30e-15    75    -1     0
1883.14 -3.87e-16  1.32e-15    75     0     0
1884.82 -8.08e-16  1.29e-15    75    -1     0
1886.49  5.03e-16  1.31e-15    75     0     0
1888.17  1.56e-15  1.36e-15    76     3     0
1889.85  2.22e-16  1.33e-15    76     0     0
1891.52 -1.03e-15  1.27e-15    76    -2     0
1893.20  2.07e-15  1.38e-15    76     4     0
1894.87 -7.05e-16  1.34e-15    76    -1     0
1896.55 -1.33e-15  1.25e-15    76    -2     0
1898.23  2.68e-15  1.45e-15    76     5     0
1899.90  3.90e-15  1.63e-15    77     7     0
1901.58  3.40e-15  1.43e-15    77     6     0
1903.26  4.16e-15  1.48e-15    77     8     0
1904.93  6.46e-15  1.62e-15    77    12     0
1906.61  3.68e-15  1.44e-15    77     7     0
1908.28 -7.59e-16  1.21e-15    77    -1     0
1909.96 -1.03e-16  1.20e-15    78     0     0
1911.64 -8.10e-16  1.20e-15    78    -1     0
1913.31  1.46e-16  1.23e-15    78     0     0
1914.99  5.60e-16  1.21e-15    78     1     0
1916.67  7.41e-16  1.24e-15    78     1     0
1918.34 -4.25e-16  1.18e-15    78     0     0
1920.02 -1.24e-15  1.20e-15    79    -2     0
1921.70  1.09e-15  1.23e-15    79     2     0
1923.37  4.23e-15  1.42e-15    79     8     0
1925.05  2.87e-15  1.32e-15    79     5     0
1926.72  1.85e-15  1.26e-15    79     3     0
1928.40  1.45e-15  1.22e-15    80     2     0
1930.08  1.02e-15  1.17e-15    80     1     0
1931.75  4.20e-15  1.35e-15    80     8     0
1933.43  4.39e-15  1.35e-15    80     8     0
1935.11  1.39e-15  1.17e-15    81     2     0
1936.78  3.92e-15  1.31e-15    81     7     0
1938.46  3.95e-15  1.30e-15    81     7     0
1940.14  3.15e-15  1.24e-15    81     6     0
1941.81  1.92e-15  1.17e-15    82     3     0
1943.49 -3.44e-16  1.13e-15    82     0     0
1945.16 -4.00e-16  1.12e-15    82     0     0
1946.84  2.84e-16  1.11e-15    82     0     0
1948.52 -1.22e-15  1.11e-15    83    -2     0
1950.19  1.04e-16  1.13e-15    83     0     0
1951.87  7.65e-16  1.11e-15    83     1     0
1953.55 -6.39e-16  1.10e-15    83    -1     0
1955.22 -6.95e-16  1.10e-15    84    -1     0
1956.90  5.72e-16  1.09e-15    84     1     0
1958.57  1.49e-16  1.09e-15    84     0     0
1960.25  1.67e-15  1.09e-15    85     3     0
1961.93  1.89e-15  1.09e-15    85     3     0
1963.60  6.91e-16  1.50e-15    85     1     0
1965.28  2.28e-15  2.16e-15    86     4     0
1966.96  3.65e-15  1.18e-15    86     7     0
1968.63  2.07e-15  1.09e-15    86     4     0
1970.31  1.36e-15  1.09e-15    87     2     0
1971.99  1.73e-15  1.10e-15    87     3     0
1973.66 -1.22e-15  1.13e-15    87    -2     0
1975.34 -4.09e-16  1.11e-15    88     0     0
1977.01 -2.04e-16  1.12e-15    88     0     0
1978.69  5.57e-16  1.12e-15    88     1     0
