NOT ORIGINAL IUE PROJECT DATA PRODUCT
SWP29203LOWLARGE
HD  197481
20:42:06
-31:31:05
48
NO-TRAIL
NO
1199.588
13/09/86
02:32:19
256
8.50
28/07/95
GSFC
2446686.60578
0
19
1150.58 -9.99e-14  1.23e-13    -7   -10     0
1152.26  1.54e-13  1.22e-13    -7    17     0
1153.93 -4.29e-15  1.08e-13    -7     0     0
1155.61 -3.71e-14  1.01e-13    -7    -4     0
1157.29  2.19e-15  9.33e-14    -7     0     0
1158.96  3.16e-14  8.97e-14    -7     4     0
1160.64 -1.14e-13  7.99e-14    -7   -18     0
1162.31 -3.37e-14  7.42e-14    -7    -5     0
1163.99  4.65e-14  7.05e-14    -7     8     0
1165.67 -3.46e-15  6.27e-14    -7     0     0
1167.34  2.75e-14  5.91e-14    -7     5     0
1169.02  2.64e-14  5.52e-14    -7     6     0
1170.70 -4.72e-14  5.03e-14    -7   -11     0
1172.37 -9.04e-14  4.69e-14    -7   -24     0
1174.05  2.30e-14  4.77e-14    -7     6     0
1175.73 -6.51e-15  4.12e-14    -7    -1     0
1177.40  2.19e-14  3.92e-14    -7     7     0
1179.08 -3.84e-14  3.59e-14    -7   -13     0
1180.75  3.62e-14  3.50e-14    -7    13     0
1182.43  5.35e-15  3.18e-14    -7     2     0
1184.11  1.66e-14  3.05e-14    -7     6     0
1185.78  4.03e-14  2.99e-14    -7    17     0
1187.46  1.83e-14  2.76e-14    -7     8     0
1189.14  1.02e-14  2.72e-14    -6     4     0
1190.81 -8.27e-15  3.04e-14    -6    -4     0
1192.49  3.99e-14  4.36e-14    -6    20     0
1194.17 -1.22e-15  1.03e-13    -6     0 -4096
1195.84 -1.45e-13  7.62e-14    -6   -80 -4096
1197.52  4.07e-14  7.56e-14    -6    23 -4224
1199.19  4.09e-14  3.58e-14    -6    24 -4096
1200.87  4.44e-15  2.09e-14    -6     2     0
1202.55  1.39e-14  2.39e-14    -6     8     0
1204.22  2.86e-14  1.94e-14    -6    18     0
1205.90  4.81e-14  1.88e-14    -6    32     0
1207.58  2.67e-14  1.99e-14    -6    18     0
1209.25  1.51e-13  3.65e-14    -5   107     0
1210.93  2.57e-13  5.57e-14    -5   189     0
1212.60  5.22e-13  9.73e-14    -5   393     0
1214.28  5.32e-13  1.04e-13    -5   411     0
1215.96  5.07e-13  7.03e-14    -5   402     0
1217.63  3.17e-13  6.62e-14    -5   257     0
1219.31  2.20e-13  5.93e-14    -5   182     0
1220.99  9.37e-14  3.21e-14    -5    79     0
1222.66  1.71e-14  1.53e-14    -5    14     0
1224.34  9.25e-15  1.28e-14    -5     8     0
1226.02  5.38e-15  1.23e-14    -4     4     0
1227.69  8.45e-15  1.21e-14    -4     7     0
1229.37  1.46e-14  1.22e-14    -4    13     0
1231.04  4.31e-15  1.14e-14    -4     4     0
1232.72  8.76e-15  1.14e-14    -4     8     0
1234.40  1.11e-14  1.14e-14    -4    10     0
1236.07  4.86e-15  1.08e-14    -4     4     0
1237.75  2.38e-14  1.15e-14    -4    24     0
1239.43  1.47e-14  1.09e-14    -3    15     0
1241.10  1.81e-14  1.17e-14    -3    18     0
1242.78  1.89e-14  1.13e-14    -3    19     0
1244.46 -1.15e-14  9.87e-15    -3   -12     0
1246.13  1.54e-15  9.80e-15    -3     1     0
1247.81  1.40e-14  1.02e-14    -3    14     0
1249.48  1.25e-14  9.95e-15    -3    13     0
1251.16 -5.52e-15  9.31e-15    -3    -6     0
1252.84  6.84e-15  9.48e-15    -2     7     0
1254.51  1.05e-14  9.52e-15    -2    11     0
1256.19  1.05e-14  9.47e-15    -2    11     0
1257.87  7.52e-15  9.25e-15    -2     8     0
1259.54 -9.66e-15  1.04e-14    -2   -10     0
1261.22  6.96e-15  8.93e-15    -2     7     0
1262.89 -1.30e-16  9.63e-15    -2     0     0
1264.57  7.05e-15  8.87e-15    -1     8     0
1266.25  1.95e-16  8.41e-15    -1     0     0
1267.92 -3.07e-15  8.33e-15    -1    -3     0
1269.60  8.42e-15  8.59e-15    -1     9     0
1271.28 -8.98e-15  8.23e-15    -1   -10     0
1272.95  4.46e-15  8.33e-15    -1     5     0
1274.63 -1.29e-15  8.15e-15    -1    -1     0
1276.31  1.88e-14  8.98e-15     0    22     0
1277.98 -4.89e-15  8.00e-15     0    -5     0
1279.66  1.66e-16  7.94e-15     0     0     0
1281.33  1.03e-14  8.33e-15     0    12     0
1283.01  5.92e-15  8.04e-15     0     7     0
1284.69  1.57e-14  8.60e-15     0    18     0
1286.36 -2.66e-15  8.69e-15     0    -3     0
1288.04  4.10e-15  7.80e-15     0     4     0
1289.72  6.68e-15  7.91e-15     0     8     0
1291.39  1.54e-14  8.26e-15     0    18     0
1293.07 -4.64e-15  7.54e-15     0    -5     0
1294.75 -1.40e-14  7.50e-15     0   -17     0
1296.42  1.39e-14  8.18e-15     0    17     0
1298.10  8.09e-15  7.71e-15     0     9     0
1299.77 -2.65e-15  7.38e-15     1    -3     0
1301.45  3.85e-15  7.56e-15     1     4     0
1303.13  2.18e-14  8.37e-15     1    26     0
1304.80  1.77e-14  8.15e-15     1    21     0
1306.48  1.59e-14  8.27e-15     1    19     0
1308.16  3.91e-15  7.57e-15     1     4     0
1309.83  2.45e-15  7.40e-15     2     2     0
1311.51  1.96e-14  8.15e-15     2    23     0
1313.19 -8.98e-15  1.23e-14     2   -10     0
1314.86 -7.66e-15  7.18e-15     2    -9     0
1316.54  7.88e-15  7.97e-15     2     9     0
1318.21  1.21e-14  7.68e-15     2    14     0
1319.89 -3.31e-14  1.19e-14     2   -39     0
1321.57  1.31e-14  7.74e-15     3    15     0
1323.24  1.26e-15  7.28e-15     3     1     0
1324.92 -2.52e-15  8.21e-15     3    -2     0
1326.60  7.79e-16  7.19e-15     3     0     0
1328.27  9.54e-15  7.57e-15     3    11     0
1329.95  4.57e-15  7.71e-15     3     5     0
1331.62  8.50e-15  7.44e-15     3     9     0
1333.30  3.26e-14  8.64e-15     4    38     0
1334.98  2.48e-14  9.26e-15     4    28     0
1336.65  4.15e-14  9.04e-15     4    48     0
1338.33  1.63e-14  8.21e-15     4    19     0
1340.01  1.18e-14  7.66e-15     4    13     0
1341.68  3.02e-15  1.21e-14     4     3     0
1343.36  5.52e-16  7.22e-15     4     0     0
1345.04 -4.11e-15  7.09e-15     5    -4     0
1346.71 -9.88e-15  7.62e-15     5   -11     0
1348.39 -3.96e-15  7.10e-15     5    -4     0
1350.06 -1.09e-14  9.78e-15     5   -12     0
1351.74 -1.74e-15  7.50e-15     5    -1     0
1353.42  9.39e-15  7.53e-15     5    10     0
1355.09  1.17e-14  7.62e-15     5    13     0
1356.77 -9.37e-15  7.09e-15     6   -10     0
1358.45  8.33e-16  7.12e-15     6     0     0
1360.12 -9.12e-15  7.16e-15     6    -9     0
1361.80 -1.42e-15  7.17e-15     6    -1     0
1363.48  3.62e-15  7.35e-15     6     3     0
1365.15 -3.94e-15  7.19e-15     6    -4     0
1366.83  5.88e-15  7.48e-15     6     6     0
1368.50  1.10e-14  7.68e-15     7    11     0
1370.18 -1.07e-15  7.19e-15     7    -1     0
1371.86  3.67e-15  7.34e-15     7     3     0
1373.53 -3.07e-17  7.21e-15     7     0     0
1375.21 -5.41e-15  8.86e-15     7    -5     0
1376.89  9.57e-16  7.26e-15     7     0     0
1378.56 -1.16e-15  7.27e-15     7    -1     0
1380.24  1.14e-14  7.83e-15     7    11     0
1381.91  9.88e-15  1.10e-14     8    10     0
1383.59 -1.04e-14  1.16e-14     8   -10     0
1385.27  7.20e-15  1.03e-14     8     7     0
1386.94  1.39e-15  7.38e-15     8     1     0
1388.62 -2.56e-15  1.01e-14     8    -2     0
1390.30  3.23e-14  8.87e-15     8    31     0
1391.97  2.32e-14  8.55e-15     8    22     0
1393.65  4.26e-15  9.27e-15     8     4     0
1395.33  2.95e-15  7.71e-15     9     2     0
1397.00  2.82e-15  7.58e-15     9     2     0
1398.68  7.05e-15  7.79e-15     9     6     0
1400.35  6.39e-15  7.72e-15     9     6     0
1402.03  7.37e-15  8.12e-15     9     6     0
1403.71 -2.17e-15  7.57e-15     9    -2     0
1405.38  1.03e-14  8.24e-15     9     9     0
1407.06  9.65e-15  8.10e-15     9     8     0
1408.74  6.76e-15  7.91e-15    10     6     0
1410.41 -2.26e-18  7.95e-15    10     0     0
1412.09  5.17e-15  1.04e-14    10     4     0
1413.77  1.61e-14  8.59e-15    10    14     0
1415.44  9.76e-15  8.43e-15    10     8     0
1417.12 -1.53e-14  1.09e-14    10   -13     0
1418.79 -7.83e-15  7.77e-15    10    -6     0
1420.47 -7.46e-15  7.90e-15    10    -6     0
1422.15 -6.47e-15  7.93e-15    10    -5     0
1423.82 -6.16e-15  8.10e-15    11    -5     0
1425.50  6.36e-15  8.25e-15    11     5     0
1427.18  7.98e-15  8.36e-15    11     6     0
1428.85  5.24e-15  8.19e-15    11     4     0
1430.53 -6.49e-15  8.65e-15    11    -5     0
1432.20  1.00e-14  8.52e-15    11     8     0
1433.88  1.13e-14  8.57e-15    11     9     0
1435.56 -2.32e-14  8.19e-15    11   -18     0
1437.23 -4.21e-15  8.09e-15    11    -3     0
1438.91  2.14e-14  9.22e-15    11    16     0
1440.59  1.32e-14  8.62e-15    12    10     0
1442.26  2.45e-14  9.27e-15    12    19     0
1443.94  2.28e-14  9.19e-15    12    17     0
1445.62  1.61e-15  8.14e-15    12     1     0
1447.29  1.48e-14  8.84e-15    12    11     0
1448.97  3.60e-15  8.30e-15    12     2     0
1450.64  5.79e-15  8.34e-15    12     4     0
1452.32  7.60e-15  8.48e-15    12     5     0
1454.00  5.49e-15  8.36e-15    12     4     0
1455.67 -1.25e-14  8.07e-15    12    -9     0
1457.35  1.21e-14  8.59e-15    12     9     0
1459.03  5.47e-15  8.84e-15    13     4     0
1460.70 -1.14e-14  7.99e-15    13    -8     0
1462.38  7.75e-15  8.46e-15    13     5     0
1464.06  4.09e-15  8.13e-15    13     3     0
1465.73  6.56e-15  8.35e-15    13     4     0
1467.41  6.52e-15  8.31e-15    13     4     0
1469.08  1.90e-15  8.09e-15    13     1     0
1470.76  1.00e-14  8.49e-15    13     7     0
1472.44  2.21e-14  9.66e-15    13    16     0
1474.11 -2.37e-15  8.09e-15    13    -1     0
1475.79 -4.81e-15  7.99e-15    13    -3     0
1477.47 -2.03e-15  9.63e-15    14    -1     0
1479.14  6.52e-15  1.02e-14    14     4     0
1480.82 -2.44e-15  7.94e-15    14    -1     0
1482.50  6.43e-16  7.97e-15    14     0     0
1484.17  1.73e-14  8.78e-15    14    12     0
1485.85 -1.13e-14  8.10e-15    14    -8     0
1487.52 -6.21e-15  7.85e-15    14    -4     0
1489.20  8.59e-16  7.85e-15    14     0     0
1490.88  1.64e-14  8.68e-15    14    11     0
1492.55  7.37e-15  8.21e-15    14     5     0
1494.23  1.84e-14  8.85e-15    14    13     0
1495.91 -1.08e-14  7.81e-15    14    -7     0
1497.58  1.13e-14  8.37e-15    14     8     0
1499.26  7.86e-15  1.15e-14    14     5     0
1500.93  7.25e-16  7.81e-15    15     0     0
1502.61 -5.48e-15  7.78e-15    15    -3     0
1504.29  8.93e-15  8.26e-15    15     6     0
1505.96  1.27e-14  8.48e-15    15     8     0
1507.64  1.11e-15  7.81e-15    15     0     0
1509.32  3.41e-15  7.92e-15    15     2     0
1510.99  1.76e-14  8.71e-15    15    12     0
1512.67  6.82e-15  8.19e-15    15     4     0
1514.35 -9.84e-15  7.83e-15    15    -6     0
1516.02 -6.69e-15  7.85e-15    15    -4     0
1517.70  3.73e-15  7.95e-15    15     2     0
1519.37  1.60e-15  7.90e-15    15     1     0
1521.05  1.36e-14  1.16e-14    15     9     0
1522.73  1.12e-14  8.33e-15    15     7     0
1524.40  7.71e-15  8.26e-15    15     5     0
1526.08 -6.31e-16  7.83e-15    16     0     0
1527.76 -4.00e-15  7.81e-15    16    -2     0
1529.43 -5.30e-15  7.80e-15    16    -3     0
1531.11  2.94e-15  7.90e-15    16     1     0
1532.79  1.09e-14  8.34e-15    16     7     0
1534.46  2.25e-15  8.28e-15    16     1     0
1536.14 -7.58e-15  7.67e-15    16    -5     0
1537.81 -8.24e-15  7.87e-15    16    -5     0
1539.49 -1.82e-14  7.61e-15    16   -12     0
1541.17  1.59e-14  8.40e-15    16    10     0
1542.84  2.03e-14  8.67e-15    16    13     0
1544.52  1.35e-14  8.06e-15    16     8     0
1546.20  1.61e-14  8.21e-15    16    10     0
1547.87  3.51e-14  9.30e-15    16    23     0
1549.55  3.90e-14  9.41e-15    16    25     0
1551.22  2.27e-14  8.67e-15    16    15     0
1552.90  3.00e-15  7.49e-15    16     1     0
1554.58  5.83e-15  7.63e-15    17     3     0
1556.25  3.76e-15  7.45e-15    17     2     0
1557.93  1.98e-14  8.44e-15    17    13     0
1559.61  1.04e-14  7.74e-15    17     6     0
1561.28  1.54e-14  7.95e-15    17    10     0
1562.96  5.84e-15  7.38e-15    17     3     0
1564.64 -1.66e-14  7.12e-15    17   -11     0
1566.31 -1.58e-15  7.03e-15    17    -1     0
1567.99 -6.69e-15  6.99e-15    17    -4     0
1569.66  1.05e-14  7.51e-15    17     7     0
1571.34  1.04e-14  7.55e-15    17     6     0
1573.02 -7.03e-15  6.95e-15    17    -4     0
1574.69  9.13e-15  7.40e-15    17     6     0
1576.37  1.13e-14  7.49e-15    17     7     0
1578.05  7.94e-15  7.75e-15    17     5     0
1579.72  1.71e-15  6.89e-15    17     1     0
1581.40 -3.29e-15  6.77e-15    17    -2     0
1583.08  2.81e-15  6.81e-15    17     1     0
1584.75 -1.27e-14  1.00e-14    18    -8     0
1586.43  3.13e-15  6.74e-15    18     2     0
1588.10 -2.38e-15  6.61e-15    18    -1     0
1589.78 -9.54e-15  6.61e-15    18    -6     0
1591.46 -3.86e-15  6.55e-15    18    -2     0
1593.13 -4.14e-16  6.52e-15    18     0     0
1594.81  3.89e-15  6.68e-15    18     2     0
1596.49 -3.18e-15  6.41e-15    18    -2     0
1598.16  1.31e-14  7.03e-15    18     8     0
1599.84  5.88e-15  6.74e-15    18     4     0
1601.52  8.52e-15  6.76e-15    18     5     0
1603.19 -1.31e-15  6.34e-15    18     0     0
1604.87  3.67e-15  6.40e-15    18     2     0
1606.54  6.26e-15  6.54e-15    18     4     0
1608.22  4.78e-15  6.32e-15    18     3     0
1609.90 -4.04e-15  6.12e-15    18    -2     0
1611.57  8.82e-15  6.50e-15    18     6     0
1613.25 -2.14e-15  6.04e-15    18    -1     0
1614.93 -1.07e-15  6.18e-15    19     0     0
1616.60  3.26e-15  7.39e-15    19     2     0
1618.28 -3.02e-15  5.93e-15    19    -2     0
1619.95  3.87e-16  5.89e-15    19     0     0
1621.63  7.17e-15  6.34e-15    19     5     0
1623.31  6.87e-16  5.82e-15    19     0     0
1624.98  3.79e-15  5.95e-15    19     2     0
1626.66  2.03e-15  5.79e-15    19     1     0
1628.34  2.47e-16  5.89e-15    19     0     0
1630.01  8.81e-15  6.14e-15    19     6     0
1631.69  4.20e-15  5.86e-15    19     2     0
1633.37  7.00e-16  5.64e-15    19     0     0
1635.04  6.88e-15  6.71e-15    19     4     0
1636.72  1.90e-14  6.54e-15    19    13     0
1638.39  3.84e-14  7.41e-15    19    27     0
1640.07  4.51e-14  7.91e-15    20    32     0
1641.75  1.96e-14  6.54e-15    20    14     0
1643.42  1.31e-14  6.11e-15    20     9     0
1645.10  2.06e-14  6.54e-15    20    15     0
1646.78  1.47e-14  6.13e-15    20    10     0
1648.45  1.06e-14  5.81e-15    20     7     0
1650.13  9.27e-15  5.67e-15    20     6     0
1651.81  8.75e-15  5.72e-15    20     6     0
1653.48  5.51e-15  5.46e-15    20     4     0
1655.16  1.58e-14  5.99e-15    20    11     0
1656.83  2.01e-14  6.16e-15    20    15     0
1658.51  7.94e-15  5.38e-15    20     5     0
1660.19  7.36e-15  5.31e-15    20     5     0
1661.86 -2.86e-16  4.87e-15    20     0     0
1663.54 -4.44e-16  4.83e-15    21     0     0
1665.22  8.29e-15  5.31e-15    21     6     0
1666.89  9.09e-15  5.31e-15    21     6     0
1668.57  1.15e-14  5.34e-15    21     8     0
1670.24  6.31e-15  5.01e-15    21     4     0
1671.92 -1.14e-15  4.63e-15    21     0     0
1673.60  4.54e-15  4.83e-15    21     3     0
1675.27 -9.34e-15  4.54e-15    21    -7     0
1676.95  1.83e-15  4.60e-15    21     1     0
1678.63  8.98e-17  4.46e-15    21     0     0
1680.30 -4.54e-15  4.43e-15    21    -3     0
1681.98 -4.47e-17  4.39e-15    22     0     0
1683.66 -5.74e-16  6.02e-15    22     0     0
1685.33 -3.58e-15  4.34e-15    22    -2     0
1687.01 -6.13e-15  4.28e-15    22    -4     0
1688.68 -2.80e-15  4.24e-15    22    -2     0
1690.36 -8.20e-17  4.18e-15    22     0     0
1692.04 -6.40e-15  4.14e-15    22    -5     0
1693.71 -4.51e-15  4.10e-15    22    -3     0
1695.39  1.54e-15  4.14e-15    22     1     0
1697.07  1.65e-15  4.12e-15    22     1     0
1698.74  8.33e-15  4.48e-15    22     7     0
1700.42  9.72e-15  4.46e-15    23     8     0
1702.10  4.20e-15  4.14e-15    23     3     0
1703.77 -1.40e-15  3.87e-15    23    -1     0
1705.45  1.03e-15  3.84e-15    23     0     0
1707.12  1.25e-15  3.86e-15    23     1     0
1708.80 -1.29e-15  3.76e-15    23    -1     0
1710.48  2.21e-15  3.83e-15    23     1     0
1712.15 -7.30e-16  3.68e-15    23     0     0
1713.83 -7.78e-16  3.65e-15    23     0     0
1715.51 -2.97e-15  3.62e-15    24    -2     0
1717.18 -2.84e-15  3.56e-15    24    -2     0
1718.86 -5.46e-15  3.53e-15    24    -4     0
1720.54  3.16e-15  3.67e-15    24     2     0
1722.21  6.40e-15  3.83e-15    24     5     0
1723.89  6.30e-15  3.77e-15    24     5     0
1725.56  3.81e-15  3.62e-15    24     3     0
1727.24  2.21e-15  3.50e-15    24     2     0
1728.92  1.00e-15  3.38e-15    24     0     0
1730.59 -6.02e-16  3.30e-15    25     0     0
1732.27  4.77e-15  3.55e-15    25     4     0
1733.95  6.67e-15  3.62e-15    25     6     0
1735.62 -1.49e-15  3.19e-15    25    -1     0
1737.30  3.73e-15  3.36e-15    25     3     0
1738.97  2.09e-15  3.25e-15    25     2     0
1740.65 -4.35e-15  3.08e-15    25    -4     0
1742.33 -3.50e-15  3.04e-15    25    -3     0
1744.00 -2.80e-15  3.01e-15    26    -2     0
1745.68 -4.83e-15  2.99e-15    26    -4     0
1747.36 -1.62e-16  2.96e-15    26     0     0
1749.03  4.33e-15  3.16e-15    26     4     0
1750.71 -5.03e-16  2.89e-15    26     0     0
1752.39 -3.70e-15  2.86e-15    26    -3     0
1754.06 -4.89e-15  2.83e-15    26    -4     0
1755.74 -3.58e-15  3.14e-15    27    -3     0
1757.41 -4.48e-15  2.79e-15    27    -4     0
1759.09  2.25e-16  2.76e-15    27     0     0
1760.77 -3.26e-15  2.74e-15    27    -3     0
1762.44 -2.19e-15  2.71e-15    27    -2     0
1764.12 -1.68e-15  2.68e-15    27    -1     0
1765.80 -2.66e-16  2.65e-15    27     0     0
1767.47  3.63e-15  2.79e-15    28     3     0
1769.15 -2.86e-16  2.60e-15    28     0     0
1770.83 -9.19e-16  2.57e-15    28     0     0
1772.50 -8.49e-16  2.55e-15    28     0     0
1774.18  8.01e-16  2.52e-15    28     0     0
1775.85 -2.44e-15  2.58e-15    28    -2     0
1777.53 -1.78e-15  2.71e-15    28    -1     0
1779.21  2.95e-15  2.64e-15    29     3     0
1780.88  7.04e-16  2.48e-15    29     0     0
1782.56 -2.49e-15  2.41e-15    29    -2     0
1784.24 -5.52e-15  2.39e-15    29    -6     0
1785.91 -5.60e-15  2.36e-15    29    -6     0
1787.59 -3.74e-15  2.34e-15    29    -4     0
1789.26 -3.44e-15  2.32e-15    29    -3     0
1790.94 -7.32e-15  3.17e-15    30    -8     0
1792.62  8.28e-16  3.95e-15    30     0 -4096
1794.29  3.97e-15  4.21e-15    30     4 -4096
1795.97  1.80e-15  2.61e-15    30     2     0
1797.65 -3.76e-15  2.25e-15    30    -4     0
1799.32 -7.68e-16  2.22e-15    30     0     0
1801.00  2.36e-15  2.34e-15    30     2     0
1802.68 -1.96e-15  2.18e-15    31    -2     0
1804.35 -8.91e-16  2.16e-15    31    -1     0
1806.03  2.06e-15  2.29e-15    31     2     0
1807.70  1.08e-14  2.82e-15    31    12     0
1809.38  4.22e-15  2.39e-15    31     4     0
1811.06  1.99e-15  2.20e-15    31     2     0
1812.73  7.74e-15  2.54e-15    32     8     0
1814.41  1.23e-14  4.56e-15    32    14     0
1816.09  1.15e-14  2.76e-15    32    13     0
1817.76  6.39e-15  2.46e-15    32     7     0
1819.44  3.29e-15  2.24e-15    32     3     0
1821.12  2.38e-15  2.17e-15    32     2     0
1822.79 -1.78e-15  2.01e-15    32    -2     0
1824.47  2.08e-15  2.13e-15    33     2     0
1826.14 -3.06e-15  1.99e-15    33    -3     0
1827.82 -1.08e-15  1.97e-15    33    -1     0
1829.50  2.23e-15  2.13e-15    33     2     0
1831.17  2.58e-15  2.07e-15    33     3     0
1832.85  5.88e-16  1.94e-15    33     0     0
1834.53 -8.78e-16  1.90e-15    33    -1     0
1836.20  1.51e-15  2.06e-15    34     1     0
1837.88  2.00e-16  1.88e-15    34     0     0
1839.55  3.49e-15  2.09e-15    34     4     0
1841.23  5.32e-15  2.20e-15    34     6     0
1842.91  3.88e-15  2.09e-15    34     4     0
1844.58  4.19e-15  2.84e-15    34     4     0
1846.26  3.14e-15  2.01e-15    34     3     0
1847.94  5.93e-15  2.44e-15    35     6     0
1849.61  2.83e-15  1.98e-15    35     3     0
1851.29  2.82e-15  1.95e-15    35     3     0
1852.97  5.30e-15  2.08e-15    35     6     0
1854.64  2.21e-15  1.91e-15    35     2     0
1856.32  5.41e-15  2.10e-15    35     6     0
1857.99  3.22e-15  1.95e-15    35     3     0
1859.67  9.37e-16  3.25e-15    36     1     0
1861.35  2.06e-15  1.99e-15    36     2     0
1863.02  1.09e-15  1.87e-15    36     1     0
1864.70  7.94e-16  1.88e-15    36     0     0
1866.38  3.60e-15  3.09e-15    36     4     0
1868.05  1.99e-15  1.92e-15    36     2     0
1869.73  1.15e-15  1.92e-15    36     1     0
1871.41  1.80e-15  2.08e-15    36     2     0
1873.08 -2.11e-15  1.91e-15    37    -2     0
1874.76  1.66e-15  1.91e-15    37     1     0
1876.43  5.42e-15  2.06e-15    37     6     0
1878.11  9.42e-15  2.17e-15    37    10     0
1879.79  8.05e-15  2.14e-15    37     9     0
1881.46  2.82e-15  1.92e-15    37     3     0
1883.14 -6.08e-16  1.93e-15    37     0     0
1884.82  1.21e-16  1.93e-15    37     0     0
1886.49  2.34e-15  1.94e-15    37     2     0
1888.17 -7.61e-17  1.99e-15    37     0     0
1889.85 -2.69e-15  1.95e-15    37    -3     0
1891.52 -2.32e-15  1.94e-15    38    -2     0
1893.20  7.61e-16  1.95e-15    38     0     0
1894.87 -1.19e-15  1.95e-15    38    -1     0
1896.55  1.97e-15  2.27e-15    38     2     0
1898.23 -5.40e-16  1.96e-15    38     0     0
1899.90 -1.77e-15  1.96e-15    38    -1     0
1901.58 -4.39e-15  2.00e-15    38    -4     0
1903.26 -6.42e-15  1.97e-15    38    -7     0
1904.93 -2.54e-15  1.98e-15    38    -2     0
1906.61 -1.71e-15  1.97e-15    38    -1     0
1908.28 -2.06e-15  1.97e-15    38    -2     0
1909.96 -2.11e-15  1.98e-15    38    -2     0
1911.64 -6.06e-15  2.02e-15    38    -6     0
1913.31 -6.36e-15  3.27e-15    38    -6     0
1914.99 -1.71e-15  3.67e-15    38    -1     0
1916.67  2.07e-15  4.30e-15    38     2     0
1918.34  2.30e-15  3.51e-15    38     2     0
1920.02  1.30e-15  4.11e-15    38     1     0
1921.70  1.88e-15  3.08e-15    38     2     0
1923.37  4.46e-16  2.02e-15    38     0     0
1925.05  2.58e-15  2.01e-15    38     2     0
1926.72  3.33e-15  2.01e-15    38     3     0
1928.40  5.36e-17  1.99e-15    38     0     0
1930.08  6.58e-16  1.99e-15    38     0     0
1931.75  1.11e-15  1.99e-15    38     1     0
1933.43 -4.15e-16  1.98e-15    38     0     0
1935.11 -1.42e-15  1.99e-15    38    -1     0
1936.78 -1.49e-15  1.98e-15    38    -1     0
1938.46 -3.55e-15  1.98e-15    38    -3     0
1940.14  1.37e-17  2.02e-15    38     0     0
1941.81 -5.28e-16  1.97e-15    38     0     0
1943.49 -1.52e-16  1.96e-15    38     0     0
1945.16  1.39e-15  1.95e-15    38     1     0
1946.84  5.78e-15  2.27e-15    38     6     0
1948.52  7.71e-15  3.57e-15    37     8     0
1950.19  9.79e-15  3.15e-15    37    10     0
1951.87  1.22e-14  2.53e-15    37    13     0
1953.55  6.22e-15  1.95e-15    37     7     0
1955.22  1.21e-15  1.92e-15    37     1     0
1956.90  1.61e-15  1.95e-15    37     1     0
1958.57 -2.12e-16  1.91e-15    37     0     0
1960.25 -3.00e-16  1.91e-15    36     0     0
1961.93 -6.26e-17  1.96e-15    36     0     0
1963.60  1.77e-15  2.00e-15    36     2     0
1965.28  2.42e-15  1.90e-15    36     2     0
1966.96  5.35e-16  1.90e-15    36     0     0
1968.63 -2.04e-15  1.91e-15    35    -2     0
1970.31  1.66e-15  1.91e-15    35     1     0
1971.99  1.93e-15  1.92e-15    35     2     0
1973.66  1.06e-15  1.93e-15    35     1     0
1975.34  2.83e-15  1.95e-15    34     3     0
1977.01  1.89e-15  1.95e-15    34     2     0
1978.69  1.74e-15  1.96e-15    34     1     0
