NOT ORIGINAL IUE PROJECT DATA PRODUCT
SWP29222LOWLARGE
HD  197481
20:42:06
-31:31:05
48
NO-TRAIL
NO
1799.652
16/09/86
12:26:54
259
7.80
11/10/96
GSFC
2446690.01868
0
83
1150.58 -4.84e-13  1.75e-13  1094   -77     0
1152.26 -2.29e-13  1.64e-13  1095   -39     0
1153.93 -1.12e-13  1.54e-13  1095   -20     0
1155.61  1.28e-15  1.44e-13  1095     0     0
1157.29 -1.69e-14  1.34e-13  1095    -3     0
1158.96 -2.31e-13  1.24e-13  1096   -52     0
1160.64 -8.70e-14  1.16e-13  1096   -21     0
1162.31 -1.38e-13  1.08e-13  1096   -35     0
1163.99  2.49e-14  1.02e-13  1096     6     0
1165.67 -3.19e-14  9.23e-14  1097    -9     0
1167.34  1.08e-13  9.00e-14  1097    35     0
1169.02  1.47e-13  8.71e-14  1097    51     0
1170.70  7.19e-14  7.83e-14  1097    26     0
1172.37 -3.58e-14  7.31e-14  1097   -14     0
1174.05  5.41e-14  6.83e-14  1097    23     0
1175.73  5.63e-14  6.39e-14  1098    25     0
1177.40  4.87e-14  5.96e-14  1098    23     0
1179.08 -1.98e-14  5.45e-14  1098   -10     0
1180.75  3.20e-15  5.11e-14  1098     1     0
1182.43  2.36e-15  4.84e-14  1098     1     0
1184.11 -5.21e-14  4.59e-14  1098   -31     0
1185.78  2.57e-14  4.49e-14  1098    16     0
1187.46 -5.92e-14  5.12e-14  1099   -39     0
1189.14  5.94e-14  4.27e-14  1099    41     0
1190.81  5.66e-14  4.47e-14  1099    41     0
1192.49 -3.70e-16  3.95e-14  1099     0     0
1194.17 -4.94e-14  1.25e-13  1099   -39 -4096
1195.84 -5.95e-14  1.20e-13  1099   -49 -4096
1197.52 -3.46e-14  1.16e-13  1099   -29 -4096
1199.19  9.06e-16  5.31e-14  1099     0 -4096
1200.87  4.87e-14  3.57e-14  1099    45     0
1202.55  1.01e-14  2.95e-14  1100     9     0
1204.22  7.86e-14  3.36e-14  1100    77     0
1205.90  2.00e-13  3.77e-14  1100   203     0
1207.58  1.54e-13  3.49e-14  1100   160     0
1209.25  4.89e-13  1.53e-13  1100   524     0
1210.93  1.13e-12  1.15e-13  1100  1253 -1280
1212.60  1.47e-12  1.16e-13  1100  1667  -256
1214.28  2.27e-12  8.05e-14  1100  2639 -1312
1215.96  1.14e-12  9.92e-14  1100  1365   -32
1217.63  8.60e-13  1.45e-13  1100  1050     0
1219.31  4.42e-13  1.34e-13  1100   552     0
1220.99  3.26e-13  8.05e-14  1100   415     0
1222.66  1.52e-13  5.81e-14  1100   198     0
1224.34 -4.69e-15  2.08e-14  1100    -6     0
1226.02 -3.90e-14  2.03e-14  1100   -52     0
1227.69 -4.01e-15  1.99e-14  1101    -5     0
1229.37  1.72e-15  1.96e-14  1101     2     0
1231.04  3.12e-14  2.07e-14  1101    44     0
1232.72 -1.44e-15  1.89e-14  1101    -2     0
1234.40  1.79e-14  1.96e-14  1101    26     0
1236.07 -1.55e-14  1.83e-14  1101   -23     0
1237.75  2.92e-14  1.95e-14  1101    44     0
1239.43  1.13e-14  1.82e-14  1101    17     0
1241.10 -8.91e-15  2.51e-14  1101   -13     0
1242.78  3.54e-14  1.93e-14  1101    55     0
1244.46 -1.22e-14  1.73e-14  1101   -19     0
1246.13  2.53e-14  1.84e-14  1101    40     0
1247.81  1.24e-15  1.69e-14  1101     1     0
1249.48 -3.12e-14  1.68e-14  1101   -50     0
1251.16  1.29e-14  1.71e-14  1101    21     0
1252.84 -2.72e-15  2.22e-14  1101    -4     0
1254.51 -1.86e-15  1.62e-14  1101    -3     0
1256.19 -1.60e-14  1.61e-14  1101   -26     0
1257.87  9.12e-15  1.64e-14  1101    15     0
1259.54  1.46e-14  1.67e-14  1101    24     0
1261.22  1.07e-14  1.62e-14  1102    18     0
1262.89 -1.75e-14  1.56e-14  1102   -30     0
1264.57  1.24e-15  1.56e-14  1102     2     0
1266.25  2.67e-14  1.68e-14  1102    46     0
1267.92 -1.99e-14  1.53e-14  1102   -35     0
1269.60  4.88e-15  1.54e-14  1102     8     0
1271.28 -4.37e-15  1.52e-14  1102    -7     0
1272.95  3.86e-15  1.51e-14  1102     6     0
1274.63 -2.00e-14  1.50e-14  1102   -35     0
1276.31  2.66e-14  1.63e-14  1102    47     0
1277.98  1.56e-14  1.57e-14  1102    28     0
1279.66 -1.01e-14  1.49e-14  1102   -18     0
1281.33  2.33e-14  1.59e-14  1102    42     0
1283.01  5.86e-16  1.62e-14  1102     1     0
1284.69  9.32e-15  1.51e-14  1102    16     0
1286.36  2.70e-14  1.60e-14  1102    49     0
1288.04  3.97e-15  1.47e-14  1102     7     0
1289.72  7.35e-16  1.45e-14  1103     1     0
1291.39  2.93e-14  1.60e-14  1103    53     0
1293.07  2.21e-15  1.45e-14  1103     4     0
1294.75  1.74e-14  1.53e-14  1103    31     0
1296.42 -9.36e-15  1.44e-14  1103   -17     0
1298.10  4.28e-15  1.45e-14  1103     7     0
1299.77 -3.17e-15  1.43e-14  1103    -5     0
1301.45  1.71e-14  1.53e-14  1103    31     0
1303.13  2.92e-14  1.59e-14  1103    53     0
1304.80  2.05e-14  1.53e-14  1103    37     0
1306.48 -1.29e-14  1.45e-14  1103   -23     0
1308.16  2.62e-14  1.58e-14  1103    47     0
1309.83 -1.63e-14  1.45e-14  1103   -29     0
1311.51  1.35e-14  1.48e-14  1104    24     0
1313.19  3.34e-14  1.61e-14  1104    60     0
1314.86  5.90e-15  1.46e-14  1104    10     0
1316.54 -1.97e-16  1.43e-14  1104     0     0
1318.21  1.60e-14  1.52e-14  1104    29     0
1319.89  7.04e-15  1.47e-14  1104    12     0
1321.57  2.31e-14  1.57e-14  1104    41     0
1323.24  2.38e-14  1.58e-14  1104    42     0
1324.92  7.49e-15  1.49e-14  1104    13     0
1326.60 -9.07e-15  1.46e-14  1104   -16     0
1328.27  2.13e-15  1.47e-14  1105     3     0
1329.95  7.58e-15  1.49e-14  1105    13     0
1331.62  3.29e-14  1.62e-14  1105    58     0
1333.30  4.32e-14  1.69e-14  1105    76     0
1334.98  5.28e-15  1.49e-14  1105     9     0
1336.65 -3.41e-15  1.46e-14  1105    -6     0
1338.33 -1.71e-14  1.46e-14  1105   -30     0
1340.01  1.22e-14  1.53e-14  1105    21     0
1341.68  9.52e-15  1.74e-14  1105    16     0
1343.36 -2.24e-14  1.49e-14  1106   -38     0
1345.04 -1.71e-14  1.49e-14  1106   -29     0
1346.71 -1.06e-14  1.49e-14  1106   -18     0
1348.39 -2.35e-14  1.50e-14  1106   -39     0
1350.06  1.07e-15  1.50e-14  1106     1     0
1351.74  2.71e-14  1.63e-14  1106    45     0
1353.42  1.09e-14  1.56e-14  1106    18     0
1355.09 -9.86e-15  1.52e-14  1106   -16     0
1356.77  2.53e-14  1.64e-14  1107    42     0
1358.45  1.45e-14  1.63e-14  1107    24     0
1360.12 -1.32e-14  1.54e-14  1107   -21     0
1361.80  3.26e-15  1.56e-14  1107     5     0
1363.48  5.13e-15  1.57e-14  1107     8     0
1365.15  7.11e-15  1.58e-14  1107    11     0
1366.83 -6.71e-15  1.65e-14  1107   -10     0
1368.50  1.79e-14  1.66e-14  1108    28     0
1370.18  2.57e-14  1.68e-14  1108    40     0
1371.86  3.11e-14  1.72e-14  1108    49     0
1373.53  5.70e-15  1.61e-14  1108     8     0
1375.21 -2.10e-14  1.59e-14  1108   -32     0
1376.89 -2.72e-15  1.60e-14  1108    -4     0
1378.56  1.58e-14  1.66e-14  1108    24     0
1380.24  1.75e-14  1.70e-14  1109    26     0
1381.91 -1.69e-14  1.62e-14  1109   -25     0
1383.59  3.22e-14  1.79e-14  1109    48     0
1385.27  3.61e-14  1.79e-14  1109    54     0
1386.94  1.89e-14  1.74e-14  1109    28     0
1388.62 -3.05e-15  1.65e-14  1109    -4     0
1390.30  3.35e-15  1.68e-14  1109     4     0
1391.97  1.34e-15  1.67e-14  1110     1     0
1393.65 -7.00e-15  1.69e-14  1110   -10     0
1395.33 -2.06e-14  1.69e-14  1110   -29     0
1397.00 -6.43e-15  1.70e-14  1110    -9     0
1398.68 -1.33e-14  1.71e-14  1110   -18     0
1400.35  3.07e-14  1.86e-14  1110    43     0
1402.03  1.93e-14  1.81e-14  1111    27     0
1403.71 -1.56e-15  1.75e-14  1111    -2     0
1405.38 -1.34e-14  1.75e-14  1111   -18     0
1407.06  1.59e-14  1.81e-14  1111    21     0
1408.74  2.03e-14  1.87e-14  1111    27     0
1410.41  7.53e-15  1.81e-14  1111    10     0
1412.09 -1.35e-14  1.79e-14  1112   -18     0
1413.77  1.72e-14  1.99e-14  1112    22     0
1415.44  3.97e-14  1.99e-14  1112    52     0
1417.12  2.71e-14  1.93e-14  1112    35     0
1418.79  2.69e-14  1.93e-14  1112    35     0
1420.47  4.90e-14  2.07e-14  1112    62     0
1422.15  3.36e-14  2.00e-14  1113    42     0
1423.82  9.00e-15  1.91e-14  1113    11     0
1425.50  3.23e-14  2.01e-14  1113    40     0
1427.18 -6.15e-15  1.92e-14  1113    -7     0
1428.85  2.75e-14  2.00e-14  1113    34     0
1430.53  1.07e-14  1.94e-14  1113    13     0
1432.20  1.68e-14  1.98e-14  1114    20     0
1433.88 -2.07e-14  1.92e-14  1114   -25     0
1435.56 -7.37e-15  1.94e-14  1114    -8     0
1437.23  1.42e-14  2.06e-14  1114    17     0
1438.91  2.57e-14  2.07e-14  1114    30     0
1440.59 -7.17e-15  1.94e-14  1114    -8     0
1442.26  1.82e-14  2.03e-14  1115    21     0
1443.94  7.83e-15  1.99e-14  1115     9     0
1445.62  1.50e-14  2.03e-14  1115    17     0
1447.29 -2.71e-14  1.97e-14  1115   -31     0
1448.97 -1.08e-14  1.98e-14  1115   -12     0
1450.64 -2.78e-14  2.00e-14  1115   -32     0
1452.32  7.65e-15  2.01e-14  1116     8     0
1454.00 -5.94e-15  1.98e-14  1116    -6     0
1455.67  1.36e-14  2.03e-14  1116    15     0
1457.35  3.21e-14  2.12e-14  1116    36     0
1459.03  1.32e-14  2.04e-14  1116    15     0
1460.70  2.81e-14  3.10e-14  1116    32     0
1462.38 -9.78e-15  2.01e-14  1117   -11     0
1464.06  4.54e-15  1.98e-14  1117     5     0
1465.73 -6.45e-15  2.00e-14  1117    -7     0
1467.41  1.22e-15  2.00e-14  1117     1     0
1469.08  9.75e-14  2.41e-14  1117   109     0
1470.76  2.92e-14  2.13e-14  1117    32     0
1472.44 -2.95e-15  2.01e-14  1118    -3     0
1474.11 -1.26e-14  2.01e-14  1118   -13     0
1475.79 -1.88e-14  2.01e-14  1118   -20     0
1477.47 -1.98e-14  2.02e-14  1118   -21     0
1479.14  1.59e-14  2.07e-14  1118    17     0
1480.82  4.17e-14  2.18e-14  1118    45     0
1482.50 -1.02e-14  2.01e-14  1118   -11     0
1484.17 -4.46e-14  2.40e-14  1119   -48     0
1485.85 -9.45e-15  2.01e-14  1119   -10     0
1487.52  6.08e-15  2.02e-14  1119     6     0
1489.20  2.22e-14  2.09e-14  1119    24     0
1490.88  2.27e-14  2.11e-14  1119    24     0
1492.55  2.91e-14  2.13e-14  1119    31     0
1494.23 -1.70e-14  2.05e-14  1119   -18     0
1495.91  1.14e-15  2.02e-14  1120     1     0
1497.58 -1.05e-15  2.02e-14  1120    -1     0
1499.26 -6.34e-15  2.02e-14  1120    -6     0
1500.93 -4.38e-14  2.02e-14  1120   -46     0
1502.61  1.53e-14  2.08e-14  1120    16     0
1504.29 -8.52e-15  2.03e-14  1120    -9     0
1505.96  2.70e-14  2.13e-14  1120    28     0
1507.64  2.06e-14  2.39e-14  1121    21     0
1509.32  2.30e-15  2.05e-14  1121     2     0
1510.99 -1.15e-15  2.05e-14  1121    -1     0
1512.67 -7.25e-15  2.06e-14  1121    -7     0
1514.35  2.83e-14  2.17e-14  1121    29     0
1516.02 -2.27e-14  2.07e-14  1121   -23     0
1517.70  2.62e-14  2.17e-14  1121    26     0
1519.37 -1.76e-14  2.08e-14  1121   -17     0
1521.05 -3.47e-14  2.08e-14  1122   -35     0
1522.73  5.52e-15  2.10e-14  1122     5     0
1524.40  2.21e-14  2.17e-14  1122    22     0
1526.08  1.68e-14  2.15e-14  1122    16     0
1527.76  6.98e-16  2.09e-14  1122     0     0
1529.43 -3.09e-14  2.09e-14  1122   -30     0
1531.11 -2.50e-14  2.08e-14  1122   -25     0
1532.79  1.15e-14  2.11e-14  1122    11     0
1534.46  7.92e-15  2.10e-14  1122     7     0
1536.14 -1.59e-14  2.07e-14  1122   -15     0
1537.81 -2.94e-14  2.06e-14  1123   -29     0
1539.49 -4.74e-17  2.06e-14  1123     0     0
1541.17 -1.29e-14  2.05e-14  1123   -12     0
1542.84  3.34e-14  2.16e-14  1123    33     0
1544.52  2.44e-14  2.18e-14  1123    24     0
1546.20  6.59e-14  2.60e-14  1123    65     0
1547.87  2.97e-14  2.13e-14  1123    29     0
1549.55  2.65e-14  2.11e-14  1123    26     0
1551.22  4.18e-14  2.16e-14  1123    41     0
1552.90 -2.71e-14  2.02e-14  1123   -26     0
1554.58 -3.20e-14  2.03e-14  1123   -31     0
1556.25 -3.56e-14  2.01e-14  1124   -35     0
1557.93  3.10e-14  2.10e-14  1124    30     0
1559.61  3.37e-16  1.99e-14  1124     0     0
1561.28 -6.50e-16  1.98e-14  1124     0     0
1562.96  1.38e-14  2.02e-14  1124    13     0
1564.64  1.95e-14  2.03e-14  1124    19     0
1566.31 -1.11e-14  1.95e-14  1124   -11     0
1567.99 -1.57e-14  1.95e-14  1124   -15     0
1569.66  6.33e-15  1.95e-14  1124     6     0
1571.34  5.44e-14  2.11e-14  1124    54     0
1573.02  9.41e-15  1.98e-14  1124     9     0
1574.69  1.42e-14  1.98e-14  1124    14     0
1576.37  1.22e-14  2.18e-14  1124    12     0
1578.05  4.75e-14  2.07e-14  1124    47     0
1579.72 -3.01e-14  1.92e-14  1124   -30     0
1581.40 -2.14e-14  1.91e-14  1124   -21     0
1583.08  1.16e-14  1.93e-14  1124    11     0
1584.75  4.22e-14  2.01e-14  1124    42     0
1586.43 -1.17e-14  1.88e-14  1124   -11     0
1588.10  1.98e-14  1.93e-14  1124    20     0
1589.78  1.10e-14  1.89e-14  1124    11     0
1591.46  4.39e-14  2.01e-14  1125    44     0
1593.13  4.90e-14  2.00e-14  1125    49     0
1594.81  1.35e-14  1.89e-14  1125    13     0
1596.49  2.38e-14  1.90e-14  1125    24     0
1598.16 -1.09e-16  1.82e-14  1125     0     0
1599.84  1.07e-14  1.84e-14  1125    11     0
1601.52  1.82e-14  1.86e-14  1125    18     0
1603.19  8.03e-15  1.82e-14  1125     8     0
1604.87  3.00e-14  1.86e-14  1125    31     0
1606.54  8.33e-15  1.81e-14  1125     8     0
1608.22  1.21e-14  1.81e-14  1125    12     0
1609.90 -4.41e-15  1.79e-14  1125    -4     0
1611.57  3.35e-15  1.77e-14  1125     3     0
1613.25 -1.53e-14  1.75e-14  1125   -16     0
1614.93 -1.57e-14  1.74e-14  1125   -16     0
1616.60  7.45e-15  1.76e-14  1125     7     0
1618.28  4.41e-14  1.84e-14  1125    46     0
1619.95  3.58e-14  1.81e-14  1125    37     0
1621.63 -2.50e-15  1.70e-14  1125    -2     0
1623.31  1.79e-14  1.73e-14  1125    18     0
1624.98  5.03e-15  1.70e-14  1125     5     0
1626.66  1.32e-14  1.71e-14  1124    14     0
1628.34  1.12e-15  1.67e-14  1124     1     0
1630.01 -8.62e-15  1.67e-14  1124    -9     0
1631.69 -1.44e-15  1.66e-14  1124    -1     0
1633.37 -4.65e-15  1.65e-14  1124    -4     0
1635.04  4.35e-14  1.74e-14  1124    46     0
1636.72  1.02e-13  1.86e-14  1124   110     0
1638.39  6.50e-14  1.77e-14  1124    70     0
1640.07  4.17e-14  1.71e-14  1124    45     0
1641.75  9.32e-15  1.62e-14  1124    10     0
1643.42 -1.28e-14  1.59e-14  1124   -13     0
1645.10  3.69e-14  1.66e-14  1124    40     0
1646.78  1.50e-15  1.57e-14  1124     1     0
1648.45  6.85e-16  1.56e-14  1124     0     0
1650.13  2.78e-15  1.56e-14  1124     3     0
1651.81  5.50e-15  1.56e-14  1124     6     0
1653.48  1.34e-14  1.56e-14  1124    14     0
1655.16  6.76e-15  1.53e-14  1124     7     0
1656.83  2.67e-14  1.57e-14  1124    30     0
1658.51  2.97e-14  1.56e-14  1124    33     0
1660.19  8.60e-15  1.50e-14  1124     9     0
1661.86  2.69e-14  1.53e-14  1123    30     0
1663.54  4.39e-14  1.55e-14  1123    50     0
1665.22  5.17e-15  1.47e-14  1123     5     0
1666.89  1.53e-14  1.49e-14  1123    17     0
1668.57  5.96e-15  1.59e-14  1123     6     0
1670.24 -5.28e-15  1.42e-14  1123    -6     0
1671.92 -1.29e-14  1.41e-14  1123   -15     0
1673.60  1.32e-14  1.43e-14  1123    15     0
1675.27  3.51e-14  1.46e-14  1123    41     0
1676.95  2.83e-14  1.43e-14  1123    33     0
1678.63  1.79e-14  1.40e-14  1123    21     0
1680.30  6.47e-16  1.36e-14  1123     0     0
1681.98  2.38e-14  1.40e-14  1123    28     0
1683.66  4.57e-15  1.35e-14  1122     5     0
1685.33  6.88e-17  1.33e-14  1122     0     0
1687.01  9.42e-15  1.34e-14  1122    11     0
1688.68  1.24e-14  1.33e-14  1122    15     0
1690.36 -4.05e-15  1.30e-14  1122    -5     0
1692.04  1.88e-15  1.29e-14  1122     2     0
1693.71  4.00e-14  1.35e-14  1122    50     0
1695.39  2.87e-14  1.31e-14  1122    36     0
1697.07 -6.16e-15  1.25e-14  1122    -7     0
1698.74  1.24e-14  1.26e-14  1122    15     0
1700.42  1.88e-14  1.26e-14  1121    24     0
1702.10  1.93e-14  1.25e-14  1121    24     0
1703.77  2.35e-15  1.21e-14  1121     3     0
1705.45 -2.95e-15  1.23e-14  1121    -3     0
1707.12 -1.92e-14  1.19e-14  1121   -24     0
1708.80 -9.20e-15  1.18e-14  1121   -12     0
1710.48 -1.06e-14  1.17e-14  1121   -13     0
1712.15 -1.16e-14  1.16e-14  1121   -15     0
1713.83 -6.17e-15  1.15e-14  1121    -8     0
1715.51 -2.82e-15  1.14e-14  1120    -3     0
1717.18 -8.95e-15  1.13e-14  1120   -12     0
1718.86 -1.81e-14  1.12e-14  1120   -24     0
1720.54  4.00e-16  1.11e-14  1120     0     0
1722.21  1.88e-15  1.10e-14  1120     2     0
1723.89  1.23e-15  1.09e-14  1120     1     0
1725.56 -1.80e-14  1.09e-14  1120   -24     0
1727.24 -1.61e-14  1.08e-14  1120   -22     0
1728.92 -1.94e-14  1.07e-14  1119   -27     0
1730.59  1.69e-15  1.06e-14  1119     2     0
1732.27  1.50e-14  1.07e-14  1119    21     0
1733.95  1.30e-14  1.06e-14  1119    18     0
1735.62  1.36e-14  1.05e-14  1119    19     0
1737.30  3.49e-15  1.03e-14  1119     5     0
1738.97 -1.47e-14  1.01e-14  1119   -21     0
1740.65  8.12e-15  1.01e-14  1119    11     0
1742.33 -3.12e-15  9.89e-15  1118    -4     0
1744.00  1.42e-14  9.99e-15  1118    21     0
1745.68  2.14e-14  1.11e-14  1118    31     0
1747.36  1.78e-14  9.88e-15  1118    26     0
1749.03  2.44e-14  9.88e-15  1118    36     0
1750.71  1.22e-14  9.62e-15  1118    18     0
1752.39  1.45e-14  9.56e-15  1118    22     0
1754.06  5.15e-15  9.37e-15  1118     7     0
1755.74  3.17e-15  9.31e-15  1117     4     0
1757.41  8.57e-15  9.30e-15  1117    13     0
1759.09 -1.68e-14  9.12e-15  1117   -26     0
1760.77  1.42e-15  9.08e-15  1117     2     0
1762.44  2.35e-14  9.25e-15  1117    36     0
1764.12  1.06e-14  9.04e-15  1117    16     0
1765.80  8.58e-15  8.92e-15  1117    13     0
1767.47  2.40e-15  8.78e-15  1117     3     0
1769.15  8.64e-15  8.79e-15  1116    13     0
1770.83  1.29e-14  8.75e-15  1116    20     0
1772.50  2.93e-16  8.55e-15  1116     0     0
1774.18 -5.71e-15  8.48e-15  1116    -9     0
1775.85 -5.86e-15  8.62e-15  1116    -9     0
1777.53 -1.16e-14  8.38e-15  1116   -18     0
1779.21  8.35e-15  8.40e-15  1116    13     0
1780.88  1.37e-14  8.40e-15  1115    22     0
1782.56  2.53e-14  8.56e-15  1115    41     0
1784.24  7.15e-15  8.23e-15  1115    11     0
1785.91 -9.10e-15  8.25e-15  1115   -15     0
1787.59 -1.45e-14  8.02e-15  1115   -24     0
1789.26  2.33e-15  7.99e-15  1115     3     0
1790.94  3.32e-15  8.01e-15  1115     5     0
1792.62  4.62e-15  1.35e-14  1115     7 -4096
1794.29  8.29e-15  1.35e-14  1114    14 -4096
1795.97  1.45e-14  8.74e-15  1114    24     0
1797.65  2.58e-14  8.78e-15  1114    43     0
1799.32 -4.39e-15  7.72e-15  1114    -7     0
1801.00  6.82e-15  1.15e-14  1114    11     0
1802.68  8.54e-15  7.84e-15  1114    14     0
1804.35  5.51e-15  7.64e-15  1114     9     0
1806.03  2.36e-16  7.59e-15  1114     0     0
1807.70  1.06e-14  7.64e-15  1113    18     0
1809.38  1.16e-14  7.61e-15  1113    19     0
1811.06  4.19e-15  7.50e-15  1113     7     0
1812.73  1.53e-14  7.61e-15  1113    26     0
1814.41  1.71e-14  7.52e-15  1113    29     0
1816.09  1.02e-14  7.50e-15  1113    17     0
1817.76  9.77e-16  7.35e-15  1113     1     0
1819.44  5.22e-15  7.35e-15  1112     9     0
1821.12  8.82e-15  7.38e-15  1112    15     0
1822.79  6.31e-15  7.33e-15  1112    10     0
1824.47 -7.92e-16  7.25e-15  1112    -1     0
1826.14 -9.22e-16  7.24e-15  1112    -1     0
1827.82  1.51e-14  7.31e-15  1112    26     0
1829.50  8.67e-15  7.24e-15  1112    15     0
1831.17  9.98e-16  7.10e-15  1112     1     0
1832.85 -2.47e-15  7.07e-15  1112    -4     0
1834.53 -4.74e-15  7.05e-15  1111    -8     0
1836.20  4.53e-15  7.07e-15  1111     7     0
1837.88 -6.77e-15  7.03e-15  1111   -11     0
1839.55  1.40e-16  7.00e-15  1111     0     0
1841.23  8.22e-15  7.09e-15  1111    14     0
1842.91  1.82e-14  7.06e-15  1111    31     0
1844.58  1.44e-14  7.03e-15  1111    25     0
1846.26  4.86e-15  6.92e-15  1111     8     0
1847.94  4.08e-15  6.90e-15  1110     7     0
1849.61  1.99e-15  6.88e-15  1110     3     0
1851.29  7.10e-15  6.94e-15  1110    12     0
1852.97  4.35e-15  6.91e-15  1110     7     0
1854.64 -1.22e-15  6.87e-15  1110    -2     0
1856.32 -7.54e-15  6.84e-15  1110   -13     0
1857.99 -1.09e-14  6.83e-15  1110   -19     0
1859.67 -9.14e-15  6.82e-15  1110   -15     0
1861.35 -2.82e-15  6.80e-15  1110    -4     0
1863.02  1.06e-15  6.79e-15  1109     1     0
1864.70 -4.79e-15  6.78e-15  1109    -8     0
1866.38 -9.12e-15  6.82e-15  1109   -15     0
1868.05 -1.52e-16  6.81e-15  1109     0     0
1869.73  7.51e-15  6.84e-15  1109    12     0
1871.41  5.26e-15  6.82e-15  1109     9     0
1873.08 -3.11e-15  6.79e-15  1109    -5     0
1874.76 -8.70e-15  6.79e-15  1109   -14     0
1876.43 -8.04e-15  6.78e-15  1108   -13     0
1878.11 -7.39e-15  6.78e-15  1108   -12     0
1879.79 -6.49e-15  6.77e-15  1108   -11     0
1881.46 -6.52e-15  6.76e-15  1108   -11     0
1883.14 -8.41e-16  6.76e-15  1108    -1     0
1884.82  5.47e-17  6.76e-15  1108     0     0
1886.49  1.24e-15  6.78e-15  1108     2     0
1888.17 -2.61e-15  6.77e-15  1108    -4     0
1889.85  1.82e-15  6.78e-15  1108     3     0
1891.52  4.60e-15  6.76e-15  1107     7     0
1893.20 -3.54e-15  6.74e-15  1107    -5     0
1894.87 -4.22e-15  6.74e-15  1107    -7     0
1896.55 -6.59e-15  6.75e-15  1107   -11     0
1898.23 -5.66e-15  6.74e-15  1107    -9     0
1899.90 -1.24e-15  6.74e-15  1107    -2     0
1901.58  2.12e-15  6.76e-15  1107     3     0
1903.26  4.45e-16  6.75e-15  1107     0     0
1904.93  2.85e-15  6.75e-15  1106     4     0
1906.61  4.66e-15  6.72e-15  1106     7     0
1908.28  3.37e-15  6.71e-15  1106     5     0
1909.96  4.95e-15  6.71e-15  1106     8     0
1911.64  6.52e-15  6.73e-15  1106    10     0
1913.31  2.31e-14  6.75e-15  1106    38     0
1914.99  1.59e-14  6.73e-15  1106    26     0
1916.67  1.14e-14  6.76e-15  1106    18     0
1918.34  7.48e-15  6.74e-15  1105    12     0
1920.02  7.09e-15  6.72e-15  1105    11     0
1921.70  4.09e-15  6.70e-15  1105     6     0
1923.37  4.56e-15  6.73e-15  1105     7     0
1925.05  9.44e-15  6.71e-15  1105    15     0
1926.72  5.72e-15  6.68e-15  1105     9     0
1928.40  1.40e-14  6.64e-15  1105    23     0
1930.08  2.37e-14  6.62e-15  1104    39     0
1931.75  1.31e-14  6.59e-15  1104    21     0
1933.43  3.81e-15  6.55e-15  1104     6     0
1935.11 -1.56e-15  6.54e-15  1104    -2     0
1936.78 -1.00e-15  6.51e-15  1104    -1     0
1938.46  5.99e-15  6.50e-15  1104     9     0
1940.14  1.65e-15  6.46e-15  1103     2     0
1941.81 -3.56e-15  6.43e-15  1103    -5     0
1943.49 -8.12e-16  6.40e-15  1103    -1     0
1945.16 -2.53e-15  6.36e-15  1103    -4     0
1946.84  2.01e-15  6.33e-15  1103     3     0
1948.52  1.41e-16  6.30e-15  1103     0     0
1950.19 -1.56e-15  6.29e-15  1102    -2     0
1951.87 -3.17e-15  6.26e-15  1102    -5     0
1953.55 -4.58e-15  6.23e-15  1102    -7     0
1955.22 -2.92e-15  6.19e-15  1102    -4     0
1956.90  5.60e-17  6.16e-15  1102     0     0
1958.57 -3.94e-15  6.14e-15  1101    -6     0
1960.25 -7.46e-15  6.12e-15  1101   -12     0
1961.93 -1.17e-14  6.10e-15  1101   -20     0
1963.60 -5.18e-15  6.09e-15  1101    -8     0
1965.28 -2.74e-16  6.08e-15  1100     0     0
1966.96 -1.03e-15  6.08e-15  1100    -1     0
1968.63 -2.50e-15  6.08e-15  1100    -4     0
1970.31 -8.15e-15  6.08e-15  1100   -13     0
1971.99 -5.71e-15  6.11e-15  1099    -9     0
1973.66 -4.60e-16  6.14e-15  1099     0     0
1975.34 -1.06e-14  6.16e-15  1099   -17     0
1977.01 -1.46e-14  6.18e-15  1099   -24     0
1978.69 -1.31e-14  6.21e-15  1098   -21     0
