NOT ORIGINAL IUE PROJECT DATA PRODUCT
SWP29182LOWLARGE
HD  197481
20:42:06
-31:31:05
48
NO-TRAIL
NO
1799.652
10/09/86
11:14:21
253
8.20
28/07/95
GSFC
2446683.96830
0
61
1150.58 -1.43e-13  1.42e-13   737   -22     0
1152.26  1.64e-13  1.40e-13   737    28     0
1153.93  7.10e-14  1.29e-13   738    12     0
1155.61 -2.28e-13  1.18e-13   738   -44     0
1157.29  3.14e-14  1.10e-13   738     6     0
1158.96 -1.10e-13  1.01e-13   739   -24     0
1160.64 -1.88e-13  9.42e-14   739   -45     0
1162.31 -1.35e-13  8.78e-14   739   -34     0
1163.99 -7.08e-14  8.18e-14   740   -19     0
1165.67 -1.02e-13  7.47e-14   740   -31     0
1167.34 -4.28e-14  6.97e-14   741   -13     0
1169.02  7.47e-15  6.53e-14   741     2     0
1170.70 -3.25e-14  6.06e-14   741   -12     0
1172.37 -5.72e-14  5.67e-14   741   -22     0
1174.05  4.03e-14  6.27e-14   742    17     0
1175.73  4.10e-14  5.17e-14   742    18     0
1177.40  5.55e-14  5.27e-14   742    26     0
1179.08 -4.99e-14  4.40e-14   743   -25     0
1180.75 -4.50e-14  4.13e-14   743   -24     0
1182.43 -2.42e-14  3.90e-14   743   -13     0
1184.11 -4.02e-14  3.70e-14   743   -24     0
1185.78 -6.96e-15  3.52e-14   744    -4     0
1187.46 -2.44e-15  4.04e-14   744    -1     0
1189.14  5.84e-14  3.47e-14   744    40     0
1190.81  2.18e-14  3.45e-14   744    16     0
1192.49  3.26e-14  3.36e-14   745    25     0
1194.17 -2.21e-14  1.00e-13   745   -17 -4096
1195.84 -6.40e-14  9.64e-14   745   -53 -4096
1197.52  1.11e-16  9.28e-14   745     0 -4096
1199.19  2.25e-14  4.41e-14   745    20 -4096
1200.87 -2.94e-16  2.63e-14   746     0     0
1202.55 -1.09e-14  2.33e-14   746   -10     0
1204.22  2.18e-14  2.36e-14   746    21     0
1205.90  7.73e-14  2.55e-14   746    78     0
1207.58  4.90e-14  5.18e-14   746    51     0
1209.25  2.24e-13  6.78e-14   746   239     0
1210.93  4.31e-13  9.21e-14   747   476     0
1212.60  7.81e-13  1.63e-13   747   885     0
1214.28  9.55e-13  1.67e-13   747  1110     0
1215.96  8.83e-13  1.03e-13   747  1052     0
1217.63  6.83e-13  1.36e-13   747   833     0
1219.31  4.89e-13  1.05e-13   747   609     0
1220.99  2.23e-13  5.73e-14   747   283     0
1222.66  4.89e-14  3.13e-14   748    63     0
1224.34 -8.89e-15  1.66e-14   748   -11     0
1226.02 -1.46e-14  1.61e-14   748   -19     0
1227.69  1.34e-14  1.63e-14   748    18     0
1229.37  1.18e-14  1.61e-14   748    16     0
1231.04  2.90e-14  1.67e-14   748    41     0
1232.72 -1.07e-14  1.50e-14   748   -15     0
1234.40  2.02e-15  1.49e-14   749     2     0
1236.07  5.49e-15  1.47e-14   749     8     0
1237.75  2.48e-14  1.55e-14   749    37     0
1239.43  4.02e-15  1.43e-14   749     6     0
1241.10  2.15e-16  1.40e-14   749     0     0
1242.78 -6.07e-15  1.38e-14   749    -9     0
1244.46 -1.93e-14  1.37e-14   749   -30     0
1246.13  3.19e-15  1.37e-14   749     5     0
1247.81  2.66e-14  1.48e-14   749    42     0
1249.48  1.50e-14  1.40e-14   750    24     0
1251.16  2.64e-14  1.44e-14   750    43     0
1252.84  4.12e-15  1.31e-14   750     6     0
1254.51  2.35e-14  1.52e-14   750    39     0
1256.19 -3.83e-15  1.28e-14   750    -6     0
1257.87  2.26e-15  1.27e-14   750     3     0
1259.54  2.55e-14  1.39e-14   750    43     0
1261.22  4.17e-14  1.44e-14   750    71     0
1262.89  3.57e-15  1.25e-14   750     6     0
1264.57 -4.52e-15  1.22e-14   750    -7     0
1266.25  1.10e-14  1.26e-14   751    19     0
1267.92 -4.49e-15  1.20e-14   751    -7     0
1269.60 -1.83e-14  1.20e-14   751   -32     0
1271.28  2.67e-15  1.21e-14   751     4     0
1272.95 -1.34e-15  1.19e-14   751    -2     0
1274.63  9.59e-15  1.23e-14   751    17     0
1276.31  2.46e-14  1.31e-14   751    43     0
1277.98  2.57e-15  1.19e-14   751     4     0
1279.66 -4.29e-15  1.17e-14   751    -7     0
1281.33  1.15e-14  1.22e-14   751    20     0
1283.01 -1.71e-15  1.16e-14   752    -3     0
1284.69  2.06e-14  1.26e-14   752    37     0
1286.36  5.11e-15  1.17e-14   752     9     0
1288.04  7.61e-17  1.14e-14   752     0     0
1289.72 -1.29e-16  1.14e-14   752     0     0
1291.39  1.32e-14  1.20e-14   752    24     0
1293.07  1.03e-14  1.18e-14   752    18     0
1294.75  2.27e-14  1.24e-14   752    41     0
1296.42  8.36e-15  1.17e-14   752    15     0
1298.10 -1.68e-15  1.12e-14   752    -3     0
1299.77 -1.12e-15  1.12e-14   753    -2     0
1301.45  1.35e-14  1.19e-14   753    24     0
1303.13  2.26e-14  1.25e-14   753    41     0
1304.80  3.47e-14  1.30e-14   753    63     0
1306.48  8.97e-15  1.18e-14   753    16     0
1308.16  1.88e-14  1.23e-14   753    34     0
1309.83  8.52e-15  1.18e-14   753    15     0
1311.51  8.17e-15  1.16e-14   753    14     0
1313.19 -8.08e-15  1.12e-14   753   -14     0
1314.86 -3.86e-15  1.12e-14   753    -7     0
1316.54  6.98e-15  1.15e-14   754    12     0
1318.21  1.77e-14  1.20e-14   754    32     0
1319.89  4.21e-15  1.14e-14   754     7     0
1321.57  1.56e-14  1.21e-14   754    27     0
1323.24 -7.50e-15  1.14e-14   754   -13     0
1324.92  1.25e-14  1.20e-14   754    22     0
1326.60  4.99e-15  1.17e-14   754     8     0
1328.27 -5.01e-16  1.14e-14   754     0     0
1329.95 -1.50e-14  1.15e-14   754   -26     0
1331.62  1.00e-14  1.18e-14   755    17     0
1333.30  2.43e-14  1.24e-14   755    42     0
1334.98  3.55e-14  1.30e-14   755    62     0
1336.65  2.21e-14  1.25e-14   755    38     0
1338.33  9.56e-15  1.18e-14   755    16     0
1340.01  2.84e-14  1.29e-14   755    49     0
1341.68  2.04e-15  1.58e-14   755     3     0
1343.36 -1.66e-15  1.16e-14   755    -2     0
1345.04 -6.69e-15  1.16e-14   756   -11     0
1346.71 -2.74e-15  1.17e-14   756    -4     0
1348.39  1.02e-14  1.22e-14   756    17     0
1350.06 -3.12e-15  1.40e-14   756    -5     0
1351.74  1.18e-14  1.22e-14   756    19     0
1353.42  2.52e-14  1.30e-14   756    42     0
1355.09  4.92e-15  1.20e-14   756     8     0
1356.77  3.36e-15  1.19e-14   756     5     0
1358.45  7.58e-15  1.23e-14   757    12     0
1360.12 -1.85e-16  1.20e-14   757     0     0
1361.80 -1.04e-14  1.21e-14   757   -16     0
1363.48 -1.92e-16  1.21e-14   757     0     0
1365.15  9.94e-15  1.25e-14   757    16     0
1366.83  2.44e-14  1.34e-14   757    39     0
1368.50  8.77e-16  1.23e-14   757     1     0
1370.18 -5.12e-15  1.23e-14   758    -8     0
1371.86  7.34e-15  1.26e-14   758    11     0
1373.53  1.35e-14  1.29e-14   758    21     0
1375.21 -2.13e-14  1.24e-14   758   -33     0
1376.89  8.25e-15  1.29e-14   758    12     0
1378.56 -9.65e-15  1.26e-14   758   -14     0
1380.24  1.45e-14  1.38e-14   758    22     0
1381.91 -4.66e-15  1.27e-14   759    -7     0
1383.59 -3.03e-15  1.27e-14   759    -4     0
1385.27  3.49e-16  1.28e-14   759     0     0
1386.94  7.57e-15  1.32e-14   759    11     0
1388.62 -4.95e-15  1.29e-14   759    -7     0
1390.30  1.22e-14  1.36e-14   759    17     0
1391.97  1.67e-14  1.39e-14   759    24     0
1393.65  2.01e-14  1.41e-14   760    29     0
1395.33 -2.21e-14  1.32e-14   760   -31     0
1397.00 -1.17e-15  1.42e-14   760    -1     0
1398.68 -6.42e-15  1.34e-14   760    -9     0
1400.35  2.72e-14  1.47e-14   760    38     0
1402.03  8.75e-15  1.39e-14   760    12     0
1403.71  1.31e-14  1.45e-14   760    18     0
1405.38  1.09e-14  1.42e-14   761    15     0
1407.06  2.58e-14  1.50e-14   761    35     0
1408.74  1.03e-14  1.43e-14   761    13     0
1410.41  3.09e-14  1.53e-14   761    41     0
1412.09  2.36e-15  1.40e-14   761     3     0
1413.77  1.27e-14  1.47e-14   761    16     0
1415.44  4.15e-14  1.59e-14   762    55     0
1417.12  3.93e-14  1.61e-14   762    51     0
1418.79  1.89e-14  1.51e-14   762    24     0
1420.47 -1.65e-14  1.45e-14   762   -21     0
1422.15 -8.77e-15  1.46e-14   762   -11     0
1423.82 -3.50e-14  1.47e-14   762   -44     0
1425.50 -1.86e-14  1.46e-14   762   -23     0
1427.18 -5.19e-15  1.47e-14   763    -6     0
1428.85  4.40e-15  1.50e-14   763     5     0
1430.53  6.75e-15  1.52e-14   763     8     0
1432.20  1.51e-15  1.50e-14   763     1     0
1433.88 -4.16e-15  1.50e-14   763    -5     0
1435.56  3.68e-15  1.53e-14   763     4     0
1437.23 -2.49e-14  1.63e-14   764   -29     0
1438.91  2.84e-14  1.66e-14   764    33     0
1440.59  9.62e-15  1.57e-14   764    11     0
1442.26  1.75e-14  1.61e-14   764    20     0
1443.94  1.14e-15  1.54e-14   764     1     0
1445.62 -3.05e-15  1.54e-14   764    -3     0
1447.29 -2.99e-14  1.55e-14   765   -35     0
1448.97  7.88e-16  1.56e-14   765     0     0
1450.64 -1.85e-14  1.55e-14   765   -21     0
1452.32 -2.31e-16  1.55e-14   765     0     0
1454.00 -8.17e-15  1.56e-14   765    -9     0
1455.67  1.35e-14  1.61e-14   765    15     0
1457.35 -7.19e-16  1.56e-14   765     0     0
1459.03  2.81e-14  1.69e-14   766    32     0
1460.70  1.73e-14  1.63e-14   766    19     0
1462.38 -1.09e-14  1.56e-14   766   -12     0
1464.06  1.36e-14  1.62e-14   766    15     0
1465.73  1.17e-14  1.64e-14   766    13     0
1467.41 -2.15e-14  1.57e-14   766   -24     0
1469.08  8.23e-15  1.68e-14   767     9     0
1470.76 -7.06e-15  1.58e-14   767    -7     0
1472.44  1.79e-14  1.66e-14   767    19     0
1474.11  1.36e-14  1.64e-14   767    15     0
1475.79 -2.86e-15  1.59e-14   767    -3     0
1477.47 -8.03e-15  1.59e-14   767    -8     0
1479.14  4.61e-15  1.60e-14   767     5     0
1480.82  3.23e-14  1.73e-14   768    35     0
1482.50  1.89e-14  1.67e-14   768    20     0
1484.17 -4.18e-16  1.59e-14   768     0     0
1485.85  1.91e-14  1.67e-14   768    20     0
1487.52  1.93e-14  1.66e-14   768    21     0
1489.20  1.52e-14  1.65e-14   768    16     0
1490.88 -1.03e-15  1.60e-14   769    -1     0
1492.55 -2.30e-14  1.60e-14   769   -24     0
1494.23  2.77e-14  1.71e-14   769    29     0
1495.91  2.67e-14  1.69e-14   769    28     0
1497.58 -5.52e-15  1.60e-14   769    -5     0
1499.26 -1.40e-14  1.60e-14   769   -15     0
1500.93 -1.48e-14  1.60e-14   769   -15     0
1502.61  6.36e-15  1.63e-14   769     6     0
1504.29 -2.24e-14  1.61e-14   770   -23     0
1505.96 -1.36e-14  1.61e-14   770   -14     0
1507.64  6.91e-15  1.64e-14   770     7     0
1509.32 -8.18e-15  1.62e-14   770    -8     0
1510.99  4.35e-15  1.65e-14   770     4     0
1512.67 -5.07e-15  1.63e-14   770    -5     0
1514.35  1.94e-14  1.71e-14   770    19     0
1516.02 -1.40e-14  1.65e-14   771   -14     0
1517.70 -8.05e-15  1.65e-14   771    -8     0
1519.37  3.58e-15  1.67e-14   771     3     0
1521.05 -1.60e-14  1.66e-14   771   -16     0
1522.73  2.05e-15  1.66e-14   771     2     0
1524.40 -4.29e-15  1.66e-14   771    -4     0
1526.08  4.67e-14  1.85e-14   771    46     0
1527.76  3.73e-14  1.82e-14   771    37     0
1529.43 -1.74e-14  1.68e-14   771   -17     0
1531.11 -2.52e-14  1.66e-14   772   -25     0
1532.79  2.81e-14  1.77e-14   772    28     0
1534.46  7.67e-16  1.65e-14   772     0     0
1536.14 -1.97e-14  1.65e-14   772   -19     0
1537.81  2.33e-14  1.74e-14   772    23     0
1539.49  1.43e-14  1.70e-14   772    14     0
1541.17  2.02e-15  1.65e-14   772     2     0
1542.84  2.17e-14  1.71e-14   772    21     0
1544.52  7.82e-15  1.89e-14   772     7     0
1546.20  4.38e-14  1.79e-14   773    43     0
1547.87  5.89e-14  1.85e-14   773    58     0
1549.55  7.05e-14  1.88e-14   773    70     0
1551.22  7.50e-14  1.91e-14   773    74     0
1552.90  2.92e-15  1.63e-14   773     2     0
1554.58  1.84e-14  1.68e-14   773    18     0
1556.25 -7.51e-15  1.61e-14   773    -7     0
1557.93  1.76e-14  1.67e-14   773    17     0
1559.61  2.53e-14  1.69e-14   773    25     0
1561.28  3.59e-14  1.73e-14   773    35     0
1562.96  3.95e-14  1.73e-14   773    39     0
1564.64 -1.36e-14  1.59e-14   774   -13     0
1566.31 -2.74e-15  1.59e-14   774    -2     0
1567.99  9.84e-15  1.61e-14   774     9     0
1569.66  4.64e-14  1.73e-14   774    46     0
1571.34  6.63e-14  1.81e-14   774    66     0
1573.02  1.85e-14  1.65e-14   774    18     0
1574.69  1.98e-14  1.64e-14   774    19     0
1576.37  2.40e-14  1.65e-14   774    24     0
1578.05 -1.69e-14  1.57e-14   774   -16     0
1579.72 -3.86e-14  1.55e-14   774   -38     0
1581.40  5.63e-15  2.04e-14   774     5     0
1583.08 -5.32e-15  1.54e-14   774    -5     0
1584.75  3.35e-14  1.65e-14   774    33     0
1586.43  2.21e-14  1.60e-14   774    22     0
1588.10  2.23e-14  1.59e-14   775    22     0
1589.78  1.46e-14  1.55e-14   775    14     0
1591.46  1.63e-14  1.57e-14   775    16     0
1593.13  4.26e-14  1.66e-14   775    43     0
1594.81  1.82e-14  1.57e-14   775    18     0
1596.49  8.32e-15  1.52e-14   775     8     0
1598.16  3.95e-14  1.62e-14   775    40     0
1599.84  1.79e-14  1.54e-14   775    18     0
1601.52  2.69e-15  1.48e-14   775     2     0
1603.19 -9.69e-15  1.47e-14   775   -10     0
1604.87  6.10e-15  1.48e-14   775     6     0
1606.54 -1.91e-14  1.46e-14   775   -19     0
1608.22 -1.44e-15  1.45e-14   775    -1     0
1609.90 -3.41e-15  1.45e-14   775    -3     0
1611.57  2.36e-14  1.52e-14   775    24     0
1613.25  1.56e-14  1.49e-14   775    16     0
1614.93  1.27e-14  1.46e-14   775    13     0
1616.60 -3.17e-16  1.42e-14   775     0     0
1618.28 -5.70e-15  1.42e-14   775    -5     0
1619.95  1.08e-14  1.45e-14   775    11     0
1621.63  2.78e-15  1.41e-14   775     2     0
1623.31 -1.09e-14  1.39e-14   775   -11     0
1624.98 -5.44e-15  1.39e-14   775    -5     0
1626.66  2.55e-14  1.46e-14   775    27     0
1628.34  2.02e-14  1.44e-14   775    21     0
1630.01  1.45e-15  1.38e-14   775     1     0
1631.69  1.89e-15  1.38e-14   775     2     0
1633.37  1.24e-14  1.41e-14   775    13     0
1635.04 -1.54e-16  1.35e-14   775     0     0
1636.72 -1.08e-14  1.34e-14   775   -11     0
1638.39  2.22e-14  1.40e-14   775    24     0
1640.07  4.51e-14  1.46e-14   775    49     0
1641.75  4.98e-14  1.47e-14   775    54     0
1643.42  2.62e-14  1.40e-14   775    28     0
1645.10  9.64e-15  1.34e-14   775    10     0
1646.78  9.28e-15  1.33e-14   775    10     0
1648.45  7.26e-15  1.32e-14   775     8     0
1650.13 -1.01e-14  1.29e-14   775   -11     0
1651.81  4.47e-15  1.30e-14   775     4     0
1653.48  2.35e-14  1.35e-14   775    26     0
1655.16  2.03e-14  1.32e-14   775    22     0
1656.83  1.03e-14  1.28e-14   775    11     0
1658.51  6.18e-15  1.26e-14   775     6     0
1660.19  6.16e-15  1.26e-14   775     7     0
1661.86  6.38e-16  1.23e-14   775     0     0
1663.54  1.15e-14  1.25e-14   775    13     0
1665.22  2.64e-14  1.30e-14   775    30     0
1666.89  2.65e-14  1.29e-14   775    30     0
1668.57  2.09e-14  1.27e-14   775    24     0
1670.24  1.90e-14  1.24e-14   775    22     0
1671.92  1.26e-14  1.22e-14   775    14     0
1673.60  1.06e-14  1.21e-14   775    12     0
1675.27  1.10e-15  1.17e-14   775     1     0
1676.95 -1.82e-14  1.16e-14   775   -21     0
1678.63 -4.84e-15  1.15e-14   775    -5     0
1680.30  2.75e-15  1.15e-14   775     3     0
1681.98 -1.21e-14  1.14e-14   775   -14     0
1683.66  1.81e-14  1.18e-14   775    21     0
1685.33 -6.12e-16  1.12e-14   774     0     0
1687.01 -9.15e-15  1.12e-14   774   -11     0
1688.68 -2.24e-14  1.11e-14   774   -27     0
1690.36 -2.14e-14  1.10e-14   774   -26     0
1692.04 -2.07e-14  1.09e-14   774   -25     0
1693.71 -1.77e-15  1.08e-14   774    -2     0
1695.39  9.26e-15  1.09e-14   774    11     0
1697.07 -1.13e-14  1.06e-14   774   -14     0
1698.74 -1.83e-15  1.05e-14   774    -2     0
1700.42  1.44e-15  1.05e-14   774     1     0
1702.10  2.85e-15  1.05e-14   774     3     0
1703.77 -1.09e-14  1.03e-14   774   -14     0
1705.45 -1.34e-14  1.03e-14   774   -17     0
1707.12 -2.05e-14  1.02e-14   774   -26     0
1708.80  4.31e-15  1.02e-14   774     5     0
1710.48  2.90e-14  1.07e-14   773    38     0
1712.15  2.06e-14  1.04e-14   773    27     0
1713.83  1.45e-14  1.02e-14   773    19     0
1715.51  9.10e-15  9.96e-15   773    12     0
1717.18  1.60e-14  1.01e-14   773    21     0
1718.86  8.59e-16  9.61e-15   773     1     0
1720.54  1.03e-14  9.74e-15   773    14     0
1722.21  6.38e-15  9.56e-15   773     8     0
1723.89  5.10e-15  9.57e-15   773     7     0
1725.56  1.54e-14  9.72e-15   773    21     0
1727.24  2.20e-14  9.77e-15   773    30     0
1728.92  1.59e-14  9.56e-15   773    22     0
1730.59 -4.96e-15  9.11e-15   772    -6     0
1732.27 -9.48e-15  9.04e-15   772   -13     0
1733.95 -7.75e-15  8.96e-15   772   -11     0
1735.62  4.73e-15  8.99e-15   772     6     0
1737.30  6.00e-15  8.95e-15   772     8     0
1738.97  1.08e-14  9.05e-15   772    15     0
1740.65  2.16e-14  9.11e-15   772    31     0
1742.33  1.26e-14  8.83e-15   772    18     0
1744.00  9.37e-15  8.70e-15   772    13     0
1745.68  1.77e-14  8.83e-15   772    26     0
1747.36  1.76e-14  8.75e-15   771    26     0
1749.03  1.90e-14  8.72e-15   771    28     0
1750.71  4.88e-15  8.33e-15   771     7     0
1752.39  4.64e-15  8.26e-15   771     7     0
1754.06  6.21e-15  8.23e-15   771     9     0
1755.74  1.44e-14  8.38e-15   771    22     0
1757.41  1.42e-14  8.31e-15   771    21     0
1759.09  4.97e-15  8.07e-15   771     7     0
1760.77  3.24e-15  7.98e-15   771     5     0
1762.44  4.34e-15  7.94e-15   770     6     0
1764.12  1.86e-15  7.83e-15   770     2     0
1765.80  4.32e-15  7.81e-15   770     6     0
1767.47 -3.37e-16  7.66e-15   770     0     0
1769.15  1.13e-14  7.85e-15   770    18     0
1770.83  1.60e-14  7.86e-15   770    25     0
1772.50  4.52e-16  7.49e-15   770     0     0
1774.18  7.67e-15  7.60e-15   770    12     0
1775.85  1.56e-14  7.72e-15   769    25     0
1777.53  1.54e-14  7.66e-15   769    25     0
1779.21  4.57e-16  7.32e-15   769     0     0
1780.88  1.15e-14  7.50e-15   769    18     0
1782.56  1.35e-14  7.50e-15   769    22     0
1784.24  1.29e-15  7.21e-15   769     2     0
1785.91 -3.18e-15  7.12e-15   769    -5     0
1787.59 -1.06e-14  7.08e-15   769   -17     0
1789.26 -6.72e-15  7.04e-15   768   -11     0
1790.94 -1.17e-14  7.02e-15   768   -19     0
1792.62 -2.05e-14  1.19e-14   768   -34 -4096
1794.29  1.31e-15  1.19e-14   768     2 -4096
1795.97  1.34e-15  7.64e-15   768     2     0
1797.65 -7.63e-16  6.91e-15   768    -1     0
1799.32  3.13e-15  6.90e-15   768     5     0
1801.00 -3.26e-15  6.81e-15   768    -5     0
1802.68 -9.31e-16  6.78e-15   767    -1     0
1804.35  2.68e-15  6.80e-15   767     4     0
1806.03 -3.16e-15  6.75e-15   767    -5     0
1807.70 -9.59e-15  6.72e-15   767   -16     0
1809.38  3.08e-15  6.75e-15   767     5     0
1811.06  9.01e-15  6.82e-15   767    15     0
1812.73  7.07e-15  6.76e-15   767    12     0
1814.41  6.16e-15  6.71e-15   766    10     0
1816.09  9.03e-15  6.75e-15   766    15     0
1817.76  1.91e-14  6.88e-15   766    33     0
1819.44  7.61e-15  6.67e-15   766    13     0
1821.12 -1.00e-15  6.54e-15   766    -1     0
1822.79  9.27e-15  6.68e-15   766    16     0
1824.47  6.20e-15  6.60e-15   765    10     0
1826.14  5.51e-15  6.58e-15   765     9     0
1827.82  3.24e-16  6.47e-15   765     0     0
1829.50 -2.31e-16  6.45e-15   765     0     0
1831.17  1.91e-15  6.40e-15   765     3     0
1832.85 -5.75e-16  6.35e-15   765    -1     0
1834.53 -5.34e-15  6.34e-15   765    -9     0
1836.20  2.30e-15  6.37e-15   764     4     0
1837.88 -4.44e-15  6.31e-15   764    -7     0
1839.55 -1.42e-14  6.30e-15   764   -24     0
1841.23 -7.84e-15  6.29e-15   764   -13     0
1842.91  7.27e-15  6.40e-15   764    12     0
1844.58  1.21e-14  6.46e-15   764    21     0
1846.26  5.24e-15  6.31e-15   763     9     0
1847.94 -9.05e-16  6.21e-15   763    -1     0
1849.61  6.03e-15  6.30e-15   763    10     0
1851.29  6.70e-15  6.34e-15   763    11     0
1852.97  5.52e-15  6.32e-15   763     9     0
1854.64 -4.14e-15  6.22e-15   763    -7     0
1856.32  7.19e-16  6.21e-15   762     1     0
1857.99  3.25e-16  6.19e-15   762     0     0
1859.67 -3.92e-15  6.18e-15   762    -6     0
1861.35 -5.84e-15  6.16e-15   762   -10     0
1863.02 -9.29e-15  6.16e-15   762   -16     0
1864.70 -6.64e-15  6.15e-15   761   -11     0
1866.38 -5.77e-15  6.19e-15   761    -9     0
1868.05 -3.74e-15  6.18e-15   761    -6     0
1869.73 -1.85e-15  6.18e-15   761    -3     0
1871.41  7.11e-15  6.29e-15   761    12     0
1873.08  1.91e-15  6.21e-15   760     3     0
1874.76 -4.34e-15  6.18e-15   760    -7     0
1876.43  8.42e-15  6.30e-15   760    14     0
1878.11  1.24e-14  6.35e-15   760    21     0
1879.79  4.01e-15  6.23e-15   760     6     0
1881.46 -1.59e-15  6.16e-15   759    -2     0
1883.14 -5.18e-15  6.16e-15   759    -8     0
1884.82  4.78e-15  6.23e-15   759     8     0
1886.49  1.22e-14  6.35e-15   759    20     0
1888.17  9.80e-15  6.32e-15   759    16     0
1889.85  5.15e-15  6.25e-15   758     8     0
1891.52  7.60e-15  6.27e-15   758    12     0
1893.20  3.22e-15  6.21e-15   758     5     0
1894.87  1.07e-16  6.15e-15   758     0     0
1896.55  5.28e-15  6.24e-15   757     8     0
1898.23  4.63e-15  6.23e-15   757     7     0
1899.90  4.25e-15  6.22e-15   757     7     0
1901.58  5.76e-15  6.25e-15   757     9     0
1903.26  8.65e-15  6.29e-15   757    14     0
1904.93  6.36e-15  6.26e-15   756    10     0
1906.61  7.75e-15  6.25e-15   756    12     0
1908.28  1.06e-14  6.28e-15   756    17     0
1909.96  5.30e-15  6.20e-15   755     8     0
1911.64  7.21e-15  6.24e-15   755    11     0
1913.31  7.31e-15  6.24e-15   755    12     0
1914.99  6.96e-15  6.22e-15   755    11     0
1916.67  5.39e-15  6.23e-15   754     8     0
1918.34  5.04e-15  6.22e-15   754     8     0
1920.02  5.00e-15  6.20e-15   754     8     0
1921.70  6.62e-15  6.21e-15   754    10     0
1923.37  1.22e-14  6.32e-15   753    19     0
1925.05  9.93e-15  6.26e-15   753    16     0
1926.72  2.13e-14  6.38e-15   753    34     0
1928.40  2.14e-14  6.33e-15   752    35     0
1930.08  1.47e-14  6.22e-15   752    24     0
1931.75  8.00e-15  6.11e-15   752    13     0
1933.43  4.03e-15  6.03e-15   751     6     0
1935.11  5.53e-16  5.98e-15   751     0     0
1936.78 -3.62e-15  5.95e-15   751    -5     0
1938.46 -6.98e-15  5.93e-15   750   -11     0
1940.14 -1.09e-14  5.90e-15   750   -18     0
1941.81 -8.70e-15  5.87e-15   750   -14     0
1943.49 -3.40e-15  5.84e-15   749    -5     0
1945.16 -9.54e-16  5.81e-15   749    -1     0
1946.84  7.42e-16  5.79e-15   749     1     0
1948.52  2.65e-15  5.79e-15   748     4     0
1950.19  1.19e-15  5.76e-15   748     1     0
1951.87  4.93e-15  5.78e-15   747     8     0
1953.55  6.26e-15  5.78e-15   747    10     0
1955.22  6.85e-15  5.74e-15   747    11     0
1956.90  1.25e-15  5.64e-15   746     2     0
1958.57 -3.04e-16  5.60e-15   746     0     0
1960.25  2.54e-15  5.61e-15   745     4     0
1961.93  4.65e-15  5.63e-15   745     7     0
1963.60  5.09e-15  5.62e-15   745     8     0
1965.28  3.60e-15  5.59e-15   744     6     0
1966.96  3.31e-15  5.58e-15   744     5     0
1968.63  7.18e-15  5.63e-15   743    12     0
1970.31  6.50e-15  5.62e-15   743    11     0
1971.99  4.09e-15  5.61e-15   742     6     0
1973.66 -1.56e-15  5.56e-15   742    -2     0
1975.34 -2.95e-15  5.58e-15   741    -4     0
1977.01 -1.84e-15  5.60e-15   741    -3     0
1978.69  1.61e-15  5.65e-15   740     2     0
