NOT ORIGINAL IUE PROJECT DATA PRODUCT
SWP29225LOWLARGE
HD  197481
20:42:06
-31:31:05
48
NO-TRAIL
ALONG-APER
02399.717
16/09/86
17:34:56
259
07.83
23/04/94
VILSPA
2446690.23259
0
21
1150.58 -1.25e-13  1.45e-13   122   -26     0
1152.26 -7.66e-14  1.36e-13   122   -17     0
1153.93  1.54e-14  1.27e-13   122     3     0
1155.61  4.91e-14  1.19e-13   121    12     0
1157.29 -3.43e-14  1.10e-13   121    -9     0
1158.96 -1.23e-14  1.01e-13   121    -3     0
1160.64 -8.75e-14  1.06e-13   121   -28     0
1162.31 -4.87e-14  8.75e-14   121   -16     0
1163.99  1.47e-13  8.32e-14   120    54     0
1165.67 -8.74e-14  7.40e-14   120   -35     0
1167.34 -8.18e-14  6.88e-14   120   -35     0
1169.02  6.82e-14  6.48e-14   120    31     0
1170.70  1.66e-14  5.96e-14   120     8     0
1172.37 -1.78e-15  5.82e-14   119     0     0
1174.05  4.49e-14  5.22e-14   119    25     0
1175.73 -5.33e-14  1.05e-13   119   -32     0
1177.40  2.64e-14  4.61e-14   119    17     0
1179.08 -1.02e-14  4.25e-14   119    -7     0
1180.75  4.62e-14  4.04e-14   119    33     0
1182.43 -2.58e-14  3.75e-14   119   -19     0
1184.11  3.07e-15  3.54e-14   118     2     0
1185.78  8.81e-14  3.48e-14   118    75     0
1187.46 -1.13e-13  3.50e-14   118  -100     0
1189.14  5.44e-15  3.04e-14   118     5     0
1190.81 -3.93e-15  2.86e-14   118    -3     0
1192.49 -2.87e-14  2.98e-14   118   -29     0
1194.17  1.05e-14  2.83e-14   118    11     0
1195.84  3.01e-14  2.80e-14   118    33     0
1197.52 -1.46e-14  2.74e-14   117   -16     0
1199.19 -6.62e-15  2.45e-14   117    -7     0
1200.87 -3.97e-15  2.35e-14   117    -4     0
1202.55  7.63e-15  2.21e-14   117     9     0
1204.22  6.54e-15  3.09e-14   117     8     0
1205.90  7.10e-14  2.12e-14   117    96     0
1207.58  1.32e-13  2.57e-14   117   183     0
1209.25  2.87e-13  4.93e-14   117   410     0
1210.93  4.64e-13  9.07e-14   117   684     0
1212.60  7.52e-13  1.30e-13   117  1137     0
1214.28  9.65e-13  1.62e-13   117  1498     0
1215.96  1.07e-12  1.96e-13   117  1697     0
1217.63  9.49e-13  1.64e-13   117  1546     0
1219.31  5.99e-13  1.16e-13   117   998     0
1220.99  3.52e-13  6.65e-14   116   597     0
1222.66  1.19e-13  3.07e-14   116   206     0
1224.34  2.02e-14  1.51e-14   116    35     0
1226.02  2.42e-14  1.47e-14   116    43     0
1227.69  1.51e-14  1.43e-14   116    27     0
1229.37  1.50e-15  1.38e-14   116     2     0
1231.04  9.75e-15  1.36e-14   116    18     0
1232.72  1.03e-14  1.34e-14   116    19     0
1234.40  8.28e-15  1.31e-14   116    16     0
1236.07 -3.74e-15  1.27e-14   116    -7     0
1237.75  2.48e-14  1.29e-14   116    50     0
1239.43  6.90e-15  1.24e-14   116    14     0
1241.10  1.43e-14  1.24e-14   117    29     0
1242.78  1.07e-14  1.54e-14   117    22     0
1244.46  1.31e-14  1.20e-14   117    27     0
1246.13  3.20e-15  1.17e-14   117     6     0
1247.81 -1.68e-15  1.16e-14   117    -3     0
1249.48  2.41e-14  1.18e-14   117    52     0
1251.16 -4.30e-15  1.19e-14   117    -9     0
1252.84  2.01e-14  1.14e-14   117    44     0
1254.51  1.72e-14  1.12e-14   117    38     0
1256.19  3.13e-15  1.09e-14   117     7     0
1257.87  1.12e-14  1.09e-14   117    25     0
1259.54  2.97e-15  1.27e-14   117     6     0
1261.22  5.37e-15  1.05e-14   117    12     0
1262.89 -8.00e-15  1.13e-14   117   -18     0
1264.57  1.02e-14  1.05e-14   117    23     0
1266.25  2.09e-14  1.05e-14   118    49     0
1267.92  1.28e-14  1.02e-14   118    30     0
1269.60 -5.60e-15  1.25e-14   118   -13     0
1271.28  9.73e-15  1.04e-14   118    23     0
1272.95  7.71e-15  1.01e-14   118    18     0
1274.63 -1.13e-14  9.81e-15   118   -26     0
1276.31  9.67e-15  9.90e-15   118    23     0
1277.98 -3.73e-15  9.69e-15   118    -8     0
1279.66  9.55e-15  1.04e-14   119    22     0
1281.33  5.56e-15  9.97e-15   119    13     0
1283.01  3.84e-15  9.51e-15   119     9     0
1284.69  3.70e-14  1.00e-14   119    89     0
1286.36 -2.14e-14  9.52e-15   119   -52     0
1288.04  2.18e-15  9.30e-15   119     5     0
1289.72  2.23e-15  9.26e-15   119     5     0
1291.39  1.62e-14  9.46e-15   120    39     0
1293.07  1.53e-14  9.37e-15   120    37     0
1294.75  1.28e-14  9.38e-15   120    31     0
1296.42  2.16e-14  1.49e-14   120    53     0
1298.10  1.60e-14  1.05e-14   120    39     0
1299.77  2.97e-14  1.00e-14   121    73     0
1301.45  4.94e-15  9.08e-15   121    12     0
1303.13  2.31e-14  1.04e-14   121    56     0
1304.80  1.86e-14  9.24e-15   121    45     0
1306.48  1.83e-14  1.54e-14   121    44     0
1308.16  1.32e-14  1.09e-14   121    31     0
1309.83  1.92e-15  1.07e-14   122     4     0
1311.51  2.02e-14  9.13e-15   122    49     0
1313.19  2.52e-15  1.57e-14   122     6     0
1314.86  3.98e-15  8.99e-15   122     9     0
1316.54  1.23e-17  8.78e-15   123     0     0
1318.21  2.21e-14  9.10e-15   123    53     0
1319.89  4.47e-15  1.21e-14   123    10     0
1321.57  4.18e-15  1.36e-14   123    10     0
1323.24 -2.34e-14  9.46e-15   123   -55     0
1324.92  9.03e-15  1.78e-14   124    21     0
1326.60  3.30e-14  1.06e-14   124    78     0
1328.27  2.38e-14  9.87e-15   124    56     0
1329.95 -5.76e-15  9.11e-15   124   -13     0
1331.62 -1.40e-16  8.76e-15   125     0     0
1333.30  1.58e-14  1.83e-14   125    37     0
1334.98  1.76e-14  1.18e-14   125    41     0
1336.65  4.39e-14  1.02e-14   125   103     0
1338.33  2.10e-14  9.04e-15   125    49     0
1340.01  6.80e-15  9.61e-15   126    15     0
1341.68 -8.80e-15  8.84e-15   126   -20     0
1343.36 -1.79e-15  8.81e-15   126    -4     0
1345.04  6.04e-15  1.23e-14   126    13     0
1346.71  2.34e-16  8.80e-15   127     0     0
1348.39 -1.36e-14  8.81e-15   127   -30     0
1350.06 -1.68e-15  1.88e-14   127    -3     0
1351.74 -2.31e-14  1.24e-14   127   -51     0
1353.42  9.80e-15  9.46e-15   128    21     0
1355.09  2.30e-14  9.16e-15   128    51     0
1356.77  1.13e-14  8.99e-15   128    25     0
1358.45 -2.00e-14  8.84e-15   128   -44     0
1360.12 -2.71e-15  9.30e-15   129    -5     0
1361.80 -7.51e-15  9.16e-15   129   -16     0
1363.48  9.16e-15  9.09e-15   129    19     0
1365.15  9.20e-15  9.07e-15   129    19     0
1366.83  6.98e-15  9.09e-15   130    14     0
1368.50  1.06e-14  9.13e-15   130    22     0
1370.18  2.24e-15  9.00e-15   130     4     0
1371.86  2.40e-15  9.02e-15   130     5     0
1373.53 -4.00e-15  9.04e-15   131    -8     0
1375.21 -7.84e-15  9.08e-15   131   -16     0
1376.89  5.35e-15  9.17e-15   131    11     0
1378.56  4.00e-16  9.16e-15   131     0     0
1380.24  2.48e-14  9.56e-15   132    50     0
1381.91  3.51e-15  9.18e-15   132     7     0
1383.59 -1.03e-14  1.60e-14   132   -20     0
1385.27 -9.14e-15  1.48e-14   133   -18     0
1386.94  1.62e-14  9.51e-15   133    32     0
1388.62 -6.65e-15  9.50e-15   133   -13     0
1390.30 -9.50e-15  9.37e-15   133   -18     0
1391.97  1.18e-14  9.52e-15   134    23     0
1393.65 -4.44e-15  9.40e-15   134    -8     0
1395.33  6.91e-15  9.52e-15   134    13     0
1397.00  1.06e-14  9.59e-15   134    20     0
1398.68  8.57e-15  9.59e-15   134    16     0
1400.35  8.76e-15  9.64e-15   135    16     0
1402.03  1.28e-14  1.31e-14   135    24     0
1403.71  1.24e-14  1.15e-14   135    23     0
1405.38  1.05e-14  9.80e-15   135    19     0
1407.06  7.96e-15  9.81e-15   136    14     0
1408.74  9.15e-16  9.93e-15   136     1     0
1410.41 -5.93e-15  1.50e-14   136   -10     0
1412.09  5.72e-15  1.10e-14   136    10     0
1413.77  1.65e-15  9.97e-15   137     2     0
1415.44  6.67e-15  9.91e-15   137    11     0
1417.12  4.97e-15  9.91e-15   137     8     0
1418.79  1.75e-16  9.96e-15   137     0     0
1420.47  2.57e-15  1.01e-14   138     4     0
1422.15  1.64e-14  1.04e-14   138    27     0
1423.82  3.92e-15  1.02e-14   138     6     0
1425.50 -9.17e-15  1.01e-14   138   -15     0
1427.18 -9.38e-15  1.65e-14   138   -15     0
1428.85  4.96e-14  4.58e-14   139    82     0
1430.53  1.55e-14  2.55e-14   139    25     0
1432.20  2.27e-15  1.03e-14   139     3     0
1433.88 -2.59e-15  1.03e-14   139    -4     0
1435.56 -1.18e-15  1.04e-14   139    -1     0
1437.23  3.82e-15  1.05e-14   140     6     0
1438.91  8.07e-15  1.09e-14   140    12     0
1440.59 -2.62e-14  1.31e-14   140   -41     0
1442.26 -3.85e-15  1.04e-14   140    -6     0
1443.94  9.67e-15  1.06e-14   140    15     0
1445.62 -2.24e-14  1.05e-14   141   -35     0
1447.29  8.03e-15  1.06e-14   141    12     0
1448.97  2.22e-15  1.06e-14   141     3     0
1450.64  4.55e-15  1.05e-14   141     7     0
1452.32  1.90e-15  1.09e-14   141     2     0
1454.00  8.64e-15  1.06e-14   142    13     0
1455.67 -2.51e-15  1.07e-14   142    -3     0
1457.35  7.42e-15  1.08e-14   142    11     0
1459.03  6.21e-15  1.13e-14   142     9     0
1460.70  2.03e-15  1.04e-14   142     3     0
1462.38  1.96e-14  1.38e-14   142    30     0
1464.06 -1.05e-14  1.04e-14   142   -15     0
1465.73 -2.12e-14  1.05e-14   143   -31     0
1467.41 -5.56e-16  1.22e-14   143     0     0
1469.08 -2.30e-15  1.05e-14   143    -3     0
1470.76  8.74e-15  1.06e-14   143    13     0
1472.44  8.92e-15  1.06e-14   143    13     0
1474.11  1.07e-15  1.06e-14   143     1     0
1475.79 -6.79e-15  1.05e-14   143   -10     0
1477.47 -2.78e-14  1.09e-14   144   -41     0
1479.14 -1.74e-14  1.05e-14   144   -25     0
1480.82  1.76e-15  1.05e-14   144     2     0
1482.50  6.35e-15  1.05e-14   144     9     0
1484.17  1.81e-14  1.07e-14   144    26     0
1485.85 -3.66e-15  1.04e-14   144    -5     0
1487.52  5.03e-14  3.63e-14   144    73     0
1489.20  2.77e-14  3.11e-14   144    40     0
1490.88  2.78e-15  1.04e-14   144     4     0
1492.55  1.48e-14  1.06e-14   145    21     0
1494.23  1.42e-14  1.06e-14   145    20     0
1495.91  4.71e-15  1.08e-14   145     6     0
1497.58  3.49e-15  1.06e-14   145     5     0
1499.26 -2.41e-14  1.04e-14   145   -34     0
1500.93  6.24e-15  1.04e-14   145     8     0
1502.61  5.96e-15  1.04e-14   145     8     0
1504.29  1.36e-14  1.06e-14   145    19     0
1505.96 -5.48e-15  1.04e-14   145    -7     0
1507.64  8.58e-16  1.04e-14   145     1     0
1509.32 -7.89e-15  1.04e-14   145   -11     0
1510.99  5.52e-15  1.05e-14   145     7     0
1512.67  1.38e-14  1.07e-14   145    19     0
1514.35  1.91e-14  1.08e-14   145    26     0
1516.02  2.43e-14  1.09e-14   145    33     0
1517.70  8.69e-15  1.06e-14   145    11     0
1519.37 -7.78e-15  1.05e-14   145   -10     0
1521.05  1.51e-14  1.08e-14   146    20     0
1522.73  1.78e-15  1.05e-14   146     2     0
1524.40 -1.42e-14  1.05e-14   146   -19     0
1526.08  7.09e-15  1.06e-14   146     9     0
1527.76 -5.88e-15  1.17e-14   146    -7     0
1529.43 -8.70e-15  1.05e-14   146   -11     0
1531.11 -6.73e-15  1.06e-14   146    -8     0
1532.79  1.38e-14  1.06e-14   146    18     0
1534.46 -6.20e-15  1.04e-14   146    -8     0
1536.14 -1.91e-14  1.04e-14   146   -25     0
1537.81  1.42e-14  1.07e-14   146    18     0
1539.49 -1.46e-15  1.03e-14   146    -1     0
1541.17  8.05e-15  1.04e-14   146    10     0
1542.84  2.03e-14  1.06e-14   146    26     0
1544.52  4.05e-15  1.05e-14   145     5     0
1546.20  5.53e-14  1.75e-14   145    73     0
1547.87  7.55e-14  1.91e-14   145   100     0
1549.55  7.10e-14  2.15e-14   145    94     0
1551.22  2.21e-14  1.14e-14   145    29     0
1552.90  1.28e-14  1.38e-14   145    16     0
1554.58  2.80e-14  1.05e-14   145    37     0
1556.25  2.95e-16  1.00e-14   145     0     0
1557.93  1.48e-14  1.01e-14   145    19     0
1559.61  8.26e-16  1.04e-14   145     1     0
1561.28  4.56e-14  3.47e-14   145    60     0
1562.96  3.50e-14  1.23e-14   145    46     0
1564.64  8.44e-15  9.81e-15   145    11     0
1566.31 -1.96e-14  1.17e-14   145   -26     0
1567.99  4.36e-15  9.61e-15   145     5     0
1569.66  7.24e-15  9.62e-15   145     9     0
1571.34  1.17e-14  9.77e-15   145    15     0
1573.02 -1.60e-15  9.54e-15   144    -2     0
1574.69  2.21e-14  9.85e-15   144    29     0
1576.37  1.62e-14  9.71e-15   144    21     0
1578.05  9.62e-15  9.57e-15   144    12     0
1579.72 -4.38e-15  9.39e-15   144    -5     0
1581.40  3.73e-15  9.32e-15   144     5     0
1583.08  8.47e-15  9.40e-15   144    11     0
1584.75  3.29e-14  9.81e-15   144    44     0
1586.43  2.26e-14  9.54e-15   144    30     0
1588.10  1.83e-14  9.41e-15   144    24     0
1589.78  1.16e-14  9.22e-15   143    15     0
1591.46 -9.36e-15  9.06e-15   143   -12     0
1593.13  9.50e-15  9.13e-15   143    12     0
1594.81 -1.31e-14  8.97e-15   143   -17     0
1596.49  4.66e-15  1.10e-14   143     6     0
1598.16 -8.72e-15  8.83e-15   143   -11     0
1599.84 -1.12e-14  1.07e-14   143   -15     0
1601.52 -1.31e-14  9.31e-15   143   -18     0
1603.19  1.31e-15  8.68e-15   142     1     0
1604.87 -8.30e-15  8.63e-15   142   -11     0
1606.54  1.29e-14  8.85e-15   142    17     0
1608.22  6.59e-15  8.76e-15   142     9     0
1609.90 -2.38e-15  8.52e-15   142    -3     0
1611.57  1.32e-14  9.13e-15   142    18     0
1613.25  3.36e-14  1.58e-14   142    46     0
1614.93 -1.18e-14  8.37e-15   141   -16     0
1616.60 -2.09e-14  8.33e-15   141   -29     0
1618.28 -9.01e-15  8.29e-15   141   -12     0
1619.95 -1.06e-14  8.23e-15   141   -14     0
1621.63  1.76e-14  8.44e-15   141    24     0
1623.31 -1.33e-14  8.10e-15   141   -18     0
1624.98 -3.82e-15  8.05e-15   140    -5     0
1626.66  1.36e-14  1.06e-14   140    19     0
1628.34  1.96e-14  8.29e-15   140    28     0
1630.01  2.65e-14  8.45e-15   140    37     0
1631.69  5.24e-15  7.96e-15   140     7     0
1633.37  5.48e-15  7.93e-15   140     7     0
1635.04  3.47e-15  7.87e-15   139     4     0
1636.72  2.00e-14  8.04e-15   139    28     0
1638.39  3.61e-14  1.19e-14   139    52     0
1640.07  4.04e-14  2.14e-14   139    58     0
1641.75  4.11e-14  1.82e-14   139    59     0
1643.42  4.49e-14  9.22e-15   139    65     0
1645.10  2.85e-14  8.28e-15   138    41     0
1646.78  1.06e-14  7.54e-15   138    15     0
1648.45  3.04e-16  7.34e-15   138     0     0
1650.13 -9.96e-15  7.31e-15   138   -14     0
1651.81  4.43e-15  7.32e-15   138     6     0
1653.48  4.26e-15  7.25e-15   137     6     0
1655.16  1.28e-14  7.56e-15   137    19     0
1656.83  2.24e-14  1.00e-14   137    33     0
1658.51  2.26e-14  8.18e-15   137    34     0
1660.19 -4.39e-15  6.93e-15   137    -6     0
1661.86 -1.41e-14  7.20e-15   137   -21     0
1663.54  8.74e-15  7.65e-15   136    13     0
1665.22  1.01e-14  1.29e-14   136    15     0
1666.89  1.03e-14  7.41e-15   136    15     0
1668.57 -4.69e-15  7.16e-15   136    -7     0
1670.24  9.33e-15  6.74e-15   136    14     0
1671.92  2.16e-15  6.56e-15   135     3     0
1673.60  9.89e-16  6.50e-15   135     1     0
1675.27  6.99e-15  6.52e-15   135    11     0
1676.95  2.01e-15  6.39e-15   135     3     0
1678.63 -5.67e-16  6.32e-15   135     0     0
1680.30 -4.16e-15  6.28e-15   135    -6     0
1681.98 -4.36e-15  6.23e-15   134    -7     0
1683.66  4.26e-15  6.20e-15   134     6     0
1685.33 -6.70e-15  6.14e-15   134   -10     0
1687.01 -5.79e-15  6.08e-15   134    -9     0
1688.68  3.24e-15  6.07e-15   134     5     0
1690.36  1.46e-15  5.95e-15   133     2     0
1692.04  4.65e-15  5.93e-15   133     7     0
1693.71  4.60e-15  5.90e-15   133     7     0
1695.39  3.92e-15  5.83e-15   133     6     0
1697.07  4.39e-15  5.79e-15   133     7     0
1698.74  5.75e-15  5.77e-15   133     9     0
1700.42  6.96e-15  5.73e-15   132    11     0
1702.10  4.66e-15  5.62e-15   132     7     0
1703.77  7.41e-15  5.63e-15   132    12     0
1705.45 -5.02e-15  5.47e-15   132    -8     0
1707.12  6.43e-15  5.52e-15   132    11     0
1708.80  6.69e-16  5.36e-15   132     1     0
1710.48  1.25e-14  5.56e-15   132    21     0
1712.15  1.15e-14  5.46e-15   131    20     0
1713.83  1.53e-14  5.52e-15   131    27     0
1715.51 -2.92e-16  5.15e-15   131     0     0
1717.18  5.74e-15  5.18e-15   131    10     0
1718.86 -2.73e-16  5.04e-15   131     0     0
1720.54  7.11e-15  5.09e-15   131    13     0
1722.21  6.09e-15  5.08e-15   131    11     0
1723.89 -2.95e-15  5.97e-15   130    -5     0
1725.56 -1.04e-15  4.88e-15   130    -1     0
1727.24  7.56e-15  4.97e-15   130    13     0
1728.92 -4.06e-16  4.78e-15   130     0     0
1730.59  2.19e-15  4.74e-15   130     4     0
1732.27  1.34e-14  4.93e-15   130    25     0
1733.95  4.04e-15  4.69e-15   130     7     0
1735.62  1.70e-15  4.58e-15   130     3     0
1737.30  1.00e-14  4.69e-15   130    19     0
1738.97  6.86e-15  4.63e-15   129    13     0
1740.65  2.87e-15  4.44e-15   129     5     0
1742.33  9.68e-15  4.55e-15   129    19     0
1744.00 -1.88e-15  4.33e-15   129    -3     0
1745.68 -1.93e-15  4.30e-15   129    -3     0
1747.36  6.80e-15  4.36e-15   129    13     0
1749.03  1.14e-14  4.43e-15   129    22     0
1750.71  1.67e-14  6.46e-15   129    33     0
1752.39  1.92e-14  7.67e-15   129    39     0
1754.06  6.50e-15  4.17e-15   129    13     0
1755.74  6.50e-15  4.16e-15   129    13     0
1757.41  5.79e-15  4.16e-15   129    11     0
1759.09  1.28e-14  4.24e-15   128    26     0
1760.77  7.65e-16  3.95e-15   128     1     0
1762.44 -1.73e-15  3.91e-15   128    -3     0
1764.12  2.42e-15  3.90e-15   128     5     0
1765.80 -5.21e-16  3.83e-15   128    -1     0
1767.47  7.95e-15  3.95e-15   128    16     0
1769.15  8.55e-15  3.90e-15   128    18     0
1770.83  6.92e-15  3.83e-15   128    14     0
1772.50  2.73e-15  3.72e-15   128     5     0
1774.18  2.43e-15  3.69e-15   128     5     0
1775.85  5.84e-15  3.73e-15   128    12     0
1777.53  4.69e-15  3.65e-15   128    10     0
1779.21  2.21e-15  3.58e-15   128     4     0
1780.88  3.77e-15  3.60e-15   128     8     0
1782.56  5.72e-16  3.51e-15   128     1     0
1784.24  6.62e-15  3.60e-15   128    14     0
1785.91  2.61e-15  3.46e-15   128     5     0
1787.59 -5.81e-16  3.41e-15   128    -1     0
1789.26  3.37e-15  3.50e-15   128     7     0
1790.94  9.59e-15  4.34e-15   128    21     0
1792.62  4.53e-15  4.45e-15   128    10     0
1794.29 -9.22e-16  3.85e-15   128    -2     0
1795.97 -3.72e-15  3.72e-15   128    -8     0
1797.65  4.58e-15  3.67e-15   129    10     0
1799.32  1.22e-14  3.50e-15   129    27     0
1801.00  1.25e-14  3.47e-15   129    28     0
1802.68  4.04e-15  3.60e-15   129     9     0
1804.35  1.63e-15  3.19e-15   129     3     0
1806.03  8.00e-15  3.31e-15   129    18     0
1807.70  8.74e-15  3.32e-15   129    20     0
1809.38  6.53e-15  3.23e-15   129    14     0
1811.06  2.29e-15  3.21e-15   129     5     0
1812.73  5.87e-15  3.18e-15   129    13     0
1814.41  1.73e-14  3.41e-15   129    39     0
1816.09  1.92e-14  3.47e-15   129    44     0
1817.76  1.88e-14  5.17e-15   130    43     0
1819.44  2.45e-14  4.28e-15   130    56     0
1821.12  2.11e-14  3.52e-15   130    48     0
1822.79  4.02e-15  3.07e-15   130     9     0
1824.47  1.06e-15  3.01e-15   130     2     0
1826.14 -1.50e-15  3.00e-15   130    -3     0
1827.82 -2.80e-15  2.94e-15   130    -6     0
1829.50 -3.63e-15  2.92e-15   131    -8     0
1831.17 -2.64e-16  2.88e-15   131     0     0
1832.85 -1.68e-15  2.86e-15   131    -3     0
1834.53  2.63e-15  2.88e-15   131     6     0
1836.20 -1.79e-15  2.84e-15   131    -4     0
1837.88 -6.00e-16  2.82e-15   131    -1     0
1839.55  2.24e-15  2.85e-15   132     5     0
1841.23  3.52e-15  2.84e-15   132     8     0
1842.91 -2.82e-15  2.78e-15   132    -6     0
1844.58 -2.25e-15  2.77e-15   132    -5     0
1846.26 -4.36e-15  2.74e-15   132   -10     0
1847.94  1.57e-15  2.74e-15   133     3     0
1849.61 -3.83e-16  2.72e-15   133     0     0
1851.29 -1.99e-16  2.72e-15   133     0     0
1852.97  2.64e-15  2.74e-15   133     6     0
1854.64  8.15e-16  2.70e-15   134     1     0
1856.32  5.10e-15  2.77e-15   134    11     0
1857.99  2.80e-15  2.71e-15   134     6     0
1859.67  4.79e-15  3.06e-15   134    11     0
1861.35  3.53e-15  3.26e-15   134     8     0
1863.02  3.27e-15  3.50e-15   135     7     0
1864.70  1.03e-14  2.83e-15   135    24     0
1866.38  5.42e-15  2.83e-15   135    12     0
1868.05  5.04e-15  2.71e-15   135    11     0
1869.73  1.02e-15  2.72e-15   136     2     0
1871.41  2.12e-15  2.69e-15   136     4     0
1873.08 -3.48e-15  2.94e-15   136    -7     0
1874.76 -3.08e-15  2.59e-15   137    -7     0
1876.43  2.74e-16  2.57e-15   137     0     0
1878.11 -1.52e-15  2.57e-15   137    -3     0
1879.79 -1.44e-15  2.56e-15   137    -3     0
1881.46 -3.26e-15  2.54e-15   138    -7     0
1883.14  1.76e-15  2.56e-15   138     3     0
1884.82  8.84e-16  2.53e-15   138     2     0
1886.49  4.63e-15  2.60e-15   139    10     0
1888.17  2.80e-15  2.55e-15   139     6     0
1889.85  2.69e-15  3.18e-15   139     6     0
1891.52  2.92e-15  2.52e-15   139     6     0
1893.20  6.76e-15  2.61e-15   140    15     0
1894.87  9.83e-15  2.67e-15   140    21     0
1896.55  1.35e-14  2.81e-15   140    30     0
1898.23  1.02e-14  2.65e-15   141    22     0
1899.90  5.73e-15  2.55e-15   141    12     0
1901.58  3.52e-15  2.49e-15   141     7     0
1903.26  3.32e-15  2.46e-15   142     7     0
1904.93 -2.21e-15  2.41e-15   142    -4     0
1906.61 -5.54e-16  2.39e-15   142    -1     0
1908.28 -2.21e-15  2.40e-15   143    -4     0
1909.96 -1.91e-15  2.37e-15   143    -4     0
1911.64  4.90e-15  2.45e-15   143    10     0
1913.31  8.50e-15  2.51e-15   144    18     0
1914.99  1.31e-15  2.34e-15   144     2     0
1916.67 -9.58e-16  2.44e-15   144    -2     0
1918.34 -2.97e-15  2.49e-15   144    -6     0
1920.02 -3.01e-15  2.47e-15   145    -6     0
1921.70 -2.17e-15  2.59e-15   145    -4     0
1923.37 -3.61e-15  2.65e-15   145    -7     0
1925.05  5.20e-16  2.63e-15   146     1     0
1926.72  3.07e-15  2.66e-15   146     6     0
1928.40  3.70e-15  3.32e-15   146     8     0
1930.08  8.76e-15  2.38e-15   147    19     0
1931.75  6.54e-15  2.39e-15   147    14     0
1933.43  8.83e-15  2.46e-15   147    19     0
1935.11  2.78e-15  2.40e-15   147     6     0
1936.78 -1.27e-15  2.19e-15   148    -2     0
1938.46  4.84e-15  2.21e-15   148    10     0
1940.14  1.93e-15  2.25e-15   148     4     0
1941.81  2.03e-15  2.20e-15   149     4     0
1943.49  1.94e-15  2.16e-15   149     4     0
1945.16  4.79e-15  2.24e-15   149    10     0
1946.84  2.59e-15  2.15e-15   149     5     0
1948.52  8.16e-16  2.13e-15   150     1     0
1950.19  1.04e-15  2.13e-15   150     2     0
1951.87 -1.95e-15  2.36e-15   150    -4     0
1953.55 -5.36e-15  2.63e-15   150   -12     0
1955.22 -5.01e-15  2.11e-15   150   -11     0
1956.90  3.33e-15  2.11e-15   151     7     0
1958.57 -5.97e-16  2.28e-15   151    -1     0
1960.25 -1.43e-15  2.68e-15   151    -3     0
1961.93 -7.72e-16  2.97e-15   151    -1     0
1963.60  3.93e-16  2.09e-15   151     0     0
1965.28  5.50e-15  2.09e-15   152    12     0
1966.96  5.75e-15  2.09e-15   152    13     0
1968.63  5.56e-15  2.10e-15   152    12     0
1970.31  5.39e-15  2.10e-15   152    12     0
1971.99  6.26e-15  2.11e-15   152    14     0
1973.66  9.11e-15  2.12e-15   152    20     0
1975.34  5.61e-15  2.47e-15   152    12     0
1977.01  8.08e-15  2.49e-15   152    18     0
1978.69  6.08e-15  2.23e-15   152    13     0
