NOT ORIGINAL IUE PROJECT DATA PRODUCT
SWP29226LOWLARGE
HD  197481
20:42:06
-31:31:05
48
NO-TRAIL
ALONG-APER
03599.844
16/09/86
19:24:30
259
07.83
23/04/94
VILSPA
2446690.30868
0
25
1150.58 -1.34e-13  1.03e-13   249   -43     0
1152.26  7.05e-14  9.73e-14   249    24     0
1153.93 -1.32e-13  9.03e-14   249   -47     0
1155.61 -6.09e-14  8.41e-14   249   -23     0
1157.29 -1.15e-13  7.86e-14   249   -48     0
1158.96 -1.61e-13  1.11e-13   250   -72     0
1160.64  8.24e-14  7.07e-14   250    39     0
1162.31 -1.22e-13  6.22e-14   250   -63     0
1163.99 -6.37e-14  5.79e-14   250   -35     0
1165.67  1.16e-13  5.42e-14   250    70     0
1167.34 -5.98e-14  4.97e-14   251   -39     0
1169.02  1.15e-14  4.57e-14   251     8     0
1170.70 -3.24e-14  4.24e-14   251   -24     0
1172.37  2.71e-14  4.64e-14   251    21     0
1174.05 -1.49e-14  3.70e-14   251   -12     0
1175.73 -5.75e-14  3.46e-14   252   -52     0
1177.40  1.18e-14  3.28e-14   252    11     0
1179.08  1.30e-14  3.05e-14   252    13     0
1180.75  1.21e-14  2.85e-14   252    13     0
1182.43 -9.31e-15  2.69e-14   253   -10     0
1184.11 -7.25e-14  2.54e-14   253   -88     0
1185.78 -9.52e-15  2.41e-14   253   -12     0
1187.46  9.50e-14  3.92e-14   253   127     0
1189.14 -3.76e-14  2.48e-14   254   -52     0
1190.81 -7.24e-15  2.06e-14   254   -10     0
1192.49 -1.53e-14  2.02e-14   254   -23     0
1194.17 -1.56e-14  1.98e-14   254   -25     0
1195.84  8.90e-15  2.59e-14   255    14     0
1197.52  1.85e-14  1.94e-14   255    31     0
1199.19  8.64e-15  1.86e-14   255    15     0
1200.87  1.52e-14  2.59e-14   255    28     0
1202.55  2.61e-14  1.72e-14   256    49     0
1204.22  4.34e-14  1.60e-14   256    85     0
1205.90  5.71e-14  2.87e-14   256   116     0
1207.58  1.06e-13  2.13e-14   256   221     0
1209.25  1.35e-13  3.12e-14   257   290     0
1210.93  3.59e-13  7.00e-14   257   794     0
1212.60  5.66e-13  1.09e-13   257  1285     0
1214.28  8.80e-13  1.55e-13   258  2049     0
1215.96  9.48e-13  1.80e-13   258  2261     0
1217.63  8.59e-13  1.54e-13   258  2097     0
1219.31  5.42e-13  8.83e-14   258  1354     0
1220.99  2.87e-13  5.66e-14   259   732     0
1222.66  1.94e-13  3.90e-14   259   504     0
1224.34  5.95e-14  1.83e-14   259   157     0
1226.02  2.74e-16  1.23e-14   259     0     0
1227.69  1.01e-14  1.15e-14   260    27     0
1229.37  9.44e-15  1.17e-14   260    26     0
1231.04  2.39e-14  1.02e-14   260    68     0
1232.72 -8.05e-15  1.17e-14   261   -23     0
1234.40  1.94e-14  1.21e-14   261    57     0
1236.07  2.20e-14  1.06e-14   261    66     0
1237.75 -4.38e-15  9.47e-15   261   -13     0
1239.43  2.75e-14  1.02e-14   262    84     0
1241.10 -7.79e-15  9.16e-15   262   -24     0
1242.78  1.22e-14  9.59e-15   262    38     0
1244.46  1.28e-15  8.72e-15   262     4     0
1246.13  1.54e-14  8.86e-15   263    49     0
1247.81  1.65e-15  8.51e-15   263     5     0
1249.48 -4.19e-15  8.41e-15   263   -13     0
1251.16  3.69e-14  1.58e-14   263   121     0
1252.84 -1.24e-14  8.83e-15   264   -41     0
1254.51  1.66e-14  1.07e-14   264    55     0
1256.19  8.18e-16  8.03e-15   264     2     0
1257.87  3.90e-15  9.41e-15   265    13     0
1259.54  1.04e-14  8.54e-15   265    35     0
1261.22  4.25e-15  1.34e-14   265    14     0
1262.89 -6.51e-15  7.80e-15   265   -22     0
1264.57 -5.53e-15  8.63e-15   266   -19     0
1266.25  3.20e-14  1.39e-14   266   112     0
1267.92 -7.54e-15  7.73e-15   266   -26     0
1269.60 -3.69e-15  9.75e-15   266   -13     0
1271.28 -1.64e-14  1.19e-14   266   -58     0
1272.95 -3.10e-16  1.15e-14   267    -1     0
1274.63  1.09e-15  8.16e-15   267     3     0
1276.31  1.25e-14  1.04e-14   267    44     0
1277.98 -1.51e-16  8.11e-15   267     0     0
1279.66  1.82e-14  1.17e-14   268    65     0
1281.33  7.15e-15  1.26e-14   268    25     0
1283.01 -9.89e-15  7.75e-15   268   -35     0
1284.69  9.82e-17  1.05e-14   268     0     0
1286.36  2.00e-14  1.28e-14   268    73     0
1288.04 -4.02e-15  6.96e-15   269   -14     0
1289.72 -3.10e-15  7.89e-15   269   -11     0
1291.39 -2.19e-15  7.02e-15   269    -8     0
1293.07  2.99e-14  8.55e-15   269   109     0
1294.75 -3.83e-16  6.97e-15   270    -1     0
1296.42 -2.95e-15  7.84e-15   270   -10     0
1298.10 -1.33e-15  1.50e-14   270    -4     0
1299.77  2.37e-14  9.50e-15   270    87     0
1301.45  7.23e-15  8.46e-15   270    26     0
1303.13  1.43e-14  1.24e-14   270    52     0
1304.80  2.97e-14  1.00e-14   271   108     0
1306.48  2.01e-14  1.24e-14   271    73     0
1308.16  1.07e-14  1.16e-14   271    38     0
1309.83 -1.77e-15  8.45e-15   271    -6     0
1311.51  1.16e-14  1.02e-14   271    42     0
1313.19  3.45e-14  2.37e-14   271   126     0
1314.86  2.18e-14  1.26e-14   272    79     0
1316.54 -9.30e-16  6.63e-15   272    -3     0
1318.21  1.33e-14  8.50e-15   272    48     0
1319.89  6.72e-15  1.35e-14   272    24     0
1321.57  2.31e-14  1.12e-14   272    82     0
1323.24 -9.86e-15  7.91e-15   272   -35     0
1324.92 -3.39e-15  7.21e-15   272   -12     0
1326.60  2.38e-14  7.99e-15   273    84     0
1328.27  1.66e-14  8.06e-15   273    58     0
1329.95  2.41e-14  1.26e-14   273    84     0
1331.62  3.18e-14  1.45e-14   273   112     0
1333.30  4.09e-14  1.42e-14   273   144     0
1334.98  1.70e-14  1.30e-14   273    59     0
1336.65  3.71e-14  1.46e-14   273   130     0
1338.33  1.15e-14  1.07e-14   273    40     0
1340.01  1.10e-14  9.16e-15   273    38     0
1341.68  4.70e-16  7.91e-15   274     1     0
1343.36  1.55e-15  7.61e-15   274     5     0
1345.04  9.60e-16  1.13e-14   274     3     0
1346.71  1.83e-14  1.32e-14   274    62     0
1348.39  3.07e-15  1.09e-14   274    10     0
1350.06  1.87e-14  1.60e-14   274    63     0
1351.74 -5.24e-15  1.50e-14   274   -17     0
1353.42  1.70e-15  8.91e-15   274     5     0
1355.09 -6.05e-15  9.46e-15   274   -20     0
1356.77  6.32e-15  1.06e-14   274    21     0
1358.45  6.29e-15  8.94e-15   274    20     0
1360.12  1.66e-14  8.44e-15   274    54     0
1361.80  2.13e-14  1.23e-14   274    69     0
1363.48  2.50e-15  1.09e-14   274     8     0
1365.15  9.36e-16  8.02e-15   274     3     0
1366.83 -4.91e-15  9.62e-15   275   -15     0
1368.50 -9.09e-15  6.90e-15   275   -28     0
1370.18 -1.73e-14  6.89e-15   275   -54     0
1371.86 -6.68e-15  6.91e-15   275   -21     0
1373.53  4.05e-16  7.13e-15   275     1     0
1375.21 -1.51e-14  8.34e-15   275   -47     0
1376.89 -7.94e-15  6.98e-15   275   -24     0
1378.56  7.63e-15  7.41e-15   275    23     0
1380.24 -6.36e-15  1.06e-14   275   -19     0
1381.91  6.99e-15  1.26e-14   275    21     0
1383.59  1.03e-14  1.72e-14   275    31     0
1385.27  1.41e-14  1.84e-14   275    42     0
1386.94  2.19e-15  1.19e-14   275     6     0
1388.62  1.32e-14  1.53e-14   275    39     0
1390.30 -8.25e-15  1.20e-14   275   -24     0
1391.97 -7.88e-15  7.21e-15   274   -23     0
1393.65  1.31e-14  1.20e-14   274    38     0
1395.33 -1.79e-14  7.96e-15   274   -51     0
1397.00  2.62e-15  1.06e-14   274     7     0
1398.68  6.72e-15  7.55e-15   274    19     0
1400.35  2.21e-15  7.57e-15   274     6     0
1402.03 -4.99e-15  1.11e-14   274   -14     0
1403.71  1.81e-14  1.38e-14   274    50     0
1405.38  2.13e-15  9.31e-15   274     5     0
1407.06 -6.06e-15  8.36e-15   274   -16     0
1408.74  1.29e-16  1.07e-14   274     0     0
1410.41  1.31e-14  1.19e-14   274    35     0
1412.09 -6.42e-15  1.39e-14   274   -17     0
1413.77  8.71e-15  9.85e-15   274    23     0
1415.44 -6.82e-15  1.01e-14   274   -18     0
1417.12 -2.27e-14  7.64e-15   274   -59     0
1418.79  5.48e-15  1.01e-14   273    14     0
1420.47  8.77e-15  8.65e-15   273    22     0
1422.15 -1.18e-14  8.54e-15   273   -29     0
1423.82 -6.04e-15  7.94e-15   273   -15     0
1425.50 -1.46e-14  7.85e-15   273   -36     0
1427.18 -5.95e-15  8.76e-15   273   -14     0
1428.85  1.05e-14  1.23e-14   273    26     0
1430.53 -1.84e-14  8.11e-15   273   -45     0
1432.20 -5.90e-15  1.46e-14   273   -14     0
1433.88 -8.61e-16  1.09e-14   272    -2     0
1435.56 -9.93e-15  1.07e-14   272   -24     0
1437.23 -1.88e-14  1.25e-14   272   -45     0
1438.91 -6.58e-15  1.38e-14   272   -15     0
1440.59 -2.37e-15  1.55e-14   272    -5     0
1442.26  6.74e-15  1.34e-14   272    16     0
1443.94  4.30e-15  1.14e-14   272    10     0
1445.62 -4.84e-15  9.15e-15   271   -11     0
1447.29 -9.62e-15  8.62e-15   271   -22     0
1448.97  1.05e-14  1.13e-14   271    24     0
1450.64  1.37e-14  1.65e-14   271    31     0
1452.32  9.35e-15  1.02e-14   271    21     0
1454.00  2.44e-15  8.15e-15   271     5     0
1455.67  3.17e-14  1.87e-14   270    73     0
1457.35  1.97e-14  2.45e-14   270    45     0
1459.03  3.02e-15  1.16e-14   270     6     0
1460.70 -1.63e-14  8.29e-15   270   -37     0
1462.38  6.89e-15  1.21e-14   270    15     0
1464.06 -3.02e-15  8.86e-15   270    -6     0
1465.73 -2.69e-14  8.15e-15   269   -60     0
1467.41 -1.32e-14  8.15e-15   269   -29     0
1469.08 -1.48e-14  8.15e-15   269   -33     0
1470.76  2.46e-15  1.18e-14   269     5     0
1472.44  1.68e-15  8.29e-15   269     3     0
1474.11  2.25e-15  1.20e-14   268     5     0
1475.79 -1.85e-14  8.34e-15   268   -41     0
1477.47 -5.80e-15  1.19e-14   268   -12     0
1479.14 -1.81e-15  8.16e-15   268    -4     0
1480.82  2.09e-15  9.39e-15   267     4     0
1482.50  1.29e-14  9.74e-15   267    28     0
1484.17  1.83e-14  8.91e-15   267    40     0
1485.85 -7.65e-15  1.04e-14   267   -16     0
1487.52 -1.76e-14  8.34e-15   267   -38     0
1489.20 -7.35e-15  8.55e-15   266   -16     0
1490.88 -1.36e-14  1.11e-14   266   -29     0
1492.55 -5.15e-15  8.13e-15   266   -11     0
1494.23 -1.23e-15  1.37e-14   266    -2     0
1495.91 -1.16e-15  8.08e-15   265    -2     0
1497.58 -5.79e-15  8.98e-15   265   -12     0
1499.26 -1.41e-14  8.09e-15   265   -30     0
1500.93  1.74e-15  8.07e-15   265     3     0
1502.61 -1.14e-15  9.70e-15   264    -2     0
1504.29  1.28e-14  8.25e-15   264    27     0
1505.96 -1.56e-14  8.09e-15   264   -33     0
1507.64  1.75e-16  8.11e-15   264     0     0
1509.32  6.52e-15  9.30e-15   263    13     0
1510.99 -1.87e-15  8.16e-15   263    -3     0
1512.67  1.69e-15  8.18e-15   263     3     0
1514.35  8.16e-15  8.29e-15   263    16     0
1516.02  5.43e-15  9.64e-15   262    11     0
1517.70  3.89e-16  8.23e-15   262     0     0
1519.37 -1.20e-14  8.42e-15   262   -24     0
1521.05 -1.27e-14  8.24e-15   261   -25     0
1522.73 -9.54e-16  8.24e-15   261    -1     0
1524.40  9.73e-15  8.37e-15   261    19     0
1526.08 -5.55e-15  1.05e-14   261   -11     0
1527.76  5.70e-15  1.19e-14   260    11     0
1529.43 -4.91e-15  1.01e-14   260    -9     0
1531.11  2.23e-14  1.24e-14   260    44     0
1532.79  2.47e-14  8.70e-15   260    49     0
1534.46  1.13e-14  8.41e-15   259    22     0
1536.14  2.86e-15  8.17e-15   259     5     0
1537.81 -3.68e-15  8.10e-15   259    -7     0
1539.49  1.00e-14  8.19e-15   258    19     0
1541.17  4.91e-16  1.17e-14   258     0     0
1542.84  4.43e-15  8.05e-15   258     8     0
1544.52  2.90e-14  1.21e-14   258    57     0
1546.20  3.35e-14  2.23e-14   257    66     0
1547.87  7.42e-14  2.04e-14   257   148     0
1549.55  6.29e-14  2.10e-14   257   125     0
1551.22  3.07e-14  1.27e-14   256    61     0
1552.90  1.79e-14  1.13e-14   256    35     0
1554.58  2.63e-16  9.84e-15   256     0     0
1556.25 -3.27e-15  7.94e-15   255    -6     0
1557.93  9.23e-15  1.07e-14   255    18     0
1559.61 -3.03e-15  7.75e-15   255    -6     0
1561.28  2.52e-14  1.09e-14   255    50     0
1562.96  8.42e-15  1.12e-14   254    16     0
1564.64  1.48e-14  7.87e-15   254    29     0
1566.31 -6.79e-15  1.24e-14   254   -13     0
1567.99 -7.45e-15  7.85e-15   253   -15     0
1569.66  1.06e-14  1.25e-14   253    21     0
1571.34  2.72e-14  8.50e-15   253    54     0
1573.02  2.51e-14  8.32e-15   253    50     0
1574.69  1.04e-14  9.55e-15   252    20     0
1576.37  9.43e-15  8.60e-15   252    18     0
1578.05  1.80e-14  7.73e-15   252    36     0
1579.72  9.03e-15  1.15e-14   251    18     0
1581.40 -1.37e-14  9.16e-15   251   -27     0
1583.08 -7.25e-15  1.19e-14   251   -14     0
1584.75 -4.42e-15  1.37e-14   250    -8     0
1586.43 -1.21e-14  7.71e-15   250   -24     0
1588.10  2.74e-15  1.13e-14   250     5     0
1589.78  7.76e-15  7.95e-15   250    15     0
1591.46  1.67e-14  8.80e-15   249    34     0
1593.13 -2.31e-14  7.73e-15   249   -47     0
1594.81  2.58e-15  7.10e-15   249     5     0
1596.49  1.27e-14  1.41e-14   248    26     0
1598.16  2.03e-14  1.07e-14   248    41     0
1599.84  2.15e-14  1.13e-14   248    44     0
1601.52  5.20e-15  7.55e-15   248    10     0
1603.19  4.44e-15  6.92e-15   247     9     0
1604.87  2.45e-15  8.94e-15   247     5     0
1606.54  2.21e-14  1.11e-14   247    45     0
1608.22  6.96e-15  6.93e-15   246    14     0
1609.90  1.81e-14  1.13e-14   246    37     0
1611.57  7.10e-15  9.57e-15   246    14     0
1613.25 -2.56e-15  6.69e-15   246    -5     0
1614.93  9.36e-15  7.01e-15   245    19     0
1616.60  1.14e-14  8.25e-15   245    23     0
1618.28 -1.95e-15  7.94e-15   245    -4     0
1619.95 -8.66e-15  7.36e-15   244   -18     0
1621.63  2.95e-14  1.25e-14   244    62     0
1623.31  1.56e-14  9.78e-15   244    33     0
1624.98  6.29e-15  1.19e-14   244    13     0
1626.66  5.96e-15  6.45e-15   243    12     0
1628.34 -5.18e-15  1.03e-14   243   -11     0
1630.01  8.42e-15  6.78e-15   243    17     0
1631.69  6.73e-15  6.41e-15   243    14     0
1633.37 -1.19e-15  6.45e-15   242    -2     0
1635.04 -4.10e-15  9.95e-15   242    -8     0
1636.72  3.57e-14  7.52e-15   242    77     0
1638.39  5.58e-14  1.30e-14   242   121     0
1640.07  5.66e-14  1.93e-14   241   123     0
1641.75  3.70e-14  1.79e-14   241    80     0
1643.42  2.72e-14  1.03e-14   241    59     0
1645.10  3.54e-15  7.94e-15   241     7     0
1646.78  4.05e-15  5.98e-15   240     8     0
1648.45  4.48e-15  5.95e-15   240     9     0
1650.13  4.00e-16  5.89e-15   240     0     0
1651.81 -2.05e-15  6.54e-15   240    -4     0
1653.48 -1.87e-15  6.57e-15   239    -4     0
1655.16  1.56e-14  9.08e-15   239    35     0
1656.83  2.11e-14  6.87e-15   239    47     0
1658.51  1.88e-14  7.26e-15   239    42     0
1660.19  9.69e-15  5.86e-15   238    22     0
1661.86  6.46e-15  8.55e-15   238    14     0
1663.54  1.79e-14  6.44e-15   238    41     0
1665.22  2.79e-14  1.05e-14   238    63     0
1666.89  1.19e-14  1.08e-14   238    27     0
1668.57 -4.69e-15  5.95e-15   237   -10     0
1670.24  1.60e-14  5.74e-15   237    37     0
1671.92  1.07e-14  6.24e-15   237    25     0
1673.60  1.35e-14  5.52e-15   237    31     0
1675.27  9.18e-15  5.38e-15   237    21     0
1676.95  7.49e-16  5.20e-15   236     1     0
1678.63 -1.59e-15  5.16e-15   236    -3     0
1680.30 -3.45e-15  6.07e-15   236    -8     0
1681.98  3.89e-15  5.37e-15   236     9     0
1683.66  9.73e-15  5.21e-15   236    23     0
1685.33  7.92e-16  5.02e-15   235     1     0
1687.01  7.73e-15  5.11e-15   235    18     0
1688.68  4.63e-15  5.00e-15   235    11     0
1690.36  4.79e-15  4.95e-15   235    11     0
1692.04  8.91e-15  4.97e-15   235    22     0
1693.71  2.19e-14  8.55e-15   235    54     0
1695.39  6.55e-15  4.84e-15   234    16     0
1697.07  2.73e-16  4.71e-15   234     0     0
1698.74  4.45e-15  4.80e-15   234    11     0
1700.42  1.12e-15  4.72e-15   234     2     0
1702.10  3.15e-16  4.59e-15   234     0     0
1703.77  6.32e-16  4.56e-15   234     1     0
1705.45 -7.38e-15  4.53e-15   234   -19     0
1707.12  5.82e-15  4.58e-15   233    15     0
1708.80  6.93e-15  5.94e-15   233    18     0
1710.48  9.61e-15  4.62e-15   233    25     0
1712.15 -6.75e-15  4.37e-15   233   -17     0
1713.83 -1.07e-15  4.33e-15   233    -2     0
1715.51  3.68e-15  7.40e-15   233     9     0
1717.18  3.75e-15  4.28e-15   233    10     0
1718.86  8.37e-16  4.21e-15   233     2     0
1720.54  2.40e-15  4.24e-15   233     6     0
1722.21  7.42e-15  4.31e-15   232    20     0
1723.89  7.82e-16  4.10e-15   232     2     0
1725.56 -1.81e-15  4.09e-15   232    -4     0
1727.24 -2.42e-15  4.05e-15   232    -6     0
1728.92  2.35e-16  4.01e-15   232     0     0
1730.59  5.76e-15  4.18e-15   232    16     0
1732.27  6.04e-15  4.03e-15   232    17     0
1733.95 -1.26e-15  3.90e-15   232    -3     0
1735.62 -1.23e-15  3.87e-15   232    -3     0
1737.30  2.89e-15  3.85e-15   232     8     0
1738.97  7.82e-15  3.93e-15   232    22     0
1740.65  5.72e-15  3.81e-15   232    16     0
1742.33  4.88e-15  3.77e-15   232    14     0
1744.00 -8.10e-15  3.67e-15   232   -24     0
1745.68 -3.64e-15  3.65e-15   232   -10     0
1747.36  3.47e-15  3.72e-15   232    10     0
1749.03  6.01e-15  4.81e-15   232    18     0
1750.71  1.45e-14  7.10e-15   232    43     0
1752.39  1.73e-14  7.62e-15   232    52     0
1754.06  9.81e-15  5.62e-15   232    30     0
1755.74  1.08e-15  4.07e-15   232     3     0
1757.41  6.25e-15  3.95e-15   232    19     0
1759.09 -1.67e-15  3.41e-15   232    -5     0
1760.77 -5.00e-15  3.41e-15   232   -15     0
1762.44 -1.78e-15  3.36e-15   232    -5     0
1764.12  8.47e-16  3.33e-15   232     2     0
1765.80 -6.78e-16  3.30e-15   232    -2     0
1767.47 -6.33e-15  3.91e-15   232   -20     0
1769.15 -7.04e-15  3.25e-15   232   -22     0
1770.83 -7.98e-15  3.21e-15   232   -25     0
1772.50 -9.52e-15  3.19e-15   232   -30     0
1774.18 -1.65e-15  3.17e-15   232    -5     0
1775.85 -7.26e-15  3.17e-15   232   -23     0
1777.53 -7.68e-15  3.20e-15   232   -25     0
1779.21  6.93e-16  3.10e-15   232     2     0
1780.88  9.31e-16  3.54e-15   232     3     0
1782.56  2.52e-15  3.12e-15   232     8     0
1784.24  1.14e-15  3.16e-15   232     3     0
1785.91  1.53e-15  3.01e-15   233     5     0
1787.59  1.93e-15  3.01e-15   233     6     0
1789.26 -1.37e-15  3.04e-15   233    -4     0
1790.94  3.10e-15  3.47e-15   233    10     0
1792.62  3.46e-15  4.79e-15   233    11     0
1794.29  3.50e-15  3.60e-15   233    11     0
1795.97  8.98e-15  3.49e-15   233    30     0
1797.65 -2.40e-15  3.09e-15   233    -8     0
1799.32  1.39e-14  3.66e-15   234    47     0
1801.00  1.35e-14  3.36e-15   234    46     0
1802.68  4.35e-15  2.90e-15   234    14     0
1804.35  5.98e-15  2.93e-15   234    20     0
1806.03  1.12e-14  5.39e-15   234    38     0
1807.70  1.27e-14  4.94e-15   234    43     0
1809.38  1.08e-14  3.96e-15   234    37     0
1811.06  9.43e-15  3.10e-15   235    32     0
1812.73  3.91e-15  2.91e-15   235    13     0
1814.41  1.17e-14  4.04e-15   235    40     0
1816.09  1.63e-14  3.85e-15   235    56     0
1817.76  1.44e-14  4.82e-15   235    50     0
1819.44  8.32e-15  2.98e-15   236    28     0
1821.12 -3.75e-15  2.77e-15   236   -13     0
1822.79 -2.20e-15  2.70e-15   236    -7     0
1824.47  1.29e-15  2.71e-15   236     4     0
1826.14 -2.87e-15  2.70e-15   237    -9     0
1827.82 -5.07e-15  2.67e-15   237   -17     0
1829.50 -8.13e-15  2.65e-15   237   -28     0
1831.17 -7.12e-15  2.62e-15   237   -25     0
1832.85 -5.23e-15  2.61e-15   237   -18     0
1834.53 -7.71e-15  2.60e-15   238   -27     0
1836.20 -4.04e-15  2.60e-15   238   -14     0
1837.88 -4.19e-15  2.82e-15   238   -14     0
1839.55 -1.78e-15  2.67e-15   239    -6     0
1841.23 -2.99e-15  2.60e-15   239   -10     0
1842.91 -1.81e-15  2.75e-15   239    -6     0
1844.58  4.95e-15  2.64e-15   239    17     0
1846.26  5.13e-15  2.62e-15   240    18     0
1847.94  3.82e-15  2.58e-15   240    13     0
1849.61  2.07e-15  2.63e-15   240     7     0
1851.29 -4.01e-16  2.53e-15   241    -1     0
1852.97 -3.44e-15  2.86e-15   241   -12     0
1854.64  1.15e-15  2.76e-15   241     4     0
1856.32  4.55e-15  2.58e-15   242    15     0
1857.99  3.86e-15  2.56e-15   242    13     0
1859.67  7.32e-16  2.50e-15   242     2     0
1861.35 -1.88e-15  2.48e-15   243    -6     0
1863.02 -7.20e-16  2.48e-15   243    -2     0
1864.70 -1.27e-15  2.47e-15   243    -4     0
1866.38 -4.20e-15  2.49e-15   244   -14     0
1868.05 -6.13e-15  2.48e-15   244   -21     0
1869.73 -6.57e-15  2.48e-15   244   -22     0
1871.41 -5.40e-15  2.47e-15   245   -18     0
1873.08 -5.67e-15  2.49e-15   245   -19     0
1874.76 -1.58e-16  2.47e-15   246     0     0
1876.43  4.12e-16  2.67e-15   246     1     0
1878.11 -1.95e-15  2.46e-15   246    -6     0
1879.79 -4.61e-15  2.45e-15   247   -15     0
1881.46  2.53e-15  2.49e-15   247     8     0
1883.14  2.38e-15  2.47e-15   248     8     0
1884.82 -8.18e-16  2.44e-15   248    -2     0
1886.49 -3.46e-15  2.44e-15   248   -11     0
1888.17  6.49e-17  2.44e-15   249     0     0
1889.85  3.62e-15  2.59e-15   249    12     0
1891.52  2.19e-15  2.45e-15   250     7     0
1893.20  3.36e-16  2.42e-15   250     1     0
1894.87  2.28e-15  2.45e-15   251     7     0
1896.55  4.30e-15  2.48e-15   251    14     0
1898.23  3.73e-15  2.47e-15   251    12     0
1899.90  3.23e-15  2.45e-15   252    10     0
1901.58  2.45e-15  2.43e-15   252     8     0
1903.26  3.02e-15  2.44e-15   253    10     0
1904.93  2.07e-16  2.40e-15   253     0     0
1906.61 -5.96e-16  2.38e-15   254    -1     0
1908.28 -1.72e-15  2.38e-15   254    -5     0
1909.96  8.55e-16  2.66e-15   255     2     0
1911.64  3.15e-15  3.05e-15   255    10     0
1913.31  3.57e-15  2.63e-15   256    11     0
1914.99  4.07e-15  2.42e-15   256    13     0
1916.67  4.97e-15  2.52e-15   257    16     0
1918.34  3.45e-15  2.66e-15   257    11     0
1920.02 -3.19e-16  2.52e-15   258    -1     0
1921.70 -3.36e-15  2.65e-15   258   -10     0
1923.37 -5.81e-15  2.80e-15   259   -18     0
1925.05 -3.30e-15  2.70e-15   259   -10     0
1926.72 -1.22e-15  2.61e-15   260    -3     0
1928.40  1.94e-16  2.47e-15   260     0     0
1930.08  2.04e-16  2.28e-15   261     0     0
1931.75  1.93e-15  2.29e-15   261     6     0
1933.43  3.17e-15  2.61e-15   262    10     0
1935.11  4.25e-15  2.33e-15   263    14     0
1936.78  3.55e-15  2.31e-15   263    11     0
1938.46  2.94e-15  2.28e-15   264     9     0
1940.14 -2.53e-15  2.22e-15   264    -8     0
1941.81 -2.92e-15  2.20e-15   265    -9     0
1943.49 -6.61e-16  2.19e-15   265    -2     0
1945.16 -1.29e-16  2.17e-15   266     0     0
1946.84  2.58e-15  2.19e-15   267     8     0
1948.52  3.00e-15  2.19e-15   267    10     0
1950.19  4.26e-15  2.20e-15   268    14     0
1951.87  5.58e-15  2.21e-15   268    18     0
1953.55  4.34e-15  2.17e-15   269    14     0
1955.22  4.19e-15  2.15e-15   269    14     0
1956.90  5.18e-15  2.16e-15   270    17     0
1958.57  3.79e-15  2.11e-15   271    12     0
1960.25  7.37e-15  2.17e-15   271    25     0
1961.93  6.09e-15  2.14e-15   272    20     0
1963.60  7.00e-15  2.15e-15   272    24     0
1965.28  6.54e-15  2.13e-15   273    22     0
1966.96  7.25e-15  2.13e-15   274    24     0
1968.63  6.88e-15  2.13e-15   274    23     0
1970.31  2.62e-15  2.04e-15   275     8     0
1971.99  2.08e-15  2.03e-15   275     7     0
1973.66  4.22e-15  2.07e-15   276    14     0
1975.34  4.46e-15  2.08e-15   277    15     0
1977.01  4.52e-15  2.09e-15   277    15     0
1978.69  1.96e-16  2.00e-15   278     0     0
