NOT ORIGINAL IUE PROJECT DATA PRODUCT
SWP29255LOWLARGE
HD  197481
20:42:06
-31:31:05
48
NO-TRAIL
ALONG-APER
03599.844
19/09/86
20:55:20
262
09.17
23/04/94
VILSPA
2446693.37176
0
25
1150.58 -1.35e-13  1.03e-13   241   -43     0
1152.26 -1.42e-14  9.68e-14   241    -4     0
1153.93 -1.35e-14  9.05e-14   240    -4     0
1155.61 -2.63e-14  8.43e-14   240   -10     0
1157.29 -1.39e-13  7.82e-14   240   -57     0
1158.96 -7.33e-14  7.21e-14   240   -32     0
1160.64 -1.27e-13  6.70e-14   239   -61     0
1162.31  4.89e-14  6.30e-14   239    25     0
1163.99 -1.37e-14  5.79e-14   239    -7     0
1165.67 -6.41e-14  5.27e-14   239   -38     0
1167.34 -5.19e-14  4.90e-14   238   -33     0
1169.02  1.49e-14  4.58e-14   238    10     0
1170.70 -3.98e-15  4.24e-14   238    -2     0
1172.37 -8.11e-15  3.96e-14   238    -6     0
1174.05  2.37e-14  3.72e-14   237    20     0
1175.73 -1.05e-14  5.98e-14   237    -9     0
1177.40  3.41e-15  3.24e-14   237     3     0
1179.08 -4.00e-14  3.04e-14   237   -40     0
1180.75  4.77e-16  2.84e-14   237     0     0
1182.43 -4.23e-14  2.68e-14   237   -48     0
1184.11 -2.00e-14  2.53e-14   236   -24     0
1185.78  6.35e-15  2.41e-14   236     8     0
1187.46 -2.47e-14  2.28e-14   236   -32     0
1189.14  1.76e-14  2.20e-14   236    24     0
1190.81  1.84e-14  2.17e-14   236    27     0
1192.49  9.88e-15  2.02e-14   236    15     0
1194.17  1.33e-14  2.09e-14   236    21     0
1195.84  2.59e-15  2.04e-14   236     4     0
1197.52  4.60e-15  1.92e-14   235     7     0
1199.19  5.30e-15  1.80e-14   235     9     0
1200.87 -7.36e-15  1.68e-14   235   -13     0
1202.55  3.15e-14  1.60e-14   235    59     0
1204.22  2.28e-14  1.73e-14   235    44     0
1205.90  4.82e-14  1.52e-14   235    97     0
1207.58  9.97e-14  1.68e-14   235   207     0
1209.25  2.34e-13  4.49e-14   235   500     0
1210.93  5.07e-13  8.77e-14   235  1115     0
1212.60  7.77e-13  1.32e-13   235  1753     0
1214.28  9.17e-13  1.73e-13   235  2121     0
1215.96  8.40e-13  1.57e-13   235  1991     0
1217.63  6.59e-13  1.17e-13   235  1601     0
1219.31  4.39e-13  7.87e-14   235  1090     0
1220.99  2.33e-13  4.57e-14   235   591     0
1222.66  8.12e-14  2.07e-14   235   209     0
1224.34  1.20e-14  1.09e-14   235    31     0
1226.02 -5.74e-16  1.07e-14   235    -1     0
1227.69 -4.00e-15  1.02e-14   235   -11     0
1229.37 -3.26e-15  9.99e-15   235    -9     0
1231.04  8.00e-15  9.87e-15   235    22     0
1232.72  1.48e-14  9.79e-15   235    42     0
1234.40  5.60e-15  9.49e-15   235    16     0
1236.07  1.54e-14  9.46e-15   235    46     0
1237.75  1.41e-14  9.28e-15   235    42     0
1239.43  4.94e-15  8.98e-15   235    15     0
1241.10  1.31e-14  9.04e-15   235    40     0
1242.78  4.56e-15  8.78e-15   235    14     0
1244.46  7.87e-15  8.73e-15   235    24     0
1246.13 -6.06e-15  8.51e-15   235   -19     0
1247.81  8.98e-15  8.54e-15   235    28     0
1249.48  9.64e-15  8.43e-15   235    31     0
1251.16  7.12e-15  8.24e-15   235    23     0
1252.84  1.15e-14  8.24e-15   235    38     0
1254.51  3.57e-15  8.01e-15   235    11     0
1256.19  2.48e-15  7.92e-15   235     8     0
1257.87  5.84e-15  7.91e-15   235    19     0
1259.54 -1.16e-15  7.76e-15   235    -3     0
1261.22  1.73e-15  7.65e-15   235     5     0
1262.89  7.87e-16  7.58e-15   235     2     0
1264.57  1.92e-14  7.83e-15   235    66     0
1266.25  1.37e-14  7.64e-15   235    47     0
1267.92 -1.09e-15  7.36e-15   235    -3     0
1269.60 -9.93e-15  7.31e-15   235   -35     0
1271.28  6.42e-15  7.37e-15   235    22     0
1272.95  1.65e-15  7.23e-15   235     5     0
1274.63 -6.32e-15  7.18e-15   235   -22     0
1276.31 -3.38e-15  7.15e-15   236   -12     0
1277.98  5.87e-15  7.17e-15   236    20     0
1279.66  7.71e-15  7.16e-15   236    27     0
1281.33 -2.70e-15  7.00e-15   236    -9     0
1283.01  5.20e-15  7.01e-15   236    18     0
1284.69  2.10e-14  7.27e-15   236    75     0
1286.36 -8.15e-15  6.87e-15   236   -29     0
1288.04  7.96e-15  6.94e-15   236    28     0
1289.72  2.05e-15  6.83e-15   236     7     0
1291.39  5.95e-15  6.85e-15   236    21     0
1293.07 -3.00e-15  6.75e-15   236   -10     0
1294.75 -2.01e-16  6.72e-15   236     0     0
1296.42  6.01e-15  6.75e-15   237    22     0
1298.10  1.76e-14  6.90e-15   237    64     0
1299.77  1.11e-14  6.79e-15   237    40     0
1301.45  1.71e-14  6.90e-15   237    62     0
1303.13  2.48e-14  7.15e-15   237    90     0
1304.80  1.86e-14  6.88e-15   237    67     0
1306.48  2.05e-14  6.94e-15   237    74     0
1308.16  1.70e-14  6.89e-15   237    61     0
1309.83  1.13e-14  6.79e-15   237    40     0
1311.51  5.08e-15  6.60e-15   237    18     0
1313.19 -5.56e-15  6.53e-15   238   -20     0
1314.86  7.53e-15  6.61e-15   238    27     0
1316.54  8.17e-16  6.49e-15   238     2     0
1318.21  1.40e-14  6.72e-15   238    50     0
1319.89  6.31e-15  6.57e-15   238    22     0
1321.57  3.66e-15  6.72e-15   238    13     0
1323.24  8.07e-16  6.83e-15   238     2     0
1324.92  2.28e-15  7.41e-15   238     8     0
1326.60  1.49e-14  7.48e-15   238    52     0
1328.27  1.53e-14  7.12e-15   238    53     0
1329.95  1.35e-14  6.76e-15   239    47     0
1331.62  8.40e-15  6.61e-15   239    29     0
1333.30  3.32e-14  1.27e-14   239   116     0
1334.98  5.49e-14  1.45e-14   239   191     0
1336.65  3.61e-14  1.43e-14   239   126     0
1338.33  2.74e-14  8.54e-15   239    95     0
1340.01  1.26e-14  6.73e-15   239    43     0
1341.68  2.71e-15  6.56e-15   239     9     0
1343.36  1.56e-15  6.55e-15   240     5     0
1345.04  6.44e-15  6.64e-15   240    21     0
1346.71 -9.46e-16  6.55e-15   240    -3     0
1348.39 -1.41e-15  6.56e-15   240    -4     0
1350.06  1.19e-14  8.09e-15   240    40     0
1351.74  9.47e-15  6.72e-15   240    31     0
1353.42  2.99e-14  7.07e-15   240    99     0
1355.09  1.49e-14  6.81e-15   240    49     0
1356.77  1.41e-15  6.58e-15   241     4     0
1358.45 -1.72e-15  6.60e-15   241    -5     0
1360.12  9.02e-15  6.80e-15   241    29     0
1361.80 -3.43e-15  6.68e-15   241   -11     0
1363.48  5.87e-15  6.76e-15   241    18     0
1365.15  3.81e-15  6.73e-15   241    12     0
1366.83  6.91e-17  6.72e-15   241     0     0
1368.50  8.58e-15  6.87e-15   241    27     0
1370.18  9.41e-15  6.87e-15   242    29     0
1371.86  1.36e-14  6.96e-15   242    42     0
1373.53  4.66e-15  6.82e-15   242    14     0
1375.21  2.12e-15  6.81e-15   242     6     0
1376.89 -1.49e-16  6.82e-15   242     0     0
1378.56  2.17e-15  6.86e-15   242     6     0
1380.24  9.19e-15  6.98e-15   242    28     0
1381.91 -7.42e-16  6.96e-15   243    -2     0
1383.59 -3.30e-15  6.90e-15   243    -9     0
1385.27 -7.97e-15  6.92e-15   243   -23     0
1386.94  9.71e-15  7.10e-15   243    28     0
1388.62 -8.35e-15  6.97e-15   243   -24     0
1390.30  6.96e-15  7.12e-15   243    20     0
1391.97  2.06e-14  7.36e-15   243    60     0
1393.65  1.20e-14  8.70e-15   244    34     0
1395.33  3.95e-15  7.11e-15   244    11     0
1397.00  4.16e-15  7.18e-15   244    11     0
1398.68  1.69e-15  7.17e-15   244     4     0
1400.35  7.34e-15  7.28e-15   244    20     0
1402.03  1.75e-14  7.53e-15   244    48     0
1403.71  7.93e-15  7.32e-15   244    21     0
1405.38  7.23e-15  7.40e-15   245    19     0
1407.06  1.09e-14  7.47e-15   245    29     0
1408.74  1.36e-14  7.59e-15   245    36     0
1410.41  4.76e-15  7.46e-15   245    12     0
1412.09  1.15e-14  7.60e-15   245    30     0
1413.77  1.48e-14  7.71e-15   245    39     0
1415.44  9.92e-15  7.60e-15   245    26     0
1417.12  3.85e-15  7.52e-15   246    10     0
1418.79 -4.61e-15  7.51e-15   246   -12     0
1420.47  6.69e-15  7.75e-15   246    17     0
1422.15  1.19e-14  7.86e-15   246    30     0
1423.82  3.26e-15  7.75e-15   246     8     0
1425.50 -3.70e-15  7.67e-15   246    -9     0
1427.18 -1.73e-15  7.97e-15   246    -4     0
1428.85  3.33e-15  7.75e-15   247     8     0
1430.53 -2.49e-15  7.77e-15   247    -6     0
1432.20  1.55e-15  7.80e-15   247     3     0
1433.88  2.52e-15  7.83e-15   247     6     0
1435.56 -2.54e-15  7.90e-15   247    -6     0
1437.23  6.34e-15  8.01e-15   247    15     0
1438.91  2.58e-14  8.64e-15   248    61     0
1440.59  8.84e-15  8.04e-15   248    21     0
1442.26  6.70e-15  8.02e-15   248    15     0
1443.94  1.54e-14  8.23e-15   248    36     0
1445.62  7.19e-16  7.98e-15   248     1     0
1447.29  2.19e-14  8.35e-15   248    50     0
1448.97  5.33e-15  8.07e-15   249    12     0
1450.64  8.00e-15  8.12e-15   249    18     0
1452.32 -2.97e-15  8.00e-15   249    -6     0
1454.00  1.12e-15  8.00e-15   249     2     0
1455.67  8.54e-15  8.13e-15   249    19     0
1457.35  1.47e-14  8.24e-15   249    33     0
1459.03  9.34e-15  8.13e-15   249    21     0
1460.70  1.72e-14  8.26e-15   250    39     0
1462.38  1.50e-14  8.19e-15   250    34     0
1464.06 -2.84e-15  7.97e-15   250    -6     0
1465.73 -7.92e-15  8.03e-15   250   -17     0
1467.41  8.82e-15  9.34e-15   250    19     0
1469.08 -4.91e-15  8.03e-15   250   -10     0
1470.76  4.94e-15  8.10e-15   251    10     0
1472.44  1.36e-14  8.26e-15   251    30     0
1474.11  4.56e-15  8.08e-15   251    10     0
1475.79 -7.44e-15  8.06e-15   251   -16     0
1477.47 -9.72e-15  8.06e-15   251   -21     0
1479.14  8.33e-16  8.06e-15   251     1     0
1480.82  8.88e-16  8.04e-15   252     1     0
1482.50 -3.55e-16  8.04e-15   252     0     0
1484.17  1.85e-14  8.34e-15   252    40     0
1485.85  9.25e-16  8.00e-15   252     2     0
1487.52  7.03e-15  8.09e-15   252    15     0
1489.20  3.47e-15  8.04e-15   252     7     0
1490.88  1.32e-15  8.05e-15   253     2     0
1492.55  9.04e-15  8.18e-15   253    19     0
1494.23  1.49e-14  8.29e-15   253    31     0
1495.91  1.53e-15  8.01e-15   253     3     0
1497.58 -1.52e-15  8.02e-15   253    -3     0
1499.26 -5.84e-15  8.02e-15   253   -12     0
1500.93  2.38e-15  8.01e-15   254     5     0
1502.61 -1.13e-14  8.02e-15   254   -23     0
1504.29 -2.33e-15  8.04e-15   254    -4     0
1505.96 -6.67e-16  8.05e-15   254    -1     0
1507.64  1.07e-14  8.23e-15   254    22     0
1509.32  9.58e-15  8.20e-15   254    19     0
1510.99  9.71e-15  8.26e-15   254    20     0
1512.67 -5.14e-16  8.14e-15   255    -1     0
1514.35  5.41e-15  8.22e-15   255    11     0
1516.02  1.19e-14  8.81e-15   255    24     0
1517.70  4.59e-15  8.22e-15   255     9     0
1519.37 -1.81e-15  8.37e-15   255    -3     0
1521.05 -1.50e-15  8.23e-15   255    -3     0
1522.73  6.91e-15  8.32e-15   256    13     0
1524.40  7.19e-15  8.35e-15   256    14     0
1526.08  2.79e-15  8.26e-15   256     5     0
1527.76 -1.95e-14  8.24e-15   256   -38     0
1529.43 -1.60e-14  8.24e-15   256   -31     0
1531.11 -1.26e-14  8.19e-15   256   -24     0
1532.79  7.43e-15  8.25e-15   257    14     0
1534.46  7.46e-15  8.25e-15   257    14     0
1536.14 -1.15e-14  8.15e-15   257   -22     0
1537.81  3.20e-15  8.14e-15   257     6     0
1539.49 -2.53e-15  8.11e-15   257    -5     0
1541.17 -5.40e-15  8.09e-15   257   -10     0
1542.84  4.52e-15  8.10e-15   258     8     0
1544.52  1.55e-14  1.02e-14   258    30     0
1546.20  6.15e-14  1.85e-14   258   122     0
1547.87  9.41e-14  2.46e-14   258   186     0
1549.55  8.41e-14  2.54e-14   258   166     0
1551.22  3.98e-14  1.60e-14   258    78     0
1552.90 -1.90e-15  8.87e-15   258    -3     0
1554.58  1.53e-14  9.59e-15   259    30     0
1556.25  1.00e-14  8.02e-15   259    19     0
1557.93  2.52e-16  7.87e-15   259     0     0
1559.61 -1.47e-14  7.84e-15   259   -29     0
1561.28 -2.46e-14  7.81e-15   259   -49     0
1562.96 -3.09e-15  7.78e-15   259    -6     0
1564.64 -5.89e-15  7.75e-15   260   -11     0
1566.31 -1.72e-14  7.68e-15   260   -34     0
1567.99  7.75e-15  7.75e-15   260    15     0
1569.66 -4.49e-15  7.63e-15   260    -9     0
1571.34 -1.77e-14  7.67e-15   260   -35     0
1573.02 -2.05e-14  7.64e-15   260   -41     0
1574.69 -1.13e-14  7.62e-15   260   -22     0
1576.37 -6.20e-15  7.61e-15   261   -12     0
1578.05 -5.94e-15  7.58e-15   261   -11     0
1579.72  6.72e-15  7.75e-15   261    13     0
1581.40  8.34e-15  7.60e-15   261    16     0
1583.08 -2.89e-15  7.50e-15   261    -5     0
1584.75 -6.35e-15  7.45e-15   261   -12     0
1586.43  1.72e-15  7.40e-15   261     3     0
1588.10  9.44e-15  7.51e-15   262    19     0
1589.78 -9.13e-15  7.34e-15   262   -18     0
1591.46 -1.58e-14  7.34e-15   262   -32     0
1593.13 -7.63e-15  7.31e-15   262   -15     0
1594.81 -5.90e-15  7.29e-15   262   -11     0
1596.49  9.90e-15  7.62e-15   262    20     0
1598.16 -7.70e-15  7.19e-15   262   -15     0
1599.84 -4.43e-15  7.16e-15   262    -9     0
1601.52 -9.64e-15  7.12e-15   263   -19     0
1603.19 -7.88e-15  7.09e-15   263   -16     0
1604.87  4.88e-15  7.12e-15   263    10     0
1606.54  1.30e-14  7.25e-15   263    26     0
1608.22 -1.88e-15  7.03e-15   263    -3     0
1609.90 -2.04e-15  6.98e-15   263    -4     0
1611.57 -7.21e-15  8.10e-15   263   -14     0
1613.25 -2.56e-15  6.92e-15   263    -5     0
1614.93 -1.72e-14  6.89e-15   264   -35     0
1616.60 -1.77e-14  6.86e-15   264   -36     0
1618.28 -1.66e-15  6.83e-15   264    -3     0
1619.95 -9.03e-15  6.80e-15   264   -18     0
1621.63 -1.36e-14  6.74e-15   264   -28     0
1623.31 -9.69e-15  6.70e-15   264   -20     0
1624.98 -1.14e-14  6.67e-15   264   -24     0
1626.66 -8.03e-15  6.64e-15   264   -17     0
1628.34  1.61e-15  6.60e-15   264     3     0
1630.01  2.98e-15  6.65e-15   264     6     0
1631.69  2.92e-16  6.59e-15   265     0     0
1633.37 -2.52e-16  6.55e-15   265     0     0
1635.04  1.50e-14  6.73e-15   265    32     0
1636.72  3.41e-14  7.36e-15   265    73     0
1638.39  4.46e-14  1.24e-14   265    96     0
1640.07  5.57e-14  1.81e-14   265   120     0
1641.75  3.97e-14  1.48e-14   265    86     0
1643.42  1.88e-14  6.94e-15   265    40     0
1645.10  2.54e-15  6.28e-15   265     5     0
1646.78  1.56e-14  6.49e-15   265    34     0
1648.45  4.67e-15  6.26e-15   265    10     0
1650.13  9.71e-15  6.33e-15   265    21     0
1651.81 -1.65e-15  6.14e-15   266    -3     0
1653.48  1.99e-15  6.11e-15   266     4     0
1655.16  1.56e-14  6.41e-15   266    34     0
1656.83  2.50e-14  1.16e-14   266    56     0
1658.51  1.87e-14  8.30e-15   266    42     0
1660.19  1.14e-14  6.17e-15   266    25     0
1661.86 -3.13e-15  6.14e-15   266    -7     0
1663.54  2.92e-15  6.44e-15   266     6     0
1665.22  8.73e-15  6.72e-15   266    19     0
1666.89  3.81e-15  6.14e-15   266     8     0
1668.57 -3.45e-15  5.75e-15   266    -7     0
1670.24 -2.55e-16  5.98e-15   266     0     0
1671.92 -7.34e-15  5.63e-15   266   -17     0
1673.60  2.49e-15  5.60e-15   266     5     0
1675.27 -1.10e-14  5.55e-15   266   -25     0
1676.95  2.13e-16  5.60e-15   266     0     0
1678.63  2.61e-15  5.47e-15   266     6     0
1680.30 -6.00e-16  5.44e-15   266    -1     0
1681.98  1.02e-14  5.70e-15   266    24     0
1683.66  8.96e-15  5.48e-15   266    21     0
1685.33  5.09e-15  5.41e-15   266    12     0
1687.01  1.74e-14  5.58e-15   266    42     0
1688.68  1.57e-14  5.53e-15   267    38     0
1690.36  2.17e-14  5.58e-15   267    53     0
1692.04  3.50e-14  5.83e-15   267    86     0
1693.71  3.18e-14  5.70e-15   267    78     0
1695.39  2.15e-14  5.44e-15   267    53     0
1697.07  2.86e-14  6.15e-15   267    71     0
1698.74  6.72e-14  2.38e-14   267   169     0
1700.42  5.58e-14  1.91e-14   267   141     0
1702.10  2.42e-14  5.35e-15   267    61     0
1703.77  1.68e-14  5.15e-15   267    43     0
1705.45  2.03e-14  5.21e-15   267    52     0
1707.12  1.92e-14  5.15e-15   266    49     0
1708.80  8.03e-15  4.88e-15   266    20     0
1710.48  4.12e-15  4.76e-15   266    10     0
1712.15  6.08e-15  4.77e-15   266    16     0
1713.83  6.91e-15  4.74e-15   266    18     0
1715.51  1.31e-14  4.80e-15   266    35     0
1717.18  1.60e-14  4.84e-15   266    42     0
1718.86  1.04e-14  4.67e-15   266    28     0
1720.54  1.78e-14  4.76e-15   266    48     0
1722.21  1.42e-14  4.65e-15   266    38     0
1723.89  5.21e-15  4.45e-15   266    14     0
1725.56  1.98e-14  4.78e-15   266    54     0
1727.24  3.53e-14  1.51e-14   266    97     0
1728.92  1.73e-14  4.62e-15   266    48     0
1730.59  1.09e-14  4.45e-15   266    30     0
1732.27  5.43e-15  4.32e-15   266    15     0
1733.95  2.50e-15  4.21e-15   266     7     0
1735.62  2.07e-15  4.14e-15   266     5     0
1737.30  2.60e-16  4.10e-15   266     0     0
1738.97  1.41e-14  4.31e-15   266    40     0
1740.65  7.64e-15  4.13e-15   266    22     0
1742.33 -4.27e-17  3.97e-15   266     0     0
1744.00 -3.92e-15  3.94e-15   265   -11     0
1745.68  1.24e-15  3.92e-15   265     3     0
1747.36  1.28e-14  4.13e-15   265    38     0
1749.03  1.68e-14  4.16e-15   265    50     0
1750.71  2.59e-14  4.91e-15   265    78     0
1752.39  1.59e-14  6.74e-15   265    48     0
1754.06  5.16e-15  3.80e-15   265    15     0
1755.74 -2.55e-15  3.73e-15   265    -7     0
1757.41 -1.25e-15  3.70e-15   265    -3     0
1759.09  2.60e-15  3.69e-15   265     8     0
1760.77 -3.25e-15  3.64e-15   264   -10     0
1762.44  5.37e-15  3.70e-15   264    16     0
1764.12  2.15e-15  3.60e-15   264     6     0
1765.80  3.48e-15  3.59e-15   264    10     0
1767.47  5.45e-15  3.61e-15   264    17     0
1769.15  7.94e-16  3.48e-15   264     2     0
1770.83 -2.05e-15  3.45e-15   264    -6     0
1772.50 -1.07e-15  3.42e-15   264    -3     0
1774.18 -3.01e-16  3.40e-15   264     0     0
1775.85 -2.92e-15  3.38e-15   263    -9     0
1777.53 -4.58e-15  3.35e-15   263   -14     0
1779.21 -5.20e-15  3.33e-15   263   -16     0
1780.88 -3.03e-16  3.30e-15   263     0     0
1782.56 -5.12e-15  3.28e-15   263   -16     0
1784.24  3.20e-15  3.30e-15   263    10     0
1785.91  5.48e-15  3.30e-15   263    18     0
1787.59  5.70e-15  3.41e-15   262    18     0
1789.26  4.70e-15  3.34e-15   262    15     0
1790.94  2.21e-16  3.40e-15   262     0     0
1792.62 -7.16e-15  3.77e-15   262   -24     0
1794.29 -1.07e-14  3.63e-15   262   -36     0
1795.97 -3.09e-15  3.51e-15   262   -10     0
1797.65  7.23e-16  3.31e-15   261     2     0
1799.32 -6.17e-16  3.06e-15   261    -2     0
1801.00  2.08e-15  3.07e-15   261     7     0
1802.68  4.66e-15  3.15e-15   261    15     0
1804.35  3.23e-15  3.31e-15   261    11     0
1806.03  1.22e-14  3.42e-15   261    41     0
1807.70  1.65e-14  4.20e-15   260    56     0
1809.38  1.14e-14  3.17e-15   260    38     0
1811.06  1.06e-14  3.14e-15   260    36     0
1812.73  1.15e-14  3.15e-15   260    39     0
1814.41  1.34e-14  3.15e-15   260    46     0
1816.09  1.90e-14  6.59e-15   260    65     0
1817.76  1.17e-14  5.39e-15   259    40     0
1819.44  6.00e-15  2.97e-15   259    20     0
1821.12  3.38e-15  2.92e-15   259    11     0
1822.79 -1.51e-15  2.86e-15   259    -5     0
1824.47  2.54e-15  2.87e-15   259     8     0
1826.14  2.07e-15  2.85e-15   258     7     0
1827.82  2.68e-15  2.85e-15   258     9     0
1829.50  1.44e-15  2.82e-15   258     4     0
1831.17 -7.07e-16  2.79e-15   258    -2     0
1832.85  2.98e-15  2.81e-15   258    10     0
1834.53  1.03e-15  2.75e-15   258     3     0
1836.20  1.19e-15  2.74e-15   257     4     0
1837.88 -1.25e-15  2.72e-15   257    -4     0
1839.55 -1.35e-15  2.71e-15   257    -4     0
1841.23 -1.48e-15  2.70e-15   257    -5     0
1842.91 -3.20e-15  2.69e-15   257   -11     0
1844.58  1.13e-15  2.68e-15   256     3     0
1846.26  7.83e-16  2.65e-15   256     2     0
1847.94  4.83e-15  2.74e-15   256    16     0
1849.61  7.72e-15  2.77e-15   256    27     0
1851.29  8.68e-15  2.79e-15   256    30     0
1852.97  9.21e-15  2.79e-15   256    31     0
1854.64  7.33e-15  2.75e-15   255    25     0
1856.32  5.39e-15  2.70e-15   255    18     0
1857.99  3.70e-15  2.66e-15   255    12     0
1859.67  5.18e-15  2.67e-15   255    17     0
1861.35  5.69e-15  2.90e-15   255    19     0
1863.02  4.63e-15  2.65e-15   255    16     0
1864.70  2.75e-15  2.59e-15   254     9     0
1866.38  3.00e-15  2.62e-15   254    10     0
1868.05  3.16e-16  2.56e-15   254     1     0
1869.73  4.42e-15  2.62e-15   254    15     0
1871.41  8.50e-15  2.70e-15   254    29     0
1873.08  9.23e-15  2.72e-15   254    31     0
1874.76  1.02e-14  2.72e-15   253    34     0
1876.43  6.91e-15  2.65e-15   253    23     0
1878.11  1.63e-15  2.53e-15   253     5     0
1879.79  3.80e-15  2.60e-15   253    12     0
1881.46  5.04e-15  2.58e-15   253    17     0
1883.14  1.89e-15  2.51e-15   253     6     0
1884.82  3.62e-15  2.55e-15   253    12     0
1886.49  3.08e-15  2.62e-15   252    10     0
1888.17  1.39e-14  5.52e-15   252    46     0
1889.85  4.53e-14  1.87e-14   252   151     0
1891.52  8.67e-14  3.83e-14   252   290     0
1893.20  8.29e-14  3.71e-14   252   276     0
1894.87  4.52e-14  1.68e-14   252   150     0
1896.55  2.05e-14  6.24e-15   252    68     0
1898.23  1.05e-14  2.82e-15   252    34     0
1899.90  5.32e-15  3.52e-15   252    17     0
1901.58  3.86e-15  2.80e-15   252    12     0
1903.26  7.14e-15  2.53e-15   252    23     0
1904.93  6.49e-15  2.69e-15   251    21     0
1906.61  4.31e-15  2.45e-15   251    14     0
1908.28 -5.87e-16  2.37e-15   251    -1     0
1909.96 -1.51e-15  2.37e-15   251    -4     0
1911.64 -1.35e-15  2.36e-15   251    -4     0
1913.31 -1.83e-16  2.35e-15   251     0     0
1914.99  1.14e-15  2.35e-15   251     3     0
1916.67 -6.74e-16  2.45e-15   251    -2     0
1918.34 -4.51e-16  2.50e-15   251    -1     0
1920.02 -5.66e-15  2.49e-15   251   -18     0
1921.70 -6.87e-15  2.69e-15   251   -22     0
1923.37 -6.84e-15  2.67e-15   251   -22     0
1925.05 -6.54e-15  2.65e-15   251   -21     0
1926.72 -2.42e-15  2.56e-15   251    -7     0
1928.40 -1.94e-15  2.59e-15   252    -6     0
1930.08  2.73e-15  2.30e-15   252     8     0
1931.75  1.03e-14  2.48e-15   252    33     0
1933.43  1.25e-14  2.68e-15   252    40     0
1935.11  4.95e-15  2.29e-15   252    16     0
1936.78  7.82e-16  2.18e-15   252     2     0
1938.46  2.07e-16  2.17e-15   252     0     0
1940.14 -1.17e-15  2.15e-15   252    -3     0
1941.81  3.05e-15  2.18e-15   252    10     0
1943.49  6.32e-15  2.22e-15   253    20     0
1945.16  5.31e-15  2.19e-15   253    17     0
1946.84  2.03e-15  2.11e-15   253     6     0
1948.52 -3.17e-15  2.06e-15   253   -10     0
1950.19 -2.41e-15  2.05e-15   253    -8     0
1951.87  1.76e-15  2.06e-15   254     5     0
1953.55  3.01e-15  2.06e-15   254    10     0
1955.22  7.00e-15  2.12e-15   254    23     0
1956.90  6.14e-15  2.10e-15   255    20     0
1958.57  5.25e-15  2.05e-15   255    17     0
1960.25  4.62e-15  2.03e-15   255    15     0
1961.93  5.03e-15  2.02e-15   256    17     0
1963.60  6.15e-15  2.03e-15   256    21     0
1965.28  3.14e-15  1.96e-15   256    10     0
1966.96  2.81e-15  1.95e-15   257     9     0
1968.63 -5.31e-17  1.90e-15   257     0     0
1970.31  5.07e-16  1.89e-15   258     1     0
1971.99  5.41e-15  1.99e-15   258    18     0
1973.66  7.35e-15  2.02e-15   258    24     0
1975.34  6.03e-15  1.99e-15   259    20     0
1977.01  6.54e-15  2.01e-15   259    21     0
1978.69  5.19e-15  1.99e-15   260    17     0
