NOT ORIGINAL IUE PROJECT DATA PRODUCT
SWP29234LOWLARGE
HD  197481
20:42:06
-31:31:05
48
NO-TRAIL
ALONG-APER
03599.844
17/09/86
20:34:56
260
07.83
23/04/94
VILSPA
2446691.35759
0
24
1150.58 -1.27e-14  1.00e-13   190    -4     0
1152.26  2.25e-14  9.40e-14   190     7     0
1153.93  8.15e-14  8.89e-14   190    29     0
1155.61  7.87e-15  8.19e-14   190     3     0
1157.29 -3.76e-14  7.59e-14   190   -15     0
1158.96  2.92e-14  7.01e-14   190    13     0
1160.64 -7.11e-14  6.51e-14   190   -34     0
1162.31 -6.40e-14  6.05e-14   190   -33     0
1163.99  8.62e-14  5.73e-14   190    47     0
1165.67 -4.68e-14  5.12e-14   190   -28     0
1167.34 -5.84e-14  4.76e-14   190   -38     0
1169.02  6.15e-14  4.50e-14   190    42     0
1170.70  2.88e-15  4.12e-14   190     2     0
1172.37 -5.72e-14  3.84e-14   190   -45     0
1174.05  2.57e-14  3.61e-14   190    21     0
1175.73 -3.77e-14  7.68e-14   190   -34     0
1177.40  2.58e-14  3.17e-14   191    24     0
1179.08 -5.18e-15  2.95e-14   191    -5     0
1180.75  2.41e-14  2.79e-14   191    26     0
1182.43 -5.06e-14  2.63e-14   191   -58     0
1184.11 -2.97e-14  2.46e-14   191   -36     0
1185.78  7.84e-14  2.44e-14   191   100     0
1187.46 -6.56e-14  2.41e-14   191   -87     0
1189.14  3.03e-14  2.15e-14   191    42     0
1190.81  8.09e-15  2.00e-14   191    11     0
1192.49 -1.05e-14  2.05e-14   191   -16     0
1194.17  2.16e-14  1.99e-14   191    34     0
1195.84  2.69e-14  1.96e-14   192    44     0
1197.52  1.28e-14  1.92e-14   192    22     0
1199.19 -5.06e-15  1.75e-14   192    -9     0
1200.87  5.89e-16  1.64e-14   192     1     0
1202.55  2.23e-14  1.69e-14   192    42     0
1204.22  2.24e-14  2.65e-14   192    44     0
1205.90  3.19e-14  1.62e-14   192    64     0
1207.58  1.10e-13  2.68e-14   192   229     0
1209.25  2.68e-13  5.23e-14   192   574     0
1210.93  4.92e-13  1.02e-13   193  1087     0
1212.60  7.72e-13  1.50e-13   193  1750     0
1214.28  9.44e-13  1.74e-13   193  2194     0
1215.96  7.63e-13  1.38e-13   193  1819     0
1217.63  5.30e-13  8.24e-14   193  1291     0
1219.31  3.34e-13  5.79e-14   193   833     0
1220.99  2.13e-13  4.41e-14   193   541     0
1222.66  6.49e-14  1.82e-14   193   168     0
1224.34  1.91e-14  1.06e-14   194    50     0
1226.02  1.96e-14  1.04e-14   194    53     0
1227.69  3.44e-15  9.90e-15   194     9     0
1229.37  1.83e-15  9.70e-15   194     5     0
1231.04  1.08e-15  9.48e-15   194     3     0
1232.72  4.23e-15  9.32e-15   194    12     0
1234.40  1.65e-14  1.17e-14   194    48     0
1236.07  2.45e-14  2.26e-14   195    73     0
1237.75  3.71e-14  1.19e-14   195   112     0
1239.43  4.16e-15  8.69e-15   195    12     0
1241.10  7.69e-15  8.69e-15   195    23     0
1242.78 -3.14e-16  9.96e-15   195     0     0
1244.46 -3.03e-16  8.35e-15   195     0     0
1246.13  3.18e-15  8.26e-15   195    10     0
1247.81 -2.25e-16  8.15e-15   196     0     0
1249.48  1.70e-14  8.30e-15   196    55     0
1251.16 -8.85e-15  7.93e-15   196   -29     0
1252.84  1.76e-14  8.09e-15   196    58     0
1254.51  1.27e-14  7.91e-15   196    42     0
1256.19  2.51e-15  7.68e-15   197     8     0
1257.87  1.07e-14  7.76e-15   197    36     0
1259.54  2.36e-15  7.67e-15   197     8     0
1261.22  7.26e-15  7.50e-15   197    24     0
1262.89 -3.06e-15  7.91e-15   197   -10     0
1264.57  2.52e-15  7.32e-15   197     8     0
1266.25  8.76e-15  7.31e-15   198    30     0
1267.92  4.38e-16  7.13e-15   198     1     0
1269.60 -4.64e-15  7.30e-15   198   -16     0
1271.28  6.42e-15  7.13e-15   198    22     0
1272.95  4.66e-15  7.10e-15   198    16     0
1274.63 -9.01e-15  6.95e-15   199   -32     0
1276.31  8.00e-15  7.01e-15   199    28     0
1277.98 -1.03e-16  6.88e-15   199     0     0
1279.66  1.50e-14  7.34e-15   199    54     0
1281.33  2.02e-15  6.88e-15   199     7     0
1283.01  5.17e-16  6.74e-15   200     1     0
1284.69  1.56e-14  6.92e-15   200    56     0
1286.36 -1.07e-14  6.65e-15   200   -39     0
1288.04  1.61e-14  6.87e-15   200    58     0
1289.72 -3.78e-16  6.59e-15   200    -1     0
1291.39  1.01e-14  6.74e-15   201    36     0
1293.07 -2.36e-16  7.81e-15   201     0     0
1294.75 -4.39e-15  6.51e-15   201   -16     0
1296.42  6.48e-15  6.51e-15   201    23     0
1298.10 -6.27e-16  6.44e-15   201    -2     0
1299.77  1.22e-14  6.60e-15   202    44     0
1301.45  1.68e-14  6.68e-15   202    61     0
1303.13  4.21e-14  8.92e-15   202   153     0
1304.80  1.99e-14  6.72e-15   202    72     0
1306.48  3.56e-15  9.33e-15   203    12     0
1308.16  6.21e-15  7.43e-15   203    22     0
1309.83 -3.00e-15  6.48e-15   203   -10     0
1311.51 -4.71e-15  6.32e-15   203   -17     0
1313.19 -1.23e-14  9.82e-15   203   -45     0
1314.86 -8.15e-15  6.32e-15   204   -29     0
1316.54  1.69e-15  6.29e-15   204     6     0
1318.21  1.52e-14  6.51e-15   204    55     0
1319.89 -5.78e-15  7.04e-15   204   -20     0
1321.57 -7.49e-15  9.83e-15   204   -26     0
1323.24 -1.65e-14  6.62e-15   205   -58     0
1324.92 -4.53e-15  7.85e-15   205   -16     0
1326.60  7.82e-15  7.10e-15   205    27     0
1328.27  4.87e-15  6.70e-15   205    17     0
1329.95  4.59e-15  6.56e-15   206    16     0
1331.62  1.46e-14  6.72e-15   206    51     0
1333.30  1.95e-14  1.45e-14   206    68     0
1334.98  2.25e-14  1.19e-14   206    79     0
1336.65  1.01e-14  7.55e-15   207    35     0
1338.33  1.52e-15  6.26e-15   207     5     0
1340.01 -7.46e-15  6.32e-15   207   -25     0
1341.68 -1.23e-14  6.32e-15   207   -42     0
1343.36  2.91e-15  6.34e-15   207     9     0
1345.04  1.43e-15  6.33e-15   208     4     0
1346.71 -9.40e-16  6.34e-15   208    -3     0
1348.39 -5.85e-15  6.35e-15   208   -19     0
1350.06 -1.34e-14  1.76e-14   208   -45     0
1351.74 -1.77e-14  6.55e-15   209   -59     0
1353.42  2.03e-15  6.36e-15   209     6     0
1355.09  5.63e-15  6.42e-15   209    18     0
1356.77  5.00e-15  6.42e-15   209    16     0
1358.45 -5.26e-15  6.38e-15   209   -17     0
1360.12  7.60e-15  6.60e-15   210    24     0
1361.80  2.53e-16  6.46e-15   210     0     0
1363.48  4.82e-15  6.54e-15   210    15     0
1365.15  7.42e-15  6.58e-15   210    23     0
1366.83  2.24e-15  6.51e-15   211     7     0
1368.50  4.10e-15  6.56e-15   211    13     0
1370.18 -3.38e-15  6.51e-15   211   -10     0
1371.86  1.93e-15  6.53e-15   211     6     0
1373.53 -7.13e-15  6.55e-15   211   -22     0
1375.21 -1.13e-15  6.72e-15   212    -3     0
1376.89 -1.05e-14  6.59e-15   212   -32     0
1378.56 -3.37e-15  6.62e-15   212   -10     0
1380.24  1.02e-14  6.75e-15   212    31     0
1381.91  9.11e-16  6.93e-15   212     2     0
1383.59 -4.69e-15  7.88e-15   213   -14     0
1385.27 -2.02e-14  7.64e-15   213   -60     0
1386.94  1.73e-15  6.71e-15   213     5     0
1388.62 -3.45e-15  6.85e-15   213   -10     0
1390.30  1.14e-15  6.84e-15   213     3     0
1391.97  2.20e-14  7.16e-15   214    64     0
1393.65 -2.16e-16  7.08e-15   214     0     0
1395.33  4.59e-14  2.87e-14   214   132     0
1397.00  1.78e-14  1.52e-14   214    50     0
1398.68  9.87e-14  7.59e-14   214   280     0
1400.35 -1.76e-15  6.94e-15   215    -4     0
1402.03 -4.71e-15  8.28e-15   215   -13     0
1403.71 -4.86e-15  7.00e-15   215   -13     0
1405.38 -5.94e-15  8.32e-15   215   -16     0
1407.06  2.05e-14  7.86e-15   215    56     0
1408.74  2.32e-15  7.72e-15   216     6     0
1410.41  1.52e-15  9.17e-15   216     4     0
1412.09  8.20e-15  7.53e-15   216    21     0
1413.77  6.77e-15  7.94e-15   216    17     0
1415.44  1.10e-14  8.64e-15   216    29     0
1417.12 -4.07e-15  7.22e-15   217   -10     0
1418.79  6.29e-16  7.25e-15   217     1     0
1420.47  5.65e-15  7.45e-15   217    14     0
1422.15  3.26e-15  7.42e-15   217     8     0
1423.82  8.81e-16  7.45e-15   217     2     0
1425.50 -5.83e-15  7.41e-15   217   -14     0
1427.18 -4.32e-15  1.16e-14   218   -10     0
1428.85  3.59e-14  3.00e-14   218    89     0
1430.53  6.52e-14  4.03e-14   218   161     0
1432.20  4.03e-14  2.43e-14   218    99     0
1433.88 -5.11e-15  7.55e-15   218   -12     0
1435.56 -5.69e-15  8.98e-15   218   -13     0
1437.23 -1.26e-15  7.64e-15   218    -3     0
1438.91  7.74e-15  8.94e-15   219    18     0
1440.59  5.18e-15  8.82e-15   219    12     0
1442.26  7.46e-15  7.73e-15   219    17     0
1443.94  9.36e-15  7.82e-15   219    22     0
1445.62 -7.85e-16  7.69e-15   219    -1     0
1447.29  1.08e-14  7.86e-15   219    25     0
1448.97 -3.83e-15  7.72e-15   219    -8     0
1450.64 -1.06e-15  7.70e-15   220    -2     0
1452.32  4.01e-15  7.72e-15   220     9     0
1454.00  7.32e-15  7.78e-15   220    16     0
1455.67 -1.09e-14  7.71e-15   220   -25     0
1457.35  1.00e-14  8.25e-15   220    22     0
1459.03  1.16e-14  7.87e-15   220    26     0
1460.70 -8.24e-17  7.67e-15   220     0     0
1462.38  1.24e-14  1.01e-14   220    28     0
1464.06 -3.62e-15  7.67e-15   221    -8     0
1465.73 -6.73e-15  7.72e-15   221   -15     0
1467.41 -3.30e-15  7.72e-15   221    -7     0
1469.08  5.49e-15  7.77e-15   221    12     0
1470.76  5.52e-15  7.79e-15   221    12     0
1472.44  1.30e-14  8.08e-15   221    28     0
1474.11  6.41e-16  7.74e-15   221     1     0
1475.79  1.15e-14  7.89e-15   221    25     0
1477.47  4.33e-16  8.24e-15   221     0     0
1479.14 -5.96e-17  7.74e-15   222     0     0
1480.82  6.27e-15  7.80e-15   222    13     0
1482.50 -2.77e-15  7.72e-15   222    -6     0
1484.17  7.74e-15  7.82e-15   222    16     0
1485.85  2.42e-15  7.67e-15   222     5     0
1487.52 -7.56e-15  7.67e-15   222   -16     0
1489.20 -1.04e-14  7.67e-15   222   -22     0
1490.88 -1.23e-14  7.72e-15   222   -26     0
1492.55  3.88e-15  7.73e-15   222     8     0
1494.23  1.16e-14  7.88e-15   222    25     0
1495.91 -8.57e-15  7.67e-15   222   -18     0
1497.58  3.69e-15  7.69e-15   222     7     0
1499.26 -5.27e-15  7.69e-15   222   -11     0
1500.93 -2.38e-16  7.67e-15   222     0     0
1502.61 -2.36e-15  7.68e-15   222    -5     0
1504.29  3.33e-15  7.71e-15   223     7     0
1505.96 -8.65e-17  7.70e-15   223     0     0
1507.64  5.40e-15  7.75e-15   223    11     0
1509.32 -8.12e-16  7.75e-15   223    -1     0
1510.99  1.23e-14  7.96e-15   223    25     0
1512.67  2.23e-15  7.78e-15   223     4     0
1514.35  8.38e-15  7.91e-15   223    17     0
1516.02  6.27e-15  7.92e-15   223    12     0
1517.70  6.56e-15  7.90e-15   223    13     0
1519.37  4.27e-15  7.87e-15   223     8     0
1521.05 -7.54e-15  7.85e-15   223   -15     0
1522.73 -5.64e-15  7.85e-15   223   -11     0
1524.40 -6.80e-15  7.86e-15   223   -13     0
1526.08  1.44e-14  8.05e-15   223    28     0
1527.76 -2.38e-15  8.71e-15   223    -4     0
1529.43 -3.71e-15  7.85e-15   223    -7     0
1531.11 -1.60e-14  7.80e-15   223   -31     0
1532.79 -8.68e-15  7.79e-15   223   -17     0
1534.46 -9.77e-15  7.77e-15   223   -19     0
1536.14 -9.49e-15  7.75e-15   223   -18     0
1537.81  1.03e-14  7.88e-15   223    20     0
1539.49  8.93e-15  7.82e-15   223    17     0
1541.17  1.33e-14  7.89e-15   223    26     0
1542.84  2.58e-14  8.15e-15   223    51     0
1544.52  5.96e-14  1.56e-14   223   118     0
1546.20  7.88e-14  2.07e-14   223   157     0
1547.87  1.28e-13  4.11e-14   223   254     0
1549.55  5.66e-14  1.40e-14   223   112     0
1551.22  1.12e-15  7.56e-15   223     2     0
1552.90  9.89e-16  7.54e-15   223     1     0
1554.58  2.37e-15  7.51e-15   223     4     0
1556.25 -1.30e-15  8.78e-15   223    -2     0
1557.93  1.23e-14  7.64e-15   223    24     0
1559.61  1.85e-14  7.89e-15   223    37     0
1561.28  1.46e-15  7.42e-15   222     2     0
1562.96  9.17e-15  7.50e-15   222    18     0
1564.64  4.04e-15  7.35e-15   222     8     0
1566.31 -4.74e-15  1.14e-14   222    -9     0
1567.99  5.45e-15  7.90e-15   222    11     0
1569.66 -4.58e-15  7.20e-15   222    -9     0
1571.34  1.45e-14  7.50e-15   222    29     0
1573.02  1.76e-15  7.20e-15   222     3     0
1574.69  9.23e-15  7.32e-15   222    18     0
1576.37  9.76e-15  7.31e-15   222    19     0
1578.05  5.93e-15  7.22e-15   222    11     0
1579.72 -3.92e-15  7.10e-15   222    -7     0
1581.40 -2.57e-15  7.15e-15   222    -5     0
1583.08  9.30e-16  7.03e-15   222     1     0
1584.75 -4.00e-15  7.00e-15   222    -8     0
1586.43 -9.86e-15  6.94e-15   222   -20     0
1588.10  2.45e-15  6.92e-15   221     4     0
1589.78  4.35e-15  6.91e-15   221     8     0
1591.46 -1.08e-14  6.89e-15   221   -21     0
1593.13 -5.96e-15  6.86e-15   221   -12     0
1594.81 -1.50e-14  6.82e-15   221   -30     0
1596.49  7.99e-15  6.86e-15   221    16     0
1598.16  3.09e-15  6.76e-15   221     6     0
1599.84 -7.41e-15  6.69e-15   221   -15     0
1601.52 -4.70e-15  6.76e-15   221    -9     0
1603.19  2.09e-15  6.62e-15   221     4     0
1604.87 -8.69e-16  6.59e-15   221    -1     0
1606.54  2.63e-15  6.58e-15   220     5     0
1608.22  4.95e-15  6.87e-15   220    10     0
1609.90  1.53e-14  6.77e-15   220    31     0
1611.57  2.25e-14  6.90e-15   220    46     0
1613.25  8.16e-15  6.56e-15   220    17     0
1614.93 -1.18e-14  6.41e-15   220   -24     0
1616.60  1.56e-15  6.39e-15   220     3     0
1618.28  1.49e-14  6.59e-15   220    31     0
1619.95 -1.73e-15  6.32e-15   220    -3     0
1621.63  6.57e-15  6.38e-15   220    13     0
1623.31 -7.24e-15  6.22e-15   219   -15     0
1624.98 -4.82e-15  6.19e-15   219   -10     0
1626.66 -5.86e-15  8.15e-15   219   -12     0
1628.34  3.14e-15  7.52e-15   219     6     0
1630.01  1.21e-14  6.99e-15   219    25     0
1631.69  7.07e-15  6.21e-15   219    15     0
1633.37  2.30e-15  6.08e-15   219     4     0
1635.04  1.75e-14  6.74e-15   219    37     0
1636.72  3.36e-14  1.13e-14   218    72     0
1638.39  5.35e-14  1.58e-14   218   116     0
1640.07  4.29e-14  1.70e-14   218    93     0
1641.75  1.28e-14  9.03e-15   218    27     0
1643.42  1.64e-14  6.13e-15   218    35     0
1645.10  7.67e-15  5.87e-15   218    16     0
1646.78  1.08e-14  5.90e-15   218    23     0
1648.45  7.31e-15  5.82e-15   218    16     0
1650.13  1.09e-14  5.86e-15   217    24     0
1651.81  8.96e-15  5.79e-15   217    19     0
1653.48  1.82e-14  6.11e-15   217    40     0
1655.16  2.07e-14  6.35e-15   217    46     0
1656.83  3.15e-14  8.12e-15   217    71     0
1658.51  4.52e-14  1.24e-14   217   102     0
1660.19  3.20e-14  1.33e-14   217    72     0
1661.86  6.62e-15  5.71e-15   217    15     0
1663.54  1.82e-14  8.79e-15   216    41     0
1665.22  2.51e-14  8.31e-15   216    57     0
1666.89  1.17e-14  5.87e-15   216    26     0
1668.57 -3.48e-15  5.26e-15   216    -8     0
1670.24  9.16e-15  5.35e-15   216    21     0
1671.92  7.53e-15  5.24e-15   216    17     0
1673.60  7.55e-15  5.23e-15   216    17     0
1675.27  5.09e-15  5.13e-15   216    12     0
1676.95  2.08e-15  5.93e-15   215     4     0
1678.63  3.97e-15  5.02e-15   215     9     0
1680.30  4.77e-15  5.02e-15   215    11     0
1681.98  9.11e-15  5.05e-15   215    21     0
1683.66  1.15e-14  5.07e-15   215    27     0
1685.33  2.81e-15  4.88e-15   215     6     0
1687.01  4.85e-15  4.89e-15   215    11     0
1688.68  4.62e-15  4.84e-15   215    11     0
1690.36 -4.28e-15  4.71e-15   214   -10     0
1692.04 -6.64e-15  4.67e-15   214   -16     0
1693.71  1.14e-15  4.63e-15   214     2     0
1695.39 -9.26e-16  4.59e-15   214    -2     0
1697.07 -9.75e-16  4.55e-15   214    -2     0
1698.74  1.00e-14  4.67e-15   214    25     0
1700.42  1.41e-16  4.47e-15   214     0     0
1702.10  3.57e-15  4.48e-15   214     9     0
1703.77  3.65e-15  4.45e-15   214     9     0
1705.45 -9.12e-15  4.36e-15   213   -23     0
1707.12  7.75e-16  4.33e-15   213     2     0
1708.80 -2.04e-15  4.29e-15   213    -5     0
1710.48  9.41e-16  4.25e-15   213     2     0
1712.15 -4.12e-15  4.21e-15   213   -10     0
1713.83  3.06e-15  4.19e-15   213     8     0
1715.51  1.64e-15  4.13e-15   213     4     0
1717.18  2.44e-15  4.11e-15   213     6     0
1718.86  3.03e-15  4.25e-15   213     8     0
1720.54  1.79e-15  4.07e-15   213     4     0
1722.21  5.14e-15  4.03e-15   212    14     0
1723.89 -1.11e-17  4.24e-15   212     0     0
1725.56 -3.64e-16  3.93e-15   212    -1     0
1727.24  1.11e-15  3.90e-15   212     3     0
1728.92 -2.73e-15  3.86e-15   212    -7     0
1730.59  1.08e-15  3.82e-15   212     3     0
1732.27  1.87e-15  3.81e-15   212     5     0
1733.95  3.67e-15  3.79e-15   212    10     0
1735.62  9.50e-15  3.88e-15   212    27     0
1737.30  1.24e-15  3.68e-15   212     3     0
1738.97  2.42e-15  3.66e-15   212     7     0
1740.65  3.01e-15  4.05e-15   212     8     0
1742.33  6.15e-15  3.67e-15   212    18     0
1744.00 -1.18e-15  3.52e-15   211    -3     0
1745.68  3.30e-15  3.80e-15   211     9     0
1747.36  4.12e-15  3.54e-15   211    12     0
1749.03  8.66e-15  3.58e-15   211    26     0
1750.71  1.67e-14  6.00e-15   211    50     0
1752.39  1.94e-14  4.87e-15   211    59     0
1754.06  1.12e-14  4.19e-15   211    34     0
1755.74  3.01e-15  3.36e-15   211     9     0
1757.41  5.42e-16  3.34e-15   211     1     0
1759.09 -1.42e-15  3.27e-15   211    -4     0
1760.77 -3.81e-15  3.24e-15   211   -11     0
1762.44  3.18e-15  3.40e-15   211     9     0
1764.12  7.41e-15  3.31e-15   211    23     0
1765.80  3.60e-15  3.21e-15   211    11     0
1767.47  1.50e-15  3.15e-15   211     4     0
1769.15  6.08e-15  3.22e-15   211    19     0
1770.83  7.28e-15  3.21e-15   211    23     0
1772.50  1.03e-14  3.23e-15   211    33     0
1774.18  8.21e-15  3.17e-15   211    26     0
1775.85  9.12e-15  3.16e-15   211    29     0
1777.53  9.14e-15  3.15e-15   211    29     0
1779.21  6.21e-15  3.06e-15   211    20     0
1780.88  9.38e-15  3.10e-15   211    30     0
1782.56  9.43e-15  3.09e-15   211    31     0
1784.24  9.21e-15  3.07e-15   211    30     0
1785.91  7.04e-15  2.99e-15   211    23     0
1787.59  3.89e-15  2.92e-15   211    13     0
1789.26  9.95e-15  3.14e-15   211    33     0
1790.94  1.83e-14  6.18e-15   211    61     0
1792.62  1.84e-14  8.10e-15   211    62     0
1794.29  7.88e-15  3.52e-15   211    26     0
1795.97 -1.43e-16  3.12e-15   211     0     0
1797.65  2.90e-15  3.07e-15   211     9     0
1799.32  2.29e-15  2.76e-15   211     7     0
1801.00  4.95e-15  2.80e-15   211    16     0
1802.68  6.96e-15  2.83e-15   211    23     0
1804.35  1.12e-14  2.88e-15   211    38     0
1806.03  1.36e-14  3.79e-15   211    46     0
1807.70  8.33e-15  3.92e-15   212    28     0
1809.38  1.05e-14  3.04e-15   212    36     0
1811.06  1.31e-14  2.87e-15   212    45     0
1812.73  1.61e-14  2.93e-15   212    55     0
1814.41  2.35e-14  4.54e-15   212    81     0
1816.09  2.45e-14  6.48e-15   212    84     0
1817.76  1.81e-14  3.73e-15   212    62     0
1819.44  1.25e-14  2.79e-15   212    43     0
1821.12  1.30e-14  2.91e-15   212    44     0
1822.79  7.21e-15  3.76e-15   212    24     0
1824.47  1.11e-14  3.91e-15   213    38     0
1826.14  9.05e-15  2.99e-15   213    31     0
1827.82  6.75e-15  2.63e-15   213    23     0
1829.50  8.68e-15  2.67e-15   213    30     0
1831.17  7.95e-15  2.62e-15   213    27     0
1832.85  1.61e-15  2.48e-15   213     5     0
1834.53  1.23e-15  2.46e-15   213     4     0
1836.20 -8.26e-16  2.44e-15   213    -2     0
1837.88 -2.19e-15  2.43e-15   214    -7     0
1839.55 -2.57e-15  2.42e-15   214    -9     0
1841.23  5.99e-16  2.42e-15   214     2     0
1842.91  2.43e-15  2.43e-15   214     8     0
1844.58  4.59e-16  2.40e-15   214     1     0
1846.26 -1.25e-16  2.40e-15   214     0     0
1847.94  2.38e-15  2.40e-15   215     8     0
1849.61  8.02e-16  2.36e-15   215     2     0
1851.29  2.96e-15  2.43e-15   215    10     0
1852.97  4.42e-15  2.43e-15   215    15     0
1854.64 -5.03e-16  2.36e-15   215    -1     0
1856.32 -1.85e-15  2.41e-15   216    -6     0
1857.99  7.93e-17  2.34e-15   216     0     0
1859.67  4.78e-15  2.43e-15   216    16     0
1861.35  1.38e-15  2.33e-15   216     4     0
1863.02 -1.95e-16  2.31e-15   216     0     0
1864.70 -1.77e-15  2.31e-15   217    -6     0
1866.38 -2.35e-15  2.32e-15   217    -8     0
1868.05 -5.75e-15  2.31e-15   217   -19     0
1869.73 -2.03e-15  2.30e-15   217    -6     0
1871.41  3.60e-15  2.36e-15   218    12     0
1873.08  7.14e-16  2.29e-15   218     2     0
1874.76 -2.43e-15  2.29e-15   218    -8     0
1876.43 -1.95e-15  2.28e-15   218    -6     0
1878.11 -2.88e-15  2.28e-15   219    -9     0
1879.79 -3.58e-15  2.27e-15   219   -12     0
1881.46 -2.23e-15  2.27e-15   219    -7     0
1883.14 -1.19e-15  2.26e-15   219    -4     0
1884.82  4.05e-16  2.26e-15   220     1     0
1886.49  2.69e-16  2.26e-15   220     0     0
1888.17 -2.43e-15  2.25e-15   220    -8     0
1889.85 -7.82e-16  2.25e-15   221    -2     0
1891.52 -2.78e-15  2.23e-15   221    -9     0
1893.20 -1.38e-15  2.23e-15   221    -4     0
1894.87 -1.09e-15  2.22e-15   221    -3     0
1896.55 -1.76e-15  2.22e-15   222    -5     0
1898.23 -3.59e-16  2.22e-15   222    -1     0
1899.90 -3.73e-15  2.21e-15   222   -12     0
1901.58 -6.74e-15  2.21e-15   223   -22     0
1903.26 -3.91e-15  2.20e-15   223   -12     0
1904.93 -1.15e-16  2.20e-15   223     0     0
1906.61  1.08e-15  2.19e-15   224     3     0
1908.28  9.47e-16  2.18e-15   224     3     0
1909.96 -2.42e-15  2.24e-15   224    -8     0
1911.64 -2.69e-15  2.17e-15   225    -8     0
1913.31 -5.09e-15  2.16e-15   225   -16     0
1914.99 -5.68e-15  2.15e-15   225   -18     0
1916.67 -4.98e-15  2.20e-15   226   -16     0
1918.34 -7.34e-16  2.30e-15   226    -2     0
1920.02  9.33e-16  2.29e-15   226     3     0
1921.70  2.53e-15  2.45e-15   227     8     0
1923.37  1.98e-15  2.49e-15   227     6     0
1925.05  5.54e-15  2.56e-15   227    18     0
1926.72  5.20e-15  2.47e-15   228    17     0
1928.40  1.69e-16  2.23e-15   228     0     0
1930.08  1.43e-15  2.08e-15   228     4     0
1931.75  4.39e-15  2.14e-15   229    14     0
1933.43  3.53e-15  2.10e-15   229    11     0
1935.11  5.88e-15  2.13e-15   229    19     0
1936.78  1.73e-14  2.41e-15   230    57     0
1938.46  1.87e-14  2.38e-15   230    61     0
1940.14  1.09e-14  2.21e-15   230    36     0
1941.81  9.33e-15  2.16e-15   231    30     0
1943.49  8.34e-15  2.12e-15   231    27     0
1945.16  6.99e-15  2.08e-15   232    23     0
1946.84  8.65e-15  2.10e-15   232    29     0
1948.52  1.98e-15  1.93e-15   232     6     0
1950.19 -5.25e-16  1.89e-15   233    -1     0
1951.87 -7.06e-16  1.88e-15   233    -2     0
1953.55  2.98e-15  1.92e-15   233    10     0
1955.22  5.22e-15  1.95e-15   234    17     0
1956.90  5.89e-15  1.94e-15   234    20     0
1958.57  5.38e-15  1.92e-15   234    18     0
1960.25  5.18e-15  1.90e-15   235    17     0
1961.93  4.02e-15  1.86e-15   235    13     0
1963.60  4.04e-15  1.86e-15   236    13     0
1965.28  6.47e-15  1.90e-15   236    22     0
1966.96  3.26e-15  1.82e-15   236    11     0
1968.63  2.39e-15  1.79e-15   237     8     0
1970.31  2.71e-15  1.79e-15   237     9     0
1971.99  1.10e-15  1.76e-15   237     3     0
1973.66  6.04e-16  1.74e-15   238     2     0
1975.34  7.72e-16  1.74e-15   238     2     0
1977.01 -8.77e-16  1.74e-15   238    -2     0
1978.69  9.20e-16  1.74e-15   239     3     0
