NOT ORIGINAL IUE PROJECT DATA PRODUCT
SWP29199LOWLARGE
HD  197481
20:42:06
-31:31:05
48
NO-TRAIL
NO
2699.544
12/09/86
09:47:56
255
8.80
28/07/95
GSFC
2446685.90829
0
22
1150.58  3.95e-14  5.88e-14    41     9     0
1152.26  9.22e-14  5.75e-14    41    23     0
1153.93  3.18e-14  5.16e-14    42     8     0
1155.61  1.67e-14  4.76e-14    42     4     0
1157.29  2.19e-14  4.43e-14    42     6     0
1158.96 -3.90e-15  4.01e-14    42    -1     0
1160.64 -6.32e-14  3.73e-14    43   -22     0
1162.31  2.29e-14  3.56e-14    43     8     0
1163.99  1.94e-15  3.22e-14    43     0     0
1165.67  1.46e-14  2.97e-14    43     6     0
1167.34  3.42e-14  2.84e-14    43    16     0
1169.02  1.75e-14  2.60e-14    44     9     0
1170.70 -2.00e-15  2.36e-14    44    -1     0
1172.37  1.61e-14  2.26e-14    44     9     0
1174.05  4.83e-14  2.25e-14    44    30     0
1175.73  4.25e-14  2.19e-14    45    28     0
1177.40  3.48e-14  1.94e-14    45    25     0
1179.08  1.12e-14  1.72e-14    45     8     0
1180.75  1.24e-14  1.63e-14    45    10     0
1182.43  4.79e-15  1.51e-14    45     4     0
1184.11  1.35e-14  1.46e-14    46    12     0
1185.78  2.48e-14  1.43e-14    46    23     0
1187.46  2.19e-15  1.27e-14    46     2     0
1189.14 -7.68e-15  1.21e-14    46    -8     0
1190.81 -6.30e-15  1.25e-14    46    -6     0
1192.49  9.89e-15  1.26e-14    47    11     0
1194.17 -1.86e-14  3.76e-14    47   -22 -4224
1195.84  1.39e-14  3.67e-14    47    17 -4224
1197.52  2.45e-14  3.60e-14    47    31 -4224
1199.19  6.91e-15  1.62e-14    48     9 -4096
1200.87  2.76e-15  9.76e-15    48     3     0
1202.55  1.45e-14  9.17e-15    48    20     0
1204.22  3.21e-14  9.68e-15    48    47     0
1205.90  6.48e-14  1.30e-14    48    98     0
1207.58  8.36e-14  2.06e-14    49   130     0
1209.25  1.84e-13  4.46e-14    49   293     0
1210.93  3.36e-13  6.85e-14    49   553     0
1212.60  6.11e-13  1.10e-13    49  1033     0
1214.28  1.79e-12  8.94e-13    49  3116   -32
1215.96  1.39e-12  5.50e-13    50  2464   -32
1217.63  6.19e-13  9.99e-14    50  1127     0
1219.31  3.84e-13  6.85e-14    50   714     0
1220.99  2.03e-13  3.85e-14    50   385     0
1222.66  8.09e-14  1.92e-14    51   156     0
1224.34  3.49e-14  1.49e-14    51    68     0
1226.02  9.41e-15  6.15e-15    51    19     0
1227.69  6.79e-15  5.91e-15    51    13     0
1229.37  5.41e-15  5.74e-15    51    11     0
1231.04  5.17e-15  5.60e-15    52    11     0
1232.72  1.23e-14  5.81e-15    52    26     0
1234.40  6.42e-15  5.49e-15    52    14     0
1236.07  1.06e-14  5.54e-15    52    23     0
1237.75  1.57e-14  5.65e-15    52    35     0
1239.43  2.03e-14  5.84e-15    53    46     0
1241.10  2.17e-14  5.84e-15    53    50     0
1242.78  1.03e-14  5.67e-15    53    24     0
1244.46  9.69e-15  5.17e-15    53    22     0
1246.13  3.87e-15  4.85e-15    53     9     0
1247.81  8.37e-15  5.00e-15    54    20     0
1249.48  8.37e-15  4.93e-15    54    20     0
1251.16  8.15e-15  4.83e-15    54    20     0
1252.84  3.54e-15  4.57e-15    54     8     0
1254.51  8.53e-16  4.41e-15    55     2     0
1256.19  9.86e-16  4.38e-15    55     2     0
1257.87 -1.58e-15  4.68e-15    55    -3     0
1259.54 -2.16e-16  4.27e-15    55     0     0
1261.22  4.75e-15  4.38e-15    55    12     0
1262.89  5.19e-15  4.35e-15    56    13     0
1264.57  7.89e-15  4.48e-15    56    20     0
1266.25  8.46e-15  4.45e-15    56    22     0
1267.92 -1.50e-15  4.03e-15    56    -3     0
1269.60  1.93e-15  4.06e-15    56     5     0
1271.28 -4.90e-15  4.05e-15    57   -12     0
1272.95  5.82e-15  4.21e-15    57    15     0
1274.63  2.77e-15  4.04e-15    57     7     0
1276.31  2.96e-15  4.03e-15    57     7     0
1277.98  3.19e-15  4.01e-15    58     8     0
1279.66  3.33e-16  3.86e-15    58     0     0
1281.33  5.53e-15  4.06e-15    58    14     0
1283.01  4.47e-15  3.98e-15    58    12     0
1284.69  7.83e-15  4.12e-15    58    21     0
1286.36  1.78e-15  3.83e-15    59     4     0
1288.04  3.46e-15  3.89e-15    59     9     0
1289.72  2.75e-15  3.82e-15    59     7     0
1291.39  7.15e-15  4.02e-15    59    19     0
1293.07  1.89e-15  3.75e-15    59     5     0
1294.75  7.20e-15  3.95e-15    60    19     0
1296.42  9.03e-15  4.20e-15    60    24     0
1298.10  7.46e-15  3.95e-15    60    20     0
1299.77  5.70e-16  3.62e-15    60     1     0
1301.45  6.46e-15  3.93e-15    61    17     0
1303.13  1.71e-14  4.42e-15    61    46     0
1304.80  2.17e-14  4.60e-15    61    59     0
1306.48  2.26e-14  4.65e-15    61    61     0
1308.16  4.83e-15  3.84e-15    61    13     0
1309.83  6.68e-15  3.88e-15    62    18     0
1311.51  8.42e-15  3.94e-15    62    22     0
1313.19  2.24e-15  3.63e-15    62     6     0
1314.86  6.91e-15  3.86e-15    62    18     0
1316.54  4.57e-15  3.73e-15    62    12     0
1318.21  4.55e-15  3.73e-15    63    12     0
1319.89 -3.89e-15  3.52e-15    63   -10     0
1321.57  3.76e-15  3.72e-15    63    10     0
1323.24  6.37e-16  3.57e-15    63     1     0
1324.92  1.82e-15  3.63e-15    64     4     0
1326.60  7.41e-15  3.91e-15    64    19     0
1328.27  9.05e-15  4.00e-15    64    23     0
1329.95  4.50e-15  3.74e-15    64    11     0
1331.62  1.01e-14  4.00e-15    64    26     0
1333.30  2.43e-14  4.69e-15    65    63     0
1334.98  3.78e-14  5.34e-15    65    98     0
1336.65  4.43e-14  5.63e-15    65   116     0
1338.33  2.12e-14  4.53e-15    65    55     0
1340.01  8.08e-15  3.93e-15    66    20     0
1341.68  2.72e-15  3.67e-15    66     7     0
1343.36  1.12e-15  3.58e-15    66     2     0
1345.04  1.53e-15  3.59e-15    66     3     0
1346.71  3.83e-15  3.72e-15    66     9     0
1348.39  2.58e-15  3.64e-15    67     6     0
1350.06  1.09e-15  3.92e-15    67     2     0
1351.74  3.16e-15  3.91e-15    67     7     0
1353.42  8.78e-15  3.99e-15    67    21     0
1355.09  6.67e-15  3.85e-15    67    16     0
1356.77  3.54e-16  3.55e-15    68     0     0
1358.45  5.55e-15  3.82e-15    68    13     0
1360.12 -4.72e-17  3.59e-15    68     0     0
1361.80  7.67e-16  3.63e-15    68     1     0
1363.48  3.84e-15  3.79e-15    68     9     0
1365.15  2.38e-15  3.72e-15    69     5     0
1366.83  8.04e-15  4.02e-15    69    19     0
1368.50  3.80e-15  3.77e-15    69     9     0
1370.18  1.13e-15  3.67e-15    69     2     0
1371.86  4.94e-15  3.88e-15    70    11     0
1373.53  2.89e-15  3.77e-15    70     6     0
1375.21  2.92e-15  3.79e-15    70     6     0
1376.89  2.04e-15  3.75e-15    70     4     0
1378.56  5.59e-16  3.69e-15    70     1     0
1380.24  6.30e-15  4.55e-15    71    14     0
1381.91  3.61e-15  3.98e-15    71     8     0
1383.59 -1.83e-15  4.26e-15    71    -4     0
1385.27 -2.41e-15  3.90e-15    71    -5     0
1386.94 -1.15e-15  3.72e-15    71    -2     0
1388.62  4.93e-15  3.94e-15    72    10     0
1390.30  1.30e-14  4.41e-15    72    28     0
1391.97  1.16e-14  4.34e-15    72    25     0
1393.65  2.13e-14  4.86e-15    72    46     0
1395.33  1.90e-14  4.76e-15    72    40     0
1397.00  1.29e-14  4.44e-15    73    27     0
1398.68  6.66e-15  4.16e-15    73    14     0
1400.35  9.50e-15  4.31e-15    73    20     0
1402.03  1.35e-14  4.55e-15    73    28     0
1403.71  3.56e-15  4.06e-15    73     7     0
1405.38  4.46e-15  4.13e-15    74     9     0
1407.06  4.89e-15  4.16e-15    74     9     0
1408.74  6.42e-15  4.26e-15    74    12     0
1410.41  5.07e-15  4.20e-15    74    10     0
1412.09  9.92e-15  4.48e-15    74    19     0
1413.77  7.71e-15  4.38e-15    74    15     0
1415.44  9.90e-15  4.42e-15    75    19     0
1417.12  5.60e-15  4.29e-15    75    11     0
1418.79  2.87e-15  4.15e-15    75     5     0
1420.47  3.90e-15  4.27e-15    75     7     0
1422.15  5.31e-15  4.35e-15    75    10     0
1423.82 -1.06e-16  4.11e-15    76     0     0
1425.50 -2.50e-15  4.09e-15    76    -4     0
1427.18  1.37e-15  4.17e-15    76     2     0
1428.85 -6.88e-16  4.12e-15    76    -1     0
1430.53  1.52e-15  4.20e-15    76     2     0
1432.20  1.57e-15  4.19e-15    76     2     0
1433.88  8.39e-15  4.58e-15    77    15     0
1435.56 -5.08e-15  4.20e-15    77    -9     0
1437.23 -1.23e-16  4.22e-15    77     0     0
1438.91  1.95e-15  4.31e-15    77     3     0
1440.59 -7.70e-16  4.21e-15    77    -1     0
1442.26  8.25e-15  4.59e-15    77    14     0
1443.94  3.58e-15  4.37e-15    78     6     0
1445.62  4.17e-15  4.41e-15    78     7     0
1447.29  9.29e-15  4.74e-15    78    16     0
1448.97 -3.60e-15  4.25e-15    78    -6     0
1450.64  5.19e-15  4.48e-15    78     9     0
1452.32  3.59e-15  4.42e-15    78     6     0
1454.00  4.19e-15  4.46e-15    79     7     0
1455.67 -3.22e-15  4.25e-15    79    -5     0
1457.35  3.97e-15  4.44e-15    79     6     0
1459.03  2.12e-15  4.40e-15    79     3     0
1460.70 -4.91e-17  4.22e-15    79     0     0
1462.38 -5.30e-15  4.31e-15    79    -9     0
1464.06  1.83e-15  4.29e-15    80     3     0
1465.73  4.24e-15  4.45e-15    80     7     0
1467.41  6.99e-15  4.62e-15    80    11     0
1469.08  1.73e-15  4.32e-15    80     2     0
1470.76  3.90e-15  4.42e-15    80     6     0
1472.44  8.44e-15  4.70e-15    80    14     0
1474.11  5.15e-15  4.50e-15    80     8     0
1475.79 -2.97e-16  4.25e-15    81     0     0
1477.47 -6.23e-16  4.42e-15    81    -1     0
1479.14  9.79e-15  4.76e-15    81    16     0
1480.82  6.58e-15  4.60e-15    81    10     0
1482.50  3.68e-15  4.41e-15    81     6     0
1484.17  9.10e-15  4.72e-15    81    14     0
1485.85 -1.66e-15  4.21e-15    81    -2     0
1487.52  5.88e-16  4.21e-15    82     0     0
1489.20  3.87e-15  4.83e-15    82     6     0
1490.88  9.02e-16  4.26e-15    82     1     0
1492.55  2.48e-15  4.39e-15    82     3     0
1494.23  6.80e-15  4.58e-15    82    10     0
1495.91 -8.75e-16  4.21e-15    82    -1     0
1497.58  1.04e-14  4.69e-15    82    16     0
1499.26  2.93e-15  4.35e-15    82     4     0
1500.93  5.40e-15  4.50e-15    83     8     0
1502.61  4.67e-15  4.46e-15    83     7     0
1504.29 -3.49e-15  4.21e-15    83    -5     0
1505.96 -6.48e-15  4.22e-15    83   -10     0
1507.64 -8.52e-16  4.22e-15    83    -1     0
1509.32  1.02e-14  4.72e-15    83    16     0
1510.99  1.62e-15  4.32e-15    83     2     0
1512.67  4.06e-16  4.26e-15    83     0     0
1514.35 -4.52e-16  4.26e-15    83     0     0
1516.02 -2.56e-15  4.28e-15    84    -3     0
1517.70  1.17e-15  4.33e-15    84     1     0
1519.37  5.34e-15  4.54e-15    84     8     0
1521.05  8.54e-15  4.68e-15    84    12     0
1522.73  3.42e-15  4.67e-15    84     5     0
1524.40  6.43e-15  4.61e-15    84     9     0
1526.08  8.12e-15  4.69e-15    84    12     0
1527.76  1.15e-14  4.86e-15    84    17     0
1529.43  3.07e-15  4.43e-15    84     4     0
1531.11  1.13e-14  4.87e-15    84    16     0
1532.79  9.05e-15  4.74e-15    84    13     0
1534.46  1.28e-14  4.92e-15    85    18     0
1536.14  1.20e-14  4.79e-15    85    17     0
1537.81  1.36e-14  4.95e-15    85    20     0
1539.49  1.28e-14  4.91e-15    85    19     0
1541.17  1.18e-14  4.84e-15    85    17     0
1542.84  1.66e-14  5.05e-15    85    24     0
1544.52  3.31e-14  5.84e-15    85    49     0
1546.20  8.01e-14  7.94e-15    85   119     0
1547.87  1.33e-13  9.99e-15    85   198     0
1549.55  1.12e-13  9.15e-15    85   166     0
1551.22  7.21e-14  7.61e-15    85   107     0
1552.90  4.34e-14  6.31e-15    85    64     0
1554.58  2.08e-14  5.16e-15    85    30     0
1556.25  1.36e-14  4.79e-15    85    20     0
1557.93  1.80e-14  5.01e-15    86    26     0
1559.61  3.37e-15  4.20e-15    86     5     0
1561.28  7.89e-15  4.45e-15    86    11     0
1562.96  5.13e-15  4.26e-15    86     7     0
1564.64 -3.12e-15  3.99e-15    86    -4     0
1566.31  5.57e-15  4.26e-15    86     8     0
1567.99 -1.67e-15  3.93e-15    86    -2     0
1569.66  5.03e-15  4.14e-15    86     7     0
1571.34  1.33e-14  4.66e-15    86    19     0
1573.02  1.27e-15  3.98e-15    86     1     0
1574.69  4.73e-15  4.11e-15    86     7     0
1576.37  1.28e-14  4.56e-15    86    19     0
1578.05  6.01e-17  3.88e-15    86     0     0
1579.72  4.06e-15  4.08e-15    86     6     0
1581.40  4.89e-15  4.10e-15    86     7     0
1583.08  8.19e-15  4.22e-15    86    12     0
1584.75 -2.71e-15  3.80e-15    86    -4     0
1586.43  3.61e-15  3.96e-15    86     5     0
1588.10  6.69e-16  3.78e-15    86     1     0
1589.78  1.31e-15  3.80e-15    86     1     0
1591.46  5.68e-15  4.04e-15    86     8     0
1593.13  1.98e-15  3.82e-15    86     3     0
1594.81  7.80e-15  4.03e-15    86    11     0
1596.49  7.79e-15  4.13e-15    86    11     0
1598.16  1.28e-14  4.35e-15    86    19     0
1599.84  2.61e-15  3.72e-15    86     4     0
1601.52  2.57e-15  3.74e-15    86     3     0
1603.19  2.53e-15  3.72e-15    86     3     0
1604.87 -1.39e-15  3.57e-15    87    -2     0
1606.54  3.99e-15  3.77e-15    87     6     0
1608.22  3.97e-15  3.77e-15    87     6     0
1609.90  6.32e-15  3.80e-15    87     9     0
1611.57  8.04e-15  3.94e-15    87    12     0
1613.25  9.78e-16  3.54e-15    87     1     0
1614.93  1.60e-15  3.53e-15    87     2     0
1616.60 -1.70e-15  3.46e-15    87    -2     0
1618.28  7.23e-16  3.47e-15    87     1     0
1619.95  1.06e-15  3.47e-15    87     1     0
1621.63  6.79e-15  3.75e-15    87    10     0
1623.31 -2.62e-15  3.38e-15    87    -4     0
1624.98  3.72e-16  3.35e-15    87     0     0
1626.66  7.91e-16  4.33e-15    87     1     0
1628.34  2.52e-15  3.64e-15    87     4     0
1630.01  1.13e-14  3.95e-15    86    17     0
1631.69  3.94e-15  4.03e-15    86     6     0
1633.37  7.14e-15  3.62e-15    86    11     0
1635.04  8.86e-15  3.72e-15    86    14     0
1636.72  1.15e-14  3.86e-15    86    18     0
1638.39  4.13e-14  5.26e-15    86    66     0
1640.07  5.21e-14  6.32e-15    86    84     0
1641.75  5.41e-14  5.75e-15    86    88     0
1643.42  3.14e-14  4.74e-15    86    51     0
1645.10  1.20e-14  4.11e-15    86    19     0
1646.78  5.42e-16  3.09e-15    86     0     0
1648.45 -1.52e-15  3.07e-15    86    -2     0
1650.13  3.15e-15  3.22e-15    86     5     0
1651.81  6.36e-15  3.39e-15    86    10     0
1653.48  1.09e-14  3.63e-15    86    18     0
1655.16  2.17e-14  4.15e-15    86    36     0
1656.83  2.03e-14  4.05e-15    86    34     0
1658.51  2.24e-14  4.10e-15    86    37     0
1660.19  1.19e-14  3.56e-15    86    20     0
1661.86  4.53e-15  3.12e-15    86     7     0
1663.54  6.92e-15  3.24e-15    86    11     0
1665.22  6.48e-15  3.22e-15    86    11     0
1666.89  9.99e-15  3.39e-15    86    17     0
1668.57  1.25e-14  3.50e-15    86    21     0
1670.24  7.22e-15  3.16e-15    86    12     0
1671.92 -4.47e-17  2.87e-15    86     0     0
1673.60  2.80e-15  2.89e-15    86     4     0
1675.27 -2.39e-15  3.00e-15    86    -4     0
1676.95 -1.62e-15  2.69e-15    86    -2     0
1678.63  3.85e-16  2.69e-15    86     0     0
1680.30  7.15e-15  3.25e-15    86    12     0
1681.98  2.84e-15  2.77e-15    85     5     0
1683.66 -2.24e-15  2.60e-15    85    -4     0
1685.33  2.75e-15  2.74e-15    85     4     0
1687.01  4.11e-15  2.78e-15    85     7     0
1688.68  2.71e-15  2.69e-15    85     4     0
1690.36  4.79e-15  2.74e-15    85     8     0
1692.04  2.67e-15  2.64e-15    85     4     0
1693.71  2.36e-15  2.58e-15    85     4     0
1695.39  2.04e-15  2.56e-15    85     3     0
1697.07  5.24e-16  2.45e-15    85     0     0
1698.74  5.24e-15  2.69e-15    85     9     0
1700.42  4.66e-15  2.60e-15    85     8     0
1702.10  5.31e-15  2.63e-15    85    10     0
1703.77  9.63e-15  2.88e-15    85    18     0
1705.45  2.46e-15  2.46e-15    85     4     0
1707.12  7.69e-15  2.82e-15    85    14     0
1708.80  3.93e-15  2.51e-15    85     7     0
1710.48  5.37e-15  2.59e-15    84    10     0
1712.15  6.76e-16  2.26e-15    84     1     0
1713.83  3.39e-16  2.22e-15    84     0     0
1715.51  4.74e-16  2.20e-15    84     0     0
1717.18  1.50e-15  2.25e-15    84     3     0
1718.86  4.82e-15  2.42e-15    84     9     0
1720.54  2.91e-15  2.27e-15    84     5     0
1722.21  6.21e-15  2.43e-15    84    12     0
1723.89  6.73e-15  2.44e-15    84    13     0
1725.56  3.31e-15  2.26e-15    84     6     0
1727.24  3.22e-15  2.24e-15    84     6     0
1728.92  9.03e-15  2.55e-15    84    18     0
1730.59  7.30e-15  2.43e-15    84    15     0
1732.27  4.60e-15  2.24e-15    84     9     0
1733.95  2.57e-15  2.11e-15    83     5     0
1735.62  6.29e-15  2.30e-15    83    13     0
1737.30  4.99e-15  2.34e-15    83    10     0
1738.97  3.91e-15  2.11e-15    83     8     0
1740.65  3.59e-15  2.08e-15    83     7     0
1742.33  3.64e-15  2.06e-15    83     8     0
1744.00  2.59e-15  1.98e-15    83     5     0
1745.68  6.03e-15  2.82e-15    83    13     0
1747.36  9.75e-15  2.36e-15    83    21     0
1749.03  9.86e-15  2.35e-15    83    22     0
1750.71  1.30e-14  2.45e-15    83    29     0
1752.39  9.86e-15  2.31e-15    83    22     0
1754.06  4.00e-15  1.94e-15    83     9     0
1755.74  4.86e-15  2.00e-15    83    11     0
1757.41  1.65e-15  1.79e-15    82     3     0
1759.09  4.78e-15  1.95e-15    82    11     0
1760.77  1.60e-15  1.76e-15    82     3     0
1762.44  9.26e-16  1.71e-15    82     2     0
1764.12 -6.19e-16  1.65e-15    82    -1     0
1765.80  4.31e-16  1.64e-15    82     1     0
1767.47  4.54e-15  1.87e-15    82    10     0
1769.15  3.66e-15  1.81e-15    82     8     0
1770.83  1.97e-15  1.70e-15    82     4     0
1772.50  2.20e-15  1.69e-15    82     5     0
1774.18  4.72e-15  1.79e-15    82    11     0
1775.85  5.76e-15  1.90e-15    82    13     0
1777.53  3.62e-15  1.74e-15    82     8     0
1779.21  6.17e-16  1.54e-15    81     1     0
1780.88  9.22e-16  1.56e-15    81     2     0
1782.56  3.63e-15  1.70e-15    81     8     0
1784.24  3.70e-15  1.69e-15    81     9     0
1785.91  2.38e-15  1.60e-15    81     5     0
1787.59  3.05e-15  1.63e-15    81     7     0
1789.26  1.97e-15  1.53e-15    81     4     0
1790.94  5.31e-16  1.46e-15    81     1     0
1792.62  2.32e-16  2.42e-15    81     0 -4096
1794.29  2.85e-15  2.63e-15    81     7 -4096
1795.97  8.82e-16  1.59e-15    81     2     0
1797.65  1.63e-15  1.49e-15    81     4     0
1799.32  3.98e-15  1.60e-15    81    10     0
1801.00  4.60e-15  1.63e-15    80    11     0
1802.68  7.90e-15  1.80e-15    80    20     0
1804.35  5.14e-15  1.65e-15    80    13     0
1806.03  8.14e-15  2.40e-15    80    20     0
1807.70  1.19e-14  4.69e-15    80    30     0
1809.38  1.02e-14  2.33e-15    80    26     0
1811.06  9.14e-15  1.80e-15    80    23     0
1812.73  8.31e-15  1.78e-15    80    21     0
1814.41  1.63e-14  2.16e-15    80    42     0
1816.09  1.97e-14  2.28e-15    80    50     0
1817.76  1.34e-14  2.13e-15    80    34     0
1819.44  1.24e-14  1.96e-15    80    32     0
1821.12  5.91e-15  1.60e-15    80    15     0
1822.79  2.64e-15  1.41e-15    80     6     0
1824.47  4.83e-15  1.51e-15    80    12     0
1826.14  2.27e-15  1.38e-15    79     5     0
1827.82  2.01e-15  1.35e-15    79     5     0
1829.50 -1.04e-15  1.23e-15    79    -2     0
1831.17 -1.70e-15  1.33e-15    79    -4     0
1832.85  1.39e-15  1.28e-15    79     3     0
1834.53  9.83e-16  1.25e-15    79     2     0
1836.20  1.76e-15  1.29e-15    79     4     0
1837.88  2.99e-15  1.36e-15    79     7     0
1839.55  3.80e-15  1.40e-15    79     9     0
1841.23  1.91e-15  1.28e-15    79     4     0
1842.91  8.17e-16  1.21e-15    79     2     0
1844.58  1.69e-15  1.26e-15    79     4     0
1846.26  3.88e-15  1.35e-15    79    10     0
1847.94  3.61e-15  1.34e-15    79     9     0
1849.61  1.93e-15  1.24e-15    79     5     0
1851.29  3.48e-15  1.34e-15    79     9     0
1852.97  2.94e-15  1.30e-15    79     7     0
1854.64  3.51e-15  1.33e-15    79     9     0
1856.32  3.64e-15  1.32e-15    79     9     0
1857.99  2.86e-15  1.27e-15    78     7     0
1859.67  3.99e-15  1.46e-15    78    10     0
1861.35  6.05e-15  1.44e-15    78    15     0
1863.02  5.77e-15  1.43e-15    78    15     0
1864.70  4.94e-15  1.37e-15    78    12     0
1866.38  1.83e-15  1.19e-15    78     4     0
1868.05  2.29e-15  1.20e-15    78     5     0
1869.73  3.05e-15  1.26e-15    78     7     0
1871.41  4.55e-15  1.34e-15    78    11     0
1873.08  3.16e-15  1.25e-15    78     8     0
1874.76  3.02e-15  1.24e-15    78     7     0
1876.43  1.86e-15  1.14e-15    78     4     0
1878.11  1.91e-15  1.14e-15    78     4     0
1879.79  2.89e-15  1.22e-15    78     7     0
1881.46  2.41e-15  1.18e-15    78     6     0
1883.14  2.62e-15  1.16e-15    78     6     0
1884.82  1.46e-15  1.09e-15    78     3     0
1886.49  3.08e-15  1.17e-15    78     7     0
1888.17  2.28e-15  1.18e-15    78     5     0
1889.85  1.95e-15  1.12e-15    78     4     0
1891.52  3.39e-15  1.21e-15    78     8     0
1893.20  2.49e-15  1.14e-15    78     6     0
1894.87  2.32e-15  1.12e-15    78     5     0
1896.55  2.81e-15  1.15e-15    78     6     0
1898.23  3.06e-15  1.15e-15    78     7     0
1899.90  2.75e-15  1.12e-15    78     6     0
1901.58  2.22e-15  1.09e-15    78     5     0
1903.26  2.64e-15  1.18e-15    78     6     0
1904.93  2.04e-15  1.15e-15    78     5     0
1906.61  2.26e-15  1.09e-15    78     5     0
1908.28  2.63e-15  1.09e-15    78     6     0
1909.96  2.75e-15  1.45e-15    78     6     0
1911.64  1.38e-15  1.00e-15    78     3     0
1913.31  2.69e-15  1.09e-15    78     6     0
1914.99  3.76e-15  1.20e-15    78     9     0
1916.67  3.83e-15  1.17e-15    78     9     0
1918.34  9.62e-16  1.10e-15    78     2     0
1920.02  6.03e-16  9.79e-16    78     1     0
1921.70  4.72e-15  1.17e-15    78    11     0
1923.37  3.89e-15  1.13e-15    78     9     0
1925.05  3.99e-15  1.33e-15    78     9     0
1926.72  5.24e-15  1.19e-15    78    12     0
1928.40  6.18e-15  1.22e-15    78    15     0
1930.08  5.73e-15  1.53e-15    78    14     0
1931.75  6.81e-15  1.74e-15    78    16     0
1933.43  6.18e-15  1.25e-15    78    15     0
1935.11  8.72e-15  1.33e-15    78    21     0
1936.78  8.71e-15  1.32e-15    78    21     0
1938.46  4.51e-15  1.08e-15    78    11     0
1940.14  3.52e-15  1.02e-15    78     8     0
1941.81  2.01e-15  1.37e-15    78     4     0
1943.49  3.44e-15  1.36e-15    78     8     0
1945.16  3.13e-15  9.81e-16    78     7     0
1946.84  2.01e-15  9.15e-16    78     5     0
1948.52  3.10e-15  1.13e-15    78     7     0
1950.19  3.48e-15  9.59e-16    78     8     0
1951.87  4.32e-15  9.94e-16    78    10     0
1953.55  3.80e-15  1.13e-15    78     9     0
1955.22  4.03e-15  1.00e-15    78    10     0
1956.90  3.81e-15  9.87e-16    78     9     0
1958.57  3.08e-15  1.09e-15    78     7     0
1960.25  3.67e-15  1.06e-15    78     9     0
1961.93  2.55e-15  9.40e-16    78     6     0
1963.60  1.71e-15  8.48e-16    78     4     0
1965.28  2.29e-15  8.48e-16    78     5     0
1966.96  4.91e-15  1.09e-15    78    12     0
1968.63  5.03e-15  1.35e-15    78    12     0
1970.31  3.32e-15  9.87e-16    78     8     0
1971.99  2.52e-15  9.32e-16    78     6     0
1973.66  2.31e-15  8.61e-16    78     5     0
1975.34  2.68e-15  8.65e-16    78     6     0
1977.01  4.47e-15  9.18e-16    78    11     0
1978.69  5.56e-15  1.03e-15    78    13     0
