NOT ORIGINAL IUE PROJECT DATA PRODUCT
SWP29221LOWLARGE
HD  197481
20:42:06
-31:31:05
48
NO-TRAIL
NO
2399.717
16/09/86
10:48:31
259
7.80
28/07/95
GSFC
2446689.95036
0
151
1150.58 -2.73e-13  2.22e-13  2347   -58     0
1152.26 -3.73e-15  2.09e-13  2347     0     0
1153.93  1.12e-13  1.99e-13  2348    27     0
1155.61  2.21e-13  1.94e-13  2349    57     0
1157.29  3.48e-13  1.88e-13  2349    97     0
1158.96 -9.68e-14  1.59e-13  2350   -29     0
1160.64  2.29e-14  1.48e-13  2351     7     0
1162.31  5.47e-14  1.41e-13  2351    18     0
1163.99  2.41e-13  1.40e-13  2352    89     0
1165.67  2.93e-13  1.33e-13  2353   119     0
1167.34  4.09e-14  1.12e-13  2353    17     0
1169.02  1.38e-13  1.10e-13  2354    64     0
1170.70 -1.62e-13  9.64e-14  2354   -80     0
1172.37 -4.76e-15  9.03e-14  2355    -2     0
1174.05  1.01e-13  8.89e-14  2356    57     0
1175.73 -1.42e-14  7.96e-14  2356    -8     0
1177.40 -7.33e-14  7.48e-14  2357   -47     0
1179.08 -2.37e-14  7.05e-14  2357   -16     0
1180.75 -4.36e-14  6.63e-14  2358   -31     0
1182.43 -2.10e-14  6.28e-14  2359   -16     0
1184.11 -7.62e-15  5.95e-14  2359    -6     0
1185.78  8.29e-14  6.10e-14  2360    70     0
1187.46  1.96e-14  5.47e-14  2360    17     0
1189.14  4.55e-14  5.36e-14  2361    42     0
1190.81  2.98e-14  5.57e-14  2362    29     0
1192.49 -5.62e-14  5.78e-14  2362   -57     0
1194.17  9.14e-14  1.69e-13  2363    97 -4096
1195.84 -1.29e-13  1.57e-13  2363  -143 -4096
1197.52 -6.98e-14  1.51e-13  2364   -80 -4096
1199.19  7.30e-14  7.46e-14  2364    86 -4096
1200.87  2.91e-14  4.47e-14  2365    35     0
1202.55  9.15e-14  4.28e-14  2365   116     0
1204.22 -1.80e-14  3.70e-14  2366   -23     0
1205.90  9.17e-14  4.98e-14  2367   124     0
1207.58  4.44e-14  5.02e-14  2367    61     0
1209.25  7.06e-13  5.24e-13  2368  1010 -1280
1210.93  7.64e-13  2.52e-13  2368  1126 -1280
1212.60  6.57e-13  7.20e-14  2369   994 -1280
1214.28  6.39e-13  6.53e-14  2369   992 -1280
1215.96  5.14e-13  1.34e-13  2370   818     0
1217.63  5.53e-13  2.34e-13  2370   901  -256
1219.31  2.07e-13  6.67e-14  2371   345     0
1220.99  1.27e-13  7.11e-14  2371   215     0
1222.66  7.28e-14  3.49e-14  2372   126     0
1224.34 -5.83e-15  2.75e-14  2372   -10     0
1226.02  4.24e-15  2.70e-14  2373     7     0
1227.69  4.64e-15  2.65e-14  2373     8     0
1229.37 -9.51e-15  2.60e-14  2374   -17     0
1231.04  2.02e-14  2.65e-14  2374    38     0
1232.72 -2.34e-14  2.51e-14  2375   -45     0
1234.40  1.06e-14  2.51e-14  2375    20     0
1236.07 -1.76e-14  2.43e-14  2376   -35     0
1237.75 -1.52e-15  2.48e-14  2376    -3     0
1239.43 -1.59e-16  2.37e-14  2377     0     0
1241.10 -2.78e-14  2.44e-14  2377   -57     0
1242.78  8.08e-15  2.36e-14  2378    16     0
1244.46 -9.89e-15  2.30e-14  2378   -20     0
1246.13  1.90e-15  2.28e-14  2379     4     0
1247.81  3.38e-14  2.40e-14  2379    72     0
1249.48 -3.63e-14  2.24e-14  2380   -78     0
1251.16 -3.40e-14  2.20e-14  2380   -74     0
1252.84 -1.16e-14  2.19e-14  2381   -25     0
1254.51 -1.08e-14  2.17e-14  2381   -24     0
1256.19 -3.39e-14  2.16e-14  2382   -75     0
1257.87  9.88e-15  2.18e-14  2382    22     0
1259.54  3.41e-14  2.28e-14  2383    77     0
1261.22  9.75e-15  2.15e-14  2383    22     0
1262.89  1.40e-14  2.16e-14  2383    32     0
1264.57  2.20e-14  2.19e-14  2384    51     0
1266.25  2.59e-14  2.19e-14  2384    60     0
1267.92 -1.15e-14  2.05e-14  2385   -26     0
1269.60  7.22e-15  2.41e-14  2385    17     0
1271.28  5.62e-16  2.04e-14  2386     1     0
1272.95  6.25e-15  2.06e-14  2386    14     0
1274.63  1.26e-14  2.08e-14  2387    30     0
1276.31  3.78e-15  2.03e-14  2387     9     0
1277.98  1.99e-14  2.11e-14  2388    47     0
1279.66 -1.65e-14  2.00e-14  2388   -39     0
1281.33  2.27e-14  2.10e-14  2388    54     0
1283.01 -1.00e-14  1.98e-14  2389   -24     0
1284.69 -9.14e-15  1.98e-14  2389   -22     0
1286.36 -8.91e-15  1.97e-14  2390   -21     0
1288.04  8.29e-15  2.00e-14  2390    20     0
1289.72  6.25e-15  1.99e-14  2391    15     0
1291.39 -5.70e-15  1.96e-14  2391   -13     0
1293.07  1.88e-14  2.12e-14  2392    45     0
1294.75  4.71e-14  2.17e-14  2392   115     0
1296.42  5.06e-14  2.21e-14  2392   124     0
1298.10 -3.58e-14  2.92e-14  2393   -88     0
1299.77 -1.17e-14  1.93e-14  2393   -28     0
1301.45  3.87e-14  2.13e-14  2394    94     0
1303.13  2.33e-14  2.05e-14  2394    56     0
1304.80  5.33e-15  1.97e-14  2395    13     0
1306.48  1.72e-14  2.03e-14  2395    41     0
1308.16  1.46e-14  2.01e-14  2395    35     0
1309.83  3.13e-14  2.17e-14  2396    75     0
1311.51 -8.11e-16  1.93e-14  2396    -1     0
1313.19  2.64e-14  2.06e-14  2397    64     0
1314.86  1.48e-14  1.99e-14  2397    36     0
1316.54 -2.84e-14  1.94e-14  2398   -69     0
1318.21 -2.30e-14  1.94e-14  2398   -55     0
1319.89 -8.61e-15  1.94e-14  2398   -20     0
1321.57 -2.01e-14  1.96e-14  2399   -48     0
1323.24  1.09e-14  2.00e-14  2399    26     0
1324.92  1.08e-14  2.01e-14  2400    25     0
1326.60  1.98e-14  2.07e-14  2400    46     0
1328.27  1.63e-14  2.04e-14  2400    38     0
1329.95 -1.13e-14  1.98e-14  2401   -26     0
1331.62  9.31e-16  1.98e-14  2401     2     0
1333.30  1.69e-14  2.05e-14  2402    39     0
1334.98  1.12e-13  2.63e-14  2402   261     0
1336.65 -5.60e-15  2.08e-14  2402   -13     0
1338.33  3.34e-15  1.98e-14  2403     7     0
1340.01  1.73e-14  2.06e-14  2403    39     0
1341.68 -2.45e-14  2.01e-14  2404   -56     0
1343.36 -2.70e-14  2.01e-14  2404   -61     0
1345.04 -2.30e-14  2.01e-14  2404   -52     0
1346.71 -1.70e-14  2.02e-14  2405   -38     0
1348.39 -2.35e-14  2.03e-14  2405   -53     0
1350.06  4.38e-14  2.19e-14  2406    99     0
1351.74 -9.78e-15  2.03e-14  2406   -22     0
1353.42  1.82e-14  2.12e-14  2406    40     0
1355.09  8.85e-16  2.11e-14  2407     1     0
1356.77  4.01e-15  2.05e-14  2407     8     0
1358.45 -9.47e-15  2.06e-14  2407   -20     0
1360.12 -1.84e-14  2.08e-14  2408   -40     0
1361.80 -9.03e-15  2.09e-14  2408   -19     0
1363.48  3.80e-15  2.11e-14  2409     8     0
1365.15 -1.25e-14  2.10e-14  2409   -26     0
1366.83 -1.03e-14  2.11e-14  2409   -21     0
1368.50  3.94e-14  2.27e-14  2410    83     0
1370.18  9.76e-16  2.12e-14  2410     2     0
1371.86 -1.49e-14  2.13e-14  2410   -31     0
1373.53  2.13e-14  2.23e-14  2411    44     0
1375.21 -4.11e-14  2.17e-14  2411   -85     0
1376.89 -1.48e-14  2.16e-14  2411   -30     0
1378.56  8.56e-16  2.17e-14  2412     1     0
1380.24  2.90e-15  2.48e-14  2412     5     0
1381.91 -8.69e-15  2.28e-14  2412   -17     0
1383.59  1.15e-14  2.24e-14  2413    23     0
1385.27  1.90e-14  2.83e-14  2413    38     0
1386.94  2.07e-14  2.30e-14  2413    41     0
1388.62  2.17e-16  2.22e-14  2414     0     0
1390.30  1.27e-14  2.43e-14  2414    24     0
1391.97 -2.10e-14  2.25e-14  2414   -41     0
1393.65  4.95e-15  2.42e-14  2415     9     0
1395.33 -1.48e-14  2.27e-14  2415   -28     0
1397.00  2.98e-14  2.42e-14  2415    56     0
1398.68  5.68e-14  2.56e-14  2416   107     0
1400.35 -2.40e-14  2.31e-14  2416   -45     0
1402.03  1.92e-15  2.32e-14  2416     3     0
1403.71  3.70e-14  2.46e-14  2417    68     0
1405.38 -2.70e-15  2.35e-14  2417    -4     0
1407.06 -6.38e-14  2.36e-14  2417  -116     0
1408.74 -2.93e-14  2.38e-14  2418   -53     0
1410.41 -1.37e-14  2.38e-14  2418   -24     0
1412.09 -3.83e-14  2.40e-14  2418   -68     0
1413.77  5.27e-15  2.42e-14  2419     9     0
1415.44 -4.39e-14  2.41e-14  2419   -77     0
1417.12  1.87e-14  2.50e-14  2419    32     0
1418.79 -5.94e-15  2.43e-14  2419   -10     0
1420.47  1.02e-14  2.72e-14  2420    17     0
1422.15  3.13e-14  2.61e-14  2420    53     0
1423.82 -9.56e-15  2.51e-14  2420   -16     0
1425.50 -1.86e-14  2.49e-14  2421   -31     0
1427.18 -4.59e-14  2.51e-14  2421   -76     0
1428.85 -4.18e-15  2.51e-14  2421    -6     0
1430.53  3.00e-14  2.66e-14  2421    49     0
1432.20 -1.55e-14  2.54e-14  2422   -25     0
1433.88 -5.85e-15  2.55e-14  2422    -9     0
1435.56 -7.90e-14  2.76e-14  2422  -127     0
1437.23  4.73e-14  2.78e-14  2422    75     0
1438.91  2.46e-14  3.41e-14  2423    39     0
1440.59  2.11e-14  2.66e-14  2423    33     0
1442.26 -5.35e-17  2.59e-14  2423     0     0
1443.94 -1.03e-14  2.59e-14  2423   -16     0
1445.62  3.33e-14  2.75e-14  2424    52     0
1447.29  1.96e-14  2.66e-14  2424    30     0
1448.97 -6.30e-15  2.62e-14  2424    -9     0
1450.64 -3.38e-14  2.61e-14  2424   -52     0
1452.32 -1.52e-14  2.61e-14  2425   -23     0
1454.00 -4.18e-14  2.61e-14  2425   -64     0
1455.67 -1.95e-14  2.62e-14  2425   -29     0
1457.35  2.07e-16  2.62e-14  2425     0     0
1459.03  6.29e-15  2.69e-14  2426     9     0
1460.70  2.35e-15  2.61e-14  2426     3     0
1462.38 -3.42e-14  3.11e-14  2426   -52     0
1464.06  4.51e-15  2.61e-14  2426     6     0
1465.73 -1.72e-14  2.63e-14  2426   -25     0
1467.41  1.62e-14  2.69e-14  2427    24     0
1469.08  7.27e-15  2.65e-14  2427    10     0
1470.76  4.98e-15  2.76e-14  2427     7     0
1472.44 -2.87e-14  2.63e-14  2427   -42     0
1474.11 -9.40e-15  2.63e-14  2427   -13     0
1475.79 -4.94e-14  2.63e-14  2428   -73     0
1477.47  3.15e-14  2.73e-14  2428    46     0
1479.14  3.71e-14  2.79e-14  2428    54     0
1480.82  5.53e-14  2.87e-14  2428    81     0
1482.50  5.36e-15  2.65e-14  2428     7     0
1484.17 -1.12e-14  2.63e-14  2428   -16     0
1485.85 -3.11e-14  2.61e-14  2429   -45     0
1487.52 -5.27e-14  2.61e-14  2429   -77     0
1489.20  1.92e-14  2.69e-14  2429    28     0
1490.88 -5.72e-15  2.63e-14  2429    -8     0
1492.55  9.57e-15  2.66e-14  2429    13     0
1494.23 -2.79e-15  2.68e-14  2429    -4     0
1495.91  6.69e-16  2.61e-14  2429     0     0
1497.58  6.97e-15  2.63e-14  2430    10     0
1499.26 -2.10e-14  2.61e-14  2430   -30     0
1500.93  7.69e-15  2.63e-14  2430    10     0
1502.61  2.25e-14  2.69e-14  2430    32     0
1504.29 -1.54e-14  2.62e-14  2430   -21     0
1505.96  2.31e-14  2.71e-14  2430    32     0
1507.64 -2.71e-14  2.62e-14  2430   -38     0
1509.32  1.45e-14  2.68e-14  2430    20     0
1510.99  2.80e-14  2.70e-14  2431    38     0
1512.67 -5.04e-14  2.64e-14  2431   -69     0
1514.35 -9.40e-15  2.65e-14  2431   -12     0
1516.02  1.01e-14  2.69e-14  2431    13     0
1517.70 -6.92e-16  2.66e-14  2431     0     0
1519.37  2.99e-14  2.79e-14  2431    40     0
1521.05  1.99e-14  2.73e-14  2431    26     0
1522.73 -3.23e-15  2.66e-14  2431    -4     0
1524.40  8.46e-15  3.03e-14  2431    11     0
1526.08 -1.58e-14  2.71e-14  2431   -21     0
1527.76  2.17e-14  2.74e-14  2431    28     0
1529.43  1.16e-14  2.68e-14  2432    15     0
1531.11  5.30e-14  2.84e-14  2432    70     0
1532.79 -1.37e-16  2.63e-14  2432     0     0
1534.46  1.81e-14  2.68e-14  2432    24     0
1536.14  7.28e-17  2.62e-14  2432     0     0
1537.81  1.78e-14  2.68e-14  2432    23     0
1539.49  1.43e-14  2.65e-14  2432    18     0
1541.17  3.76e-15  2.61e-14  2432     5     0
1542.84  6.05e-14  2.80e-14  2432    80     0
1544.52  1.88e-14  2.64e-14  2432    24     0
1546.20  3.51e-14  2.70e-14  2432    46     0
1547.87  3.52e-14  2.68e-14  2432    46     0
1549.55 -2.24e-14  2.54e-14  2432   -29     0
1551.22  6.01e-14  2.83e-14  2432    79     0
1552.90  3.10e-14  2.65e-14  2432    41     0
1554.58 -6.66e-15  2.52e-14  2432    -8     0
1556.25  2.38e-14  2.59e-14  2432    31     0
1557.93  5.98e-14  2.74e-14  2432    79     0
1559.61  1.15e-14  2.52e-14  2432    15     0
1561.28 -3.03e-14  2.47e-14  2432   -40     0
1562.96  1.49e-14  2.51e-14  2432    19     0
1564.64  4.82e-14  2.63e-14  2432    64     0
1566.31  3.60e-14  2.57e-14  2432    48     0
1567.99  4.62e-14  2.58e-14  2432    62     0
1569.66 -2.81e-14  2.40e-14  2432   -38     0
1571.34  7.79e-15  2.49e-14  2432    10     0
1573.02 -1.25e-14  2.40e-14  2432   -16     0
1574.69  1.67e-14  2.44e-14  2432    22     0
1576.37 -5.29e-14  2.38e-14  2432   -70     0
1578.05  5.12e-14  2.57e-14  2432    68     0
1579.72 -1.70e-14  2.36e-14  2432   -22     0
1581.40  3.11e-14  2.55e-14  2432    41     0
1583.08  2.65e-14  2.42e-14  2432    35     0
1584.75 -7.68e-15  2.32e-14  2432   -10     0
1586.43 -2.02e-14  2.30e-14  2432   -27     0
1588.10  5.21e-14  2.48e-14  2432    70     0
1589.78  2.37e-14  2.36e-14  2431    32     0
1591.46 -4.44e-15  2.28e-14  2431    -6     0
1593.13 -1.06e-14  2.26e-14  2431   -14     0
1594.81 -4.25e-15  2.25e-14  2431    -5     0
1596.49  5.54e-16  2.23e-14  2431     0     0
1598.16 -8.61e-15  2.36e-14  2431   -11     0
1599.84  3.51e-14  2.31e-14  2431    48     0
1601.52 -1.05e-14  2.19e-14  2431   -14     0
1603.19  2.24e-14  2.25e-14  2431    30     0
1604.87 -2.33e-14  2.16e-14  2431   -32     0
1606.54  9.76e-15  2.40e-14  2431    13     0
1608.22  1.34e-14  2.19e-14  2430    18     0
1609.90 -1.76e-14  2.13e-14  2430   -24     0
1611.57 -1.86e-15  2.12e-14  2430    -2     0
1613.25 -4.35e-14  2.10e-14  2430   -60     0
1614.93  2.20e-15  2.11e-14  2430     3     0
1616.60 -2.10e-15  2.08e-14  2430    -2     0
1618.28  1.31e-14  2.10e-14  2430    18     0
1619.95 -4.50e-14  2.14e-14  2430   -63     0
1621.63  1.83e-14  2.09e-14  2429    25     0
1623.31 -1.16e-14  2.02e-14  2429   -16     0
1624.98 -4.09e-14  2.00e-14  2429   -58     0
1626.66 -2.40e-14  1.99e-14  2429   -34     0
1628.34  5.56e-15  1.99e-14  2429     7     0
1630.01  1.41e-15  1.98e-14  2429     2     0
1631.69  7.50e-15  1.99e-14  2429    10     0
1633.37  2.44e-14  2.04e-14  2428    34     0
1635.04 -6.67e-15  2.26e-14  2428    -9     0
1636.72  2.13e-14  2.22e-14  2428    30     0
1638.39  4.75e-14  2.19e-14  2428    68     0
1640.07  2.16e-14  1.95e-14  2428    31     0
1641.75  2.26e-14  1.95e-14  2428    32     0
1643.42  7.66e-15  1.88e-14  2427    11     0
1645.10 -1.23e-15  1.84e-14  2427    -1     0
1646.78  1.77e-14  1.89e-14  2427    26     0
1648.45  1.76e-14  1.87e-14  2427    26     0
1650.13  1.56e-14  1.86e-14  2427    23     0
1651.81  4.23e-14  1.94e-14  2426    62     0
1653.48 -2.20e-14  1.78e-14  2426   -32     0
1655.16 -2.28e-14  1.76e-14  2426   -34     0
1656.83  4.40e-14  1.90e-14  2426    66     0
1658.51  4.39e-14  1.88e-14  2426    66     0
1660.19  3.08e-14  1.80e-14  2425    46     0
1661.86 -8.06e-15  1.70e-14  2425   -12     0
1663.54  1.65e-14  1.73e-14  2425    25     0
1665.22 -8.67e-15  1.68e-14  2425   -13     0
1666.89 -3.56e-14  1.74e-14  2425   -54     0
1668.57  2.31e-16  1.69e-14  2424     0     0
1670.24  1.99e-14  1.69e-14  2424    31     0
1671.92  7.80e-15  1.63e-14  2424    12     0
1673.60  7.82e-15  1.62e-14  2424    12     0
1675.27 -1.14e-14  1.58e-14  2423   -18     0
1676.95 -1.64e-14  1.57e-14  2423   -26     0
1678.63 -1.43e-14  1.59e-14  2423   -22     0
1680.30 -1.65e-14  1.54e-14  2423   -26     0
1681.98  6.12e-15  1.54e-14  2422     9     0
1683.66  1.63e-14  1.56e-14  2422    26     0
1685.33  3.43e-15  1.59e-14  2422     5     0
1687.01  3.70e-14  1.61e-14  2422    60     0
1688.68  4.54e-15  1.49e-14  2421     7     0
1690.36 -1.29e-14  1.45e-14  2421   -21     0
1692.04  6.04e-15  1.46e-14  2421    10     0
1693.71 -1.18e-14  1.42e-14  2421   -19     0
1695.39 -8.12e-15  1.41e-14  2420   -13     0
1697.07 -1.23e-14  1.40e-14  2420   -20     0
1698.74  2.39e-14  1.52e-14  2420    40     0
1700.42 -1.88e-15  1.37e-14  2420    -3     0
1702.10 -8.62e-15  1.35e-14  2419   -14     0
1703.77 -1.09e-14  1.34e-14  2419   -18     0
1705.45  1.27e-14  1.37e-14  2419    21     0
1707.12  1.29e-14  1.35e-14  2419    22     0
1708.80  2.80e-14  1.40e-14  2418    48     0
1710.48  2.95e-14  1.39e-14  2418    51     0
1712.15  2.62e-14  1.37e-14  2418    46     0
1713.83  1.17e-14  1.30e-14  2417    20     0
1715.51  2.01e-14  1.31e-14  2417    35     0
1717.18  1.69e-14  1.29e-14  2417    30     0
1718.86  1.39e-14  2.19e-14  2417    25     0
1720.54  1.33e-14  1.25e-14  2416    24     0
1722.21  3.62e-14  1.32e-14  2416    66     0
1723.89  3.67e-14  1.31e-14  2416    67     0
1725.56  1.17e-14  1.22e-14  2416    21     0
1727.24  2.60e-14  1.25e-14  2415    48     0
1728.92  8.72e-15  1.18e-14  2415    16     0
1730.59  2.36e-14  1.22e-14  2415    44     0
1732.27 -1.80e-14  1.13e-14  2414   -34     0
1733.95  5.98e-15  1.14e-14  2414    11     0
1735.62  2.21e-14  1.17e-14  2414    42     0
1737.30  2.10e-14  1.16e-14  2413    40     0
1738.97  2.11e-14  1.15e-14  2413    40     0
1740.65  1.81e-14  1.12e-14  2413    35     0
1742.33  6.90e-15  1.07e-14  2413    13     0
1744.00 -1.60e-15  1.04e-14  2412    -3     0
1745.68  1.42e-15  1.04e-14  2412     2     0
1747.36  7.12e-15  1.05e-14  2412    14     0
1749.03  3.27e-14  1.13e-14  2411    65     0
1750.71  1.57e-14  1.05e-14  2411    31     0
1752.39 -1.16e-14  1.00e-14  2411   -23     0
1754.06  1.22e-15  9.84e-15  2410     2     0
1755.74  4.89e-15  9.89e-15  2410    10     0
1757.41  2.09e-14  1.03e-14  2410    43     0
1759.09  1.55e-14  1.01e-14  2410    32     0
1760.77  1.75e-14  1.00e-14  2409    36     0
1762.44  1.47e-14  9.89e-15  2409    30     0
1764.12  1.19e-16  9.32e-15  2409     0     0
1765.80  2.34e-15  9.26e-15  2408     4     0
1767.47  1.27e-15  9.13e-15  2408     2     0
1769.15  2.74e-14  1.03e-14  2408    58     0
1770.83  1.78e-14  9.54e-15  2407    38     0
1772.50 -6.29e-15  8.88e-15  2407   -13     0
1774.18 -4.48e-15  8.78e-15  2407    -9     0
1775.85 -1.82e-14  8.72e-15  2407   -39     0
1777.53  2.39e-14  9.39e-15  2406    52     0
1779.21  1.55e-14  9.04e-15  2406    34     0
1780.88 -1.10e-14  8.51e-15  2406   -24     0
1782.56 -8.31e-16  8.44e-15  2405    -1     0
1784.24  3.44e-15  8.55e-15  2405     7     0
1785.91  3.04e-15  8.34e-15  2405     6     0
1787.59 -1.90e-15  8.21e-15  2404    -4     0
1789.26  8.50e-15  8.39e-15  2404    19     0
1790.94  4.26e-15  8.23e-15  2404     9     0
1792.62 -1.02e-14  1.37e-14  2404   -22 -4096
1794.29 -5.73e-15  1.36e-14  2403   -12 -4096
1795.97  5.15e-15  8.91e-15  2403    11     0
1797.65  6.34e-15  8.13e-15  2403    14     0
1799.32  1.67e-14  8.58e-15  2402    38     0
1801.00  8.25e-15  1.00e-14  2402    18     0
1802.68 -3.82e-15  9.84e-15  2402    -8     0
1804.35  8.40e-15  8.04e-15  2402    19     0
1806.03  1.99e-14  8.33e-15  2401    45     0
1807.70  1.65e-14  8.13e-15  2401    37     0
1809.38  9.96e-15  7.87e-15  2401    22     0
1811.06  2.49e-14  9.05e-15  2400    57     0
1812.73  1.34e-14  8.13e-15  2400    30     0
1814.41  4.66e-16  7.52e-15  2400     1     0
1816.09  5.95e-15  8.72e-15  2400    13     0
1817.76  7.32e-15  7.57e-15  2399    16     0
1819.44  1.40e-14  7.73e-15  2399    32     0
1821.12  1.17e-14  7.69e-15  2399    27     0
1822.79  1.32e-14  7.68e-15  2399    30     0
1824.47  2.36e-14  8.02e-15  2398    54     0
1826.14  1.27e-14  7.61e-15  2398    29     0
1827.82  2.77e-14  8.17e-15  2398    64     0
1829.50  1.98e-14  7.80e-15  2397    45     0
1831.17  1.05e-14  7.34e-15  2397    24     0
1832.85 -5.54e-15  7.00e-15  2397   -12     0
1834.53  6.31e-15  7.15e-15  2397    14     0
1836.20  5.00e-15  7.08e-15  2396    11     0
1837.88  5.16e-15  7.08e-15  2396    12     0
1839.55  1.40e-14  7.34e-15  2396    32     0
1841.23  1.87e-14  7.51e-15  2396    43     0
1842.91  1.31e-14  7.30e-15  2395    30     0
1844.58  1.09e-14  7.20e-15  2395    25     0
1846.26  8.31e-15  7.05e-15  2395    19     0
1847.94  8.44e-16  6.77e-15  2395     1     0
1849.61  4.55e-15  6.86e-15  2394    10     0
1851.29  1.18e-14  7.18e-15  2394    27     0
1852.97  1.33e-14  7.19e-15  2394    31     0
1854.64  7.79e-15  6.97e-15  2394    18     0
1856.32 -2.98e-15  6.73e-15  2394    -6     0
1857.99  9.24e-15  6.97e-15  2393    21     0
1859.67  8.35e-15  7.03e-15  2393    19     0
1861.35  1.80e-14  7.38e-15  2393    41     0
1863.02  1.94e-14  7.28e-15  2393    45     0
1864.70  2.04e-14  7.28e-15  2392    47     0
1866.38  9.02e-15  6.94e-15  2392    20     0
1868.05  5.89e-15  8.55e-15  2392    13     0
1869.73  1.85e-14  1.24e-14  2392    42     0
1871.41 -5.09e-17  6.63e-15  2392     0     0
1873.08 -1.66e-14  6.62e-15  2391   -37     0
1874.76 -1.49e-14  7.07e-15  2391   -34     0
1876.43  9.47e-16  6.63e-15  2391     2     0
1878.11  1.40e-15  6.64e-15  2391     3     0
1879.79  1.13e-14  7.32e-15  2391    25     0
1881.46  1.07e-14  6.98e-15  2391    24     0
1883.14  2.58e-15  6.68e-15  2390     5     0
1884.82  1.04e-14  7.61e-15  2390    23     0
1886.49  7.72e-15  8.20e-15  2390    17     0
1888.17  1.54e-14  7.15e-15  2390    34     0
1889.85  1.83e-14  7.23e-15  2390    41     0
1891.52  1.46e-14  7.08e-15  2390    32     0
1893.20  3.73e-15  6.70e-15  2389     8     0
1894.87  1.12e-14  6.96e-15  2389    25     0
1896.55  2.37e-14  7.49e-15  2389    52     0
1898.23  2.53e-14  7.54e-15  2389    56     0
1899.90  1.30e-14  7.06e-15  2389    28     0
1901.58  1.61e-14  7.16e-15  2389    35     0
1903.26  1.65e-14  7.18e-15  2389    36     0
1904.93  6.23e-15  6.80e-15  2388    13     0
1906.61  1.62e-15  6.61e-15  2388     3     0
1908.28  9.06e-15  6.94e-15  2388    20     0
1909.96  1.18e-14  6.99e-15  2388    26     0
1911.64  5.33e-15  6.76e-15  2388    11     0
1913.31  1.67e-14  7.22e-15  2388    36     0
1914.99  1.34e-14  7.05e-15  2388    29     0
1916.67  1.19e-14  7.24e-15  2388    26     0
1918.34  2.19e-14  7.48e-15  2388    47     0
1920.02  1.62e-14  7.18e-15  2387    35     0
1921.70  1.06e-14  6.96e-15  2387    23     0
1923.37  3.07e-15  6.72e-15  2387     6     0
1925.05  3.59e-15  6.73e-15  2387     7     0
1926.72  1.13e-14  7.03e-15  2387    24     0
1928.40  1.52e-14  7.11e-15  2387    33     0
1930.08  1.63e-14  7.14e-15  2387    35     0
1931.75  1.51e-14  7.21e-15  2387    33     0
1933.43  1.22e-14  6.93e-15  2387    26     0
1935.11  8.36e-15  6.81e-15  2387    18     0
1936.78  1.52e-15  6.53e-15  2387     3     0
1938.46  3.50e-15  6.59e-15  2387     7     0
1940.14 -6.55e-15  6.47e-15  2387   -14     0
1941.81 -1.36e-14  6.45e-15  2387   -30     0
1943.49  5.39e-15  6.74e-15  2387    11     0
1945.16  2.27e-15  6.49e-15  2387     5     0
1946.84 -3.76e-16  6.39e-15  2387     0     0
1948.52 -1.48e-14  6.37e-15  2386   -33     0
1950.19 -1.40e-14  6.38e-15  2386   -31     0
1951.87 -5.35e-15  6.36e-15  2386   -12     0
1953.55  3.21e-15  6.44e-15  2386     7     0
1955.22  8.13e-15  6.61e-15  2386    18     0
1956.90  7.64e-15  6.59e-15  2386    17     0
1958.57  9.29e-15  6.66e-15  2386    21     0
1960.25  9.49e-15  6.65e-15  2386    21     0
1961.93  2.16e-14  7.19e-15  2386    49     0
1963.60  7.91e-15  6.58e-15  2386    18     0
1965.28  9.70e-15  6.69e-15  2386    22     0
1966.96 -4.98e-16  6.31e-15  2386    -1     0
1968.63 -1.63e-15  6.33e-15  2387    -3     0
1970.31 -6.10e-15  6.35e-15  2387   -13     0
1971.99 -8.26e-15  6.39e-15  2387   -18     0
1973.66 -1.33e-14  6.44e-15  2387   -30     0
1975.34 -1.22e-14  6.48e-15  2387   -27     0
1977.01 -2.15e-14  6.53e-15  2387   -48     0
1978.69 -1.11e-14  6.58e-15  2387   -24     0
