NOT ORIGINAL IUE PROJECT DATA PRODUCT
SWP29219LOWLARGE
HD  197481
20:42:06
-31:31:05
48
NO-TRAIL
ALONG-APER
03599.844
15/09/86
21:05:23
258
08.84
23/04/94
VILSPA
2446689.37874
0
24
1150.58  9.55e-14  1.01e-13   174    30     0
1152.26  1.04e-13  9.49e-14   174    35     0
1153.93  1.05e-13  8.89e-14   174    37     0
1155.61  6.90e-14  8.23e-14   174    26     0
1157.29 -4.08e-15  7.55e-14   174    -1     0
1158.96  3.63e-14  6.99e-14   173    16     0
1160.64 -1.24e-13  6.48e-14   173   -59     0
1162.31  3.04e-15  6.02e-14   173     1     0
1163.99  4.00e-15  5.59e-14   173     2     0
1165.67 -9.92e-14  5.09e-14   173   -60     0
1167.34 -2.65e-14  4.73e-14   173   -17     0
1169.02  1.89e-14  4.42e-14   172    13     0
1170.70 -3.71e-15  4.10e-14   172    -2     0
1172.37 -1.25e-14  3.82e-14   172    -9     0
1174.05  1.33e-14  3.63e-14   172    11     0
1175.73  1.43e-15  7.12e-14   172     1     0
1177.40  1.47e-14  3.13e-14   172    14     0
1179.08 -6.01e-15  2.93e-14   171    -6     0
1180.75  3.55e-14  2.79e-14   171    38     0
1182.43 -2.38e-14  2.58e-14   171   -27     0
1184.11  3.71e-14  2.49e-14   171    44     0
1185.78  6.62e-14  2.41e-14   171    84     0
1187.46 -1.38e-14  2.20e-14   171   -18     0
1189.14  1.12e-14  2.11e-14   171    15     0
1190.81  1.94e-14  2.09e-14   171    28     0
1192.49  2.46e-14  2.01e-14   171    37     0
1194.17  3.36e-14  2.05e-14   170    53     0
1195.84  1.73e-14  1.98e-14   170    28     0
1197.52  2.19e-14  1.92e-14   170    37     0
1199.19  2.09e-14  1.76e-14   170    37     0
1200.87  2.22e-15  1.62e-14   170     4     0
1202.55  2.84e-14  1.55e-14   170    53     0
1204.22  4.14e-14  2.15e-14   170    81     0
1205.90  6.45e-14  1.57e-14   170   130     0
1207.58  1.18e-13  2.34e-14   170   245     0
1209.25  2.77e-13  4.60e-14   170   591     0
1210.93  5.00e-13  9.20e-14   170  1102     0
1212.60  7.97e-13  1.51e-13   170  1801     0
1214.28  1.04e-12  2.03e-13   170  2417     0
1215.96  1.05e-12  2.08e-13   170  2482     0
1217.63  7.27e-13  1.32e-13   170  1769     0
1219.31  4.63e-13  8.66e-14   170  1152     0
1220.99  2.28e-13  4.30e-14   170   579     0
1222.66  7.63e-14  1.92e-14   170   197     0
1224.34  1.55e-14  1.05e-14   170    40     0
1226.02  1.20e-14  1.01e-14   170    32     0
1227.69 -8.72e-16  9.78e-15   170    -2     0
1229.37  3.89e-15  9.67e-15   170    10     0
1231.04  7.10e-15  9.51e-15   170    20     0
1232.72  2.51e-14  9.54e-15   170    72     0
1234.40  1.66e-14  9.25e-15   170    48     0
1236.07  2.08e-14  9.13e-15   170    62     0
1237.75  2.54e-14  9.07e-15   170    76     0
1239.43  1.73e-14  8.78e-15   170    52     0
1241.10  1.62e-14  8.71e-15   170    49     0
1242.78  4.92e-15  9.47e-15   170    15     0
1244.46  1.63e-14  8.46e-15   170    51     0
1246.13 -1.77e-15  8.14e-15   170    -5     0
1247.81  5.47e-15  8.11e-15   171    17     0
1249.48  1.78e-14  8.20e-15   171    57     0
1251.16 -4.74e-15  7.79e-15   171   -15     0
1252.84  1.14e-14  7.86e-15   171    37     0
1254.51  7.31e-15  7.73e-15   171    24     0
1256.19  6.02e-15  7.64e-15   171    20     0
1257.87  1.02e-14  7.63e-15   171    34     0
1259.54  4.17e-15  7.44e-15   171    14     0
1261.22 -2.22e-16  7.31e-15   172     0     0
1262.89 -4.74e-15  7.24e-15   172   -16     0
1264.57  1.76e-14  7.42e-15   172    61     0
1266.25  9.44e-15  7.24e-15   172    33     0
1267.92  1.30e-14  7.22e-15   172    45     0
1269.60 -5.66e-15  6.97e-15   172   -19     0
1271.28  8.54e-16  6.95e-15   173     3     0
1272.95  4.46e-16  6.89e-15   173     1     0
1274.63 -2.23e-15  6.84e-15   173    -7     0
1276.31  6.31e-15  6.90e-15   173    22     0
1277.98  6.57e-15  6.85e-15   173    23     0
1279.66  1.57e-14  6.95e-15   174    56     0
1281.33  5.80e-15  6.75e-15   174    20     0
1283.01  7.88e-15  6.75e-15   174    28     0
1284.69  2.76e-14  7.02e-15   174    99     0
1286.36 -1.03e-14  6.55e-15   174   -37     0
1288.04  1.12e-14  6.67e-15   175    40     0
1289.72  3.30e-15  6.49e-15   175    12     0
1291.39  5.72e-15  6.53e-15   175    20     0
1293.07  4.21e-15  6.61e-15   175    15     0
1294.75  3.92e-15  6.45e-15   176    14     0
1296.42  4.07e-15  6.39e-15   176    14     0
1298.10  6.20e-15  6.41e-15   176    22     0
1299.77  1.09e-14  6.45e-15   176    40     0
1301.45  1.58e-14  6.64e-15   177    57     0
1303.13  2.53e-14  7.63e-15   177    92     0
1304.80  3.08e-14  6.78e-15   177   112     0
1306.48  1.98e-14  9.68e-15   178    71     0
1308.16  1.86e-14  6.58e-15   178    67     0
1309.83  7.58e-15  6.40e-15   178    27     0
1311.51  1.11e-14  6.38e-15   178    40     0
1313.19 -1.70e-15  8.81e-15   179    -6     0
1314.86  4.29e-15  6.24e-15   179    15     0
1316.54 -3.41e-15  6.18e-15   179   -12     0
1318.21  1.62e-14  6.45e-15   180    58     0
1319.89  8.39e-15  6.29e-15   180    30     0
1321.57  3.60e-15  6.45e-15   180    12     0
1323.24 -3.66e-15  6.50e-15   180   -13     0
1324.92  8.28e-15  7.17e-15   181    29     0
1326.60  1.64e-14  7.13e-15   181    57     0
1328.27  6.64e-15  6.62e-15   181    23     0
1329.95  1.22e-14  6.40e-15   182    42     0
1331.62  1.34e-14  6.38e-15   182    47     0
1333.30  3.56e-14  1.64e-14   182   124     0
1334.98  5.21e-14  1.74e-14   183   182     0
1336.65  4.62e-14  1.40e-14   183   162     0
1338.33  2.06e-14  7.67e-15   183    72     0
1340.01  5.03e-15  6.29e-15   184    17     0
1341.68  2.24e-15  6.22e-15   184     7     0
1343.36  4.74e-15  6.28e-15   184    16     0
1345.04  8.48e-15  6.34e-15   185    28     0
1346.71 -6.92e-16  6.23e-15   185    -2     0
1348.39 -1.81e-15  6.23e-15   185    -6     0
1350.06 -6.43e-15  1.24e-14   186   -21     0
1351.74 -1.32e-14  6.53e-15   186   -44     0
1353.42  8.04e-15  6.37e-15   186    26     0
1355.09  9.83e-15  6.40e-15   187    32     0
1356.77 -2.05e-16  6.26e-15   187     0     0
1358.45 -1.04e-14  6.27e-15   187   -34     0
1360.12  2.77e-15  6.34e-15   188     9     0
1361.80 -1.44e-15  6.34e-15   188    -4     0
1363.48  8.47e-15  6.49e-15   188    27     0
1365.15  1.00e-14  6.53e-15   189    32     0
1366.83  5.17e-15  6.47e-15   189    16     0
1368.50  6.40e-15  6.49e-15   189    20     0
1370.18  7.02e-15  6.51e-15   190    22     0
1371.86  1.93e-14  6.76e-15   190    60     0
1373.53  6.55e-15  6.52e-15   190    20     0
1375.21  3.02e-15  6.47e-15   191     9     0
1376.89 -3.49e-15  6.48e-15   191   -10     0
1378.56 -1.82e-15  6.50e-15   191    -5     0
1380.24  1.22e-14  6.69e-15   192    37     0
1381.91 -1.40e-16  6.54e-15   192     0     0
1383.59  1.32e-15  9.37e-15   192     3     0
1385.27 -5.50e-15  7.21e-15   193   -16     0
1386.94  6.66e-15  6.69e-15   193    19     0
1388.62  4.09e-15  6.65e-15   193    12     0
1390.30  1.87e-15  6.67e-15   194     5     0
1391.97  2.42e-14  7.09e-15   194    70     0
1393.65  9.77e-15  6.87e-15   194    28     0
1395.33  2.09e-14  7.07e-15   195    60     0
1397.00  7.81e-15  6.87e-15   195    22     0
1398.68  1.17e-15  6.80e-15   195     3     0
1400.35  1.33e-14  7.09e-15   196    37     0
1402.03  1.14e-14  7.77e-15   196    31     0
1403.71  1.68e-16  7.94e-15   196     0     0
1405.38  3.81e-15  6.98e-15   197    10     0
1407.06  5.60e-15  7.04e-15   197    15     0
1408.74 -2.32e-15  7.00e-15   197    -6     0
1410.41 -7.07e-15  1.08e-14   197   -19     0
1412.09  1.28e-15  7.05e-15   198     3     0
1413.77  5.29e-15  7.15e-15   198    14     0
1415.44 -8.36e-15  7.07e-15   198   -22     0
1417.12  4.26e-16  7.10e-15   199     1     0
1418.79 -1.43e-15  7.13e-15   199    -3     0
1420.47  6.76e-15  7.35e-15   199    17     0
1422.15  3.63e-15  7.31e-15   199     9     0
1423.82 -1.53e-15  7.33e-15   200    -3     0
1425.50 -8.55e-15  7.29e-15   200   -21     0
1427.18 -1.07e-14  8.17e-15   200   -26     0
1428.85 -6.27e-15  7.34e-15   201   -15     0
1430.53  1.18e-14  7.55e-15   201    29     0
1432.20  2.81e-15  7.42e-15   201     6     0
1433.88 -1.10e-14  7.43e-15   201   -26     0
1435.56 -6.30e-15  7.50e-15   202   -15     0
1437.23  4.36e-15  7.56e-15   202    10     0
1438.91  7.44e-15  7.64e-15   202    17     0
1440.59  8.96e-15  7.62e-15   202    21     0
1442.26 -7.92e-15  7.53e-15   203   -18     0
1443.94  7.29e-15  7.61e-15   203    17     0
1445.62  5.54e-16  7.58e-15   203     1     0
1447.29  1.13e-14  7.77e-15   203    26     0
1448.97 -2.08e-15  7.60e-15   204    -4     0
1450.64  8.22e-15  7.70e-15   204    19     0
1452.32  1.21e-14  7.79e-15   204    28     0
1454.00  1.20e-14  7.77e-15   204    27     0
1455.67 -2.85e-15  7.60e-15   204    -6     0
1457.35  7.99e-15  8.93e-15   205    18     0
1459.03 -7.17e-15  7.63e-15   205   -16     0
1460.70 -9.33e-15  7.55e-15   205   -21     0
1462.38 -3.76e-15  7.55e-15   205    -8     0
1464.06 -1.15e-14  7.55e-15   205   -26     0
1465.73 -8.05e-15  7.61e-15   206   -18     0
1467.41 -8.64e-15  7.61e-15   206   -19     0
1469.08 -2.94e-15  7.60e-15   206    -6     0
1470.76 -3.03e-15  7.63e-15   206    -6     0
1472.44  2.60e-17  7.63e-15   206     0     0
1474.11 -2.75e-15  7.62e-15   206    -6     0
1475.79  3.40e-16  7.63e-15   206     0     0
1477.47 -8.45e-15  7.62e-15   207   -18     0
1479.14 -6.37e-15  7.62e-15   207   -14     0
1480.82 -1.00e-14  7.61e-15   207   -21     0
1482.50  6.11e-15  7.70e-15   207    13     0
1484.17  1.81e-14  7.91e-15   207    39     0
1485.85  4.33e-15  7.61e-15   207     9     0
1487.52 -7.91e-15  7.56e-15   207   -17     0
1489.20 -1.06e-14  7.56e-15   208   -23     0
1490.88  4.14e-15  7.63e-15   208     8     0
1492.55  2.01e-14  8.10e-15   208    43     0
1494.23  2.13e-14  7.97e-15   208    45     0
1495.91  9.78e-15  7.69e-15   208    21     0
1497.58  1.46e-14  7.81e-15   208    31     0
1499.26 -1.44e-15  7.57e-15   208    -3     0
1500.93  1.18e-14  7.72e-15   208    25     0
1502.61 -3.16e-15  7.56e-15   208    -6     0
1504.29  4.63e-15  7.60e-15   208     9     0
1505.96  9.53e-15  7.71e-15   208    20     0
1507.64  1.68e-14  7.86e-15   208    35     0
1509.32  2.38e-14  1.50e-14   208    49     0
1510.99  1.08e-14  7.80e-15   208    22     0
1512.67  4.97e-16  7.66e-15   209     1     0
1514.35  5.60e-15  7.72e-15   209    11     0
1516.02 -8.73e-15  7.70e-15   209   -17     0
1517.70 -9.70e-15  7.71e-15   209   -19     0
1519.37 -1.29e-14  7.72e-15   209   -26     0
1521.05  2.15e-14  8.90e-15   209    43     0
1522.73  3.85e-16  7.73e-15   209     0     0
1524.40  2.57e-17  7.73e-15   209     0     0
1526.08  1.65e-14  7.98e-15   209    32     0
1527.76 -7.69e-15  7.72e-15   209   -15     0
1529.43 -3.10e-15  7.72e-15   209    -6     0
1531.11 -7.19e-15  7.67e-15   209   -14     0
1532.79 -2.71e-15  7.66e-15   209    -5     0
1534.46  9.14e-15  7.77e-15   209    18     0
1536.14 -2.13e-15  7.62e-15   209    -4     0
1537.81  5.81e-15  7.65e-15   209    11     0
1539.49  5.18e-16  7.58e-15   208     1     0
1541.17  1.40e-14  7.79e-15   208    27     0
1542.84  1.55e-14  7.77e-15   208    30     0
1544.52  3.63e-14  1.45e-14   208    72     0
1546.20  8.05e-14  2.11e-14   208   159     0
1547.87  1.14e-13  2.90e-14   208   227     0
1549.55  8.69e-14  2.39e-14   208   172     0
1551.22  4.12e-14  8.77e-15   208    81     0
1552.90  2.13e-14  7.84e-15   208    42     0
1554.58  1.48e-14  7.63e-15   208    29     0
1556.25  9.29e-15  7.48e-15   208    18     0
1557.93  3.47e-15  7.37e-15   208     6     0
1559.61  7.66e-15  7.37e-15   208    15     0
1561.28 -6.57e-15  7.24e-15   208   -13     0
1562.96  1.63e-14  7.47e-15   207    32     0
1564.64  4.46e-15  7.21e-15   207     8     0
1566.31  3.56e-15  7.14e-15   207     7     0
1567.99  1.53e-16  7.09e-15   207     0     0
1569.66  5.67e-15  7.12e-15   207    11     0
1571.34  1.08e-14  7.25e-15   207    21     0
1573.02  2.35e-15  7.08e-15   207     4     0
1574.69  6.97e-15  7.12e-15   207    13     0
1576.37  2.62e-14  7.58e-15   206    52     0
1578.05  2.03e-14  7.35e-15   206    40     0
1579.72 -8.51e-15  6.96e-15   206   -17     0
1581.40 -1.89e-15  6.91e-15   206    -3     0
1583.08 -3.48e-15  6.88e-15   206    -7     0
1584.75 -1.42e-14  6.85e-15   206   -28     0
1586.43 -1.26e-15  6.80e-15   206    -2     0
1588.10  1.06e-14  6.93e-15   205    21     0
1589.78  1.20e-14  6.92e-15   205    24     0
1591.46  6.09e-15  6.83e-15   205    12     0
1593.13  4.61e-15  6.74e-15   205     9     0
1594.81 -1.48e-15  6.67e-15   205    -3     0
1596.49  1.18e-14  6.78e-15   205    24     0
1598.16  3.37e-15  6.58e-15   204     6     0
1599.84 -4.96e-15  6.54e-15   204   -10     0
1601.52  4.49e-15  6.60e-15   204     9     0
1603.19  4.92e-15  6.52e-15   204    10     0
1604.87  5.15e-15  6.51e-15   204    10     0
1606.54  1.02e-14  6.60e-15   203    21     0
1608.22  1.60e-14  6.66e-15   203    33     0
1609.90  2.26e-14  6.76e-15   203    46     0
1611.57  1.42e-14  6.56e-15   203    29     0
1613.25  7.37e-15  6.39e-15   203    15     0
1614.93  4.95e-15  6.29e-15   202    10     0
1616.60  1.44e-15  6.28e-15   202     3     0
1618.28  1.14e-14  6.39e-15   202    23     0
1619.95  9.26e-16  6.15e-15   202     1     0
1621.63  6.77e-15  6.20e-15   202    14     0
1623.31 -1.01e-14  6.06e-15   201   -21     0
1624.98 -8.85e-15  6.02e-15   201   -18     0
1626.66  3.63e-15  6.02e-15   201     7     0
1628.34 -2.88e-15  5.95e-15   201    -6     0
1630.01  9.31e-15  6.10e-15   201    19     0
1631.69  8.47e-15  6.07e-15   200    18     0
1633.37  2.53e-15  5.89e-15   200     5     0
1635.04  1.32e-14  6.04e-15   200    28     0
1636.72  4.43e-14  1.10e-14   200    95     0
1638.39  4.91e-14  1.44e-14   199   106     0
1640.07  6.49e-14  2.00e-14   199   140     0
1641.75  4.31e-14  1.50e-14   199    93     0
1643.42  1.98e-14  5.98e-15   199    43     0
1645.10  6.57e-15  5.71e-15   199    14     0
1646.78  6.35e-15  5.63e-15   198    13     0
1648.45  4.46e-15  5.56e-15   198     9     0
1650.13 -1.41e-15  5.51e-15   198    -3     0
1651.81 -2.06e-15  5.47e-15   198    -4     0
1653.48  6.31e-15  5.53e-15   198    14     0
1655.16  1.51e-14  5.79e-15   197    33     0
1656.83  2.30e-14  8.86e-15   197    51     0
1658.51  1.93e-14  5.83e-15   197    43     0
1660.19  9.79e-15  5.39e-15   197    22     0
1661.86 -3.73e-15  5.44e-15   196    -8     0
1663.54  2.77e-15  5.69e-15   196     6     0
1665.22  1.34e-14  5.78e-15   196    30     0
1666.89  9.38e-15  5.54e-15   196    21     0
1668.57 -9.04e-16  5.08e-15   196    -2     0
1670.24  1.62e-14  6.19e-15   195    37     0
1671.92  1.86e-14  1.31e-14   195    43     0
1673.60  3.12e-15  4.96e-15   195     7     0
1675.27  3.82e-15  4.94e-15   195     9     0
1676.95  6.07e-15  4.93e-15   195    14     0
1678.63  2.26e-15  4.81e-15   194     5     0
1680.30  3.06e-15  4.81e-15   194     7     0
1681.98  9.77e-15  4.88e-15   194    23     0
1683.66  1.88e-15  4.70e-15   194     4     0
1685.33  6.64e-15  4.80e-15   194    16     0
1687.01  6.82e-15  4.76e-15   194    16     0
1688.68  8.83e-15  4.76e-15   193    21     0
1690.36  7.27e-16  4.53e-15   193     1     0
1692.04 -3.74e-15  4.49e-15   193    -9     0
1693.71 -4.62e-15  4.45e-15   193   -11     0
1695.39 -2.12e-16  4.41e-15   193     0     0
1697.07 -7.84e-15  4.37e-15   193   -19     0
1698.74  6.40e-16  4.33e-15   192     1     0
1700.42 -2.88e-16  4.30e-15   192     0     0
1702.10  6.98e-16  4.26e-15   192     1     0
1703.77 -2.20e-15  4.22e-15   192    -5     0
1705.45 -5.09e-16  4.19e-15   192    -1     0
1707.12  1.36e-14  4.40e-15   192    35     0
1708.80  4.33e-16  4.11e-15   192     1     0
1710.48  5.20e-15  4.16e-15   191    13     0
1712.15  3.50e-15  4.33e-15   191     9     0
1713.83 -1.48e-15  4.00e-15   191    -3     0
1715.51  3.68e-15  4.00e-15   191     9     0
1717.18  1.19e-14  4.14e-15   191    31     0
1718.86  1.16e-14  4.12e-15   191    31     0
1720.54  1.77e-15  3.85e-15   191     4     0
1722.21  6.73e-15  3.92e-15   191    18     0
1723.89  7.44e-15  3.89e-15   191    20     0
1725.56 -1.08e-15  3.77e-15   191    -2     0
1727.24 -3.72e-17  3.73e-15   191     0     0
1728.92  3.34e-15  3.75e-15   190     9     0
1730.59 -2.44e-15  3.66e-15   190    -6     0
1732.27  2.55e-16  3.62e-15   190     0     0
1733.95 -9.87e-16  3.59e-15   190    -2     0
1735.62 -4.36e-15  3.55e-15   190   -12     0
1737.30  3.92e-15  3.58e-15   190    11     0
1738.97  4.03e-15  3.57e-15   190    11     0
1740.65  2.92e-15  3.48e-15   190     8     0
1742.33  1.21e-15  3.42e-15   190     3     0
1744.00 -5.01e-15  3.37e-15   190   -14     0
1745.68 -7.79e-16  3.35e-15   190    -2     0
1747.36  8.42e-15  3.48e-15   190    25     0
1749.03  8.53e-15  3.44e-15   190    25     0
1750.71  1.25e-14  4.17e-15   190    37     0
1752.39  9.77e-15  3.70e-15   190    29     0
1754.06  3.71e-15  3.24e-15   190    11     0
1755.74  1.86e-15  3.46e-15   190     5     0
1757.41  5.31e-15  3.25e-15   190    16     0
1759.09  4.95e-15  3.23e-15   191    15     0
1760.77  5.89e-16  3.11e-15   191     1     0
1762.44 -3.22e-16  3.08e-15   191    -1     0
1764.12  6.30e-16  3.06e-15   191     1     0
1765.80  1.50e-15  3.03e-15   191     4     0
1767.47  1.74e-15  3.02e-15   191     5     0
1769.15 -3.40e-15  2.97e-15   191   -10     0
1770.83 -4.45e-16  2.95e-15   191    -1     0
1772.50  2.77e-15  2.97e-15   191     8     0
1774.18  1.73e-14  8.14e-15   191    56     0
1775.85  3.14e-14  1.96e-14   192   101     0
1777.53  1.63e-14  8.00e-15   192    52     0
1779.21  3.77e-15  2.90e-15   192    12     0
1780.88  3.41e-16  2.82e-15   192     1     0
1782.56  1.50e-15  2.81e-15   192     4     0
1784.24 -1.35e-15  2.85e-15   192    -4     0
1785.91  3.82e-16  2.75e-15   193     1     0
1787.59  9.37e-16  2.74e-15   193     3     0
1789.26 -4.32e-18  2.78e-15   193     0     0
1790.94  3.32e-16  2.90e-15   193     1     0
1792.62 -9.60e-16  3.22e-15   194    -3     0
1794.29 -2.43e-15  3.11e-15   194    -8     0
1795.97 -8.02e-15  3.00e-15   194   -27     0
1797.65 -4.87e-15  2.83e-15   194   -16     0
1799.32  2.02e-15  2.65e-15   195     6     0
1801.00 -9.25e-16  2.61e-15   195    -3     0
1802.68 -2.31e-15  2.59e-15   195    -7     0
1804.35  7.81e-16  2.58e-15   195     2     0
1806.03  8.42e-15  3.95e-15   196    28     0
1807.70  7.03e-15  4.03e-15   196    24     0
1809.38  9.64e-15  3.12e-15   196    33     0
1811.06  5.67e-15  3.49e-15   197    19     0
1812.73  6.88e-15  3.83e-15   197    23     0
1814.41  1.54e-14  4.95e-15   197    53     0
1816.09  2.11e-14  5.08e-15   198    72     0
1817.76  2.22e-14  4.68e-15   198    76     0
1819.44  1.19e-14  2.75e-15   198    41     0
1821.12  2.73e-15  2.51e-15   199     9     0
1822.79  1.19e-15  2.47e-15   199     4     0
1824.47  5.70e-15  2.56e-15   200    19     0
1826.14  3.98e-15  2.52e-15   200    13     0
1827.82  4.20e-15  2.51e-15   200    14     0
1829.50  4.58e-15  2.51e-15   201    15     0
1831.17  3.69e-15  2.47e-15   201    12     0
1832.85  6.41e-16  2.39e-15   202     2     0
1834.53 -7.66e-16  2.42e-15   202    -2     0
1836.20 -7.31e-16  2.38e-15   203    -2     0
1837.88 -1.32e-15  2.37e-15   203    -4     0
1839.55 -4.70e-15  2.36e-15   204   -16     0
1841.23 -2.98e-16  2.37e-15   204    -1     0
1842.91  4.79e-15  2.44e-15   205    16     0
1844.58  4.92e-15  2.43e-15   205    17     0
1846.26  3.39e-15  2.38e-15   206    11     0
1847.94  4.00e-15  2.39e-15   206    14     0
1849.61  2.60e-15  2.35e-15   207     9     0
1851.29 -1.80e-15  2.33e-15   207    -6     0
1852.97 -2.98e-15  2.33e-15   208   -10     0
1854.64 -2.12e-15  2.32e-15   208    -7     0
1856.32 -1.39e-15  2.31e-15   209    -4     0
1857.99 -2.81e-15  2.30e-15   210    -9     0
1859.67  1.41e-15  2.31e-15   210     4     0
1861.35  2.35e-15  2.32e-15   211     8     0
1863.02  5.15e-15  2.38e-15   211    17     0
1864.70  3.37e-15  2.48e-15   212    11     0
1866.38  5.17e-15  5.07e-15   213    17     0
1868.05  8.75e-15  5.11e-15   213    30     0
1869.73  4.66e-15  4.01e-15   214    15     0
1871.41  3.01e-15  2.53e-15   214    10     0
1873.08  7.26e-16  2.28e-15   215     2     0
1874.76  2.36e-15  2.32e-15   216     8     0
1876.43  4.41e-15  2.35e-15   216    15     0
1878.11  1.44e-15  2.30e-15   217     4     0
1879.79 -1.93e-16  2.27e-15   218     0     0
1881.46 -9.79e-16  2.27e-15   218    -3     0
1883.14  2.84e-15  2.45e-15   219     9     0
1884.82  3.95e-16  2.27e-15   220     1     0
1886.49 -1.84e-15  2.27e-15   220    -6     0
1888.17 -1.20e-15  2.26e-15   221    -4     0
1889.85 -1.96e-15  2.26e-15   222    -6     0
1891.52  1.82e-15  2.27e-15   222     6     0
1893.20  4.58e-15  2.34e-15   223    15     0
1894.87  3.27e-15  2.38e-15   224    10     0
1896.55  1.82e-15  2.27e-15   225     6     0
1898.23  1.69e-15  2.26e-15   225     5     0
1899.90  1.86e-15  2.27e-15   226     6     0
1901.58  1.20e-15  2.25e-15   227     3     0
1903.26 -2.36e-15  2.24e-15   227    -7     0
1904.93 -8.41e-15  2.24e-15   228   -27     0
1906.61 -4.96e-15  2.22e-15   229   -16     0
1908.28  1.66e-15  2.24e-15   230     5     0
1909.96  5.48e-15  2.32e-15   230    18     0
1911.64  5.01e-15  2.31e-15   231    16     0
1913.31 -8.85e-17  2.21e-15   232     0     0
1914.99 -3.57e-15  2.21e-15   232   -11     0
1916.67 -2.31e-15  2.27e-15   233    -7     0
1918.34 -1.97e-15  2.37e-15   234    -6     0
1920.02 -2.52e-15  2.42e-15   235    -8     0
1921.70  2.63e-15  2.53e-15   235     8     0
1923.37 -8.29e-16  2.54e-15   236    -2     0
1925.05 -1.11e-15  2.53e-15   237    -3     0
1926.72 -7.40e-16  2.45e-15   237    -2     0
1928.40  2.24e-15  2.41e-15   238     7     0
1930.08 -3.69e-16  2.14e-15   239    -1     0
1931.75 -1.07e-17  2.13e-15   240     0     0
1933.43  5.10e-16  2.12e-15   240     1     0
1935.11 -1.14e-15  2.12e-15   241    -3     0
1936.78 -1.46e-16  2.11e-15   242     0     0
1938.46  3.23e-15  2.16e-15   242    10     0
1940.14  3.26e-15  2.13e-15   243    10     0
1941.81  2.50e-15  2.10e-15   244     8     0
1943.49  4.19e-15  2.13e-15   244    13     0
1945.16  3.42e-15  2.09e-15   245    11     0
1946.84  7.19e-15  2.16e-15   246    24     0
1948.52  6.52e-15  2.13e-15   246    21     0
1950.19  7.52e-15  2.15e-15   247    25     0
1951.87  5.64e-15  2.09e-15   247    18     0
1953.55  1.89e-15  2.00e-15   248     6     0
1955.22  5.05e-15  2.05e-15   249    17     0
1956.90  6.08e-15  2.06e-15   249    20     0
1958.57  4.84e-15  2.01e-15   250    16     0
1960.25  3.91e-15  1.98e-15   250    13     0
1961.93  2.12e-15  1.93e-15   251     7     0
1963.60  2.95e-15  1.94e-15   251    10     0
1965.28  6.30e-15  1.99e-15   252    21     0
1966.96  5.40e-15  1.98e-15   252    18     0
1968.63  4.13e-15  1.95e-15   253    14     0
1970.31  3.55e-15  1.92e-15   253    12     0
1971.99  6.36e-15  1.98e-15   254    21     0
1973.66  8.13e-15  2.10e-15   254    27     0
1975.34  5.50e-15  2.03e-15   255    18     0
1977.01  3.27e-15  1.95e-15   255    10     0
1978.69  2.19e-15  1.94e-15   256     7     0
