NOT ORIGINAL IUE PROJECT DATA PRODUCT
SWP29233LOWLARGE
HD  197481
20:42:06
-31:31:05
48
NO-TRAIL
ALONG-APER
03599.844
17/09/86
18:36:14
260
07.83
23/04/94
VILSPA
2446691.27516
0
23
1150.58 -2.62e-14  9.74e-14   137    -8     0
1152.26 -1.96e-14  9.15e-14   137    -6     0
1153.93 -5.11e-14  8.56e-14   137   -18     0
1155.61 -2.92e-14  7.97e-14   138   -11     0
1157.29 -2.41e-14  7.39e-14   138   -10     0
1158.96  6.09e-14  7.18e-14   138    27     0
1160.64 -5.27e-14  6.35e-14   138   -25     0
1162.31  1.67e-14  5.89e-14   138     8     0
1163.99  1.02e-13  5.61e-14   139    56     0
1165.67 -5.97e-14  4.98e-14   139   -36     0
1167.34 -5.69e-15  4.63e-14   139    -3     0
1169.02  4.63e-14  4.36e-14   139    32     0
1170.70  8.81e-16  4.01e-14   139     0     0
1172.37  3.43e-16  3.74e-14   140     0     0
1174.05  1.30e-14  3.49e-14   140    11     0
1175.73 -4.30e-14  7.96e-14   140   -39     0
1177.40  4.44e-15  3.06e-14   140     4     0
1179.08 -1.23e-14  2.87e-14   140   -12     0
1180.75  2.77e-14  2.72e-14   141    30     0
1182.43 -2.26e-14  2.53e-14   141   -26     0
1184.11  6.51e-16  2.39e-14   141     0     0
1185.78  6.28e-14  2.35e-14   141    80     0
1187.46 -1.78e-14  2.51e-14   141   -23     0
1189.14  5.64e-14  2.13e-14   142    79     0
1190.81  4.13e-14  2.04e-14   142    61     0
1192.49  3.85e-14  1.99e-14   142    59     0
1194.17  3.98e-14  1.97e-14   142    63     0
1195.84  3.17e-14  1.92e-14   142    53     0
1197.52  2.34e-14  1.88e-14   142    40     0
1199.19  1.01e-14  1.70e-14   143    17     0
1200.87  1.41e-14  1.61e-14   143    26     0
1202.55  1.89e-14  1.80e-14   143    36     0
1204.22  3.12e-14  2.56e-14   143    61     0
1205.90  8.54e-14  1.69e-14   143   173     0
1207.58  2.14e-13  5.92e-14   143   447     0
1209.25  3.18e-13  5.33e-14   144   682     0
1210.93  5.62e-13  1.12e-13   144  1243     0
1212.60  8.13e-13  1.53e-13   144  1845     0
1214.28  9.53e-13  1.86e-13   144  2219     0
1215.96  8.65e-13  1.54e-13   144  2064     0
1217.63  6.49e-13  1.03e-13   144  1585     0
1219.31  3.81e-13  6.03e-14   145   951     0
1220.99  2.55e-13  4.55e-14   145   650     0
1222.66  1.19e-13  2.32e-14   145   308     0
1224.34  3.03e-14  1.05e-14   145    80     0
1226.02  2.65e-14  1.02e-14   145    72     0
1227.69  1.55e-14  1.08e-14   145    42     0
1229.37 -2.26e-15  9.39e-15   146    -6     0
1231.04  3.35e-15  9.18e-15   146     9     0
1232.72  8.43e-15  9.11e-15   146    24     0
1234.40  1.88e-14  9.12e-15   146    55     0
1236.07  2.58e-14  9.05e-15   146    77     0
1237.75  2.10e-14  8.85e-15   147    63     0
1239.43  1.20e-14  8.53e-15   147    36     0
1241.10  8.43e-15  8.39e-15   147    26     0
1242.78  7.43e-17  8.54e-15   147     0     0
1244.46  5.22e-15  8.14e-15   147    16     0
1246.13  8.40e-15  8.06e-15   148    26     0
1247.81  3.60e-15  7.90e-15   148    11     0
1249.48  1.60e-14  8.01e-15   148    51     0
1251.16  9.62e-15  9.05e-15   148    31     0
1252.84  1.90e-14  7.84e-15   148    63     0
1254.51  1.47e-14  7.69e-15   149    49     0
1256.19  9.55e-15  7.55e-15   149    32     0
1257.87  6.22e-15  7.42e-15   149    21     0
1259.54 -2.31e-16  7.28e-15   149     0     0
1261.22 -2.26e-15  7.30e-15   150    -7     0
1262.89 -7.97e-15  7.33e-15   150   -27     0
1264.57  4.75e-15  7.07e-15   150    16     0
1266.25  1.42e-14  7.16e-15   150    49     0
1267.92 -4.10e-15  6.88e-15   151   -14     0
1269.60 -7.70e-15  8.23e-15   151   -27     0
1271.28 -5.08e-16  6.80e-15   151    -1     0
1272.95  6.24e-15  7.05e-15   151    22     0
1274.63 -7.88e-16  6.70e-15   152    -2     0
1276.31  9.14e-15  6.81e-15   152    32     0
1277.98  1.07e-15  6.63e-15   152     3     0
1279.66  1.59e-14  8.93e-15   152    57     0
1281.33  3.32e-15  6.64e-15   153    12     0
1283.01  6.66e-15  6.58e-15   153    24     0
1284.69  2.38e-14  6.82e-15   153    86     0
1286.36 -6.36e-15  9.36e-15   153   -23     0
1288.04  1.15e-14  6.54e-15   154    42     0
1289.72  5.54e-15  6.41e-15   154    20     0
1291.39  9.97e-15  6.47e-15   154    36     0
1293.07  7.87e-15  6.38e-15   155    28     0
1294.75  1.80e-15  6.27e-15   155     6     0
1296.42  9.43e-15  6.34e-15   155    34     0
1298.10  8.29e-15  6.29e-15   156    30     0
1299.77  1.05e-14  6.33e-15   156    38     0
1301.45  1.68e-14  6.45e-15   156    61     0
1303.13  3.72e-14  1.05e-14   156   136     0
1304.80  2.11e-14  6.48e-15   157    77     0
1306.48  3.93e-15  8.76e-15   157    14     0
1308.16  7.43e-15  6.50e-15   157    27     0
1309.83  8.23e-16  6.37e-15   158     2     0
1311.51  1.04e-14  6.21e-15   158    37     0
1313.19 -7.60e-15  1.06e-14   158   -27     0
1314.86 -3.04e-15  6.09e-15   159   -11     0
1316.54  2.41e-15  6.06e-15   159     8     0
1318.21  1.53e-14  6.26e-15   159    55     0
1319.89 -3.15e-15  1.08e-14   160   -11     0
1321.57  1.35e-15  6.62e-15   160     4     0
1323.24 -1.63e-14  7.97e-15   160   -58     0
1324.92 -5.89e-15  1.12e-14   161   -21     0
1326.60  2.99e-14  7.43e-15   161   105     0
1328.27  1.18e-14  6.73e-15   161    41     0
1329.95  9.67e-16  6.78e-15   162     3     0
1331.62  6.79e-15  6.80e-15   162    24     0
1333.30  2.43e-14  1.16e-14   163    85     0
1334.98  2.10e-14  9.26e-15   163    73     0
1336.65  2.78e-14  7.34e-15   163    97     0
1338.33  5.00e-15  6.05e-15   164    17     0
1340.01  8.89e-15  6.19e-15   164    30     0
1341.68 -2.82e-15  6.08e-15   164    -9     0
1343.36  1.28e-15  6.68e-15   165     4     0
1345.04  9.40e-15  6.97e-15   165    32     0
1346.71  5.04e-15  6.14e-15   166    17     0
1348.39 -7.50e-15  6.29e-15   166   -25     0
1350.06  7.66e-15  8.92e-15   166    25     0
1351.74 -1.74e-15  8.42e-15   167    -5     0
1353.42  1.45e-14  6.34e-15   167    48     0
1355.09  9.85e-15  6.24e-15   167    33     0
1356.77  4.98e-15  6.19e-15   168    16     0
1358.45 -4.55e-16  6.13e-15   168    -1     0
1360.12  3.63e-15  6.22e-15   169    11     0
1361.80 -5.99e-15  6.25e-15   169   -19     0
1363.48  1.27e-15  6.22e-15   169     4     0
1365.15  6.33e-15  6.30e-15   170    20     0
1366.83  4.82e-15  6.30e-15   170    15     0
1368.50  1.12e-14  6.65e-15   170    35     0
1370.18  6.14e-15  6.31e-15   171    19     0
1371.86  1.40e-15  6.27e-15   171     4     0
1373.53 -7.24e-15  6.29e-15   172   -22     0
1375.21  1.02e-14  6.51e-15   172    31     0
1376.89  6.68e-15  6.42e-15   172    20     0
1378.56 -5.94e-15  6.36e-15   173   -18     0
1380.24  9.68e-15  6.49e-15   173    29     0
1381.91 -1.85e-15  6.40e-15   174    -5     0
1383.59 -4.84e-15  7.22e-15   174   -14     0
1385.27 -1.18e-14  6.99e-15   174   -35     0
1386.94  8.42e-15  6.57e-15   175    25     0
1388.62 -1.06e-14  6.47e-15   175   -31     0
1390.30 -2.12e-15  6.75e-15   176    -6     0
1391.97  1.66e-14  6.80e-15   176    48     0
1393.65 -9.49e-15  7.06e-15   176   -27     0
1395.33 -2.49e-16  6.59e-15   177     0     0
1397.00  3.97e-15  6.67e-15   177    11     0
1398.68  6.23e-15  6.70e-15   177    17     0
1400.35  8.64e-15  7.31e-15   178    24     0
1402.03 -2.26e-16  9.74e-15   178     0     0
1403.71 -1.15e-15  6.73e-15   179    -3     0
1405.38 -8.83e-15  6.78e-15   179   -24     0
1407.06  4.23e-16  6.81e-15   179     1     0
1408.74 -7.06e-15  6.86e-15   180   -19     0
1410.41 -1.03e-14  1.34e-14   180   -27     0
1412.09 -1.17e-15  7.41e-15   181    -3     0
1413.77 -2.24e-15  6.92e-15   181    -5     0
1415.44 -1.41e-14  6.91e-15   181   -37     0
1417.12 -1.22e-14  6.94e-15   182   -32     0
1418.79 -6.39e-15  7.05e-15   182   -16     0
1420.47 -1.00e-14  7.10e-15   182   -25     0
1422.15 -1.31e-14  7.13e-15   183   -33     0
1423.82 -8.35e-15  7.16e-15   183   -21     0
1425.50 -7.28e-15  7.12e-15   183   -18     0
1427.18 -3.93e-15  9.45e-15   184    -9     0
1428.85 -1.98e-15  7.20e-15   184    -4     0
1430.53 -8.99e-15  7.21e-15   185   -22     0
1432.20 -6.67e-16  7.24e-15   185    -1     0
1433.88 -2.11e-15  7.26e-15   185    -5     0
1435.56 -8.53e-15  7.36e-15   186   -20     0
1437.23 -1.60e-15  7.98e-15   186    -3     0
1438.91 -1.28e-15  7.38e-15   186    -3     0
1440.59 -2.22e-14  7.34e-15   187   -53     0
1442.26 -4.70e-15  7.36e-15   187   -11     0
1443.94  1.57e-15  7.38e-15   187     3     0
1445.62 -1.94e-15  7.41e-15   188    -4     0
1447.29  1.55e-14  7.99e-15   188    36     0
1448.97  1.47e-14  7.67e-15   188    34     0
1450.64  6.67e-15  7.47e-15   189    15     0
1452.32 -1.15e-15  8.07e-15   189    -2     0
1454.00  3.25e-15  7.43e-15   189     7     0
1455.67 -7.34e-16  7.43e-15   190    -1     0
1457.35  1.07e-14  8.06e-15   190    24     0
1459.03  8.24e-15  7.86e-15   190    18     0
1460.70  2.10e-15  7.39e-15   190     4     0
1462.38 -1.78e-15  9.11e-15   191    -4     0
1464.06 -1.01e-14  7.39e-15   191   -23     0
1465.73 -2.55e-15  7.44e-15   191    -5     0
1467.41  6.96e-15  8.10e-15   192    15     0
1469.08  7.77e-15  7.58e-15   192    17     0
1470.76  5.58e-15  7.51e-15   192    12     0
1472.44  5.99e-15  8.48e-15   192    13     0
1474.11 -5.78e-15  7.46e-15   193   -12     0
1475.79 -5.35e-15  7.47e-15   193   -11     0
1477.47 -1.32e-14  7.94e-15   193   -29     0
1479.14 -4.72e-15  7.46e-15   193   -10     0
1480.82 -2.74e-15  7.45e-15   194    -6     0
1482.50  8.61e-15  7.57e-15   194    18     0
1484.17  2.59e-14  7.87e-15   194    56     0
1485.85 -1.89e-15  7.40e-15   194    -4     0
1487.52 -6.80e-15  7.40e-15   195   -14     0
1489.20 -8.44e-15  7.40e-15   195   -18     0
1490.88 -2.52e-15  7.44e-15   195    -5     0
1492.55  9.52e-15  8.12e-15   195    20     0
1494.23  7.92e-15  7.59e-15   195    17     0
1495.91 -5.66e-15  7.41e-15   196   -12     0
1497.58  5.47e-15  7.46e-15   196    11     0
1499.26 -4.19e-15  7.65e-15   196    -9     0
1500.93  4.89e-15  7.45e-15   196    10     0
1502.61 -6.15e-15  7.41e-15   196   -13     0
1504.29 -5.52e-15  7.42e-15   197   -11     0
1505.96 -1.78e-15  7.43e-15   197    -3     0
1507.64  8.73e-15  1.18e-14   197    18     0
1509.32  2.05e-14  9.97e-15   197    43     0
1510.99  8.16e-15  7.63e-15   197    16     0
1512.67  4.20e-15  7.56e-15   197     8     0
1514.35  4.87e-15  7.57e-15   198    10     0
1516.02  7.72e-15  7.68e-15   198    15     0
1517.70 -3.49e-15  7.57e-15   198    -7     0
1519.37  1.36e-15  7.58e-15   198     2     0
1521.05  3.15e-15  7.75e-15   198     6     0
1522.73  9.08e-15  7.70e-15   198    18     0
1524.40  1.18e-14  7.77e-15   198    23     0
1526.08  1.85e-14  7.87e-15   199    37     0
1527.76  7.33e-15  8.56e-15   199    14     0
1529.43  1.92e-14  7.95e-15   199    38     0
1531.11  1.36e-14  7.74e-15   199    27     0
1532.79  1.57e-14  7.77e-15   199    31     0
1534.46  2.05e-14  7.86e-15   199    41     0
1536.14  1.35e-14  7.72e-15   199    26     0
1537.81  2.54e-14  7.91e-15   199    50     0
1539.49  2.70e-14  1.09e-14   199    53     0
1541.17  3.83e-14  8.29e-15   199    76     0
1542.84  4.51e-14  9.57e-15   199    90     0
1544.52  5.76e-14  1.45e-14   199   114     0
1546.20  9.03e-14  1.97e-14   199   180     0
1547.87  9.48e-14  1.72e-14   199   189     0
1549.55  7.14e-14  1.72e-14   200   142     0
1551.22  3.34e-14  1.06e-14   200    66     0
1552.90  1.66e-14  8.03e-15   200    33     0
1554.58  1.96e-14  8.03e-15   200    39     0
1556.25  1.32e-14  7.48e-15   200    26     0
1557.93  4.56e-14  9.15e-15   200    91     0
1559.61  5.18e-14  1.20e-14   200   103     0
1561.28  2.09e-14  7.47e-15   200    41     0
1562.96  2.67e-14  7.62e-15   200    53     0
1564.64  1.87e-14  7.38e-15   200    37     0
1566.31  8.25e-15  1.00e-14   200    16     0
1567.99  5.86e-15  7.07e-15   200    11     0
1569.66  9.17e-15  7.06e-15   200    18     0
1571.34  2.37e-14  7.42e-15   199    47     0
1573.02  5.05e-15  7.01e-15   199    10     0
1574.69  1.53e-14  7.18e-15   199    30     0
1576.37  1.88e-14  7.21e-15   199    37     0
1578.05  6.56e-15  6.94e-15   199    13     0
1579.72 -3.66e-15  6.96e-15   199    -7     0
1581.40  1.57e-14  7.45e-15   199    31     0
1583.08  6.15e-15  6.85e-15   199    12     0
1584.75  6.07e-15  6.83e-15   199    12     0
1586.43  1.24e-15  6.75e-15   199     2     0
1588.10  1.28e-14  6.87e-15   199    26     0
1589.78  4.87e-15  6.73e-15   199     9     0
1591.46  4.18e-15  6.68e-15   199     8     0
1593.13  3.06e-15  6.61e-15   198     6     0
1594.81 -8.01e-16  6.57e-15   198    -1     0
1596.49  1.75e-14  7.14e-15   198    36     0
1598.16  7.59e-15  6.71e-15   198    15     0
1599.84  4.07e-15  6.47e-15   198     8     0
1601.52  6.17e-15  6.59e-15   198    12     0
1603.19  1.09e-14  6.54e-15   198    22     0
1604.87 -6.20e-15  6.34e-15   198   -12     0
1606.54  5.18e-15  6.41e-15   197    10     0
1608.22  1.13e-14  6.48e-15   197    23     0
1609.90  2.49e-14  6.77e-15   197    51     0
1611.57  2.70e-14  6.76e-15   197    56     0
1613.25  2.55e-14  6.71e-15   197    53     0
1614.93  2.31e-14  6.64e-15   197    48     0
1616.60  2.57e-14  1.06e-14   196    53     0
1618.28  1.68e-14  8.78e-15   196    35     0
1619.95  2.66e-15  9.86e-15   196     5     0
1621.63  1.20e-14  6.21e-15   196    25     0
1623.31  9.42e-16  6.04e-15   196     2     0
1624.98  1.99e-16  5.93e-15   195     0     0
1626.66 -2.88e-15  5.91e-15   195    -6     0
1628.34 -6.13e-15  5.87e-15   195   -13     0
1630.01 -3.94e-15  6.07e-15   195    -8     0
1631.69 -3.15e-15  5.84e-15   195    -6     0
1633.37  4.32e-15  5.83e-15   194     9     0
1635.04  1.92e-14  6.20e-15   194    41     0
1636.72  4.37e-14  1.03e-14   194    94     0
1638.39  5.70e-14  1.26e-14   194   123     0
1640.07  2.99e-14  1.42e-14   193    65     0
1641.75 -1.28e-15  6.60e-15   193    -2     0
1643.42  4.69e-15  5.59e-15   193    10     0
1645.10 -8.43e-15  5.52e-15   193   -18     0
1646.78 -4.33e-15  5.48e-15   192    -9     0
1648.45 -1.88e-15  5.44e-15   192    -4     0
1650.13 -2.19e-15  5.42e-15   192    -4     0
1651.81 -1.54e-15  5.38e-15   192    -3     0
1653.48  2.15e-14  5.85e-15   191    47     0
1655.16  1.58e-14  7.01e-15   191    35     0
1656.83  1.16e-14  7.33e-15   191    26     0
1658.51  1.34e-14  5.41e-15   191    30     0
1660.19 -5.09e-16  5.19e-15   190    -1     0
1661.86 -5.71e-15  5.35e-15   190   -13     0
1663.54  3.28e-15  5.60e-15   190     7     0
1665.22  2.74e-14  1.43e-14   189    62     0
1666.89  3.00e-14  1.53e-14   189    69     0
1668.57  1.05e-14  1.13e-14   189    24     0
1670.24  5.99e-15  6.23e-15   189    14     0
1671.92  4.79e-15  4.94e-15   188    11     0
1673.60  4.92e-15  4.91e-15   188    11     0
1675.27  8.31e-15  4.93e-15   188    19     0
1676.95  5.73e-15  4.84e-15   187    13     0
1678.63 -8.92e-16  4.71e-15   187    -2     0
1680.30 -3.19e-16  4.76e-15   187     0     0
1681.98 -9.80e-17  4.64e-15   186     0     0
1683.66  5.32e-15  4.69e-15   186    12     0
1685.33  2.09e-15  4.60e-15   186     5     0
1687.01 -3.78e-15  4.53e-15   186    -9     0
1688.68 -2.02e-15  4.49e-15   185    -4     0
1690.36 -2.05e-15  4.44e-15   185    -5     0
1692.04 -4.43e-15  4.40e-15   185   -11     0
1693.71  1.32e-15  4.35e-15   184     3     0
1695.39  3.43e-15  4.36e-15   184     8     0
1697.07 -3.04e-15  4.27e-15   184    -7     0
1698.74  3.70e-15  4.29e-15   183     9     0
1700.42  7.94e-15  5.63e-15   183    20     0
1702.10  1.04e-14  4.40e-15   183    26     0
1703.77  2.83e-15  4.13e-15   182     7     0
1705.45 -7.34e-15  4.09e-15   182   -19     0
1707.12  1.10e-15  4.05e-15   182     2     0
1708.80  8.84e-15  4.18e-15   181    23     0
1710.48  8.39e-16  3.97e-15   181     2     0
1712.15 -9.10e-15  3.93e-15   181   -24     0
1713.83 -1.04e-14  3.89e-15   180   -27     0
1715.51 -5.39e-15  3.85e-15   180   -14     0
1717.18  5.64e-15  3.89e-15   180    15     0
1718.86  1.53e-17  3.77e-15   179     0     0
1720.54 -2.56e-15  3.72e-15   179    -7     0
1722.21  2.52e-15  3.71e-15   179     6     0
1723.89  1.07e-15  3.66e-15   178     2     0
1725.56  5.87e-15  3.75e-15   178    16     0
1727.24  7.01e-15  3.74e-15   178    19     0
1728.92 -3.12e-15  3.58e-15   177    -8     0
1730.59 -6.32e-15  3.53e-15   177   -17     0
1732.27  3.16e-15  3.54e-15   177     8     0
1733.95  1.40e-18  3.46e-15   176     0     0
1735.62  2.15e-15  3.45e-15   176     6     0
1737.30  3.02e-15  3.43e-15   176     8     0
1738.97  1.18e-14  3.57e-15   175    34     0
1740.65  5.25e-15  3.39e-15   175    15     0
1742.33  3.18e-15  3.33e-15   175     9     0
1744.00 -1.28e-15  3.24e-15   174    -3     0
1745.68  2.86e-15  3.29e-15   174     8     0
1747.36 -9.42e-17  3.18e-15   174     0     0
1749.03  4.08e-15  3.21e-15   174    12     0
1750.71  2.40e-14  9.22e-15   173    72     0
1752.39  4.98e-14  2.27e-14   173   152     0
1754.06  1.31e-14  4.64e-15   173    40     0
1755.74  4.62e-15  3.11e-15   172    14     0
1757.41  1.01e-16  3.25e-15   172     0     0
1759.09 -3.48e-16  2.98e-15   172    -1     0
1760.77  2.85e-15  2.99e-15   171     8     0
1762.44  2.06e-15  2.94e-15   171     6     0
1764.12  1.03e-15  2.90e-15   171     3     0
1765.80  3.11e-15  2.91e-15   171     9     0
1767.47  4.14e-15  2.90e-15   170    13     0
1769.15 -4.50e-16  2.81e-15   170    -1     0
1770.83 -1.60e-15  2.78e-15   170    -5     0
1772.50 -3.61e-15  2.75e-15   170   -11     0
1774.18 -4.99e-15  2.74e-15   169   -16     0
1775.85 -5.79e-15  2.71e-15   169   -18     0
1777.53 -8.66e-15  2.69e-15   169   -28     0
1779.21 -6.42e-15  2.66e-15   168   -21     0
1780.88 -2.73e-15  2.64e-15   168    -9     0
1782.56 -4.20e-15  2.62e-15   168   -13     0
1784.24 -5.11e-15  2.60e-15   168   -16     0
1785.91 -6.62e-16  2.57e-15   167    -2     0
1787.59  6.31e-16  2.55e-15   167     2     0
1789.26 -2.83e-15  2.58e-15   167    -9     0
1790.94 -5.23e-15  2.73e-15   167   -17     0
1792.62 -2.52e-15  2.99e-15   167    -8     0
1794.29  1.25e-15  2.88e-15   166     4     0
1795.97  2.97e-15  2.82e-15   166    10     0
1797.65  4.18e-15  2.77e-15   166    14     0
1799.32  2.71e-15  2.46e-15   166     9     0
1801.00  3.23e-15  2.46e-15   166    11     0
1802.68  2.17e-15  2.41e-15   165     7     0
1804.35  2.48e-15  3.46e-15   165     8     0
1806.03  9.76e-15  4.33e-15   165    33     0
1807.70  2.86e-15  3.39e-15   165     9     0
1809.38  1.69e-15  2.36e-15   165     5     0
1811.06  1.43e-15  2.31e-15   164     4     0
1812.73  8.37e-15  2.74e-15   164    29     0
1814.41  1.70e-14  3.13e-15   164    59     0
1816.09  1.84e-14  3.91e-15   164    63     0
1817.76  9.86e-15  2.70e-15   164    34     0
1819.44  3.15e-15  2.28e-15   164    10     0
1821.12  4.39e-15  2.30e-15   164    15     0
1822.79  1.01e-16  2.22e-15   163     0     0
1824.47  2.33e-15  2.60e-15   163     8     0
1826.14 -2.14e-15  2.19e-15   163    -7     0
1827.82 -1.75e-15  2.18e-15   163    -6     0
1829.50  1.54e-15  2.20e-15   163     5     0
1831.17  4.05e-16  2.14e-15   163     1     0
1832.85 -1.14e-15  2.20e-15   163    -4     0
1834.53  3.80e-15  2.17e-15   163    13     0
1836.20 -1.04e-16  2.11e-15   163     0     0
1837.88 -3.57e-15  2.09e-15   162   -12     0
1839.55 -3.89e-15  2.08e-15   162   -13     0
1841.23 -4.66e-15  2.07e-15   162   -16     0
1842.91 -4.43e-15  2.06e-15   162   -15     0
1844.58 -6.32e-16  2.05e-15   162    -2     0
1846.26 -4.46e-16  2.03e-15   162    -1     0
1847.94 -8.51e-16  2.02e-15   162    -3     0
1849.61 -3.27e-15  2.01e-15   162   -11     0
1851.29 -2.60e-15  2.02e-15   162    -9     0
1852.97  1.91e-15  2.03e-15   162     6     0
1854.64 -3.33e-15  2.06e-15   162   -11     0
1856.32 -1.05e-15  2.02e-15   162    -3     0
1857.99  2.29e-15  2.01e-15   162     7     0
1859.67  7.42e-16  1.97e-15   162     2     0
1861.35 -1.34e-15  1.95e-15   162    -4     0
1863.02  7.90e-16  1.94e-15   162     2     0
1864.70  2.55e-15  2.38e-15   162     8     0
1866.38  7.48e-16  1.94e-15   162     2     0
1868.05  5.65e-15  2.03e-15   162    19     0
1869.73  5.81e-15  2.03e-15   162    20     0
1871.41  4.50e-15  2.01e-15   162    15     0
1873.08  7.41e-16  1.92e-15   162     2     0
1874.76  1.65e-15  1.93e-15   162     5     0
1876.43  3.03e-15  1.95e-15   162    10     0
1878.11  1.50e-15  1.93e-15   162     5     0
1879.79 -1.26e-15  1.88e-15   163    -4     0
1881.46 -1.29e-15  1.87e-15   163    -4     0
1883.14 -3.29e-15  1.87e-15   163   -11     0
1884.82  1.36e-15  1.88e-15   163     4     0
1886.49  6.36e-15  1.99e-15   163    21     0
1888.17  5.55e-15  1.97e-15   163    18     0
1889.85  4.96e-15  1.94e-15   163    16     0
1891.52  3.92e-15  1.90e-15   163    13     0
1893.20  7.73e-15  1.98e-15   163    25     0
1894.87  6.48e-15  1.96e-15   163    21     0
1896.55  3.30e-15  1.87e-15   164    11     0
1898.23  3.79e-15  1.87e-15   164    12     0
1899.90  2.99e-15  1.86e-15   164     9     0
1901.58  4.03e-16  1.79e-15   164     1     0
1903.26 -2.18e-16  1.78e-15   164     0     0
1904.93 -6.33e-15  1.77e-15   164   -20     0
1906.61 -2.40e-15  1.76e-15   164    -7     0
1908.28 -1.93e-15  1.75e-15   165    -6     0
1909.96 -3.56e-15  1.84e-15   165   -11     0
1911.64 -8.44e-15  1.74e-15   165   -27     0
1913.31 -1.95e-15  1.84e-15   165    -6     0
1914.99 -1.36e-15  2.56e-15   165    -4     0
1916.67 -1.05e-15  2.75e-15   166    -3     0
1918.34 -2.58e-15  2.29e-15   166    -8     0
1920.02 -1.57e-15  1.82e-15   166    -5     0
1921.70 -1.42e-15  1.91e-15   166    -4     0
1923.37 -4.81e-15  2.04e-15   166   -15     0
1925.05 -3.70e-15  1.94e-15   167   -12     0
1926.72  2.58e-15  1.90e-15   167     8     0
1928.40  1.92e-15  1.78e-15   167     6     0
1930.08  2.35e-15  1.65e-15   167     7     0
1931.75  5.19e-15  1.70e-15   167    17     0
1933.43  3.28e-15  1.67e-15   168    10     0
1935.11  5.16e-16  1.58e-15   168     1     0
1936.78  6.34e-16  1.67e-15   168     2     0
1938.46  4.63e-15  1.65e-15   168    15     0
1940.14 -6.77e-17  1.54e-15   169     0     0
1941.81 -2.67e-15  1.53e-15   169    -8     0
1943.49 -1.92e-15  1.53e-15   169    -6     0
1945.16 -4.50e-16  1.49e-15   169    -1     0
1946.84  8.73e-16  1.48e-15   170     2     0
1948.52  6.03e-16  1.47e-15   170     2     0
1950.19  1.40e-15  1.47e-15   170     4     0
1951.87  1.69e-15  1.46e-15   170     5     0
1953.55  2.23e-15  1.45e-15   171     7     0
1955.22  3.40e-15  1.46e-15   171    11     0
1956.90  6.27e-15  2.25e-15   171    21     0
1958.57  5.34e-15  2.61e-15   171    18     0
1960.25  7.43e-15  2.79e-15   172    25     0
1961.93  7.03e-15  2.60e-15   172    24     0
1963.60  6.07e-15  1.67e-15   172    20     0
1965.28  3.69e-15  1.40e-15   172    12     0
1966.96  3.08e-15  1.39e-15   173    10     0
1968.63 -4.42e-16  1.40e-15   173    -1     0
1970.31 -1.67e-15  1.40e-15   173    -5     0
1971.99 -1.79e-16  1.41e-15   173     0     0
1973.66  2.06e-15  1.42e-15   173     6     0
1975.34  3.58e-15  1.43e-15   174    12     0
1977.01  5.56e-15  1.54e-15   174    18     0
1978.69  7.87e-15  1.68e-15   174    26     0
