NOT ORIGINAL IUE PROJECT DATA PRODUCT
SWP42391LOWLARGE
HD  197481
20:42:04
-31:31:05
48
NO-TRAIL
X-OFFSETS
2759.215
04/09/91
06:40:08
247
6.82
21/09/95
GSFC
2448503.77787
0
20
1150.59 -9.13e-14  1.55e-13    18   -17     0
1152.27 -3.96e-13  1.45e-13    19   -80     0
1153.94 -1.85e-14  1.36e-13    20    -4     0
1155.62 -1.01e-13  1.30e-13    21   -22     0
1157.30 -1.71e-13  1.21e-13    22   -41     0
1158.97  1.14e-14  1.11e-13    23     2     0
1160.65 -2.38e-13  1.02e-13    24   -67     0
1162.33  4.15e-14  9.52e-14    25    12     0
1164.00  3.33e-14  8.85e-14    25    10     0
1165.68 -7.46e-14  7.69e-14    26   -27     0
1167.35 -7.23e-14  7.15e-14    27   -28     0
1169.03 -3.12e-14  6.66e-14    28   -13     0
1170.71 -1.19e-13  6.18e-14    29   -54     0
1172.38 -1.16e-13  5.76e-14    30   -56     0
1174.06  4.73e-14  7.69e-14    31    24     0
1175.74 -8.27e-15  5.02e-14    32    -4     0
1177.41  5.17e-14  5.00e-14    32    30     0
1179.09 -3.98e-14  7.64e-14    33   -25     0
1180.77  9.42e-14  4.11e-14    34    65     0
1182.44 -5.15e-14  3.75e-14    35   -37     0
1184.12  5.38e-15  3.55e-14    36     4     0
1185.79 -3.52e-14  3.45e-14    37   -28     0
1187.47 -5.92e-14  3.21e-14    37   -50     0
1189.15  7.93e-14  3.17e-14    38    70     0
1190.82  1.71e-14  2.79e-14    39    16     0
1192.50  1.57e-14  2.67e-14    40    15     0
1194.18 -6.69e-15  2.88e-14    40    -7     0
1195.85  2.35e-14  2.53e-14    41    26     0
1197.53  5.98e-15  2.53e-14    42     6     0
1199.21 -8.58e-15  2.51e-14    43   -10     0
1200.88 -2.42e-15  2.26e-14    44    -3     0
1202.56 -1.78e-14  2.18e-14    44   -23     0
1204.23  6.59e-14  2.46e-14    45    88     0
1205.91  9.63e-14  2.45e-14    46   133     0
1207.59  9.31e-14  3.65e-14    46   133     0
1209.26  2.19e-13  5.12e-14    47   322     0
1210.94  4.28e-13  8.63e-14    48   653     0
1212.62  9.55e-13  1.53e-13    48  1498     0
1214.29  9.98e-13  1.56e-13    49  1604     0
1215.97  1.17e-12  1.86e-13    50  1935     0
1217.65  1.26e-12  2.02e-13    50  2133     0
1219.32  9.77e-13  1.61e-13    51  1692     0
1221.00  6.15e-13  1.26e-13    52  1091     0
1222.67  2.82e-13  5.59e-14    52   510     0
1224.35  1.14e-13  3.14e-14    53   209     0
1226.03  1.89e-14  1.68e-14    54    36     0
1227.70  4.34e-14  1.88e-14    54    84     0
1229.38  1.77e-14  1.44e-14    55    34     0
1231.06  3.92e-14  1.33e-14    55    79     0
1232.73  1.85e-14  1.52e-14    56    38     0
1234.41 -6.99e-15  1.18e-14    57   -14     0
1236.09  2.90e-14  1.33e-14    57    61     0
1237.76  1.60e-14  1.15e-14    58    34     0
1239.44  1.35e-14  1.13e-14    58    29     0
1241.11  3.36e-15  1.09e-14    59     7     0
1242.79  2.42e-14  1.11e-14    59    54     0
1244.47  3.38e-14  1.49e-14    60    76     0
1246.14  4.37e-15  1.25e-14    60     9     0
1247.82  2.73e-14  1.10e-14    61    62     0
1249.50  1.87e-15  1.03e-14    61     4     0
1251.17  2.82e-14  1.03e-14    62    67     0
1252.85  3.13e-14  1.28e-14    62    75     0
1254.53  1.85e-14  1.84e-14    63    44     0
1256.20  1.67e-14  9.82e-15    63    40     0
1257.88  4.46e-14  1.05e-14    64   109     0
1259.56  3.03e-14  1.10e-14    64    74     0
1261.23  2.16e-14  9.91e-15    65    54     0
1262.91  3.38e-14  1.07e-14    65    85     0
1264.58  4.10e-14  1.14e-14    66   103     0
1266.26  8.35e-14  1.83e-14    66   216     0
1267.94  9.06e-14  2.17e-14    67   236     0
1269.61  9.78e-14  2.20e-14    67   256     0
1271.29  1.11e-13  3.58e-14    67   289     0
1272.97  1.22e-13  2.58e-14    68   318     0
1274.64  6.17e-14  1.44e-14    68   162     0
1276.32  6.33e-14  1.62e-14    69   163     0
1278.00  8.98e-14  1.55e-14    69   233     0
1279.67  3.85e-14  9.16e-15    69   100     0
1281.35  5.64e-14  9.27e-15    70   149     0
1283.02  4.82e-14  1.04e-14    70   128     0
1284.70  4.72e-14  1.17e-14    70   125     0
1286.38  4.62e-14  9.61e-15    71   124     0
1288.05  2.69e-14  8.57e-15    71    72     0
1289.73  1.80e-14  8.33e-15    71    48     0
1291.41  2.62e-14  8.44e-15    72    70     0
1293.08  3.01e-14  8.89e-15    72    81     0
1294.76  2.01e-14  8.25e-15    72    54     0
1296.44  3.20e-14  9.11e-15    73    87     0
1298.11  1.81e-14  8.07e-15    73    49     0
1299.79  2.67e-14  1.15e-14    73    72     0
1301.46  1.53e-14  8.08e-15    73    41     0
1303.14  1.60e-14  8.05e-15    74    43     0
1304.82  1.56e-14  8.19e-15    74    42     0
1306.49  3.79e-14  9.65e-15    74   100     0
1308.17  2.13e-14  9.97e-15    75    56     0
1309.85 -1.22e-14  1.87e-14    75   -32     0
1311.52  5.75e-15  7.63e-15    75    15     0
1313.20  1.49e-15  1.18e-14    75     4     0
1314.88 -6.48e-16  1.14e-14    75    -1     0
1316.55 -1.55e-15  9.91e-15    76    -4     0
1318.23  5.81e-15  7.63e-15    76    15     0
1319.90  8.98e-15  7.67e-15    76    24     0
1321.58 -1.30e-14  1.25e-14    76   -33     0
1323.26  9.84e-15  1.18e-14    77    25     0
1324.93 -1.46e-14  8.62e-15    77   -38     0
1326.61 -5.05e-15  1.17e-14    77   -13     0
1328.29  1.52e-14  8.70e-15    77    39     0
1329.96  1.88e-14  9.01e-15    77    48     0
1331.64 -1.46e-14  8.20e-15    78   -37     0
1333.32  5.42e-15  1.15e-14    78    13     0
1334.99  8.25e-15  9.03e-15    78    21     0
1336.67  3.30e-14  1.33e-14    78    86     0
1338.34  2.52e-14  1.33e-14    78    66     0
1340.02 -1.22e-14  8.45e-15    78   -31     0
1341.70  5.78e-15  7.67e-15    79    14     0
1343.37  1.75e-15  1.24e-14    79     4     0
1345.05 -1.83e-15  7.53e-15    79    -4     0
1346.73  1.43e-15  7.94e-15    79     3     0
1348.40  3.66e-15  1.02e-14    79     9     0
1350.08  3.81e-15  7.67e-15    79     9     0
1351.76  6.97e-15  1.68e-14    79    17     0
1353.43 -1.10e-14  1.34e-14    80   -27     0
1355.11  1.54e-14  8.37e-15    80    38     0
1356.79 -3.83e-15  8.98e-15    80    -9     0
1358.46 -2.51e-15  8.72e-15    80    -6     0
1360.14  1.38e-14  8.14e-15    80    33     0
1361.81 -8.83e-15  9.74e-15    80   -21     0
1363.49  1.43e-14  9.16e-15    80    33     0
1365.17 -1.46e-14  7.75e-15    80   -34     0
1366.84 -1.40e-14  8.74e-15    81   -33     0
1368.52 -2.12e-14  7.78e-15    81   -49     0
1370.20  3.84e-15  1.03e-14    81     8     0
1371.87  2.56e-16  1.03e-14    81     0     0
1373.55 -8.98e-15  7.82e-15    81   -20     0
1375.23  3.11e-15  1.03e-14    81     7     0
1376.90 -1.45e-14  1.38e-14    81   -33     0
1378.58 -1.60e-15  7.83e-15    81    -3     0
1380.25 -1.89e-14  7.80e-15    81   -42     0
1381.93  9.59e-15  8.00e-15    81    21     0
1383.61 -2.79e-14  1.89e-14    81   -62     0
1385.28  1.81e-15  1.68e-14    82     4     0
1386.96  5.78e-15  1.41e-14    82    12     0
1388.64 -1.61e-14  7.89e-15    82   -35     0
1390.31 -8.53e-15  1.34e-14    82   -18     0
1391.99  1.35e-14  8.51e-15    82    29     0
1393.67 -7.19e-15  1.07e-14    82   -15     0
1395.34 -1.53e-14  9.27e-15    82   -32     0
1397.02 -6.68e-16  9.33e-15    82    -1     0
1398.69 -9.41e-15  8.23e-15    82   -19     0
1400.37  9.72e-15  8.30e-15    82    20     0
1402.05 -7.98e-16  8.35e-15    82    -1     0
1403.72 -1.08e-14  1.33e-14    82   -22     0
1405.40  1.97e-15  1.31e-14    82     3     0
1407.08  8.45e-15  8.43e-15    82    16     0
1408.75 -4.30e-15  1.03e-14    83    -8     0
1410.43  2.51e-14  1.37e-14    83    49     0
1412.11  2.08e-15  1.13e-14    83     4     0
1413.78 -2.38e-14  1.68e-14    83   -46     0
1415.46 -9.45e-15  8.24e-15    83   -18     0
1417.13  5.05e-15  1.18e-14    83     9     0
1418.81 -1.04e-14  8.30e-15    83   -20     0
1420.49 -3.66e-14  8.67e-15    83   -68     0
1422.16 -5.66e-15  8.70e-15    83   -10     0
1423.84 -1.26e-14  8.73e-15    83   -23     0
1425.52  3.35e-15  9.01e-15    83     6     0
1427.19 -4.09e-17  1.22e-14    83     0     0
1428.87 -9.61e-15  1.34e-14    83   -17     0
1430.55 -9.42e-15  8.68e-15    83   -17     0
1432.22  8.30e-15  8.78e-15    83    15     0
1433.90 -1.50e-14  9.23e-15    83   -26     0
1435.57  5.45e-16  8.83e-15    83     0     0
1437.25  5.71e-15  1.01e-14    84    10     0
1438.93  2.25e-15  8.86e-15    84     3     0
1440.60  1.66e-14  1.42e-14    84    29     0
1442.28  1.93e-14  9.86e-15    84    33     0
1443.96  4.50e-15  1.39e-14    84     7     0
1445.63  1.48e-14  1.07e-14    84    25     0
1447.31 -3.87e-15  8.80e-15    84    -6     0
1448.99  1.71e-14  1.58e-14    84    29     0
1450.66  8.50e-15  8.84e-15    84    14     0
1452.34 -2.14e-16  1.07e-14    84     0     0
1454.02 -7.55e-15  8.75e-15    84   -13     0
1455.69 -6.73e-15  1.01e-14    84   -11     0
1457.37  3.58e-15  1.26e-14    84     6     0
1459.04  1.26e-14  1.48e-14    84    21     0
1460.72  1.39e-14  8.72e-15    84    23     0
1462.40 -6.53e-15  1.14e-14    85   -11     0
1464.07  1.17e-14  9.42e-15    85    20     0
1465.75  2.07e-15  9.99e-15    85     3     0
1467.43  7.72e-15  8.71e-15    85    13     0
1469.10  2.00e-14  8.95e-15    85    33     0
1470.78  2.56e-14  9.18e-15    85    42     0
1472.46  3.90e-15  8.75e-15    85     6     0
1474.13  3.39e-15  9.42e-15    85     5     0
1475.81  3.17e-15  8.77e-15    85     5     0
1477.48  4.71e-15  8.77e-15    85     7     0
1479.16  3.69e-14  1.31e-14    85    60     0
1480.84  2.38e-15  9.54e-15    85     3     0
1482.51  8.62e-16  8.79e-15    86     1     0
1484.19  1.98e-14  9.01e-15    86    32     0
1485.87  3.90e-14  9.36e-15    86    63     0
1487.54 -1.23e-14  8.53e-15    86   -20     0
1489.22 -2.03e-15  8.60e-15    86    -3     0
1490.90 -1.60e-14  9.17e-15    86   -25     0
1492.57  2.18e-14  8.99e-15    86    34     0
1494.25 -7.14e-15  1.01e-14    86   -11     0
1495.92  7.00e-15  8.62e-15    86    11     0
1497.60  2.32e-14  9.76e-15    87    37     0
1499.28  3.95e-16  8.51e-15    87     0     0
1500.95  7.43e-15  1.09e-14    87    11     0
1502.63 -9.23e-16  8.60e-15    87    -1     0
1504.31  1.12e-15  8.55e-15    87     1     0
1505.98  4.19e-15  8.40e-15    87     6     0
1507.66  2.46e-15  8.50e-15    87     3     0
1509.34 -3.16e-15  8.41e-15    87    -4     0
1511.01  6.50e-15  9.86e-15    87    10     0
1512.69  1.44e-14  9.02e-15    88    22     0
1514.36 -1.99e-14  9.22e-15    88   -30     0
1516.04  9.86e-15  8.74e-15    88    15     0
1517.72  7.87e-15  8.83e-15    88    11     0
1519.39  5.62e-15  1.01e-14    88     8     0
1521.07  1.26e-14  8.85e-15    88    18     0
1522.75  4.02e-16  1.01e-14    88     0     0
1524.42  2.71e-14  9.15e-15    89    40     0
1526.10  1.46e-14  8.88e-15    89    21     0
1527.78  3.46e-15  8.85e-15    89     5     0
1529.45 -1.31e-15  9.48e-15    89    -1     0
1531.13 -7.97e-15  9.14e-15    89   -11     0
1532.80 -7.86e-15  8.47e-15    89   -11     0
1534.48  1.23e-14  8.64e-15    90    18     0
1536.16  1.37e-15  1.00e-14    90     2     0
1537.83  6.99e-15  8.51e-15    90    10     0
1539.51  5.63e-15  8.73e-15    90     8     0
1541.19  7.66e-16  8.31e-15    90     1     0
1542.86  1.38e-14  8.50e-15    90    20     0
1544.54  2.48e-14  8.72e-15    91    37     0
1546.22  3.80e-14  9.90e-15    91    56     0
1547.89  1.88e-14  9.10e-15    91    27     0
1549.57  4.04e-14  1.37e-14    91    60     0
1551.24  4.76e-14  9.10e-15    91    70     0
1552.92  1.16e-14  9.24e-15    91    17     0
1554.60  2.54e-15  9.85e-15    92     3     0
1556.27  5.66e-15  8.10e-15    92     8     0
1557.95  1.05e-14  8.14e-15    92    15     0
1559.63  1.23e-14  1.23e-14    92    18     0
1561.30  3.61e-15  8.94e-15    92     5     0
1562.98  7.16e-15  8.06e-15    93    10     0
1564.66  1.59e-14  1.00e-14    93    23     0
1566.33 -1.84e-14  1.00e-14    93   -28     0
1568.01 -5.36e-15  9.50e-15    93    -8     0
1569.69 -4.73e-15  7.64e-15    93    -7     0
1571.36  1.56e-16  7.79e-15    94     0     0
1573.04  1.06e-14  7.92e-15    94    15     0
1574.71 -3.84e-15  7.72e-15    94    -5     0
1576.39 -7.09e-16  7.78e-15    94    -1     0
1578.07 -2.23e-16  7.75e-15    94     0     0
1579.74  4.24e-15  7.80e-15    95     6     0
1581.42 -5.37e-15  7.57e-15    95    -8     0
1583.10  5.22e-16  9.80e-15    95     0     0
1584.77 -6.31e-16  7.50e-15    95     0     0
1586.45  1.15e-14  7.83e-15    96    17     0
1588.13  7.39e-15  7.99e-15    96    11     0
1589.80  1.14e-14  8.40e-15    96    17     0
1591.48  6.30e-15  7.48e-15    96     9     0
1593.15  1.88e-14  7.72e-15    96    28     0
1594.83  8.07e-15  7.71e-15    97    12     0
1596.51 -3.61e-16  7.52e-15    97     0     0
1598.18 -3.70e-15  8.58e-15    97    -5     0
1599.86  1.43e-14  7.68e-15    97    22     0
1601.54 -2.48e-15  7.98e-15    98    -3     0
1603.21  8.16e-15  7.14e-15    98    12     0
1604.89 -3.89e-15  7.34e-15    98    -6     0
1606.57 -8.21e-16  7.09e-15    98    -1     0
1608.24  5.56e-15  7.53e-15    99     8     0
1609.92  3.25e-14  9.48e-15    99    50     0
1611.59  7.99e-15  7.82e-15    99    12     0
1613.27  1.11e-14  7.40e-15    99    17     0
1614.95  9.71e-15  7.00e-15   100    15     0
1616.62 -1.33e-15  7.20e-15   100    -2     0
1618.30  2.27e-14  7.25e-15   100    35     0
1619.98  1.68e-14  7.07e-15   100    26     0
1621.65 -8.31e-15  6.66e-15   101   -13     0
1623.33  3.05e-15  7.49e-15   101     4     0
1625.01 -4.97e-15  6.51e-15   101    -8     0
1626.68  5.25e-15  9.80e-15   101     8     0
1628.36  9.79e-15  6.55e-15   102    15     0
1630.03  6.63e-15  7.68e-15   102    10     0
1631.71  9.65e-15  6.72e-15   102    15     0
1633.39 -3.40e-15  8.24e-15   102    -5     0
1635.06  6.93e-15  7.29e-15   103    11     0
1636.74  7.74e-15  7.23e-15   103    12     0
1638.42  1.71e-14  9.21e-15   103    27     0
1640.09  3.65e-14  1.32e-14   103    59     0
1641.77  3.88e-14  1.58e-14   104    63     0
1643.45  1.53e-14  6.47e-15   104    25     0
1645.12  1.91e-14  6.50e-15   104    31     0
1646.80  8.69e-15  6.24e-15   104    14     0
1648.47 -2.24e-15  6.08e-15   105    -3     0
1650.15 -1.50e-15  6.09e-15   105    -2     0
1651.83  5.37e-15  6.12e-15   105     8     0
1653.50 -1.21e-16  7.28e-15   105     0     0
1655.18  1.16e-14  6.11e-15   106    19     0
1656.86  1.78e-14  6.19e-15   106    29     0
1658.53  2.07e-14  6.59e-15   106    35     0
1660.21  1.51e-14  5.96e-15   106    26     0
1661.89  1.88e-15  5.93e-15   107     3     0
1663.56  3.55e-15  6.23e-15   107     6     0
1665.24  6.54e-15  6.27e-15   107    11     0
1666.92  1.31e-14  1.14e-14   107    22     0
1668.59  4.67e-15  6.37e-15   108     8     0
1670.27  9.15e-16  5.52e-15   108     1     0
1671.94  9.88e-15  6.97e-15   108    17     0
1673.62  4.59e-15  5.48e-15   108     8     0
1675.30  2.13e-14  5.75e-15   109    38     0
1676.97  4.47e-16  5.26e-15   109     0     0
1678.65  8.68e-15  5.37e-15   109    15     0
1680.33  7.96e-15  5.36e-15   109    14     0
1682.00  5.03e-15  5.27e-15   110     9     0
1683.68  9.97e-15  5.32e-15   110    18     0
1685.36 -9.01e-15  5.18e-15   110   -16     0
1687.03 -1.09e-14  5.15e-15   110   -19     0
1688.71 -1.63e-14  5.09e-15   111   -29     0
1690.38 -4.37e-15  5.02e-15   111    -8     0
1692.06 -2.02e-15  4.97e-15   111    -3     0
1693.74 -3.22e-15  4.93e-15   111    -6     0
1695.41 -2.12e-16  4.87e-15   111     0     0
1697.09  4.58e-15  4.88e-15   112     8     0
1698.77 -2.16e-15  4.78e-15   112    -4     0
1700.44 -2.15e-16  4.72e-15   112     0     0
1702.12  2.80e-15  4.75e-15   112     5     0
1703.80  4.16e-15  4.68e-15   113     8     0
1705.47 -9.71e-16  5.60e-15   113    -1     0
1707.15  5.47e-16  4.61e-15   113     1     0
1708.82 -2.77e-15  4.57e-15   113    -5     0
1710.50 -1.20e-14  4.55e-15   113   -23     0
1712.18  1.74e-15  4.51e-15   114     3     0
1713.85  3.25e-15  4.50e-15   114     6     0
1715.53 -4.76e-15  4.45e-15   114    -9     0
1717.21  5.18e-15  4.57e-15   114    10     0
1718.88  4.21e-15  4.40e-15   114     8     0
1720.56  8.86e-15  4.45e-15   115    18     0
1722.24 -2.16e-15  4.18e-15   115    -4     0
1723.91 -7.30e-15  4.14e-15   115   -15     0
1725.59  2.31e-16  4.22e-15   115     0     0
1727.26 -1.48e-15  4.18e-15   115    -3     0
1728.94 -3.09e-15  4.14e-15   116    -6     0
1730.62  1.61e-15  4.12e-15   116     3     0
1732.29  2.13e-16  4.07e-15   116     0     0
1733.97 -1.95e-15  4.03e-15   116    -4     0
1735.65  2.19e-15  4.01e-15   116     4     0
1737.32  6.47e-16  3.95e-15   116     1     0
1739.00 -4.70e-16  3.92e-15   117    -1     0
1740.68 -6.36e-15  3.80e-15   117   -13     0
1742.35 -1.63e-15  3.76e-15   117    -3     0
1744.03 -5.51e-15  3.73e-15   117   -12     0
1745.70 -2.11e-15  3.75e-15   117    -4     0
1747.38  2.94e-15  3.73e-15   117     6     0
1749.06 -1.18e-15  3.66e-15   117    -2     0
1750.73  1.56e-14  5.33e-15   118    35     0
1752.41  3.14e-15  4.95e-15   118     7     0
1754.09 -2.44e-15  3.53e-15   118    -5     0
1755.76  4.78e-15  4.98e-15   118    10     0
1757.44  5.13e-15  5.42e-15   118    11     0
1759.12 -6.45e-17  3.49e-15   118     0     0
1760.79 -5.61e-15  3.47e-15   118   -12     0
1762.47 -2.49e-15  3.43e-15   118    -5     0
1764.15 -9.42e-16  3.40e-15   119    -2     0
1765.82  2.13e-15  3.37e-15   119     4     0
1767.50 -1.58e-15  3.33e-15   119    -3     0
1769.17 -1.07e-15  3.30e-15   119    -2     0
1770.85  1.63e-15  3.25e-15   119     3     0
1772.53 -5.77e-15  3.22e-15   119   -13     0
1774.20  5.33e-15  3.29e-15   119    12     0
1775.88  4.11e-15  3.23e-15   119     9     0
1777.56 -3.46e-15  3.14e-15   119    -8     0
1779.23  7.46e-16  3.11e-15   119     1     0
1780.91 -5.70e-15  3.11e-15   120   -13     0
1782.59 -8.87e-15  3.08e-15   120   -21     0
1784.26  6.49e-16  3.07e-15   120     1     0
1785.94 -8.89e-16  2.97e-15   120    -2     0
1787.61  2.72e-15  2.99e-15   120     6     0
1789.29 -3.22e-16  3.02e-15   120     0     0
1790.97 -5.39e-15  3.16e-15   120   -13     0
1792.64 -6.10e-15  3.30e-15   120   -15     0
1794.32 -4.77e-16  3.37e-15   120    -1     0
1796.00  3.78e-15  3.53e-15   120     9     0
1797.67  1.11e-15  3.18e-15   120     2     0
1799.35  2.14e-16  2.99e-15   120     0     0
1801.03 -2.87e-15  2.81e-15   120    -7     0
1802.70 -3.60e-15  2.79e-15   120    -9     0
1804.38  1.15e-16  2.77e-15   120     0     0
1806.05 -5.78e-16  2.79e-15   120    -1     0
1807.73  7.48e-15  2.92e-15   120    18     0
1809.41  1.07e-14  2.97e-15   120    27     0
1811.08  7.21e-15  2.87e-15   120    18     0
1812.76  3.25e-15  2.76e-15   120     8     0
1814.44  4.17e-15  2.75e-15   120    10     0
1816.11  1.02e-14  3.30e-15   120    26     0
1817.79  1.46e-14  3.81e-15   120    37     0
1819.47  5.54e-15  2.72e-15   120    14     0
1821.14  4.49e-15  2.95e-15   120    11     0
1822.82  4.06e-15  2.69e-15   120    10     0
1824.49  7.05e-16  2.60e-15   120     1     0
1826.17  5.06e-15  2.71e-15   120    12     0
1827.85  2.46e-16  2.60e-15   120     0     0
1829.52  4.41e-15  2.81e-15   120    11     0
1831.20  3.41e-16  2.58e-15   120     0     0
1832.88 -2.25e-15  2.48e-15   120    -5     0
1834.55 -7.32e-16  2.47e-15   120    -1     0
1836.23 -5.52e-15  2.45e-15   120   -14     0
1837.91 -6.84e-16  2.43e-15   120    -1     0
1839.58 -9.41e-16  2.42e-15   120    -2     0
1841.26 -1.82e-16  2.44e-15   120     0     0
1842.93  1.14e-15  2.43e-15   120     2     0
1844.61 -4.58e-16  2.41e-15   120    -1     0
1846.29  1.78e-16  2.34e-15   120     0     0
1847.96  1.15e-15  2.33e-15   120     3     0
1849.64  2.45e-15  2.35e-15   120     6     0
1851.32  3.94e-15  2.42e-15   120    10     0
1852.99  5.46e-15  2.49e-15   120    14     0
1854.67  6.12e-15  2.43e-15   120    15     0
1856.35  7.69e-15  2.45e-15   120    19     0
1858.02  8.06e-15  2.46e-15   120    20     0
1859.70  3.50e-15  2.35e-15   120     9     0
1861.37  2.42e-15  2.29e-15   120     6     0
1863.05  5.37e-15  2.34e-15   120    13     0
1864.73  3.50e-15  2.28e-15   120     9     0
1866.40  2.80e-15  2.28e-15   120     7     0
1868.08 -1.32e-15  2.22e-15   120    -3     0
1869.76 -7.00e-16  2.21e-15   120    -1     0
1871.43 -2.01e-15  2.22e-15   120    -5     0
1873.11  7.40e-16  2.21e-15   120     1     0
1874.79  6.09e-16  2.20e-15   120     1     0
1876.46  1.09e-15  2.18e-15   120     2     0
1878.14  2.32e-15  2.20e-15   120     5     0
1879.82  8.94e-15  2.34e-15   120    22     0
1881.49  7.57e-15  2.29e-15   120    18     0
1883.17  1.09e-15  2.13e-15   120     2     0
1884.84  1.35e-15  2.13e-15   120     3     0
1886.52 -2.70e-15  2.12e-15   120    -6     0
1888.20  1.03e-15  2.18e-15   120     2     0
1889.87 -1.75e-15  2.09e-15   120    -4     0
1891.55  2.64e-15  2.49e-15   120     6     0
1893.23  1.11e-15  2.06e-15   120     2     0
1894.90  2.20e-15  2.09e-15   120     5     0
1896.58  1.68e-15  2.06e-15   120     4     0
1898.26 -2.71e-15  2.02e-15   120    -6     0
1899.93 -2.72e-15  2.01e-15   120    -6     0
1901.61 -9.38e-16  2.00e-15   120    -2     0
1903.28 -2.17e-16  2.24e-15   120     0     0
1904.96  5.94e-16  2.22e-15   120     1     0
1906.64  1.15e-15  1.96e-15   120     2     0
1908.31 -3.50e-16  1.96e-15   120     0     0
1909.99  1.12e-15  1.96e-15   121     2     0
1911.67  8.24e-15  2.10e-15   121    19     0
1913.34  8.39e-15  2.10e-15   121    20     0
1915.02  8.00e-15  2.26e-15   121    18     0
1916.70  1.05e-14  2.59e-15   121    24     0
1918.37  7.15e-15  2.12e-15   121    16     0
1920.05  5.72e-15  2.11e-15   121    13     0
1921.72  1.59e-15  2.82e-15   121     3     0
1923.40  3.01e-15  2.22e-15   121     7     0
1925.08  2.72e-15  2.39e-15   122     6     0
1926.75 -2.32e-15  2.32e-15   122    -5     0
1928.43  5.80e-15  2.33e-15   122    13     0
1930.11  5.70e-15  2.19e-15   122    13     0
1931.78  6.51e-15  2.08e-15   122    15     0
1933.46  1.38e-15  1.98e-15   123     3     0
1935.14 -3.53e-15  2.00e-15   123    -8     0
1936.81  1.65e-15  2.06e-15   123     3     0
1938.49  7.20e-15  1.99e-15   123    17     0
1940.16  7.24e-15  2.00e-15   124    17     0
1941.84  4.24e-15  1.99e-15   124    10     0
1943.52  5.62e-15  2.31e-15   124    13     0
1945.19  6.35e-15  1.96e-15   125    15     0
1946.87  1.07e-14  1.95e-15   125    26     0
1948.55  1.43e-14  1.95e-15   125    35     0
1950.22  7.86e-15  1.96e-15   126    19     0
1951.90  3.47e-15  1.96e-15   126     8     0
1953.58  6.34e-15  1.95e-15   126    15     0
1955.25  1.66e-15  1.93e-15   127     4     0
1956.93  4.50e-15  1.93e-15   127    11     0
1958.60  7.33e-15  1.92e-15   128    18     0
1960.28  1.30e-14  1.90e-15   128    32     0
1961.96  1.31e-14  1.90e-15   129    33     0
1963.63  1.43e-14  1.89e-15   129    36     0
1965.31  1.07e-14  1.90e-15   130    26     0
1966.99  1.33e-14  2.03e-15   130    33     0
1968.66  9.84e-15  2.23e-15   131    24     0
1970.34  7.12e-15  2.40e-15   132    17     0
1972.02  5.08e-15  1.91e-15   132    12     0
1973.69  8.23e-15  1.92e-15   133    20     0
1975.37  5.71e-15  1.93e-15   134    14     0
1977.05  7.08e-15  1.94e-15   134    17     0
1978.72  5.42e-15  1.98e-15   135    13     0
