NOT ORIGINAL IUE PROJECT DATA PRODUCT
SWP42379LOWLARGE
HD  197481
20:42:04
-31:31:05
48
NO-TRAIL
NO
01499.825
02/09/91
22:10:38
245
08.20
13/02/96
VILSPA
2448502.42405
0
18
1150.58  2.10e-14  1.23e-13   -54     2     0
1152.26  1.27e-13  1.19e-13   -54    13     0
1153.94 -1.56e-14  1.07e-13   -54    -1     0
1155.61 -9.08e-15  1.03e-13   -54    -1     0
1157.29 -1.17e-14  9.52e-14   -53    -1     0
1158.97 -2.93e-14  8.77e-14   -53    -4     0
1160.64  6.26e-14  8.30e-14   -53     9     0
1162.32 -7.07e-14  7.52e-14   -53   -11     0
1163.99 -1.82e-14  6.97e-14   -52    -3     0
1165.67  7.24e-14  6.33e-14   -52    14     0
1167.35 -3.75e-14  5.62e-14   -52    -8     0
1169.02  7.18e-14  5.49e-14   -52    16     0
1170.70 -1.65e-14  4.85e-14   -51    -4     0
1172.38 -1.09e-13  5.05e-14   -51   -28     0
1174.05  1.34e-14  4.66e-14   -51     3     0
1175.73  6.05e-14  4.63e-14   -51    18     0
1177.41 -2.09e-14  4.25e-14   -50    -6     0
1179.08  2.34e-14  3.52e-14   -50     7     0
1180.76  2.14e-14  3.18e-14   -50     8     0
1182.43  2.76e-14  3.04e-14   -49    10     0
1184.11  4.59e-15  2.78e-14   -49     1     0
1185.79 -2.87e-14  2.64e-14   -49   -12     0
1187.46  3.64e-14  2.67e-14   -49    16     0
1189.14  5.74e-15  2.45e-14   -48     2     0
1190.82  1.47e-14  2.21e-14   -48     7     0
1192.49  5.73e-15  2.95e-14   -48     3     0
1194.17  2.29e-14  2.32e-14   -48    12     0
1195.85 -4.20e-14  6.69e-14   -47   -25 -4224
1197.52  5.00e-14  6.75e-14   -47    31 -4224
1199.20  3.46e-14  3.18e-14   -47    22 -4224
1200.87  2.13e-14  1.91e-14   -47    14     0
1202.55  2.99e-15  1.60e-14   -46     2     0
1204.23  9.23e-15  1.55e-14   -46     6     0
1205.90  2.90e-14  1.57e-14   -46    21     0
1207.58  5.40e-14  1.68e-14   -46    41     0
1209.26  9.70e-14  4.24e-14   -45    76     0
1210.93  2.62e-13  5.46e-14   -45   215     0
1212.61  3.74e-13  3.05e-14   -45   316     0
1214.29  6.03e-13  8.40e-14   -45   523     0
1215.96  7.56e-13  1.38e-13   -44   675     0
1217.64  7.41e-13  1.24e-13   -44   677     0
1219.32  4.14e-13  6.59e-14   -44   386     0
1220.99  1.83e-13  3.70e-14   -44   175     0
1222.67  8.68e-14  2.18e-14   -43    84     0
1224.34  2.62e-15  1.05e-14   -43     2     0
1226.02  1.73e-14  1.08e-14   -43    17     0
1227.70  1.11e-14  1.03e-14   -42    11     0
1229.37  1.43e-14  1.02e-14   -42    15     0
1231.05  1.76e-15  9.43e-15   -42     1     0
1232.73  2.95e-16  9.19e-15   -42     0     0
1234.40  3.29e-14  1.04e-14   -41    36     0
1236.08  1.13e-14  9.26e-15   -41    12     0
1237.76  1.41e-14  9.24e-15   -41    16     0
1239.43  1.43e-14  9.08e-15   -41    16     0
1241.11  5.28e-15  8.52e-15   -40     6     0
1242.78  2.92e-14  9.32e-15   -40    35     0
1244.46 -1.27e-14  1.11e-14   -40   -15     0
1246.14 -2.36e-15  8.12e-15   -39    -2     0
1247.81  6.77e-15  8.21e-15   -39     8     0
1249.49  1.06e-14  8.29e-15   -39    13     0
1251.17  7.46e-15  7.81e-15   -39     9     0
1252.84  6.72e-15  7.74e-15   -38     8     0
1254.52  2.87e-15  7.48e-15   -38     3     0
1256.20  7.38e-15  7.52e-15   -38     9     0
1257.87  1.04e-14  7.61e-15   -37    13     0
1259.55  1.06e-14  8.36e-15   -37    14     0
1261.22  4.56e-15  7.14e-15   -37     6     0
1262.90  2.05e-15  6.99e-15   -36     2     0
1264.58  3.41e-15  1.09e-14   -36     4     0
1266.25 -3.58e-16  6.67e-15   -36     0     0
1267.93  3.54e-15  6.76e-15   -36     4     0
1269.61  1.89e-15  6.62e-15   -35     2     0
1271.28  4.84e-15  7.02e-15   -35     6     0
1272.96 -4.71e-15  6.51e-15   -35    -6     0
1274.64 -6.80e-15  6.46e-15   -34    -9     0
1276.31  5.58e-15  6.73e-15   -34     7     0
1277.99  9.03e-15  6.88e-15   -34    12     0
1279.67  6.91e-15  6.74e-15   -33     9     0
1281.34  1.32e-14  6.91e-15   -33    18     0
1283.02  1.40e-14  6.89e-15   -33    20     0
1284.69  9.03e-15  6.58e-15   -32    12     0
1286.37  1.65e-14  6.86e-15   -32    23     0
1288.05 -8.55e-15  6.09e-15   -32   -12     0
1289.72  5.77e-15  6.30e-15   -31     8     0
1291.40  7.99e-15  6.37e-15   -31    11     0
1293.08  1.52e-14  6.68e-15   -31    22     0
1294.75  4.16e-15  6.12e-15   -30     6     0
1296.43 -7.51e-15  6.14e-15   -30   -11     0
1298.11  3.21e-15  5.97e-15   -30     4     0
1299.78  1.50e-14  6.68e-15   -29    22     0
1301.46  4.14e-15  6.03e-15   -29     6     0
1303.13  1.02e-14  6.34e-15   -29    14     0
1304.81  1.59e-14  6.68e-15   -28    23     0
1306.49  3.20e-14  7.35e-15   -28    45     0
1308.16  1.24e-14  6.59e-15   -28    17     0
1309.84  2.76e-15  7.21e-15   -27     3     0
1311.52  5.74e-15  6.58e-15   -27     8     0
1313.19  1.12e-14  6.19e-15   -27    16     0
1314.87 -1.72e-14  6.80e-15   -26   -25     0
1316.55  5.43e-15  5.85e-15   -26     7     0
1318.22  5.23e-15  5.84e-15   -26     7     0
1319.90 -4.99e-15  8.05e-15   -25    -7     0
1321.57 -2.38e-14  1.05e-14   -25   -33     0
1323.25 -3.79e-15  7.77e-15   -25    -5     0
1324.93  6.47e-15  6.04e-15   -24     9     0
1326.60 -4.32e-17  6.27e-15   -24     0     0
1328.28  4.93e-15  5.94e-15   -24     6     0
1329.96  5.89e-15  5.97e-15   -23     8     0
1331.63  1.78e-14  6.42e-15   -23    24     0
1333.31  9.19e-15  6.12e-15   -22    12     0
1334.99  3.28e-14  7.58e-15   -22    45     0
1336.66  4.95e-14  7.89e-15   -22    70     0
1338.34  3.93e-14  7.35e-15   -21    55     0
1340.01  1.43e-14  6.33e-15   -21    19     0
1341.69  1.29e-14  6.44e-15   -21    17     0
1343.37  1.61e-15  5.74e-15   -20     2     0
1345.04 -3.75e-15  6.69e-15   -20    -5     0
1346.72  2.42e-16  5.60e-15   -20     0     0
1348.40 -1.40e-15  5.60e-15   -19    -1     0
1350.07  1.89e-15  6.19e-15   -19     2     0
1351.75 -7.14e-15  6.11e-15   -18    -9     0
1353.43  5.54e-15  6.15e-15   -18     7     0
1355.10  5.33e-15  5.83e-15   -18     7     0
1356.78  8.23e-15  5.91e-15   -17    10     0
1358.46  5.26e-15  7.38e-15   -17     6     0
1360.13  2.11e-15  6.28e-15   -17     2     0
1361.81  4.64e-15  5.91e-15   -16     5     0
1363.48  2.03e-15  5.81e-15   -16     2     0
1365.16  8.85e-15  6.19e-15   -15    11     0
1366.84  1.51e-15  5.85e-15   -15     1     0
1368.51  7.34e-15  6.12e-15   -15     9     0
1370.19  5.37e-15  5.99e-15   -14     6     0
1371.87  4.93e-15  5.95e-15   -14     6     0
1373.54  1.27e-14  6.42e-15   -14    15     0
1375.22  8.69e-15  6.17e-15   -13    10     0
1376.90  5.56e-15  6.03e-15   -13     6     0
1378.57  1.70e-15  5.87e-15   -13     2     0
1380.25 -1.09e-15  5.79e-15   -12    -1     0
1381.92  2.77e-15  8.21e-15   -12     3     0
1383.60 -3.09e-16  6.00e-15   -11     0     0
1385.28 -7.11e-15  7.92e-15   -11    -8     0
1386.95  4.27e-15  6.22e-15   -11     5     0
1388.63 -2.84e-15  5.85e-15   -10    -3     0
1390.31  9.33e-15  6.39e-15   -10    10     0
1391.98  6.29e-15  6.27e-15   -10     7     0
1393.66  1.12e-14  6.60e-15    -9    12     0
1395.34  1.08e-14  6.49e-15    -9    12     0
1397.01  2.52e-15  6.10e-15    -8     2     0
1398.69  1.68e-15  6.03e-15    -8     1     0
1400.36  6.99e-15  6.46e-15    -8     7     0
1402.04  1.46e-14  7.34e-15    -7    16     0
1403.72  9.44e-15  1.14e-14    -7    10     0
1405.39  9.06e-15  6.75e-15    -7     9     0
1407.07 -1.89e-16  6.19e-15    -6     0     0
1408.75  1.02e-14  6.61e-15    -6    10     0
1410.42  4.49e-15  6.37e-15    -5     4     0
1412.10  5.82e-15  8.06e-15    -5     6     0
1413.78  4.11e-15  6.51e-15    -5     4     0
1415.45  9.98e-15  6.60e-15    -4    10     0
1417.13  1.30e-15  6.19e-15    -4     1     0
1418.81  1.42e-15  6.26e-15    -4     1     0
1420.48 -9.41e-15  6.45e-15    -3    -9     0
1422.16  5.77e-15  6.78e-15    -3     5     0
1423.83  2.15e-15  6.57e-15    -3     2     0
1425.51 -8.47e-15  6.40e-15    -2    -8     0
1427.19  1.77e-15  7.91e-15    -2     1     0
1428.86  8.75e-15  6.90e-15    -1     8     0
1430.54 -1.21e-15  6.53e-15    -1    -1     0
1432.22  4.91e-15  6.72e-15    -1     4     0
1433.89  5.44e-15  6.78e-15     0     5     0
1435.57  6.53e-15  6.89e-15     0     6     0
1437.25 -1.50e-14  1.07e-14     0   -14     0
1438.92  1.60e-14  7.45e-15     0    15     0
1440.60  1.22e-14  7.35e-15     0    11     0
1442.27  1.14e-14  7.07e-15     0    10     0
1443.95  1.68e-14  7.43e-15     1    15     0
1445.63  5.58e-15  6.81e-15     1     5     0
1447.30  1.38e-14  7.30e-15     1    12     0
1448.98  1.73e-14  7.51e-15     2    16     0
1450.66 -8.06e-15  6.51e-15     2    -7     0
1452.33  5.69e-15  9.10e-15     3     5     0
1454.01  1.55e-14  7.32e-15     3    14     0
1455.69 -1.07e-15  6.54e-15     3     0     0
1457.36 -3.24e-16  6.54e-15     4     0     0
1459.04  1.29e-14  7.24e-15     4    11     0
1460.71  3.32e-15  6.56e-15     4     3     0
1462.39  3.74e-15  6.54e-15     5     3     0
1464.07  4.46e-15  6.57e-15     5     4     0
1465.74  2.14e-16  6.46e-15     5     0     0
1467.42  6.46e-15  6.75e-15     6     5     0
1469.10  1.75e-15  6.53e-15     6     1     0
1470.77  5.62e-15  6.86e-15     6     5     0
1472.45  1.62e-14  7.42e-15     7    14     0
1474.13  5.06e-15  6.75e-15     7     4     0
1475.80  1.50e-15  6.60e-15     7     1     0
1477.48  1.11e-14  7.06e-15     7     9     0
1479.16  1.36e-15  6.56e-15     8     1     0
1480.83  1.79e-14  7.51e-15     8    15     0
1482.51 -6.20e-18  6.53e-15     8     0     0
1484.18  1.52e-14  7.25e-15     9    13     0
1485.86  9.80e-15  6.93e-15     9     8     0
1487.54  4.46e-15  6.60e-15     9     3     0
1489.21  2.72e-15  6.53e-15    10     2     0
1490.89  5.08e-15  6.76e-15    10     4     0
1492.57  6.00e-15  6.77e-15    10     5     0
1494.24  5.97e-16  6.50e-15    11     0     0
1495.92  1.18e-14  7.06e-15    11    10     0
1497.60 -8.66e-15  6.63e-15    11    -7     0
1499.27  1.44e-14  7.11e-15    11    12     0
1500.95  3.38e-15  6.51e-15    12     2     0
1502.62  6.40e-15  6.65e-15    12     5     0
1504.30 -1.72e-15  6.63e-15    12    -1     0
1505.98 -4.57e-15  6.32e-15    13    -3     0
1507.65  2.90e-17  6.32e-15    13     0     0
1509.33 -8.38e-16  6.33e-15    13     0     0
1511.01  1.26e-14  7.07e-15    14    10     0
1512.68  8.05e-15  6.73e-15    14     6     0
1514.36  6.92e-15  6.67e-15    14     5     0
1516.04 -5.91e-15  6.52e-15    14    -4     0
1517.71  4.01e-15  6.71e-15    15     3     0
1519.39  7.11e-15  6.83e-15    15     5     0
1521.06  1.18e-14  7.17e-15    15     9     0
1522.74  9.44e-15  7.00e-15    15     7     0
1524.42  1.08e-14  7.02e-15    16     8     0
1526.09  2.85e-15  6.65e-15    16     2     0
1527.77 -1.44e-14  6.51e-15    16   -11     0
1529.45  3.36e-15  6.62e-15    16     2     0
1531.12  4.33e-15  6.59e-15    17     3     0
1532.80 -2.88e-15  6.39e-15    17    -2     0
1534.48 -4.63e-15  6.37e-15    17    -3     0
1536.15  3.03e-15  6.49e-15    17     2     0
1537.83  4.26e-15  6.51e-15    18     3     0
1539.50 -6.95e-15  6.28e-15    18    -5     0
1541.18  1.71e-14  7.19e-15    18    13     0
1542.86  1.14e-14  6.86e-15    18     9     0
1544.53  2.65e-14  7.62e-15    19    21     0
1546.21  1.48e-14  6.97e-15    19    11     0
1547.89  6.47e-14  9.78e-15    19    51     0
1549.56  8.12e-14  1.04e-14    19    65     0
1551.24  8.34e-14  1.05e-14    20    66     0
1552.92  3.97e-14  8.35e-15    20    31     0
1554.59  2.20e-14  7.41e-15    20    17     0
1556.27  1.58e-15  6.13e-15    20     1     0
1557.95  2.50e-15  6.16e-15    20     2     0
1559.62 -7.86e-16  6.01e-15    21     0     0
1561.30  1.12e-14  7.23e-15    21     8     0
1562.97  1.96e-14  6.99e-15    21    15     0
1564.65  1.27e-14  6.67e-15    21    10     0
1566.33  3.82e-16  5.81e-15    21     0     0
1568.00  5.88e-15  6.08e-15    22     4     0
1569.68  8.69e-16  5.78e-15    22     0     0
1571.36  1.33e-14  6.69e-15    22    10     0
1573.03  8.91e-15  6.35e-15    22     7     0
1574.71 -7.90e-15  5.81e-15    22    -6     0
1576.39  4.86e-15  6.11e-15    23     3     0
1578.06  1.75e-14  6.82e-15    23    14     0
1579.74  1.91e-14  6.91e-15    23    15     0
1581.41  1.89e-14  7.10e-15    23    15     0
1583.09  7.70e-15  6.56e-15    23     6     0
1584.77  7.01e-15  5.96e-15    24     5     0
1586.44 -1.52e-15  5.57e-15    24    -1     0
1588.12  9.27e-15  6.10e-15    24     7     0
1589.80  2.60e-15  5.63e-15    24     2     0
1591.47  7.33e-15  5.94e-15    24     6     0
1593.15  9.92e-15  6.08e-15    24     8     0
1594.83  8.49e-15  5.99e-15    25     6     0
1596.50  1.32e-14  6.12e-15    25    11     0
1598.18  1.45e-14  6.25e-15    25    12     0
1599.85  6.62e-15  5.64e-15    25     5     0
1601.53 -3.78e-15  5.30e-15    25    -3     0
1603.21  1.08e-14  5.87e-15    25     9     0
1604.88 -6.27e-15  5.24e-15    25    -5     0
1606.56  6.56e-16  5.33e-15    26     0     0
1608.24  1.68e-15  5.29e-15    26     1     0
1609.91 -9.74e-16  5.24e-15    26     0     0
1611.59  1.46e-14  5.92e-15    26    12     0
1613.27  6.43e-15  5.49e-15    26     5     0
1614.94  1.03e-14  5.69e-15    26     8     0
1616.62 -2.09e-16  5.12e-15    26     0     0
1618.30 -2.67e-15  5.09e-15    27    -2     0
1619.97 -4.56e-15  5.19e-15    27    -3     0
1621.65  5.19e-15  5.23e-15    27     4     0
1623.32  1.14e-14  5.88e-15    27     9     0
1625.00  1.07e-14  5.40e-15    27     9     0
1626.68 -4.54e-15  4.80e-15    27    -3     0
1628.35  6.43e-15  5.11e-15    27     5     0
1630.03  6.01e-15  5.24e-15    27     5     0
1631.71  3.64e-15  5.08e-15    28     3     0
1633.38 -5.90e-16  4.85e-15    28     0     0
1635.06 -2.45e-15  4.97e-15    28    -2     0
1636.74  8.36e-15  5.32e-15    28     7     0
1638.41  3.83e-14  7.04e-15    28    33     0
1640.09  6.47e-14  8.05e-15    28    56     0
1641.76  5.43e-14  1.16e-14    28    47     0
1643.44  2.37e-14  5.95e-15    28    20     0
1645.12  1.21e-14  5.25e-15    28    10     0
1646.79  1.96e-15  4.62e-15    28     1     0
1648.47  1.16e-14  5.11e-15    29    10     0
1650.15  3.29e-15  4.64e-15    29     2     0
1651.82  7.99e-16  4.47e-15    29     0     0
1653.50  4.35e-15  4.64e-15    29     3     0
1655.18  1.30e-14  5.12e-15    29    11     0
1656.85  2.07e-14  5.50e-15    29    18     0
1658.53  2.25e-14  5.52e-15    29    20     0
1660.20  1.31e-14  4.91e-15    29    12     0
1661.88  5.72e-15  4.40e-15    29     5     0
1663.56  1.65e-15  4.14e-15    29     1     0
1665.23  1.62e-14  6.72e-15    29    14     0
1666.91  1.42e-14  5.26e-15    29    13     0
1668.59  1.02e-14  4.73e-15    30     9     0
1670.26  8.39e-15  4.52e-15    30     7     0
1671.94  5.90e-15  4.34e-15    30     5     0
1673.62  4.45e-16  3.96e-15    30     0     0
1675.29 -1.90e-15  3.85e-15    30    -1     0
1676.97 -6.22e-15  3.81e-15    30    -6     0
1678.65  5.21e-15  4.26e-15    30     5     0
1680.32 -1.96e-15  3.80e-15    30    -1     0
1682.00  7.05e-16  3.80e-15    30     0     0
1683.67  5.67e-16  3.76e-15    30     0     0
1685.35  2.47e-15  3.86e-15    30     2     0
1687.03  2.41e-15  3.80e-15    30     2     0
1688.70  2.78e-15  3.79e-15    30     2     0
1690.38  3.08e-15  3.79e-15    30     3     0
1692.06 -1.40e-15  3.57e-15    30    -1     0
1693.73 -6.28e-15  3.54e-15    30    -6     0
1695.41  4.54e-15  3.77e-15    30     4     0
1697.09 -1.04e-15  3.45e-15    31    -1     0
1698.76 -1.75e-15  3.42e-15    31    -1     0
1700.44  2.97e-15  3.53e-15    31     3     0
1702.11 -1.96e-15  3.34e-15    31    -2     0
1703.79  5.97e-15  3.65e-15    31     6     0
1705.47  5.82e-15  3.64e-15    31     6     0
1707.14  1.90e-15  3.39e-15    31     1     0
1708.82 -1.81e-15  3.24e-15    31    -1     0
1710.50  2.81e-15  3.38e-15    31     2     0
1712.17  4.51e-15  3.47e-15    31     4     0
1713.85  2.63e-15  3.31e-15    31     2     0
1715.53 -4.93e-16  3.14e-15    31     0     0
1717.20 -1.53e-15  3.11e-15    31    -1     0
1718.88  3.07e-15  3.25e-15    31     3     0
1720.55  7.74e-15  3.41e-15    31     8     0
1722.23  4.87e-15  3.21e-15    31     5     0
1723.91  1.72e-15  3.01e-15    31     1     0
1725.58 -2.39e-15  2.96e-15    31    -2     0
1727.26  1.74e-15  3.01e-15    31     1     0
1728.94 -1.75e-15  2.90e-15    31    -1     0
1730.61 -1.91e-15  2.87e-15    31    -2     0
1732.29  2.90e-15  2.99e-15    31     3     0
1733.97  8.08e-16  2.84e-15    31     0     0
1735.64  3.05e-15  2.95e-15    31     3     0
1737.32  5.66e-15  3.03e-15    31     6     0
1738.99  3.53e-15  2.90e-15    32     4     0
1740.67  3.46e-15  2.82e-15    32     4     0
1742.35  8.65e-16  2.65e-15    32     1     0
1744.02  5.03e-15  2.86e-15    32     6     0
1745.70  6.65e-15  2.97e-15    32     7     0
1747.38  7.09e-15  2.96e-15    32     8     0
1749.05  4.37e-15  2.78e-15    32     5     0
1750.73  5.16e-15  2.76e-15    32     6     0
1752.41  2.37e-15  2.60e-15    32     2     0
1754.08  6.71e-16  2.43e-15    32     0     0
1755.76  3.70e-15  2.66e-15    32     4     0
1757.44  4.52e-15  2.92e-15    32     5     0
1759.11  6.01e-15  2.76e-15    32     7     0
1760.79  3.77e-15  2.60e-15    32     4     0
1762.46  4.32e-15  2.61e-15    32     5     0
1764.14  4.54e-15  2.56e-15    32     5     0
1765.82  1.06e-15  2.34e-15    32     1     0
1767.49 -1.24e-15  2.26e-15    32    -1     0
1769.17  2.85e-15  2.58e-15    32     3     0
1770.85  5.94e-15  2.54e-15    32     7     0
1772.52  8.17e-15  2.68e-15    32    10     0
1774.20  2.40e-15  2.29e-15    32     3     0
1775.88  1.89e-15  2.73e-15    32     2     0
1777.55  5.06e-15  3.01e-15    32     6     0
1779.23  5.69e-15  2.46e-15    32     7     0
1780.90  5.80e-15  2.53e-15    32     7     0
1782.58  3.01e-15  2.25e-15    32     3     0
1784.26  1.78e-15  2.15e-15    32     2     0
1785.93  6.81e-16  2.02e-15    32     0     0
1787.61  1.22e-16  1.97e-15    33     0     0
1789.29  2.81e-15  2.13e-15    33     3     0
1790.96 -3.44e-16  1.96e-15    33     0     0
1792.64  4.08e-15  2.17e-15    33     5     0
1794.32  2.67e-15  3.48e-15    33     3 -4096
1795.99  2.99e-15  2.34e-15    33     4     0
1797.67  3.44e-15  2.14e-15    33     4     0
1799.34  4.51e-15  2.15e-15    33     6     0
1801.02  4.09e-15  3.01e-15    33     5     0
1802.70  3.12e-15  2.02e-15    33     4     0
1804.37  7.86e-15  2.30e-15    33    10     0
1806.05  7.19e-15  2.24e-15    33     9     0
1807.73  8.16e-15  2.28e-15    33    11     0
1809.40  1.45e-14  2.59e-15    33    19     0
1811.08  8.89e-15  3.37e-15    33    12     0
1812.76  7.11e-15  2.17e-15    33     9     0
1814.43  1.46e-14  4.19e-15    33    20     0
1816.11  2.09e-14  2.93e-15    33    28     0
1817.79  2.32e-14  5.25e-15    33    32     0
1819.46  1.44e-14  3.22e-15    33    19     0
1821.14  6.70e-15  2.12e-15    34     9     0
1822.81  2.13e-15  1.81e-15    34     2     0
1824.49  2.75e-15  1.82e-15    34     3     0
1826.17  1.87e-15  3.01e-15    34     2     0
1827.84  1.83e-15  1.78e-15    34     2     0
1829.52  6.98e-15  2.07e-15    34     9     0
1831.20  5.16e-15  1.94e-15    34     7     0
1832.87  9.62e-16  1.66e-15    34     1     0
1834.55  2.71e-16  1.60e-15    34     0     0
1836.23  1.99e-15  1.70e-15    34     2     0
1837.90  5.12e-15  1.89e-15    34     7     0
1839.58  2.93e-15  1.73e-15    34     4     0
1841.25  1.97e-15  1.67e-15    34     2     0
1842.93  1.53e-15  1.64e-15    34     2     0
1844.61  3.17e-15  1.72e-15    34     4     0
1846.28  2.42e-15  1.65e-15    35     3     0
1847.96  1.90e-15  1.61e-15    35     2     0
1849.64  4.26e-15  1.74e-15    35     6     0
1851.31  4.26e-15  2.15e-15    35     5     0
1852.99  6.39e-15  1.86e-15    35     8     0
1854.67  3.04e-15  1.66e-15    35     4     0
1856.34  1.78e-15  1.57e-15    35     2     0
1858.02  3.81e-15  1.68e-15    35     5     0
1859.69  4.46e-15  1.71e-15    35     6     0
1861.37  8.71e-15  1.95e-15    35    12     0
1863.05  2.23e-15  1.57e-15    35     3     0
1864.72  3.10e-15  1.60e-15    36     4     0
1866.40  1.13e-15  1.58e-15    36     1     0
1868.08  5.11e-16  1.59e-15    36     0     0
1869.75  2.27e-15  1.59e-15    36     3     0
1871.43 -3.87e-16  1.61e-15    36     0     0
1873.11  3.31e-15  1.63e-15    36     4     0
1874.78 -6.32e-16  1.77e-15    36     0     0
1876.46  7.90e-16  1.61e-15    36     1     0
1878.14  2.26e-15  1.61e-15    36     3     0
1879.81  6.31e-16  1.62e-15    36     0     0
1881.49 -1.45e-15  1.62e-15    37    -1     0
1883.16  1.63e-16  1.62e-15    37     0     0
1884.84  1.04e-15  1.62e-15    37     1     0
1886.52  1.80e-15  1.63e-15    37     2     0
1888.19  3.42e-16  1.64e-15    37     0     0
1889.87 -2.41e-15  1.65e-15    37    -3     0
1891.55 -1.89e-15  1.63e-15    37    -2     0
1893.22 -8.55e-16  1.64e-15    37    -1     0
1894.90  2.05e-15  1.64e-15    38     2     0
1896.58  1.19e-15  1.64e-15    38     1     0
1898.25  3.53e-15  1.64e-15    38     4     0
1899.93  2.45e-15  1.65e-15    38     3     0
1901.60  3.52e-15  1.65e-15    38     4     0
1903.28  5.41e-15  1.66e-15    38     7     0
1904.96  4.24e-15  1.66e-15    38     5     0
1906.63 -1.59e-17  1.64e-15    38     0     0
1908.31  8.16e-16  1.65e-15    39     1     0
1909.99 -9.75e-16  1.70e-15    39    -1     0
1911.66  3.51e-15  1.68e-15    39     4     0
1913.34  4.41e-15  1.68e-15    39     5     0
1915.02  2.58e-15  1.71e-15    39     3     0
1916.69  2.30e-15  1.71e-15    39     2     0
1918.37  2.07e-15  1.71e-15    39     2     0
1920.04  1.51e-15  1.70e-15    39     1     0
1921.72  5.93e-16  1.70e-15    40     0     0
1923.40  4.19e-15  1.70e-15    40     5     0
1925.07  7.63e-15  1.76e-15    40     9     0
1926.75  4.53e-15  1.75e-15    40     5     0
1928.43  5.22e-15  1.68e-15    40     6     0
1930.10  3.46e-15  1.67e-15    40     4     0
1931.78  5.27e-15  1.67e-15    40     6     0
1933.46  5.98e-15  1.66e-15    41     7     0
1935.13  4.47e-15  1.72e-15    41     5     0
1936.81  3.11e-15  1.68e-15    41     4     0
1938.48  4.02e-15  1.68e-15    41     5     0
1940.16  6.52e-15  1.68e-15    41     8     0
1941.84  5.85e-15  1.71e-15    41     7     0
1943.51  2.64e-15  2.15e-15    41     3     0
1945.19  3.78e-15  1.68e-15    42     4     0
1946.87  4.86e-15  1.64e-15    42     6     0
1948.54  6.87e-16  1.64e-15    42     0     0
1950.22  4.40e-15  1.65e-15    42     5     0
1951.90  3.22e-15  1.65e-15    42     4     0
1953.57  3.38e-15  1.64e-15    42     4     0
1955.25  2.16e-15  1.62e-15    42     2     0
1956.93  4.68e-15  1.62e-15    43     6     0
1958.60  5.53e-15  1.62e-15    43     7     0
1960.28  4.10e-15  1.60e-15    43     5     0
1961.95  4.08e-15  1.88e-15    43     5     0
1963.63  4.07e-15  1.60e-15    43     5     0
1965.31  2.81e-15  1.60e-15    43     3     0
1966.98  4.88e-15  1.60e-15    43     6     0
1968.66  3.53e-15  1.60e-15    43     4     0
1970.34  2.60e-15  1.60e-15    44     3     0
1972.01  3.08e-15  2.19e-15    44     4     0
1973.69  4.01e-15  2.45e-15    44     5     0
1975.37  3.47e-15  2.05e-15    44     4     0
1977.04  2.20e-15  1.74e-15    44     2     0
1978.72  3.01e-15  1.64e-15    44     3     0
