NOT ORIGINAL IUE PROJECT DATA PRODUCT
SWP42398LOWLARGE
HD  197481
20:42:04
-31:31:05
48
NO-TRAIL
NO
01019.774
04/09/91
22:30:34
247
07.50
13/02/96
VILSPA
2448504.43789
0
18
1150.58 -2.20e-14  1.80e-13   -47    -1     0
1152.26 -2.02e-13  1.69e-13   -46   -15     0
1153.94  2.66e-13  1.68e-13   -46    21     0
1155.61  3.32e-14  1.53e-13   -46     2     0
1157.29 -7.48e-14  1.40e-13   -46    -6     0
1158.97 -1.93e-14  1.29e-13   -45    -1     0
1160.64  6.76e-14  1.21e-13   -45     7     0
1162.32 -7.29e-14  1.11e-13   -45    -8     0
1163.99 -5.88e-14  1.03e-13   -45    -7     0
1165.67 -6.39e-14  8.93e-14   -45    -8     0
1167.35  5.24e-14  8.48e-14   -44     7     0
1169.02  1.72e-14  7.78e-14   -44     2     0
1170.70  6.85e-14  7.42e-14   -44    11     0
1172.38 -1.09e-13  6.67e-14   -44   -19     0
1174.05 -1.77e-14  6.22e-14   -44    -3     0
1175.73  6.23e-14  5.97e-14   -43    12     0
1177.41 -1.03e-14  5.39e-14   -43    -2     0
1179.08 -3.98e-14  5.30e-14   -43    -9     0
1180.76 -1.39e-14  4.59e-14   -43    -3     0
1182.43  2.89e-14  4.44e-14   -43     7     0
1184.11 -3.16e-15  4.09e-14   -42     0     0
1185.79 -2.24e-15  3.90e-14   -42     0     0
1187.46  7.08e-15  3.70e-14   -42     2     0
1189.14  2.94e-15  3.53e-14   -42     0     0
1190.82 -7.61e-15  3.19e-14   -41    -2     0
1192.49  2.54e-14  3.80e-14   -41     9     0
1194.17  1.27e-15  3.23e-14   -41     0     0
1195.85 -1.51e-14  1.08e-13   -41    -6 -4096
1197.52 -1.11e-13  4.49e-14   -41   -47 -4096
1199.20  6.99e-14  9.59e-14   -40    30 -4224
1200.87  2.40e-14  4.23e-14   -40    11 -4096
1202.55  6.11e-14  2.86e-14   -40    29     0
1204.23  1.85e-15  2.24e-14   -40     0     0
1205.90  1.50e-14  2.22e-14   -40     7     0
1207.58  4.15e-14  2.23e-14   -39    21     0
1209.26  6.63e-14  3.79e-14   -39    35     0
1210.93  2.08e-13  7.29e-14   -39   116     0
1212.61  2.10e-13  6.18e-14   -39   121     0
1214.29  2.69e-13  6.04e-14   -39   159     0
1215.96  2.34e-13  7.50e-14   -38   142     0
1217.64  1.73e-13  5.67e-14   -38   107     0
1219.32  1.14e-13  2.20e-14   -38    72     0
1220.99  8.21e-14  3.76e-14   -38    53     0
1222.67  2.59e-14  2.79e-14   -38    17     0
1224.34 -4.71e-15  1.54e-14   -37    -3     0
1226.02  1.35e-15  1.48e-14   -37     0     0
1227.70  9.76e-15  1.49e-14   -37     6     0
1229.37  3.54e-15  1.43e-14   -37     2     0
1231.05 -1.63e-15  1.38e-14   -37    -1     0
1232.73  1.20e-14  1.39e-14   -36     9     0
1234.40  1.75e-14  1.41e-14   -36    13     0
1236.08  1.46e-14  1.38e-14   -36    11     0
1237.76 -1.86e-14  1.28e-14   -36   -14     0
1239.43  1.28e-14  1.30e-14   -36    10     0
1241.11 -8.55e-15  1.23e-14   -35    -7     0
1242.78  1.40e-14  1.53e-14   -35    11     0
1244.46  1.62e-14  1.30e-14   -35    13     0
1246.14 -2.85e-14  1.37e-14   -35   -23     0
1247.81  9.43e-15  1.21e-14   -35     7     0
1249.49  1.38e-14  1.21e-14   -34    11     0
1251.17  1.32e-14  1.16e-14   -34    11     0
1252.84 -7.03e-17  1.10e-14   -34     0     0
1254.52  2.97e-15  1.09e-14   -34     2     0
1256.20  5.94e-16  1.07e-14   -33     0     0
1257.87  1.01e-14  1.10e-14   -33     9     0
1259.55  9.42e-15  1.84e-14   -33     8     0
1261.22 -9.35e-15  1.05e-14   -33    -8     0
1262.90 -3.09e-15  1.07e-14   -33    -2     0
1264.58 -1.42e-14  1.41e-14   -32   -13     0
1266.25  1.05e-16  1.03e-14   -32     0     0
1267.93  2.52e-15  9.81e-15   -32     2     0
1269.61 -1.53e-14  9.63e-15   -32   -14     0
1271.28  1.74e-14  1.03e-14   -31    16     0
1272.96 -1.07e-15  9.74e-15   -31    -1     0
1274.64 -8.16e-15  9.50e-15   -31    -7     0
1276.31 -5.46e-15  9.74e-15   -31    -5     0
1277.99  1.38e-14  1.02e-14   -31    13     0
1279.67 -7.81e-15  9.46e-15   -30    -7     0
1281.34 -1.38e-15  9.24e-15   -30    -1     0
1283.02  7.17e-15  9.48e-15   -30     7     0
1284.69  5.62e-15  9.38e-15   -30     5     0
1286.37  2.57e-14  1.01e-14   -29    25     0
1288.05 -7.93e-15  8.95e-15   -29    -7     0
1289.72 -9.66e-16  8.90e-15   -29     0     0
1291.40  9.39e-15  9.17e-15   -29     9     0
1293.08  2.31e-14  9.82e-15   -28    22     0
1294.75 -2.35e-15  8.77e-15   -28    -2     0
1296.43 -9.72e-15  1.11e-14   -28    -9     0
1298.11  1.71e-14  9.34e-15   -28    17     0
1299.78  2.30e-14  1.13e-14   -27    23     0
1301.46 -1.35e-14  8.67e-15   -27   -13     0
1303.13 -3.12e-15  8.60e-15   -27    -3     0
1304.81 -2.34e-15  1.27e-14   -27    -2     0
1306.49  1.97e-14  1.33e-14   -26    19     0
1308.16  6.62e-15  9.35e-15   -26     6     0
1309.84  3.32e-15  9.33e-15   -26     3     0
1311.52 -4.59e-15  8.36e-15   -26    -4     0
1313.19  1.91e-14  1.02e-14   -25    19     0
1314.87 -1.63e-14  1.28e-14   -25   -16     0
1316.55 -2.20e-15  8.81e-15   -25    -2     0
1318.22  2.03e-14  9.18e-15   -25    20     0
1319.90  1.27e-14  9.82e-15   -24    12     0
1321.57 -5.78e-14  1.44e-14   -24   -55     0
1323.25  3.06e-14  1.36e-14   -24    29     0
1324.93 -7.46e-15  8.45e-15   -24    -7     0
1326.60 -5.02e-15  1.07e-14   -23    -4     0
1328.28  7.80e-15  8.73e-15   -23     7     0
1329.96  3.69e-15  8.53e-15   -23     3     0
1331.63  1.10e-14  9.88e-15   -23    10     0
1333.31  3.01e-15  8.56e-15   -22     2     0
1334.99  7.94e-15  1.22e-14   -22     7     0
1336.66  3.53e-15  1.40e-14   -22     3     0
1338.34  1.24e-14  9.91e-15   -22    11     0
1340.01  1.20e-15  8.58e-15   -21     1     0
1341.69  1.40e-14  8.98e-15   -21    13     0
1343.37  1.07e-14  1.21e-14   -21     9     0
1345.04 -5.19e-15  8.18e-15   -20    -4     0
1346.72  9.81e-15  8.54e-15   -20     9     0
1348.40 -7.37e-15  8.87e-15   -20    -6     0
1350.07  8.10e-15  8.72e-15   -20     7     0
1351.75 -9.08e-15  9.29e-15   -19    -8     0
1353.43 -3.91e-15  8.65e-15   -19    -3     0
1355.10  8.40e-15  8.63e-15   -19     7     0
1356.78  1.19e-14  9.21e-15   -19    10     0
1358.46 -7.31e-15  1.07e-14   -18    -6     0
1360.13  2.76e-14  9.68e-15   -18    24     0
1361.81 -2.61e-15  8.50e-15   -18    -2     0
1363.48  7.02e-15  1.03e-14   -17     6     0
1365.16  1.68e-15  8.46e-15   -17     1     0
1366.84 -4.42e-15  8.41e-15   -17    -3     0
1368.51  8.75e-15  8.86e-15   -17     7     0
1370.19  2.86e-14  9.62e-15   -16    24     0
1371.87  1.26e-14  8.97e-15   -16    10     0
1373.54  2.57e-14  9.69e-15   -16    21     0
1375.22  4.18e-15  8.78e-15   -16     3     0
1376.90 -5.68e-15  9.04e-15   -15    -4     0
1378.57 -8.73e-15  8.43e-15   -15    -7     0
1380.25 -1.67e-14  9.32e-15   -15   -13     0
1381.92 -8.86e-17  8.49e-15   -14     0     0
1383.60  7.02e-15  9.14e-15   -14     5     0
1385.28 -1.60e-14  8.55e-15   -14   -13     0
1386.95  5.64e-15  1.62e-14   -14     4     0
1388.63 -5.02e-15  8.87e-15   -13    -4     0
1390.31 -5.80e-15  1.23e-14   -13    -4     0
1391.98  2.70e-14  1.01e-14   -13    21     0
1393.66  1.79e-14  9.49e-15   -13    14     0
1395.34 -3.83e-15  1.52e-14   -12    -3     0
1397.01 -6.08e-15  8.70e-15   -12    -4     0
1398.69  1.73e-15  8.73e-15   -12     1     0
1400.36  1.25e-14  9.22e-15   -11     9     0
1402.04  5.32e-15  1.04e-14   -11     4     0
1403.72  1.14e-14  1.66e-14   -11     8     0
1405.39 -1.19e-14  9.23e-15   -11    -8     0
1407.07  1.98e-14  1.01e-14   -10    14     0
1408.75  7.97e-15  9.98e-15   -10     5     0
1410.42  1.18e-14  1.01e-14   -10     8     0
1412.10 -1.53e-14  9.27e-15    -9   -11     0
1413.78 -1.96e-15  1.08e-14    -9    -1     0
1415.45  1.98e-14  1.03e-14    -9    14     0
1417.13  2.55e-14  1.06e-14    -9    18     0
1418.81 -1.96e-14  9.44e-15    -8   -14     0
1420.48 -2.46e-14  9.33e-15    -8   -16     0
1422.16 -3.67e-15  9.36e-15    -8    -2     0
1423.83 -1.03e-15  9.39e-15    -8     0     0
1425.51  6.02e-15  9.99e-15    -7     4     0
1427.19  2.80e-15  9.86e-15    -7     1     0
1428.86  1.43e-14  1.04e-14    -7     9     0
1430.54  6.60e-15  9.60e-15    -6     4     0
1432.22 -1.39e-14  9.36e-15    -6    -9     0
1433.89  6.82e-15  9.78e-15    -6     4     0
1435.57  1.55e-14  1.03e-14    -6    10     0
1437.25 -3.39e-14  1.34e-14    -5   -22     0
1438.92  3.35e-15  9.63e-15    -5     2     0
1440.60  1.40e-14  1.14e-14    -5     9     0
1442.27  2.19e-15  1.18e-14    -5     1     0
1443.95  1.05e-14  9.88e-15    -4     6     0
1445.63  1.81e-15  9.71e-15    -4     1     0
1447.30 -9.88e-15  9.45e-15    -4    -6     0
1448.98  2.82e-14  1.09e-14    -4    17     0
1450.66 -4.27e-15  9.35e-15    -3    -2     0
1452.33  4.54e-16  9.43e-15    -3     0     0
1454.01  9.86e-15  9.82e-15    -3     6     0
1455.69  1.10e-14  9.95e-15    -3     6     0
1457.36 -7.50e-16  9.39e-15    -2     0     0
1459.04  2.57e-14  1.06e-14    -2    16     0
1460.71  1.61e-14  1.02e-14    -2    10     0
1462.39 -5.83e-15  9.16e-15    -1    -3     0
1464.07  8.11e-15  1.05e-14    -1     5     0
1465.74 -7.53e-16  9.26e-15    -1     0     0
1467.42 -1.38e-15  9.25e-15    -1     0     0
1469.10 -4.47e-15  9.23e-15     0    -2     0
1470.77  4.20e-15  9.58e-15     0     2     0
1472.45  4.45e-15  1.48e-14     0     2     0
1474.13  2.41e-14  1.08e-14     0    14     0
1475.80 -4.32e-15  9.37e-15     0    -2     0
1477.48 -6.43e-15  9.35e-15     0    -3     0
1479.16  1.84e-15  9.45e-15     0     1     0
1480.83  1.01e-14  1.39e-14     0     6     0
1482.51 -1.23e-14  9.42e-15     1    -7     0
1484.18  1.05e-14  9.80e-15     1     6     0
1485.86  1.69e-14  1.00e-14     1    10     0
1487.54 -4.82e-16  9.80e-15     1     0     0
1489.21 -6.07e-15  9.22e-15     1    -3     0
1490.89 -1.33e-14  9.28e-15     2    -7     0
1492.57  5.10e-15  9.47e-15     2     2     0
1494.24 -4.27e-15  9.35e-15     2    -2     0
1495.92  3.12e-14  1.05e-14     2    18     0
1497.60  1.17e-14  1.31e-14     3     6     0
1499.27  2.21e-14  1.02e-14     3    13     0
1500.95 -5.76e-15  9.39e-15     3    -3     0
1502.62  8.31e-15  9.45e-15     3     4     0
1504.30 -9.77e-17  9.04e-15     4     0     0
1505.98  1.85e-14  1.00e-14     4    10     0
1507.65 -3.52e-15  8.99e-15     4    -2     0
1509.33 -2.06e-15  9.00e-15     4    -1     0
1511.01  1.53e-14  1.19e-14     4     8     0
1512.68  1.32e-14  1.06e-14     5     7     0
1514.36  3.34e-15  9.49e-15     5     1     0
1516.04  4.19e-15  9.28e-15     5     2     0
1517.71 -1.17e-14  1.04e-14     5    -6     0
1519.39 -7.10e-16  9.22e-15     6     0     0
1521.06  5.99e-15  9.61e-15     6     3     0
1522.74  1.58e-14  1.72e-14     6     8     0
1524.42  1.69e-14  1.00e-14     6     9     0
1526.09  8.01e-15  9.63e-15     6     4     0
1527.77 -1.04e-14  9.27e-15     7    -5     0
1529.45  2.44e-15  9.24e-15     7     1     0
1531.12 -7.98e-15  9.06e-15     7    -4     0
1532.80 -6.46e-16  9.04e-15     7     0     0
1534.48  2.90e-15  9.18e-15     7     1     0
1536.15 -8.19e-15  8.95e-15     8    -4     0
1537.83 -2.28e-15  8.91e-15     8    -1     0
1539.50  8.53e-15  9.30e-15     8     4     0
1541.18 -7.74e-15  8.84e-15     8    -4     0
1542.86  6.00e-15  1.02e-14     8     3     0
1544.53  1.25e-14  1.20e-14     9     6     0
1546.21 -1.80e-14  1.36e-14     9    -9     0
1547.89  3.11e-15  1.38e-14     9     1     0
1549.56  2.04e-14  1.38e-14     9    11     0
1551.24  2.10e-14  1.41e-14     9    11     0
1552.92  7.42e-15  1.20e-14    10     4     0
1554.59  6.29e-15  8.87e-15    10     3     0
1556.27  3.05e-15  8.67e-15    10     1     0
1557.95 -6.40e-15  8.53e-15    10    -3     0
1559.62  1.13e-14  1.24e-14    10     6     0
1561.30  7.48e-15  8.97e-15    10     4     0
1562.97  5.73e-15  8.97e-15    11     3     0
1564.65  1.03e-14  8.94e-15    11     5     0
1566.33 -9.41e-15  8.16e-15    11    -5     0
1568.00 -1.99e-15  8.52e-15    11    -1     0
1569.68 -1.24e-14  8.08e-15    11    -7     0
1571.36  8.16e-15  8.64e-15    11     4     0
1573.03  9.65e-15  8.67e-15    12     5     0
1574.71 -1.37e-14  8.15e-15    12    -7     0
1576.39  1.67e-15  8.34e-15    12     0     0
1578.06  1.71e-14  9.15e-15    12     9     0
1579.74  1.30e-15  8.18e-15    12     0     0
1581.41 -1.01e-14  8.01e-15    12    -5     0
1583.09 -4.55e-15  7.96e-15    13    -2     0
1584.77  1.80e-14  8.70e-15    13    10     0
1586.44 -5.23e-15  1.32e-14    13    -2     0
1588.12  7.96e-15  8.56e-15    13     4     0
1589.80  7.21e-15  8.20e-15    13     4     0
1591.47 -1.37e-15  7.77e-15    13     0     0
1593.15  4.74e-15  7.86e-15    13     2     0
1594.83  4.63e-15  8.10e-15    14     2     0
1596.50 -2.96e-15  7.55e-15    14    -1     0
1598.18  1.10e-15  9.48e-15    14     0     0
1599.85  3.00e-15  7.61e-15    14     1     0
1601.53 -7.80e-15  7.59e-15    14    -4     0
1603.21  1.26e-14  8.00e-15    14     7     0
1604.88 -1.19e-14  8.54e-15    14    -6     0
1606.56 -1.35e-14  7.40e-15    15    -7     0
1608.24 -2.70e-15  7.35e-15    15    -1     0
1609.91  6.76e-16  7.70e-15    15     0     0
1611.59  1.50e-15  7.21e-15    15     0     0
1613.27  1.80e-14  8.18e-15    15    10     0
1614.94  3.39e-15  8.00e-15    15     1     0
1616.62 -1.18e-14  7.13e-15    15    -6     0
1618.30 -5.27e-15  7.09e-15    15    -3     0
1619.97 -1.21e-14  7.04e-15    16    -7     0
1621.65 -8.65e-15  6.90e-15    16    -5     0
1623.32  6.94e-15  7.46e-15    16     4     0
1625.00 -5.55e-15  6.75e-15    16    -3     0
1626.68  2.06e-15  6.80e-15    16     1     0
1628.35 -7.84e-15  6.63e-15    16    -4     0
1630.03 -6.27e-16  7.19e-15    16     0     0
1631.71  1.12e-14  7.42e-15    16     6     0
1633.38  3.70e-15  7.11e-15    17     2     0
1635.06 -3.80e-15  6.57e-15    17    -2     0
1636.74  9.10e-16  6.58e-15    17     0     0
1638.41  1.38e-14  7.38e-15    17     8     0
1640.09  1.18e-14  7.38e-15    17     7     0
1641.76  1.82e-14  8.08e-15    17    10     0
1643.44  1.31e-14  7.52e-15    17     7     0
1645.12  2.09e-15  6.37e-15    17     1     0
1646.79 -1.82e-15  6.38e-15    17    -1     0
1648.47  5.33e-15  6.53e-15    17     3     0
1650.15 -3.86e-15  6.21e-15    18    -2     0
1651.82  3.70e-15  6.34e-15    18     2     0
1653.50 -5.65e-15  6.49e-15    18    -3     0
1655.18 -8.64e-15  6.03e-15    18    -5     0
1656.85  5.04e-15  6.17e-15    18     3     0
1658.53  4.00e-15  6.12e-15    18     2     0
1660.20 -2.88e-15  5.78e-15    18    -1     0
1661.88 -7.61e-15  6.27e-15    18    -4     0
1663.56 -4.87e-15  5.68e-15    18    -3     0
1665.23  1.07e-14  9.24e-15    18     6     0
1666.91  2.16e-14  8.53e-15    18    13     0
1668.59  6.70e-15  6.06e-15    19     4     0
1670.26  7.05e-15  5.90e-15    19     4     0
1671.94  1.43e-14  6.29e-15    19     9     0
1673.62 -5.14e-15  5.45e-15    19    -3     0
1675.29  8.16e-15  5.81e-15    19     5     0
1676.97 -4.56e-15  5.27e-15    19    -3     0
1678.65  2.76e-15  5.34e-15    19     1     0
1680.32  1.43e-15  5.30e-15    19     0     0
1682.00 -1.06e-14  5.20e-15    19    -7     0
1683.67  3.49e-17  5.15e-15    19     0     0
1685.35  5.44e-15  6.88e-15    19     3     0
1687.03  7.64e-15  5.51e-15    19     5     0
1688.70 -1.22e-15  5.09e-15    19     0     0
1690.38  1.12e-14  5.56e-15    20     7     0
1692.06  4.66e-15  5.19e-15    20     3     0
1693.73  4.09e-16  4.88e-15    20     0     0
1695.41 -1.22e-14  4.81e-15    20    -8     0
1697.09 -2.17e-15  4.76e-15    20    -1     0
1698.76 -4.71e-15  4.71e-15    20    -3     0
1700.44 -3.00e-15  4.64e-15    20    -2     0
1702.11 -2.05e-15  4.59e-15    20    -1     0
1703.79  4.39e-16  4.85e-15    20     0     0
1705.47  5.20e-15  4.83e-15    20     3     0
1707.14 -2.80e-15  4.51e-15    20    -2     0
1708.82 -1.79e-17  4.47e-15    20     0     0
1710.50 -2.22e-15  4.44e-15    20    -1     0
1712.17 -3.21e-16  4.39e-15    20     0     0
1713.85 -6.15e-15  4.34e-15    21    -4     0
1715.53 -4.94e-16  4.32e-15    21     0     0
1717.20  1.51e-15  4.60e-15    21     1     0
1718.88  2.79e-16  4.23e-15    21     0     0
1720.55  9.28e-16  4.12e-15    21     0     0
1722.23  8.60e-15  4.81e-15    21     6     0
1723.91  5.16e-15  4.32e-15    21     3     0
1725.58 -2.21e-15  4.10e-15    21    -1     0
1727.26  6.05e-15  4.38e-15    21     4     0
1728.94  2.43e-15  4.11e-15    21     1     0
1730.61 -2.68e-15  3.94e-15    21    -2     0
1732.29  4.76e-16  3.91e-15    21     0     0
1733.97  8.54e-15  4.30e-15    21     6     0
1735.64  1.00e-14  4.42e-15    21     7     0
1737.32  1.04e-14  4.39e-15    21     8     0
1738.99  3.95e-15  4.17e-15    21     3     0
1740.67  7.91e-16  3.64e-15    22     0     0
1742.35  1.18e-15  3.61e-15    22     0     0
1744.02  2.57e-15  3.64e-15    22     2     0
1745.70 -8.96e-16  3.58e-15    22     0     0
1747.38 -1.33e-14  3.49e-15    22   -10     0
1749.05  1.31e-15  3.61e-15    22     1     0
1750.73  4.46e-15  3.62e-15    22     3     0
1752.41 -9.95e-17  3.35e-15    22     0     0
1754.08 -8.31e-16  3.32e-15    22     0     0
1755.76  8.61e-16  3.36e-15    22     0     0
1757.44 -8.21e-16  3.90e-15    22     0     0
1759.11 -4.99e-15  3.26e-15    22    -4     0
1760.79  5.05e-16  3.23e-15    22     0     0
1762.46 -3.26e-15  3.21e-15    22    -2     0
1764.14 -4.84e-15  3.16e-15    22    -4     0
1765.82 -4.13e-15  3.12e-15    22    -3     0
1767.49 -3.59e-16  3.08e-15    22     0     0
1769.17  4.25e-15  3.29e-15    23     3     0
1770.85  2.19e-15  3.11e-15    23     1     0
1772.52  4.48e-16  2.99e-15    23     0     0
1774.20  1.04e-15  2.94e-15    23     0     0
1775.88 -6.94e-16  2.92e-15    23     0     0
1777.55 -1.65e-15  2.89e-15    23    -1     0
1779.23  2.69e-15  3.18e-15    23     2     0
1780.90 -1.51e-15  2.84e-15    23    -1     0
1782.58 -2.73e-15  2.82e-15    23    -2     0
1784.26 -2.79e-16  2.79e-15    23     0     0
1785.93 -2.41e-15  2.71e-15    23    -2     0
1787.61 -1.02e-16  2.77e-15    23     0     0
1789.29 -3.59e-15  2.66e-15    23    -3     0
1790.96 -3.49e-15  2.67e-15    23    -3     0
1792.64 -4.11e-16  2.67e-15    23     0     0
1794.32  6.75e-15  5.06e-15    23     6 -4096
1795.99  3.02e-15  3.23e-15    24     2     0
1797.67  2.68e-16  2.87e-15    24     0     0
1799.34 -1.43e-15  2.58e-15    24    -1     0
1801.02  1.84e-15  2.80e-15    24     1     0
1802.70  8.26e-15  2.95e-15    24     7     0
1804.37  2.48e-15  2.61e-15    24     2     0
1806.05 -2.74e-15  2.50e-15    24    -2     0
1807.73 -2.19e-15  2.66e-15    24    -2     0
1809.40 -4.97e-15  2.91e-15    24    -4     0
1811.08 -3.08e-15  2.42e-15    24    -2     0
1812.76 -2.51e-15  2.40e-15    24    -2     0
1814.43  7.17e-16  4.07e-15    24     0     0
1816.11  1.63e-15  2.47e-15    24     1     0
1817.79  2.58e-15  3.63e-15    24     2     0
1819.46  2.27e-15  2.67e-15    25     2     0
1821.14  8.47e-16  2.49e-15    25     0     0
1822.81 -5.31e-16  2.31e-15    25     0     0
1824.49 -3.96e-15  2.31e-15    25    -3     0
1826.17 -1.34e-15  2.34e-15    25    -1     0
1827.84 -5.61e-15  2.33e-15    25    -5     0
1829.52 -5.36e-18  2.33e-15    25     0     0
1831.20 -3.72e-16  2.27e-15    25     0     0
1832.87 -6.64e-15  2.28e-15    25    -6     0
1834.55 -4.86e-15  2.27e-15    25    -4     0
1836.23 -2.64e-15  2.26e-15    25    -2     0
1837.90  1.69e-15  2.28e-15    25     1     0
1839.58  5.69e-16  2.61e-15    25     0     0
1841.25  2.83e-15  2.31e-15    26     2     0
1842.93  5.03e-16  2.30e-15    26     0     0
1844.61  3.35e-15  2.31e-15    26     3     0
1846.28  2.72e-15  2.25e-15    26     2     0
1847.96  2.06e-15  2.25e-15    26     1     0
1849.64 -1.67e-15  2.25e-15    26    -1     0
1851.31 -3.38e-15  2.30e-15    26    -3     0
1852.99 -4.11e-16  2.58e-15    26     0     0
1854.67 -2.59e-15  2.30e-15    26    -2     0
1856.34 -4.87e-15  2.29e-15    26    -4     0
1858.02 -1.78e-15  2.30e-15    26    -1     0
1859.69 -3.05e-16  2.30e-15    26     0     0
1861.37  1.18e-15  2.29e-15    27     1     0
1863.05 -1.24e-15  2.29e-15    27    -1     0
1864.72 -5.78e-15  2.29e-15    27    -5     0
1866.40 -9.84e-16  2.32e-15    27     0     0
1868.08 -2.58e-15  2.33e-15    27    -2     0
1869.75 -2.57e-15  2.32e-15    27    -2     0
1871.43 -3.19e-15  2.35e-15    27    -2     0
1873.11 -3.30e-16  2.36e-15    27     0     0
1874.78 -1.32e-15  2.36e-15    27    -1     0
1876.46 -1.80e-15  2.36e-15    27    -1     0
1878.14  1.27e-15  2.40e-15    27     1     0
1879.81  4.32e-15  2.37e-15    28     3     0
1881.49  1.36e-15  2.37e-15    28     1     0
1883.16  4.98e-16  2.37e-15    28     0     0
1884.84  1.71e-15  2.38e-15    28     1     0
1886.52  3.65e-16  2.39e-15    28     0     0
1888.19 -8.60e-17  2.39e-15    28     0     0
1889.87  1.96e-16  2.40e-15    28     0     0
1891.55 -7.14e-16  2.39e-15    28     0     0
1893.22 -2.35e-15  2.40e-15    28    -2     0
1894.90 -3.64e-17  2.40e-15    28     0     0
1896.58 -3.60e-16  2.83e-15    29     0     0
1898.25 -2.18e-15  2.41e-15    29    -1     0
1899.93  1.38e-16  2.42e-15    29     0     0
1901.60 -1.07e-15  2.42e-15    29     0     0
1903.28 -1.76e-15  2.42e-15    29    -1     0
1904.96  2.60e-16  2.43e-15    29     0     0
1906.63 -4.51e-15  2.41e-15    29    -4     0
1908.31 -6.58e-16  2.41e-15    29     0     0
1909.99 -7.01e-15  2.41e-15    29    -6     0
1911.66  4.19e-17  2.45e-15    29     0     0
1913.34 -1.83e-15  2.46e-15    29    -1     0
1915.02  9.53e-16  2.50e-15    30     0     0
1916.69 -1.62e-15  2.50e-15    30    -1     0
1918.37 -1.07e-15  2.51e-15    30     0     0
1920.04 -1.63e-15  2.48e-15    30    -1     0
1921.72  1.10e-15  2.49e-15    30     0     0
1923.40  6.57e-15  2.49e-15    30     5     0
1925.07 -1.74e-16  2.56e-15    30     0     0
1926.75 -1.14e-15  2.47e-15    30    -1     0
1928.43  8.18e-16  2.47e-15    30     0     0
1930.10  1.55e-16  2.45e-15    30     0     0
1931.78  5.86e-16  2.44e-15    30     0     0
1933.46 -4.73e-15  2.44e-15    31    -4     0
1935.13 -7.07e-15  2.46e-15    31    -6     0
1936.81  1.02e-15  2.46e-15    31     0     0
1938.48 -1.75e-15  2.45e-15    31    -1     0
1940.16 -1.33e-15  2.45e-15    31    -1     0
1941.84 -7.31e-15  2.45e-15    31    -6     0
1943.51 -4.44e-15  2.44e-15    31    -3     0
1945.19 -4.65e-15  2.41e-15    31    -4     0
1946.87 -3.59e-15  2.40e-15    31    -3     0
1948.54 -4.27e-15  2.43e-15    31    -3     0
1950.22  1.30e-15  2.42e-15    31     1     0
1951.90  1.85e-15  2.41e-15    31     1     0
1953.57  4.57e-15  2.40e-15    32     4     0
1955.25  3.28e-15  2.38e-15    32     3     0
1956.93 -1.53e-15  2.37e-15    32    -1     0
1958.60  5.41e-16  2.37e-15    32     0     0
1960.28  1.87e-15  2.34e-15    32     1     0
1961.95  1.62e-15  2.33e-15    32     1     0
1963.63 -3.21e-16  2.33e-15    32     0     0
1965.31  6.56e-16  2.34e-15    32     0     0
1966.98  2.17e-15  2.35e-15    32     2     0
1968.66  4.71e-15  2.35e-15    32     4     0
1970.34  1.45e-15  2.34e-15    32     1     0
1972.01  5.84e-15  2.35e-15    32     5     0
1973.69  3.78e-15  2.37e-15    32     3     0
1975.37  2.24e-15  2.41e-15    32     2     0
1977.04  6.35e-16  2.39e-15    32     0     0
1978.72  8.28e-16  2.40e-15    32     0     0
