NOT ORIGINAL IUE PROJECT DATA PRODUCT
SWP42397LOWLARGE
HD  197481
20:42:04
-31:31:05
48
NO-TRAIL
NO
01499.825
04/09/91
21:17:38
247
05.10
13/02/96
VILSPA
2448504.38725
0
18
1150.58 -8.14e-14  1.23e-13   -39    -8     0
1152.26 -1.32e-13  1.15e-13   -39   -14     0
1153.94  1.37e-13  1.13e-13   -39    16     0
1155.61  8.11e-14  1.06e-13   -38     9     0
1157.29 -4.58e-14  9.56e-14   -38    -6     0
1158.97  6.93e-14  9.07e-14   -37     9     0
1160.64 -8.22e-15  8.12e-14   -37    -1     0
1162.32  2.27e-14  7.60e-14   -37     3     0
1163.99 -9.88e-14  7.01e-14   -36   -17     0
1165.67 -6.79e-14  6.09e-14   -36   -13     0
1167.35  8.62e-14  5.98e-14   -35    18     0
1169.02  3.62e-15  5.27e-14   -35     0     0
1170.70  5.56e-14  5.09e-14   -35    13     0
1172.38 -4.73e-14  4.55e-14   -34   -12     0
1174.05 -4.64e-14  6.29e-14   -34   -13     0
1175.73 -1.76e-14  3.95e-14   -33    -5     0
1177.41  1.90e-14  3.74e-14   -33     6     0
1179.08 -5.12e-14  3.45e-14   -33   -17     0
1180.76  4.51e-15  3.15e-14   -32     1     0
1182.43  1.27e-15  2.96e-14   -32     0     0
1184.11  2.20e-14  2.88e-14   -31     9     0
1185.79  5.07e-15  2.68e-14   -31     2     0
1187.46 -5.38e-15  2.53e-14   -31    -2     0
1189.14  2.42e-14  2.50e-14   -30    11     0
1190.82 -1.73e-14  3.12e-14   -30    -9     0
1192.49  1.87e-14  2.16e-14   -29    10     0
1194.17 -1.72e-14  2.21e-14   -29    -9     0
1195.85  1.42e-14  2.12e-14   -29     8     0
1197.52  2.19e-16  6.49e-14   -28     0 -4224
1199.20  1.52e-14  6.38e-14   -28     9 -4224
1200.87  5.04e-14  6.21e-14   -28    34 -4096
1202.55  1.37e-14  2.78e-14   -27     9 -4096
1204.23  8.40e-15  1.76e-14   -27     6     0
1205.90  1.76e-14  1.57e-14   -26    13     0
1207.58  3.97e-14  1.58e-14   -26    31     0
1209.26  1.11e-13  2.22e-14   -26    89     0
1210.93  9.89e-14  4.69e-14   -25    82     0
1212.61  3.37e-13  1.05e-13   -25   288     0
1214.29  3.61e-13  1.08e-13   -24   316     0
1215.96  3.06e-13  9.33e-14   -24   276     0
1217.64  2.38e-13  5.02e-14   -24   219     0
1219.32  2.26e-13  3.84e-14   -23   213     0
1220.99  1.29e-13  2.98e-14   -23   124     0
1222.67  8.10e-14  2.07e-14   -23    79     0
1224.34  3.36e-14  1.25e-14   -22    33     0
1226.02 -2.34e-15  1.03e-14   -22    -2     0
1227.70 -2.36e-15  1.00e-14   -21    -2     0
1229.37 -3.45e-15  9.80e-15   -21    -3     0
1231.05  4.31e-15  1.17e-14   -21     4     0
1232.73 -4.01e-15  9.35e-15   -20    -4     0
1234.40  8.68e-15  9.50e-15   -20     9     0
1236.08  2.17e-14  9.76e-15   -20    25     0
1237.76  1.26e-15  8.93e-15   -19     1     0
1239.43  2.73e-15  8.77e-15   -19     3     0
1241.11  8.05e-15  8.77e-15   -19     9     0
1242.78 -1.14e-14  8.33e-15   -18   -13     0
1244.46  1.88e-14  9.56e-15   -18    23     0
1246.14 -4.20e-17  8.20e-15   -17     0     0
1247.81  8.31e-15  9.56e-15   -17    10     0
1249.49 -7.82e-16  7.99e-15   -17     0     0
1251.17  1.08e-15  7.73e-15   -16     1     0
1252.84  1.16e-14  8.01e-15   -16    15     0
1254.52  7.37e-16  7.52e-15   -16     0     0
1256.20  2.27e-15  7.53e-15   -15     3     0
1257.87 -6.34e-15  7.43e-15   -15    -8     0
1259.55  2.02e-15  7.31e-15   -15     2     0
1261.22  2.35e-15  7.31e-15   -14     3     0
1262.90  5.53e-15  7.31e-15   -14     7     0
1264.58 -7.48e-15  8.37e-15   -14   -10     0
1266.25  3.92e-15  9.50e-15   -13     5     0
1267.93 -2.47e-15  6.76e-15   -13    -3     0
1269.61 -7.78e-15  6.70e-15   -13   -11     0
1271.28 -9.22e-15  6.72e-15   -12   -13     0
1272.96  2.30e-14  7.52e-15   -12    32     0
1274.64 -7.26e-15  6.87e-15   -12   -10     0
1276.31 -1.28e-14  6.73e-15   -11   -18     0
1277.99  4.62e-15  6.89e-15   -11     6     0
1279.67  8.03e-15  6.82e-15   -11    11     0
1281.34  4.40e-15  6.61e-15   -10     6     0
1283.02  1.00e-14  7.10e-15   -10    14     0
1284.69  1.91e-15  6.39e-15   -10     2     0
1286.37  8.06e-15  6.59e-15    -9    11     0
1288.05  1.23e-14  6.80e-15    -9    17     0
1289.72 -3.49e-15  6.21e-15    -9    -5     0
1291.40 -5.52e-16  6.18e-15    -9     0     0
1293.08  1.54e-14  6.77e-15    -8    22     0
1294.75  2.05e-14  6.96e-15    -8    30     0
1296.43 -1.13e-14  6.06e-15    -8   -16     0
1298.11  5.41e-16  6.01e-15    -7     0     0
1299.78 -1.91e-15  6.69e-15    -7    -2     0
1301.46  1.03e-14  6.80e-15    -7    15     0
1303.13 -2.58e-15  9.75e-15    -6    -3     0
1304.81  1.40e-15  7.88e-15    -6     2     0
1306.49  3.87e-15  6.38e-15    -6     5     0
1308.16  2.04e-14  8.39e-15    -6    29     0
1309.84  1.14e-14  6.65e-15    -5    16     0
1311.52 -2.27e-15  6.36e-15    -5    -3     0
1313.19 -1.46e-16  6.08e-15    -5     0     0
1314.87  3.01e-14  7.75e-15    -4    44     0
1316.55 -1.37e-14  9.74e-15    -4   -20     0
1318.22  1.31e-15  5.94e-15    -4     1     0
1319.90  1.91e-15  5.83e-15    -4     2     0
1321.57 -5.62e-15  5.95e-15    -3    -7     0
1323.25  2.39e-14  7.72e-15    -3    33     0
1324.93 -9.84e-15  9.05e-15    -3   -13     0
1326.60 -6.37e-15  8.44e-15    -3    -9     0
1328.28 -1.22e-15  5.91e-15    -2    -1     0
1329.96  1.85e-15  5.95e-15    -2     2     0
1331.63 -2.71e-16  7.01e-15    -2     0     0
1333.31  8.21e-15  1.09e-14    -2    11     0
1334.99  1.59e-14  8.52e-15    -1    22     0
1336.66  6.71e-15  6.47e-15    -1     9     0
1338.34  1.76e-14  6.80e-15    -1    25     0
1340.01 -2.80e-15  5.96e-15     0    -3     0
1341.69  6.00e-16  5.84e-15     0     0     0
1343.37  5.70e-15  6.12e-15     0     7     0
1345.04  1.36e-15  5.80e-15     0     1     0
1346.72  7.91e-16  5.80e-15     0     1     0
1348.40  4.12e-15  7.02e-15     0     5     0
1350.07  2.04e-14  6.68e-15     0    27     0
1351.75 -1.19e-14  5.99e-15     0   -16     0
1353.43 -8.68e-15  6.22e-15     0   -11     0
1355.10  4.31e-15  5.91e-15     1     5     0
1356.78  2.50e-16  5.77e-15     1     0     0
1358.46  3.13e-16  5.97e-15     1     0     0
1360.13  8.68e-15  6.52e-15     1    11     0
1361.81 -1.04e-14  5.91e-15     2   -13     0
1363.48 -5.69e-15  5.92e-15     2    -7     0
1365.16 -3.61e-15  5.92e-15     2    -4     0
1366.84 -5.51e-15  5.93e-15     2    -7     0
1368.51 -4.40e-15  5.94e-15     3    -5     0
1370.19  2.17e-14  6.82e-15     3    27     0
1371.87 -2.32e-15  5.92e-15     3    -2     0
1373.54  2.68e-15  6.03e-15     3     3     0
1375.22  1.11e-14  6.50e-15     3    13     0
1376.90 -1.03e-14  5.94e-15     4   -12     0
1378.57 -1.27e-14  5.95e-15     4   -15     0
1380.25 -7.05e-15  5.95e-15     4    -8     0
1381.92  4.31e-15  6.23e-15     4     5     0
1383.60 -3.37e-15  1.16e-14     5    -4     0
1385.28 -3.16e-15  6.74e-15     5    -3     0
1386.95 -1.64e-14  9.65e-15     5   -19     0
1388.63 -2.16e-15  6.08e-15     5    -2     0
1390.31 -1.03e-14  6.71e-15     5   -12     0
1391.98  1.50e-14  8.27e-15     6    17     0
1393.66  1.58e-14  6.94e-15     6    18     0
1395.34  4.34e-15  6.45e-15     6     5     0
1397.01 -3.18e-15  6.14e-15     6    -3     0
1398.69 -7.38e-15  6.17e-15     6    -8     0
1400.36 -3.43e-15  6.20e-15     7    -3     0
1402.04  8.42e-15  1.15e-14     7     9     0
1403.72  1.19e-14  1.39e-14     7    13     0
1405.39 -1.16e-14  7.07e-15     7   -12     0
1407.07  8.22e-15  6.84e-15     7     8     0
1408.75 -7.75e-16  8.37e-15     8     0     0
1410.42  1.56e-15  6.67e-15     8     1     0
1412.10  1.47e-14  7.70e-15     8    15     0
1413.78 -4.88e-15  7.22e-15     8    -5     0
1415.45  1.26e-14  7.40e-15     8    13     0
1417.13  1.66e-14  7.39e-15     8    17     0
1418.81 -9.68e-16  6.43e-15     9    -1     0
1420.48 -1.68e-14  7.22e-15     9   -17     0
1422.16 -9.82e-15  6.62e-15     9    -9     0
1423.83  1.67e-15  7.37e-15     9     1     0
1425.51  8.33e-15  7.97e-15     9     8     0
1427.19 -6.83e-15  6.56e-15    10    -6     0
1428.86 -1.03e-15  9.74e-15    10    -1     0
1430.54  5.50e-15  6.81e-15    10     5     0
1432.22 -1.60e-14  6.61e-15    10   -15     0
1433.89 -4.16e-15  8.55e-15    10    -4     0
1435.57 -1.73e-15  6.75e-15    10    -1     0
1437.25  3.40e-15  6.82e-15    11     3     0
1438.92 -1.49e-14  9.38e-15    11   -14     0
1440.60 -3.49e-16  6.65e-15    11     0     0
1442.27  8.29e-16  7.34e-15    11     0     0
1443.95  3.66e-15  6.80e-15    11     3     0
1445.63  1.94e-14  8.54e-15    11    18     0
1447.30 -3.41e-15  6.68e-15    12    -3     0
1448.98  8.62e-15  7.06e-15    12     8     0
1450.66  1.20e-14  7.26e-15    12    11     0
1452.33 -5.93e-15  6.61e-15    12    -5     0
1454.01 -4.58e-15  6.61e-15    12    -4     0
1455.69  7.45e-15  9.49e-15    12     6     0
1457.36  5.60e-15  6.86e-15    13     5     0
1459.04  7.00e-15  7.62e-15    13     6     0
1460.71  2.09e-14  7.59e-15    13    19     0
1462.39  2.73e-15  6.76e-15    13     2     0
1464.07 -4.22e-15  6.47e-15    13    -3     0
1465.74 -2.42e-15  6.68e-15    13    -2     0
1467.42  2.99e-15  6.66e-15    14     2     0
1469.10  7.08e-15  6.91e-15    14     6     0
1470.77  7.10e-15  7.09e-15    14     6     0
1472.45 -4.92e-15  6.64e-15    14    -4     0
1474.13  1.24e-14  8.06e-15    14    11     0
1475.80  1.13e-14  7.11e-15    14    10     0
1477.48 -9.16e-15  6.60e-15    14    -8     0
1479.16  4.39e-15  8.18e-15    15     3     0
1480.83 -8.80e-16  7.93e-15    15     0     0
1482.51 -7.92e-15  6.59e-15    15    -6     0
1484.18 -5.95e-15  6.58e-15    15    -5     0
1485.86  1.84e-14  7.38e-15    15    16     0
1487.54 -3.23e-15  6.46e-15    15    -2     0
1489.21  2.35e-15  6.50e-15    16     2     0
1490.89 -4.24e-15  6.75e-15    16    -3     0
1492.57  6.99e-15  6.87e-15    16     6     0
1494.24 -3.65e-15  7.76e-15    16    -3     0
1495.92 -2.67e-15  6.48e-15    16    -2     0
1497.60  2.19e-16  6.42e-15    16     0     0
1499.27 -2.70e-15  7.26e-15    16    -2     0
1500.95 -4.59e-15  7.37e-15    17    -4     0
1502.62  5.18e-16  6.39e-15    17     0     0
1504.30 -8.08e-15  6.38e-15    17    -7     0
1505.98  1.09e-14  7.50e-15    17     9     0
1507.65  1.64e-15  6.39e-15    17     1     0
1509.33 -7.99e-15  6.35e-15    17    -6     0
1511.01 -5.03e-15  6.45e-15    17    -4     0
1512.68  7.35e-15  7.26e-15    17     6     0
1514.36  2.02e-16  8.01e-15    18     0     0
1516.04  1.17e-14  7.01e-15    18     9     0
1517.71 -6.68e-15  6.60e-15    18    -5     0
1519.39 -5.74e-15  6.71e-15    18    -4     0
1521.06 -3.22e-15  6.52e-15    18    -2     0
1522.74 -3.45e-16  7.78e-15    18     0     0
1524.42 -1.00e-15  6.52e-15    18     0     0
1526.09 -1.39e-15  6.53e-15    19    -1     0
1527.77  7.02e-15  6.85e-15    19     5     0
1529.45 -2.16e-14  6.49e-15    19   -17     0
1531.12  6.81e-16  6.40e-15    19     0     0
1532.80  5.14e-15  6.73e-15    19     4     0
1534.48  6.19e-16  6.38e-15    19     0     0
1536.15 -7.63e-15  6.30e-15    19    -6     0
1537.83 -3.09e-15  8.14e-15    20    -2     0
1539.50  1.07e-14  8.04e-15    20     8     0
1541.18 -2.25e-16  6.23e-15    20     0     0
1542.86  3.17e-15  6.62e-15    20     2     0
1544.53  2.50e-15  6.26e-15    20     2     0
1546.21  1.87e-14  1.11e-14    20    15     0
1547.89  2.96e-15  6.54e-15    20     2     0
1549.56  2.30e-14  7.89e-15    20    18     0
1551.24  1.96e-14  8.97e-15    21    15     0
1552.92  1.19e-14  6.80e-15    21     9     0
1554.59 -1.36e-15  6.87e-15    21    -1     0
1556.27  1.31e-14  6.69e-15    21    10     0
1557.95 -7.91e-15  6.05e-15    21    -6     0
1559.62  1.51e-14  6.90e-15    21    12     0
1561.30  4.43e-15  6.96e-15    21     3     0
1562.97  1.81e-14  6.88e-15    21    14     0
1564.65  9.30e-15  6.44e-15    22     7     0
1566.33  4.93e-15  6.04e-15    22     4     0
1568.00 -1.14e-14  5.72e-15    22    -9     0
1569.68 -3.59e-15  5.69e-15    22    -3     0
1571.36  1.87e-14  6.70e-15    22    15     0
1573.03  1.94e-14  6.90e-15    22    15     0
1574.71 -4.59e-15  5.81e-15    22    -3     0
1576.39  7.87e-16  5.79e-15    22     0     0
1578.06  1.08e-14  6.82e-15    23     8     0
1579.74  1.20e-14  6.39e-15    23     9     0
1581.41 -6.91e-15  5.70e-15    23    -5     0
1583.09 -1.03e-14  5.74e-15    23    -8     0
1584.77  3.11e-15  6.44e-15    23     2     0
1586.44  1.35e-15  6.37e-15    23     1     0
1588.12 -6.00e-16  8.25e-15    23     0     0
1589.80  1.67e-14  7.71e-15    23    13     0
1591.47 -4.58e-15  7.64e-15    24    -3     0
1593.15  6.19e-15  5.73e-15    24     5     0
1594.83  1.25e-14  6.07e-15    24    10     0
1596.50  8.29e-15  6.28e-15    24     6     0
1598.18 -8.72e-15  5.96e-15    24    -7     0
1599.85  1.24e-14  5.95e-15    24    10     0
1601.53  4.83e-15  5.44e-15    24     4     0
1603.21 -1.63e-15  5.93e-15    24    -1     0
1604.88  1.17e-15  6.12e-15    25     1     0
1606.56 -7.17e-15  5.22e-15    25    -6     0
1608.24 -1.21e-14  5.19e-15    25   -10     0
1609.91  1.03e-14  5.61e-15    25     8     0
1611.59 -1.68e-14  5.73e-15    25   -14     0
1613.27  1.10e-14  5.78e-15    25     9     0
1614.94  3.99e-15  5.22e-15    25     3     0
1616.62 -4.28e-15  6.95e-15    25    -3     0
1618.30 -9.10e-16  5.46e-15    25     0     0
1619.97  5.50e-15  5.24e-15    26     4     0
1621.65 -1.00e-14  4.88e-15    26    -8     0
1623.32  7.22e-15  5.97e-15    26     6     0
1625.00  5.92e-15  5.09e-15    26     5     0
1626.68  1.46e-14  7.11e-15    26    12     0
1628.35 -5.68e-16  4.76e-15    26     0     0
1630.03 -8.58e-15  8.00e-15    26    -7     0
1631.71  9.91e-15  5.33e-15    26     8     0
1633.38 -1.58e-16  5.05e-15    26     0     0
1635.06  9.18e-15  9.00e-15    27     8     0
1636.74  1.26e-14  9.41e-15    27    11     0
1638.41  1.97e-14  6.18e-15    27    17     0
1640.09 -3.61e-16  8.77e-15    27     0     0
1641.76  1.81e-14  6.08e-15    27    16     0
1643.44  1.08e-14  1.05e-14    27     9     0
1645.12  5.48e-15  4.80e-15    27     4     0
1646.79  4.60e-15  4.92e-15    27     4     0
1648.47  4.46e-15  4.62e-15    27     4     0
1650.15  9.86e-15  4.98e-15    28     8     0
1651.82  1.32e-14  5.14e-15    28    11     0
1653.50 -2.29e-15  4.34e-15    28    -2     0
1655.18 -6.96e-15  4.27e-15    28    -6     0
1656.85  5.02e-15  4.97e-15    28     4     0
1658.53  1.33e-14  4.95e-15    28    12     0
1660.20  2.95e-15  4.28e-15    28     2     0
1661.88 -5.21e-15  4.08e-15    28    -4     0
1663.56 -4.07e-15  4.07e-15    28    -3     0
1665.23  3.76e-15  5.15e-15    28     3     0
1666.91  1.44e-14  4.97e-15    29    13     0
1668.59  1.22e-15  4.12e-15    29     1     0
1670.26 -4.71e-15  3.96e-15    29    -4     0
1671.94  1.16e-14  4.56e-15    29    11     0
1673.62 -5.88e-17  4.06e-15    29     0     0
1675.29 -1.11e-15  3.79e-15    29    -1     0
1676.97 -2.93e-15  3.98e-15    29    -2     0
1678.65 -8.48e-16  3.72e-15    29     0     0
1680.32  2.81e-15  3.91e-15    29     2     0
1682.00  1.12e-15  3.88e-15    30     1     0
1683.67  2.03e-15  3.76e-15    30     2     0
1685.35  2.42e-15  3.81e-15    30     2     0
1687.03  3.95e-15  3.86e-15    30     3     0
1688.70 -4.19e-15  3.62e-15    30    -4     0
1690.38 -1.66e-16  3.56e-15    30     0     0
1692.06 -2.39e-15  3.53e-15    30    -2     0
1693.73  3.64e-16  3.50e-15    30     0     0
1695.41 -4.35e-15  3.74e-15    30    -4     0
1697.09  8.42e-15  3.90e-15    30     8     0
1698.76  5.60e-16  3.40e-15    30     0     0
1700.44  1.51e-15  3.35e-15    31     1     0
1702.11 -2.52e-15  3.30e-15    31    -2     0
1703.79 -9.39e-17  3.30e-15    31     0     0
1705.47  5.46e-15  3.57e-15    31     5     0
1707.14 -7.44e-16  3.25e-15    31     0     0
1708.82  1.95e-15  3.34e-15    31     2     0
1710.50  9.80e-16  3.24e-15    31     1     0
1712.17  6.43e-15  3.47e-15    31     6     0
1713.85 -3.20e-16  3.13e-15    31     0     0
1715.53  3.33e-15  3.35e-15    31     3     0
1717.20  9.16e-15  3.62e-15    31     9     0
1718.88 -2.74e-15  3.05e-15    32    -2     0
1720.55 -5.88e-15  2.95e-15    32    -6     0
1722.23  2.06e-15  2.98e-15    32     2     0
1723.91 -7.11e-16  2.90e-15    32     0     0
1725.58 -3.86e-15  2.97e-15    32    -4     0
1727.26  8.20e-15  3.39e-15    32     9     0
1728.94  1.10e-15  2.94e-15    32     1     0
1730.61 -4.17e-15  2.86e-15    32    -4     0
1732.29  2.62e-16  2.83e-15    32     0     0
1733.97  4.28e-16  2.80e-15    32     0     0
1735.64  1.15e-15  2.82e-15    32     1     0
1737.32  2.40e-15  2.85e-15    32     2     0
1738.99  1.11e-15  2.87e-15    32     1     0
1740.67 -2.64e-15  2.62e-15    33    -3     0
1742.35 -3.83e-15  2.59e-15    33    -4     0
1744.02 -4.67e-15  3.90e-15    33    -5     0
1745.70 -4.43e-15  2.75e-15    33    -5     0
1747.38 -7.95e-16  2.54e-15    33     0     0
1749.05  2.89e-15  2.64e-15    33     3     0
1750.73  6.47e-15  2.86e-15    33     7     0
1752.41 -6.18e-16  2.44e-15    33     0     0
1754.08  4.36e-15  2.66e-15    33     5     0
1755.76  7.93e-15  2.85e-15    33     9     0
1757.44  7.42e-16  3.57e-15    33     0     0
1759.11  2.45e-17  2.38e-15    33     0     0
1760.79  1.57e-15  2.45e-15    33     1     0
1762.46 -1.74e-15  2.34e-15    33    -2     0
1764.14 -3.56e-15  2.31e-15    34    -4     0
1765.82 -4.48e-15  2.28e-15    34    -5     0
1767.49 -9.69e-17  2.26e-15    34     0     0
1769.17 -1.44e-15  2.24e-15    34    -1     0
1770.85  2.22e-15  2.33e-15    34     2     0
1772.52  2.01e-15  4.33e-15    34     2     0
1774.20 -7.09e-16  2.16e-15    34     0     0
1775.88 -7.04e-16  2.14e-15    34     0     0
1777.55 -5.68e-15  2.14e-15    34    -7     0
1779.23 -4.87e-15  2.10e-15    34    -6     0
1780.90 -2.03e-15  2.09e-15    34    -2     0
1782.58 -4.73e-15  2.07e-15    34    -6     0
1784.26 -3.11e-15  2.05e-15    34    -4     0
1785.93 -9.48e-16  2.03e-15    34    -1     0
1787.61 -2.07e-15  2.29e-15    34    -2     0
1789.29 -5.32e-16  1.96e-15    34     0     0
1790.96  1.36e-15  2.04e-15    34     1     0
1792.64 -3.92e-15  1.96e-15    34    -5     0
1794.32 -2.30e-16  3.30e-15    35     0 -4096
1795.99  2.81e-15  3.57e-15    35     3 -4096
1797.67 -1.56e-15  2.11e-15    35    -2     0
1799.34 -4.96e-15  1.91e-15    35    -6     0
1801.02 -1.74e-16  1.87e-15    35     0     0
1802.70  5.03e-15  2.12e-15    35     6     0
1804.37  1.93e-15  1.95e-15    35     2     0
1806.05 -1.51e-16  1.85e-15    35     0     0
1807.73  6.01e-16  1.83e-15    35     0     0
1809.40  2.07e-15  2.52e-15    35     2     0
1811.08  5.54e-15  2.27e-15    35     7     0
1812.76 -1.25e-18  1.92e-15    35     0     0
1814.43  1.36e-15  1.82e-15    35     1     0
1816.11  3.88e-15  2.53e-15    35     5     0
1817.79  7.32e-15  2.40e-15    35    10     0
1819.46  6.21e-15  3.14e-15    35     8     0
1821.14  3.22e-16  1.77e-15    35     0     0
1822.81 -3.93e-15  1.71e-15    35    -5     0
1824.49 -8.04e-16  1.69e-15    35    -1     0
1826.17  7.36e-16  1.75e-15    35     1     0
1827.84 -1.52e-15  1.71e-15    35    -2     0
1829.52 -2.68e-15  1.68e-15    35    -3     0
1831.20 -4.32e-16  1.68e-15    35     0     0
1832.87 -1.95e-15  1.77e-15    35    -2     0
1834.55 -8.82e-16  1.66e-15    36    -1     0
1836.23 -7.95e-16  1.58e-15    36    -1     0
1837.90 -1.07e-16  1.57e-15    36     0     0
1839.58 -3.72e-15  1.56e-15    36    -5     0
1841.25 -3.47e-18  1.57e-15    36     0     0
1842.93  7.89e-16  1.60e-15    36     1     0
1844.61 -1.15e-15  1.55e-15    36    -1     0
1846.28  3.98e-17  1.54e-15    36     0     0
1847.96  8.97e-16  1.54e-15    36     1     0
1849.64  2.37e-16  1.52e-15    36     0     0
1851.31 -3.28e-15  1.55e-15    36    -4     0
1852.99 -1.44e-15  1.55e-15    36    -2     0
1854.67 -2.04e-16  1.63e-15    36     0     0
1856.34  2.02e-16  1.55e-15    36     0     0
1858.02 -8.29e-16  1.55e-15    36    -1     0
1859.69  2.40e-16  1.55e-15    36     0     0
1861.37  1.02e-15  1.54e-15    36     1     0
1863.05  8.22e-16  1.55e-15    36     1     0
1864.72 -4.31e-16  1.55e-15    36     0     0
1866.40  1.93e-15  1.57e-15    36     2     0
1868.08 -1.18e-15  1.57e-15    36    -1     0
1869.75 -2.59e-16  1.57e-15    36     0     0
1871.43  8.45e-16  1.59e-15    36     1     0
1873.11  1.84e-15  1.59e-15    36     2     0
1874.78 -2.21e-15  1.63e-15    36    -3     0
1876.46 -1.10e-15  1.59e-15    36    -1     0
1878.14  1.82e-16  2.18e-15    36     0     0
1879.81  1.14e-16  1.60e-15    36     0     0
1881.49 -4.44e-16  1.60e-15    36     0     0
1883.16 -1.96e-15  1.60e-15    36    -2     0
1884.84  4.83e-16  1.63e-15    36     0     0
1886.52  1.10e-15  1.61e-15    36     1     0
1888.19 -6.77e-16  1.62e-15    36     0     0
1889.87 -4.52e-16  1.62e-15    37     0     0
1891.55 -1.14e-15  1.62e-15    37    -1     0
1893.22 -1.97e-15  1.63e-15    37    -2     0
1894.90  1.74e-15  1.65e-15    37     2     0
1896.58  2.02e-15  1.62e-15    37     2     0
1898.25  2.96e-15  1.63e-15    37     3     0
1899.93  8.31e-16  1.63e-15    37     1     0
1901.60  8.21e-16  1.64e-15    37     1     0
1903.28 -7.13e-17  1.64e-15    37     0     0
1904.96 -9.30e-16  1.64e-15    37    -1     0
1906.63  2.77e-15  1.63e-15    37     3     0
1908.31  3.05e-15  1.63e-15    37     4     0
1909.99  2.83e-15  1.63e-15    37     3     0
1911.66  2.50e-15  1.66e-15    37     3     0
1913.34 -1.48e-15  1.66e-15    37    -1     0
1915.02  3.52e-16  1.69e-15    37     0     0
1916.69  6.82e-16  1.69e-15    37     0     0
1918.37  1.77e-15  1.69e-15    37     2     0
1920.04  1.95e-15  1.68e-15    37     2     0
1921.72  3.66e-15  1.68e-15    37     4     0
1923.40  6.55e-15  1.68e-15    37     8     0
1925.07  3.17e-15  1.67e-15    37     4     0
1926.75  3.71e-15  1.67e-15    37     4     0
1928.43  9.37e-16  1.67e-15    37     1     0
1930.10  1.01e-15  1.65e-15    37     1     0
1931.78  8.95e-16  1.65e-15    38     1     0
1933.46  4.56e-16  1.65e-15    38     0     0
1935.13 -1.08e-15  1.66e-15    38    -1     0
1936.81  2.83e-15  1.66e-15    38     3     0
1938.48  2.94e-15  1.66e-15    38     3     0
1940.16  3.89e-16  1.66e-15    38     0     0
1941.84  2.15e-15  1.76e-15    38     2     0
1943.51 -6.40e-16  1.71e-15    38     0     0
1945.19  1.50e-15  1.63e-15    38     1     0
1946.87 -1.20e-15  1.62e-15    38    -1     0
1948.54 -1.06e-15  1.62e-15    38    -1     0
1950.22  3.73e-15  1.63e-15    38     4     0
1951.90  3.95e-15  1.63e-15    38     5     0
1953.57  5.27e-15  1.62e-15    38     7     0
1955.25  2.64e-15  1.61e-15    39     3     0
1956.93  1.88e-15  1.60e-15    39     2     0
1958.60  3.89e-15  1.60e-15    39     5     0
1960.28 -1.15e-16  1.58e-15    39     0     0
1961.95  2.02e-15  1.58e-15    39     2     0
1963.63  4.94e-15  1.58e-15    39     6     0
1965.31  4.75e-15  1.58e-15    39     6     0
1966.98  1.39e-15  1.58e-15    39     1     0
1968.66  1.15e-15  1.59e-15    39     1     0
1970.34  3.72e-15  1.58e-15    40     5     0
1972.01  1.09e-15  1.59e-15    40     1     0
1973.69  6.18e-16  1.60e-15    40     0     0
1975.37  6.21e-16  1.61e-15    40     0     0
1977.04  9.08e-16  1.62e-15    40     1     0
1978.72  3.07e-15  1.62e-15    40     4     0
