NOT ORIGINAL IUE PROJECT DATA PRODUCT
SWP42376LOWLARGE
HD  197481
20:42:04
-31:31:05
48
NO-TRAIL
NO
01499.825
02/09/91
17:56:23
245
09.20
13/02/96
VILSPA
2448502.24749
0
18
1150.58  4.93e-14  1.23e-13   -70     5     0
1152.26  2.72e-13  1.24e-13   -70    29     0
1153.94  4.76e-14  1.07e-13   -69     5     0
1155.61 -1.17e-14  1.02e-13   -69    -1     0
1157.29  6.44e-14  9.64e-14   -68     8     0
1158.97  5.49e-14  8.86e-14   -68     7     0
1160.64  7.57e-14  8.28e-14   -68    11     0
1162.32 -7.02e-14  8.94e-14   -67   -11     0
1163.99  7.15e-14  7.15e-14   -67    12     0
1165.67  9.90e-14  6.36e-14   -66    19     0
1167.35  3.51e-14  5.70e-14   -66     7     0
1169.02  1.33e-13  5.70e-14   -66    30     0
1170.70 -6.05e-15  4.80e-14   -65    -1     0
1172.38 -9.93e-14  4.49e-14   -65   -26     0
1174.05  3.90e-14  4.31e-14   -64    10     0
1175.73  7.48e-14  4.78e-14   -64    22     0
1177.41 -2.28e-14  3.62e-14   -64    -7     0
1179.08 -2.71e-15  3.39e-14   -63     0     0
1180.76  4.61e-14  3.25e-14   -63    17     0
1182.43  9.94e-15  2.94e-14   -63     3     0
1184.11  2.62e-14  2.84e-14   -62    10     0
1185.79 -5.41e-15  2.61e-14   -62    -2     0
1187.46  2.13e-14  2.56e-14   -62     9     0
1189.14 -1.14e-14  2.41e-14   -61    -5     0
1190.82 -1.40e-14  2.15e-14   -61    -7     0
1192.49  1.85e-14  2.35e-14   -60    10     0
1194.17  1.99e-14  2.83e-14   -60    11     0
1195.85 -6.47e-14  3.13e-14   -60   -38 -4224
1197.52  4.57e-14  6.65e-14   -59    28 -4224
1199.20  2.76e-14  3.06e-14   -59    17 -4096
1200.87  1.18e-14  1.83e-14   -59     8     0
1202.55  2.19e-15  1.66e-14   -58     1     0
1204.23  3.46e-14  1.63e-14   -58    24     0
1205.90  4.18e-14  1.61e-14   -58    31     0
1207.58  6.72e-14  3.64e-14   -57    51     0
1209.26  1.91e-13  4.96e-14   -57   150     0
1210.93  4.38e-13  7.13e-14   -57   359     0
1212.61  7.34e-13  1.12e-13   -56   619     0
1214.29  8.87e-13  1.43e-13   -56   767     0
1215.96  8.23e-13  1.36e-13   -56   732     0
1217.64  5.47e-13  4.27e-14   -55   498     0
1219.32  3.43e-13  2.97e-14   -55   319     0
1220.99  1.57e-13  3.38e-14   -54   150     0
1222.67  5.47e-14  2.49e-14   -54    53     0
1224.34 -8.84e-15  1.31e-14   -54    -8     0
1226.02  9.06e-15  1.03e-14   -53     9     0
1227.70  7.94e-15  1.00e-14   -53     8     0
1229.37  9.00e-15  9.89e-15   -53     9     0
1231.05  4.54e-15  9.46e-15   -52     4     0
1232.73  1.18e-14  9.55e-15   -52    13     0
1234.40  2.58e-14  1.00e-14   -52    28     0
1236.08  3.10e-15  8.82e-15   -51     3     0
1237.76  2.21e-14  9.47e-15   -51    25     0
1239.43  1.95e-14  9.27e-15   -51    22     0
1241.11  8.90e-15  8.59e-15   -50    10     0
1242.78  1.36e-14  8.67e-15   -50    16     0
1244.46 -1.16e-14  7.97e-15   -50   -14     0
1246.14  7.85e-15  8.29e-15   -49     9     0
1247.81  6.00e-15  8.11e-15   -49     7     0
1249.49  1.78e-14  8.55e-15   -49    22     0
1251.17  4.69e-15  7.71e-15   -48     6     0
1252.84  4.77e-15  7.56e-15   -48     6     0
1254.52  1.15e-15  7.31e-15   -48     1     0
1256.20  5.99e-15  7.42e-15   -47     7     0
1257.87  1.57e-14  7.83e-15   -47    20     0
1259.55  4.75e-16  8.48e-15   -47     0     0
1261.22  3.59e-15  7.07e-15   -46     4     0
1262.90  1.54e-15  6.89e-15   -46     2     0
1264.58  9.29e-15  7.18e-15   -46    12     0
1266.25 -6.63e-16  6.59e-15   -45     0     0
1267.93 -1.28e-15  6.53e-15   -45    -1     0
1269.61  4.02e-15  6.60e-15   -45     5     0
1271.28 -6.58e-15  6.49e-15   -44    -9     0
1272.96 -4.85e-16  6.50e-15   -44     0     0
1274.64  5.12e-15  6.59e-15   -44     7     0
1276.31  4.99e-15  6.65e-15   -43     6     0
1277.99 -6.60e-15  6.40e-15   -43    -9     0
1279.67  4.48e-15  6.55e-15   -43     6     0
1281.34  8.53e-15  6.57e-15   -42    12     0
1283.02 -1.33e-15  6.17e-15   -42    -1     0
1284.69  4.16e-15  6.32e-15   -42     5     0
1286.37  8.39e-15  6.43e-15   -41    12     0
1288.05 -8.07e-15  6.02e-15   -41   -11     0
1289.72  1.01e-14  6.45e-15   -41    14     0
1291.40  8.77e-15  6.36e-15   -40    12     0
1293.08  7.38e-15  6.25e-15   -40    10     0
1294.75  2.79e-15  5.99e-15   -39     4     0
1296.43  7.75e-15  6.13e-15   -39    11     0
1298.11  5.74e-15  6.01e-15   -39     8     0
1299.78  2.31e-15  5.85e-15   -38     3     0
1301.46 -9.72e-15  5.81e-15   -38   -14     0
1303.13  1.49e-14  6.49e-15   -38    21     0
1304.81  2.11e-14  6.74e-15   -37    30     0
1306.49  1.83e-14  6.68e-15   -37    26     0
1308.16  4.87e-15  6.24e-15   -37     6     0
1309.84 -9.41e-16  6.57e-15   -36    -1     0
1311.52  4.23e-15  6.38e-15   -36     6     0
1313.19  4.35e-15  5.77e-15   -36     6     0
1314.87 -1.98e-14  6.03e-15   -35   -28     0
1316.55  1.04e-14  6.01e-15   -35    15     0
1318.22  6.78e-15  5.84e-15   -35     9     0
1319.90 -1.66e-14  6.86e-15   -34   -24     0
1321.57 -1.05e-14  5.87e-15   -34   -14     0
1323.25  4.15e-15  6.10e-15   -34     5     0
1324.93 -1.30e-16  5.74e-15   -33     0     0
1326.60 -5.25e-15  6.10e-15   -33    -7     0
1328.28  2.12e-15  5.71e-15   -33     2     0
1329.96  4.45e-15  5.81e-15   -32     6     0
1331.63  1.48e-14  6.48e-15   -32    20     0
1333.31  1.18e-14  6.12e-15   -32    16     0
1334.99  3.67e-14  7.19e-15   -31    50     0
1336.66  3.45e-14  7.03e-15   -31    48     0
1338.34  1.11e-14  5.96e-15   -31    15     0
1340.01  8.61e-15  5.99e-15   -30    11     0
1341.69  7.32e-15  5.94e-15   -30    10     0
1343.37 -8.21e-15  5.57e-15   -30   -11     0
1345.04  1.61e-15  5.57e-15   -29     2     0
1346.72  1.62e-15  5.62e-15   -29     2     0
1348.40  2.49e-15  5.62e-15   -28     3     0
1350.07 -2.75e-16  5.54e-15   -28     0     0
1351.75 -2.08e-15  5.73e-15   -28    -2     0
1353.43 -2.34e-15  8.18e-15   -27    -3     0
1355.10  7.40e-15  5.88e-15   -27     9     0
1356.78  1.20e-14  6.02e-15   -27    16     0
1358.46  2.10e-15  5.60e-15   -26     2     0
1360.13 -1.17e-15  5.64e-15   -26    -1     0
1361.81  4.07e-15  5.85e-15   -26     5     0
1363.48  2.84e-15  5.75e-15   -25     3     0
1365.16  1.13e-15  5.70e-15   -25     1     0
1366.84 -3.99e-17  6.37e-15   -25     0     0
1368.51  4.49e-15  5.88e-15   -24     5     0
1370.19 -3.50e-15  5.64e-15   -24    -4     0
1371.87  5.00e-15  5.91e-15   -24     6     0
1373.54  3.74e-15  5.86e-15   -23     4     0
1375.22  3.93e-15  5.86e-15   -23     4     0
1376.90  3.75e-15  5.92e-15   -23     4     0
1378.57  3.78e-15  5.86e-15   -22     4     0
1380.25  3.97e-15  5.88e-15   -22     4     0
1381.92 -5.24e-15  6.56e-15   -22    -6     0
1383.60 -3.51e-15  5.71e-15   -21    -4     0
1385.28 -4.74e-15  6.09e-15   -21    -5     0
1386.95  4.20e-15  5.89e-15   -21     5     0
1388.63 -1.06e-15  5.73e-15   -20    -1     0
1390.31  1.05e-14  6.35e-15   -20    12     0
1391.98  1.25e-15  5.97e-15   -20     1     0
1393.66  6.03e-15  6.25e-15   -19     6     0
1395.34  7.85e-15  6.23e-15   -19     9     0
1397.01  4.91e-16  5.86e-15   -19     0     0
1398.69  5.76e-15  6.16e-15   -18     6     0
1400.36  3.26e-15  6.06e-15   -18     3     0
1402.04  4.75e-15  6.19e-15   -18     5     0
1403.72 -2.70e-16  5.95e-15   -17     0     0
1405.39  1.25e-14  6.67e-15   -17    13     0
1407.07  9.36e-15  6.48e-15   -17    10     0
1408.75  8.31e-15  6.45e-15   -16     8     0
1410.42  9.60e-16  6.10e-15   -16     1     0
1412.10 -1.12e-15  7.11e-15   -16    -1     0
1413.78  1.70e-14  6.92e-15   -15    17     0
1415.45  1.08e-14  6.53e-15   -15    11     0
1417.13 -2.42e-15  6.01e-15   -15    -2     0
1418.81 -3.91e-17  6.05e-15   -14     0     0
1420.48 -1.14e-14  6.30e-15   -14   -11     0
1422.16 -4.64e-15  6.32e-15   -14    -4     0
1423.83 -9.33e-15  6.34e-15   -13    -9     0
1425.51  3.22e-15  6.36e-15   -13     3     0
1427.19  5.97e-15  6.54e-15   -13     5     0
1428.86  7.06e-15  6.64e-15   -12     6     0
1430.54  7.06e-15  6.66e-15   -12     6     0
1432.22  6.53e-15  6.66e-15   -12     6     0
1433.89  9.33e-15  6.83e-15   -11     9     0
1435.57  1.46e-14  7.17e-15   -11    13     0
1437.25 -1.44e-15  6.43e-15   -11    -1     0
1438.92  7.96e-15  6.81e-15   -10     7     0
1440.60  2.62e-15  9.92e-15   -10     2     0
1442.27 -3.93e-16  6.36e-15   -10     0     0
1443.95  7.36e-15  6.68e-15    -9     6     0
1445.63 -9.96e-16  6.38e-15    -9     0     0
1447.30 -3.86e-15  6.38e-15    -9    -3     0
1448.98  2.32e-15  6.49e-15    -9     2     0
1450.66  3.72e-15  6.48e-15    -8     3     0
1452.33  4.46e-15  6.46e-15    -8     4     0
1454.01  4.70e-15  6.51e-15    -8     4     0
1455.69 -1.36e-14  6.34e-15    -7   -12     0
1457.36  4.56e-15  6.59e-15    -7     4     0
1459.04  1.02e-14  6.88e-15    -7     9     0
1460.71  7.21e-15  6.59e-15    -6     6     0
1462.39  8.54e-15  6.66e-15    -6     7     0
1464.07  2.30e-15  6.25e-15    -6     2     0
1465.74  2.79e-15  6.41e-15    -6     2     0
1467.42  7.55e-15  6.63e-15    -5     6     0
1469.10  5.15e-15  6.49e-15    -5     4     0
1470.77  9.05e-15  6.89e-15    -5     8     0
1472.45  8.88e-15  6.82e-15    -4     7     0
1474.13 -9.63e-15  6.33e-15    -4    -8     0
1475.80 -1.58e-15  6.33e-15    -4    -1     0
1477.48 -8.25e-15  6.32e-15    -4    -7     0
1479.16 -5.20e-15  7.17e-15    -3    -4     0
1480.83  9.52e-15  6.80e-15    -3     8     0
1482.51  5.24e-15  6.60e-15    -3     4     0
1484.18  1.33e-14  7.04e-15    -2    11     0
1485.86 -9.39e-15  6.36e-15    -2    -8     0
1487.54  4.95e-15  6.38e-15    -2     4     0
1489.21 -5.79e-16  6.18e-15    -2     0     0
1490.89  1.50e-15  6.34e-15    -1     1     0
1492.57  4.05e-15  6.47e-15    -1     3     0
1494.24  7.47e-15  6.63e-15    -1     6     0
1495.92  6.44e-15  6.62e-15     0     5     0
1497.60 -8.08e-15  6.15e-15     0    -6     0
1499.27  2.17e-15  6.24e-15     0     1     0
1500.95  7.29e-15  6.51e-15     0     6     0
1502.62  9.19e-15  6.60e-15     0     7     0
1504.30  3.16e-15  6.23e-15     0     2     0
1505.98 -1.02e-14  6.08e-15     0    -8     0
1507.65 -9.13e-17  6.08e-15     0     0     0
1509.33  2.47e-15  6.18e-15     1     2     0
1511.01  1.24e-14  6.89e-15     1    10     0
1512.68  8.95e-15  6.69e-15     1     7     0
1514.36 -5.23e-15  6.19e-15     1    -4     0
1516.04 -9.66e-15  6.23e-15     2    -7     0
1517.71  3.99e-15  6.46e-15     2     3     0
1519.39  1.18e-14  6.84e-15     2     9     0
1521.06  1.71e-14  7.18e-15     2    13     0
1522.74  6.41e-15  6.63e-15     3     5     0
1524.42  9.89e-15  6.76e-15     3     7     0
1526.09  6.86e-15  6.64e-15     3     5     0
1527.77 -6.20e-15  6.24e-15     3    -4     0
1529.45  1.22e-14  6.92e-15     4     9     0
1531.12  8.64e-15  6.56e-15     4     6     0
1532.80  7.72e-15  6.49e-15     4     6     0
1534.48  2.79e-15  6.22e-15     4     2     0
1536.15  4.80e-15  6.29e-15     4     3     0
1537.83  5.85e-15  6.33e-15     5     4     0
1539.50 -9.18e-15  6.01e-15     5    -7     0
1541.18  9.61e-15  6.49e-15     5     7     0
1542.86  9.19e-15  6.45e-15     5     7     0
1544.53  2.51e-14  7.35e-15     6    20     0
1546.21  3.97e-14  8.00e-15     6    31     0
1547.89  4.70e-14  8.38e-15     6    37     0
1549.56  4.44e-14  8.32e-15     6    35     0
1551.24  3.95e-14  8.01e-15     6    31     0
1552.92  1.29e-14  6.46e-15     7    10     0
1554.59  9.87e-15  6.43e-15     7     7     0
1556.27 -6.73e-16  5.78e-15     7     0     0
1557.95  4.94e-15  6.02e-15     7     3     0
1559.62 -2.34e-15  5.73e-15     7    -1     0
1561.30  1.04e-14  6.34e-15     8     8     0
1562.97  2.40e-15  5.83e-15     8     1     0
1564.65  2.07e-15  5.80e-15     8     1     0
1566.33  2.37e-15  5.62e-15     8     1     0
1568.00  3.54e-15  5.71e-15     8     2     0
1569.68  1.68e-15  5.56e-15     9     1     0
1571.36  2.90e-15  5.74e-15     9     2     0
1573.03  7.76e-15  6.01e-15     9     6     0
1574.71 -9.86e-15  5.53e-15     9    -7     0
1576.39  5.60e-15  5.90e-15     9     4     0
1578.06  6.46e-15  5.83e-15    10     5     0
1579.74  9.72e-15  6.07e-15    10     7     0
1581.41  4.13e-16  6.30e-15    10     0     0
1583.09 -4.78e-15  5.38e-15    10    -3     0
1584.77  1.10e-14  5.99e-15    10     9     0
1586.44  1.93e-14  6.76e-15    10    15     0
1588.12  7.14e-15  5.66e-15    11     5     0
1589.80  6.78e-15  5.50e-15    11     5     0
1591.47  5.36e-15  5.55e-15    11     4     0
1593.15  1.29e-16  5.24e-15    11     0     0
1594.83 -1.46e-15  5.21e-15    11    -1     0
1596.50  1.31e-14  5.88e-15    11    10     0
1598.18  2.03e-15  5.21e-15    12     1     0
1599.85  1.86e-15  5.09e-15    12     1     0
1601.53  5.23e-15  5.29e-15    12     4     0
1603.21  9.31e-15  5.54e-15    12     7     0
1604.88 -1.01e-14  4.96e-15    12    -8     0
1606.56 -1.08e-15  5.02e-15    12     0     0
1608.24  5.92e-16  5.00e-15    12     0     0
1609.91  3.86e-16  4.96e-15    13     0     0
1611.59  9.07e-15  5.43e-15    13     7     0
1613.27  5.42e-15  5.17e-15    13     4     0
1614.94  5.51e-15  5.09e-15    13     4     0
1616.62  7.44e-15  5.26e-15    13     6     0
1618.30  7.06e-15  5.42e-15    13     5     0
1619.97  1.95e-15  4.88e-15    13     1     0
1621.65 -1.90e-15  4.68e-15    14    -1     0
1623.32  6.51e-15  5.04e-15    14     5     0
1625.00  4.49e-15  4.79e-15    14     3     0
1626.68 -2.88e-15  4.52e-15    14    -2     0
1628.35  2.01e-15  4.55e-15    14     1     0
1630.03  4.07e-15  4.88e-15    14     3     0
1631.71  7.14e-15  4.98e-15    14     6     0
1633.38  7.38e-15  4.98e-15    14     6     0
1635.06  1.18e-14  5.25e-15    15    10     0
1636.74  2.18e-14  5.57e-15    15    18     0
1638.41  3.62e-14  6.27e-15    15    31     0
1640.09  4.99e-14  7.00e-15    15    43     0
1641.76  3.75e-14  6.42e-15    15    32     0
1643.44  1.02e-14  4.90e-15    15     8     0
1645.12  1.20e-15  4.34e-15    15     1     0
1646.79  2.72e-15  4.39e-15    15     2     0
1648.47  2.04e-15  4.31e-15    15     1     0
1650.15  6.61e-15  4.58e-15    16     5     0
1651.82  9.80e-15  4.77e-15    16     8     0
1653.50  9.03e-15  4.68e-15    16     8     0
1655.18  9.30e-15  4.51e-15    16     8     0
1656.85  1.41e-14  4.80e-15    16    12     0
1658.53  1.98e-14  5.10e-15    16    18     0
1660.20  1.72e-14  4.91e-15    16    15     0
1661.88  4.57e-15  4.13e-15    16     4     0
1663.56  3.37e-15  4.02e-15    16     3     0
1665.23  1.48e-14  4.82e-15    16    13     0
1666.91  1.01e-14  5.46e-15    17     9     0
1668.59  6.87e-15  4.27e-15    17     6     0
1670.26  4.41e-15  4.03e-15    17     4     0
1671.94  8.57e-15  4.22e-15    17     8     0
1673.62  2.01e-15  3.81e-15    17     1     0
1675.29  1.03e-15  3.66e-15    17     0     0
1676.97 -1.05e-14  3.57e-15    17   -10     0
1678.65  3.52e-15  3.71e-15    17     3     0
1680.32  1.04e-15  3.60e-15    17     1     0
1682.00  6.75e-15  3.91e-15    17     6     0
1683.67  2.27e-15  3.62e-15    17     2     0
1685.35  1.94e-15  3.61e-15    17     1     0
1687.03 -1.26e-15  3.46e-15    18    -1     0
1688.70 -8.20e-16  3.42e-15    18     0     0
1690.38  2.02e-15  3.47e-15    18     2     0
1692.06 -3.89e-16  3.34e-15    18     0     0
1693.73  1.66e-15  3.40e-15    18     1     0
1695.41  7.55e-15  3.72e-15    18     7     0
1697.09  4.14e-16  3.25e-15    18     0     0
1698.76  2.53e-15  3.33e-15    18     2     0
1700.44  3.59e-15  3.35e-15    18     3     0
1702.11  1.73e-15  3.22e-15    18     1     0
1703.79 -1.72e-15  3.08e-15    18    -1     0
1705.47  1.37e-16  3.09e-15    18     0     0
1707.14 -2.96e-15  3.06e-15    18    -3     0
1708.82 -1.04e-15  3.02e-15    18    -1     0
1710.50  3.26e-15  3.19e-15    18     3     0
1712.17  8.43e-16  2.97e-15    19     0     0
1713.85  3.45e-15  3.13e-15    19     3     0
1715.53  3.47e-15  3.16e-15    19     3     0
1717.20  3.92e-16  2.89e-15    19     0     0
1718.88  5.27e-15  3.18e-15    19     5     0
1720.55  5.91e-15  3.13e-15    19     6     0
1722.23  5.20e-16  2.75e-15    19     0     0
1723.91 -1.64e-15  2.70e-15    19    -1     0
1725.58  1.31e-15  2.80e-15    19     1     0
1727.26 -1.51e-15  2.73e-15    19    -1     0
1728.94 -3.67e-15  2.69e-15    19    -4     0
1730.61 -3.04e-16  2.67e-15    19     0     0
1732.29  2.92e-15  2.81e-15    19     3     0
1733.97  5.49e-15  3.08e-15    19     6     0
1735.64  5.51e-15  2.92e-15    19     6     0
1737.32  4.82e-15  2.83e-15    19     5     0
1738.99  9.89e-16  2.57e-15    19     1     0
1740.67  8.15e-16  2.48e-15    19     0     0
1742.35  8.72e-16  2.45e-15    20     1     0
1744.02  1.01e-15  2.43e-15    20     1     0
1745.70 -3.91e-15  2.38e-15    20    -4     0
1747.38  6.28e-16  2.38e-15    20     0     0
1749.05  1.52e-15  2.43e-15    20     1     0
1750.73  1.90e-15  2.38e-15    20     2     0
1752.41  3.77e-15  2.49e-15    20     4     0
1754.08  3.51e-15  2.46e-15    20     4     0
1755.76  4.23e-15  2.50e-15    20     5     0
1757.44  1.20e-15  2.29e-15    20     1     0
1759.11  3.10e-15  2.39e-15    20     3     0
1760.79 -1.35e-15  2.18e-15    20    -1     0
1762.46  1.92e-16  2.16e-15    20     0     0
1764.14 -5.37e-16  2.13e-15    20     0     0
1765.82 -8.91e-16  2.10e-15    20    -1     0
1767.49  2.03e-15  2.22e-15    20     2     0
1769.17 -4.97e-16  2.06e-15    20     0     0
1770.85 -1.29e-15  2.02e-15    20    -1     0
1772.52  2.44e-15  2.15e-15    20     3     0
1774.20  1.38e-15  2.02e-15    20     1     0
1775.88  4.71e-15  2.22e-15    20     6     0
1777.55  6.16e-15  2.34e-15    20     8     0
1779.23  2.52e-15  2.06e-15    21     3     0
1780.90  9.94e-16  1.95e-15    21     1     0
1782.58  3.77e-15  2.13e-15    21     4     0
1784.26  4.74e-16  1.89e-15    21     0     0
1785.93 -1.20e-15  1.82e-15    21    -1     0
1787.61  7.50e-17  1.80e-15    21     0     0
1789.29  2.11e-15  1.91e-15    21     2     0
1790.96  1.98e-15  1.92e-15    21     2     0
1792.64  1.38e-16  2.49e-15    21     0     0
1794.32 -1.22e-15  2.99e-15    21    -1 -4096
1795.99 -2.04e-15  2.09e-15    21    -2     0
1797.67 -1.04e-15  1.75e-15    21    -1     0
1799.34  4.63e-15  2.02e-15    21     6     0
1801.02 -2.01e-15  1.69e-15    21    -2     0
1802.70  2.05e-15  1.81e-15    21     2     0
1804.37  5.74e-15  1.99e-15    21     7     0
1806.05  5.27e-15  1.96e-15    21     7     0
1807.73  5.24e-15  2.00e-15    21     7     0
1809.40  6.76e-15  2.10e-15    21     9     0
1811.08  3.98e-15  1.85e-15    21     5     0
1812.76  1.02e-14  2.24e-15    21    13     0
1814.43  1.23e-14  2.27e-15    21    16     0
1816.11  2.45e-14  2.94e-15    21    33     0
1817.79  2.15e-14  3.22e-15    22    29     0
1819.46  7.04e-15  2.12e-15    22     9     0
1821.14  2.16e-15  1.66e-15    22     2     0
1822.81  8.72e-16  1.58e-15    22     1     0
1824.49 -1.08e-15  1.58e-15    22    -1     0
1826.17 -7.33e-16  1.77e-15    22     0     0
1827.84 -3.00e-15  1.60e-15    22    -4     0
1829.52 -2.12e-15  1.60e-15    22    -2     0
1831.20 -2.01e-15  1.56e-15    22    -2     0
1832.87  2.78e-15  1.62e-15    22     3     0
1834.55  2.13e-15  1.57e-15    22     2     0
1836.23  2.00e-15  1.55e-15    22     2     0
1837.90  1.59e-16  1.55e-15    22     0     0
1839.58 -2.61e-15  1.55e-15    22    -3     0
1841.25 -2.55e-15  1.57e-15    22    -3     0
1842.93  2.28e-16  1.57e-15    22     0     0
1844.61 -7.68e-16  1.57e-15    22    -1     0
1846.28  1.53e-16  1.54e-15    22     0     0
1847.96  2.82e-15  1.54e-15    22     3     0
1849.64  1.43e-15  1.55e-15    22     2     0
1851.31  1.06e-15  1.57e-15    22     1     0
1852.99  1.80e-15  1.57e-15    23     2     0
1854.67  9.45e-16  1.58e-15    23     1     0
1856.34  2.32e-15  1.57e-15    23     3     0
1858.02  4.17e-15  1.59e-15    23     5     0
1859.69  1.01e-15  1.57e-15    23     1     0
1861.37  1.88e-15  1.57e-15    23     2     0
1863.05  3.16e-15  1.57e-15    23     4     0
1864.72  3.84e-15  1.57e-15    23     5     0
1866.40  4.97e-15  1.61e-15    23     6     0
1868.08  4.18e-15  1.59e-15    23     5     0
1869.75  3.79e-15  1.59e-15    23     5     0
1871.43 -1.16e-15  1.61e-15    23    -1     0
1873.11 -1.30e-15  1.62e-15    23    -1     0
1874.78 -3.01e-15  1.62e-15    23    -4     0
1876.46  2.26e-15  1.61e-15    23     3     0
1878.14  3.34e-15  1.62e-15    23     4     0
1879.81  1.49e-15  1.62e-15    23     1     0
1881.49  1.75e-15  1.62e-15    23     2     0
1883.16  2.91e-15  1.63e-15    23     3     0
1884.84  2.25e-15  1.63e-15    24     3     0
1886.52  1.33e-15  1.64e-15    24     1     0
1888.19  3.90e-15  1.64e-15    24     5     0
1889.87  3.43e-15  1.64e-15    24     4     0
1891.55  4.91e-15  1.64e-15    24     6     0
1893.22  3.13e-15  1.64e-15    24     4     0
1894.90  1.89e-15  1.65e-15    24     2     0
1896.58 -1.32e-16  1.65e-15    24     0     0
1898.25  1.35e-15  1.65e-15    24     1     0
1899.93  1.92e-15  1.65e-15    24     2     0
1901.60 -5.79e-16  1.66e-15    24     0     0
1903.28  3.35e-15  1.66e-15    24     4     0
1904.96  1.12e-16  1.66e-15    24     0     0
1906.63  2.80e-15  1.65e-15    24     3     0
1908.31  2.64e-15  1.65e-15    24     3     0
1909.99 -6.91e-16  1.65e-15    24     0     0
1911.66 -1.99e-15  1.68e-15    24    -2     0
1913.34 -1.66e-15  1.68e-15    24    -2     0
1915.02 -7.78e-16  1.71e-15    25     0     0
1916.69  1.56e-15  1.71e-15    25     1     0
1918.37  2.51e-15  1.71e-15    25     3     0
1920.04  9.62e-16  1.70e-15    25     1     0
1921.72  1.35e-15  1.70e-15    25     1     0
1923.40  2.42e-15  1.76e-15    25     3     0
1925.07  7.54e-16  1.75e-15    25     0     0
1926.75  4.05e-15  1.75e-15    25     5     0
1928.43  5.34e-15  1.68e-15    25     6     0
1930.10  2.68e-15  1.68e-15    25     3     0
1931.78  1.57e-15  1.67e-15    25     2     0
1933.46  1.61e-15  1.67e-15    25     2     0
1935.13 -8.77e-16  1.69e-15    25    -1     0
1936.81 -1.48e-16  1.68e-15    25     0     0
1938.48  9.34e-16  1.68e-15    25     1     0
1940.16  8.83e-16  1.68e-15    25     1     0
1941.84 -1.53e-15  2.10e-15    25    -1     0
1943.51  1.41e-15  1.68e-15    25     1     0
1945.19 -2.55e-16  1.65e-15    25     0     0
1946.87  6.14e-16  1.65e-15    25     0     0
1948.54  1.37e-15  1.64e-15    25     1     0
1950.22  4.23e-15  1.78e-15    25     5     0
1951.90  2.80e-15  1.65e-15    26     3     0
1953.57  1.95e-15  1.65e-15    26     2     0
1955.25  3.44e-16  1.63e-15    26     0     0
1956.93  1.86e-15  1.63e-15    26     2     0
1958.60  2.09e-15  1.72e-15    26     2     0
1960.28  3.15e-15  1.64e-15    26     4     0
1961.95  1.40e-15  1.60e-15    26     1     0
1963.63 -1.08e-15  1.82e-15    26    -1     0
1965.31 -5.88e-16  1.67e-15    26     0     0
1966.98  2.48e-15  1.61e-15    26     3     0
1968.66  2.02e-15  1.61e-15    26     2     0
1970.34  4.67e-15  1.62e-15    26     6     0
1972.01  3.92e-15  1.61e-15    26     5     0
1973.69  2.22e-15  1.62e-15    26     2     0
1975.37  4.62e-15  1.74e-15    26     6     0
1977.04  3.16e-15  1.64e-15    26     4     0
1978.72  3.53e-15  1.65e-15    26     4     0
