NOT ORIGINAL IUE PROJECT DATA PRODUCT
SWP42381LOWLARGE
HD  197481
20:42:04
-31:31:05
48
NO-TRAIL
X-OFFSETS
2519.190
03/09/91
01:44:36
246
7.16
21/09/95
GSFC
2448502.57264
0
21
1150.59  1.73e-13  1.71e-13    19    30     0
1152.27 -4.44e-13  1.59e-13    19   -82     0
1153.94  1.30e-13  1.50e-13    20    25     0
1155.62 -7.19e-14  1.43e-13    20   -14     0
1157.30 -4.50e-14  1.32e-13    21    -9     0
1158.97  9.56e-15  1.22e-13    21     2     0
1160.65 -1.05e-13  1.13e-13    22   -27     0
1162.33 -4.15e-15  1.04e-13    22    -1     0
1164.00  1.29e-13  9.88e-14    23    38     0
1165.68  1.18e-14  8.42e-14    24     3     0
1167.35 -1.66e-14  7.83e-14    24    -6     0
1169.03  9.81e-16  7.29e-14    25     0     0
1170.71 -1.02e-13  6.76e-14    25   -42     0
1172.38 -6.76e-14  6.31e-14    26   -30     0
1174.06  2.56e-14  5.89e-14    26    12     0
1175.74  2.20e-14  5.88e-14    27    11     0
1177.41  1.19e-13  5.25e-14    28    64     0
1179.09 -3.50e-14  5.78e-14    28   -20     0
1180.77  8.15e-14  4.46e-14    29    51     0
1182.44  4.76e-14  4.57e-14    29    31     0
1184.12 -9.24e-15  3.88e-14    30    -6     0
1185.79  6.74e-14  4.25e-14    30    49     0
1187.47 -6.18e-14  3.52e-14    31   -47     0
1189.15  1.06e-13  3.59e-14    31    85     0
1190.82 -1.95e-14  3.04e-14    32   -17     0
1192.50  2.66e-14  3.34e-14    33    24     0
1194.18  3.31e-14  3.06e-14    33    31     0
1195.85  5.31e-14  3.10e-14    34    54     0
1197.53 -1.59e-14  2.84e-14    34   -16     0
1199.21  2.73e-16  2.74e-14    35     0     0
1200.88 -1.05e-14  2.53e-14    35   -12     0
1202.56  1.49e-14  3.54e-14    36    17     0
1204.23  7.64e-14  2.32e-14    37    93     0
1205.91  1.08e-13  2.28e-14    37   136     0
1207.59  7.02e-14  3.58e-14    38    91     0
1209.26  1.90e-13  3.70e-14    38   254     0
1210.94  4.92e-13  9.73e-14    39   685     0
1212.62  8.78e-13  1.36e-13    40  1254     0
1214.29  1.11e-12  1.84e-13    40  1628     0
1215.97  1.14e-12  2.03e-13    41  1727     0
1217.65  1.22e-12  2.18e-13    41  1880     0
1219.32  7.65e-13  1.33e-13    42  1208     0
1221.00  4.34e-13  7.44e-14    42   702     0
1222.67  1.83e-13  4.27e-14    43   302     0
1224.35  5.95e-14  1.63e-14    44   100     0
1226.03  1.92e-14  1.45e-14    44    33     0
1227.70  1.85e-14  1.73e-14    45    32     0
1229.38  5.07e-15  1.43e-14    45     9     0
1231.06  1.27e-14  1.35e-14    46    23     0
1232.73 -1.26e-14  1.31e-14    47   -23     0
1234.41 -6.57e-15  1.29e-14    47   -12     0
1236.09  4.04e-14  1.43e-14    48    78     0
1237.76 -1.55e-15  1.23e-14    49    -3     0
1239.44  1.76e-14  1.24e-14    49    34     0
1241.11 -5.30e-15  1.19e-14    50   -10     0
1242.79  1.74e-14  1.19e-14    50    35     0
1244.47 -1.08e-14  1.79e-14    51   -22     0
1246.14 -7.43e-15  1.66e-14    52   -15     0
1247.82  1.60e-14  1.16e-14    52    33     0
1249.50  5.36e-15  1.13e-14    53    11     0
1251.17  2.22e-14  1.11e-14    53    48     0
1252.85  4.68e-14  1.70e-14    54   102     0
1254.53 -2.39e-14  1.61e-14    55   -52     0
1256.20 -6.54e-16  1.05e-14    55    -1     0
1257.88  1.23e-14  1.34e-14    56    27     0
1259.56  7.17e-15  1.17e-14    57    16     0
1261.23 -4.25e-15  1.01e-14    57    -9     0
1262.91  3.35e-15  1.02e-14    58     7     0
1264.58 -4.07e-15  1.44e-14    58    -9     0
1266.26  1.56e-14  1.30e-14    59    36     0
1267.94  1.42e-15  9.54e-15    60     3     0
1269.61 -5.47e-15  9.99e-15    60   -13     0
1271.29 -1.92e-15  9.49e-15    61    -4     0
1272.97  1.45e-14  1.51e-14    62    34     0
1274.64 -3.37e-15  9.35e-15    62    -8     0
1276.32 -2.10e-15  9.95e-15    63    -4     0
1278.00  1.45e-14  9.98e-15    64    34     0
1279.67 -2.69e-14  9.33e-15    64   -63     0
1281.35 -4.13e-16  9.12e-15    65     0     0
1283.02  8.83e-16  9.07e-15    66     2     0
1284.70  1.37e-14  1.03e-14    66    33     0
1286.38  1.42e-14  1.13e-14    67    34     0
1288.05 -8.33e-15  8.87e-15    67   -20     0
1289.73 -1.04e-14  8.88e-15    68   -25     0
1291.41  4.82e-15  8.83e-15    69    11     0
1293.08  5.31e-15  8.78e-15    69    13     0
1294.76  1.27e-14  1.07e-14    70    31     0
1296.44  4.59e-15  1.12e-14    71    11     0
1298.11  1.48e-15  9.82e-15    71     3     0
1299.79  1.38e-14  8.70e-15    72    34     0
1301.46 -7.35e-15  1.07e-14    73   -18     0
1303.14  2.03e-14  8.88e-15    73    49     0
1304.82 -1.21e-15  1.25e-14    74    -2     0
1306.49  2.67e-14  1.05e-14    75    64     0
1308.17  2.38e-14  1.11e-14    75    57     0
1309.85 -3.42e-15  1.67e-14    76    -8     0
1311.52  1.47e-14  8.56e-15    76    36     0
1313.20 -6.89e-16  1.17e-14    77    -1     0
1314.88 -2.81e-14  1.55e-14    78   -69     0
1316.55 -1.02e-14  1.19e-14    78   -25     0
1318.23  7.84e-15  8.35e-15    79    19     0
1319.90  2.58e-15  8.26e-15    80     6     0
1321.58 -2.55e-14  1.34e-14    80   -60     0
1323.26 -7.10e-15  1.03e-14    81   -16     0
1324.93 -2.32e-14  8.92e-15    82   -54     0
1326.61  1.28e-15  9.91e-15    82     3     0
1328.29  1.68e-14  9.62e-15    83    39     0
1329.96  1.46e-15  9.34e-15    83     3     0
1331.64 -3.47e-15  9.06e-15    84    -8     0
1333.32  3.02e-15  1.71e-14    85     7     0
1334.99  1.67e-14  1.36e-14    85    39     0
1336.67  2.09e-14  1.09e-14    86    50     0
1338.34  2.27e-14  1.32e-14    87    54     0
1340.02 -6.26e-15  8.44e-15    87   -14     0
1341.70  1.06e-14  8.58e-15    88    24     0
1343.37 -9.50e-15  1.29e-14    89   -21     0
1345.05  1.32e-14  8.52e-15    89    30     0
1346.73  4.08e-16  8.54e-15    90     0     0
1348.40 -3.14e-15  1.25e-14    90    -7     0
1350.08 -2.38e-15  8.51e-15    91    -5     0
1351.76  1.12e-14  9.76e-15    92    25     0
1353.43 -1.64e-14  1.76e-14    92   -37     0
1355.11 -1.82e-15  8.98e-15    93    -4     0
1356.79  1.20e-14  1.21e-14    93    26     0
1358.46  1.30e-14  1.08e-14    94    29     0
1360.14  8.82e-15  9.24e-15    95    19     0
1361.81 -1.30e-14  9.28e-15    95   -28     0
1363.49  4.64e-15  8.98e-15    96    10     0
1365.17 -8.22e-15  8.65e-15    96   -17     0
1366.84 -1.43e-15  1.23e-14    97    -3     0
1368.52 -1.33e-14  8.69e-15    98   -28     0
1370.20  6.81e-15  1.04e-14    98    14     0
1371.87  3.26e-15  8.68e-15    99     6     0
1373.55  1.00e-15  8.70e-15    99     2     0
1375.23  9.24e-15  1.09e-14   100    19     0
1376.90 -5.74e-15  1.31e-14   100   -11     0
1378.58  1.51e-14  9.24e-15   101    31     0
1380.25 -7.36e-15  8.75e-15   102   -15     0
1381.93  2.89e-14  1.33e-14   102    59     0
1383.61 -3.19e-14  1.50e-14   103   -65     0
1385.28 -1.52e-15  1.72e-14   103    -3     0
1386.96  1.43e-14  1.48e-14   104    29     0
1388.64 -4.01e-15  8.97e-15   104    -8     0
1390.31  4.70e-15  1.79e-14   105     9     0
1391.99  2.27e-14  9.45e-15   105    44     0
1393.67  1.31e-14  9.63e-15   106    25     0
1395.34 -9.40e-15  1.01e-14   106   -18     0
1397.02  6.42e-15  9.45e-15   107    12     0
1398.69  1.06e-14  9.25e-15   108    20     0
1400.37  2.14e-14  1.27e-14   108    40     0
1402.05 -5.11e-15  9.24e-15   109    -9     0
1403.72  9.51e-15  1.76e-14   109    17     0
1405.40  1.43e-14  1.26e-14   110    26     0
1407.08  1.39e-14  9.64e-15   110    25     0
1408.75  2.05e-14  1.26e-14   111    37     0
1410.43  2.36e-14  9.83e-15   111    42     0
1412.11 -1.41e-15  1.14e-14   112    -2     0
1413.78  7.25e-15  9.82e-15   112    12     0
1415.46  1.87e-14  9.98e-15   113    33     0
1417.13  1.25e-14  1.01e-14   113    22     0
1418.81  3.48e-16  9.63e-15   113     0     0
1420.49 -8.91e-15  9.88e-15   114   -15     0
1422.16  2.56e-14  1.03e-14   114    43     0
1423.84  2.32e-15  9.96e-15   115     3     0
1425.52  1.08e-14  1.13e-14   115    18     0
1427.19  2.02e-14  1.22e-14   116    34     0
1428.87  1.84e-15  1.15e-14   116     3     0
1430.55  2.30e-15  9.93e-15   117     3     0
1432.22 -8.87e-15  1.09e-14   117   -14     0
1433.90  8.27e-15  1.01e-14   118    13     0
1435.57  3.02e-14  1.06e-14   118    48     0
1437.25  1.11e-15  1.11e-14   118     1     0
1438.93  5.51e-15  1.02e-14   119     8     0
1440.60  6.42e-15  1.01e-14   119    10     0
1442.28  1.58e-14  1.31e-14   120    25     0
1443.96  2.23e-14  1.27e-14   120    35     0
1445.63  1.55e-15  1.18e-14   120     2     0
1447.31 -1.22e-14  1.01e-14   121   -19     0
1448.99  9.11e-15  1.39e-14   121    14     0
1450.66  1.19e-14  1.02e-14   122    18     0
1452.34  3.34e-14  1.57e-14   122    52     0
1454.02  1.26e-14  1.04e-14   122    19     0
1455.69  5.83e-15  1.33e-14   123     9     0
1457.37 -4.64e-15  1.07e-14   123    -7     0
1459.04  1.80e-14  1.35e-14   123    27     0
1460.72  2.23e-14  1.02e-14   124    35     0
1462.40 -9.81e-15  1.03e-14   124   -15     0
1464.07  2.08e-16  9.89e-15   124     0     0
1465.75 -1.21e-14  1.06e-14   125   -18     0
1467.43 -7.41e-15  1.00e-14   125   -11     0
1469.10  6.01e-15  1.00e-14   125     9     0
1470.78  7.36e-15  1.19e-14   126    11     0
1472.46  1.15e-14  1.09e-14   126    17     0
1474.13  2.33e-14  1.72e-14   126    34     0
1475.81  1.93e-14  1.08e-14   127    28     0
1477.48 -1.15e-15  1.02e-14   127    -1     0
1479.16  2.42e-14  1.69e-14   127    35     0
1480.84  1.52e-14  1.29e-14   127    22     0
1482.51  3.05e-14  1.15e-14   128    45     0
1484.19  3.32e-14  1.52e-14   128    48     0
1485.87  2.61e-14  1.04e-14   128    39     0
1487.54 -8.32e-15  9.97e-15   128   -12     0
1489.22 -1.85e-14  9.97e-15   129   -27     0
1490.90 -2.56e-14  1.04e-14   129   -37     0
1492.57  2.27e-14  1.05e-14   129    32     0
1494.25 -1.46e-14  1.04e-14   129   -21     0
1495.92  1.89e-14  1.08e-14   130    27     0
1497.60  3.56e-14  1.06e-14   130    52     0
1499.28 -1.35e-15  9.96e-15   130    -1     0
1500.95  8.12e-15  9.97e-15   130    11     0
1502.63  1.44e-14  1.01e-14   130    20     0
1504.31  1.93e-14  1.02e-14   131    27     0
1505.98  1.92e-14  1.01e-14   131    27     0
1507.66 -1.71e-14  9.87e-15   131   -24     0
1509.34 -2.86e-15  9.88e-15   131    -4     0
1511.01  8.82e-15  1.18e-14   131    12     0
1512.69  3.36e-14  1.08e-14   132    47     0
1514.36 -1.14e-14  1.01e-14   132   -15     0
1516.04  1.41e-14  1.03e-14   132    19     0
1517.72 -9.46e-16  1.01e-14   132    -1     0
1519.39  1.07e-14  1.03e-14   132    14     0
1521.07  1.07e-14  1.03e-14   132    14     0
1522.75 -2.45e-15  1.08e-14   133    -3     0
1524.42 -8.79e-16  1.02e-14   133    -1     0
1526.10  8.12e-15  1.08e-14   133    10     0
1527.78  2.24e-14  1.06e-14   133    30     0
1529.45  2.99e-14  1.26e-14   133    40     0
1531.13 -2.38e-15  1.00e-14   133    -3     0
1532.80 -9.85e-15  1.00e-14   133   -13     0
1534.48  6.46e-15  1.00e-14   133     8     0
1536.16  1.42e-15  1.18e-14   133     1     0
1537.83  7.94e-15  9.97e-15   134    10     0
1539.51  3.62e-15  1.02e-14   134     4     0
1541.19 -6.69e-15  9.81e-15   134    -9     0
1542.86  1.14e-14  9.93e-15   134    15     0
1544.54  2.00e-14  1.10e-14   134    27     0
1546.22  5.37e-14  1.17e-14   134    72     0
1547.89  5.25e-14  1.61e-14   134    71     0
1549.57  5.04e-14  1.43e-14   134    68     0
1551.24  5.78e-14  1.26e-14   134    78     0
1552.92  1.71e-14  1.32e-14   134    23     0
1554.60 -1.41e-15  1.07e-14   134    -1     0
1556.27  6.53e-16  9.53e-15   134     0     0
1557.95  1.22e-14  9.63e-15   134    16     0
1559.63  1.65e-14  1.64e-14   134    22     0
1561.30 -2.88e-15  1.23e-14   134    -3     0
1562.98 -4.59e-15  9.42e-15   134    -6     0
1564.66  1.02e-14  1.01e-14   134    13     0
1566.33 -2.87e-14  1.06e-14   134   -40     0
1568.01 -1.86e-14  9.07e-15   134   -25     0
1569.69 -4.37e-16  9.03e-15   134     0     0
1571.36  5.62e-15  9.34e-15   134     7     0
1573.04 -2.02e-15  9.16e-15   134    -2     0
1574.71 -4.31e-15  9.12e-15   134    -5     0
1576.39  1.10e-14  9.32e-15   134    14     0
1578.07 -6.09e-16  9.15e-15   134     0     0
1579.74  5.07e-16  9.11e-15   134     0     0
1581.42 -2.80e-14  8.94e-15   134   -38     0
1583.10 -1.23e-14  1.31e-14   134   -17     0
1584.77 -8.78e-15  9.54e-15   134   -12     0
1586.45 -7.27e-15  1.29e-14   134   -10     0
1588.13 -1.43e-15  9.08e-15   134    -2     0
1589.80 -5.19e-15  8.69e-15   134    -7     0
1591.48 -2.35e-14  9.28e-15   134   -32     0
1593.15  5.18e-15  8.76e-15   134     7     0
1594.83  9.32e-15  9.12e-15   134    12     0
1596.51  8.55e-15  8.57e-15   134    12     0
1598.18 -2.51e-14  8.48e-15   134   -35     0
1599.86 -1.66e-14  8.41e-15   134   -23     0
1601.54 -1.10e-14  8.35e-15   134   -15     0
1603.21  5.69e-15  8.74e-15   134     8     0
1604.89 -2.16e-14  8.25e-15   134   -30     0
1606.57 -2.08e-14  8.88e-15   134   -29     0
1608.24  4.22e-15  1.09e-14   134     5     0
1609.92  1.47e-14  9.33e-15   133    20     0
1611.59 -4.05e-15  9.11e-15   133    -5     0
1613.27 -3.70e-15  8.08e-15   133    -5     0
1614.95 -1.41e-15  8.04e-15   133    -2     0
1616.62 -2.44e-14  8.06e-15   133   -34     0
1618.30  2.96e-15  8.02e-15   133     4     0
1619.98 -3.32e-16  1.14e-14   133     0     0
1621.65 -1.74e-14  7.81e-15   133   -25     0
1623.33 -2.56e-15  8.10e-15   133    -3     0
1625.01 -1.20e-14  7.60e-15   133   -17     0
1626.68 -7.47e-15  9.75e-15   133   -11     0
1628.36 -1.13e-15  8.47e-15   132    -1     0
1630.03 -3.40e-15  8.53e-15   132    -4     0
1631.71  7.74e-16  8.02e-15   132     1     0
1633.39 -4.50e-15  7.96e-15   132    -6     0
1635.06  2.00e-15  7.46e-15   132     2     0
1636.74  8.70e-15  1.17e-14   132    12     0
1638.42  2.57e-14  1.11e-14   132    38     0
1640.09  4.69e-14  1.59e-14   132    69     0
1641.77  5.70e-14  1.12e-14   132    84     0
1643.45  1.67e-14  9.13e-15   132    24     0
1645.12 -4.72e-15  7.18e-15   131    -7     0
1646.80 -6.41e-15  7.12e-15   131    -9     0
1648.47 -2.57e-16  7.07e-15   131     0     0
1650.15  2.12e-15  7.36e-15   131     3     0
1651.83  1.20e-15  7.11e-15   131     1     0
1653.50 -4.59e-15  6.97e-15   131    -6     0
1655.18 -4.45e-16  7.02e-15   131     0     0
1656.86  1.82e-14  7.16e-15   131    27     0
1658.53  2.08e-14  7.13e-15   130    32     0
1660.21  1.11e-14  7.68e-15   130    17     0
1661.89  8.35e-15  7.14e-15   130    13     0
1663.56  7.63e-15  7.26e-15   130    12     0
1665.24  2.38e-14  7.61e-15   130    36     0
1666.92  2.98e-14  1.26e-14   130    46     0
1668.59  2.35e-15  6.53e-15   130     3     0
1670.27  9.55e-15  6.82e-15   130    15     0
1671.94  1.07e-15  6.31e-15   130     1     0
1673.62 -4.20e-15  6.26e-15   129    -6     0
1675.30  5.94e-15  6.30e-15   129     9     0
1676.97  1.16e-15  6.08e-15   129     1     0
1678.65  1.71e-14  6.35e-15   129    28     0
1680.33  6.27e-15  6.11e-15   129    10     0
1682.00 -5.45e-15  6.00e-15   129    -9     0
1683.68  7.94e-15  6.04e-15   129    13     0
1685.36  1.18e-15  5.94e-15   129     1     0
1687.03  4.08e-15  5.94e-15   129     6     0
1688.71 -5.34e-15  5.83e-15   129    -8     0
1690.38 -1.72e-15  5.75e-15   128    -2     0
1692.06  6.14e-15  5.77e-15   128    10     0
1693.74  4.62e-15  5.70e-15   128     7     0
1695.41  7.55e-15  5.67e-15   128    13     0
1697.09  4.46e-15  5.57e-15   128     7     0
1698.77 -2.54e-16  5.46e-15   128     0     0
1700.44 -5.75e-16  5.38e-15   128    -1     0
1702.12  3.01e-15  5.36e-15   128     5     0
1703.80 -6.40e-15  5.28e-15   128   -11     0
1705.47 -1.11e-14  5.30e-15   128   -19     0
1707.15  2.17e-15  5.39e-15   128     3     0
1708.82  8.24e-15  5.34e-15   127    14     0
1710.50 -4.34e-15  5.17e-15   127    -7     0
1712.18  9.55e-16  5.12e-15   127     1     0
1713.85  8.49e-15  5.22e-15   127    15     0
1715.53  5.81e-15  5.13e-15   127    10     0
1717.21  9.20e-15  5.14e-15   127    16     0
1718.88  8.63e-15  5.46e-15   127    15     0
1720.56  1.30e-14  5.04e-15   127    24     0
1722.24  1.17e-14  4.96e-15   127    22     0
1723.91  1.20e-14  5.05e-15   127    22     0
1725.59  9.50e-15  4.93e-15   127    17     0
1727.26  1.29e-14  5.01e-15   127    24     0
1728.94  6.52e-15  4.78e-15   127    12     0
1730.62  3.86e-15  4.70e-15   127     7     0
1732.29  1.70e-15  4.60e-15   127     3     0
1733.97 -1.97e-15  4.56e-15   127    -3     0
1735.65  5.56e-15  4.64e-15   127    10     0
1737.32  2.93e-15  4.49e-15   127     5     0
1739.00  7.73e-15  4.56e-15   127    15     0
1740.68 -2.01e-15  4.28e-15   127    -4     0
1742.35  6.57e-16  4.24e-15   127     1     0
1744.03  1.29e-14  4.47e-15   127    26     0
1745.70  6.78e-15  4.32e-15   127    13     0
1747.38  1.00e-14  4.38e-15   127    20     0
1749.06  1.29e-14  4.35e-15   127    26     0
1750.73  2.46e-14  7.72e-15   127    50     0
1752.41  1.64e-14  5.97e-15   127    34     0
1754.09  4.27e-15  4.03e-15   127     8     0
1755.76 -3.57e-15  4.00e-15   127    -7     0
1757.44 -2.07e-15  4.00e-15   127    -4     0
1759.12 -2.62e-15  3.92e-15   127    -5     0
1760.79  1.65e-15  4.14e-15   127     3     0
1762.47 -4.20e-15  3.86e-15   127    -8     0
1764.15  1.48e-15  3.83e-15   127     3     0
1765.82  4.99e-15  3.84e-15   127    10     0
1767.50  4.07e-15  3.79e-15   127     8     0
1769.17  1.03e-14  3.89e-15   127    22     0
1770.85  1.40e-14  3.91e-15   127    30     0
1772.53  1.34e-14  3.88e-15   127    29     0
1774.20  1.48e-14  3.88e-15   127    32     0
1775.88  1.06e-14  3.76e-15   128    23     0
1777.56 -5.90e-16  3.53e-15   128    -1     0
1779.23  5.57e-15  3.60e-15   128    12     0
1780.91  4.70e-15  3.58e-15   128    10     0
1782.59  3.69e-15  3.52e-15   128     8     0
1784.26  2.10e-15  3.46e-15   128     4     0
1785.94 -6.40e-16  3.35e-15   128    -1     0
1787.61  5.49e-15  3.41e-15   128    12     0
1789.29 -2.06e-15  3.37e-15   128    -4     0
1790.97  5.86e-16  3.56e-15   129     1     0
1792.64  1.29e-15  3.73e-15   129     2     0
1794.32  2.27e-15  4.49e-15   129     5     0
1796.00  7.48e-15  3.96e-15   129    17     0
1797.67  1.37e-15  3.58e-15   129     3     0
1799.35  8.02e-16  3.38e-15   129     1     0
1801.03  5.02e-15  3.27e-15   130    11     0
1802.70  3.18e-15  3.19e-15   130     7     0
1804.38  8.47e-15  3.29e-15   130    19     0
1806.05  1.36e-14  3.46e-15   130    31     0
1807.73  1.52e-14  3.44e-15   130    35     0
1809.41  1.28e-14  3.39e-15   130    29     0
1811.08  1.28e-14  3.34e-15   131    29     0
1812.76  1.10e-14  3.28e-15   131    25     0
1814.44  1.39e-14  3.33e-15   131    32     0
1816.11  1.99e-14  3.54e-15   131    46     0
1817.79  2.54e-14  3.87e-15   132    59     0
1819.47  2.04e-14  3.41e-15   132    47     0
1821.14  1.25e-14  3.51e-15   132    29     0
1822.82  8.66e-15  3.16e-15   132    20     0
1824.49  1.44e-14  3.26e-15   133    33     0
1826.17  2.05e-14  3.42e-15   133    47     0
1827.85  1.70e-14  3.32e-15   133    39     0
1829.52  1.26e-14  3.21e-15   133    28     0
1831.20  6.80e-15  2.99e-15   134    16     0
1832.88  3.93e-15  2.92e-15   134     9     0
1834.55  8.26e-15  3.01e-15   134    19     0
1836.23  9.78e-15  3.01e-15   134    23     0
1837.91  1.10e-14  3.02e-15   135    26     0
1839.58  7.23e-15  3.08e-15   135    17     0
1841.26  6.48e-15  2.96e-15   135    15     0
1842.93  8.25e-16  2.85e-15   136     1     0
1844.61 -1.01e-15  2.80e-15   136    -2     0
1846.29  5.53e-15  2.84e-15   136    13     0
1847.96  4.11e-15  2.79e-15   137     9     0
1849.64  4.93e-15  2.80e-15   137    11     0
1851.32  3.76e-15  2.82e-15   137     8     0
1852.99  3.35e-15  2.80e-15   138     7     0
1854.67  5.71e-15  2.84e-15   138    13     0
1856.35  4.59e-15  3.17e-15   138    10     0
1858.02  6.37e-15  2.81e-15   139    14     0
1859.70  2.68e-15  2.73e-15   139     6     0
1861.37 -2.70e-16  2.67e-15   139     0     0
1863.05 -4.71e-17  2.68e-15   140     0     0
1864.73  3.87e-15  2.72e-15   140     9     0
1866.40 -5.96e-16  2.67e-15   140    -1     0
1868.08 -1.35e-15  2.66e-15   141    -3     0
1869.76  5.36e-15  2.74e-15   141    12     0
1871.43  5.28e-15  2.77e-15   141    12     0
1873.11  5.38e-16  2.66e-15   142     1     0
1874.79 -4.33e-16  2.65e-15   142     0     0
1876.46  2.09e-15  2.67e-15   142     4     0
1878.14  2.35e-15  2.66e-15   143     5     0
1879.82  5.23e-15  2.73e-15   143    11     0
1881.49  9.72e-16  2.62e-15   144     2     0
1883.17 -2.03e-15  2.60e-15   144    -4     0
1884.84  6.13e-16  2.64e-15   144     1     0
1886.52 -2.61e-15  2.63e-15   145    -5     0
1888.20 -2.41e-15  2.68e-15   145    -5     0
1889.87 -6.12e-15  2.58e-15   145   -13     0
1891.55  4.11e-15  2.62e-15   146     9     0
1893.23  4.38e-15  2.63e-15   146     9     0
1894.90 -2.18e-15  2.54e-15   147    -4     0
1896.58  2.80e-15  2.57e-15   147     6     0
1898.26  4.14e-16  2.52e-15   147     0     0
1899.93  7.63e-16  2.51e-15   148     1     0
1901.61  1.24e-14  2.75e-15   148    27     0
1903.28  8.67e-15  2.66e-15   149    19     0
1904.96  3.80e-15  2.55e-15   149     8     0
1906.64  8.11e-15  2.59e-15   149    18     0
1908.31  6.69e-15  2.55e-15   150    14     0
1909.99  4.81e-15  2.76e-15   150    10     0
1911.67  9.54e-15  3.58e-15   150    20     0
1913.34 -3.13e-15  2.44e-15   151    -6     0
1915.02  1.10e-15  2.47e-15   151     2     0
1916.70  5.86e-15  2.56e-15   151    12     0
1918.37  1.15e-14  2.67e-15   152    24     0
1920.05  1.43e-14  2.84e-15   152    30     0
1921.72  4.80e-15  2.67e-15   153    10     0
1923.40  4.20e-15  4.00e-15   153     9     0
1925.08  4.99e-15  2.92e-15   153    10     0
1926.75  4.16e-15  2.80e-15   154     9     0
1928.43  4.64e-15  2.77e-15   154    10     0
1930.11  3.36e-15  2.56e-15   154     7     0
1931.78  2.36e-15  2.39e-15   155     5     0
1933.46  5.56e-15  2.34e-15   155    12     0
1935.14  1.39e-15  2.26e-15   155     3     0
1936.81 -4.32e-16  2.23e-15   155     0     0
1938.49  4.80e-15  2.29e-15   156    10     0
1940.16  7.93e-15  2.41e-15   156    17     0
1941.84  1.02e-14  2.73e-15   156    22     0
1943.52  3.87e-15  2.88e-15   157     8     0
1945.19  3.09e-15  2.24e-15   157     6     0
1946.87  6.97e-15  2.22e-15   157    15     0
1948.55  3.62e-15  2.14e-15   157     8     0
1950.22  3.83e-15  2.16e-15   157     8     0
1951.90  5.88e-15  2.15e-15   158    13     0
1953.58  3.56e-15  2.14e-15   158     7     0
1955.25  4.19e-15  2.12e-15   158     9     0
1956.93  9.24e-15  2.30e-15   158    20     0
1958.60  9.87e-15  2.20e-15   158    22     0
1960.28  7.11e-15  2.09e-15   159    16     0
1961.96  6.68e-15  2.13e-15   159    15     0
1963.63  9.22e-15  3.01e-15   159    21     0
1965.31  5.95e-15  2.74e-15   159    13     0
1966.99  4.63e-15  2.41e-15   159    10     0
1968.66  5.66e-15  2.09e-15   159    12     0
1970.34  5.48e-15  2.11e-15   159    12     0
1972.02  5.89e-15  2.10e-15   159    13     0
1973.69  6.31e-15  2.11e-15   159    14     0
1975.37  4.48e-15  2.12e-15   159    10     0
1977.05  5.40e-15  2.13e-15   159    12     0
1978.72  8.11e-16  2.14e-15   159     1     0
