NOT ORIGINAL IUE PROJECT DATA PRODUCT
SWP42378LOWLARGE
HD  197481
20:42:04
-31:31:05
48
NO-TRAIL
NO
01499.825
02/09/91
20:49:20
245
09.20
13/02/96
VILSPA
2448502.36759
0
18
1150.58  1.95e-14  1.22e-13   -61     2     0
1152.26  5.60e-14  1.16e-13   -61     6     0
1153.94  3.93e-14  1.08e-13   -61     4     0
1155.61  2.84e-14  1.03e-13   -60     3     0
1157.29  1.23e-13  9.94e-14   -60    16     0
1158.97  6.10e-14  8.94e-14   -60     8     0
1160.64  6.00e-14  8.26e-14   -59     9     0
1162.32 -8.47e-14  7.48e-14   -59   -13     0
1163.99  4.05e-14  7.08e-14   -59     7     0
1165.67  4.09e-14  6.18e-14   -59     8     0
1167.35 -1.50e-14  5.60e-14   -58    -3     0
1169.02  7.14e-14  5.48e-14   -58    16     0
1170.70 -4.56e-14  4.83e-14   -58   -11     0
1172.38 -1.34e-13  4.60e-14   -58   -35     0
1174.05  3.60e-14  4.29e-14   -57    10     0
1175.73  1.11e-13  4.34e-14   -57    33     0
1177.41 -5.51e-15  3.65e-14   -57    -1     0
1179.08  1.42e-14  3.45e-14   -56     4     0
1180.76  2.82e-14  3.20e-14   -56    10     0
1182.43  1.60e-14  2.98e-14   -56     6     0
1184.11  7.12e-15  2.78e-14   -56     2     0
1185.79 -1.20e-14  2.63e-14   -55    -5     0
1187.46  4.12e-14  2.66e-14   -55    18     0
1189.14 -4.26e-15  2.38e-14   -55    -2     0
1190.82  5.36e-15  2.16e-14   -55     2     0
1192.49  1.62e-14  2.39e-14   -54     8     0
1194.17  3.77e-14  2.35e-14   -54    21     0
1195.85 -3.67e-14  3.15e-14   -54   -22 -4096
1197.52  8.34e-14  6.90e-14   -53    51 -4224
1199.20  3.03e-14  3.09e-14   -53    19 -4224
1200.87  1.69e-14  2.04e-14   -53    11     0
1202.55 -5.85e-15  1.57e-14   -53    -4     0
1204.23  2.97e-14  1.62e-14   -52    21     0
1205.90  5.21e-14  1.67e-14   -52    39     0
1207.58  5.70e-14  1.72e-14   -52    43     0
1209.26  1.06e-13  3.75e-14   -52    83     0
1210.93  2.67e-13  6.53e-14   -51   220     0
1212.61  3.32e-13  3.05e-14   -51   280     0
1214.29  5.65e-13  7.36e-14   -51   489     0
1215.96  6.93e-13  1.14e-13   -50   617     0
1217.64  6.68e-13  1.17e-13   -50   610     0
1219.32  4.13e-13  8.45e-14   -50   385     0
1220.99  2.19e-13  3.80e-14   -50   209     0
1222.67  6.87e-14  2.57e-14   -49    67     0
1224.34 -2.39e-15  1.04e-14   -49    -2     0
1226.02  1.02e-14  1.04e-14   -49    10     0
1227.70  1.00e-14  1.02e-14   -48    10     0
1229.37  5.78e-15  9.79e-15   -48     6     0
1231.05 -2.83e-15  9.32e-15   -48    -3     0
1232.73  2.17e-15  9.18e-15   -47     2     0
1234.40  2.14e-14  9.90e-15   -47    24     0
1236.08  3.58e-15  8.89e-15   -47     4     0
1237.76  1.39e-14  9.20e-15   -47    16     0
1239.43  1.33e-14  9.00e-15   -46    15     0
1241.11  1.33e-14  8.82e-15   -46    15     0
1242.78  2.86e-14  9.30e-15   -46    34     0
1244.46 -1.73e-14  1.28e-14   -45   -21     0
1246.14  5.74e-15  8.86e-15   -45     7     0
1247.81  3.52e-15  8.01e-15   -45     4     0
1249.49  1.75e-14  8.56e-15   -44    21     0
1251.17  9.02e-15  7.82e-15   -44    11     0
1252.84  4.96e-15  7.60e-15   -44     6     0
1254.52  4.93e-15  7.53e-15   -43     6     0
1256.20  7.84e-15  7.53e-15   -43    10     0
1257.87  7.19e-15  7.45e-15   -43     9     0
1259.55  6.63e-15  8.24e-15   -43     8     0
1261.22  6.88e-15  7.22e-15   -42     9     0
1262.90  5.73e-15  7.07e-15   -42     7     0
1264.58  5.71e-15  7.10e-15   -42     7     0
1266.25  1.61e-15  6.68e-15   -41     2     0
1267.93  9.90e-15  6.99e-15   -41    13     0
1269.61  2.89e-15  6.62e-15   -41     4     0
1271.28  7.61e-15  6.86e-15   -40    10     0
1272.96  1.55e-16  6.46e-15   -40     0     0
1274.64  9.15e-16  6.42e-15   -40     1     0
1276.31  2.75e-15  8.52e-15   -39     3     0
1277.99 -1.19e-18  6.43e-15   -39     0     0
1279.67  2.66e-15  6.50e-15   -39     3     0
1281.34  8.02e-15  6.59e-15   -38    11     0
1283.02  2.03e-15  6.28e-15   -38     2     0
1284.69  6.65e-15  6.44e-15   -37     9     0
1286.37  1.71e-14  6.85e-15   -37    24     0
1288.05 -4.79e-15  6.05e-15   -37    -6     0
1289.72  3.59e-15  6.13e-15   -36     5     0
1291.40  8.49e-15  6.38e-15   -36    12     0
1293.08  6.25e-15  6.35e-15   -36     9     0
1294.75  5.62e-15  6.47e-15   -35     8     0
1296.43  1.08e-14  6.95e-15   -35    15     0
1298.11  1.08e-14  6.27e-15   -35    15     0
1299.78  7.89e-15  6.13e-15   -34    11     0
1301.46 -3.87e-15  5.84e-15   -34    -5     0
1303.13  1.64e-14  6.59e-15   -34    23     0
1304.81  2.25e-14  7.08e-15   -33    32     0
1306.49  3.17e-14  7.34e-15   -33    45     0
1308.16  1.61e-14  6.88e-15   -33    22     0
1309.84  2.37e-15  6.74e-15   -32     3     0
1311.52  8.23e-15  6.44e-15   -32    12     0
1313.19  1.27e-14  6.31e-15   -31    18     0
1314.87 -2.80e-14  7.07e-15   -31   -41     0
1316.55  4.90e-15  5.77e-15   -31     7     0
1318.22  7.36e-15  5.90e-15   -30    10     0
1319.90 -1.31e-14  9.42e-15   -30   -19     0
1321.57 -2.04e-14  1.17e-14   -30   -28     0
1323.25 -1.45e-14  6.68e-15   -29   -20     0
1324.93 -3.24e-15  5.72e-15   -29    -4     0
1326.60  4.93e-15  6.16e-15   -28     6     0
1328.28  1.28e-14  6.31e-15   -28    17     0
1329.96  9.28e-15  6.11e-15   -28    12     0
1331.63  1.21e-14  6.23e-15   -27    16     0
1333.31  1.48e-14  6.33e-15   -27    20     0
1334.99  3.98e-14  7.57e-15   -27    54     0
1336.66  4.18e-14  7.48e-15   -26    59     0
1338.34  3.26e-14  7.01e-15   -26    46     0
1340.01  1.63e-14  6.41e-15   -25    22     0
1341.69  1.33e-14  6.58e-15   -25    18     0
1343.37 -4.72e-15  6.09e-15   -25    -6     0
1345.04 -4.06e-15  5.56e-15   -24    -5     0
1346.72  4.35e-15  5.76e-15   -24     5     0
1348.40  1.97e-16  5.56e-15   -24     0     0
1350.07 -1.18e-15  5.66e-15   -23    -1     0
1351.75 -4.96e-15  6.19e-15   -23    -6     0
1353.43  6.29e-15  6.15e-15   -22     8     0
1355.10  7.69e-15  5.92e-15   -22    10     0
1356.78  1.48e-14  6.15e-15   -22    19     0
1358.46  3.50e-15  5.73e-15   -21     4     0
1360.13  4.28e-15  6.04e-15   -21     5     0
1361.81  5.05e-15  5.94e-15   -20     6     0
1363.48 -1.51e-15  5.71e-15   -20    -1     0
1365.16  1.27e-15  5.76e-15   -20     1     0
1366.84 -1.09e-15  5.72e-15   -19    -1     0
1368.51  9.62e-15  6.19e-15   -19    12     0
1370.19  4.23e-15  5.90e-15   -19     5     0
1371.87  8.55e-15  6.10e-15   -18    10     0
1373.54  6.19e-15  6.04e-15   -18     7     0
1375.22  1.02e-16  5.82e-15   -17     0     0
1376.90  1.10e-14  6.29e-15   -17    13     0
1378.57  3.49e-15  5.91e-15   -17     4     0
1380.25  2.26e-15  5.86e-15   -16     2     0
1381.92  4.40e-15  8.64e-15   -16     5     0
1383.60 -4.87e-17  5.85e-15   -15     0     0
1385.28 -5.14e-15  1.03e-14   -15    -6     0
1386.95  2.08e-15  5.81e-15   -15     2     0
1388.63 -6.65e-15  5.80e-15   -14    -7     0
1390.31  6.72e-15  6.21e-15   -14     7     0
1391.98  5.34e-15  7.32e-15   -14     6     0
1393.66  2.37e-14  8.37e-15   -13    27     0
1395.34  1.90e-14  6.91e-15   -13    21     0
1397.01  9.84e-15  6.44e-15   -12    11     0
1398.69  7.94e-15  6.30e-15   -12     8     0
1400.36  7.32e-15  6.36e-15   -12     8     0
1402.04  1.65e-14  9.56e-15   -11    18     0
1403.72  1.51e-14  7.13e-15   -11    16     0
1405.39  1.39e-14  6.83e-15   -11    15     0
1407.07  9.46e-15  6.63e-15   -10    10     0
1408.75  7.45e-15  6.45e-15   -10     7     0
1410.42  1.14e-14  6.73e-15    -9    12     0
1412.10  7.69e-15  8.13e-15    -9     8     0
1413.78  1.34e-15  6.23e-15    -9     1     0
1415.45  2.67e-15  6.19e-15    -8     2     0
1417.13 -6.39e-15  6.10e-15    -8    -6     0
1418.81  4.00e-15  6.76e-15    -8     4     0
1420.48 -8.45e-15  6.40e-15    -7    -8     0
1422.16 -7.51e-15  6.42e-15    -7    -7     0
1423.83 -2.60e-15  6.44e-15    -6    -2     0
1425.51 -2.85e-15  6.35e-15    -6    -2     0
1427.19  4.04e-15  6.62e-15    -6     4     0
1428.86  4.59e-15  6.77e-15    -5     4     0
1430.54  1.89e-15  7.16e-15    -5     1     0
1432.22  1.02e-14  6.97e-15    -5     9     0
1433.89  1.09e-14  6.95e-15    -4    10     0
1435.57  9.87e-15  7.07e-15    -4     9     0
1437.25 -5.32e-15  9.87e-15    -4    -5     0
1438.92  1.00e-14  7.45e-15    -3     9     0
1440.60  8.24e-15  1.08e-14    -3     7     0
1442.27  5.51e-15  6.72e-15    -3     5     0
1443.95  1.45e-14  7.20e-15    -2    13     0
1445.63 -2.08e-15  6.50e-15    -2    -1     0
1447.30  3.52e-15  6.68e-15    -2     3     0
1448.98  7.44e-15  6.91e-15    -1     6     0
1450.66 -1.91e-15  6.44e-15    -1    -1     0
1452.33  7.75e-15  6.94e-15    -1     7     0
1454.01  1.52e-14  7.23e-15     0    14     0
1455.69  1.60e-15  6.55e-15     0     1     0
1457.36  9.28e-16  6.50e-15     0     0     0
1459.04  1.42e-14  7.23e-15     0    12     0
1460.71  9.02e-15  6.82e-15     0     8     0
1462.39  9.55e-15  6.83e-15     0     8     0
1464.07  1.22e-14  6.90e-15     1    11     0
1465.74  1.99e-15  6.49e-15     1     1     0
1467.42  6.34e-15  6.72e-15     1     5     0
1469.10 -1.42e-15  6.38e-15     2    -1     0
1470.77  5.58e-15  6.80e-15     2     4     0
1472.45  2.27e-14  7.72e-15     2    20     0
1474.13  3.26e-15  6.58e-15     3     2     0
1475.80  4.74e-15  6.70e-15     3     4     0
1477.48  1.54e-14  7.30e-15     3    13     0
1479.16  1.51e-16  6.47e-15     4     0     0
1480.83  2.33e-14  7.67e-15     4    20     0
1482.51  7.97e-15  6.89e-15     4     6     0
1484.18  2.34e-14  7.66e-15     5    20     0
1485.86  2.53e-15  6.38e-15     5     2     0
1487.54  6.80e-15  6.65e-15     5     5     0
1489.21  7.62e-16  6.33e-15     5     0     0
1490.89  7.89e-15  6.86e-15     6     6     0
1492.57 -4.41e-15  6.42e-15     6    -3     0
1494.24  3.44e-15  6.55e-15     6     2     0
1495.92  2.09e-14  7.48e-15     7    18     0
1497.60 -1.19e-14  6.31e-15     7   -10     0
1499.27  5.37e-15  6.61e-15     7     4     0
1500.95  6.09e-16  6.28e-15     7     0     0
1502.62  4.61e-15  6.52e-15     8     3     0
1504.30 -2.67e-15  6.27e-15     8    -2     0
1505.98 -4.10e-15  6.24e-15     8    -3     0
1507.65  3.75e-15  6.37e-15     8     3     0
1509.33  5.10e-15  6.51e-15     9     4     0
1511.01  1.52e-14  7.18e-15     9    12     0
1512.68  1.88e-15  6.41e-15     9     1     0
1514.36  8.87e-16  6.36e-15     9     0     0
1516.04 -8.23e-15  6.40e-15    10    -6     0
1517.71 -1.96e-16  6.40e-15    10     0     0
1519.39  5.48e-15  6.70e-15    10     4     0
1521.06  1.23e-14  7.08e-15    10     9     0
1522.74  9.82e-15  6.94e-15    11     7     0
1524.42  8.87e-15  6.90e-15    11     7     0
1526.09  1.48e-14  7.24e-15    11    11     0
1527.77 -3.90e-15  6.41e-15    11    -3     0
1529.45  3.97e-15  6.55e-15    12     3     0
1531.12 -7.75e-15  6.30e-15    12    -6     0
1532.80 -5.30e-16  6.29e-15    12     0     0
1534.48 -2.63e-15  6.27e-15    12    -2     0
1536.15  3.29e-15  6.36e-15    13     2     0
1537.83 -4.05e-15  6.20e-15    13    -3     0
1539.50 -1.01e-14  6.18e-15    13    -8     0
1541.18  6.56e-15  6.51e-15    13     5     0
1542.86  1.70e-14  7.10e-15    13    13     0
1544.53  2.75e-14  7.63e-15    14    22     0
1546.21  3.71e-14  8.12e-15    14    29     0
1547.89  7.85e-14  1.01e-14    14    62     0
1549.56  8.63e-14  1.06e-14    14    69     0
1551.24  5.97e-14  9.28e-15    14    47     0
1552.92  3.36e-14  7.88e-15    15    26     0
1554.59  1.47e-14  6.87e-15    15    11     0
1556.27 -2.62e-16  5.95e-15    15     0     0
1557.95  4.89e-15  6.17e-15    15     3     0
1559.62  7.95e-15  6.33e-15    15     6     0
1561.30  1.55e-14  6.81e-15    16    12     0
1562.97  1.04e-14  6.49e-15    16     8     0
1564.65  1.04e-14  6.47e-15    16     8     0
1566.33 -7.41e-15  5.69e-15    16    -6     0
1568.00  2.15e-15  5.77e-15    16     1     0
1569.68  2.44e-15  5.76e-15    16     2     0
1571.36  1.47e-14  6.54e-15    17    11     0
1573.03  1.34e-15  5.79e-15    17     1     0
1574.71 -1.47e-14  5.69e-15    17   -11     0
1576.39  5.95e-15  6.06e-15    17     4     0
1578.06  1.06e-14  6.29e-15    17     8     0
1579.74  7.80e-16  5.70e-15    17     0     0
1581.41 -3.88e-15  6.33e-15    18    -3     0
1583.09 -1.03e-14  5.54e-15    18    -8     0
1584.77 -8.45e-16  7.87e-15    18     0     0
1586.44 -4.39e-15  5.46e-15    18    -3     0
1588.12  1.18e-15  5.48e-15    18     0     0
1589.80  4.31e-15  5.51e-15    18     3     0
1591.47  6.46e-15  5.71e-15    18     5     0
1593.15  5.82e-15  5.75e-15    19     4     0
1594.83  3.62e-15  5.57e-15    19     2     0
1596.50  1.60e-14  6.17e-15    19    13     0
1598.18  1.03e-14  5.69e-15    19     8     0
1599.85 -6.84e-15  5.22e-15    19    -5     0
1601.53 -1.79e-15  5.17e-15    19    -1     0
1603.21  9.70e-15  5.72e-15    19     8     0
1604.88 -7.36e-15  5.11e-15    19    -6     0
1606.56 -1.17e-15  5.17e-15    19     0     0
1608.24  1.08e-14  5.76e-15    20     8     0
1609.91  1.94e-15  5.20e-15    20     1     0
1611.59  1.02e-14  5.64e-15    20     8     0
1613.27  4.78e-15  5.21e-15    20     4     0
1614.94  5.19e-15  5.22e-15    20     4     0
1616.62  5.67e-15  5.30e-15    20     4     0
1618.30  9.49e-15  5.49e-15    20     7     0
1619.97  3.46e-15  5.08e-15    20     2     0
1621.65  5.74e-15  5.11e-15    20     4     0
1623.32  9.73e-15  5.64e-15    21     8     0
1625.00  1.43e-14  6.21e-15    21    12     0
1626.68  9.30e-15  8.16e-15    21     8     0
1628.35  1.92e-15  4.83e-15    21     1     0
1630.03  3.37e-15  5.15e-15    21     2     0
1631.71  8.81e-15  5.26e-15    21     7     0
1633.38  2.80e-15  4.85e-15    21     2     0
1635.06  1.83e-15  4.67e-15    21     1     0
1636.74  8.63e-15  5.03e-15    21     7     0
1638.41  1.91e-14  5.54e-15    21    16     0
1640.09  4.57e-14  7.06e-15    21    40     0
1641.76  5.19e-14  7.24e-15    21    45     0
1643.44  2.91e-14  5.99e-15    21    25     0
1645.12  1.51e-14  5.31e-15    22    13     0
1646.79  6.55e-15  4.75e-15    22     5     0
1648.47  4.65e-15  4.57e-15    22     4     0
1650.15 -2.49e-15  4.33e-15    22    -2     0
1651.82 -3.59e-16  4.30e-15    22     0     0
1653.50  1.84e-15  4.32e-15    22     1     0
1655.18  1.14e-14  4.86e-15    22    10     0
1656.85  1.19e-14  4.89e-15    22    10     0
1658.53  1.76e-14  5.16e-15    22    16     0
1660.20  2.18e-14  5.28e-15    22    20     0
1661.88  7.37e-15  4.44e-15    22     6     0
1663.56 -3.81e-16  3.97e-15    22     0     0
1665.23  1.42e-14  4.89e-15    22    13     0
1666.91  7.72e-15  4.49e-15    22     7     0
1668.59  6.94e-15  4.40e-15    22     6     0
1670.26  1.17e-14  4.57e-15    22    11     0
1671.94  4.11e-15  4.07e-15    22     3     0
1673.62 -2.52e-15  3.80e-15    22    -2     0
1675.29 -1.51e-15  3.71e-15    22    -1     0
1676.97 -8.79e-15  3.73e-15    23    -8     0
1678.65  7.69e-16  4.11e-15    23     0     0
1680.32 -5.41e-15  3.66e-15    23    -5     0
1682.00 -2.85e-15  3.62e-15    23    -2     0
1683.67 -3.32e-15  3.59e-15    23    -3     0
1685.35  3.35e-15  3.80e-15    23     3     0
1687.03  6.87e-15  3.97e-15    23     6     0
1688.70 -1.80e-15  3.52e-15    23    -1     0
1690.38  5.52e-16  3.49e-15    23     0     0
1692.06 -1.09e-16  3.43e-15    23     0     0
1693.73 -6.31e-15  3.40e-15    23    -6     0
1695.41  5.21e-15  3.67e-15    23     5     0
1697.09  3.82e-15  3.54e-15    23     3     0
1698.76 -4.25e-15  3.28e-15    23    -4     0
1700.44  8.97e-16  3.27e-15    23     0     0
1702.11  2.60e-15  3.31e-15    23     2     0
1703.79  2.18e-15  3.28e-15    23     2     0
1705.47  3.24e-15  3.34e-15    23     3     0
1707.14  1.75e-15  3.24e-15    23     1     0
1708.82  2.63e-16  3.11e-15    23     0     0
1710.50  4.45e-15  3.34e-15    23     4     0
1712.17  2.06e-15  3.13e-15    23     2     0
1713.85  3.26e-15  3.22e-15    23     3     0
1715.53  5.81e-15  3.34e-15    23     6     0
1717.20  5.31e-15  3.30e-15    23     5     0
1718.88  2.89e-15  3.09e-15    23     3     0
1720.55  6.10e-15  3.22e-15    23     6     0
1722.23 -1.44e-15  2.81e-15    23    -1     0
1723.91  6.93e-16  2.81e-15    23     0     0
1725.58  6.07e-16  3.05e-15    23     0     0
1727.26 -1.76e-15  2.79e-15    23    -1     0
1728.94 -1.92e-15  2.76e-15    23    -2     0
1730.61  7.11e-15  3.12e-15    23     7     0
1732.29  2.06e-15  2.83e-15    23     2     0
1733.97  3.04e-15  2.87e-15    24     3     0
1735.64  2.90e-15  2.81e-15    24     3     0
1737.32  9.36e-16  2.67e-15    24     1     0
1738.99  3.50e-15  2.78e-15    24     4     0
1740.67  7.11e-15  2.95e-15    24     8     0
1742.35  7.33e-15  2.93e-15    24     8     0
1744.02  1.23e-14  3.20e-15    24    14     0
1745.70  2.74e-15  2.59e-15    24     3     0
1747.38  8.49e-16  2.47e-15    24     1     0
1749.05 -6.60e-16  2.40e-15    24     0     0
1750.73  1.11e-15  2.41e-15    24     1     0
1752.41  2.23e-15  2.47e-15    24     2     0
1754.08  2.47e-15  2.42e-15    24     3     0
1755.76  2.70e-15  2.46e-15    24     3     0
1757.44  4.01e-15  2.79e-15    24     4     0
1759.11  3.04e-15  2.39e-15    24     3     0
1760.79  3.28e-17  2.24e-15    24     0     0
1762.46  2.69e-15  2.37e-15    24     3     0
1764.14  1.77e-15  2.30e-15    24     2     0
1765.82 -1.97e-15  2.16e-15    24    -2     0
1767.49  1.28e-16  2.14e-15    24     0     0
1769.17  3.13e-15  2.30e-15    24     3     0
1770.85  3.44e-15  2.30e-15    24     4     0
1772.52 -1.20e-15  2.06e-15    24    -1     0
1774.20 -2.95e-16  2.03e-15    24     0     0
1775.88  1.43e-15  2.12e-15    24     1     0
1777.55  1.21e-15  2.06e-15    24     1     0
1779.23  1.33e-15  2.06e-15    24     1     0
1780.90  3.54e-15  2.17e-15    24     4     0
1782.58 -4.31e-16  1.95e-15    24     0     0
1784.26  3.74e-15  2.36e-15    25     4     0
1785.93  2.90e-16  1.88e-15    25     0     0
1787.61  1.23e-15  1.93e-15    25     1     0
1789.29  3.85e-15  2.06e-15    25     5     0
1790.96 -8.72e-16  1.85e-15    25    -1     0
1792.64  3.59e-15  2.07e-15    25     4     0
1794.32  3.48e-15  3.39e-15    25     4 -4096
1795.99  4.47e-17  1.99e-15    25     0     0
1797.67  1.91e-15  1.93e-15    25     2     0
1799.34  9.59e-16  1.83e-15    25     1     0
1801.02  9.43e-17  1.89e-15    25     0     0
1802.70  1.74e-16  1.73e-15    25     0     0
1804.37  5.06e-15  2.03e-15    25     6     0
1806.05  5.51e-15  2.05e-15    25     7     0
1807.73  8.82e-15  2.24e-15    25    12     0
1809.40  7.98e-15  2.16e-15    25    10     0
1811.08  8.44e-15  3.23e-15    25    11     0
1812.76  8.60e-15  2.17e-15    26    11     0
1814.43  9.74e-15  2.42e-15    26    13     0
1816.11  1.64e-14  2.56e-15    26    22     0
1817.79  2.35e-14  2.92e-15    26    32     0
1819.46  1.39e-14  2.40e-15    26    19     0
1821.14  9.05e-15  2.16e-15    26    12     0
1822.81  2.38e-15  2.09e-15    26     3     0
1824.49 -6.39e-16  1.63e-15    26     0     0
1826.17  3.43e-15  1.97e-15    26     4     0
1827.84  2.22e-15  1.71e-15    26     3     0
1829.52  6.35e-15  1.97e-15    26     8     0
1831.20  3.37e-15  1.72e-15    26     4     0
1832.87  1.84e-15  1.62e-15    27     2     0
1834.55  4.90e-16  1.55e-15    27     0     0
1836.23 -2.13e-15  1.55e-15    27    -2     0
1837.90  2.05e-15  1.57e-15    27     2     0
1839.58 -8.57e-16  1.55e-15    27    -1     0
1841.25 -1.74e-15  1.57e-15    27    -2     0
1842.93 -1.26e-15  1.57e-15    27    -1     0
1844.61 -6.78e-16  1.58e-15    27     0     0
1846.28  3.99e-15  1.65e-15    27     5     0
1847.96  2.64e-15  1.57e-15    27     3     0
1849.64  3.37e-15  1.61e-15    28     4     0
1851.31  2.38e-15  1.57e-15    28     3     0
1852.99  3.76e-15  1.61e-15    28     5     0
1854.67  2.13e-15  1.57e-15    28     2     0
1856.34  2.69e-15  1.58e-15    28     3     0
1858.02  4.72e-15  1.67e-15    28     6     0
1859.69  4.41e-15  1.64e-15    28     6     0
1861.37  6.82e-15  1.77e-15    28     9     0
1863.05  5.28e-15  1.66e-15    28     7     0
1864.72  3.97e-15  1.60e-15    29     5     0
1866.40  1.66e-15  1.64e-15    29     2     0
1868.08  2.36e-15  1.59e-15    29     3     0
1869.75  4.36e-15  1.62e-15    29     5     0
1871.43  9.78e-16  1.61e-15    29     1     0
1873.11 -1.45e-15  1.61e-15    29    -1     0
1874.78 -2.70e-15  1.62e-15    29    -3     0
1876.46  1.08e-15  1.61e-15    30     1     0
1878.14  2.97e-15  1.62e-15    30     4     0
1879.81 -3.46e-16  1.62e-15    30     0     0
1881.49  1.35e-15  1.62e-15    30     1     0
1883.16  2.06e-15  1.62e-15    30     2     0
1884.84  9.44e-16  1.63e-15    30     1     0
1886.52  1.50e-15  1.63e-15    30     2     0
1888.19  3.30e-15  1.64e-15    31     4     0
1889.87  1.09e-15  1.64e-15    31     1     0
1891.55  4.35e-16  1.64e-15    31     0     0
1893.22  1.99e-16  1.64e-15    31     0     0
1894.90  6.26e-16  1.64e-15    31     0     0
1896.58  6.13e-16  1.64e-15    31     0     0
1898.25  2.25e-15  1.65e-15    31     2     0
1899.93  7.12e-16  1.67e-15    32     0     0
1901.60  1.32e-15  1.66e-15    32     1     0
1903.28  2.20e-15  1.66e-15    32     2     0
1904.96  1.02e-15  1.66e-15    32     1     0
1906.63  2.12e-15  1.65e-15    32     2     0
1908.31  1.50e-15  1.65e-15    32     1     0
1909.99  4.47e-16  1.65e-15    32     0     0
1911.66  3.21e-15  1.68e-15    33     4     0
1913.34  3.18e-15  1.76e-15    33     4     0
1915.02  3.03e-15  1.71e-15    33     3     0
1916.69  2.63e-15  1.71e-15    33     3     0
1918.37  1.71e-15  1.75e-15    33     2     0
1920.04  2.73e-15  1.70e-15    33     3     0
1921.72  2.55e-15  1.71e-15    34     3     0
1923.40  3.56e-15  1.70e-15    34     4     0
1925.07  4.32e-15  1.75e-15    34     5     0
1926.75  3.24e-15  1.75e-15    34     4     0
1928.43  3.87e-15  1.68e-15    34     5     0
1930.10  3.39e-15  1.67e-15    34     4     0
1931.78  3.38e-15  1.67e-15    35     4     0
1933.46  2.36e-15  1.69e-15    35     3     0
1935.13  2.56e-15  1.68e-15    35     3     0
1936.81  2.82e-15  2.60e-15    35     3     0
1938.48  2.44e-15  1.74e-15    35     3     0
1940.16  3.25e-15  1.68e-15    35     4     0
1941.84  5.39e-16  1.67e-15    35     0     0
1943.51  2.40e-15  1.67e-15    36     3     0
1945.19  8.48e-16  1.65e-15    36     1     0
1946.87  9.99e-16  1.65e-15    36     1     0
1948.54  7.21e-16  1.67e-15    36     0     0
1950.22  4.17e-15  1.65e-15    36     5     0
1951.90  1.38e-15  1.65e-15    36     1     0
1953.57  6.16e-16  1.64e-15    37     0     0
1955.25  3.50e-17  1.63e-15    37     0     0
1956.93  1.43e-15  1.62e-15    37     1     0
1958.60  4.91e-15  1.66e-15    37     6     0
1960.28  6.78e-15  1.69e-15    37     9     0
1961.95  3.67e-15  1.60e-15    37     5     0
1963.63  4.05e-16  1.59e-15    37     0     0
1965.31  2.00e-15  1.60e-15    37     2     0
1966.98  4.37e-15  1.60e-15    38     5     0
1968.66  1.31e-15  1.61e-15    38     1     0
1970.34 -1.40e-16  1.60e-15    38     0     0
1972.01  2.09e-15  1.62e-15    38     2     0
1973.69  2.47e-15  1.62e-15    38     3     0
1975.37  6.07e-16  1.63e-15    38     0     0
1977.04 -5.95e-16  1.64e-15    38     0     0
1978.72 -1.10e-16  1.64e-15    38     0     0
