NOT ORIGINAL IUE PROJECT DATA PRODUCT
SWP42383LOWLARGE
HD  197481
20:42:04
-31:31:05
48
NO-TRAIL
X-OFFSETS
3599.305
03/09/91
05:16:48
246
6.15
21/09/95
GSFC
2448502.72000
0
22
1150.59  6.85e-15  1.22e-13    88     1     0
1152.27  8.53e-14  1.15e-13    89    22     0
1153.94 -1.55e-13  1.07e-13    89   -43     0
1155.62  1.73e-14  1.03e-13    89     5     0
1157.30 -1.26e-13  9.52e-14    89   -39     0
1158.97  7.71e-15  8.77e-14    90     2     0
1160.65 -1.71e-13  8.09e-14    90   -63     0
1162.33  9.49e-14  7.88e-14    90    37     0
1164.00 -5.02e-14  6.99e-14    91   -21     0
1165.68  1.74e-14  6.13e-14    91     8     0
1167.35  9.70e-15  5.70e-14    91     5     0
1169.03 -2.81e-14  5.25e-14    91   -15     0
1170.71 -5.27e-14  4.87e-14    92   -31     0
1172.38 -1.01e-13  4.55e-14    92   -64     0
1174.06  7.24e-14  6.61e-14    92    49     0
1175.74  2.53e-14  3.95e-14    93    18     0
1177.41  7.03e-14  4.40e-14    93    55     0
1179.09  2.00e-14  4.84e-14    93    16     0
1180.77  1.99e-14  3.15e-14    93    18     0
1182.44 -2.39e-14  2.96e-14    94   -22     0
1184.12 -1.41e-14  2.80e-14    94   -14     0
1185.79 -4.04e-14  2.67e-14    94   -42     0
1187.47 -7.79e-15  2.60e-14    94    -8     0
1189.15  2.50e-14  2.44e-14    95    29     0
1190.82  3.08e-14  2.23e-14    95    39     0
1192.50  4.94e-15  2.10e-14    95     6     0
1194.18 -2.73e-14  2.25e-14    96   -37     0
1195.85  1.97e-15  1.93e-14    96     2     0
1197.53 -8.12e-16  2.00e-14    96    -1     0
1199.21 -6.09e-15  1.98e-14    96    -9     0
1200.88  2.71e-15  1.83e-14    97     4     0
1202.56  1.43e-14  1.73e-14    97    24     0
1204.23  6.12e-14  1.71e-14    97   107     0
1205.91  5.70e-14  1.82e-14    97   103     0
1207.59  1.03e-13  2.57e-14    98   192     0
1209.26  1.96e-13  4.39e-14    98   378     0
1210.94  3.72e-13  6.90e-14    98   745     0
1212.62  9.46e-13  1.60e-13    98  1943     0
1214.29  1.08e-12  1.63e-13    99  2270     0
1215.97  1.36e-12  2.27e-13    99  2947     0
1217.65  1.33e-12  2.22e-13    99  2947     0
1219.32  9.47e-13  1.68e-13    99  2150     0
1221.00  5.70e-13  1.07e-13   100  1325     0
1222.67  2.51e-13  4.37e-14   100   595     0
1224.35  9.84e-14  3.08e-14   100   238     0
1226.03  3.79e-14  2.01e-14   100    94     0
1227.70  1.24e-14  1.02e-14   101    31     0
1229.38  7.06e-16  9.95e-15   101     1     0
1231.06  1.47e-14  1.13e-14   101    39     0
1232.73 -7.49e-15  1.00e-14   101   -20     0
1234.41 -6.97e-15  9.28e-15   102   -19     0
1236.09  7.03e-15  9.12e-15   102    19     0
1237.76  3.11e-14  1.13e-14   102    87     0
1239.44 -4.83e-15  8.77e-15   102   -13     0
1241.11  2.14e-14  1.02e-14   102    62     0
1242.79  6.16e-15  8.48e-15   103    18     0
1244.47  2.61e-14  1.05e-14   103    77     0
1246.14 -1.53e-15  8.31e-15   103    -4     0
1247.82  2.20e-14  1.13e-14   103    66     0
1249.50 -5.35e-15  8.10e-15   104   -16     0
1251.17 -7.23e-15  7.80e-15   104   -22     0
1252.85  6.95e-16  8.36e-15   104     2     0
1254.53  2.06e-14  1.43e-14   104    65     0
1256.20 -2.14e-14  7.55e-15   105   -68     0
1257.88  1.09e-14  8.00e-15   105    35     0
1259.56  5.10e-16  8.81e-15   105     1     0
1261.23  1.19e-14  1.31e-14   106    39     0
1262.91 -2.19e-15  7.19e-15   106    -7     0
1264.58 -1.09e-14  7.15e-15   106   -36     0
1266.26  2.11e-14  1.09e-14   106    71     0
1267.94  5.14e-15  7.45e-15   107    17     0
1269.61 -1.41e-14  6.83e-15   107   -48     0
1271.29 -1.55e-14  7.03e-15   107   -52     0
1272.97  3.30e-14  8.41e-15   107   113     0
1274.64 -8.53e-16  9.32e-15   108    -2     0
1276.32 -4.87e-15  1.14e-14   108   -16     0
1278.00 -3.79e-15  7.07e-15   108   -12     0
1279.67  1.08e-14  1.09e-14   108    36     0
1281.35  2.29e-15  6.57e-15   109     7     0
1283.02  3.17e-15  7.93e-15   109    11     0
1284.70 -2.75e-15  6.50e-15   109    -9     0
1286.38 -5.39e-16  7.97e-15   109    -1     0
1288.05  1.43e-14  7.03e-15   110    50     0
1289.73 -2.22e-14  6.35e-15   110   -78     0
1291.41 -7.26e-15  6.33e-15   110   -25     0
1293.08  5.85e-15  6.36e-15   110    20     0
1294.76  1.27e-16  6.45e-15   111     0     0
1296.44  1.04e-14  6.32e-15   111    37     0
1298.11 -4.78e-15  6.16e-15   111   -17     0
1299.79 -3.69e-15  6.24e-15   112   -13     0
1301.46  1.33e-14  6.62e-15   112    46     0
1303.14  1.51e-14  9.28e-15   112    53     0
1304.82  3.22e-14  1.17e-14   112   113     0
1306.49  6.68e-15  6.34e-15   113    23     0
1308.17  2.29e-14  8.27e-15   113    79     0
1309.85 -8.42e-15  1.51e-14   113   -29     0
1311.52 -1.36e-16  5.99e-15   113     0     0
1313.20  1.13e-15  6.34e-15   114     4     0
1314.88  1.67e-14  1.32e-14   114    59     0
1316.55 -7.66e-15  8.07e-15   114   -27     0
1318.23  2.80e-15  6.74e-15   115     9     0
1319.90  4.82e-15  7.14e-15   115    17     0
1321.58 -1.88e-15  9.90e-15   115    -6     0
1323.26 -1.03e-15  1.04e-14   115    -3     0
1324.93 -1.22e-14  9.94e-15   116   -41     0
1326.61 -3.28e-15  9.26e-15   116   -11     0
1328.29  6.60e-15  7.15e-15   116    22     0
1329.96  1.23e-14  7.10e-15   117    41     0
1331.64  3.13e-15  6.52e-15   117    10     0
1333.32  4.36e-14  1.30e-14   117   147     0
1334.99  4.48e-14  1.58e-14   117   150     0
1336.67  5.19e-14  1.30e-14   118   179     0
1338.34  3.35e-14  1.36e-14   118   115     0
1340.02  4.69e-15  7.78e-15   118    15     0
1341.70  4.82e-15  8.22e-15   119    16     0
1343.37  4.43e-16  7.87e-15   119     1     0
1345.05 -2.76e-15  5.98e-15   119    -9     0
1346.73  1.97e-15  6.02e-15   120     6     0
1348.40 -4.52e-15  8.57e-15   120   -14     0
1350.08  1.15e-14  9.94e-15   120    37     0
1351.76 -4.59e-15  1.01e-14   120   -14     0
1353.43  5.02e-15  1.54e-14   121    16     0
1355.11  8.36e-15  8.22e-15   121    27     0
1356.79 -9.22e-15  6.01e-15   121   -29     0
1358.46  9.04e-15  9.55e-15   122    29     0
1360.14  1.51e-14  7.53e-15   122    47     0
1361.81  2.95e-15  1.11e-14   122     9     0
1363.49  1.28e-14  8.06e-15   123    39     0
1365.17 -7.15e-16  6.22e-15   123    -2     0
1366.84 -7.83e-17  7.12e-15   123     0     0
1368.52 -1.07e-14  6.21e-15   124   -32     0
1370.20  1.40e-14  7.08e-15   124    42     0
1371.87  6.79e-15  1.14e-14   124    20     0
1373.55  4.45e-15  6.33e-15   124    13     0
1375.23 -3.14e-15  6.24e-15   125    -9     0
1376.90  6.12e-15  1.34e-14   125    18     0
1378.58 -5.78e-15  6.78e-15   125   -17     0
1380.25 -2.45e-15  6.26e-15   126    -7     0
1381.93 -6.77e-15  6.27e-15   126   -20     0
1383.61  2.90e-14  1.74e-14   126    85     0
1385.28  8.63e-15  1.18e-14   127    25     0
1386.96  1.77e-14  1.42e-14   127    51     0
1388.64  1.59e-14  1.01e-14   127    46     0
1390.31 -9.85e-15  6.43e-15   128   -27     0
1391.99  8.35e-15  1.16e-14   128    23     0
1393.67  1.43e-14  8.06e-15   128    39     0
1395.34  1.47e-14  6.73e-15   129    41     0
1397.02  1.45e-14  6.72e-15   129    40     0
1398.69  6.45e-15  7.17e-15   129    17     0
1400.37  1.43e-14  6.79e-15   129    38     0
1402.05  7.21e-15  1.10e-14   130    19     0
1403.72  1.11e-14  8.98e-15   130    29     0
1405.40  2.55e-14  1.32e-14   130    67     0
1407.08  9.72e-15  1.04e-14   131    25     0
1408.75 -1.36e-15  8.55e-15   131    -3     0
1410.43  3.16e-14  1.02e-14   131    82     0
1412.11  1.73e-14  1.12e-14   132    44     0
1413.78  4.04e-15  1.34e-14   132    10     0
1415.46  1.09e-15  6.83e-15   132     2     0
1417.13  1.27e-14  1.02e-14   133    32     0
1418.81  1.35e-14  1.17e-14   133    34     0
1420.49 -1.05e-14  7.83e-15   133   -25     0
1422.16 -1.15e-14  7.07e-15   134   -27     0
1423.84 -5.48e-15  7.09e-15   134   -13     0
1425.52  2.03e-14  1.03e-14   134    49     0
1427.19 -3.23e-15  9.57e-15   135    -7     0
1428.87  7.61e-15  1.17e-14   135    18     0
1430.55 -1.40e-15  7.07e-15   135    -3     0
1432.22  1.25e-14  1.24e-14   136    29     0
1433.90 -1.52e-14  7.24e-15   136   -35     0
1435.57 -8.29e-15  7.21e-15   136   -19     0
1437.25  8.97e-15  7.32e-15   136    20     0
1438.93  7.29e-15  1.41e-14   137    16     0
1440.60  4.02e-15  1.55e-14   137     9     0
1442.28  6.76e-15  8.67e-15   137    15     0
1443.96  8.91e-15  1.38e-14   138    20     0
1445.63  5.21e-15  7.43e-15   138    11     0
1447.31 -6.75e-16  7.36e-15   138    -1     0
1448.99  6.99e-15  7.32e-15   139    15     0
1450.66  6.13e-15  7.23e-15   139    13     0
1452.34  9.36e-16  7.24e-15   139     2     0
1454.02  1.57e-14  8.24e-15   140    35     0
1455.69  1.26e-14  8.16e-15   140    28     0
1457.37 -3.47e-15  7.47e-15   140    -7     0
1459.04  8.21e-15  9.49e-15   141    18     0
1460.72  1.77e-14  7.32e-15   141    40     0
1462.40  3.55e-15  9.84e-15   141     8     0
1464.07 -9.82e-15  7.04e-15   141   -22     0
1465.75  3.79e-15  1.08e-14   142     8     0
1467.43  4.24e-15  9.96e-15   142     9     0
1469.10  1.23e-15  7.12e-15   142     2     0
1470.78 -3.78e-15  7.24e-15   143    -8     0
1472.46  1.10e-15  7.36e-15   143     2     0
1474.13  1.50e-14  7.48e-15   143    32     0
1475.81 -3.52e-16  7.24e-15   144     0     0
1477.48 -1.53e-15  7.23e-15   144    -3     0
1479.16  8.00e-15  1.13e-14   144    17     0
1480.84 -4.48e-15  9.31e-15   145    -9     0
1482.51  4.59e-15  7.26e-15   145     9     0
1484.19  6.36e-15  7.29e-15   145    13     0
1485.87  1.40e-14  8.07e-15   145    30     0
1487.54 -8.12e-15  7.11e-15   146   -17     0
1489.22  4.88e-15  7.14e-15   146    10     0
1490.90 -7.02e-15  7.24e-15   146   -14     0
1492.57  8.32e-15  7.33e-15   147    17     0
1494.25  1.30e-14  8.49e-15   147    27     0
1495.92  1.31e-15  7.37e-15   147     2     0
1497.60  2.86e-14  1.38e-14   147    60     0
1499.28 -8.11e-15  9.49e-15   148   -17     0
1500.95  7.84e-15  8.52e-15   148    16     0
1502.63 -1.81e-15  7.19e-15   148    -3     0
1504.31 -4.78e-15  7.08e-15   149    -9     0
1505.98 -7.25e-15  7.72e-15   149   -15     0
1507.66  1.21e-14  7.22e-15   149    25     0
1509.34 -4.53e-15  7.06e-15   149    -9     0
1511.01  8.76e-16  7.18e-15   150     1     0
1512.69  5.73e-15  7.66e-15   150    11     0
1514.36 -3.57e-15  8.97e-15   150    -7     0
1516.04  6.37e-15  9.73e-15   151    12     0
1517.72 -8.35e-15  7.26e-15   151   -16     0
1519.39  7.99e-16  7.40e-15   151     1     0
1521.07  2.61e-15  7.32e-15   151     5     0
1522.75 -3.97e-15  7.39e-15   152    -7     0
1524.42  1.24e-14  7.50e-15   152    24     0
1526.10  2.93e-15  1.21e-14   152     5     0
1527.78 -8.91e-17  7.30e-15   152     0     0
1529.45 -2.11e-15  7.44e-15   153    -4     0
1531.13  5.74e-16  7.39e-15   153     1     0
1532.80 -6.57e-17  7.17e-15   153     0     0
1534.48  3.00e-15  1.01e-14   153     5     0
1536.16 -3.72e-15  1.01e-14   154    -7     0
1537.83  1.61e-14  7.34e-15   154    31     0
1539.51  1.14e-14  8.49e-15   154    22     0
1541.19  7.21e-15  7.13e-15   154    14     0
1542.86  2.45e-14  8.76e-15   155    48     0
1544.54  3.23e-14  8.48e-15   155    63     0
1546.22  5.98e-14  1.60e-14   155   116     0
1547.89  1.06e-13  2.13e-14   155   205     0
1549.57  9.51e-14  2.45e-14   156   185     0
1551.24  1.01e-13  1.94e-14   156   195     0
1552.92  6.76e-14  1.40e-14   156   131     0
1554.60  2.66e-14  9.38e-15   156    51     0
1556.27  5.55e-15  7.26e-15   157    10     0
1557.95 -1.15e-14  6.87e-15   157   -22     0
1559.63  1.66e-14  1.13e-14   157    32     0
1561.30  8.03e-15  6.95e-15   157    15     0
1562.98  7.27e-15  6.89e-15   157    14     0
1564.66  1.94e-14  7.10e-15   158    38     0
1566.33  6.13e-15  9.56e-15   158    12     0
1568.01 -7.99e-15  7.06e-15   158   -16     0
1569.69  4.13e-15  6.58e-15   158     8     0
1571.36  5.18e-15  6.70e-15   158    10     0
1573.04 -9.02e-17  6.69e-15   159     0     0
1574.71  5.70e-15  8.17e-15   159    11     0
1576.39 -2.41e-15  6.67e-15   159    -4     0
1578.07  3.94e-15  8.33e-15   159     7     0
1579.74  2.64e-15  9.08e-15   159     5     0
1581.42 -4.23e-15  6.50e-15   160    -8     0
1583.10 -8.43e-15  6.70e-15   160   -16     0
1584.77 -2.51e-15  6.44e-15   160    -5     0
1586.45  6.73e-15  6.44e-15   160    13     0
1588.13  1.08e-14  7.20e-15   160    21     0
1589.80  1.26e-14  8.91e-15   161    25     0
1591.48  9.66e-15  1.07e-14   161    19     0
1593.15  1.49e-14  6.58e-15   161    29     0
1594.83  1.76e-14  6.69e-15   161    35     0
1596.51  6.49e-15  6.75e-15   161    13     0
1598.18  1.06e-15  6.89e-15   161     2     0
1599.86  1.43e-15  7.79e-15   162     2     0
1601.54 -2.73e-15  6.23e-15   162    -5     0
1603.21  2.22e-15  6.35e-15   162     4     0
1604.89  3.96e-15  6.18e-15   162     8     0
1606.57 -1.43e-15  6.23e-15   162    -2     0
1608.24 -6.53e-15  6.09e-15   162   -13     0
1609.92  1.67e-14  7.08e-15   162    33     0
1611.59  5.56e-15  6.04e-15   163    11     0
1613.27  1.50e-16  5.99e-15   163     0     0
1614.95  5.70e-15  5.97e-15   163    11     0
1616.62 -1.08e-14  6.00e-15   163   -22     0
1618.30  2.48e-15  6.01e-15   163     5     0
1619.98  1.45e-14  6.11e-15   163    29     0
1621.65 -8.96e-15  7.41e-15   163   -18     0
1623.33  3.98e-15  8.29e-15   164     8     0
1625.01  3.76e-15  5.80e-15   164     8     0
1626.68  1.80e-15  6.64e-15   164     3     0
1628.36  5.54e-15  5.62e-15   164    11     0
1630.03  7.04e-15  8.48e-15   164    14     0
1631.71  1.05e-14  6.00e-15   164    21     0
1633.39 -4.58e-15  7.82e-15   164    -9     0
1635.06  1.45e-14  6.35e-15   164    30     0
1636.74  2.42e-14  9.27e-15   165    51     0
1638.42  4.50e-14  9.16e-15   165    96     0
1640.09  6.88e-14  1.49e-14   165   147     0
1641.77  8.29e-14  1.99e-14   165   177     0
1643.45  6.01e-14  1.59e-14   165   129     0
1645.12  2.22e-14  9.97e-15   165    47     0
1646.80  2.07e-14  7.08e-15   165    44     0
1648.47  1.71e-15  5.33e-15   165     3     0
1650.15 -2.26e-15  5.28e-15   165    -4     0
1651.83  6.98e-15  5.34e-15   165    15     0
1653.50  9.64e-15  5.37e-15   165    21     0
1655.18  8.17e-15  5.30e-15   166    17     0
1656.86  2.60e-14  7.81e-15   166    57     0
1658.53  3.20e-14  8.80e-15   166    70     0
1660.21  1.38e-14  6.95e-15   166    31     0
1661.89  1.87e-14  5.51e-15   166    42     0
1663.56  6.12e-15  5.47e-15   166    13     0
1665.24  8.39e-15  6.29e-15   166    18     0
1666.92  7.08e-15  5.75e-15   166    15     0
1668.59  7.35e-15  5.02e-15   166    16     0
1670.27  3.18e-15  4.83e-15   166     7     0
1671.94  7.88e-15  5.13e-15   166    18     0
1673.62  5.09e-15  4.79e-15   166    11     0
1675.30  1.07e-14  4.79e-15   166    25     0
1676.97 -3.36e-15  4.57e-15   166    -7     0
1678.65  8.33e-15  4.70e-15   166    19     0
1680.33  3.93e-15  4.59e-15   166     9     0
1682.00  8.56e-15  4.66e-15   166    20     0
1683.68  9.39e-15  4.64e-15   166    22     0
1685.36  5.65e-15  4.58e-15   166    13     0
1687.03  3.59e-15  4.53e-15   167     8     0
1688.71  2.05e-15  4.43e-15   167     4     0
1690.38 -6.79e-15  4.36e-15   167   -16     0
1692.06 -3.29e-15  4.35e-15   167    -8     0
1693.74 -1.50e-16  4.28e-15   167     0     0
1695.41  1.25e-14  6.37e-15   167    30     0
1697.09  1.76e-14  4.51e-15   167    43     0
1698.77  8.36e-15  4.30e-15   167    20     0
1700.44  4.74e-15  4.16e-15   167    11     0
1702.12  7.98e-15  4.18e-15   167    20     0
1703.80  6.50e-15  4.13e-15   167    16     0
1705.47  7.99e-15  4.19e-15   167    20     0
1707.15  5.89e-15  4.15e-15   167    15     0
1708.82  9.95e-15  4.16e-15   167    25     0
1710.50  4.46e-16  3.95e-15   167     1     0
1712.18  5.37e-15  3.99e-15   167    13     0
1713.85  5.74e-15  3.96e-15   167    14     0
1715.53  3.86e-15  3.94e-15   167    10     0
1717.21  1.13e-14  4.02e-15   167    29     0
1718.88 -5.58e-16  3.79e-15   167    -1     0
1720.56  4.31e-15  4.06e-15   167    11     0
1722.24  6.96e-15  3.74e-15   167    18     0
1723.91  6.62e-15  5.01e-15   167    18     0
1725.59  9.59e-15  3.84e-15   167    25     0
1727.26  1.11e-14  3.83e-15   167    29     0
1728.94  1.36e-15  3.60e-15   167     3     0
1730.62 -1.51e-15  3.57e-15   167    -4     0
1732.29  5.26e-15  3.63e-15   167    14     0
1733.97  6.33e-15  3.61e-15   167    17     0
1735.65  6.96e-15  3.59e-15   167    19     0
1737.32  5.51e-15  5.27e-15   167    15     0
1739.00  8.28e-15  3.54e-15   167    23     0
1740.68  1.03e-14  3.48e-15   166    29     0
1742.35  8.11e-15  3.41e-15   166    23     0
1744.03  9.31e-15  3.42e-15   166    27     0
1745.70  9.97e-15  3.43e-15   166    28     0
1747.38  7.83e-15  3.35e-15   166    22     0
1749.06  1.35e-14  3.44e-15   166    39     0
1750.73  2.51e-14  7.11e-15   166    74     0
1752.41  2.33e-14  6.24e-15   166    69     0
1754.09  1.47e-14  3.36e-15   166    44     0
1755.76  1.06e-14  3.28e-15   166    31     0
1757.44  1.38e-14  3.32e-15   166    41     0
1759.12  9.57e-15  3.21e-15   166    28     0
1760.79  7.80e-15  3.16e-15   166    23     0
1762.47  1.09e-14  3.20e-15   166    33     0
1764.15  4.69e-15  3.04e-15   166    14     0
1765.82  8.86e-15  3.09e-15   166    27     0
1767.50  1.07e-14  3.19e-15   166    32     0
1769.17  7.95e-15  3.05e-15   166    24     0
1770.85  1.13e-14  3.05e-15   166    35     0
1772.53  4.92e-15  2.88e-15   166    15     0
1774.20  1.00e-14  2.98e-15   166    31     0
1775.88  2.84e-15  2.81e-15   166     8     0
1777.56  2.39e-15  2.77e-15   166     7     0
1779.23  4.33e-15  2.80e-15   166    13     0
1780.91  8.85e-15  2.88e-15   166    28     0
1782.59  6.10e-15  2.80e-15   166    19     0
1784.26  6.22e-15  3.14e-15   166    19     0
1785.94  5.22e-15  2.75e-15   166    17     0
1787.61  7.98e-15  2.74e-15   166    26     0
1789.29  2.23e-15  2.66e-15   166     7     0
1790.97  7.69e-15  2.91e-15   166    25     0
1792.64 -3.32e-15  2.89e-15   165   -10     0
1794.32 -7.62e-15  3.15e-15   165   -25     0
1796.00  1.44e-15  2.96e-15   165     4     0
1797.67 -3.97e-15  3.04e-15   165   -13     0
1799.35  3.85e-15  2.68e-15   165    12     0
1801.03  9.33e-15  2.64e-15   165    31     0
1802.70  6.96e-15  2.57e-15   165    23     0
1804.38  4.21e-15  2.51e-15   165    14     0
1806.05  7.64e-15  2.60e-15   165    25     0
1807.73  6.94e-15  2.59e-15   165    22     0
1809.41  1.20e-14  3.60e-15   165    39     0
1811.08  9.99e-15  2.61e-15   165    33     0
1812.76  9.73e-15  2.56e-15   165    32     0
1814.44  2.21e-14  3.50e-15   165    74     0
1816.11  2.31e-14  4.75e-15   165    77     0
1817.79  1.60e-14  3.77e-15   165    53     0
1819.47  1.18e-14  2.58e-15   165    39     0
1821.14  6.13e-15  2.98e-15   165    20     0
1822.82  6.27e-15  2.44e-15   165    21     0
1824.49  3.12e-15  2.80e-15   165    10     0
1826.17  2.13e-15  2.35e-15   165     7     0
1827.85  2.05e-16  2.31e-15   165     0     0
1829.52  1.87e-15  2.33e-15   165     6     0
1831.20 -1.74e-15  2.27e-15   165    -5     0
1832.88 -2.11e-15  2.21e-15   165    -7     0
1834.55  2.42e-15  2.24e-15   165     8     0
1836.23  2.78e-15  2.24e-15   165     9     0
1837.91  2.07e-15  2.20e-15   165     7     0
1839.58  3.24e-15  2.21e-15   165    11     0
1841.26  1.75e-15  2.20e-15   165     5     0
1842.93  9.54e-16  2.18e-15   165     3     0
1844.61  3.73e-15  2.22e-15   165    12     0
1846.29  6.12e-15  2.21e-15   165    21     0
1847.96  5.73e-15  2.20e-15   166    19     0
1849.64  7.20e-15  2.38e-15   166    24     0
1851.32  7.27e-15  2.26e-15   166    24     0
1852.99  4.65e-15  2.20e-15   166    15     0
1854.67  3.08e-15  2.15e-15   166    10     0
1856.35  3.80e-15  2.14e-15   166    12     0
1858.02  2.47e-15  2.22e-15   166     8     0
1859.70  8.60e-16  2.27e-15   166     2     0
1861.37  5.11e-15  2.35e-15   166    17     0
1863.05  4.22e-15  2.33e-15   166    14     0
1864.73  2.04e-15  2.05e-15   166     6     0
1866.40  1.51e-15  2.13e-15   166     5     0
1868.08  1.31e-15  2.43e-15   166     4     0
1869.76  3.50e-15  2.10e-15   167    11     0
1871.43  6.55e-15  2.24e-15   167    21     0
1873.11  7.60e-15  2.18e-15   167    24     0
1874.79  4.52e-15  2.11e-15   167    14     0
1876.46  5.09e-15  2.15e-15   167    16     0
1878.14  3.33e-15  3.00e-15   167    10     0
1879.82  7.66e-15  2.27e-15   167    25     0
1881.49  8.29e-15  2.15e-15   168    27     0
1883.17  5.71e-15  2.09e-15   168    18     0
1884.84  2.58e-15  2.02e-15   168     8     0
1886.52  3.21e-15  2.03e-15   168    10     0
1888.20  2.27e-15  2.00e-15   168     7     0
1889.87 -2.23e-15  1.96e-15   168    -7     0
1891.55  1.34e-15  1.98e-15   169     4     0
1893.23  2.42e-15  2.15e-15   169     7     0
1894.90  6.26e-15  2.05e-15   169    20     0
1896.58  8.99e-15  2.10e-15   169    28     0
1898.26  8.67e-15  2.10e-15   170    27     0
1899.93  9.29e-15  2.09e-15   170    29     0
1901.61  1.17e-14  2.15e-15   170    37     0
1903.28  1.02e-14  2.10e-15   170    32     0
1904.96  5.29e-15  1.99e-15   171    16     0
1906.64  6.57e-15  1.99e-15   171    21     0
1908.31  5.63e-15  1.97e-15   171    18     0
1909.99  4.61e-15  1.96e-15   171    14     0
1911.67  5.98e-15  1.98e-15   172    18     0
1913.34 -2.11e-16  1.86e-15   172     0     0
1915.02  6.41e-16  1.90e-15   172     1     0
1916.70 -2.24e-15  1.87e-15   173    -6     0
1918.37  8.39e-16  1.86e-15   173     2     0
1920.05  5.47e-15  2.04e-15   173    17     0
1921.72  6.18e-15  2.10e-15   174    19     0
1923.40  9.90e-15  2.21e-15   174    30     0
1925.08  1.26e-14  2.46e-15   174    39     0
1926.75  1.28e-14  3.23e-15   175    40     0
1928.43  1.27e-14  2.35e-15   175    40     0
1930.11  8.51e-15  2.17e-15   176    26     0
1931.78  9.42e-15  1.98e-15   176    29     0
1933.46  8.97e-15  1.92e-15   177    28     0
1935.14  4.50e-15  2.28e-15   177    14     0
1936.81  3.47e-15  1.78e-15   177    10     0
1938.49  3.80e-15  1.77e-15   178    11     0
1940.16  3.43e-15  1.75e-15   178    10     0
1941.84  5.37e-15  1.79e-15   179    16     0
1943.52  8.18e-15  1.86e-15   179    25     0
1945.19  9.01e-15  1.82e-15   180    28     0
1946.87  8.22e-15  1.79e-15   180    26     0
1948.55  3.25e-15  1.73e-15   181    10     0
1950.22  3.69e-15  1.68e-15   182    11     0
1951.90  8.98e-15  1.78e-15   182    28     0
1953.58  9.81e-15  1.80e-15   183    31     0
1955.25  8.18e-15  1.83e-15   183    26     0
1956.93  1.07e-14  1.93e-15   184    34     0
1958.60  1.02e-14  1.75e-15   185    33     0
1960.28  1.03e-14  1.73e-15   185    34     0
1961.96  7.85e-15  1.65e-15   186    26     0
1963.63  9.56e-15  1.68e-15   187    31     0
1965.31  8.30e-15  1.68e-15   187    27     0
1966.99  9.84e-15  1.71e-15   188    32     0
1968.66  8.46e-15  1.74e-15   189    27     0
1970.34  8.31e-15  1.64e-15   190    27     0
1972.02  9.97e-15  1.67e-15   190    32     0
1973.69  1.19e-14  1.72e-15   191    38     0
1975.37  7.27e-15  1.61e-15   192    23     0
1977.05  5.65e-15  1.57e-15   193    18     0
1978.72  5.99e-15  1.58e-15   193    19     0
