NOT ORIGINAL IUE PROJECT DATA PRODUCT
SWP42392LOWLARGE
HD  197481
20:42:04
-31:31:05
48
NO-TRAIL
X-OFFSETS
2519.190
04/09/91
08:36:22
247
6.15
21/09/95
GSFC
2448503.85859
0
23
1150.59 -1.42e-13  1.76e-13   107   -24     0
1152.27 -1.40e-13  1.66e-13   107   -26     0
1153.94 -5.64e-14  1.55e-13   108   -11     0
1155.62  2.30e-13  1.51e-13   108    47     0
1157.30 -1.83e-13  1.38e-13   109   -40     0
1158.97  3.04e-14  1.27e-13   109     7     0
1160.65 -1.86e-13  1.17e-13   110   -48     0
1162.33  1.29e-13  1.23e-13   110    35     0
1164.00  8.22e-14  1.02e-13   111    24     0
1165.68  1.35e-14  8.78e-14   111     4     0
1167.35 -1.94e-14  8.17e-14   112    -7     0
1169.03 -2.67e-14  7.60e-14   112   -10     0
1170.71 -4.22e-14  7.06e-14   113   -17     0
1172.38 -1.02e-13  6.58e-14   113   -45     0
1174.06  8.72e-14  7.69e-14   114    41     0
1175.74  1.15e-14  5.79e-14   114     5     0
1177.41  7.90e-14  6.64e-14   115    43     0
1179.09  2.69e-14  8.30e-14   115    15     0
1180.77  8.62e-14  4.65e-14   116    54     0
1182.44 -4.84e-14  4.29e-14   116   -32     0
1184.12  1.35e-14  4.05e-14   117     9     0
1185.79 -1.82e-14  3.87e-14   117   -13     0
1187.47 -8.39e-15  3.82e-14   117    -6     0
1189.15  4.01e-14  3.54e-14   118    32     0
1190.82  3.94e-14  3.23e-14   118    35     0
1192.50  4.74e-14  3.14e-14   119    44     0
1194.18 -1.97e-15  4.76e-14   119    -1     0
1195.85  2.33e-14  2.82e-14   120    23     0
1197.53  4.82e-15  2.90e-14   120     5     0
1199.21 -2.97e-14  2.88e-14   121   -32     0
1200.88 -1.88e-15  2.70e-14   121    -2     0
1202.56  4.31e-14  2.55e-14   121    51     0
1204.23  1.22e-13  4.36e-14   122   149     0
1205.91  7.49e-14  2.49e-14   122    95     0
1207.59  9.78e-14  3.82e-14   123   128     0
1209.26  2.86e-13  6.52e-14   123   384     0
1210.94  5.20e-13  9.15e-14   123   727     0
1212.62  1.25e-12  2.02e-13   124  1793     0
1214.29  1.26e-12  1.85e-13   124  1856     0
1215.97  1.47e-12  2.28e-13   125  2234     0
1217.65  1.44e-12  2.29e-13   125  2234     0
1219.32  1.04e-12  1.69e-13   125  1653     0
1221.00  6.71e-13  1.30e-13   126  1089     0
1222.67  3.22e-13  5.90e-14   126   534     0
1224.35  1.25e-13  4.11e-14   127   210     0
1226.03  1.28e-14  2.10e-14   127    22     0
1227.70  2.16e-14  1.55e-14   127    38     0
1229.38  1.06e-14  1.63e-14   128    19     0
1231.06  4.02e-14  1.60e-14   128    74     0
1232.73  6.95e-16  1.63e-14   129     1     0
1234.41 -1.16e-14  1.35e-14   129   -22     0
1236.09  1.81e-14  1.57e-14   129    35     0
1237.76  3.42e-14  1.41e-14   130    67     0
1239.44  2.43e-15  1.28e-14   130     4     0
1241.11  1.92e-14  1.27e-14   130    39     0
1242.79  2.04e-16  1.23e-14   131     0     0
1244.47  2.26e-14  1.96e-14   131    47     0
1246.14 -2.08e-14  1.28e-14   132   -43     0
1247.82  2.38e-14  1.33e-14   132    49     0
1249.50 -1.56e-14  1.18e-14   132   -32     0
1251.17 -4.57e-15  1.14e-14   133    -9     0
1252.85  1.33e-14  1.16e-14   133    29     0
1254.53  4.88e-14  2.60e-14   133   108     0
1256.20 -2.23e-14  1.11e-14   134   -49     0
1257.88  7.11e-15  1.19e-14   134    15     0
1259.56 -5.08e-15  1.22e-14   134   -11     0
1261.23  1.94e-14  1.10e-14   135    44     0
1262.91  1.94e-14  1.08e-14   135    44     0
1264.58 -1.43e-14  1.08e-14   136   -33     0
1266.26  2.85e-14  1.53e-14   136    67     0
1267.94  5.36e-15  1.07e-14   136    12     0
1269.61 -1.85e-14  9.98e-15   137   -44     0
1271.29 -2.96e-14  1.00e-14   137   -70     0
1272.97  3.99e-14  1.51e-14   137    95     0
1274.64 -3.43e-15  1.05e-14   138    -8     0
1276.32 -4.02e-15  1.36e-14   138    -9     0
1278.00  1.02e-14  1.05e-14   138    24     0
1279.67 -1.51e-14  1.00e-14   139   -36     0
1281.35  5.95e-15  1.30e-14   139    14     0
1283.02  1.18e-15  9.72e-15   139     2     0
1284.70  4.38e-15  9.54e-15   140    10     0
1286.38  6.24e-15  9.45e-15   140    15     0
1288.05 -6.96e-16  9.39e-15   140    -1     0
1289.73 -3.14e-14  9.76e-15   141   -77     0
1291.41  2.56e-15  9.28e-15   141     6     0
1293.08  7.17e-15  9.44e-15   141    17     0
1294.76 -1.19e-14  9.20e-15   142   -29     0
1296.44  5.34e-15  9.10e-15   142    13     0
1298.11 -8.44e-15  9.20e-15   142   -21     0
1299.79 -3.67e-18  9.69e-15   143     0     0
1301.46  1.53e-15  9.10e-15   143     3     0
1303.14  3.37e-15  9.55e-15   143     8     0
1304.82  1.64e-14  1.28e-14   144    40     0
1306.49  7.70e-15  1.04e-14   144    18     0
1308.17  6.79e-15  1.07e-14   145    16     0
1309.85 -2.72e-14  1.99e-14   145   -65     0
1311.52  9.57e-16  1.07e-14   145     2     0
1313.20  1.18e-15  1.40e-14   146     2     0
1314.88  5.27e-15  1.49e-14   146    13     0
1316.55 -2.05e-14  1.27e-14   146   -51     0
1318.23 -8.24e-15  8.74e-15   147   -20     0
1319.90 -2.44e-15  8.72e-15   147    -6     0
1321.58 -1.58e-14  9.59e-15   147   -37     0
1323.26  1.21e-15  1.38e-14   147     2     0
1324.93 -2.22e-14  1.40e-14   148   -52     0
1326.61 -1.22e-14  1.35e-14   148   -28     0
1328.29  3.16e-15  1.04e-14   148     7     0
1329.96  1.65e-14  1.28e-14   149    39     0
1331.64 -1.36e-14  9.89e-15   149   -32     0
1333.32  1.33e-14  1.48e-14   149    31     0
1334.99  3.10e-15  1.16e-14   150     7     0
1336.67  1.95e-14  1.28e-14   150    47     0
1338.34  7.41e-15  1.36e-14   150    17     0
1340.02 -1.73e-15  9.23e-15   151    -4     0
1341.70 -1.03e-14  9.45e-15   151   -23     0
1343.37 -6.87e-15  1.28e-14   151   -15     0
1345.05 -1.46e-14  8.82e-15   152   -34     0
1346.73 -9.94e-15  1.06e-14   152   -23     0
1348.40 -1.19e-14  1.01e-14   152   -27     0
1350.08  2.13e-14  1.79e-14   153    48     0
1351.76 -8.60e-15  1.09e-14   153   -19     0
1353.43  1.09e-14  1.97e-14   153    24     0
1355.11  5.60e-15  1.40e-14   154    12     0
1356.79 -2.51e-14  8.88e-15   154   -56     0
1358.46  1.09e-14  1.53e-14   154    24     0
1360.14  1.90e-14  1.18e-14   155    41     0
1361.81 -8.69e-16  1.28e-14   155    -1     0
1363.49  1.61e-14  1.15e-14   155    35     0
1365.17 -1.46e-14  9.61e-15   155   -31     0
1366.84 -1.23e-14  1.03e-14   156   -26     0
1368.52 -2.88e-14  9.19e-15   156   -61     0
1370.20  1.27e-14  1.13e-14   156    27     0
1371.87  2.22e-15  1.53e-14   157     4     0
1373.55 -1.41e-14  9.22e-15   157   -29     0
1375.23  4.62e-15  1.17e-14   157     9     0
1376.90 -9.73e-15  1.81e-14   158   -20     0
1378.58 -9.35e-15  1.12e-14   158   -19     0
1380.25 -1.22e-14  9.30e-15   158   -25     0
1381.93 -6.32e-15  9.48e-15   158   -13     0
1383.61 -1.39e-14  2.38e-14   159   -28     0
1385.28 -7.73e-15  1.28e-14   159   -15     0
1386.96  1.99e-14  2.08e-14   159    40     0
1388.64  4.62e-15  9.99e-15   160     9     0
1390.31 -2.88e-14  1.25e-14   160   -57     0
1391.99  7.03e-16  1.12e-14   160     1     0
1393.67  7.89e-17  1.34e-14   161     0     0
1395.34  4.74e-16  1.23e-14   161     0     0
1397.02  3.93e-16  1.09e-14   161     0     0
1398.69 -4.17e-15  1.15e-14   161    -8     0
1400.37  6.00e-15  9.79e-15   162    11     0
1402.05  4.60e-15  1.08e-14   162     8     0
1403.72 -8.41e-15  1.92e-14   162   -15     0
1405.40 -8.63e-15  1.80e-14   163   -15     0
1407.08  1.03e-14  1.26e-14   163    18     0
1408.75 -1.09e-14  1.70e-14   163   -19     0
1410.43  3.74e-14  1.53e-14   163    67     0
1412.11  1.74e-14  1.72e-14   164    31     0
1413.78 -1.63e-14  2.38e-14   164   -29     0
1415.46 -1.00e-14  1.01e-14   164   -18     0
1417.13 -2.95e-15  1.55e-14   165    -5     0
1418.81  1.45e-15  1.41e-14   165     2     0
1420.49 -3.91e-14  1.21e-14   165   -66     0
1422.16 -5.55e-15  1.08e-14   165    -9     0
1423.84 -2.93e-14  1.56e-14   166   -49     0
1425.52  2.79e-14  1.54e-14   166    47     0
1427.19  1.49e-14  1.60e-14   166    25     0
1428.87  8.60e-15  1.81e-14   166    14     0
1430.55 -3.97e-15  1.06e-14   167    -6     0
1432.22  1.87e-14  1.48e-14   167    31     0
1433.90 -2.13e-14  1.13e-14   167   -35     0
1435.57 -2.37e-14  1.09e-14   167   -38     0
1437.25  7.25e-15  1.81e-14   168    11     0
1438.93  2.73e-15  1.67e-14   168     4     0
1440.60  1.60e-14  2.23e-14   168    25     0
1442.28  3.36e-15  1.64e-14   169     5     0
1443.96  4.45e-15  1.87e-14   169     7     0
1445.63  4.85e-16  1.07e-14   169     0     0
1447.31 -7.36e-15  1.08e-14   169   -11     0
1448.99  9.48e-15  1.20e-14   170    14     0
1450.66  1.47e-14  1.08e-14   170    23     0
1452.34 -1.84e-15  1.08e-14   170    -2     0
1454.02  1.84e-14  1.20e-14   170    28     0
1455.69  1.42e-14  1.70e-14   170    22     0
1457.37 -2.19e-14  1.07e-14   171   -34     0
1459.04  3.10e-15  1.62e-14   171     4     0
1460.72  8.88e-15  1.06e-14   171    14     0
1462.40  1.86e-14  1.90e-14   171    29     0
1464.07  1.42e-14  1.30e-14   172    22     0
1465.75  2.63e-16  1.63e-14   172     0     0
1467.43 -1.74e-15  1.06e-14   172    -2     0
1469.10  1.99e-14  1.09e-14   172    30     0
1470.78  5.19e-15  1.08e-14   173     7     0
1472.46 -1.29e-14  1.08e-14   173   -19     0
1474.13  5.31e-15  1.51e-14   173     7     0
1475.81  1.98e-14  1.41e-14   173    29     0
1477.48  4.38e-15  1.08e-14   173     6     0
1479.16  7.69e-15  1.83e-14   174    11     0
1480.84 -8.52e-15  1.08e-14   174   -12     0
1482.51  7.64e-15  1.09e-14   174    11     0
1484.19  3.19e-14  1.70e-14   174    47     0
1485.87  3.36e-14  1.11e-14   175    50     0
1487.54 -3.40e-15  1.06e-14   175    -5     0
1489.22  7.04e-15  1.06e-14   175    10     0
1490.90 -1.37e-14  1.10e-14   175   -20     0
1492.57  6.42e-15  1.08e-14   175     9     0
1494.25 -1.02e-14  1.08e-14   176   -14     0
1495.92 -1.98e-14  1.06e-14   176   -29     0
1497.60  1.82e-14  1.90e-14   176    26     0
1499.28 -2.69e-14  1.15e-14   176   -39     0
1500.95 -9.86e-15  1.15e-14   176   -14     0
1502.63 -6.28e-15  1.05e-14   177    -9     0
1504.31 -7.34e-15  1.06e-14   177   -10     0
1505.98 -2.94e-15  1.26e-14   177    -4     0
1507.66  1.49e-14  1.07e-14   177    21     0
1509.34 -8.57e-15  1.05e-14   177   -12     0
1511.01  1.67e-14  1.18e-14   178    23     0
1512.69  2.26e-14  1.17e-14   178    32     0
1514.36 -1.14e-14  1.09e-14   178   -16     0
1516.04  4.07e-15  1.35e-14   178     5     0
1517.72 -7.36e-15  1.08e-14   178   -10     0
1519.39  1.50e-14  1.14e-14   178    20     0
1521.07  1.32e-14  1.19e-14   179    18     0
1522.75  1.01e-14  1.34e-14   179    13     0
1524.42  3.54e-14  1.18e-14   179    48     0
1526.10  1.92e-14  2.07e-14   179    26     0
1527.78  9.69e-15  1.10e-14   179    13     0
1529.45  7.07e-16  1.78e-14   179     0     0
1531.13  2.38e-15  1.12e-14   180     3     0
1532.80 -5.86e-15  1.07e-14   180    -8     0
1534.48  4.58e-15  1.32e-14   180     6     0
1536.16 -1.73e-14  1.07e-14   180   -23     0
1537.83  9.26e-15  1.06e-14   180    12     0
1539.51  1.01e-14  1.37e-14   180    13     0
1541.19  2.99e-15  1.05e-14   180     4     0
1542.86  1.59e-14  1.09e-14   181    21     0
1544.54  1.86e-14  1.08e-14   181    25     0
1546.22  4.19e-14  1.12e-14   181    56     0
1547.89  4.01e-14  1.36e-14   181    54     0
1549.57  4.19e-14  1.76e-14   181    56     0
1551.24  4.64e-14  1.17e-14   181    63     0
1552.92  1.17e-14  1.06e-14   181    15     0
1554.60 -7.63e-15  1.04e-14   182   -10     0
1556.27 -7.67e-15  1.03e-14   182   -10     0
1557.95 -2.21e-15  1.02e-14   182    -3     0
1559.63  5.30e-15  1.78e-14   182     7     0
1561.30  2.82e-15  1.02e-14   182     3     0
1562.98  5.82e-15  1.49e-14   182     7     0
1564.66  1.03e-14  1.11e-14   182    14     0
1566.33 -2.66e-14  1.66e-14   182   -37     0
1568.01 -1.74e-14  9.80e-15   183   -24     0
1569.69  6.76e-15  9.78e-15   183     9     0
1571.36  1.71e-14  1.02e-14   183    23     0
1573.04  2.26e-15  9.89e-15   183     3     0
1574.71 -9.35e-15  9.85e-15   183   -12     0
1576.39  7.74e-15  1.00e-14   183    10     0
1578.07 -7.27e-15  9.94e-15   183    -9     0
1579.74  2.23e-14  1.03e-14   183    30     0
1581.42  1.42e-15  9.67e-15   183     1     0
1583.10 -2.15e-14  1.12e-14   184   -29     0
1584.77 -1.86e-14  9.59e-15   184   -25     0
1586.45  2.75e-15  1.03e-14   184     3     0
1588.13 -2.62e-14  9.44e-15   184   -36     0
1589.80 -1.66e-14  1.11e-14   184   -23     0
1591.48 -2.11e-15  1.41e-14   184    -2     0
1593.15  6.26e-15  9.48e-15   184     8     0
1594.83  1.97e-14  1.12e-14   184    27     0
1596.51  5.07e-15  9.46e-15   184     7     0
1598.18  2.58e-15  1.00e-14   184     3     0
1599.86  7.67e-15  1.03e-14   184    10     0
1601.54 -1.62e-14  9.77e-15   184   -23     0
1603.21  3.16e-15  1.32e-14   185     4     0
1604.89 -9.26e-15  8.99e-15   185   -13     0
1606.57 -8.53e-15  1.04e-14   185   -12     0
1608.24  6.34e-16  9.06e-15   185     0     0
1609.92  2.37e-14  9.54e-15   185    33     0
1611.59  2.11e-14  9.25e-15   185    30     0
1613.27  2.11e-14  9.26e-15   185    30     0
1614.95  6.89e-15  8.86e-15   185     9     0
1616.62 -2.44e-14  8.86e-15   185   -34     0
1618.30 -1.44e-15  9.35e-15   185    -2     0
1619.98  9.82e-15  8.89e-15   185    14     0
1621.65 -3.23e-14  8.57e-15   185   -47     0
1623.33  7.73e-17  8.53e-15   185     0     0
1625.01 -1.62e-15  8.43e-15   185    -2     0
1626.68  8.00e-16  1.11e-14   185     1     0
1628.36 -3.46e-15  8.26e-15   185    -5     0
1630.03  8.42e-16  1.14e-14   186     1     0
1631.71  2.51e-14  9.48e-15   186    36     0
1633.39  3.57e-15  9.18e-15   186     5     0
1635.06  2.80e-14  1.06e-14   186    41     0
1636.74  2.78e-14  8.65e-15   186    41     0
1638.42  3.35e-14  8.74e-15   186    50     0
1640.09  3.58e-14  1.25e-14   186    53     0
1641.77  2.81e-14  1.69e-14   186    42     0
1643.45  2.27e-14  8.87e-15   186    34     0
1645.12  6.67e-15  8.02e-15   186    10     0
1646.80  1.69e-14  8.16e-15   186    25     0
1648.47  6.00e-15  8.26e-15   186     9     0
1650.15  5.96e-15  7.97e-15   186     9     0
1651.83  9.27e-15  7.92e-15   186    14     0
1653.50 -1.53e-14  7.75e-15   186   -23     0
1655.18 -1.57e-14  7.66e-15   186   -24     0
1656.86  5.99e-15  7.64e-15   186     9     0
1658.53  1.80e-14  8.09e-15   186    27     0
1660.21 -8.95e-15  7.37e-15   186   -14     0
1661.89 -9.62e-15  7.66e-15   186   -15     0
1663.56 -5.63e-15  7.99e-15   186    -8     0
1665.24  2.35e-15  8.24e-15   186     3     0
1666.92  4.34e-15  1.23e-14   186     6     0
1668.59  7.09e-15  7.44e-15   186    11     0
1670.27  4.97e-15  7.19e-15   186     7     0
1671.94  5.52e-15  7.14e-15   186     8     0
1673.62 -3.61e-15  7.10e-15   186    -5     0
1675.30  1.42e-14  7.08e-15   186    23     0
1676.97  7.79e-15  6.91e-15   186    12     0
1678.65  2.43e-14  7.17e-15   186    40     0
1680.33  8.10e-15  6.92e-15   186    13     0
1682.00  5.85e-15  7.38e-15   186     9     0
1683.68  1.31e-14  7.69e-15   186    21     0
1685.36  9.92e-15  6.86e-15   186    16     0
1687.03  3.96e-15  8.34e-15   186     6     0
1688.71 -1.07e-14  6.59e-15   186   -17     0
1690.38  1.03e-14  8.27e-15   187    17     0
1692.06  9.56e-15  6.69e-15   187    16     0
1693.74 -4.92e-16  6.46e-15   187     0     0
1695.41  1.07e-14  6.67e-15   187    18     0
1697.09  1.70e-15  6.25e-15   187     2     0
1698.77 -1.05e-14  6.20e-15   187   -18     0
1700.44 -4.90e-15  6.12e-15   187    -8     0
1702.12 -1.99e-15  6.06e-15   187    -3     0
1703.80  1.37e-15  6.01e-15   187     2     0
1705.47  7.32e-15  6.19e-15   187    12     0
1707.15  1.15e-14  6.17e-15   187    20     0
1708.82  5.99e-15  6.01e-15   187    10     0
1710.50 -7.72e-15  5.90e-15   187   -13     0
1712.18  1.20e-15  5.85e-15   187     2     0
1713.85  8.47e-15  5.93e-15   187    15     0
1715.53  1.16e-14  5.99e-15   187    21     0
1717.21  2.39e-14  6.15e-15   187    43     0
1718.88  9.61e-15  5.88e-15   187    17     0
1720.56  1.45e-14  8.59e-15   187    27     0
1722.24  1.39e-14  5.91e-15   187    26     0
1723.91  3.91e-15  5.62e-15   187     7     0
1725.59  1.34e-14  6.68e-15   187    25     0
1727.26  2.61e-14  7.47e-15   187    49     0
1728.94  7.49e-15  5.49e-15   187    14     0
1730.62  7.19e-15  5.45e-15   187    13     0
1732.29  3.82e-15  5.35e-15   187     7     0
1733.97  5.11e-15  5.32e-15   187     9     0
1735.65  1.40e-14  5.46e-15   187    27     0
1737.32  3.02e-15  5.16e-15   187     5     0
1739.00  1.23e-14  5.34e-15   187    24     0
1740.68  6.73e-15  5.04e-15   187    13     0
1742.35  1.62e-14  5.43e-15   187    32     0
1744.03  1.94e-14  5.25e-15   187    39     0
1745.70  7.35e-15  4.97e-15   187    14     0
1747.38  4.05e-15  4.86e-15   187     8     0
1749.06  5.78e-15  4.86e-15   187    11     0
1750.73  1.54e-14  5.51e-15   187    31     0
1752.41  2.05e-14  5.45e-15   187    42     0
1754.09  6.16e-15  4.72e-15   187    12     0
1755.76  1.02e-14  4.84e-15   187    21     0
1757.44  6.94e-15  6.79e-15   187    14     0
1759.12  1.59e-15  4.57e-15   187     3     0
1760.79  3.66e-15  4.59e-15   187     7     0
1762.47  3.01e-15  4.51e-15   187     6     0
1764.15 -1.10e-15  4.46e-15   187    -2     0
1765.82  5.80e-15  4.54e-15   187    12     0
1767.50  2.92e-15  5.11e-15   187     6     0
1769.17  2.83e-15  4.65e-15   187     6     0
1770.85  6.63e-15  4.39e-15   187    14     0
1772.53  8.86e-15  4.48e-15   187    19     0
1774.20  8.49e-15  4.37e-15   187    18     0
1775.88  2.69e-15  4.19e-15   187     5     0
1777.56 -6.53e-15  4.17e-15   187   -14     0
1779.23  1.31e-14  4.36e-15   187    29     0
1780.91  8.92e-15  4.30e-15   187    19     0
1782.59  2.77e-15  4.11e-15   187     6     0
1784.26 -3.76e-15  4.04e-15   187    -8     0
1785.94 -7.73e-15  3.94e-15   187   -17     0
1787.61  1.69e-15  3.91e-15   187     3     0
1789.29  4.55e-15  4.04e-15   187    10     0
1790.97  1.54e-14  4.49e-15   187    35     0
1792.64  6.51e-15  4.51e-15   187    14     0
1794.32  8.55e-15  5.13e-15   188    19     0
1796.00  1.54e-14  5.05e-15   188    35     0
1797.67 -7.19e-17  4.22e-15   188     0     0
1799.35  4.75e-15  4.06e-15   188    10     0
1801.03  1.17e-15  3.76e-15   188     2     0
1802.70  3.80e-16  3.73e-15   188     0     0
1804.38  5.33e-15  3.80e-15   188    12     0
1806.05  5.91e-15  3.84e-15   188    13     0
1807.73  7.87e-15  3.85e-15   188    18     0
1809.41  3.00e-15  3.73e-15   188     6     0
1811.08  4.95e-15  3.72e-15   188    11     0
1812.76  1.39e-14  3.91e-15   188    32     0
1814.44  1.32e-14  3.85e-15   188    30     0
1816.11  1.22e-14  3.88e-15   188    28     0
1817.79  1.82e-14  4.00e-15   188    42     0
1819.47  1.71e-14  3.88e-15   188    40     0
1821.14  9.00e-15  3.71e-15   189    21     0
1822.82  2.00e-15  3.56e-15   189     4     0
1824.49  1.19e-16  3.52e-15   189     0     0
1826.17  2.37e-15  3.58e-15   189     5     0
1827.85 -4.32e-15  3.54e-15   189    -9     0
1829.52 -4.53e-15  3.60e-15   189   -10     0
1831.20 -8.38e-15  3.41e-15   189   -19     0
1832.88  3.48e-16  3.41e-15   189     0     0
1834.55  4.46e-15  3.45e-15   189    10     0
1836.23  5.61e-15  3.46e-15   189    13     0
1837.91  6.15e-15  3.46e-15   190    14     0
1839.58  1.03e-14  3.53e-15   190    24     0
1841.26  6.37e-15  3.46e-15   190    15     0
1842.93  4.08e-15  3.42e-15   190     9     0
1844.61  4.31e-15  3.41e-15   190    10     0
1846.29  4.69e-15  3.31e-15   190    11     0
1847.96  8.16e-15  3.38e-15   190    19     0
1849.64  1.45e-14  3.50e-15   190    34     0
1851.32  1.46e-14  3.58e-15   191    34     0
1852.99  1.41e-14  3.61e-15   191    33     0
1854.67  1.36e-14  3.52e-15   191    31     0
1856.35  1.52e-14  3.53e-15   191    35     0
1858.02  1.63e-14  3.54e-15   191    38     0
1859.70  1.09e-14  3.41e-15   191    25     0
1861.37  5.45e-15  3.27e-15   191    12     0
1863.05  8.30e-15  3.32e-15   192    19     0
1864.73  5.51e-15  3.24e-15   192    13     0
1866.40  7.37e-15  3.31e-15   192    17     0
1868.08  7.16e-16  3.18e-15   192     1     0
1869.76 -4.02e-15  3.16e-15   192    -9     0
1871.43 -3.17e-15  3.19e-15   192    -7     0
1873.11 -3.12e-15  3.18e-15   193    -7     0
1874.79 -2.53e-15  3.56e-15   193    -5     0
1876.46  1.93e-15  4.47e-15   193     4     0
1878.14 -2.49e-15  4.16e-15   193    -5     0
1879.82  5.70e-15  3.23e-15   193    13     0
1881.49  4.81e-15  3.21e-15   194    10     0
1883.17  2.91e-15  3.15e-15   194     6     0
1884.84  7.00e-15  3.23e-15   194    15     0
1886.52  2.27e-15  3.12e-15   194     5     0
1888.20 -3.22e-15  3.09e-15   194    -7     0
1889.87 -5.24e-15  3.09e-15   195   -11     0
1891.55 -6.08e-16  3.06e-15   195    -1     0
1893.23  2.24e-15  3.07e-15   195     5     0
1894.90  2.66e-15  3.07e-15   195     5     0
1896.58  3.52e-15  3.10e-15   196     7     0
1898.26  3.22e-15  3.07e-15   196     7     0
1899.93  4.23e-15  3.09e-15   196     9     0
1901.61  1.21e-14  3.26e-15   196    27     0
1903.28  9.66e-15  3.20e-15   197    21     0
1904.96  5.75e-15  3.10e-15   197    12     0
1906.64  9.11e-15  3.12e-15   197    20     0
1908.31  1.12e-14  3.18e-15   197    25     0
1909.99  2.88e-15  2.97e-15   198     6     0
1911.67  9.01e-16  2.96e-15   198     1     0
1913.34 -5.44e-15  2.98e-15   198   -11     0
1915.02  1.82e-15  2.99e-15   199     3     0
1916.70  1.54e-15  2.98e-15   199     3     0
1918.37  2.18e-15  2.98e-15   199     4     0
1920.05  5.80e-15  3.16e-15   199    12     0
1921.72  1.92e-15  3.12e-15   200     4     0
1923.40 -7.71e-16  3.18e-15   200    -1     0
1925.08  4.45e-15  3.50e-15   200     9     0
1926.75  6.76e-15  3.43e-15   201    14     0
1928.43  8.43e-15  3.45e-15   201    18     0
1930.11  4.62e-15  3.30e-15   201    10     0
1931.78  1.74e-15  2.84e-15   202     3     0
1933.46  8.35e-15  2.89e-15   202    18     0
1935.14  3.61e-15  2.81e-15   202     7     0
1936.81  1.13e-16  2.74e-15   203     0     0
1938.49  3.14e-15  2.79e-15   203     6     0
1940.16  2.17e-15  2.72e-15   204     4     0
1941.84  6.40e-15  2.80e-15   204    14     0
1943.52  1.67e-15  2.66e-15   204     3     0
1945.19  2.30e-15  2.64e-15   205     5     0
1946.87  2.02e-15  2.61e-15   205     4     0
1948.55  3.05e-15  2.61e-15   205     6     0
1950.22  1.56e-15  2.58e-15   206     3     0
1951.90  4.59e-15  2.63e-15   206    10     0
1953.58  5.51e-15  2.63e-15   207    12     0
1955.25  4.78e-15  2.57e-15   207    10     0
1956.93  1.13e-14  2.70e-15   207    25     0
1958.60  1.17e-14  2.67e-15   208    26     0
1960.28  9.50e-15  2.59e-15   208    21     0
1961.96  9.49e-15  2.58e-15   209    21     0
1963.63  1.12e-14  2.70e-15   209    26     0
1965.31  7.29e-15  3.14e-15   210    16     0
1966.99  8.25e-15  2.74e-15   210    19     0
1968.66  1.10e-14  2.56e-15   211    25     0
1970.34  7.98e-15  2.47e-15   211    18     0
1972.02  6.08e-15  2.42e-15   211    13     0
1973.69  1.18e-14  2.54e-15   212    26     0
1975.37  9.49e-15  2.70e-15   212    21     0
1977.05  8.34e-15  2.47e-15   213    18     0
1978.72  1.22e-14  2.55e-15   213    27     0
