NOT ORIGINAL IUE PROJECT DATA PRODUCT
SWP42390LOWLARGE
HD  197481
20:42:04
-31:31:05
48
NO-TRAIL
X-OFFSETS
2879.638
04/09/91
04:59:44
247
6.80
10/07/96
GSFC
2448503.70815
0
20
1150.58 -5.03e-14  1.47e-13     2   -10     0
1152.26 -2.95e-13  1.38e-13     3   -62     0
1153.94 -2.79e-14  1.29e-13     3    -6     0
1155.61 -1.39e-13  1.24e-13     4   -32     0
1157.29 -1.03e-13  1.14e-13     5   -25     0
1158.97 -6.24e-14  1.06e-13     6   -17     0
1160.64 -1.65e-13  9.73e-14     6   -48     0
1162.32  8.05e-14  9.20e-14     7    25     0
1163.99  8.14e-14  8.48e-14     8    27     0
1165.67 -5.12e-14  7.30e-14     9   -19     0
1167.35 -2.45e-14  6.79e-14     9   -10     0
1169.02  6.76e-15  6.32e-14    10     3     0
1170.70 -2.11e-14  5.86e-14    11   -10     0
1172.38 -6.53e-14  5.47e-14    12   -33     0
1174.05 -2.33e-15  5.15e-14    12    -1     0
1175.73  2.21e-17  5.11e-14    13     0     0
1177.41  9.32e-14  4.56e-14    14    58     0
1179.08 -5.06e-15  4.89e-14    14    -3     0
1180.76  8.74e-14  3.89e-14    15    63     0
1182.43 -8.07e-15  3.56e-14    16    -6     0
1184.11  3.44e-16  3.36e-14    17     0     0
1185.79 -1.93e-15  3.22e-14    17    -1     0
1187.46 -5.30e-14  3.04e-14    18   -46     0
1189.14  4.25e-14  2.96e-14    19    39     0
1190.82 -2.97e-14  2.63e-14    19   -30     0
1192.49  5.45e-15  2.56e-14    20     5     0
1194.17  3.20e-15  2.61e-14    21     3     0
1195.85  3.71e-14  2.42e-14    21    43     0
1197.52  4.16e-15  2.47e-14    22     5     0
1199.20  1.36e-14  2.40e-14    23    16     0
1200.87  2.13e-14  2.16e-14    23    27     0
1202.55  1.25e-14  2.02e-14    24    16     0
1204.23  5.68e-14  2.11e-14    24    79     0
1205.90  8.74e-14  2.27e-14    25   126     0
1207.58  1.05e-13  3.30e-14    26   156     0
1209.26  2.05e-13  3.82e-14    26   315     0
1210.93  4.11e-13  7.88e-14    27   655     0
1212.61  8.43e-13  1.36e-13    28  1379     0
1214.29  9.06e-13  1.43e-13    28  1519     0
1215.96  1.03e-12  1.75e-13    29  1777     0
1217.64  1.15e-12  1.95e-13    29  2034     0
1219.32  8.12e-13  1.35e-13    30  1468     0
1220.99  5.06e-13  9.61e-14    31   936     0
1222.67  2.31e-13  4.61e-14    31   436     0
1224.34  9.26e-14  2.56e-14    32   178     0
1226.02  2.04e-14  1.26e-14    32    40     0
1227.70  3.12e-14  1.66e-14    33    63     0
1229.37  1.95e-14  1.21e-14    33    40     0
1231.05  4.35e-14  1.32e-14    34    91     0
1232.73  1.24e-14  1.15e-14    34    26     0
1234.40 -7.29e-16  1.11e-14    35    -1     0
1236.08  3.52e-14  1.45e-14    36    78     0
1237.76  1.37e-14  1.09e-14    36    30     0
1239.43  1.53e-14  1.07e-14    37    34     0
1241.11  1.22e-14  1.04e-14    37    28     0
1242.78  1.95e-14  1.04e-14    38    45     0
1244.46  1.72e-14  1.34e-14    38    40     0
1246.14  9.18e-15  1.46e-14    39    21     0
1247.81  3.32e-14  1.03e-14    39    79     0
1249.49  1.04e-14  9.85e-15    40    25     0
1251.17  2.26e-14  9.69e-15    40    56     0
1252.84  3.46e-14  1.20e-14    41    86     0
1254.52  1.01e-15  1.46e-14    41     2     0
1256.20  1.07e-14  9.17e-15    42    27     0
1257.87  2.22e-14  9.27e-15    42    56     0
1259.55  2.47e-14  9.28e-15    43    63     0
1261.22  2.25e-14  9.04e-15    43    58     0
1262.90  1.52e-14  9.10e-15    44    40     0
1264.58  1.57e-14  1.21e-14    44    41     0
1266.25  4.21e-14  1.58e-14    45   114     0
1267.93  2.06e-14  1.00e-14    45    56     0
1269.61  2.88e-14  8.77e-15    46    78     0
1271.28  1.61e-14  8.41e-15    46    43     0
1272.96  3.46e-14  1.48e-14    46    94     0
1274.64  9.02e-15  8.18e-15    47    24     0
1276.31  2.30e-14  1.35e-14    47    62     0
1277.99  4.22e-14  8.76e-15    48   114     0
1279.67  1.20e-14  8.20e-15    48    32     0
1281.34  3.22e-14  9.53e-15    49    88     0
1283.02  3.76e-14  9.42e-15    49   104     0
1284.69  4.58e-14  1.28e-14    49   127     0
1286.37  3.51e-14  1.16e-14    50    98     0
1288.05  1.00e-14  7.75e-15    50    28     0
1289.72  6.89e-16  7.95e-15    51     1     0
1291.40  9.17e-15  7.68e-15    51    25     0
1293.08  1.45e-14  8.06e-15    52    40     0
1294.75  7.39e-15  7.57e-15    52    20     0
1296.43  1.68e-14  8.15e-15    52    47     0
1298.11  9.36e-15  1.05e-14    53    26     0
1299.78  1.89e-14  8.68e-15    53    53     0
1301.46 -5.90e-15  7.47e-15    54   -16     0
1303.13  1.87e-14  7.64e-15    54    52     0
1304.81  1.37e-14  8.24e-15    54    38     0
1306.49  1.92e-14  9.44e-15    55    53     0
1308.16  1.90e-14  9.75e-15    55    52     0
1309.84 -5.19e-15  1.35e-14    56   -14     0
1311.52  1.54e-14  7.41e-15    56    43     0
1313.19  7.96e-15  7.81e-15    56    22     0
1314.87 -9.77e-15  7.75e-15    57   -27     0
1316.55 -1.01e-14  7.47e-15    57   -28     0
1318.22 -1.97e-15  7.08e-15    57    -5     0
1319.90  4.27e-15  7.54e-15    58    12     0
1321.57 -2.12e-14  1.02e-14    58   -57     0
1323.25  5.78e-15  1.24e-14    58    15     0
1324.93 -2.10e-14  9.82e-15    59   -56     0
1326.60 -9.74e-15  8.29e-15    59   -26     0
1328.28  9.27e-15  8.11e-15    60    25     0
1329.96  1.66e-14  8.47e-15    60    44     0
1331.63 -1.30e-14  7.75e-15    60   -35     0
1333.31  7.97e-15  1.30e-14    61    21     0
1334.99  8.18e-15  1.04e-14    61    21     0
1336.66  2.67e-14  1.29e-14    61    73     0
1338.34  3.10e-14  1.30e-14    62    85     0
1340.01  2.63e-15  7.19e-15    62     6     0
1341.69  6.15e-15  7.25e-15    62    16     0
1343.37  8.56e-16  1.13e-14    63     2     0
1345.04  3.03e-15  7.11e-15    63     8     0
1346.72 -4.65e-15  7.33e-15    63   -12     0
1348.40 -9.67e-15  1.07e-14    64   -25     0
1350.07 -9.70e-16  9.70e-15    64    -2     0
1351.75  3.18e-15  1.55e-14    64     8     0
1353.43 -1.14e-14  1.25e-14    65   -29     0
1355.10  2.41e-15  7.16e-15    65     6     0
1356.78 -2.89e-15  1.01e-14    65    -7     0
1358.46 -2.12e-15  9.26e-15    66    -5     0
1360.13  1.43e-14  8.60e-15    66    35     0
1361.81 -8.24e-15  1.10e-14    66   -20     0
1363.48  3.48e-15  7.65e-15    67     8     0
1365.16 -6.23e-15  7.32e-15    67   -15     0
1366.84 -2.27e-16  8.40e-15    67     0     0
1368.51 -9.14e-15  7.35e-15    67   -22     0
1370.19  1.87e-14  7.60e-15    68    45     0
1371.87  6.72e-15  1.01e-14    68    16     0
1373.54 -5.11e-15  7.86e-15    68   -12     0
1375.22 -1.41e-15  9.54e-15    69    -3     0
1376.90 -4.43e-15  1.42e-14    69   -10     0
1378.57  3.23e-15  9.40e-15    69     7     0
1380.25 -1.89e-14  7.48e-15    70   -44     0
1381.92  1.64e-14  1.09e-14    70    38     0
1383.60 -1.49e-14  1.57e-14    70   -34     0
1385.28  9.42e-15  1.38e-14    71    22     0
1386.95  6.10e-15  1.34e-14    71    14     0
1388.63 -1.25e-14  7.49e-15    71   -28     0
1390.31 -1.27e-14  1.29e-14    71   -28     0
1391.98  9.46e-15  8.07e-15    72    21     0
1393.66  5.69e-15  1.00e-14    72    12     0
1395.34 -7.71e-15  1.05e-14    72   -17     0
1397.01  1.36e-14  8.73e-15    73    30     0
1398.69  1.15e-15  7.67e-15    73     2     0
1400.36  7.19e-15  8.73e-15    73    15     0
1402.04 -2.17e-15  1.01e-14    74    -4     0
1403.72 -3.73e-15  1.46e-14    74    -7     0
1405.39  6.45e-15  1.34e-14    74    13     0
1407.07  5.74e-15  7.97e-15    74    11     0
1408.75  9.93e-15  9.74e-15    75    20     0
1410.42  2.20e-14  1.18e-14    75    45     0
1412.10  3.05e-15  9.05e-15    75     6     0
1413.78 -1.56e-14  1.46e-14    76   -31     0
1415.45 -1.02e-15  8.66e-15    76    -2     0
1417.13  2.86e-15  8.88e-15    76     5     0
1418.81 -1.23e-14  8.02e-15    77   -25     0
1420.48 -2.26e-14  8.43e-15    77   -43     0
1422.16  1.82e-14  8.57e-15    77    35     0
1423.83 -1.36e-14  8.30e-15    77   -26     0
1425.51 -7.28e-15  8.19e-15    78   -14     0
1427.19  7.58e-15  1.02e-14    78    14     0
1428.86 -6.61e-15  9.26e-15    78   -12     0
1430.54 -4.28e-15  8.27e-15    79    -8     0
1432.22 -1.15e-14  8.47e-15    79   -21     0
1433.89 -1.07e-14  8.35e-15    79   -20     0
1435.57 -5.83e-15  8.52e-15    79   -10     0
1437.25 -2.12e-14  8.45e-15    80   -38     0
1438.92 -1.00e-14  8.45e-15    80   -18     0
1440.60 -7.37e-15  8.37e-15    80   -13     0
1442.27  8.33e-15  1.04e-14    81    15     0
1443.95  1.23e-14  1.19e-14    81    22     0
1445.63  6.24e-15  8.43e-15    81    11     0
1447.30 -7.57e-15  8.40e-15    82   -13     0
1448.98 -2.45e-15  1.11e-14    82    -4     0
1450.66  3.06e-15  8.32e-15    82     5     0
1452.33  1.44e-14  1.20e-14    82    26     0
1454.01  8.25e-15  8.43e-15    83    14     0
1455.69  1.11e-15  9.47e-15    83     1     0
1457.36  1.33e-15  1.02e-14    83     2     0
1459.04  2.42e-14  1.66e-14    84    42     0
1460.71  1.72e-14  8.45e-15    84    30     0
1462.39 -9.14e-16  1.02e-14    84    -1     0
1464.07  8.63e-15  8.37e-15    84    15     0
1465.74  2.74e-15  9.53e-15    85     4     0
1467.42  4.32e-15  8.28e-15    85     7     0
1469.10 -1.88e-16  8.25e-15    85     0     0
1470.77  8.99e-15  8.49e-15    86    15     0
1472.45  9.22e-15  9.96e-15    86    15     0
1474.13  6.97e-15  1.15e-14    86    11     0
1475.80  1.16e-14  8.54e-15    87    19     0
1477.48  6.89e-15  8.47e-15    87    11     0
1479.16  1.97e-14  1.49e-14    87    33     0
1480.83  8.37e-15  8.49e-15    87    14     0
1482.51  6.73e-15  8.47e-15    88    11     0
1484.18  1.55e-14  9.97e-15    88    26     0
1485.86  2.52e-14  9.75e-15    88    43     0
1487.54  4.83e-15  8.30e-15    89     8     0
1489.21 -2.67e-15  8.26e-15    89    -4     0
1490.89 -7.80e-15  8.34e-15    89   -13     0
1492.57  1.47e-14  8.56e-15    90    24     0
1494.24 -8.01e-15  8.52e-15    90   -13     0
1495.92 -3.35e-15  8.87e-15    90    -5     0
1497.60  8.01e-15  8.40e-15    90    13     0
1499.27 -6.13e-15  8.21e-15    91   -10     0
1500.95  4.60e-15  8.60e-15    91     7     0
1502.62  3.79e-15  8.19e-15    91     6     0
1504.30  1.33e-14  8.36e-15    92    22     0
1505.98 -1.24e-15  8.11e-15    92    -2     0
1507.65 -8.94e-15  8.12e-15    92   -14     0
1509.33  3.31e-15  8.17e-15    93     5     0
1511.01  1.87e-14  9.75e-15    93    30     0
1512.68  3.23e-14  1.02e-14    93    52     0
1514.36 -8.00e-16  8.30e-15    93    -1     0
1516.04  1.36e-14  8.54e-15    94    21     0
1517.71  1.16e-15  8.35e-15    94     1     0
1519.39  1.24e-14  8.53e-15    94    19     0
1521.06  1.93e-14  8.72e-15    95    30     0
1522.74 -2.44e-16  8.54e-15    95     0     0
1524.42  1.56e-14  8.68e-15    95    24     0
1526.09  9.49e-15  8.52e-15    96    14     0
1527.77  1.41e-14  9.07e-15    96    21     0
1529.45  6.15e-15  1.06e-14    96     9     0
1531.12  6.94e-15  8.29e-15    96    10     0
1532.80 -1.32e-15  8.63e-15    97    -2     0
1534.48  2.00e-15  8.21e-15    97     3     0
1536.15 -5.75e-15  8.15e-15    97    -8     0
1537.83  1.99e-14  8.96e-15    98    31     0
1539.50  1.54e-14  8.32e-15    98    24     0
1541.18  3.22e-15  8.08e-15    98     5     0
1542.86  2.53e-14  8.47e-15    99    39     0
1544.53  2.02e-14  9.11e-15    99    31     0
1546.21  3.85e-14  1.01e-14    99    59     0
1547.89  3.88e-14  1.48e-14    99    60     0
1549.56  4.63e-14  1.25e-14   100    71     0
1551.24  4.29e-14  1.03e-14   100    66     0
1552.92  2.27e-14  1.25e-14   100    35     0
1554.59  1.40e-14  8.40e-15   101    21     0
1556.27  6.52e-15  7.91e-15   101    10     0
1557.95  5.81e-15  7.85e-15   101     9     0
1559.62  2.64e-15  1.27e-14   101     4     0
1561.30  7.74e-15  8.49e-15   102    12     0
1562.97  7.11e-15  7.88e-15   102    11     0
1564.65  9.96e-15  9.91e-15   102    15     0
1566.33 -2.36e-14  1.12e-14   103   -37     0
1568.00 -1.59e-14  7.59e-15   103   -25     0
1569.68 -3.22e-15  7.46e-15   103    -5     0
1571.36  1.04e-14  7.78e-15   104    16     0
1573.03  9.41e-15  7.72e-15   104    14     0
1574.71  2.54e-15  7.54e-15   104     3     0
1576.39  1.52e-14  7.83e-15   104    23     0
1578.06  1.10e-14  7.97e-15   105    17     0
1579.74 -1.79e-15  7.55e-15   105    -2     0
1581.41 -1.09e-14  7.40e-15   105   -17     0
1583.09 -1.14e-14  7.81e-15   106   -18     0
1584.77 -1.07e-15  7.54e-15   106    -1     0
1586.44  5.85e-15  7.62e-15   106     9     0
1588.12  1.70e-14  7.61e-15   106    27     0
1589.80  1.42e-14  1.06e-14   107    22     0
1591.47 -6.65e-15  8.25e-15   107   -10     0
1593.15  1.35e-15  7.21e-15   107     2     0
1594.83 -4.53e-17  7.39e-15   107     0     0
1596.50  1.67e-15  7.06e-15   108     2     0
1598.18 -1.51e-14  7.40e-15   108   -24     0
1599.85  1.29e-14  7.19e-15   108    20     0
1601.53  1.09e-14  7.19e-15   109    17     0
1603.21  4.69e-15  6.94e-15   109     7     0
1604.88 -7.76e-15  8.63e-15   109   -12     0
1606.56  4.89e-15  7.00e-15   109     7     0
1608.24  2.83e-16  6.96e-15   110     0     0
1609.91  1.50e-14  8.03e-15   110    24     0
1611.59  8.25e-16  7.25e-15   110     1     0
1613.27  8.19e-15  6.93e-15   110    13     0
1614.94 -8.04e-16  6.71e-15   111    -1     0
1616.62 -1.52e-14  6.98e-15   111   -24     0
1618.30  4.51e-15  6.74e-15   111     7     0
1619.97 -5.16e-15  6.67e-15   111    -8     0
1621.65 -1.94e-14  6.54e-15   112   -32     0
1623.32 -4.29e-16  7.04e-15   112     0     0
1625.00 -1.85e-15  6.37e-15   112    -3     0
1626.68  5.57e-15  6.47e-15   112     9     0
1628.35  4.42e-15  6.43e-15   113     7     0
1630.03 -2.86e-15  6.92e-15   113    -4     0
1631.71  4.37e-15  6.49e-15   113     7     0
1633.38 -2.20e-15  6.43e-15   113    -3     0
1635.06  1.09e-14  6.44e-15   113    18     0
1636.74  4.76e-15  7.19e-15   114     8     0
1638.41  2.35e-14  7.37e-15   114    39     0
1640.09  3.29e-14  1.25e-14   114    55     0
1641.76  3.46e-14  1.17e-14   114    58     0
1643.44  2.21e-14  8.99e-15   115    37     0
1645.12  1.80e-14  6.41e-15   115    30     0
1646.79  2.82e-14  1.51e-14   115    48     0
1648.47  3.48e-14  1.93e-14   115    60     0
1650.15  9.82e-15  6.13e-15   115    16     0
1651.82 -7.01e-16  5.94e-15   116    -1     0
1653.50 -3.44e-15  5.89e-15   116    -5     0
1655.18  6.56e-15  5.90e-15   116    11     0
1656.85  1.15e-14  6.02e-15   116    20     0
1658.53  7.62e-15  5.84e-15   116    13     0
1660.20  1.75e-14  5.91e-15   117    31     0
1661.88  1.01e-14  6.48e-15   117    18     0
1663.56 -1.30e-16  6.10e-15   117     0     0
1665.23  7.56e-15  6.31e-15   117    13     0
1666.91  2.12e-14  1.20e-14   117    37     0
1668.59  4.52e-15  5.65e-15   118     8     0
1670.26 -1.47e-15  5.41e-15   118    -2     0
1671.94  6.07e-17  5.93e-15   118     0     0
1673.62 -3.03e-15  5.32e-15   118    -5     0
1675.29  7.73e-15  5.32e-15   118    14     0
1676.97  9.37e-16  5.19e-15   118     1     0
1678.65  4.48e-15  5.19e-15   119     8     0
1680.32  1.62e-15  5.15e-15   119     3     0
1682.00 -2.68e-15  5.10e-15   119    -5     0
1683.67  7.61e-15  5.20e-15   119    14     0
1685.35  4.30e-15  5.12e-15   119     8     0
1687.03 -5.87e-15  5.03e-15   119   -11     0
1688.70 -1.32e-14  4.98e-15   119   -25     0
1690.38 -1.63e-15  4.91e-15   120    -3     0
1692.06  5.47e-15  4.95e-15   120    10     0
1693.73  6.09e-15  4.91e-15   120    11     0
1695.41  6.40e-15  4.87e-15   120    12     0
1697.09  8.75e-15  4.87e-15   120    17     0
1698.76  6.32e-15  4.79e-15   120    12     0
1700.44  2.69e-15  4.63e-15   120     5     0
1702.11  5.40e-15  4.64e-15   120    10     0
1703.79 -1.04e-15  4.53e-15   121    -2     0
1705.47  3.86e-16  4.57e-15   121     0     0
1707.14  3.90e-15  4.54e-15   121     7     0
1708.82  5.44e-15  4.56e-15   121    11     0
1710.50  1.67e-15  4.44e-15   121     3     0
1712.17  8.24e-15  4.53e-15   121    16     0
1713.85  6.70e-15  4.46e-15   121    13     0
1715.53  2.24e-15  4.34e-15   121     4     0
1717.20  1.99e-15  4.34e-15   121     4     0
1718.88  6.29e-16  4.27e-15   121     1     0
1720.55  6.72e-15  4.23e-15   121    14     0
1722.23  4.15e-15  4.15e-15   121     9     0
1723.91  3.91e-15  4.09e-15   122     8     0
1725.58  5.26e-15  4.20e-15   122    11     0
1727.26  8.52e-15  4.22e-15   122    18     0
1728.94  8.31e-15  7.37e-15   122    17     0
1730.61  6.35e-14  3.92e-14   122   137     0
1732.29  8.42e-14  5.66e-14   122   183     0
1733.97  6.80e-14  3.91e-14   122   149     0
1735.64  4.36e-15  3.94e-15   122     9     0
1737.32  6.67e-15  4.24e-15   122    14     0
1738.99  1.03e-14  4.01e-15   122    23     0
1740.67  9.03e-15  3.85e-15   122    20     0
1742.35  8.57e-15  3.81e-15   122    19     0
1744.02  8.63e-15  3.78e-15   122    20     0
1745.70  6.56e-15  3.75e-15   122    15     0
1747.38  9.59e-15  3.77e-15   122    22     0
1749.05  1.04e-14  3.74e-15   122    24     0
1750.73  2.34e-14  5.43e-15   122    55     0
1752.41  1.45e-14  6.10e-15   122    34     0
1754.08  1.02e-14  3.62e-15   122    24     0
1755.76  7.44e-15  3.57e-15   122    17     0
1757.44  4.33e-15  3.56e-15   122    10     0
1759.11 -1.55e-15  3.38e-15   122    -3     0
1760.79 -3.14e-15  3.35e-15   122    -7     0
1762.46 -1.46e-15  3.32e-15   122    -3     0
1764.14 -3.73e-15  3.29e-15   122    -9     0
1765.82  1.82e-15  3.27e-15   122     4     0
1767.49  3.35e-15  3.27e-15   122     8     0
1769.17  2.57e-15  3.22e-15   122     6     0
1770.85  3.12e-15  3.20e-15   122     7     0
1772.52 -1.65e-15  3.11e-15   122    -4     0
1774.20  1.51e-15  3.09e-15   122     3     0
1775.88  4.39e-15  3.14e-15   122    11     0
1777.55 -5.19e-15  3.03e-15   122   -13     0
1779.23  5.28e-15  3.09e-15   122    13     0
1780.90  2.36e-15  3.02e-15   122     6     0
1782.58 -1.39e-15  2.97e-15   122    -3     0
1784.26  1.88e-15  2.98e-15   122     4     0
1785.93 -1.14e-15  2.87e-15   122    -2     0
1787.61  3.84e-15  2.90e-15   122    10     0
1789.29 -1.19e-15  2.88e-15   122    -3     0
1790.96  3.77e-16  3.04e-15   121     0     0
1792.64  3.40e-16  3.18e-15   121     0     0
1794.32 -1.74e-15  3.24e-15   121    -4     0
1795.99  4.53e-15  3.32e-15   121    11     0
1797.67 -1.03e-15  3.04e-15   121    -2     0
1799.34  3.62e-15  2.94e-15   121     9     0
1801.02 -1.86e-15  2.70e-15   121    -4     0
1802.70 -4.05e-15  2.68e-15   121   -10     0
1804.37  2.54e-15  2.70e-15   121     6     0
1806.05 -1.86e-15  2.68e-15   121    -4     0
1807.73  7.42e-15  2.82e-15   121    19     0
1809.40  8.35e-15  2.80e-15   121    22     0
1811.08  5.08e-15  2.70e-15   121    13     0
1812.76  3.28e-15  2.65e-15   121     8     0
1814.43  3.63e-15  2.66e-15   120     9     0
1816.11  1.05e-14  2.75e-15   120    28     0
1817.79  2.13e-14  3.00e-15   120    57     0
1819.46  1.12e-14  2.76e-15   120    30     0
1821.14  6.43e-15  2.75e-15   120    17     0
1822.81  1.57e-15  2.50e-15   120     4     0
1824.49  2.48e-15  2.65e-15   120     6     0
1826.17  2.00e-15  2.52e-15   120     5     0
1827.84  7.61e-16  2.48e-15   120     2     0
1829.52  3.66e-16  2.47e-15   120     0     0
1831.20  2.48e-15  2.42e-15   120     6     0
1832.87 -7.11e-16  2.37e-15   120    -1     0
1834.55 -2.94e-15  2.36e-15   119    -7     0
1836.23 -2.90e-15  2.34e-15   119    -7     0
1837.90  7.14e-16  2.32e-15   119     1     0
1839.58 -9.29e-15  2.31e-15   119   -25     0
1841.25 -7.37e-15  2.32e-15   119   -19     0
1842.93 -4.44e-15  2.31e-15   119   -11     0
1844.61 -4.55e-15  2.29e-15   119   -12     0
1846.28  3.17e-15  2.27e-15   119     8     0
1847.96 -3.32e-16  2.22e-15   119     0     0
1849.64 -4.25e-15  2.21e-15   119   -11     0
1851.31 -1.02e-16  2.24e-15   119     0     0
1852.99 -1.40e-15  2.24e-15   119    -3     0
1854.67 -2.84e-15  2.21e-15   119    -7     0
1856.34 -2.43e-15  2.26e-15   118    -6     0
1858.02  1.77e-15  2.20e-15   118     4     0
1859.69 -2.49e-15  2.17e-15   118    -6     0
1861.37  2.25e-16  2.14e-15   118     0     0
1863.05  4.75e-16  2.13e-15   118     1     0
1864.72 -2.22e-15  2.12e-15   118    -5     0
1866.40 -2.12e-15  2.13e-15   118    -5     0
1868.08  1.48e-16  2.11e-15   118     0     0
1869.75  4.49e-15  3.38e-15   118    11     0
1871.43  5.03e-15  3.88e-15   118    13     0
1873.11  2.19e-15  2.13e-15   118     5     0
1874.78  4.78e-15  2.17e-15   118    12     0
1876.46  4.16e-15  2.15e-15   118    10     0
1878.14 -5.06e-16  2.26e-15   118    -1     0
1879.81 -3.02e-15  2.05e-15   118    -7     0
1881.49 -4.41e-15  2.04e-15   118   -11     0
1883.16 -8.45e-16  2.03e-15   118    -2     0
1884.84  2.17e-15  2.04e-15   118     5     0
1886.52  2.09e-15  2.04e-15   118     5     0
1888.19  2.39e-15  2.07e-15   118     6     0
1889.87  1.49e-15  2.00e-15   118     3     0
1891.55  3.58e-15  2.04e-15   118     9     0
1893.22  2.52e-15  2.00e-15   118     6     0
1894.90  1.81e-15  2.04e-15   118     4     0
1896.58  4.36e-15  2.01e-15   118    11     0
1898.25  2.92e-15  1.96e-15   119     7     0
1899.93  3.47e-15  1.97e-15   119     8     0
1901.60  3.47e-15  2.21e-15   119     8     0
1903.28  5.07e-15  1.98e-15   119    12     0
1904.96  5.14e-15  1.98e-15   119    13     0
1906.63  3.58e-15  1.91e-15   119     9     0
1908.31 -1.30e-15  1.88e-15   119    -3     0
1909.99 -5.06e-16  1.88e-15   119    -1     0
1911.66  3.65e-15  1.91e-15   120     9     0
1913.34  5.63e-16  1.91e-15   120     1     0
1915.02  4.84e-15  1.99e-15   120    11     0
1916.69  7.02e-15  2.58e-15   120    17     0
1918.37  5.81e-15  3.33e-15   120    14     0
1920.04  4.43e-15  2.43e-15   121    10     0
1921.72 -3.70e-15  2.09e-15   121    -9     0
1923.40 -4.08e-15  2.24e-15   121   -10     0
1925.07 -1.73e-15  2.23e-15   121    -4     0
1926.75 -9.27e-17  2.22e-15   122     0     0
1928.43  1.91e-15  2.22e-15   122     4     0
1930.10  2.32e-15  2.09e-15   122     5     0
1931.78  4.44e-15  1.99e-15   123    11     0
1933.46  4.24e-15  1.90e-15   123    10     0
1935.13 -6.66e-16  1.92e-15   124    -1     0
1936.81  2.27e-15  1.91e-15   124     5     0
1938.48 -2.99e-16  1.91e-15   124     0     0
1940.16 -3.34e-16  1.91e-15   125     0     0
1941.84  1.38e-15  1.92e-15   125     3     0
1943.51  1.66e-15  1.90e-15   126     4     0
1945.19  5.13e-15  1.89e-15   126    13     0
1946.87  4.42e-15  1.87e-15   127    11     0
1948.54  1.66e-15  1.86e-15   127     4     0
1950.22  8.00e-16  1.88e-15   128     2     0
1951.90  5.86e-16  1.88e-15   128     1     0
1953.57  2.30e-16  1.87e-15   129     0     0
1955.25  3.21e-15  1.85e-15   130     8     0
1956.93  9.11e-15  1.85e-15   130    23     0
1958.60  9.21e-15  1.87e-15   131    23     0
1960.28  8.50e-15  1.82e-15   132    22     0
1961.95  7.18e-15  1.88e-15   132    18     0
1963.63  5.32e-15  1.92e-15   133    14     0
1965.31  3.73e-15  1.83e-15   134     9     0
1966.98  6.08e-15  1.90e-15   135    15     0
1968.66  7.23e-16  1.83e-15   135     1     0
1970.34  2.45e-16  1.82e-15   136     0     0
1972.01  3.01e-15  1.83e-15   137     7     0
1973.69  5.68e-15  1.84e-15   138    14     0
1975.37 -3.87e-16  1.85e-15   139    -1     0
1977.04 -7.63e-16  1.86e-15   140    -1     0
1978.72  3.83e-15  1.87e-15   141     9     0
