NOT ORIGINAL IUE PROJECT DATA PRODUCT
SWP42377LOWLARGE
HD  197481
20:42:04
-31:31:05
48
NO-TRAIL
NO
01499.825
02/09/91
19:25:03
245
09.20
13/02/96
VILSPA
2448502.30906
0
18
1150.58 -7.25e-14  1.21e-13   -71    -7     0
1152.26  1.03e-13  1.17e-13   -71    11     0
1153.94  7.27e-15  1.07e-13   -70     0     0
1155.61 -1.20e-14  1.01e-13   -70    -1     0
1157.29  6.60e-14  9.64e-14   -70     8     0
1158.97  2.54e-14  8.72e-14   -69     3     0
1160.64  7.26e-14  8.25e-14   -69    11     0
1162.32 -9.13e-14  7.83e-14   -68   -14     0
1163.99  5.79e-14  7.09e-14   -68    10     0
1165.67  1.70e-14  6.03e-14   -68     3     0
1167.35 -4.35e-14  5.56e-14   -67    -9     0
1169.02  6.82e-14  5.43e-14   -67    15     0
1170.70 -7.37e-15  4.79e-14   -67    -1     0
1172.38 -1.04e-13  4.47e-14   -66   -27     0
1174.05  1.55e-14  4.24e-14   -66     4     0
1175.73  7.38e-14  4.24e-14   -65    22     0
1177.41 -2.89e-14  3.61e-14   -65    -9     0
1179.08  6.90e-15  3.40e-14   -65     2     0
1180.76  4.29e-14  3.24e-14   -64    16     0
1182.43 -1.63e-15  2.90e-14   -64     0     0
1184.11  5.45e-15  2.76e-14   -64     2     0
1185.79 -2.76e-14  2.61e-14   -63   -12     0
1187.46  2.90e-14  2.59e-14   -63    13     0
1189.14 -3.85e-15  2.39e-14   -62    -1     0
1190.82 -3.21e-15  2.14e-14   -62    -1     0
1192.49  2.68e-14  2.44e-14   -62    14     0
1194.17  3.50e-14  2.89e-14   -61    19     0
1195.85 -4.29e-14  3.13e-14   -61   -25 -4096
1197.52  6.18e-14  6.75e-14   -61    38 -4224
1199.20  5.46e-15  2.96e-14   -60     3 -4096
1200.87  1.42e-14  1.85e-14   -60     9     0
1202.55 -7.97e-15  1.56e-14   -59    -5     0
1204.23  2.46e-14  1.60e-14   -59    17     0
1205.90  3.61e-14  1.59e-14   -59    27     0
1207.58  4.59e-14  2.83e-14   -58    35     0
1209.26  1.15e-13  4.69e-14   -58    90     0
1210.93  3.22e-13  7.59e-14   -57   264     0
1212.61  4.55e-13  7.08e-14   -57   383     0
1214.29  6.54e-13  1.06e-13   -57   565     0
1215.96  7.95e-13  1.33e-13   -56   708     0
1217.64  6.82e-13  1.18e-13   -56   622     0
1219.32  4.10e-13  8.30e-14   -55   382     0
1220.99  2.21e-13  4.55e-14   -55   210     0
1222.67  9.04e-14  2.66e-14   -55    88     0
1224.34  1.29e-15  1.08e-14   -54     1     0
1226.02  1.11e-14  1.04e-14   -54    11     0
1227.70  5.82e-15  9.95e-15   -53     6     0
1229.37  1.01e-14  9.88e-15   -53    10     0
1231.05 -4.12e-16  9.27e-15   -53     0     0
1232.73  3.48e-15  9.21e-15   -52     3     0
1234.40  2.43e-14  9.96e-15   -52    27     0
1236.08  1.24e-15  8.74e-15   -51     1     0
1237.76  1.85e-14  9.36e-15   -51    21     0
1239.43  1.85e-14  9.22e-15   -51    21     0
1241.11  2.62e-15  8.32e-15   -50     3     0
1242.78  1.67e-14  8.81e-15   -50    20     0
1244.46 -1.83e-14  8.04e-15   -49   -22     0
1246.14  5.48e-16  8.14e-15   -49     0     0
1247.81  7.38e-16  7.86e-15   -49     0     0
1249.49  9.00e-15  8.15e-15   -48    11     0
1251.17  5.75e-16  7.57e-15   -48     0     0
1252.84 -3.51e-16  7.37e-15   -47     0     0
1254.52  2.70e-15  7.37e-15   -47     3     0
1256.20  4.36e-15  7.36e-15   -47     5     0
1257.87  1.53e-14  7.82e-15   -46    20     0
1259.55  3.33e-15  7.91e-15   -46     4     0
1261.22  4.20e-15  7.10e-15   -45     5     0
1262.90  2.94e-15  6.90e-15   -45     3     0
1264.58  4.15e-15  6.96e-15   -45     5     0
1266.25  2.30e-15  6.71e-15   -44     3     0
1267.93  3.27e-17  6.54e-15   -44     0     0
1269.61  3.29e-15  6.60e-15   -43     4     0
1271.28  3.93e-15  7.13e-15   -43     5     0
1272.96  2.99e-15  6.55e-15   -43     4     0
1274.64  4.32e-15  6.58e-15   -42     6     0
1276.31  8.03e-15  6.82e-15   -42    11     0
1277.99 -3.25e-15  6.42e-15   -41    -4     0
1279.67  1.07e-14  6.85e-15   -41    14     0
1281.34  8.79e-15  6.63e-15   -41    12     0
1283.02  7.05e-15  6.49e-15   -40    10     0
1284.69  9.32e-15  6.49e-15   -40    13     0
1286.37  1.39e-14  6.69e-15   -39    20     0
1288.05 -1.15e-14  6.03e-15   -39   -16     0
1289.72  3.13e-15  6.11e-15   -39     4     0
1291.40  5.48e-15  6.22e-15   -38     7     0
1293.08  5.97e-15  6.20e-15   -38     8     0
1294.75  3.36e-15  6.01e-15   -37     4     0
1296.43  2.14e-15  5.91e-15   -37     3     0
1298.11  2.10e-15  5.88e-15   -37     3     0
1299.78  5.10e-15  6.00e-15   -36     7     0
1301.46 -8.47e-15  5.83e-15   -36   -12     0
1303.13  1.64e-14  6.57e-15   -35    23     0
1304.81  2.65e-14  7.07e-15   -35    38     0
1306.49  2.99e-14  7.23e-15   -35    42     0
1308.16  1.35e-14  6.74e-15   -34    19     0
1309.84 -1.06e-15  7.64e-15   -34    -1     0
1311.52  5.07e-15  5.84e-15   -33     7     0
1313.19  7.26e-15  5.91e-15   -33    10     0
1314.87 -2.19e-14  8.90e-15   -33   -32     0
1316.55  7.89e-15  5.91e-15   -32    11     0
1318.22  8.76e-15  5.97e-15   -32    12     0
1319.90 -1.17e-14  5.96e-15   -32   -17     0
1321.57 -7.56e-15  7.87e-15   -31   -10     0
1323.25 -6.95e-15  7.05e-15   -31    -9     0
1324.93  2.00e-15  5.73e-15   -30     2     0
1326.60 -3.05e-15  5.74e-15   -30    -4     0
1328.28  3.33e-15  5.82e-15   -30     4     0
1329.96  6.55e-15  5.97e-15   -29     9     0
1331.63  1.28e-14  6.23e-15   -29    17     0
1333.31  1.67e-14  6.42e-15   -28    23     0
1334.99  3.78e-14  7.34e-15   -28    52     0
1336.66  4.63e-14  7.64e-15   -28    65     0
1338.34  1.98e-14  6.30e-15   -27    27     0
1340.01  1.01e-14  6.09e-15   -27    13     0
1341.69  9.82e-15  7.08e-15   -27    13     0
1343.37 -7.94e-15  6.26e-15   -26   -10     0
1345.04 -9.90e-16  5.55e-15   -26    -1     0
1346.72  3.02e-15  5.68e-15   -25     4     0
1348.40  1.05e-15  5.58e-15   -25     1     0
1350.07 -4.64e-15  5.78e-15   -25    -6     0
1351.75 -7.48e-15  6.61e-15   -24   -10     0
1353.43  8.90e-15  6.73e-15   -24    11     0
1355.10  8.66e-15  5.97e-15   -24    11     0
1356.78  1.93e-14  6.42e-15   -23    25     0
1358.46  5.67e-15  5.84e-15   -23     7     0
1360.13  7.21e-16  5.76e-15   -23     0     0
1361.81  9.57e-15  6.16e-15   -22    12     0
1363.48  5.74e-15  5.97e-15   -22     7     0
1365.16  7.19e-15  6.04e-15   -21     9     0
1366.84  5.09e-15  5.94e-15   -21     6     0
1368.51  3.91e-15  5.90e-15   -21     4     0
1370.19 -4.26e-15  5.69e-15   -20    -5     0
1371.87  2.61e-15  5.83e-15   -20     3     0
1373.54  7.69e-15  6.10e-15   -20     9     0
1375.22  3.58e-15  5.95e-15   -19     4     0
1376.90  1.17e-14  6.28e-15   -19    14     0
1378.57  3.88e-15  5.89e-15   -19     4     0
1380.25  6.63e-16  5.85e-15   -18     0     0
1381.92 -1.07e-15  7.07e-15   -18    -1     0
1383.60  3.06e-16  5.75e-15   -18     0     0
1385.28 -7.95e-15  8.35e-15   -17    -9     0
1386.95  1.03e-14  6.27e-15   -17    12     0
1388.63  2.87e-15  5.89e-15   -17     3     0
1390.31  1.50e-14  6.62e-15   -16    17     0
1391.98  8.88e-15  6.32e-15   -16    10     0
1393.66  1.29e-14  6.56e-15   -16    14     0
1395.34  7.58e-15  6.23e-15   -15     8     0
1397.01  3.93e-15  6.11e-15   -15     4     0
1398.69  4.47e-15  6.16e-15   -15     5     0
1400.36  7.04e-15  6.28e-15   -14     7     0
1402.04  6.00e-15  6.26e-15   -14     6     0
1403.72  2.88e-15  6.17e-15   -14     3     0
1405.39  9.40e-15  6.55e-15   -13    10     0
1407.07  2.30e-15  6.22e-15   -13     2     0
1408.75  4.48e-15  6.28e-15   -13     4     0
1410.42  4.80e-15  6.34e-15   -12     5     0
1412.10 -4.18e-15  7.17e-15   -12    -4     0
1413.78  4.91e-15  6.36e-15   -12     5     0
1415.45  1.05e-14  6.55e-15   -11    11     0
1417.13  8.58e-17  6.06e-15   -11     0     0
1418.81  2.77e-15  6.25e-15   -11     2     0
1420.48 -1.22e-14  6.35e-15   -10   -12     0
1422.16 -2.26e-15  6.38e-15   -10    -2     0
1423.83 -6.04e-15  6.40e-15   -10    -5     0
1425.51 -7.01e-15  6.64e-15    -9    -7     0
1427.19 -3.78e-16  6.32e-15    -9     0     0
1428.86  2.72e-15  6.52e-15    -9     2     0
1430.54 -2.52e-15  6.36e-15    -9    -2     0
1432.22  1.97e-15  6.48e-15    -8     1     0
1433.89  1.02e-14  6.91e-15    -8     9     0
1435.57  1.05e-14  6.96e-15    -8     9     0
1437.25  3.61e-15  7.32e-15    -7     3     0
1438.92  1.63e-14  7.29e-15    -7    15     0
1440.60 -1.08e-17  6.96e-15    -7     0     0
1442.27  1.12e-15  6.64e-15    -6     1     0
1443.95  1.23e-14  7.04e-15    -6    11     0
1445.63  2.69e-16  6.44e-15    -6     0     0
1447.30 -3.26e-16  6.44e-15    -6     0     0
1448.98  1.03e-14  6.99e-15    -5     9     0
1450.66  5.48e-15  6.67e-15    -5     5     0
1452.33  1.25e-15  6.50e-15    -5     1     0
1454.01  4.67e-15  6.57e-15    -4     4     0
1455.69 -1.03e-15  6.40e-15    -4     0     0
1457.36  1.11e-14  6.98e-15    -4    10     0
1459.04  1.29e-14  7.09e-15    -4    11     0
1460.71  2.34e-15  6.83e-15    -3     2     0
1462.39 -9.48e-16  6.25e-15    -3     0     0
1464.07  4.06e-15  7.46e-15    -3     3     0
1465.74  6.83e-15  6.66e-15    -2     6     0
1467.42  1.20e-14  6.94e-15    -2    10     0
1469.10  9.29e-15  6.77e-15    -2     8     0
1470.77  9.87e-15  6.91e-15    -2     8     0
1472.45  1.21e-14  7.05e-15    -1    10     0
1474.13 -1.64e-15  6.39e-15    -1    -1     0
1475.80 -1.55e-15  6.39e-15    -1    -1     0
1477.48  9.57e-15  6.81e-15    -1     8     0
1479.16 -1.82e-15  6.37e-15     0    -1     0
1480.83 -6.19e-15  6.37e-15     0    -5     0
1482.51 -2.33e-15  6.36e-15     0    -2     0
1484.18  1.50e-14  7.12e-15     0    13     0
1485.86 -1.54e-14  6.24e-15     0   -13     0
1487.54  7.29e-15  6.64e-15     0     6     0
1489.21  6.21e-15  6.56e-15     0     5     0
1490.89  2.05e-15  6.44e-15     0     1     0
1492.57  4.01e-15  6.52e-15     1     3     0
1494.24  6.36e-15  6.65e-15     1     5     0
1495.92  1.95e-15  6.28e-15     1     1     0
1497.60 -8.43e-15  6.20e-15     1    -7     0
1499.27 -3.40e-15  6.38e-15     2    -2     0
1500.95  5.82e-15  6.46e-15     2     5     0
1502.62  7.34e-15  6.51e-15     2     6     0
1504.30 -1.39e-15  6.17e-15     2    -1     0
1505.98 -8.48e-15  6.13e-15     2    -7     0
1507.65  9.99e-17  6.13e-15     3     0     0
1509.33  3.12e-15  6.26e-15     3     2     0
1511.01  9.56e-15  6.73e-15     3     7     0
1512.68 -1.10e-15  6.24e-15     3     0     0
1514.36  3.82e-15  6.36e-15     4     3     0
1516.04 -4.72e-15  6.28e-15     4    -3     0
1517.71  2.73e-15  6.42e-15     4     2     0
1519.39  8.14e-15  6.71e-15     4     6     0
1521.06  1.13e-14  6.91e-15     4     9     0
1522.74  4.39e-15  6.52e-15     5     3     0
1524.42  1.03e-14  6.89e-15     5     8     0
1526.09  4.01e-15  6.49e-15     5     3     0
1527.77 -7.69e-15  6.29e-15     5    -6     0
1529.45  5.69e-15  6.61e-15     6     4     0
1531.12 -6.42e-15  6.18e-15     6    -5     0
1532.80  1.84e-15  6.21e-15     6     1     0
1534.48  2.23e-15  6.23e-15     6     1     0
1536.15  5.51e-15  6.55e-15     6     4     0
1537.83  5.24e-15  6.47e-15     7     4     0
1539.50 -1.25e-14  6.05e-15     7   -10     0
1541.18  7.10e-15  6.39e-15     7     5     0
1542.86  1.14e-14  6.59e-15     7     9     0
1544.53  1.79e-14  6.97e-15     7    14     0
1546.21  2.45e-14  7.26e-15     8    19     0
1547.89  4.10e-14  8.12e-15     8    32     0
1549.56  5.47e-14  8.77e-15     8    43     0
1551.24  4.17e-14  8.10e-15     8    33     0
1552.92  2.17e-14  7.10e-15     8    17     0
1554.59  1.06e-14  6.47e-15     8     8     0
1556.27 -7.94e-16  5.82e-15     9     0     0
1557.95  4.34e-15  6.01e-15     9     3     0
1559.62  2.50e-15  5.89e-15     9     2     0
1561.30  1.49e-14  6.62e-15     9    11     0
1562.97  8.76e-15  6.22e-15     9     7     0
1564.65  1.17e-14  6.39e-15    10     9     0
1566.33 -1.11e-15  5.56e-15    10     0     0
1568.00  4.45e-15  5.73e-15    10     3     0
1569.68  3.82e-15  5.73e-15    10     3     0
1571.36  5.74e-15  5.90e-15    10     4     0
1573.03  4.07e-15  5.82e-15    10     3     0
1574.71 -1.15e-14  5.56e-15    11    -9     0
1576.39  6.54e-15  5.95e-15    11     5     0
1578.06  9.89e-15  6.15e-15    11     7     0
1579.74  3.97e-15  5.72e-15    11     3     0
1581.41  6.06e-15  5.80e-15    11     4     0
1583.09 -1.00e-15  5.43e-15    11     0     0
1584.77  1.24e-14  7.65e-15    12    10     0
1586.44  2.03e-15  5.41e-15    12     1     0
1588.12  7.01e-15  5.67e-15    12     5     0
1589.80  6.91e-15  5.64e-15    12     5     0
1591.47  1.07e-14  5.91e-15    12     8     0
1593.15  5.80e-15  5.60e-15    12     4     0
1594.83 -1.37e-15  5.35e-15    13    -1     0
1596.50  7.25e-15  5.54e-15    13     6     0
1598.18  7.79e-15  5.44e-15    13     6     0
1599.85 -1.47e-15  5.09e-15    13    -1     0
1601.53 -2.14e-15  5.05e-15    13    -1     0
1603.21  9.10e-15  5.53e-15    13     7     0
1604.88 -8.63e-15  4.99e-15    13    -7     0
1606.56  7.54e-16  5.09e-15    14     0     0
1608.24  8.21e-15  5.46e-15    14     6     0
1609.91  5.63e-15  5.30e-15    14     4     0
1611.59  1.01e-14  5.51e-15    14     8     0
1613.27  9.74e-15  5.39e-15    14     8     0
1614.94  1.05e-14  5.35e-15    14     8     0
1616.62  2.73e-15  5.00e-15    14     2     0
1618.30  2.16e-15  4.93e-15    15     1     0
1619.97 -5.81e-15  4.81e-15    15    -4     0
1621.65  1.50e-15  4.86e-15    15     1     0
1623.32  7.73e-15  5.15e-15    15     6     0
1625.00 -4.16e-16  4.58e-15    15     0     0
1626.68 -4.94e-15  4.55e-15    15    -4     0
1628.35  2.50e-16  4.52e-15    15     0     0
1630.03  5.72e-15  4.99e-15    15     4     0
1631.71 -7.52e-16  4.63e-15    16     0     0
1633.38  5.80e-15  4.93e-15    16     4     0
1635.06  4.85e-15  5.73e-15    16     4     0
1636.74  1.36e-14  5.19e-15    16    11     0
1638.41  3.81e-14  6.83e-15    16    33     0
1640.09  4.55e-14  7.02e-15    16    39     0
1641.76  4.71e-14  9.90e-15    16    41     0
1643.44  2.72e-14  6.07e-15    16    24     0
1645.12  7.94e-15  4.68e-15    17     7     0
1646.79  3.39e-15  4.47e-15    17     3     0
1648.47  5.68e-15  4.59e-15    17     5     0
1650.15  4.95e-15  4.51e-15    17     4     0
1651.82  6.12e-15  4.58e-15    17     5     0
1653.50  5.13e-15  4.46e-15    17     4     0
1655.18  8.76e-15  4.64e-15    17     7     0
1656.85  1.63e-14  5.01e-15    17    14     0
1658.53  2.71e-14  5.62e-15    18    24     0
1660.20  1.55e-14  4.84e-15    18    14     0
1661.88  3.06e-15  4.08e-15    18     2     0
1663.56 -1.95e-15  3.88e-15    18    -1     0
1665.23  8.59e-15  4.47e-15    18     7     0
1666.91  4.43e-15  4.19e-15    18     4     0
1668.59  6.48e-15  4.30e-15    18     5     0
1670.26  9.57e-15  4.37e-15    18     9     0
1671.94  1.30e-14  4.49e-15    18    12     0
1673.62  5.00e-15  4.03e-15    19     4     0
1675.29  3.33e-15  3.83e-15    19     3     0
1676.97 -4.96e-15  3.82e-15    19    -4     0
1678.65 -2.86e-16  3.57e-15    19     0     0
1680.32 -3.34e-15  3.59e-15    19    -3     0
1682.00 -2.38e-17  3.56e-15    19     0     0
1683.67 -1.47e-15  3.53e-15    19    -1     0
1685.35  2.48e-15  3.67e-15    19     2     0
1687.03  2.53e-17  3.50e-15    19     0     0
1688.70 -5.25e-15  3.46e-15    20    -5     0
1690.38 -2.83e-16  3.41e-15    20     0     0
1692.06  7.61e-16  3.41e-15    20     0     0
1693.73 -5.61e-15  3.34e-15    20    -5     0
1695.41 -3.17e-16  3.30e-15    20     0     0
1697.09 -4.41e-16  3.26e-15    20     0     0
1698.76  5.89e-16  3.26e-15    20     0     0
1700.44  6.33e-15  3.58e-15    20     6     0
1702.11  3.74e-15  3.38e-15    20     3     0
1703.79 -3.37e-15  3.12e-15    20    -3     0
1705.47 -1.70e-17  3.13e-15    21     0     0
1707.14 -3.20e-16  3.10e-15    21     0     0
1708.82 -7.38e-16  3.07e-15    21     0     0
1710.50  2.44e-15  3.18e-15    21     2     0
1712.17  1.69e-15  3.11e-15    21     1     0
1713.85  4.25e-15  3.25e-15    21     4     0
1715.53 -4.27e-15  3.13e-15    21    -4     0
1717.20 -3.32e-16  2.94e-15    21     0     0
1718.88 -6.47e-16  2.91e-15    21     0     0
1720.55  5.35e-15  3.14e-15    21     5     0
1722.23  3.20e-15  2.99e-15    22     3     0
1723.91  1.00e-16  2.75e-15    22     0     0
1725.58 -3.90e-15  2.80e-15    22    -4     0
1727.26 -1.41e-15  2.77e-15    22    -1     0
1728.94 -3.05e-15  2.74e-15    22    -3     0
1730.61  1.73e-15  2.81e-15    22     1     0
1732.29  1.35e-15  2.76e-15    22     1     0
1733.97  2.39e-15  2.80e-15    22     2     0
1735.64  6.07e-15  3.00e-15    22     6     0
1737.32  5.46e-15  2.89e-15    22     6     0
1738.99  3.12e-15  2.76e-15    22     3     0
1740.67  3.78e-15  2.68e-15    23     4     0
1742.35  9.12e-15  3.07e-15    23    10     0
1744.02  5.51e-15  2.78e-15    23     6     0
1745.70 -2.80e-16  2.44e-15    23     0     0
1747.38  1.47e-15  2.50e-15    23     1     0
1749.05 -2.56e-15  2.39e-15    23    -3     0
1750.73 -1.82e-15  2.34e-15    23    -2     0
1752.41 -1.41e-15  2.32e-15    23    -1     0
1754.08 -1.08e-15  2.29e-15    23    -1     0
1755.76  4.63e-16  2.32e-15    23     0     0
1757.44  1.77e-15  2.36e-15    23     2     0
1759.11  2.58e-15  2.41e-15    24     3     0
1760.79  6.65e-16  2.26e-15    24     0     0
1762.46  4.34e-15  2.48e-15    24     5     0
1764.14  1.05e-15  2.22e-15    24     1     0
1765.82 -2.51e-15  2.16e-15    24    -3     0
1767.49 -2.76e-16  2.14e-15    24     0     0
1769.17  1.33e-15  2.19e-15    24     1     0
1770.85  1.09e-15  2.13e-15    24     1     0
1772.52  1.96e-15  2.18e-15    24     2     0
1774.20 -8.19e-16  2.04e-15    24    -1     0
1775.88  3.34e-15  2.19e-15    24     4     0
1777.55  4.81e-15  2.31e-15    25     6     0
1779.23  2.07e-15  2.09e-15    25     2     0
1780.90  2.82e-15  2.12e-15    25     3     0
1782.58  5.94e-17  1.99e-15    25     0     0
1784.26 -8.90e-16  1.94e-15    25    -1     0
1785.93  2.38e-15  2.02e-15    25     3     0
1787.61  1.60e-15  1.96e-15    25     2     0
1789.29  7.46e-16  1.87e-15    25     1     0
1790.96  4.16e-16  1.88e-15    25     0     0
1792.64  3.72e-15  2.05e-15    25     5     0
1794.32  8.30e-16  3.18e-15    25     1 -4096
1795.99 -3.04e-15  2.01e-15    25    -4     0
1797.67 -2.94e-15  1.82e-15    26    -3     0
1799.34 -1.24e-15  1.79e-15    26    -1     0
1801.02 -2.24e-15  1.76e-15    26    -3     0
1802.70  1.16e-15  1.81e-15    26     1     0
1804.37  3.41e-15  1.91e-15    26     4     0
1806.05  3.80e-15  2.19e-15    26     5     0
1807.73  9.89e-15  3.24e-15    26    13     0
1809.40  9.90e-15  3.23e-15    26    13     0
1811.08  2.87e-15  1.83e-15    26     3     0
1812.76  7.48e-15  2.13e-15    26    10     0
1814.43  5.62e-15  2.11e-15    26     7     0
1816.11  8.87e-15  2.19e-15    27    12     0
1817.79  1.57e-14  2.51e-15    27    21     0
1819.46  7.38e-15  3.18e-15    27    10     0
1821.14  5.01e-15  1.89e-15    27     6     0
1822.81  2.76e-15  1.78e-15    27     3     0
1824.49  3.41e-15  1.78e-15    27     4     0
1826.17 -1.29e-15  1.60e-15    27    -1     0
1827.84 -3.76e-15  1.60e-15    27    -5     0
1829.52  1.69e-15  1.83e-15    27     2     0
1831.20  1.33e-15  1.62e-15    27     1     0
1832.87 -1.37e-15  1.55e-15    27    -1     0
1834.55 -2.87e-15  1.55e-15    27    -4     0
1836.23 -8.07e-16  1.55e-15    28    -1     0
1837.90  4.08e-16  1.55e-15    28     0     0
1839.58 -2.58e-16  1.55e-15    28     0     0
1841.25  2.81e-16  1.57e-15    28     0     0
1842.93  6.39e-16  1.57e-15    28     0     0
1844.61  2.44e-15  1.61e-15    28     3     0
1846.28  3.26e-15  1.63e-15    28     4     0
1847.96  1.98e-15  1.55e-15    28     2     0
1849.64  3.75e-15  1.63e-15    28     5     0
1851.31  5.49e-15  1.70e-15    28     7     0
1852.99  5.73e-15  1.74e-15    28     7     0
1854.67  4.10e-15  1.66e-15    28     5     0
1856.34  9.19e-16  1.57e-15    29     1     0
1858.02  2.86e-15  1.58e-15    29     3     0
1859.69  1.42e-15  1.57e-15    29     1     0
1861.37  5.25e-15  1.68e-15    29     7     0
1863.05  4.14e-15  1.61e-15    29     5     0
1864.72  3.80e-15  1.60e-15    29     5     0
1866.40  2.55e-15  1.59e-15    29     3     0
1868.08  1.44e-15  1.59e-15    29     1     0
1869.75  1.79e-15  1.59e-15    29     2     0
1871.43  4.73e-16  1.61e-15    29     0     0
1873.11  3.33e-15  1.62e-15    29     4     0
1874.78  3.88e-15  1.71e-15    29     5     0
1876.46  4.41e-15  1.62e-15    29     5     0
1878.14  3.65e-15  1.67e-15    29     4     0
1879.81  1.59e-15  1.62e-15    30     2     0
1881.49  2.01e-15  1.62e-15    30     2     0
1883.16  2.18e-15  1.63e-15    30     2     0
1884.84  4.72e-15  1.63e-15    30     6     0
1886.52  4.34e-15  1.64e-15    30     5     0
1888.19  5.10e-15  1.64e-15    30     6     0
1889.87  5.63e-15  1.65e-15    30     7     0
1891.55  9.83e-15  1.82e-15    30    13     0
1893.22  4.23e-15  1.64e-15    30     5     0
1894.90  3.04e-15  1.65e-15    30     4     0
1896.58  1.75e-15  1.65e-15    30     2     0
1898.25  2.71e-15  1.65e-15    30     3     0
1899.93  4.46e-15  1.65e-15    30     5     0
1901.60  1.91e-17  1.66e-15    30     0     0
1903.28  1.94e-15  1.66e-15    30     2     0
1904.96  2.01e-15  1.67e-15    31     2     0
1906.63  2.76e-15  1.65e-15    31     3     0
1908.31  3.54e-15  1.65e-15    31     4     0
1909.99 -3.74e-16  1.65e-15    31     0     0
1911.66 -9.82e-16  1.68e-15    31    -1     0
1913.34 -2.55e-15  1.68e-15    31    -3     0
1915.02 -7.44e-16  1.71e-15    31     0     0
1916.69  3.04e-16  1.71e-15    31     0     0
1918.37  6.61e-17  1.71e-15    31     0     0
1920.04  2.30e-15  1.70e-15    31     2     0
1921.72  6.71e-16  1.70e-15    31     0     0
1923.40  5.78e-16  1.70e-15    31     0     0
1925.07  3.87e-15  1.75e-15    31     5     0
1926.75  7.70e-16  1.75e-15    31     0     0
1928.43  2.28e-15  1.68e-15    31     2     0
1930.10  3.20e-15  1.68e-15    31     4     0
1931.78  2.00e-15  1.67e-15    31     2     0
1933.46  3.56e-15  1.67e-15    31     4     0
1935.13 -2.87e-16  1.69e-15    31     0     0
1936.81 -4.32e-15  1.68e-15    31    -5     0
1938.48 -1.94e-15  1.68e-15    31    -2     0
1940.16  3.53e-16  1.68e-15    31     0     0
1941.84 -1.54e-15  1.68e-15    31    -1     0
1943.51 -1.84e-15  1.67e-15    31    -2     0
1945.19 -3.71e-16  1.65e-15    31     0     0
1946.87 -5.48e-16  1.65e-15    31     0     0
1948.54 -5.32e-16  1.64e-15    31     0     0
1950.22  2.77e-16  1.66e-15    32     0     0
1951.90 -1.76e-16  1.65e-15    32     0     0
1953.57  2.66e-15  1.66e-15    32     3     0
1955.25  4.16e-15  1.63e-15    32     5     0
1956.93  2.11e-15  1.63e-15    32     2     0
1958.60  2.21e-15  1.62e-15    32     2     0
1960.28  1.23e-15  1.60e-15    32     1     0
1961.95 -3.68e-16  1.60e-15    32     0     0
1963.63  1.88e-16  1.60e-15    32     0     0
1965.31 -6.86e-16  1.61e-15    31     0     0
1966.98  1.26e-15  1.64e-15    31     1     0
1968.66  1.83e-15  1.61e-15    31     2     0
1970.34  2.26e-15  2.25e-15    31     3     0
1972.01  2.49e-15  1.61e-15    31     3     0
1973.69  4.28e-16  1.62e-15    31     0     0
1975.37  1.44e-15  1.63e-15    31     1     0
1977.04  3.06e-15  1.64e-15    31     4     0
1978.72  2.49e-15  1.65e-15    31     3     0
