NOT ORIGINAL IUE PROJECT DATA PRODUCT
SWP42380LOWLARGE
HD  197481
20:42:04
-31:31:05
48
NO-TRAIL
X-OFFSETS
5099.260
02/09/91
23:50:30
245
7.50
21/09/95
GSFC
2448502.49340
0
22
1150.59  1.16e-13  8.62e-14    43    41     0
1152.27 -1.22e-13  7.97e-14    43   -45     0
1153.94  5.53e-14  7.51e-14    43    22     0
1155.62 -3.56e-14  7.14e-14    44   -14     0
1157.30 -6.90e-15  6.61e-14    44    -3     0
1158.97 -1.98e-14  6.09e-14    44    -9     0
1160.65  4.02e-15  6.02e-14    44     2     0
1162.33 -9.10e-15  5.67e-14    45    -5     0
1164.00 -5.70e-15  4.87e-14    45    -3     0
1165.68  1.34e-14  4.23e-14    45     9     0
1167.35 -2.75e-14  3.92e-14    46   -20     0
1169.03 -7.72e-15  3.65e-14    46    -6     0
1170.71 -1.64e-15  3.46e-14    46    -1     0
1172.38  3.31e-14  4.09e-14    47    29     0
1174.06  2.62e-15  2.94e-14    47     2     0
1175.74  4.87e-14  2.85e-14    47    50     0
1177.41  6.35e-14  2.75e-14    47    69     0
1179.09  1.41e-14  2.41e-14    48    16     0
1180.77  1.59e-14  2.20e-14    48    20     0
1182.44  4.22e-17  2.05e-14    48     0     0
1184.12 -1.96e-14  1.94e-14    49   -27     0
1185.79  2.27e-14  3.04e-14    49    33     0
1187.47 -3.01e-14  1.76e-14    49   -47     0
1189.15  4.71e-14  1.74e-14    50    77     0
1190.82 -7.17e-15  1.53e-14    50   -12     0
1192.50 -1.15e-14  1.49e-14    50   -21     0
1194.18  1.38e-14  1.47e-14    51    26     0
1195.85  1.28e-14  1.46e-14    51    26     0
1197.53 -6.22e-16  1.39e-14    52    -1     0
1199.21  1.59e-14  1.39e-14    52    35     0
1200.88 -1.19e-15  1.23e-14    52    -2     0
1202.56  6.73e-15  1.65e-14    53    16     0
1204.23  3.52e-14  1.14e-14    53    86     0
1205.91  6.03e-14  1.48e-14    53   154     0
1207.59  5.16e-14  1.86e-14    54   136     0
1209.26  1.36e-13  2.59e-14    54   369     0
1210.94  3.65e-13  6.92e-14    55  1027     0
1212.62  5.15e-13  8.25e-14    55  1487     0
1214.29  6.63e-13  1.07e-13    55  1963     0
1215.97  7.26e-13  1.21e-13    56  2216     0
1217.65  7.57e-13  1.27e-13    56  2363     0
1219.32  5.46e-13  9.88e-14    57  1742     0
1221.00  3.09e-13  5.78e-14    57  1012     0
1222.67  1.11e-13  3.04e-14    57   372     0
1224.35  3.09e-14  1.39e-14    58   105     0
1226.03  1.54e-14  9.51e-15    58    54     0
1227.70  3.58e-15  7.00e-15    59    12     0
1229.38  1.15e-14  7.08e-15    59    41     0
1231.06  1.73e-14  7.54e-15    59    64     0
1232.73 -7.17e-15  6.54e-15    60   -27     0
1234.41  7.65e-15  6.97e-15    60    29     0
1236.09  1.49e-14  7.53e-15    61    58     0
1237.76  6.28e-15  6.27e-15    61    24     0
1239.44  1.64e-14  6.30e-15    62    66     0
1241.11 -5.19e-16  5.91e-15    62    -2     0
1242.79  1.49e-14  6.49e-15    62    61     0
1244.47 -3.04e-15  7.21e-15    63   -12     0
1246.14  2.61e-15  6.55e-15    63    10     0
1247.82  4.71e-15  5.73e-15    64    19     0
1249.50  5.27e-15  5.67e-15    64    22     0
1251.17  1.30e-14  5.59e-15    65    56     0
1252.85  1.81e-14  6.16e-15    65    80     0
1254.53 -9.87e-15  7.85e-15    66   -44     0
1256.20  6.56e-15  5.30e-15    66    29     0
1257.88  4.94e-15  5.22e-15    67    22     0
1259.56  8.98e-15  5.83e-15    67    40     0
1261.23  7.40e-17  5.02e-15    68     0     0
1262.91  5.88e-15  5.05e-15    68    27     0
1264.58 -1.35e-15  7.28e-15    69    -6     0
1266.26  1.02e-14  5.37e-15    69    48     0
1267.94  5.01e-15  4.81e-15    70    24     0
1269.61 -3.55e-15  6.48e-15    70   -17     0
1271.29  1.70e-14  1.09e-14    71    81     0
1272.97  1.03e-14  5.46e-15    71    49     0
1274.64  4.20e-15  4.70e-15    72    20     0
1276.32  7.36e-15  6.06e-15    72    35     0
1278.00  8.30e-15  4.79e-15    73    39     0
1279.67 -6.25e-15  5.20e-15    73   -29     0
1281.35  6.65e-15  4.63e-15    74    32     0
1283.02  6.03e-15  4.60e-15    74    29     0
1284.70  1.22e-14  4.67e-15    75    59     0
1286.38  7.02e-15  7.80e-15    75    34     0
1288.05 -5.71e-15  4.42e-15    76   -28     0
1289.73 -1.06e-15  4.39e-15    76    -5     0
1291.41  7.15e-15  4.48e-15    77    35     0
1293.08  9.12e-15  4.48e-15    77    45     0
1294.76  6.10e-15  4.43e-15    78    30     0
1296.44  4.72e-15  4.52e-15    78    23     0
1298.11  1.21e-15  4.50e-15    79     6     0
1299.79  1.68e-14  6.01e-15    79    84     0
1301.46  2.78e-15  4.68e-15    80    13     0
1303.14  1.52e-14  4.51e-15    80    75     0
1304.82  1.04e-14  4.41e-15    81    51     0
1306.49  2.35e-14  7.64e-15    81   114     0
1308.17  1.80e-14  7.43e-15    82    88     0
1309.85  3.70e-15  7.08e-15    83    18     0
1311.52  9.99e-15  4.30e-15    83    50     0
1313.20  4.51e-15  4.99e-15    84    22     0
1314.88 -8.76e-15  7.13e-15    84   -43     0
1316.55 -1.77e-16  4.25e-15    85     0     0
1318.23  7.48e-15  4.23e-15    85    37     0
1319.90  5.66e-15  4.18e-15    86    28     0
1321.58 -4.79e-15  6.41e-15    86   -23     0
1323.26  3.78e-15  5.29e-15    87    18     0
1324.93 -4.67e-16  4.44e-15    88    -2     0
1326.61  5.98e-15  4.64e-15    88    28     0
1328.29  9.50e-15  4.95e-15    89    45     0
1329.96  5.87e-15  4.73e-15    89    27     0
1331.64  2.48e-15  4.41e-15    90    11     0
1333.32  1.08e-14  7.39e-15    90    51     0
1334.99  2.20e-14  6.68e-15    91   103     0
1336.67  2.91e-14  9.16e-15    91   141     0
1338.34  2.90e-14  9.01e-15    92   140     0
1340.02  9.32e-15  5.93e-15    93    43     0
1341.70  1.80e-15  4.20e-15    93     8     0
1343.37 -1.42e-15  6.07e-15    94    -6     0
1345.05  8.14e-15  4.27e-15    94    38     0
1346.73 -2.85e-15  4.20e-15    95   -13     0
1348.40  8.99e-16  5.50e-15    95     4     0
1350.08  2.08e-15  4.18e-15    96     9     0
1351.76  1.15e-14  5.49e-15    97    52     0
1353.43  6.40e-15  1.00e-14    97    29     0
1355.11  1.27e-14  4.38e-15    98    58     0
1356.79  7.85e-15  6.92e-15    98    35     0
1358.46  3.85e-15  5.44e-15    99    17     0
1360.14  7.00e-15  4.83e-15    99    30     0
1361.81 -3.70e-15  4.44e-15   100   -16     0
1363.49  3.31e-15  4.38e-15   101    14     0
1365.17  2.92e-15  4.32e-15   101    12     0
1366.84  2.20e-15  4.75e-15   102     9     0
1368.52 -9.63e-16  4.32e-15   102    -4     0
1370.20  6.62e-15  4.68e-15   103    28     0
1371.87  1.02e-14  4.52e-15   103    43     0
1373.55  4.09e-17  4.33e-15   104     0     0
1375.23  5.83e-15  7.20e-15   105    24     0
1376.90 -2.64e-15  5.91e-15   105   -11     0
1378.58  5.26e-15  4.41e-15   106    22     0
1380.25 -9.19e-15  4.35e-15   106   -38     0
1381.93  1.40e-14  7.27e-15   107    58     0
1383.61  1.38e-15  8.53e-15   107     5     0
1385.28  7.83e-15  9.15e-15   108    32     0
1386.96  8.01e-15  5.00e-15   109    32     0
1388.64 -1.06e-14  5.75e-15   109   -43     0
1390.31  1.10e-15  6.90e-15   110     4     0
1391.99  1.25e-14  4.80e-15   110    49     0
1393.67  2.28e-15  4.64e-15   111     8     0
1395.34 -4.52e-16  6.49e-15   111    -1     0
1397.02  5.57e-15  4.71e-15   112    21     0
1398.69  5.59e-15  4.63e-15   112    21     0
1400.37  6.94e-15  4.68e-15   113    26     0
1402.05  7.09e-15  4.68e-15   114    26     0
1403.72 -1.24e-15  6.56e-15   114    -4     0
1405.40  1.19e-14  4.93e-15   115    44     0
1407.08  5.86e-15  4.77e-15   115    21     0
1408.75  1.29e-14  4.94e-15   116    47     0
1410.43  7.39e-15  4.81e-15   116    27     0
1412.11 -7.63e-15  7.29e-15   117   -27     0
1413.78  6.47e-16  4.97e-15   117     2     0
1415.46  3.48e-15  4.95e-15   118    12     0
1417.13  8.20e-15  4.81e-15   118    29     0
1418.81  2.54e-15  5.65e-15   119     9     0
1420.49 -1.32e-14  4.92e-15   120   -45     0
1422.16  9.64e-15  5.11e-15   120    32     0
1423.84  1.98e-15  4.96e-15   121     6     0
1425.52 -5.50e-16  5.58e-15   121    -1     0
1427.19  3.29e-16  7.40e-15   122     1     0
1428.87  2.13e-16  5.54e-15   122     0     0
1430.55  9.62e-15  5.10e-15   123    32     0
1432.22 -2.53e-15  5.41e-15   123    -8     0
1433.90 -3.40e-15  4.98e-15   124   -11     0
1435.57  1.12e-14  5.24e-15   124    36     0
1437.25 -5.05e-15  7.08e-15   125   -16     0
1438.93 -1.85e-15  5.08e-15   125    -5     0
1440.60 -3.50e-15  5.70e-15   126   -11     0
1442.28 -1.63e-15  6.26e-15   126    -5     0
1443.96  2.34e-15  5.05e-15   127     7     0
1445.63  3.66e-15  5.08e-15   127    11     0
1447.31  1.66e-15  5.06e-15   128     5     0
1448.99  3.63e-15  5.46e-15   128    11     0
1450.66  2.44e-15  5.02e-15   129     7     0
1452.34  5.57e-15  8.60e-15   129    17     0
1454.02  9.18e-15  5.17e-15   130    29     0
1455.69 -3.19e-15  5.05e-15   130   -10     0
1457.37 -1.04e-15  5.06e-15   131    -3     0
1459.04  2.13e-14  7.12e-15   131    66     0
1460.72  2.00e-14  5.30e-15   132    63     0
1462.40  1.35e-15  4.96e-15   132     4     0
1464.07  5.54e-15  5.02e-15   133    17     0
1465.75 -2.81e-15  5.01e-15   133    -8     0
1467.43  6.39e-15  5.28e-15   134    19     0
1469.10  1.11e-16  5.00e-15   134     0     0
1470.78  4.89e-15  5.16e-15   134    14     0
1472.46  1.88e-14  5.90e-15   135    57     0
1474.13  1.05e-14  5.42e-15   135    31     0
1475.81  8.39e-15  5.21e-15   136    25     0
1477.48  8.02e-15  5.22e-15   136    24     0
1479.16  9.24e-15  7.71e-15   137    27     0
1480.84  1.20e-14  5.74e-15   137    35     0
1482.51  9.28e-15  5.23e-15   138    27     0
1484.19  1.80e-14  5.42e-15   138    53     0
1485.87  1.03e-14  5.63e-15   138    31     0
1487.54  4.43e-15  5.45e-15   139    13     0
1489.22  2.53e-15  5.03e-15   139     7     0
1490.90  1.92e-15  5.10e-15   140     5     0
1492.57  1.38e-14  5.31e-15   140    40     0
1494.25 -2.63e-15  5.18e-15   141    -7     0
1495.92  9.97e-15  5.30e-15   141    29     0
1497.60  3.28e-15  5.03e-15   141     9     0
1499.28  4.51e-15  5.06e-15   142    13     0
1500.95  1.03e-14  5.24e-15   142    30     0
1502.63  5.71e-15  5.08e-15   143    16     0
1504.31  9.30e-15  5.13e-15   143    27     0
1505.98  1.04e-14  5.12e-15   143    30     0
1507.66  3.01e-15  5.00e-15   144     8     0
1509.34  4.13e-15  5.03e-15   144    12     0
1511.01  7.73e-15  5.26e-15   144    22     0
1512.69  1.33e-14  5.29e-15   145    37     0
1514.36 -1.03e-14  5.09e-15   145   -29     0
1516.04 -1.88e-16  5.12e-15   145     0     0
1517.72 -5.72e-15  5.22e-15   146   -15     0
1519.39  2.49e-15  5.40e-15   146     6     0
1521.07  9.10e-15  5.38e-15   147    25     0
1522.75 -1.12e-15  5.16e-15   147    -3     0
1524.42  6.67e-15  5.26e-15   147    18     0
1526.10  4.64e-15  5.21e-15   148    12     0
1527.78 -1.38e-16  5.16e-15   148     0     0
1529.45 -2.82e-16  5.16e-15   148     0     0
1531.13 -2.40e-15  5.15e-15   149    -6     0
1532.80 -3.57e-15  5.07e-15   149    -9     0
1534.48  6.10e-16  5.46e-15   149     1     0
1536.16  5.80e-15  5.10e-15   150    16     0
1537.83  1.04e-14  5.17e-15   150    28     0
1539.51  1.04e-14  6.51e-15   150    28     0
1541.19  3.38e-15  5.02e-15   150     9     0
1542.86  1.39e-14  5.20e-15   151    38     0
1544.54  1.35e-14  5.74e-15   151    37     0
1546.22  2.52e-14  8.57e-15   151    68     0
1547.89  4.13e-14  1.29e-14   152   113     0
1549.57  5.64e-14  1.37e-14   152   154     0
1551.24  5.67e-14  1.15e-14   152   155     0
1552.92  3.15e-14  9.94e-15   152    86     0
1554.60  9.82e-15  7.60e-15   153    26     0
1556.27  5.48e-15  4.92e-15   153    15     0
1557.95  1.70e-14  5.14e-15   153    47     0
1559.63  1.03e-14  5.51e-15   153    28     0
1561.30  1.86e-14  6.03e-15   154    51     0
1562.98  1.30e-14  5.43e-15   154    35     0
1564.66  1.11e-14  6.27e-15   154    30     0
1566.33 -1.44e-14  4.80e-15   154   -40     0
1568.01 -1.32e-15  4.64e-15   155    -3     0
1569.69  3.22e-15  4.67e-15   155     9     0
1571.36  1.01e-14  4.88e-15   155    28     0
1573.04  5.24e-16  4.70e-15   155     1     0
1574.71 -4.86e-15  4.68e-15   156   -13     0
1576.39  2.94e-15  4.74e-15   156     8     0
1578.07  1.21e-14  4.92e-15   156    33     0
1579.74  3.65e-15  4.72e-15   156    10     0
1581.42  1.84e-15  4.61e-15   156     5     0
1583.10  5.35e-15  4.71e-15   157    14     0
1584.77 -5.32e-15  4.56e-15   157   -14     0
1586.45 -4.55e-15  4.53e-15   157   -12     0
1588.13  2.95e-15  4.51e-15   157     8     0
1589.80  1.61e-15  4.53e-15   157     4     0
1591.48 -1.39e-14  4.50e-15   157   -38     0
1593.15 -4.46e-15  4.48e-15   158   -12     0
1594.83 -1.78e-15  4.50e-15   158    -5     0
1596.51  2.75e-15  4.40e-15   158     7     0
1598.18 -5.87e-15  4.39e-15   158   -16     0
1599.86  7.79e-16  4.57e-15   158     2     0
1601.54 -1.91e-15  4.31e-15   158    -5     0
1603.21  2.24e-15  4.31e-15   159     6     0
1604.89 -7.96e-15  4.27e-15   159   -22     0
1606.57 -7.70e-15  4.33e-15   159   -21     0
1608.24  2.30e-15  4.69e-15   159     6     0
1609.92  5.46e-15  4.36e-15   159    15     0
1611.59 -2.49e-15  4.22e-15   159    -7     0
1613.27 -6.18e-15  4.20e-15   159   -17     0
1614.95 -1.02e-14  4.18e-15   160   -29     0
1616.62 -7.27e-15  4.20e-15   160   -20     0
1618.30  2.83e-15  4.19e-15   160     8     0
1619.98 -4.11e-15  4.15e-15   160   -11     0
1621.65 -3.77e-16  5.03e-15   160    -1     0
1623.33  2.15e-15  4.32e-15   160     6     0
1625.01 -5.82e-15  4.24e-15   160   -17     0
1626.68 -9.65e-15  4.67e-15   160   -28     0
1628.36  6.98e-15  4.21e-15   160    21     0
1630.03  7.24e-15  4.16e-15   160    21     0
1631.71  4.78e-16  4.03e-15   161     1     0
1633.39  7.65e-15  4.42e-15   161    22     0
1635.06  1.89e-15  3.92e-15   161     5     0
1636.74  1.08e-14  6.01e-15   161    32     0
1638.42  1.34e-14  5.58e-15   161    40     0
1640.09  3.33e-14  1.03e-14   161    99     0
1641.77  3.77e-14  9.25e-15   161   113     0
1643.45  2.43e-14  8.36e-15   161    73     0
1645.12  1.63e-14  6.49e-15   161    49     0
1646.80  5.91e-15  3.99e-15   161    17     0
1648.47  8.71e-15  4.61e-15   161    26     0
1650.15 -7.53e-16  3.72e-15   161    -2     0
1651.83 -4.59e-15  3.70e-15   161   -14     0
1653.50 -5.19e-17  3.67e-15   161     0     0
1655.18  7.23e-15  3.73e-15   161    22     0
1656.86  1.31e-14  3.83e-15   161    40     0
1658.53  9.04e-15  3.74e-15   161    28     0
1660.21  1.28e-14  4.54e-15   161    40     0
1661.89  7.40e-15  3.91e-15   162    23     0
1663.56  3.01e-15  3.73e-15   162     9     0
1665.24  6.25e-15  4.19e-15   162    19     0
1666.92  1.08e-14  4.32e-15   162    34     0
1668.59  8.79e-15  3.62e-15   162    27     0
1670.27  5.95e-15  3.47e-15   162    19     0
1671.94  5.69e-15  3.45e-15   162    18     0
1673.62  5.75e-15  3.41e-15   162    18     0
1675.30  2.23e-15  3.26e-15   162     7     0
1676.97 -4.70e-15  3.22e-15   162   -15     0
1678.65 -1.66e-15  3.19e-15   162    -5     0
1680.33  3.24e-15  3.26e-15   162    10     0
1682.00  1.25e-15  3.18e-15   162     4     0
1683.68  1.71e-15  3.16e-15   162     5     0
1685.36 -6.60e-16  3.16e-15   162    -2     0
1687.03  1.83e-15  3.16e-15   162     6     0
1688.71  4.16e-15  3.17e-15   162    14     0
1690.38  3.34e-15  3.11e-15   162    11     0
1692.06 -1.88e-15  3.04e-15   162    -6     0
1693.74 -7.57e-16  3.01e-15   162    -2     0
1695.41 -9.97e-16  2.97e-15   162    -3     0
1697.09 -1.38e-15  2.95e-15   162    -4     0
1698.77  6.32e-15  3.02e-15   162    22     0
1700.44  6.16e-15  2.99e-15   161    21     0
1702.12 -1.56e-15  2.86e-15   161    -5     0
1703.80 -3.37e-15  2.83e-15   161   -12     0
1705.47 -5.22e-15  2.84e-15   161   -18     0
1707.15  4.57e-15  2.88e-15   161    16     0
1708.82  5.60e-15  2.90e-15   161    20     0
1710.50  3.30e-15  2.84e-15   161    11     0
1712.18  4.61e-16  2.75e-15   161     1     0
1713.85  2.03e-16  2.72e-15   161     0     0
1715.53 -1.25e-15  2.71e-15   161    -4     0
1717.21  2.51e-15  2.71e-15   161     9     0
1718.88  4.21e-15  2.73e-15   161    15     0
1720.56  1.99e-15  2.79e-15   161     7     0
1722.24  3.95e-15  2.63e-15   161    15     0
1723.91  5.12e-15  2.62e-15   161    19     0
1725.59  3.52e-17  2.58e-15   161     0     0
1727.26 -1.97e-15  2.55e-15   161    -7     0
1728.94 -3.21e-15  2.52e-15   161   -12     0
1730.62 -2.75e-15  2.51e-15   161   -10     0
1732.29 -8.96e-16  2.48e-15   161    -3     0
1733.97 -1.55e-15  2.47e-15   161    -5     0
1735.65  1.79e-15  2.44e-15   161     6     0
1737.32  2.22e-16  2.41e-15   161     0     0
1739.00  1.34e-15  2.40e-15   161     5     0
1740.68  1.03e-15  2.31e-15   161     4     0
1742.35 -1.33e-15  2.29e-15   161    -5     0
1744.03  2.06e-15  2.30e-15   161     8     0
1745.70  9.82e-16  2.27e-15   160     3     0
1747.38  1.48e-15  2.27e-15   160     6     0
1749.06  7.92e-15  2.37e-15   160    32     0
1750.73  9.93e-15  3.80e-15   160    41     0
1752.41  7.95e-15  2.74e-15   160    33     0
1754.09  3.58e-15  2.21e-15   160    15     0
1755.76  2.57e-15  2.21e-15   160    10     0
1757.44  5.97e-15  2.26e-15   160    25     0
1759.12  4.09e-15  2.20e-15   160    17     0
1760.79  3.46e-15  2.17e-15   160    14     0
1762.47  1.52e-15  2.11e-15   160     6     0
1764.15  1.46e-15  2.16e-15   160     6     0
1765.82  1.98e-15  2.06e-15   160     8     0
1767.50  5.52e-15  2.13e-15   160    23     0
1769.17  7.48e-15  2.25e-15   160    32     0
1770.85  7.23e-15  2.16e-15   160    31     0
1772.53  5.50e-15  2.07e-15   160    24     0
1774.20  6.73e-15  2.07e-15   160    29     0
1775.88  3.91e-15  2.01e-15   160    17     0
1777.56 -1.49e-16  1.92e-15   160     0     0
1779.23  3.87e-15  1.96e-15   160    17     0
1780.91  1.38e-15  1.92e-15   160     6     0
1782.59 -1.75e-15  1.88e-15   160    -7     0
1784.26  3.17e-15  1.92e-15   160    14     0
1785.94  4.73e-15  1.90e-15   160    21     0
1787.61  4.98e-15  1.90e-15   160    23     0
1789.29  5.82e-15  1.95e-15   160    27     0
1790.97  2.67e-15  1.97e-15   160    12     0
1792.64  1.45e-15  2.15e-15   160     6     0
1794.32  1.07e-15  2.37e-15   160     4     0
1796.00  1.29e-15  2.03e-15   160     5     0
1797.67  2.48e-16  1.94e-15   160     1     0
1799.35 -1.17e-15  1.75e-15   159    -5     0
1801.03  1.75e-16  1.73e-15   159     0     0
1802.70  2.54e-15  1.76e-15   159    11     0
1804.38  6.14e-15  1.82e-15   159    28     0
1806.05  5.36e-15  1.82e-15   160    24     0
1807.73  6.67e-15  1.83e-15   160    31     0
1809.41  1.36e-14  2.14e-15   160    63     0
1811.08  1.63e-14  2.56e-15   160    76     0
1812.76  1.25e-14  3.25e-15   160    58     0
1814.44  7.13e-15  2.40e-15   160    33     0
1816.11  8.69e-15  3.06e-15   160    41     0
1817.79  1.58e-14  3.74e-15   160    74     0
1819.47  1.18e-14  2.06e-15   160    55     0
1821.14  7.40e-15  2.68e-15   160    34     0
1822.82  5.05e-15  1.71e-15   160    23     0
1824.49  3.05e-15  1.67e-15   160    14     0
1826.17  2.07e-15  1.66e-15   160     9     0
1827.85  9.66e-16  1.62e-15   160     4     0
1829.52  9.88e-16  1.62e-15   160     4     0
1831.20 -9.88e-16  1.55e-15   160    -4     0
1832.88 -1.42e-15  1.55e-15   160    -6     0
1834.55 -2.49e-15  1.54e-15   160   -11     0
1836.23 -1.84e-15  1.53e-15   160    -8     0
1837.91 -1.50e-15  1.52e-15   160    -7     0
1839.58 -1.51e-15  1.51e-15   160    -7     0
1841.26 -2.46e-16  1.52e-15   160    -1     0
1842.93 -1.64e-15  1.52e-15   160    -7     0
1844.61 -2.02e-16  1.51e-15   161     0     0
1846.29  7.25e-16  1.48e-15   161     3     0
1847.96  2.35e-16  1.47e-15   161     1     0
1849.64 -1.41e-15  1.46e-15   161    -6     0
1851.32 -3.11e-16  1.48e-15   161    -1     0
1852.99  4.45e-16  1.57e-15   161     2     0
1854.67 -2.47e-16  1.48e-15   161    -1     0
1856.35  1.51e-16  1.46e-15   161     0     0
1858.02  8.51e-16  1.46e-15   161     4     0
1859.70  6.52e-17  1.45e-15   162     0     0
1861.37  6.80e-16  1.43e-15   162     3     0
1863.05  1.82e-15  1.45e-15   162     8     0
1864.73  3.03e-15  1.48e-15   162    14     0
1866.40  2.25e-15  1.47e-15   162    10     0
1868.08 -1.42e-15  1.43e-15   162    -6     0
1869.76 -2.20e-15  1.42e-15   162   -10     0
1871.43  3.77e-17  1.43e-15   163     0     0
1873.11  5.24e-15  1.53e-15   163    24     0
1874.79  2.11e-15  1.46e-15   163     9     0
1876.46  2.44e-15  1.47e-15   163    11     0
1878.14  1.37e-15  1.52e-15   163     6     0
1879.82 -7.24e-16  1.40e-15   163    -3     0
1881.49 -2.24e-15  1.40e-15   164   -10     0
1883.17 -4.25e-16  1.39e-15   164    -1     0
1884.84 -1.70e-15  1.39e-15   164    -7     0
1886.52 -3.21e-15  1.39e-15   164   -14     0
1888.20  6.06e-16  1.41e-15   164     2     0
1889.87  2.78e-15  1.42e-15   165    12     0
1891.55  4.23e-15  1.44e-15   165    19     0
1893.23  3.45e-15  1.43e-15   165    15     0
1894.90  1.12e-15  1.37e-15   165     5     0
1896.58  1.57e-15  1.37e-15   166     7     0
1898.26  3.07e-15  1.50e-15   166    13     0
1899.93  2.60e-15  1.95e-15   166    11     0
1901.61  2.06e-15  1.37e-15   166     9     0
1903.28  1.87e-15  1.36e-15   167     8     0
1904.96  2.01e-15  1.36e-15   167     8     0
1906.64  4.30e-15  1.39e-15   167    19     0
1908.31  3.19e-15  1.36e-15   168    14     0
1909.99  7.69e-16  1.32e-15   168     3     0
1911.67  2.99e-15  1.36e-15   168    13     0
1913.34  1.55e-15  1.32e-15   169     6     0
1915.02  3.46e-15  1.39e-15   169    15     0
1916.70  5.85e-15  1.42e-15   169    25     0
1918.37  4.31e-15  1.40e-15   170    18     0
1920.05  2.47e-15  1.39e-15   170    10     0
1921.72  1.06e-15  1.42e-15   170     4     0
1923.40  3.81e-15  1.48e-15   171    16     0
1925.08  1.35e-15  1.52e-15   171     5     0
1926.75 -1.14e-15  1.52e-15   171    -5     0
1928.43  2.92e-15  1.78e-15   172    12     0
1930.11  3.93e-15  1.50e-15   172    17     0
1931.78  4.87e-15  1.35e-15   173    21     0
1933.46  7.58e-15  1.37e-15   173    33     0
1935.14  5.84e-15  1.33e-15   173    25     0
1936.81  2.87e-15  1.26e-15   174    12     0
1938.49  1.87e-15  1.22e-15   174     8     0
1940.16  2.56e-15  1.24e-15   175    11     0
1941.84  2.63e-15  1.22e-15   175    11     0
1943.52  1.63e-15  1.32e-15   175     7     0
1945.19  3.91e-15  1.22e-15   176    17     0
1946.87  2.67e-15  1.18e-15   176    12     0
1948.55  2.56e-15  1.17e-15   177    11     0
1950.22  1.20e-15  1.14e-15   177     5     0
1951.90  3.80e-16  1.24e-15   178     1     0
1953.58  1.21e-15  1.12e-15   178     5     0
1955.25  1.40e-15  1.11e-15   179     6     0
1956.93  5.06e-15  1.19e-15   179    23     0
1958.60  6.42e-15  1.20e-15   180    29     0
1960.28  5.35e-15  1.16e-15   180    24     0
1961.96  4.59e-15  1.13e-15   181    21     0
1963.63  3.96e-15  1.10e-15   181    18     0
1965.31  3.74e-15  1.26e-15   182    17     0
1966.99  3.23e-15  1.67e-15   182    14     0
1968.66  3.86e-15  1.33e-15   183    17     0
1970.34  3.63e-15  1.13e-15   184    16     0
1972.02  1.64e-15  1.30e-15   184     7     0
1973.69  4.26e-15  1.09e-15   185    19     0
1975.37  2.99e-15  1.07e-15   185    13     0
1977.05  2.37e-15  1.07e-15   186    10     0
1978.72  2.71e-15  1.63e-15   186    12     0
