NOT ORIGINAL IUE PROJECT DATA PRODUCT
SWP42373LOWLARGE
HD  197481
20:42:04
-31:31:05
48
NO-TRAIL
X-OFFSETS
2699.414
02/09/91
11:31:33
245
11.18
21/09/95
GSFC
2448501.98024
0
78
1150.59  1.44e-13  3.12e-13  1666    26     0
1152.27 -2.21e-13  2.92e-13  1667   -43     0
1153.94 -3.36e-13  2.74e-13  1668   -69     0
1155.62 -2.42e-13  2.63e-13  1669   -52     0
1157.30  9.13e-14  2.46e-13  1670    21     0
1158.97  2.40e-13  2.31e-13  1671    60     0
1160.65 -3.27e-15  2.10e-13  1672     0     0
1162.33 -3.34e-14  1.96e-13  1673    -9     0
1164.00  1.71e-13  1.85e-13  1674    53     0
1165.68 -3.85e-14  1.59e-13  1675   -13     0
1167.35 -1.23e-13  1.48e-13  1676   -46     0
1169.03  9.04e-14  1.40e-13  1677    37     0
1170.71 -7.71e-14  1.29e-13  1678   -33     0
1172.38 -1.23e-14  1.21e-13  1679    -5     0
1174.06 -1.51e-13  1.13e-13  1680   -75     0
1175.74 -4.94e-14  1.05e-13  1681   -26     0
1177.41  1.36e-14  9.90e-14  1681     7     0
1179.09  1.28e-13  9.49e-14  1682    78     0
1180.77 -3.66e-14  8.49e-14  1683   -24     0
1182.44  2.63e-14  8.06e-14  1684    18     0
1184.12  5.12e-15  7.61e-14  1685     3     0
1185.79  4.14e-14  7.31e-14  1686    32     0
1187.47 -1.64e-14  6.94e-14  1687   -13     0
1189.15  2.11e-14  6.65e-14  1688    17     0
1190.82  3.03e-14  6.37e-14  1688    28     0
1192.50  7.41e-15  6.08e-14  1689     7     0
1194.18 -2.18e-14  5.99e-14  1690   -22     0
1195.85  5.75e-14  6.03e-14  1691    61     0
1197.53  9.33e-15  5.75e-14  1692    10     0
1199.21  4.44e-14  5.34e-14  1693    50     0
1200.88  1.31e-14  4.89e-14  1693    15     0
1202.56  4.97e-14  4.58e-14  1694    61     0
1204.23  3.88e-14  4.44e-14  1695    49     0
1205.91  1.66e-13  4.48e-14  1696   221     0
1207.59  5.12e-13  1.10e-13  1697   703     0
1209.26  1.20e-12  2.23e-13  1697  1693     0
1210.94  2.01e-12  3.33e-13  1698  2950     0
1212.62  2.71e-12  6.10e-13  1699  4082     0
1214.29  3.09e-12  5.62e-13  1700  4768     0
1215.97  2.53e-12  6.24e-13  1700  4016     0
1217.65  2.80e-12  5.24e-13  1701  4566     0
1219.32  2.35e-12  4.13e-13  1702  3906     0
1221.00  1.39e-12  2.99e-13  1703  2365     0
1222.67  5.03e-13  1.08e-13  1703   875     0
1224.35  1.34e-13  4.27e-14  1704   238     0
1226.03  4.99e-14  3.12e-14  1705    91     0
1227.70  2.47e-14  3.02e-14  1706    46     0
1229.38  2.65e-14  2.97e-14  1706    50     0
1231.06  5.68e-15  2.87e-14  1707    11     0
1232.73  4.17e-15  2.83e-14  1708     8     0
1234.41 -5.85e-15  2.78e-14  1708   -11     0
1236.09  2.09e-14  2.76e-14  1709    42     0
1237.76  1.71e-14  2.71e-14  1710    35     0
1239.44  6.96e-14  2.78e-14  1711   145     0
1241.11  6.65e-14  2.71e-14  1711   142     0
1242.79  5.21e-14  2.66e-14  1712   112     0
1244.47  1.43e-14  2.56e-14  1713    31     0
1246.14 -1.63e-15  2.54e-14  1713    -3     0
1247.82  4.85e-14  2.61e-14  1714   106     0
1249.50  6.44e-14  2.61e-14  1715   142     0
1251.17  3.84e-14  2.48e-14  1715    88     0
1252.85  4.48e-14  2.46e-14  1716   103     0
1254.53  1.44e-14  2.39e-14  1717    33     0
1256.20 -1.12e-14  2.35e-14  1718   -26     0
1257.88  3.21e-15  2.34e-14  1718     7     0
1259.56 -2.78e-14  2.32e-14  1719   -65     0
1261.23 -1.37e-14  2.28e-14  1720   -32     0
1262.91  1.37e-14  2.28e-14  1720    33     0
1264.58  1.31e-14  2.27e-14  1721    31     0
1266.26  2.09e-14  2.23e-14  1722    52     0
1267.94  2.90e-14  2.23e-14  1722    72     0
1269.61 -5.37e-15  2.17e-14  1723   -13     0
1271.29 -1.34e-14  2.19e-14  1724   -33     0
1272.97  3.71e-14  2.23e-14  1724    93     0
1274.64  9.07e-15  2.17e-14  1725    22     0
1276.32 -2.58e-15  2.20e-14  1726    -6     0
1278.00  3.01e-14  2.23e-14  1726    74     0
1279.67  2.07e-14  2.21e-14  1727    51     0
1281.35  2.74e-14  2.18e-14  1728    69     0
1283.02  3.94e-14  2.20e-14  1728   100     0
1284.70  4.66e-14  2.20e-14  1729   119     0
1286.38  1.56e-14  2.12e-14  1730    40     0
1288.05  2.89e-14  2.13e-14  1730    74     0
1289.73  3.73e-14  2.15e-14  1731    96     0
1291.41  5.10e-14  2.18e-14  1732   132     0
1293.08  2.81e-14  2.14e-14  1732    72     0
1294.76  2.19e-14  2.11e-14  1733    56     0
1296.44  5.56e-16  2.06e-14  1733     1     0
1298.11  2.88e-14  2.11e-14  1734    75     0
1299.79  2.72e-14  2.11e-14  1735    71     0
1301.46  2.48e-14  2.12e-14  1735    64     0
1303.14  2.45e-15  2.08e-14  1736     6     0
1304.82  1.26e-14  2.09e-14  1737    32     0
1306.49  7.18e-15  2.11e-14  1737    18     0
1308.17  2.32e-14  2.14e-14  1738    59     0
1309.85 -2.49e-14  2.10e-14  1739   -63     0
1311.52 -1.02e-14  2.04e-14  1739   -26     0
1313.20  2.38e-14  2.07e-14  1740    62     0
1314.88  2.32e-14  2.08e-14  1741    60     0
1316.55 -7.53e-15  2.04e-14  1741   -19     0
1318.23 -2.66e-14  2.04e-14  1742   -69     0
1319.90 -3.07e-15  2.04e-14  1743    -7     0
1321.58  2.60e-14  2.16e-14  1743    65     0
1323.26  1.18e-14  2.18e-14  1744    29     0
1324.93 -1.39e-14  2.22e-14  1745   -34     0
1326.61 -4.15e-14  2.33e-14  1745  -103     0
1328.29 -2.93e-14  2.40e-14  1746   -72     0
1329.96  2.66e-15  2.28e-14  1747     6     0
1331.64  7.49e-15  2.17e-14  1747    18     0
1333.32  3.04e-14  2.18e-14  1748    75     0
1334.99  1.84e-14  2.15e-14  1748    45     0
1336.67  2.43e-14  2.11e-14  1749    61     0
1338.34  5.02e-14  2.16e-14  1750   126     0
1340.02  4.33e-14  2.21e-14  1750   106     0
1341.70 -1.30e-14  2.15e-14  1751   -31     0
1343.37 -1.20e-14  2.15e-14  1752   -29     0
1345.05  1.24e-14  2.15e-14  1752    30     0
1346.73 -1.43e-14  2.14e-14  1753   -34     0
1348.40  1.58e-14  2.16e-14  1754    38     0
1350.08  7.13e-15  2.17e-14  1754    17     0
1351.76  7.14e-17  2.17e-14  1755     0     0
1353.43 -2.07e-14  2.18e-14  1756   -49     0
1355.11  4.53e-14  2.24e-14  1756   108     0
1356.79  1.19e-15  2.18e-14  1757     2     0
1358.46 -4.60e-14  2.19e-14  1758  -108     0
1360.14 -1.43e-14  2.24e-14  1758   -32     0
1361.81  3.88e-15  2.25e-14  1759     8     0
1363.49 -8.35e-15  2.26e-14  1760   -19     0
1365.17  2.36e-15  2.27e-14  1760     5     0
1366.84 -1.71e-14  2.27e-14  1761   -38     0
1368.52  3.24e-15  2.28e-14  1762     7     0
1370.20 -1.87e-14  2.28e-14  1762   -41     0
1371.87 -1.40e-14  2.29e-14  1763   -31     0
1373.55  1.38e-14  2.32e-14  1764    30     0
1375.23  6.33e-14  2.40e-14  1764   140     0
1376.90  4.05e-15  2.31e-14  1765     8     0
1378.58 -3.78e-14  2.32e-14  1766   -82     0
1380.25 -3.82e-14  2.33e-14  1766   -83     0
1381.93 -1.22e-14  2.34e-14  1767   -26     0
1383.61  1.56e-14  2.38e-14  1768    33     0
1385.28  1.14e-14  2.37e-14  1768    24     0
1386.96 -2.45e-14  2.37e-14  1769   -52     0
1388.64  4.76e-15  2.38e-14  1770    10     0
1390.31  7.27e-15  2.42e-14  1770    15     0
1391.99  3.68e-14  2.49e-14  1771    75     0
1393.67  1.51e-15  2.45e-14  1771     3     0
1395.34  3.43e-14  2.66e-14  1772    70     0
1397.02  5.10e-14  2.55e-14  1773   103     0
1398.69  1.46e-14  2.50e-14  1773    29     0
1400.37 -1.85e-14  2.50e-14  1774   -37     0
1402.05  2.04e-14  2.55e-14  1775    40     0
1403.72 -9.97e-15  2.53e-14  1775   -19     0
1405.40 -8.68e-15  2.57e-14  1776   -16     0
1407.08  3.74e-15  2.59e-14  1777     7     0
1408.75 -2.62e-15  2.60e-14  1777    -4     0
1410.43  2.30e-15  2.60e-14  1778     4     0
1412.11  2.70e-14  2.65e-14  1779    51     0
1413.78  5.67e-14  2.71e-14  1779   106     0
1415.46  1.51e-14  2.60e-14  1780    28     0
1417.13 -1.93e-14  2.60e-14  1781   -36     0
1418.81 -3.12e-14  2.62e-14  1781   -58     0
1420.49 -2.05e-14  2.74e-14  1782   -36     0
1422.16 -1.41e-14  2.75e-14  1783   -25     0
1423.84 -1.08e-14  2.77e-14  1783   -19     0
1425.52 -2.31e-14  2.74e-14  1784   -41     0
1427.19 -1.51e-14  2.75e-14  1785   -26     0
1428.87 -1.01e-14  2.76e-14  1785   -17     0
1430.55 -1.24e-14  2.78e-14  1786   -21     0
1432.22  6.34e-14  2.89e-14  1787   110     0
1433.90 -6.63e-15  2.80e-14  1787   -11     0
1435.57  3.81e-15  2.84e-14  1788     6     0
1437.25  4.26e-14  2.92e-14  1789    72     0
1438.93  2.10e-14  2.90e-14  1789    35     0
1440.60 -8.70e-15  2.84e-14  1790   -14     0
1442.28  3.74e-14  2.96e-14  1791    63     0
1443.96 -2.22e-14  2.86e-14  1791   -37     0
1445.63 -2.62e-14  2.87e-14  1792   -43     0
1447.31 -3.72e-15  3.93e-14  1792    -6     0
1448.99  1.38e-14  2.89e-14  1793    22     0
1450.66  2.81e-14  2.90e-14  1794    46     0
1452.34  8.20e-14  2.99e-14  1794   136     0
1454.02  1.02e-14  2.88e-14  1795    16     0
1455.69 -4.85e-14  2.89e-14  1796   -79     0
1457.37 -2.98e-14  2.89e-14  1796   -48     0
1459.04  1.62e-14  2.91e-14  1797    26     0
1460.72 -7.62e-15  2.93e-14  1798   -12     0
1462.40 -4.31e-14  2.84e-14  1798   -71     0
1464.07 -1.85e-14  2.84e-14  1799   -30     0
1465.75  1.06e-14  2.88e-14  1800    17     0
1467.43  4.45e-14  2.95e-14  1800    72     0
1469.10 -2.71e-15  2.89e-14  1801    -4     0
1470.78  8.70e-15  2.95e-14  1801    13     0
1472.46  7.88e-14  3.05e-14  1802   124     0
1474.13  4.41e-14  3.13e-14  1803    69     0
1475.81  4.27e-14  3.00e-14  1803    67     0
1477.48 -3.98e-14  2.95e-14  1804   -62     0
1479.16 -1.22e-14  2.95e-14  1805   -19     0
1480.84 -5.30e-14  2.96e-14  1805   -82     0
1482.51 -6.13e-14  2.96e-14  1806   -95     0
1484.19 -1.05e-14  2.96e-14  1806   -16     0
1485.87 -1.58e-14  2.92e-14  1807   -24     0
1487.54  2.24e-14  2.94e-14  1808    35     0
1489.22 -3.47e-14  2.92e-14  1808   -54     0
1490.90  4.16e-14  3.02e-14  1809    63     0
1492.57  1.16e-14  2.98e-14  1809    17     0
1494.25  1.60e-14  3.00e-14  1810    24     0
1495.92  3.96e-16  2.93e-14  1811     0     0
1497.60 -2.68e-15  2.93e-14  1811    -4     0
1499.28  3.93e-14  3.00e-14  1812    60     0
1500.95  1.29e-14  2.93e-14  1812    19     0
1502.63  4.34e-14  2.98e-14  1813    66     0
1504.31  5.24e-14  3.00e-14  1814    80     0
1505.98 -1.33e-15  2.93e-14  1814    -2     0
1507.66 -1.58e-14  2.93e-14  1815   -24     0
1509.34 -6.59e-15  2.95e-14  1815   -10     0
1511.01  3.58e-14  3.04e-14  1816    53     0
1512.69  2.86e-14  3.03e-14  1816    42     0
1514.36 -6.33e-14  3.00e-14  1817   -93     0
1516.04 -1.84e-14  3.03e-14  1818   -26     0
1517.72 -1.60e-14  3.04e-14  1818   -23     0
1519.39  2.02e-14  3.20e-14  1819    29     0
1521.07  3.02e-14  3.26e-14  1819    43     0
1522.75  1.87e-14  3.08e-14  1820    26     0
1524.42 -2.29e-15  3.07e-14  1820    -3     0
1526.10 -9.96e-15  3.07e-14  1821   -14     0
1527.78 -6.69e-14  3.07e-14  1821   -95     0
1529.45 -3.77e-14  3.07e-14  1822   -53     0
1531.13  7.25e-15  3.03e-14  1822    10     0
1532.80 -1.64e-16  3.03e-14  1823     0     0
1534.48 -7.48e-15  3.02e-14  1824   -10     0
1536.16 -6.48e-14  3.00e-14  1824   -93     0
1537.83 -1.56e-14  2.99e-14  1825   -22     0
1539.51 -4.66e-14  2.99e-14  1825   -67     0
1541.19 -1.49e-15  3.15e-14  1826    -2     0
1542.86  4.06e-14  3.02e-14  1826    58     0
1544.54 -2.49e-15  2.97e-14  1827    -3     0
1546.22  1.81e-14  3.00e-14  1827    25     0
1547.89  5.44e-14  3.05e-14  1828    77     0
1549.57  1.04e-13  3.10e-14  1828   147     0
1551.24  6.47e-14  3.04e-14  1829    92     0
1552.92 -2.04e-14  2.96e-14  1829   -29     0
1554.60 -3.34e-14  2.95e-14  1830   -47     0
1556.27 -5.84e-14  2.92e-14  1830   -84     0
1557.95 -3.27e-14  2.91e-14  1831   -47     0
1559.63  5.87e-15  2.90e-14  1831     8     0
1561.30  3.46e-14  2.95e-14  1831    49     0
1562.98  2.07e-14  2.93e-14  1832    29     0
1564.66 -2.02e-15  2.92e-14  1832    -2     0
1566.33  3.08e-14  2.93e-14  1833    45     0
1568.01 -3.89e-14  2.81e-14  1833   -57     0
1569.69 -1.07e-14  2.80e-14  1834   -15     0
1571.36  2.59e-14  2.88e-14  1834    37     0
1573.04  2.55e-14  2.87e-14  1835    36     0
1574.71  5.56e-15  2.84e-14  1835     8     0
1576.39 -9.52e-15  2.86e-14  1835   -13     0
1578.07 -6.51e-15  2.85e-14  1836    -9     0
1579.74  1.03e-14  2.84e-14  1836    14     0
1581.42 -2.36e-14  2.79e-14  1837   -34     0
1583.10 -2.53e-15  2.78e-14  1837    -3     0
1584.77  5.67e-14  2.83e-14  1837    82     0
1586.45  4.35e-14  2.78e-14  1838    63     0
1588.13  1.14e-14  2.74e-14  1838    16     0
1589.80  9.98e-15  2.73e-14  1839    14     0
1591.48  7.78e-15  2.75e-14  1839    11     0
1593.15  1.76e-14  2.90e-14  1839    25     0
1594.83  5.21e-15  2.72e-14  1840     7     0
1596.51  1.48e-14  2.73e-14  1840    21     0
1598.18  6.65e-14  2.74e-14  1840    98     0
1599.86  5.97e-14  2.72e-14  1841    88     0
1601.54 -2.52e-14  2.64e-14  1841   -37     0
1603.21 -4.49e-14  2.63e-14  1841   -67     0
1604.89 -4.73e-14  2.61e-14  1842   -71     0
1606.57 -3.37e-14  2.65e-14  1842   -49     0
1608.24 -5.61e-14  2.64e-14  1842   -83     0
1609.92  5.40e-15  2.80e-14  1843     8     0
1611.59 -2.98e-14  2.59e-14  1843   -44     0
1613.27 -3.17e-14  2.58e-14  1843   -47     0
1614.95 -2.31e-14  2.56e-14  1844   -34     0
1616.62 -6.64e-15  2.58e-14  1844    -9     0
1618.30 -2.33e-14  2.56e-14  1844   -35     0
1619.98  1.09e-14  2.55e-14  1844    16     0
1621.65 -1.72e-14  2.50e-14  1845   -26     0
1623.33 -9.22e-15  2.49e-14  1845   -14     0
1625.01 -5.12e-14  2.45e-14  1845   -79     0
1626.68 -7.83e-15  2.43e-14  1845   -12     0
1628.36 -3.27e-14  2.42e-14  1846   -51     0
1630.03 -4.22e-14  2.50e-14  1846   -63     0
1631.71  8.49e-15  2.53e-14  1846    12     0
1633.39 -3.77e-14  2.47e-14  1846   -57     0
1635.06 -2.60e-14  2.41e-14  1847   -40     0
1636.74  2.28e-14  2.42e-14  1847    35     0
1638.42  4.53e-14  2.43e-14  1847    70     0
1640.09  7.75e-14  2.45e-14  1847   121     0
1641.77  4.59e-15  2.36e-14  1847     7     0
1643.45  1.76e-14  2.37e-14  1848    27     0
1645.12  1.74e-14  2.35e-14  1848    27     0
1646.80 -2.09e-15  2.32e-14  1848    -3     0
1648.47  1.61e-14  2.32e-14  1848    25     0
1650.15  1.31e-14  2.32e-14  1848    20     0
1651.83 -4.11e-14  2.30e-14  1849   -65     0
1653.50  1.16e-14  2.29e-14  1849    18     0
1655.18  2.68e-14  2.27e-14  1849    43     0
1656.86  1.56e-15  2.24e-14  1849     2     0
1658.53  5.69e-15  2.23e-14  1849     9     0
1660.21  3.55e-14  2.25e-14  1849    58     0
1661.89  7.60e-14  2.38e-14  1849   126     0
1663.56 -1.78e-14  2.24e-14  1849   -29     0
1665.24 -1.84e-15  2.29e-14  1850    -3     0
1666.92 -3.44e-14  2.18e-14  1850   -56     0
1668.59  1.09e-14  2.17e-14  1850    17     0
1670.27 -1.36e-14  2.11e-14  1850   -22     0
1671.94  1.33e-14  2.10e-14  1850    22     0
1673.62 -1.61e-14  2.08e-14  1850   -27     0
1675.30 -2.24e-14  2.03e-14  1850   -38     0
1676.97 -2.26e-14  2.01e-14  1850   -39     0
1678.65 -1.34e-14  2.00e-14  1850   -23     0
1680.33 -1.75e-14  2.01e-14  1850   -30     0
1682.00 -4.71e-14  2.00e-14  1850   -81     0
1683.68 -4.85e-14  1.98e-14  1850   -84     0
1685.36 -1.39e-14  1.99e-14  1850   -24     0
1687.03 -6.60e-15  1.97e-14  1850   -11     0
1688.71  2.97e-14  1.98e-14  1850    52     0
1690.38  7.94e-15  1.93e-14  1850    14     0
1692.06 -2.07e-14  1.91e-14  1850   -36     0
1693.74  7.55e-15  1.90e-14  1850    13     0
1695.41 -2.00e-14  1.88e-14  1850   -36     0
1697.09 -9.84e-15  1.86e-14  1850   -17     0
1698.77 -6.69e-15  1.85e-14  1850   -12     0
1700.44  4.35e-15  1.82e-14  1850     8     0
1702.12  1.89e-15  1.81e-14  1850     3     0
1703.80 -1.42e-14  1.79e-14  1850   -26     0
1705.47 -1.79e-14  1.80e-14  1850   -33     0
1707.15 -1.23e-14  1.79e-14  1850   -23     0
1708.82 -3.20e-15  1.77e-14  1850    -6     0
1710.50  9.43e-16  1.76e-14  1850     1     0
1712.18  2.68e-14  1.76e-14  1850    50     0
1713.85  1.70e-14  1.74e-14  1850    32     0
1715.53 -4.14e-14  1.73e-14  1850   -78     0
1717.21 -3.72e-15  1.71e-14  1850    -7     0
1718.88  7.35e-15  1.70e-14  1850    14     0
1720.56  1.51e-14  1.65e-14  1850    29     0
1722.24 -4.59e-15  1.63e-14  1849    -9     0
1723.91 -1.19e-17  1.61e-14  1849     0     0
1725.59 -2.11e-14  1.65e-14  1849   -41     0
1727.26  3.31e-15  1.63e-14  1849     6     0
1728.94  1.58e-15  1.62e-14  1849     3     0
1730.62  1.28e-14  1.62e-14  1849    25     0
1732.29 -1.23e-14  1.59e-14  1849   -24     0
1733.97  2.83e-14  1.60e-14  1849    57     0
1735.65  2.36e-14  1.58e-14  1848    47     0
1737.32  6.56e-16  1.55e-14  1848     1     0
1739.00 -2.83e-15  1.54e-14  1848    -5     0
1740.68 -8.49e-15  1.49e-14  1848   -17     0
1742.35 -1.93e-14  1.71e-14  1848   -40     0
1744.03 -9.10e-15  1.47e-14  1848   -19     0
1745.70  2.64e-14  1.49e-14  1847    56     0
1747.38 -2.69e-14  1.46e-14  1847   -57     0
1749.06  2.11e-14  1.46e-14  1847    45     0
1750.73  2.14e-14  1.53e-14  1847    46     0
1752.41  1.50e-14  1.42e-14  1847    32     0
1754.09  1.20e-14  1.44e-14  1846    26     0
1755.76  2.68e-14  1.42e-14  1846    58     0
1757.44  5.30e-14  1.43e-14  1846   115     0
1759.12  1.74e-14  1.40e-14  1846    38     0
1760.79  1.27e-14  1.39e-14  1845    27     0
1762.47  3.58e-14  1.39e-14  1845    79     0
1764.15  3.26e-14  1.37e-14  1845    72     0
1765.82  3.54e-15  1.34e-14  1845     7     0
1767.50  6.47e-15  1.33e-14  1844    14     0
1769.17  1.74e-14  1.33e-14  1844    39     0
1770.85  7.27e-15  1.52e-14  1844    16     0
1772.53  6.36e-15  1.30e-14  1844    14     0
1774.20 -1.74e-14  1.28e-14  1843   -40     0
1775.88 -4.32e-15  1.28e-14  1843   -10     0
1777.56 -4.50e-15  1.27e-14  1843   -10     0
1779.23 -6.02e-15  1.26e-14  1843   -14     0
1780.91 -1.56e-14  1.26e-14  1842   -36     0
1782.59  4.06e-15  1.25e-14  1842     9     0
1784.26  5.97e-15  1.25e-14  1842    14     0
1785.94  2.24e-14  1.22e-14  1841    53     0
1787.61  1.99e-15  1.21e-14  1841     4     0
1789.29  7.50e-15  1.26e-14  1841    18     0
1790.97  2.11e-14  1.37e-14  1841    50     0
1792.64 -7.73e-15  1.40e-14  1840   -18     0
1794.32 -1.89e-14  1.39e-14  1840   -45     0
1796.00  1.87e-14  1.36e-14  1840    44     0
1797.67  1.38e-14  1.25e-14  1839    33     0
1799.35 -5.24e-15  1.18e-14  1839   -12     0
1801.03  1.24e-14  1.17e-14  1839    30     0
1802.70 -5.15e-15  1.16e-14  1838   -12     0
1804.38 -2.50e-14  1.15e-14  1838   -61     0
1806.05  3.44e-15  1.17e-14  1838     8     0
1807.73  2.93e-15  1.16e-14  1837     7     0
1809.41 -1.35e-14  1.16e-14  1837   -32     0
1811.08 -9.89e-16  1.14e-14  1837    -2     0
1812.76  5.95e-15  1.14e-14  1836    14     0
1814.44  6.90e-15  1.14e-14  1836    16     0
1816.11 -1.14e-14  1.13e-14  1836   -28     0
1817.79 -7.13e-15  1.13e-14  1835   -17     0
1819.47 -5.54e-15  1.12e-14  1835   -13     0
1821.14  7.64e-15  1.13e-14  1835    18     0
1822.82 -3.13e-15  1.12e-14  1834    -7     0
1824.49 -9.60e-15  1.11e-14  1834   -23     0
1826.17 -1.01e-14  1.13e-14  1833   -24     0
1827.85 -1.17e-14  1.12e-14  1833   -28     0
1829.52  3.41e-15  1.12e-14  1833     8     0
1831.20  2.34e-15  1.09e-14  1832     5     0
1832.88  1.12e-14  1.09e-14  1832    27     0
1834.55 -8.55e-15  1.08e-14  1832   -21     0
1836.23 -7.31e-15  1.07e-14  1831   -18     0
1837.91 -3.11e-15  1.07e-14  1831    -7     0
1839.58 -1.69e-14  1.07e-14  1831   -42     0
1841.26 -1.26e-14  1.08e-14  1830   -31     0
1842.93  6.56e-15  1.08e-14  1830    16     0
1844.61  1.65e-14  1.08e-14  1830    40     0
1846.29  9.92e-15  1.05e-14  1829    25     0
1847.96 -3.68e-17  1.05e-14  1829     0     0
1849.64  1.91e-14  1.05e-14  1829    48     0
1851.32 -2.78e-16  1.06e-14  1828     0     0
1852.99  5.20e-15  1.06e-14  1828    12     0
1854.67 -9.62e-15  1.06e-14  1828   -23     0
1856.35 -1.83e-14  1.05e-14  1827   -45     0
1858.02 -4.62e-15  1.05e-14  1827   -11     0
1859.70  7.83e-15  1.05e-14  1827    19     0
1861.37  1.11e-15  1.04e-14  1826     2     0
1863.05 -1.63e-14  1.04e-14  1826   -40     0
1864.73 -7.41e-15  1.05e-14  1826   -18     0
1866.40  8.74e-15  1.05e-14  1825    21     0
1868.08  2.30e-15  1.05e-14  1825     5     0
1869.76  7.13e-16  1.05e-14  1825     1     0
1871.43 -9.59e-15  1.06e-14  1824   -23     0
1873.11 -2.52e-15  1.06e-14  1824    -6     0
1874.79 -9.84e-15  1.06e-14  1824   -23     0
1876.46 -1.71e-15  1.05e-14  1823    -4     0
1878.14 -6.55e-16  1.05e-14  1823    -1     0
1879.82  7.33e-15  1.05e-14  1823    17     0
1881.49  7.00e-15  1.05e-14  1823    16     0
1883.17  9.09e-15  1.05e-14  1822    21     0
1884.84  1.42e-14  1.05e-14  1822    33     0
1886.52  7.72e-15  1.05e-14  1822    18     0
1888.20  1.02e-14  1.05e-14  1822    24     0
1889.87  1.22e-14  1.05e-14  1821    28     0
1891.55 -3.03e-15  1.05e-14  1821    -7     0
1893.23 -2.61e-15  1.05e-14  1821    -6     0
1894.90 -1.21e-14  1.05e-14  1821   -28     0
1896.58 -1.32e-14  1.04e-14  1820   -31     0
1898.26 -2.50e-15  1.04e-14  1820    -5     0
1899.93  7.64e-15  1.05e-14  1820    17     0
1901.61 -8.45e-15  1.05e-14  1820   -19     0
1903.28 -7.49e-16  1.04e-14  1820    -1     0
1904.96  1.30e-15  1.04e-14  1819     3     0
1906.64  8.80e-15  1.03e-14  1819    20     0
1908.31  9.57e-15  1.03e-14  1819    22     0
1909.99  2.24e-14  1.04e-14  1819    52     0
1911.67  1.14e-14  1.05e-14  1819    26     0
1913.34  1.09e-14  1.05e-14  1819    25     0
1915.02 -2.61e-15  1.06e-14  1818    -5     0
1916.70  5.82e-15  1.06e-14  1818    13     0
1918.37  2.03e-14  1.11e-14  1818    45     0
1920.05  2.74e-14  1.13e-14  1818    62     0
1921.72  3.11e-14  1.16e-14  1818    71     0
1923.40  7.75e-15  1.25e-14  1818    17     0
1925.08  1.18e-14  1.20e-14  1818    27     0
1926.75  3.17e-15  1.20e-14  1818     7     0
1928.43 -1.08e-14  1.16e-14  1818   -24     0
1930.11 -1.57e-14  1.04e-14  1818   -36     0
1931.78 -9.14e-15  1.02e-14  1818   -21     0
1933.46 -1.96e-14  1.01e-14  1818   -45     0
1935.14 -3.13e-14  1.02e-14  1818   -71     0
1936.81 -1.44e-14  1.02e-14  1818   -33     0
1938.49 -2.99e-15  1.02e-14  1818    -6     0
1940.16  9.27e-15  1.02e-14  1818    21     0
1941.84  1.05e-14  1.01e-14  1818    24     0
1943.52  1.63e-14  1.01e-14  1818    37     0
1945.19  2.57e-14  9.95e-15  1818    60     0
1946.87  2.65e-14  9.90e-15  1818    62     0
1948.55  2.04e-14  9.85e-15  1818    48     0
1950.22  1.92e-14  9.92e-15  1819    44     0
1951.90  1.37e-14  9.86e-15  1819    32     0
1953.58  1.39e-14  9.82e-15  1819    32     0
1955.25  1.73e-14  9.71e-15  1819    41     0
1956.93  2.59e-14  9.69e-15  1819    61     0
1958.60  2.65e-14  9.66e-15  1820    63     0
1960.28  2.60e-14  9.51e-15  1820    63     0
1961.96  2.06e-14  9.48e-15  1820    50     0
1963.63  5.39e-15  9.43e-15  1821    13     0
1965.31  2.90e-15  9.47e-15  1821     7     0
1966.99  2.53e-16  9.46e-15  1821     0     0
1968.66  3.95e-15  9.46e-15  1822     9     0
1970.34  6.58e-15  9.42e-15  1822    15     0
1972.02  1.27e-14  9.47e-15  1822    30     0
1973.69  1.16e-14  9.51e-15  1823    27     0
1975.37  2.14e-14  9.56e-15  1823    51     0
1977.05  2.02e-14  9.60e-15  1824    47     0
1978.72  5.16e-15  9.62e-15  1824    12     0
