NOT ORIGINAL IUE PROJECT DATA PRODUCT
SWP42396LOWLARGE
HD  197481
20:42:04
-31:31:05
48
NO-TRAIL
NO
01499.825
04/09/91
19:57:03
247
04.50
13/02/96
VILSPA
2448504.33128
0
19
1150.58 -1.42e-14  1.22e-13   -37    -1     0
1152.26  4.83e-14  1.16e-13   -37     5     0
1153.94 -2.13e-14  1.07e-13   -36    -2     0
1155.61  1.64e-13  1.09e-13   -36    20     0
1157.29 -7.30e-14  9.52e-14   -36    -9     0
1158.97  8.37e-14  9.06e-14   -35    12     0
1160.64 -2.37e-14  8.08e-14   -35    -3     0
1162.32  1.11e-13  7.92e-14   -35    18     0
1163.99 -1.02e-13  6.98e-14   -34   -18     0
1165.67 -4.44e-14  6.06e-14   -34    -9     0
1167.35 -6.65e-14  5.64e-14   -33   -14     0
1169.02  6.42e-15  5.26e-14   -33     1     0
1170.70  5.41e-14  5.07e-14   -33    13     0
1172.38 -4.45e-14  4.53e-14   -32   -11     0
1174.05 -3.90e-14  4.37e-14   -32   -11     0
1175.73  4.10e-15  4.34e-14   -32     1     0
1177.41  1.19e-14  3.90e-14   -31     3     0
1179.08 -3.09e-14  3.44e-14   -31   -10     0
1180.76 -1.32e-14  3.13e-14   -30    -5     0
1182.43 -2.62e-14  2.95e-14   -30   -10     0
1184.11  3.12e-14  2.89e-14   -30    13     0
1185.79 -6.92e-15  2.65e-14   -29    -3     0
1187.46  6.61e-16  2.52e-14   -29     0     0
1189.14  1.10e-14  2.56e-14   -28     5     0
1190.82 -1.95e-14  2.37e-14   -28   -10     0
1192.49  7.05e-15  2.11e-14   -28     3     0
1194.17 -5.59e-15  2.19e-14   -27    -3     0
1195.85 -3.76e-16  3.14e-14   -27     0     0
1197.52  7.10e-16  8.08e-14   -26     0 -4096
1199.20  6.23e-14  6.64e-14   -26    40 -4224
1200.87  4.60e-14  6.17e-14   -26    31 -4096
1202.55  5.47e-15  2.73e-14   -25     3 -4096
1204.23  2.66e-14  1.84e-14   -25    19     0
1205.90  2.65e-14  1.58e-14   -24    20     0
1207.58  4.98e-14  2.16e-14   -24    39     0
1209.26  9.21e-14  2.13e-14   -24    74     0
1210.93  8.11e-14  3.91e-14   -23    67     0
1212.61  2.45e-13  5.58e-14   -23   210     0
1214.29  3.29e-13  6.05e-14   -22   290     0
1215.96  4.93e-13  7.46e-14   -22   448     0
1217.64  4.09e-13  9.69e-14   -22   380     0
1219.32  4.04e-13  4.17e-14   -21   383     0
1220.99  2.50e-13  4.35e-14   -21   243     0
1222.67  1.89e-13  5.03e-14   -20   188     0
1224.34  8.46e-14  1.78e-14   -20    85     0
1226.02  3.34e-14  1.18e-14   -20    34     0
1227.70 -2.47e-15  9.97e-15   -19    -2     0
1229.37  7.14e-15  1.00e-14   -19     7     0
1231.05  6.10e-15  9.77e-15   -18     6     0
1232.73 -6.79e-16  9.32e-15   -18     0     0
1234.40  9.39e-15  9.47e-15   -18    10     0
1236.08  1.35e-14  9.42e-15   -17    15     0
1237.76  8.34e-15  9.15e-15   -17     9     0
1239.43 -2.09e-15  8.64e-15   -17    -2     0
1241.11  6.47e-15  8.61e-15   -16     7     0
1242.78  1.14e-14  8.79e-15   -16    14     0
1244.46 -2.29e-15  8.19e-15   -15    -2     0
1246.14  1.37e-14  8.79e-15   -15    17     0
1247.81  8.18e-16  8.10e-15   -15     1     0
1249.49  6.17e-15  8.23e-15   -14     7     0
1251.17  5.27e-15  7.89e-15   -14     6     0
1252.84  9.75e-15  8.45e-15   -13    12     0
1254.52  7.24e-15  7.77e-15   -13     9     0
1256.20  4.89e-15  7.64e-15   -13     6     0
1257.87 -3.49e-15  7.35e-15   -12    -4     0
1259.55  4.18e-16  7.27e-15   -12     0     0
1261.22  4.23e-16  7.15e-15   -12     0     0
1262.90  2.93e-15  7.19e-15   -11     4     0
1264.58  4.14e-15  7.10e-15   -11     5     0
1266.25 -4.14e-16  6.83e-15   -10     0     0
1267.93  3.68e-15  7.41e-15   -10     5     0
1269.61  5.75e-15  9.83e-15   -10     8     0
1271.28 -1.45e-14  6.70e-15    -9   -20     0
1272.96  1.24e-14  7.12e-15    -9    17     0
1274.64  3.80e-15  6.74e-15    -9     5     0
1276.31 -1.01e-14  6.67e-15    -8   -14     0
1277.99 -6.68e-15  7.10e-15    -8    -9     0
1279.67  2.55e-14  7.82e-15    -7    36     0
1281.34  1.53e-16  6.43e-15    -7     0     0
1283.02  2.48e-15  9.65e-15    -7     3     0
1284.69  6.51e-15  7.48e-15    -6     9     0
1286.37  7.61e-15  6.78e-15    -6    11     0
1288.05  1.86e-14  8.52e-15    -6    27     0
1289.72 -2.78e-15  6.21e-15    -5    -4     0
1291.40 -1.01e-15  6.19e-15    -5    -1     0
1293.08 -3.54e-15  6.15e-15    -5    -5     0
1294.75  2.00e-14  6.98e-15    -4    29     0
1296.43 -4.72e-15  6.04e-15    -4    -7     0
1298.11  4.01e-15  6.62e-15    -4     6     0
1299.78  7.36e-15  6.44e-15    -3    11     0
1301.46  1.30e-14  8.01e-15    -3    19     0
1303.13 -1.00e-14  6.02e-15    -3   -14     0
1304.81  5.90e-15  6.23e-15    -2     8     0
1306.49  8.76e-15  6.41e-15    -2    12     0
1308.16  1.87e-14  8.39e-15    -2    27     0
1309.84  2.13e-14  7.07e-15    -1    31     0
1311.52  6.70e-16  6.45e-15    -1     1     0
1313.19 -6.56e-17  5.82e-15    -1     0     0
1314.87  1.24e-14  8.49e-15     0    18     0
1316.55  1.32e-14  7.68e-15     0    19     0
1318.22 -3.86e-15  5.77e-15     0    -5     0
1319.90  1.32e-15  6.10e-15     0     1     0
1321.57 -1.61e-15  8.31e-15     0    -2     0
1323.25 -2.15e-14  8.50e-15     0   -30     0
1324.93  2.63e-14  7.65e-15     1    37     0
1326.60 -1.83e-14  6.91e-15     1   -26     0
1328.28  4.28e-15  6.13e-15     1     6     0
1329.96 -2.78e-15  5.91e-15     2    -3     0
1331.63  4.47e-15  6.01e-15     2     6     0
1333.31  6.01e-15  6.14e-15     2     8     0
1334.99 -8.94e-16  6.33e-15     3    -1     0
1336.66  1.37e-14  9.19e-15     3    19     0
1338.34  1.69e-14  6.47e-15     3    24     0
1340.01  1.67e-14  6.92e-15     4    23     0
1341.69 -2.82e-15  5.92e-15     4    -3     0
1343.37  5.80e-15  6.12e-15     4     8     0
1345.04  1.11e-14  6.31e-15     5    15     0
1346.72 -4.00e-15  5.79e-15     5    -5     0
1348.40  1.82e-14  7.92e-15     5    25     0
1350.07  1.06e-16  5.82e-15     5     0     0
1351.75 -9.85e-16  5.92e-15     6    -1     0
1353.43 -1.40e-14  6.06e-15     6   -18     0
1355.10  1.28e-15  9.19e-15     6     1     0
1356.78 -9.85e-15  5.80e-15     7   -13     0
1358.46  1.03e-14  6.23e-15     7    13     0
1360.13 -3.00e-15  5.97e-15     7    -3     0
1361.81  2.11e-14  6.92e-15     7    27     0
1363.48 -1.19e-15  5.95e-15     8    -1     0
1365.16  1.84e-15  6.01e-15     8     2     0
1366.84 -6.07e-15  5.99e-15     8    -7     0
1368.51 -3.20e-15  5.98e-15     9    -4     0
1370.19  4.04e-15  6.16e-15     9     5     0
1371.87  5.96e-15  6.39e-15     9     7     0
1373.54  1.93e-15  6.01e-15     9     2     0
1375.22  9.82e-15  6.45e-15    10    12     0
1376.90 -1.68e-15  7.64e-15    10    -2     0
1378.57 -6.11e-15  5.99e-15    10    -7     0
1380.25 -5.45e-15  5.99e-15    10    -6     0
1381.92 -4.72e-15  6.15e-15    11    -5     0
1383.60 -7.11e-16  1.18e-14    11     0     0
1385.28  1.26e-14  7.10e-15    11    15     0
1386.95 -1.37e-14  6.08e-15    11   -16     0
1388.63  3.21e-15  6.99e-15    12     3     0
1390.31 -5.69e-15  6.15e-15    12    -6     0
1391.98 -5.10e-15  9.11e-15    12    -6     0
1393.66  2.17e-14  7.98e-15    12    25     0
1395.34  1.81e-14  7.41e-15    13    21     0
1397.01 -4.65e-15  6.20e-15    13    -5     0
1398.69 -1.47e-15  6.46e-15    13    -1     0
1400.36 -2.14e-15  6.26e-15    13    -2     0
1402.04 -4.62e-15  6.87e-15    14    -5     0
1403.72  2.26e-15  8.77e-15    14     2     0
1405.39  3.80e-15  1.27e-14    14     4     0
1407.07  5.87e-15  7.70e-15    14     6     0
1408.75  2.04e-15  8.42e-15    15     2     0
1410.42 -3.15e-16  6.48e-15    15     0     0
1412.10  7.31e-15  8.33e-15    15     7     0
1413.78  3.92e-15  7.06e-15    15     4     0
1415.45  4.99e-15  8.76e-15    16     5     0
1417.13  3.45e-15  6.68e-15    16     3     0
1418.81  5.55e-15  6.94e-15    16     5     0
1420.48 -2.60e-14  6.72e-15    16   -26     0
1422.16 -1.78e-14  6.70e-15    17   -18     0
1423.83  1.67e-15  6.79e-15    17     1     0
1425.51 -3.66e-15  6.75e-15    17    -3     0
1427.19  2.77e-16  6.65e-15    17     0     0
1428.86  4.42e-15  1.01e-14    17     4     0
1430.54  3.79e-15  6.84e-15    18     3     0
1432.22 -3.19e-15  6.70e-15    18    -3     0
1433.89 -6.39e-15  6.77e-15    18    -6     0
1435.57  2.30e-15  7.89e-15    18     2     0
1437.25  2.16e-15  6.97e-15    19     2     0
1438.92 -2.08e-14  1.24e-14    19   -19     0
1440.60  1.82e-15  6.85e-15    19     1     0
1442.27  2.49e-15  7.05e-15    19     2     0
1443.95  2.30e-15  6.82e-15    19     2     0
1445.63  1.85e-14  7.66e-15    20    17     0
1447.30  1.26e-15  6.80e-15    20     1     0
1448.98 -1.78e-14  6.79e-15    20   -16     0
1450.66  1.10e-14  7.29e-15    20    10     0
1452.33 -6.96e-15  6.72e-15    20    -6     0
1454.01  4.91e-15  1.00e-14    21     4     0
1455.69  2.82e-15  7.01e-15    21     2     0
1457.36  7.72e-15  7.16e-15    21     7     0
1459.04 -5.43e-15  6.74e-15    21    -5     0
1460.71  4.41e-15  6.75e-15    21     4     0
1462.39  1.77e-15  6.84e-15    22     1     0
1464.07 -1.87e-15  6.58e-15    22    -1     0
1465.74 -3.72e-15  8.83e-15    22    -3     0
1467.42  4.62e-16  6.67e-15    22     0     0
1469.10  5.71e-15  6.92e-15    22     5     0
1470.77 -2.28e-15  6.76e-15    22    -2     0
1472.45 -4.01e-15  6.75e-15    23    -3     0
1474.13  4.35e-15  6.89e-15    23     3     0
1475.80  1.63e-14  7.43e-15    23    14     0
1477.48  5.88e-16  6.74e-15    23     0     0
1479.16  4.46e-15  7.80e-15    23     3     0
1480.83  2.35e-15  1.00e-14    24     2     0
1482.51  1.47e-14  7.50e-15    24    13     0
1484.18  4.41e-16  6.80e-15    24     0     0
1485.86  9.37e-15  9.65e-15    24     8     0
1487.54  2.96e-15  6.71e-15    24     2     0
1489.21  8.01e-15  6.95e-15    24     7     0
1490.89 -3.78e-15  6.68e-15    25    -3     0
1492.57  1.02e-15  6.72e-15    25     0     0
1494.24 -6.34e-18  6.68e-15    25     0     0
1495.92 -9.83e-15  6.55e-15    25    -8     0
1497.60  9.63e-15  7.02e-15    25     8     0
1499.27 -9.68e-16  6.86e-15    25     0     0
1500.95  8.14e-15  6.94e-15    26     7     0
1502.62  7.70e-15  6.89e-15    26     6     0
1504.30  7.71e-15  6.92e-15    26     6     0
1505.98  3.51e-15  6.67e-15    26     3     0
1507.65  4.33e-15  6.71e-15    26     3     0
1509.33 -1.02e-14  6.49e-15    26    -8     0
1511.01 -1.05e-14  6.59e-15    27    -8     0
1512.68  3.67e-15  6.76e-15    27     3     0
1514.36 -2.96e-15  8.41e-15    27    -2     0
1516.04  1.04e-14  7.28e-15    27     8     0
1517.71  5.77e-15  6.89e-15    27     4     0
1519.39 -9.38e-16  6.66e-15    27     0     0
1521.06 -1.79e-15  6.68e-15    27    -1     0
1522.74  3.67e-15  6.84e-15    28     3     0
1524.42  1.31e-14  7.39e-15    28    10     0
1526.09 -4.40e-15  6.67e-15    28    -3     0
1527.77  4.32e-15  6.89e-15    28     3     0
1529.45 -9.72e-15  6.78e-15    28    -7     0
1531.12  6.22e-15  6.84e-15    28     5     0
1532.80  1.36e-15  6.53e-15    28     1     0
1534.48 -2.88e-15  7.28e-15    29    -2     0
1536.15  3.57e-15  7.40e-15    29     2     0
1537.83 -2.29e-16  6.61e-15    29     0     0
1539.50  1.25e-15  6.47e-15    29     1     0
1541.18  6.03e-15  6.67e-15    29     4     0
1542.86 -8.85e-15  6.37e-15    29    -7     0
1544.53  2.24e-16  6.39e-15    29     0     0
1546.21  2.38e-14  7.71e-15    30    19     0
1547.89  1.28e-14  7.50e-15    30    10     0
1549.56  3.81e-14  9.09e-15    30    31     0
1551.24  4.27e-14  1.06e-14    30    34     0
1552.92  4.15e-14  8.68e-15    30    33     0
1554.59  1.59e-14  7.33e-15    30    13     0
1556.27  4.15e-15  6.39e-15    30     3     0
1557.95 -8.65e-15  8.76e-15    30    -7     0
1559.62  9.80e-15  7.23e-15    31     8     0
1561.30  1.17e-14  6.79e-15    31     9     0
1562.97  1.29e-14  6.83e-15    31    10     0
1564.65  3.58e-15  7.06e-15    31     2     0
1566.33  1.82e-14  7.00e-15    31    15     0
1568.00 -1.23e-14  5.95e-15    31   -10     0
1569.68 -2.88e-15  5.86e-15    31    -2     0
1571.36  5.85e-15  6.20e-15    31     4     0
1573.03  1.20e-14  6.62e-15    32     9     0
1574.71  1.05e-14  6.48e-15    32     8     0
1576.39  1.85e-15  6.00e-15    32     1     0
1578.06  4.95e-15  6.38e-15    32     4     0
1579.74  1.71e-14  6.78e-15    32    13     0
1581.41 -1.06e-16  5.79e-15    32     0     0
1583.09 -1.69e-15  5.76e-15    32    -1     0
1584.77  2.15e-15  5.79e-15    32     1     0
1586.44  1.57e-14  6.45e-15    32    13     0
1588.12 -7.48e-15  5.72e-15    33    -6     0
1589.80  1.70e-14  6.61e-15    33    14     0
1591.47  1.29e-14  7.23e-15    33    10     0
1593.15 -4.24e-15  5.63e-15    33    -3     0
1594.83  4.65e-15  7.04e-15    33     3     0
1596.50  8.41e-15  5.92e-15    33     7     0
1598.18 -6.21e-15  5.52e-15    33    -5     0
1599.85  2.18e-15  5.46e-15    33     1     0
1601.53  1.19e-14  6.05e-15    33    10     0
1603.21  1.92e-15  6.16e-15    33     1     0
1604.88  1.06e-14  5.86e-15    34     9     0
1606.56  9.28e-15  5.83e-15    34     7     0
1608.24 -7.88e-15  5.36e-15    34    -6     0
1609.91  3.39e-16  5.38e-15    34     0     0
1611.59  1.04e-15  6.17e-15    34     0     0
1613.27 -2.82e-15  5.22e-15    34    -2     0
1614.94  5.37e-15  5.45e-15    34     4     0
1616.62 -2.02e-15  5.24e-15    34    -1     0
1618.30  1.52e-15  6.08e-15    34     1     0
1619.97 -4.75e-16  5.46e-15    34     0     0
1621.65 -2.83e-15  5.07e-15    34    -2     0
1623.32 -1.12e-14  5.57e-15    35    -9     0
1625.00 -6.88e-16  5.10e-15    35     0     0
1626.68 -3.05e-15  4.87e-15    35    -2     0
1628.35  1.46e-14  5.66e-15    35    13     0
1630.03 -3.21e-15  6.33e-15    35    -2     0
1631.71 -2.03e-16  5.78e-15    35     0     0
1633.38  2.47e-15  5.02e-15    35     2     0
1635.06  9.78e-15  5.51e-15    35     8     0
1636.74  8.92e-15  6.08e-15    35     7     0
1638.41  6.67e-15  5.10e-15    35     5     0
1640.09  6.70e-15  6.41e-15    35     5     0
1641.76  3.86e-14  8.86e-15    35    34     0
1643.44  6.88e-14  1.24e-14    36    61     0
1645.12  4.85e-14  1.18e-14    36    43     0
1646.79  9.53e-15  8.94e-15    36     8     0
1648.47 -5.95e-15  4.57e-15    36    -5     0
1650.15  8.83e-16  4.59e-15    36     0     0
1651.82  7.19e-15  4.87e-15    36     6     0
1653.50  3.84e-15  4.71e-15    36     3     0
1655.18 -4.91e-15  4.42e-15    36    -4     0
1656.85 -1.93e-15  5.62e-15    36    -1     0
1658.53  1.58e-14  8.98e-15    36    14     0
1660.20  1.94e-14  5.72e-15    36    18     0
1661.88  8.04e-15  4.60e-15    36     7     0
1663.56  7.98e-15  6.62e-15    36     7     0
1665.23  5.01e-15  6.47e-15    36     4     0
1666.91  1.83e-14  5.24e-15    36    17     0
1668.59  1.39e-14  8.28e-15    37    13     0
1670.26  1.31e-16  4.09e-15    37     0     0
1671.94  1.42e-15  4.12e-15    37     1     0
1673.62  5.28e-16  4.51e-15    37     0     0
1675.29  1.02e-15  3.94e-15    37     1     0
1676.97  7.28e-15  4.36e-15    37     7     0
1678.65  4.56e-15  4.15e-15    37     4     0
1680.32  6.10e-15  4.24e-15    37     6     0
1682.00 -4.42e-15  3.84e-15    37    -4     0
1683.67 -7.60e-15  3.80e-15    37    -7     0
1685.35 -4.26e-15  3.80e-15    37    -4     0
1687.03  1.98e-15  4.76e-15    37     1     0
1688.70 -1.40e-15  3.73e-15    37    -1     0
1690.38  3.67e-15  3.86e-15    37     3     0
1692.06  4.75e-15  3.86e-15    37     4     0
1693.73 -1.85e-15  3.61e-15    37    -1     0
1695.41  3.27e-15  3.83e-15    37     3     0
1697.09  5.89e-15  3.83e-15    37     6     0
1698.76  3.12e-15  3.65e-15    37     3     0
1700.44 -3.23e-15  3.44e-15    37    -3     0
1702.11 -4.11e-15  3.40e-15    38    -4     0
1703.79 -3.52e-15  3.56e-15    38    -3     0
1705.47  9.42e-15  3.95e-15    38    10     0
1707.14  6.20e-15  3.73e-15    38     6     0
1708.82 -7.62e-16  3.31e-15    38     0     0
1710.50  6.11e-16  3.32e-15    38     0     0
1712.17  4.47e-15  3.50e-15    38     4     0
1713.85 -1.60e-15  3.23e-15    38    -1     0
1715.53 -3.50e-16  3.21e-15    38     0     0
1717.20  5.36e-15  3.48e-15    38     5     0
1718.88  1.49e-16  3.15e-15    38     0     0
1720.55 -3.29e-15  3.04e-15    38    -3     0
1722.23  1.79e-15  3.09e-15    38     2     0
1723.91  3.43e-15  3.13e-15    38     3     0
1725.58 -2.75e-15  3.03e-15    38    -3     0
1727.26  1.09e-15  3.04e-15    38     1     0
1728.94  4.28e-15  3.21e-15    38     4     0
1730.61  2.42e-15  3.08e-15    38     2     0
1732.29 -8.66e-16  2.91e-15    38     0     0
1733.97  6.77e-15  3.21e-15    38     7     0
1735.64  7.65e-15  3.28e-15    38     8     0
1737.32  7.80e-15  3.24e-15    38     9     0
1738.99  2.28e-15  2.90e-15    38     2     0
1740.67  3.41e-16  2.70e-15    38     0     0
1742.35  6.87e-15  3.03e-15    38     8     0
1744.02  2.09e-15  2.76e-15    38     2     0
1745.70 -1.23e-15  2.64e-15    38    -1     0
1747.38 -1.45e-15  2.64e-15    38    -1     0
1749.05 -3.43e-15  2.58e-15    38    -4     0
1750.73  9.30e-15  3.04e-15    38    11     0
1752.41 -1.46e-15  2.51e-15    38    -1     0
1754.08  2.52e-15  3.00e-15    38     3     0
1755.76  1.33e-15  2.56e-15    38     1     0
1757.44  2.77e-15  2.62e-15    38     3     0
1759.11  2.66e-16  2.77e-15    38     0     0
1760.79 -2.38e-15  2.42e-15    38    -3     0
1762.46  4.66e-15  2.62e-15    38     5     0
1764.14 -2.90e-15  2.40e-15    38    -3     0
1765.82  7.77e-16  2.38e-15    38     0     0
1767.49  5.79e-15  2.60e-15    38     7     0
1769.17 -2.25e-15  2.29e-15    38    -2     0
1770.85  5.57e-16  2.28e-15    38     0     0
1772.52 -1.35e-16  2.53e-15    38     0     0
1774.20  5.82e-16  2.22e-15    38     0     0
1775.88 -3.34e-15  2.19e-15    38    -4     0
1777.55  7.24e-16  2.53e-15    38     0     0
1779.23 -3.04e-15  2.15e-15    38    -4     0
1780.90  4.40e-15  2.39e-15    38     5     0
1782.58  9.22e-16  2.14e-15    38     1     0
1784.26  3.68e-15  2.31e-15    38     4     0
1785.93  4.14e-15  2.28e-15    38     5     0
1787.61  4.79e-16  2.04e-15    38     0     0
1789.29  2.69e-15  2.15e-15    38     3     0
1790.96  7.02e-16  2.48e-15    38     0     0
1792.64 -5.02e-15  2.19e-15    38    -6     0
1794.32 -4.78e-16  3.36e-15    38     0 -4096
1795.99  5.14e-15  3.82e-15    38     7 -4096
1797.67  3.03e-15  2.36e-15    38     4     0
1799.34  4.72e-15  2.46e-15    38     6     0
1801.02  1.02e-15  1.97e-15    38     1     0
1802.70  1.69e-15  1.99e-15    38     2     0
1804.37  3.84e-15  2.10e-15    38     5     0
1806.05  6.47e-16  1.92e-15    38     0     0
1807.73  2.33e-15  2.02e-15    38     3     0
1809.40  7.70e-15  2.26e-15    38    10     0
1811.08  5.01e-15  2.07e-15    38     6     0
1812.76  3.54e-15  1.97e-15    38     4     0
1814.43  3.47e-15  2.18e-15    38     4     0
1816.11  3.38e-15  1.97e-15    38     4     0
1817.79  9.26e-15  2.95e-15    38    13     0
1819.46  1.06e-14  2.39e-15    38    14     0
1821.14  7.50e-15  2.12e-15    38    10     0
1822.81  4.41e-15  1.98e-15    38     6     0
1824.49  8.05e-16  1.74e-15    38     1     0
1826.17 -1.10e-15  1.73e-15    38    -1     0
1827.84 -8.23e-16  1.71e-15    38    -1     0
1829.52 -1.97e-15  1.70e-15    38    -2     0
1831.20 -1.79e-15  1.64e-15    38    -2     0
1832.87 -2.01e-16  1.63e-15    38     0     0
1834.55  6.02e-16  1.72e-15    38     0     0
1836.23 -1.15e-15  1.60e-15    38    -1     0
1837.90  2.71e-16  1.59e-15    38     0     0
1839.58 -3.61e-16  1.57e-15    38     0     0
1841.25  1.90e-16  1.58e-15    37     0     0
1842.93  1.18e-15  1.64e-15    37     1     0
1844.61  2.05e-15  1.66e-15    37     2     0
1846.28  3.12e-15  1.70e-15    37     4     0
1847.96  1.87e-15  1.62e-15    37     2     0
1849.64 -5.63e-16  1.51e-15    37     0     0
1851.31  4.65e-16  1.54e-15    37     0     0
1852.99 -7.30e-16  1.54e-15    37    -1     0
1854.67  3.28e-15  1.68e-15    37     4     0
1856.34  1.53e-15  1.56e-15    37     2     0
1858.02  5.09e-15  1.78e-15    37     7     0
1859.69  2.25e-15  1.83e-15    37     3     0
1861.37  4.46e-15  1.70e-15    37     6     0
1863.05  2.88e-15  1.58e-15    37     4     0
1864.72  4.38e-15  1.65e-15    37     6     0
1866.40  3.33e-15  1.63e-15    37     4     0
1868.08  1.76e-15  1.61e-15    37     2     0
1869.75  1.12e-15  1.56e-15    37     1     0
1871.43  6.20e-16  1.58e-15    37     0     0
1873.11  7.88e-16  1.58e-15    37     1     0
1874.78 -1.94e-15  1.59e-15    37    -2     0
1876.46 -2.19e-15  1.58e-15    37    -3     0
1878.14 -4.79e-16  1.59e-15    37     0     0
1879.81 -1.37e-15  1.64e-15    37    -1     0
1881.49 -1.07e-16  1.59e-15    37     0     0
1883.16 -1.10e-15  1.59e-15    37    -1     0
1884.84 -1.13e-15  1.60e-15    37    -1     0
1886.52  3.38e-16  1.60e-15    37     0     0
1888.19  1.80e-15  1.61e-15    37     2     0
1889.87  4.43e-15  1.62e-15    37     5     0
1891.55  2.77e-15  1.61e-15    37     3     0
1893.22  1.25e-15  1.61e-15    37     1     0
1894.90  2.46e-15  1.61e-15    36     3     0
1896.58  9.06e-16  1.61e-15    36     1     0
1898.25  5.68e-16  1.62e-15    36     0     0
1899.93  1.42e-15  1.62e-15    36     1     0
1901.60  1.09e-15  1.63e-15    36     1     0
1903.28  5.36e-15  1.63e-15    36     7     0
1904.96  3.57e-15  1.64e-15    36     4     0
1906.63  4.24e-15  1.62e-15    36     5     0
1908.31  2.12e-15  1.62e-15    36     2     0
1909.99  2.56e-15  1.62e-15    36     3     0
1911.66  1.40e-16  1.65e-15    36     0     0
1913.34  8.08e-16  1.65e-15    36     1     0
1915.02  3.63e-15  2.33e-15    36     4     0
1916.69  2.76e-15  1.68e-15    36     3     0
1918.37  2.14e-17  1.68e-15    36     0     0
1920.04  2.93e-16  1.67e-15    36     0     0
1921.72  1.35e-15  1.67e-15    36     1     0
1923.40  1.07e-15  1.67e-15    36     1     0
1925.07 -3.11e-16  1.66e-15    36     0     0
1926.75  3.26e-15  1.66e-15    36     4     0
1928.43  3.89e-15  1.66e-15    36     5     0
1930.10  4.68e-15  1.64e-15    36     6     0
1931.78  1.83e-16  1.64e-15    36     0     0
1933.46 -1.99e-16  1.64e-15    36     0     0
1935.13 -2.80e-15  1.65e-15    36    -3     0
1936.81  1.75e-16  1.65e-15    36     0     0
1938.48  3.21e-15  1.65e-15    36     4     0
1940.16  9.38e-16  1.65e-15    36     1     0
1941.84  1.85e-15  1.64e-15    36     2     0
1943.51 -2.44e-16  1.64e-15    36     0     0
1945.19 -1.50e-15  1.62e-15    36    -2     0
1946.87 -2.32e-15  1.61e-15    36    -3     0
1948.54 -7.95e-16  1.61e-15    36    -1     0
1950.22 -9.49e-16  1.62e-15    36    -1     0
1951.90  1.12e-15  1.62e-15    37     1     0
1953.57 -1.09e-15  1.61e-15    37    -1     0
1955.25  2.48e-15  1.60e-15    37     3     0
1956.93  6.12e-15  1.61e-15    37     8     0
1958.60  5.06e-15  1.61e-15    37     6     0
1960.28  6.06e-15  1.57e-15    37     8     0
1961.95  5.58e-15  1.57e-15    37     7     0
1963.63  6.79e-15  1.57e-15    37     9     0
1965.31  3.88e-15  1.60e-15    37     5     0
1966.98  2.21e-15  1.58e-15    37     3     0
1968.66  4.50e-15  1.58e-15    37     6     0
1970.34  3.23e-15  1.57e-15    37     4     0
1972.01  2.73e-15  1.58e-15    37     3     0
1973.69  3.48e-15  1.75e-15    37     4     0
1975.37  1.81e-15  1.76e-15    37     2     0
1977.04  2.89e-15  1.61e-15    37     3     0
1978.72  2.94e-15  1.61e-15    38     3     0
