NOT ORIGINAL IUE PROJECT DATA PRODUCT
SWP42389LOWLARGE
HD  197481
20:42:04
-31:31:05
48
NO-TRAIL
X-OFFSETS
4079.356
04/09/91
02:56:33
247
6.49
21/09/95
GSFC
2448503.62260
45
20
1150.59 -1.12e-14  7.30e-14    -2    -3     0
1152.27 -4.97e-14  6.85e-14    -2   -14     0
1153.94 -3.17e-14  6.40e-14    -1   -10     0
1155.62  3.57e-14  6.19e-14    -1    11     0
1157.30  9.83e-15  5.69e-14     0     3     0
1158.97  1.35e-14  5.26e-14     0     5     0
1160.65 -2.65e-14  4.82e-14     0   -11     0
1162.33  5.55e-14  5.55e-14     0    24     0
1164.00  7.62e-14  4.38e-14     1    36     0
1165.68  2.88e-15  3.62e-14     1     1     0
1167.35  4.29e-14  3.48e-14     2    25     0
1169.03 -1.32e-14  3.13e-14     2    -8     0
1170.71  5.89e-15  2.90e-14     2     3     0
1172.38  2.29e-14  2.77e-14     3    16     0
1174.06  6.10e-14  2.76e-14     3    47     0
1175.74  3.85e-14  3.45e-14     4    31     0
1177.41  6.97e-14  2.58e-14     4    61     0
1179.09  5.50e-15  2.63e-14     5     5     0
1180.77  4.77e-14  2.00e-14     5    49     0
1182.44  2.89e-14  1.84e-14     6    31     0
1184.12  7.35e-15  1.67e-14     6     8     0
1185.79  1.23e-14  1.61e-14     6    14     0
1187.47  9.72e-15  1.52e-14     7    12     0
1189.15  5.01e-14  1.59e-14     7    65     0
1190.82  1.15e-14  1.33e-14     8    16     0
1192.50  2.72e-14  1.32e-14     8    40     0
1194.18  2.19e-14  1.28e-14     9    34     0
1195.85  3.59e-14  1.25e-14     9    59     0
1197.53  1.28e-14  1.23e-14    10    21     0
1199.21  1.25e-14  1.13e-14    10    22     0
1200.88  1.18e-14  1.13e-14    10    21     0
1202.56  3.27e-14  1.07e-14    11    62     0
1204.23  5.83e-14  1.12e-14    11   115     0
1205.91  7.67e-14  1.62e-14    12   157     0
1207.59  6.56e-14  1.72e-14    12   138     0
1209.26  1.47e-13  2.61e-14    13   319     0
1210.94  1.84e-13  1.92e-14    13   415     0
1212.62  3.14e-13  3.08e-14    14   728     0
1214.29  5.88e-13  7.10e-14    14  1398     0
1215.97  5.13e-13  4.19e-14    15  1254     0
1217.65  6.32e-13  8.75e-14    15  1583   -32
1219.32  3.31e-13  4.37e-14    15   848     0
1221.00  3.83e-13  3.25e-14    16  1005     0
1222.67  1.82e-13  1.91e-14    16   487     0
1224.35  6.44e-14  1.01e-14    17   175     0
1226.03  3.05e-14  7.02e-15    17    86     0
1227.70  1.32e-14  7.76e-15    18    37     0
1229.38  2.48e-14  6.65e-15    18    72     0
1231.06  1.93e-14  7.21e-15    19    57     0
1232.73  1.94e-14  6.17e-15    19    58     0
1234.41  1.52e-14  5.93e-15    20    46     0
1236.09  4.14e-14  7.87e-15    20   130     0
1237.76  2.32e-14  5.95e-15    20    74     0
1239.44  3.80e-14  6.38e-15    21   122     0
1241.11  2.61e-14  5.82e-15    21    85     0
1242.79  2.40e-14  5.77e-15    22    79     0
1244.47  2.19e-14  7.43e-15    22    73     0
1246.14  1.83e-14  7.44e-15    23    61     0
1247.82  2.94e-14  5.73e-15    23    99     0
1249.50  1.34e-14  5.12e-15    24    45     0
1251.17  1.92e-14  5.18e-15    24    67     0
1252.85  1.55e-14  5.24e-15    25    55     0
1254.53  1.82e-14  5.09e-15    25    65     0
1256.20  2.49e-14  5.19e-15    26    89     0
1257.88  2.70e-14  6.12e-15    26    98     0
1259.56  2.15e-14  5.43e-15    27    78     0
1261.23  1.74e-14  4.89e-15    27    64     0
1262.91  2.33e-14  4.96e-15    28    86     0
1264.58  8.59e-15  5.04e-15    28    32     0
1266.26  2.87e-14  7.52e-15    29   110     0
1267.94  2.41e-14  6.36e-15    29    92     0
1269.61  1.95e-14  4.60e-15    30    75     0
1271.29  3.04e-14  4.98e-15    30   116     0
1272.97  1.61e-14  6.16e-15    31    62     0
1274.64  1.19e-14  4.67e-15    31    46     0
1276.32  1.27e-14  4.52e-15    32    48     0
1278.00  2.23e-14  6.46e-15    32    85     0
1279.67  1.85e-14  4.46e-15    33    71     0
1281.35  3.10e-14  4.77e-15    33   121     0
1283.02  1.34e-14  4.25e-15    34    52     0
1284.70  1.14e-14  4.26e-15    34    44     0
1286.38  2.66e-14  4.60e-15    35   105     0
1288.05  5.09e-15  4.85e-15    35    20     0
1289.73  1.58e-14  4.15e-15    36    63     0
1291.41  1.33e-14  4.11e-15    36    53     0
1293.08  1.49e-14  4.62e-15    37    59     0
1294.76  1.98e-14  4.28e-15    37    79     0
1296.44  3.60e-14  5.71e-15    38   145     0
1298.11  3.01e-14  4.88e-15    38   121     0
1299.79  3.32e-14  4.66e-15    39   133     0
1301.46  3.17e-14  5.67e-15    39   126     0
1303.14  3.58e-14  4.75e-15    40   142     0
1304.82  3.15e-14  5.91e-15    40   125     0
1306.49  3.19e-14  4.87e-15    41   125     0
1308.17  2.70e-14  4.46e-15    41   105     0
1309.85  2.00e-14  4.45e-15    42    78     0
1311.52  1.97e-14  4.23e-15    42    79     0
1313.20  2.03e-14  4.51e-15    43    81     0
1314.88  1.01e-14  3.92e-15    43    40     0
1316.55  2.10e-14  4.98e-15    44    84     0
1318.23  1.98e-14  4.66e-15    44    79     0
1319.90  2.03e-14  4.23e-15    45    81     0
1321.58  1.30e-14  5.78e-15    45    50     0
1323.26  1.62e-14  4.43e-15    46    62     0
1324.93  2.30e-14  5.73e-15    46    88     0
1326.61  1.17e-14  5.90e-15    47    45     0
1328.29  2.36e-14  5.13e-15    47    90     0
1329.96  2.49e-14  5.27e-15    48    95     0
1331.64  1.54e-14  4.18e-15    48    58     0
1333.32  6.13e-14  5.79e-15    49   233     0
1334.99  5.37e-14  5.53e-15    49   203     0
1336.67  5.47e-14  5.84e-15    50   213     0
1338.34  4.21e-14  6.73e-15    50   163     0
1340.02  1.54e-14  4.03e-15    51    58     0
1341.70  1.89e-14  4.59e-15    52    70     0
1343.37  4.64e-15  5.59e-15    52    17     0
1345.05  1.57e-14  4.04e-15    53    59     0
1346.73  1.69e-14  4.11e-15    53    63     0
1348.40  1.26e-14  4.27e-15    54    47     0
1350.08  2.23e-14  5.30e-15    54    82     0
1351.76  1.94e-14  4.25e-15    55    71     0
1353.43  1.86e-14  7.31e-15    55    68     0
1355.11  1.39e-14  4.08e-15    56    50     0
1356.79  1.27e-14  3.88e-15    56    46     0
1358.46  1.69e-14  5.72e-15    57    61     0
1360.14  2.80e-14  6.70e-15    57    99     0
1361.81  9.76e-15  3.81e-15    58    34     0
1363.49  2.20e-14  6.44e-15    58    77     0
1365.17  1.18e-14  3.90e-15    59    41     0
1366.84  1.41e-14  4.21e-15    59    48     0
1368.52  1.41e-14  4.09e-15    60    48     0
1370.20  2.37e-14  4.43e-15    60    81     0
1371.87  1.94e-14  4.99e-15    61    66     0
1373.55  2.40e-14  5.07e-15    61    82     0
1375.23  3.19e-14  4.77e-15    62   108     0
1376.90  1.06e-14  4.71e-15    62    35     0
1378.58  1.99e-14  4.79e-15    63    67     0
1380.25  8.11e-15  3.76e-15    63    27     0
1381.93  2.45e-14  4.67e-15    64    81     0
1383.61  1.69e-14  6.84e-15    64    56     0
1385.28  2.07e-14  6.06e-15    65    68     0
1386.96  2.37e-14  5.77e-15    65    77     0
1388.64  1.80e-14  4.34e-15    66    58     0
1390.31  2.73e-14  6.94e-15    66    87     0
1391.99  5.18e-14  5.63e-15    67   164     0
1393.67  4.60e-14  5.54e-15    67   145     0
1395.34  3.78e-14  9.44e-15    68   119     0
1397.02  2.93e-14  4.91e-15    68    91     0
1398.69  2.66e-14  4.52e-15    69    82     0
1400.37  3.25e-14  4.91e-15    69    99     0
1402.05  5.14e-14  7.09e-15    70   157     0
1403.72  4.02e-14  5.86e-15    70   121     0
1405.40  1.82e-14  5.14e-15    70    54     0
1407.08  2.68e-14  5.44e-15    71    79     0
1408.75  1.85e-14  4.44e-15    71    54     0
1410.43  2.51e-14  4.61e-15    72    73     0
1412.11  1.68e-14  5.05e-15    72    48     0
1413.78  1.73e-14  4.63e-15    73    49     0
1415.46  1.68e-14  5.62e-15    73    49     0
1417.13  9.68e-15  4.97e-15    74    28     0
1418.81  1.01e-14  6.50e-15    74    29     0
1420.49  1.94e-14  6.17e-15    75    53     0
1422.16  1.56e-14  4.49e-15    75    42     0
1423.84  1.45e-14  4.51e-15    76    39     0
1425.52  1.88e-14  4.77e-15    76    51     0
1427.19  2.02e-14  5.07e-15    76    55     0
1428.87  2.42e-14  4.82e-15    77    65     0
1430.55  1.28e-14  4.38e-15    77    34     0
1432.22  1.94e-14  5.19e-15    78    51     0
1433.90  7.22e-15  4.11e-15    78    19     0
1435.57  1.13e-14  4.39e-15    79    29     0
1437.25  9.27e-15  7.68e-15    79    24     0
1438.93  1.90e-14  4.67e-15    79    49     0
1440.60  3.29e-14  6.02e-15    80    85     0
1442.28  2.68e-14  4.90e-15    80    69     0
1443.96  1.27e-14  4.42e-15    81    32     0
1445.63  1.79e-14  4.62e-15    81    46     0
1447.31  1.86e-14  4.67e-15    82    47     0
1448.99  2.05e-14  5.12e-15    82    52     0
1450.66  1.50e-14  4.46e-15    82    38     0
1452.34  2.08e-14  6.22e-15    83    53     0
1454.02  1.79e-14  4.59e-15    83    45     0
1455.69  2.19e-14  5.20e-15    84    55     0
1457.37  2.10e-14  4.73e-15    84    52     0
1459.04  2.54e-14  7.45e-15    84    63     0
1460.72  3.57e-14  6.57e-15    85    91     0
1462.40  3.01e-15  5.43e-15    85     7     0
1464.07  2.08e-14  4.81e-15    86    52     0
1465.75  2.56e-14  5.27e-15    86    64     0
1467.43  1.95e-14  4.65e-15    86    48     0
1469.10  2.14e-14  4.71e-15    87    53     0
1470.78  3.16e-14  5.12e-15    87    77     0
1472.46  2.70e-14  5.01e-15    87    65     0
1474.13  2.24e-14  5.12e-15    88    54     0
1475.81  2.34e-14  4.83e-15    88    56     0
1477.48  1.09e-14  4.33e-15    88    26     0
1479.16  2.14e-14  6.25e-15    89    51     0
1480.84  1.78e-14  4.71e-15    89    42     0
1482.51  1.76e-14  4.67e-15    90    42     0
1484.19  1.40e-14  5.04e-15    90    33     0
1485.87  2.31e-14  4.77e-15    90    56     0
1487.54  1.42e-14  4.43e-15    91    34     0
1489.22  2.32e-14  4.75e-15    91    55     0
1490.90  1.31e-14  4.46e-15    91    30     0
1492.57  2.51e-14  5.08e-15    92    59     0
1494.25  9.73e-15  7.07e-15    92    22     0
1495.92  1.63e-14  4.68e-15    92    38     0
1497.60  2.96e-14  5.21e-15    93    70     0
1499.28  2.66e-14  4.89e-15    93    62     0
1500.95  2.87e-14  5.06e-15    93    68     0
1502.63  1.61e-14  4.47e-15    93    38     0
1504.31  1.66e-14  4.40e-15    94    38     0
1505.98  1.84e-14  4.56e-15    94    43     0
1507.66  1.69e-14  4.45e-15    94    39     0
1509.34  2.42e-14  4.84e-15    95    56     0
1511.01  3.49e-14  5.88e-15    95    80     0
1512.69  2.72e-14  4.90e-15    95    62     0
1514.36  1.55e-14  6.16e-15    96    35     0
1516.04  2.03e-14  4.68e-15    96    45     0
1517.72  1.75e-14  4.53e-15    96    39     0
1519.39  1.70e-14  4.56e-15    96    37     0
1521.07  2.34e-14  4.84e-15    97    51     0
1522.75  2.16e-14  5.13e-15    97    47     0
1524.42  2.25e-14  4.83e-15    97    49     0
1526.10  1.88e-14  4.64e-15    97    41     0
1527.78  2.54e-14  4.83e-15    98    55     0
1529.45  2.21e-14  5.03e-15    98    48     0
1531.13  1.42e-14  4.37e-15    98    31     0
1532.80  3.02e-14  5.88e-15    98    66     0
1534.48  3.01e-14  5.16e-15    99    66     0
1536.16  2.84e-14  6.98e-15    99    62     0
1537.83  3.05e-14  5.01e-15    99    67     0
1539.51  2.63e-14  4.81e-15    99    58     0
1541.19  3.28e-14  5.04e-15   100    72     0
1542.86  4.02e-14  5.42e-15   100    89     0
1544.54  8.41e-14  6.73e-15   100   186     0
1546.22  1.38e-13  8.53e-15   100   303     0
1547.89  1.59e-13  1.20e-14   100   350     0
1549.57  1.25e-13  9.07e-15   101   274     0
1551.24  7.69e-14  6.53e-15   101   168     0
1552.92  4.66e-14  5.60e-15   101   102     0
1554.60  2.40e-14  4.69e-15   101    52     0
1556.27  1.98e-14  4.42e-15   102    43     0
1557.95  2.02e-14  4.39e-15   102    44     0
1559.63  2.04e-14  4.39e-15   102    45     0
1561.30  2.46e-14  7.13e-15   102    54     0
1562.98  2.04e-14  4.37e-15   102    44     0
1564.66  1.67e-14  4.25e-15   102    36     0
1566.33  2.13e-14  4.59e-15   103    48     0
1568.01  3.21e-14  5.50e-15   103    72     0
1569.69  2.43e-14  4.36e-15   103    55     0
1571.36  1.88e-14  4.20e-15   103    41     0
1573.04  1.70e-14  4.16e-15   103    37     0
1574.71  2.52e-14  4.44e-15   104    56     0
1576.39  2.01e-14  4.36e-15   104    44     0
1578.07  1.29e-14  4.69e-15   104    28     0
1579.74  2.08e-14  4.29e-15   104    45     0
1581.42  1.20e-14  3.88e-15   104    26     0
1583.10  1.83e-14  4.17e-15   104    41     0
1584.77  1.42e-14  3.92e-15   104    31     0
1586.45  1.75e-14  4.02e-15   105    39     0
1588.13  2.77e-14  4.50e-15   105    62     0
1589.80  2.79e-14  4.54e-15   105    63     0
1591.48  2.66e-14  4.35e-15   105    59     0
1593.15  3.30e-14  4.64e-15   105    74     0
1594.83  2.94e-14  4.40e-15   105    66     0
1596.51  2.75e-14  4.28e-15   105    62     0
1598.18  2.12e-14  5.05e-15   106    48     0
1599.86  2.31e-14  4.11e-15   106    53     0
1601.54  1.14e-14  3.66e-15   106    26     0
1603.21  2.21e-14  4.00e-15   106    51     0
1604.89  1.47e-14  3.75e-15   106    34     0
1606.57  2.20e-14  4.06e-15   106    50     0
1608.24  3.08e-14  4.41e-15   106    70     0
1609.92  3.29e-14  4.43e-15   106    75     0
1611.59  2.24e-14  4.80e-15   107    51     0
1613.27  2.85e-14  4.18e-15   107    66     0
1614.95  2.35e-14  3.98e-15   107    54     0
1616.62  1.27e-14  3.52e-15   107    29     0
1618.30  2.24e-14  3.95e-15   107    51     0
1619.98  2.52e-14  4.01e-15   107    58     0
1621.65  1.99e-14  4.58e-15   107    46     0
1623.33  1.59e-14  3.74e-15   107    37     0
1625.01  2.37e-14  4.72e-15   107    56     0
1626.68  1.73e-14  3.70e-15   108    41     0
1628.36  2.28e-14  3.71e-15   108    55     0
1630.03  2.52e-14  4.04e-15   108    58     0
1631.71  1.97e-14  3.64e-15   108    46     0
1633.39  3.14e-14  4.14e-15   108    73     0
1635.06  4.09e-14  5.25e-15   108    97     0
1636.74  5.09e-14  4.71e-15   108   122     0
1638.42  6.02e-14  5.04e-15   108   144     0
1640.09  7.14e-14  6.74e-15   108   172     0
1641.77  7.18e-14  5.70e-15   108   173     0
1643.45  3.31e-14  4.06e-15   108    80     0
1645.12  1.38e-14  3.19e-15   108    33     0
1646.80  1.26e-14  3.10e-15   109    30     0
1648.47  1.71e-14  3.36e-15   109    41     0
1650.15  2.76e-14  3.78e-15   109    67     0
1651.83  2.11e-14  3.49e-15   109    51     0
1653.50  2.67e-14  3.66e-15   109    65     0
1655.18  2.86e-14  3.74e-15   109    71     0
1656.86  3.32e-14  3.97e-15   109    82     0
1658.53  2.73e-14  3.68e-15   109    68     0
1660.21  2.69e-14  3.52e-15   109    68     0
1661.89  2.29e-14  3.40e-15   109    58     0
1663.56  1.97e-14  3.77e-15   109    50     0
1665.24  2.09e-14  3.39e-15   109    52     0
1666.92  2.54e-14  3.67e-15   109    64     0
1668.59  1.69e-14  3.18e-15   110    42     0
1670.27  1.41e-14  2.97e-15   110    36     0
1671.94  1.58e-14  4.34e-15   110    41     0
1673.62  1.86e-14  4.25e-15   110    48     0
1675.30  2.23e-14  3.25e-15   110    59     0
1676.97  2.30e-14  3.19e-15   110    61     0
1678.65  2.02e-14  3.06e-15   110    54     0
1680.33  2.04e-14  3.08e-15   110    54     0
1682.00  1.84e-14  3.95e-15   110    49     0
1683.68  2.10e-14  3.52e-15   110    56     0
1685.36  2.04e-14  3.04e-15   110    54     0
1687.03  2.20e-14  3.06e-15   110    59     0
1688.71  2.36e-14  3.09e-15   110    63     0
1690.38  2.17e-14  3.02e-15   110    59     0
1692.06  1.42e-14  2.71e-15   111    38     0
1693.74  1.68e-14  2.78e-15   111    46     0
1695.41  2.17e-14  2.97e-15   111    60     0
1697.09  2.20e-14  2.93e-15   111    61     0
1698.77  2.30e-14  2.97e-15   111    64     0
1700.44  2.47e-14  2.99e-15   111    70     0
1702.12  1.95e-14  2.78e-15   111    55     0
1703.80  1.87e-14  2.75e-15   111    53     0
1705.47  2.22e-14  2.85e-15   111    63     0
1707.15  2.34e-14  3.32e-15   111    67     0
1708.82  1.90e-14  2.72e-15   111    54     0
1710.50  2.05e-14  2.76e-15   111    59     0
1712.18  2.46e-14  2.87e-15   111    71     0
1713.85  2.39e-14  2.85e-15   112    69     0
1715.53  2.36e-14  2.82e-15   112    69     0
1717.21  2.01e-14  2.62e-15   112    59     0
1718.88  2.00e-14  2.80e-15   112    59     0
1720.56  2.17e-14  2.67e-15   112    66     0
1722.24  1.82e-14  2.52e-15   112    55     0
1723.91  2.27e-14  2.61e-15   112    70     0
1725.59  2.35e-14  2.73e-15   112    70     0
1727.26  2.23e-14  2.62e-15   112    67     0
1728.94  1.71e-14  2.46e-15   112    52     0
1730.62  1.56e-14  2.35e-15   112    47     0
1732.29  1.30e-14  2.25e-15   113    40     0
1733.97  1.80e-14  2.44e-15   113    55     0
1735.65  1.57e-14  2.32e-15   113    48     0
1737.32  1.56e-14  2.31e-15   113    49     0
1739.00  2.76e-14  2.72e-15   113    87     0
1740.68  2.14e-14  2.48e-15   113    69     0
1742.35  1.49e-14  2.19e-15   113    48     0
1744.03  1.93e-14  2.36e-15   113    63     0
1745.70  1.82e-14  2.35e-15   113    59     0
1747.38  1.57e-14  2.21e-15   114    51     0
1749.06  1.79e-14  2.28e-15   114    59     0
1750.73  2.10e-14  2.38e-15   114    70     0
1752.41  2.66e-14  2.54e-15   114    89     0
1754.09  2.34e-14  2.40e-15   114    79     0
1755.76  1.70e-14  2.19e-15   114    57     0
1757.44  1.97e-14  2.26e-15   114    66     0
1759.12  1.92e-14  2.26e-15   114    65     0
1760.79  1.92e-14  2.24e-15   115    65     0
1762.47  1.81e-14  2.17e-15   115    61     0
1764.15  2.19e-14  2.30e-15   115    75     0
1765.82  1.93e-14  2.20e-15   115    66     0
1767.50  1.58e-14  2.02e-15   115    55     0
1769.17  1.77e-14  2.09e-15   115    61     0
1770.85  1.76e-14  2.09e-15   115    62     0
1772.53  1.62e-14  2.00e-15   116    57     0
1774.20  1.76e-14  2.06e-15   116    62     0
1775.88  1.92e-14  2.11e-15   116    68     0
1777.56  2.07e-14  2.15e-15   116    74     0
1779.23  2.12e-14  2.17e-15   116    76     0
1780.91  2.03e-14  2.12e-15   116    73     0
1782.59  2.14e-14  2.16e-15   117    77     0
1784.26  1.84e-14  2.03e-15   117    66     0
1785.94  2.02e-14  2.06e-15   117    74     0
1787.61  1.99e-14  2.01e-15   117    73     0
1789.29  1.78e-14  1.97e-15   117    66     0
1790.97  2.12e-14  2.11e-15   117    78     0
1792.64  2.28e-14  2.19e-15   118    84     0
1794.32  2.19e-14  2.15e-15   118    81     0
1796.00  1.91e-14  2.04e-15   118    70     0
1797.67  1.71e-14  1.96e-15   118    63     0
1799.35  2.05e-14  2.05e-15   118    76     0
1801.03  1.91e-14  1.94e-15   119    71     0
1802.70  1.96e-14  1.97e-15   119    73     0
1804.38  2.22e-14  2.07e-15   119    83     0
1806.05  2.33e-14  2.11e-15   119    86     0
1807.73  2.27e-14  2.10e-15   120    84     0
1809.41  2.42e-14  2.10e-15   120    90     0
1811.08  2.06e-14  2.09e-15   120    77     0
1812.76  1.83e-14  1.89e-15   120    68     0
1814.44  2.32e-14  2.13e-15   120    87     0
1816.11  3.06e-14  2.85e-15   121   115     0
1817.79  2.81e-14  2.29e-15   121   106     0
1819.47  2.07e-14  1.96e-15   121    78     0
1821.14  1.78e-14  1.84e-15   121    67     0
1822.82  1.68e-14  1.82e-15   122    63     0
1824.49  1.52e-14  1.72e-15   122    57     0
1826.17  1.79e-14  1.84e-15   122    66     0
1827.85  2.23e-14  2.00e-15   122    83     0
1829.52  2.23e-14  2.39e-15   123    83     0
1831.20  1.96e-14  2.44e-15   123    75     0
1832.88  1.82e-14  1.80e-15   123    69     0
1834.55  2.15e-14  1.93e-15   124    82     0
1836.23  2.19e-14  1.93e-15   124    84     0
1837.91  2.11e-14  1.89e-15   124    81     0
1839.58  2.05e-14  1.86e-15   124    79     0
1841.26  1.84e-14  1.80e-15   125    69     0
1842.93  2.07e-14  1.87e-15   125    78     0
1844.61  1.96e-14  1.82e-15   125    74     0
1846.29  2.19e-14  1.87e-15   125    85     0
1847.96  2.44e-14  1.95e-15   126    94     0
1849.64  2.17e-14  1.86e-15   126    84     0
1851.32  2.18e-14  1.88e-15   126    82     0
1852.99  2.55e-14  2.01e-15   127    96     0
1854.67  2.68e-14  2.05e-15   127   101     0
1856.35  2.43e-14  1.95e-15   127    92     0
1858.02  2.31e-14  1.91e-15   128    87     0
1859.70  2.08e-14  1.83e-15   128    78     0
1861.37  2.07e-14  1.81e-15   128    79     0
1863.05  2.34e-14  1.90e-15   129    89     0
1864.73  1.99e-14  1.77e-15   129    75     0
1866.40  2.02e-14  1.79e-15   129    76     0
1868.08  2.28e-14  1.87e-15   129    85     0
1869.76  2.03e-14  1.77e-15   130    76     0
1871.43  1.91e-14  1.73e-15   130    70     0
1873.11  1.84e-14  1.72e-15   130    68     0
1874.79  1.77e-14  1.73e-15   131    65     0
1876.46  1.69e-14  1.64e-15   131    62     0
1878.14  1.80e-14  1.68e-15   131    66     0
1879.82  2.03e-14  1.77e-15   132    74     0
1881.49  1.97e-14  1.74e-15   132    72     0
1883.17  1.89e-14  1.70e-15   132    69     0
1884.84  1.60e-14  1.59e-15   133    58     0
1886.52  1.72e-14  1.62e-15   133    62     0
1888.20  1.47e-14  1.53e-15   133    53     0
1889.87  1.45e-14  1.52e-15   134    52     0
1891.55  1.65e-14  1.65e-15   134    60     0
1893.23  1.93e-14  1.72e-15   134    70     0
1894.90  2.00e-14  1.91e-15   135    72     0
1896.58  1.82e-14  1.64e-15   135    66     0
1898.26  1.65e-14  1.58e-15   135    59     0
1899.93  1.55e-14  1.54e-15   136    55     0
1901.61  1.60e-14  1.56e-15   136    57     0
1903.28  1.83e-14  1.65e-15   136    65     0
1904.96  1.69e-14  1.58e-15   137    60     0
1906.64  1.53e-14  1.49e-15   137    55     0
1908.31  1.66e-14  1.55e-15   137    60     0
1909.99  1.75e-14  1.59e-15   138    63     0
1911.67  1.98e-14  1.67e-15   138    70     0
1913.34  1.88e-14  1.63e-15   138    66     0
1915.02  1.87e-14  1.65e-15   139    65     0
1916.70  1.59e-14  1.52e-15   139    55     0
1918.37  1.79e-14  1.60e-15   139    62     0
1920.05  1.84e-14  2.25e-15   140    64     0
1921.72  2.02e-14  3.71e-15   140    70 -4096
1923.40  1.32e-14  2.50e-15   140    46 -4096
1925.08  7.31e-15  6.84e-15   141    25 -4096
1926.75  1.25e-14  6.03e-15   141    44 -4096
1928.43  2.72e-14  6.64e-15   141    96 -4096
1930.11  1.87e-14  3.36e-15   142    66 -4096
1931.78  2.35e-14  2.16e-15   142    83     0
1933.46  2.28e-14  1.72e-15   142    81     0
1935.14  1.98e-14  1.61e-15   143    70     0
1936.81  1.59e-14  1.50e-15   143    56     0
1938.49  1.81e-14  1.59e-15   143    64     0
1940.16  1.86e-14  1.55e-15   143    66     0
1941.84  1.93e-14  1.57e-15   144    68     0
1943.52  1.91e-14  1.61e-15   144    68     0
1945.19  2.02e-14  1.58e-15   144    72     0
1946.87  1.97e-14  1.55e-15   145    71     0
1948.55  1.80e-14  1.48e-15   145    65     0
1950.22  1.99e-14  1.54e-15   145    71     0
1951.90  1.91e-14  1.51e-15   145    69     0
1953.58  1.85e-14  1.48e-15   146    67     0
1955.25  1.92e-14  1.92e-15   146    70     0
1956.93  2.07e-14  2.11e-15   146    76     0
1958.60  2.10e-14  1.96e-15   146    77     0
1960.28  1.98e-14  2.59e-15   146    73     0
1961.96  2.15e-14  1.58e-15   147    80     0
1963.63  2.06e-14  1.49e-15   147    77     0
1965.31  1.84e-14  1.43e-15   147    68     0
1966.99  1.96e-14  1.46e-15   147    72     0
1968.66  1.96e-14  1.45e-15   147    72     0
1970.34  1.86e-14  1.41e-15   148    69     0
1972.02  1.78e-14  1.37e-15   148    66     0
1973.69  1.86e-14  1.40e-15   148    68     0
1975.37  1.83e-14  1.38e-15   148    67     0
1977.05  1.63e-14  1.30e-15   148    59     0
1978.72  1.74e-14  1.34e-15   148    62     0
