NOT ORIGINAL IUE PROJECT DATA PRODUCT
SWP42371LOWLARGE
HD  197481
20:42:04
-31:31:05
48
NO-TRAIL
X-OFFSETS
2999.650
02/09/91
07:53:43
245
12.18
21/09/95
GSFC
2448501.82897
0
19
1150.59 -7.05e-14  1.39e-13   -64   -14     0
1152.27 -1.98e-13  1.31e-13   -64   -42     0
1153.94 -6.71e-14  1.22e-13   -63   -15     0
1155.62 -7.01e-14  1.17e-13   -62   -16     0
1157.30 -3.80e-14  1.09e-13   -62    -9     0
1158.97 -4.10e-14  1.00e-13   -61   -11     0
1160.65 -5.61e-15  9.22e-14   -60    -1     0
1162.33  2.08e-14  8.56e-14   -59     6     0
1164.00 -3.91e-14  7.95e-14   -59   -13     0
1165.68 -2.69e-14  6.91e-14   -58   -10     0
1167.35 -2.73e-14  6.42e-14   -57   -11     0
1169.03 -1.24e-14  5.98e-14   -57    -5     0
1170.71 -5.36e-14  5.54e-14   -56   -26     0
1172.38 -4.40e-15  5.17e-14   -55    -2     0
1174.06 -5.35e-15  4.82e-14   -55    -2     0
1175.74  1.66e-14  4.48e-14   -54     9     0
1177.41  5.77e-14  4.26e-14   -53    36     0
1179.09  2.95e-14  3.96e-14   -53    19     0
1180.77  3.80e-14  3.62e-14   -52    28     0
1182.44  1.67e-14  3.37e-14   -51    13     0
1184.12  2.77e-14  3.21e-14   -51    22     0
1185.79  2.12e-14  3.05e-14   -50    18     0
1187.47  1.13e-15  2.87e-14   -49     1     0
1189.15 -3.28e-14  2.73e-14   -49   -30     0
1190.82  4.17e-15  2.60e-14   -48     4     0
1192.50 -1.63e-14  2.43e-14   -47   -17     0
1194.18 -1.03e-14  2.44e-14   -47   -11     0
1195.85 -9.69e-15  2.41e-14   -46   -11     0
1197.53  1.20e-14  2.28e-14   -45    14     0
1199.21  2.28e-14  2.16e-14   -45    28     0
1200.88  2.96e-14  1.96e-14   -44    39     0
1202.56  2.69e-14  1.85e-14   -43    37     0
1204.23  5.57e-14  1.83e-14   -43    79     0
1205.91  7.23e-14  1.77e-14   -42   106     0
1207.59  1.36e-13  3.07e-14   -41   206     0
1209.26  3.06e-13  5.64e-14   -41   477     0
1210.94  6.45e-13  1.13e-13   -40  1047     0
1212.62  9.59e-13  1.48e-13   -39  1598     0
1214.29  1.18e-12  1.92e-13   -39  2012     0
1215.97  1.31e-12  2.23e-13   -38  2307     0
1217.65  1.29e-12  2.03e-13   -37  2322     0
1219.32  9.68e-13  1.73e-13   -37  1783     0
1221.00  5.87e-13  1.18e-13   -36  1107     0
1222.67  2.83e-13  5.75e-14   -35   544     0
1224.35  1.10e-13  2.63e-14   -35   216     0
1226.03  3.21e-14  1.20e-14   -34    65     0
1227.70  1.41e-14  1.16e-14   -33    29     0
1229.38  2.56e-15  1.12e-14   -33     5     0
1231.06  1.02e-14  1.09e-14   -32    21     0
1232.73  4.23e-16  1.06e-14   -31     0     0
1234.41 -1.11e-15  1.04e-14   -31    -2     0
1236.09  1.58e-14  1.04e-14   -30    35     0
1237.76  1.45e-14  1.02e-14   -29    33     0
1239.44  6.24e-15  9.94e-15   -29    14     0
1241.11  2.76e-15  9.62e-15   -28     6     0
1242.79  6.91e-15  9.56e-15   -27    16     0
1244.47 -5.71e-16  9.33e-15   -27    -1     0
1246.14  1.06e-14  9.45e-15   -26    25     0
1247.82  3.34e-15  9.24e-15   -25     8     0
1249.50  5.85e-15  9.16e-15   -25    14     0
1251.17  6.86e-15  8.84e-15   -24    17     0
1252.85  1.10e-14  8.76e-15   -23    28     0
1254.53  9.03e-15  8.68e-15   -23    23     0
1256.20  3.12e-15  8.49e-15   -22     8     0
1257.88  8.47e-15  8.47e-15   -21    22     0
1259.56  5.21e-15  8.35e-15   -21    13     0
1261.23  3.23e-15  8.16e-15   -20     8     0
1262.91  6.76e-15  8.14e-15   -19    18     0
1264.58  1.55e-15  7.97e-15   -19     4     0
1266.26  1.44e-15  7.76e-15   -18     3     0
1267.94  7.33e-15  7.78e-15   -18    20     0
1269.61  2.64e-15  7.65e-15   -17     7     0
1271.29  1.19e-14  7.78e-15   -16    32     0
1272.97  4.59e-15  7.63e-15   -16    12     0
1274.64  8.15e-15  7.65e-15   -15    22     0
1276.32  4.94e-15  7.65e-15   -14    13     0
1278.00  3.92e-16  7.55e-15   -14     1     0
1279.67  1.68e-15  7.52e-15   -13     4     0
1281.35  2.58e-15  7.36e-15   -12     7     0
1283.02 -1.61e-15  7.29e-15   -12    -4     0
1284.70  8.72e-15  7.37e-15   -11    24     0
1286.38  9.62e-15  7.27e-15   -10    27     0
1288.05  6.20e-15  7.20e-15   -10    17     0
1289.73 -2.35e-15  7.08e-15    -9    -6     0
1291.41  2.49e-15  7.07e-15    -8     7     0
1293.08  8.50e-15  7.13e-15    -8    24     0
1294.76  4.39e-15  7.03e-15    -7    12     0
1296.44  1.17e-15  6.88e-15    -6     3     0
1298.11  2.33e-16  6.85e-15    -6     0     0
1299.79  6.79e-15  6.92e-15    -5    19     0
1301.46  5.79e-15  6.98e-15    -4    16     0
1303.14  6.00e-15  6.92e-15    -4    17     0
1304.82  1.99e-15  6.86e-15    -3     5     0
1306.49  9.38e-15  7.05e-15    -3    26     0
1308.17  2.39e-14  1.11e-14    -2    67     0
1309.85  7.50e-15  6.96e-15    -1    21     0
1311.52 -1.98e-15  6.65e-15    -1    -5     0
1313.20  7.99e-15  6.75e-15     0    23     0
1314.88  3.46e-15  6.67e-15     0     9     0
1316.55  2.16e-16  6.59e-15     0     0     0
1318.23  8.05e-15  6.67e-15     1    23     0
1319.90 -3.03e-15  6.57e-15     2    -8     0
1321.58 -9.50e-15  6.80e-15     2   -26     0
1323.26 -1.08e-14  6.94e-15     3   -29     0
1324.93 -1.42e-15  7.10e-15     3    -3     0
1326.61 -9.86e-15  7.43e-15     4   -27     0
1328.29  8.42e-15  7.78e-15     5    23     0
1329.96  4.35e-15  7.28e-15     5    11     0
1331.64  1.30e-14  6.90e-15     6    35     0
1333.32  1.03e-14  6.86e-15     7    28     0
1334.99  2.03e-14  7.00e-15     7    55     0
1336.67  2.86e-14  1.04e-14     8    80     0
1338.34  1.47e-14  8.50e-15     9    41     0
1340.02  6.95e-15  6.74e-15     9    18     0
1341.70 -4.33e-15  6.68e-15    10   -11     0
1343.37  1.18e-14  7.62e-15    10    31     0
1345.05 -7.65e-16  6.61e-15    11    -2     0
1346.73 -1.27e-14  6.61e-15    12   -34     0
1348.40  1.27e-15  6.62e-15    12     3     0
1350.08  8.72e-15  6.75e-15    13    23     0
1351.76  1.24e-14  6.85e-15    13    32     0
1353.43  1.16e-14  6.96e-15    14    30     0
1355.11 -6.66e-15  6.62e-15    15   -17     0
1356.79  4.06e-15  6.67e-15    15    10     0
1358.46 -7.70e-15  6.64e-15    16   -20     0
1360.14  7.32e-17  6.79e-15    17     0     0
1361.81  9.59e-15  6.93e-15    17    24     0
1363.49  7.36e-15  6.91e-15    18    18     0
1365.17  4.26e-15  6.86e-15    18    10     0
1366.84 -7.75e-15  6.83e-15    19   -19     0
1368.52 -8.01e-15  6.84e-15    19   -19     0
1370.20  6.69e-15  6.91e-15    20    16     0
1371.87  4.87e-16  6.82e-15    21     1     0
1373.55  3.02e-16  6.84e-15    21     0     0
1375.23 -1.92e-15  6.83e-15    22    -4     0
1376.90 -6.83e-15  6.85e-15    22   -16     0
1378.58  2.55e-15  6.89e-15    23     6     0
1380.25 -5.64e-15  6.87e-15    24   -13     0
1381.93 -8.13e-15  6.88e-15    24   -19     0
1383.61  2.72e-15  6.91e-15    25     6     0
1385.28  2.02e-15  6.90e-15    25     4     0
1386.96  1.78e-15  6.93e-15    26     4     0
1388.64  1.15e-16  6.94e-15    26     0     0
1390.31  5.85e-15  7.12e-15    27    13     0
1391.99 -1.14e-15  7.07e-15    28    -2     0
1393.67  2.23e-15  7.10e-15    28     5     0
1395.34  6.10e-15  7.16e-15    29    13     0
1397.02  1.41e-14  7.32e-15    29    31     0
1398.69 -2.80e-15  7.14e-15    30    -6     0
1400.37 -4.84e-16  7.18e-15    30    -1     0
1402.05  1.43e-14  7.44e-15    31    31     0
1403.72  1.97e-14  7.62e-15    31    42     0
1405.40  1.67e-15  7.34e-15    32     3     0
1407.08 -3.13e-15  7.37e-15    33    -6     0
1408.75  1.97e-15  7.41e-15    33     4     0
1410.43  1.77e-16  7.38e-15    34     0     0
1412.11 -8.53e-15  7.41e-15    34   -17     0
1413.78 -1.46e-15  7.44e-15    35    -3     0
1415.46 -9.29e-15  7.30e-15    35   -19     0
1417.13  3.25e-15  7.35e-15    36     6     0
1418.81  8.41e-15  7.45e-15    36    17     0
1420.49 -4.93e-15  7.68e-15    37    -9     0
1422.16  1.84e-14  8.51e-15    37    36     0
1423.84 -6.69e-15  7.74e-15    38   -13     0
1425.52  4.34e-16  7.63e-15    38     0     0
1427.19  6.96e-15  7.75e-15    39    13     0
1428.87  2.81e-15  7.69e-15    39     5     0
1430.55  5.88e-15  7.74e-15    40    11     0
1432.22  2.87e-15  7.73e-15    40     5     0
1433.90 -1.13e-14  7.75e-15    41   -21     0
1435.57  5.40e-15  8.21e-15    41    10     0
1437.25  1.30e-14  8.15e-15    42    24     0
1438.93  8.60e-15  8.05e-15    42    16     0
1440.60 -1.14e-14  7.79e-15    43   -21     0
1442.28  3.22e-15  7.81e-15    43     6     0
1443.96  1.60e-14  8.07e-15    44    29     0
1445.63  1.11e-15  7.82e-15    44     2     0
1447.31  1.23e-14  8.16e-15    45    22     0
1448.99  4.49e-17  7.84e-15    45     0     0
1450.66  6.56e-15  7.84e-15    46    12     0
1452.34  7.95e-15  7.85e-15    46    14     0
1454.02 -5.39e-17  7.76e-15    46     0     0
1455.69 -3.64e-15  7.80e-15    47    -6     0
1457.37  2.61e-15  8.17e-15    47     4     0
1459.04 -1.01e-14  7.80e-15    48   -18     0
1460.72  8.63e-15  7.75e-15    48    15     0
1462.40  4.13e-15  7.65e-15    49     7     0
1464.07  2.04e-17  7.62e-15    49     0     0
1465.75  9.36e-15  7.85e-15    49    16     0
1467.43  1.72e-16  7.70e-15    50     0     0
1469.10  1.25e-14  7.86e-15    50    22     0
1470.78 -3.83e-19  7.83e-15    51     0     0
1472.46  9.97e-15  8.00e-15    51    17     0
1474.13  5.66e-15  7.86e-15    52     9     0
1475.81  1.43e-14  8.05e-15    52    24     0
1477.48  2.65e-14  8.27e-15    52    46     0
1479.16  1.40e-14  1.15e-14    53    24     0
1480.84  3.71e-15  7.85e-15    53     6     0
1482.51  8.05e-15  7.91e-15    54    13     0
1484.19 -4.20e-16  7.79e-15    54     0     0
1485.87 -1.39e-14  7.65e-15    54   -24     0
1487.54  1.86e-16  7.65e-15    55     0     0
1489.22  4.81e-15  7.66e-15    55     8     0
1490.90  1.90e-14  8.09e-15    55    32     0
1492.57  2.16e-14  8.15e-15    56    36     0
1494.25  1.47e-14  7.98e-15    56    24     0
1495.92  5.72e-15  7.68e-15    57     9     0
1497.60  2.17e-14  8.28e-15    57    37     0
1499.28  6.83e-15  7.70e-15    57    11     0
1500.95  8.29e-15  7.69e-15    58    14     0
1502.63  1.22e-15  7.95e-15    58     2     0
1504.31  2.27e-14  8.13e-15    58    38     0
1505.98  1.23e-14  1.41e-14    59    20     0
1507.66  7.69e-15  7.67e-15    59    12     0
1509.34  2.11e-14  7.93e-15    59    35     0
1511.01  2.30e-14  8.06e-15    60    37     0
1512.69  2.12e-14  8.03e-15    60    34     0
1514.36  2.42e-14  8.11e-15    60    39     0
1516.04  3.37e-14  8.36e-15    61    54     0
1517.72  1.84e-14  8.08e-15    61    29     0
1519.39  3.73e-14  8.46e-15    61    59     0
1521.07  3.15e-14  1.06e-14    62    50     0
1522.75  4.50e-14  1.05e-14    62    71     0
1524.42  5.08e-14  1.26e-14    62    80     0
1526.10  3.42e-14  8.40e-15    63    53     0
1527.78  3.19e-14  9.05e-15    63    50     0
1529.45  4.75e-15  7.82e-15    63     7     0
1531.13  1.05e-14  7.78e-15    63    16     0
1532.80  1.71e-14  7.92e-15    64    27     0
1534.48  1.11e-14  7.78e-15    64    17     0
1536.16  4.06e-15  7.56e-15    64     6     0
1537.83  1.10e-14  8.25e-15    65    17     0
1539.51  1.74e-14  8.94e-15    65    27     0
1541.19  3.84e-15  7.51e-15    65     6     0
1542.86  2.32e-15  7.44e-15    65     3     0
1544.54  6.40e-15  7.50e-15    66    10     0
1546.22  4.19e-14  8.26e-15    66    66     0
1547.89  2.83e-14  8.72e-15    66    44     0
1549.57  5.32e-14  1.91e-14    66    83     0
1551.24  3.93e-14  1.55e-14    67    61     0
1552.92  2.54e-14  1.33e-14    67    40     0
1554.60  2.25e-14  8.39e-15    67    35     0
1556.27 -1.30e-14  7.23e-15    67   -20     0
1557.95  1.50e-16  7.23e-15    68     0     0
1559.63 -2.09e-15  7.17e-15    68    -3     0
1561.30  1.12e-14  7.37e-15    68    17     0
1562.98  1.34e-14  7.41e-15    68    21     0
1564.66  9.73e-15  7.33e-15    69    15     0
1566.33 -3.96e-15  6.96e-15    69    -6     0
1568.01 -6.60e-15  7.03e-15    69   -10     0
1569.69  1.28e-14  7.08e-15    69    20     0
1571.36  3.38e-15  7.01e-15    69     5     0
1573.04  4.97e-15  7.02e-15    70     7     0
1574.71  8.29e-15  7.06e-15    70    13     0
1576.39  5.30e-15  7.42e-15    70     8     0
1578.07  3.29e-15  9.37e-15    70     5     0
1579.74  7.02e-16  8.82e-15    70     1     0
1581.42 -1.31e-14  7.27e-15    71   -21     0
1583.10 -1.37e-14  7.19e-15    71   -22     0
1584.77  5.29e-15  8.19e-15    71     8     0
1586.45 -1.00e-14  6.64e-15    71   -16     0
1588.13  7.94e-15  1.04e-14    71    12     0
1589.80  1.41e-14  6.81e-15    72    23     0
1591.48 -5.35e-17  6.90e-15    72     0     0
1593.15 -1.36e-15  6.81e-15    72    -2     0
1594.83  1.55e-14  8.93e-15    72    25     0
1596.51  1.34e-14  6.95e-15    72    21     0
1598.18  5.96e-15  6.49e-15    72     9     0
1599.86 -4.88e-16  6.53e-15    73     0     0
1601.54 -1.03e-14  6.38e-15    73   -16     0
1603.21  6.14e-15  6.36e-15    73    10     0
1604.89  4.80e-15  7.98e-15    73     7     0
1606.57  2.77e-15  6.34e-15    73     4     0
1608.24  7.55e-15  7.28e-15    73    12     0
1609.92  5.87e-15  6.53e-15    73     9     0
1611.59 -6.23e-16  8.43e-15    74    -1     0
1613.27  6.42e-15  6.28e-15    74    10     0
1614.95  1.08e-14  6.42e-15    74    18     0
1616.62  3.72e-15  6.14e-15    74     6     0
1618.30  4.91e-15  6.12e-15    74     8     0
1619.98 -1.72e-15  6.04e-15    74    -2     0
1621.65 -7.91e-16  5.92e-15    74    -1     0
1623.33  1.42e-14  7.40e-15    75    24     0
1625.01  4.09e-15  7.51e-15    75     7     0
1626.68  2.27e-15  6.76e-15    75     3     0
1628.36 -7.19e-15  5.72e-15    75   -12     0
1630.03  3.80e-15  5.89e-15    75     6     0
1631.71 -1.51e-15  7.14e-15    75    -2     0
1633.39 -4.30e-15  8.88e-15    75    -7     0
1635.06 -3.16e-15  5.65e-15    75    -5     0
1636.74  1.33e-15  5.73e-15    76     2     0
1638.42  1.31e-14  7.04e-15    76    22     0
1640.09  1.88e-14  1.14e-14    76    32     0
1641.77  5.81e-14  1.77e-14    76   100     0
1643.45  4.12e-14  1.29e-14    76    71     0
1645.12  3.38e-14  1.17e-14    76    59     0
1646.80  1.55e-14  5.66e-15    76    27     0
1648.47 -3.88e-15  5.35e-15    76    -6     0
1650.15 -5.52e-15  5.35e-15    76    -9     0
1651.83  5.30e-16  5.31e-15    77     0     0
1653.50 -4.11e-15  5.57e-15    77    -7     0
1655.18  1.33e-14  5.44e-15    77    23     0
1656.86  1.60e-14  5.45e-15    77    28     0
1658.53  7.43e-15  5.61e-15    77    13     0
1660.21  7.84e-15  6.37e-15    77    14     0
1661.89  1.34e-14  5.58e-15    77    24     0
1663.56  1.05e-14  8.39e-15    77    19     0
1665.24  2.08e-15  5.30e-15    77     3     0
1666.92  5.83e-15  5.35e-15    77    10     0
1668.59 -1.02e-15  4.94e-15    78    -1     0
1670.27  1.09e-14  5.00e-15    78    20     0
1671.94  1.26e-15  4.77e-15    78     2     0
1673.62  6.22e-15  4.98e-15    78    11     0
1675.30  5.01e-16  6.77e-15    78     0     0
1676.97 -1.72e-15  4.58e-15    78    -3     0
1678.65  1.23e-14  4.76e-15    78    23     0
1680.33  8.42e-15  5.13e-15    78    16     0
1682.00  1.14e-14  6.23e-15    78    21     0
1683.68  1.63e-14  4.81e-15    78    31     0
1685.36  2.48e-15  5.21e-15    78     4     0
1687.03  6.99e-15  4.55e-15    79    13     0
1688.71  2.26e-16  4.40e-15    79     0     0
1690.38  4.80e-15  4.39e-15    79     9     0
1692.06  8.28e-15  4.45e-15    79    16     0
1693.74  7.32e-15  4.38e-15    79    14     0
1695.41  4.53e-15  4.32e-15    79     9     0
1697.09  1.93e-14  4.53e-15    79    38     0
1698.77  8.34e-15  4.26e-15    79    16     0
1700.44 -9.97e-16  4.38e-15    79    -2     0
1702.12  6.92e-15  4.72e-15    79    14     0
1703.80  1.17e-14  5.09e-15    79    24     0
1705.47  4.06e-15  5.06e-15    79     8     0
1707.15  3.68e-15  4.01e-15    80     7     0
1708.82  4.54e-15  3.98e-15    80     9     0
1710.50  3.00e-15  3.94e-15    80     6     0
1712.18  4.33e-15  3.92e-15    80     9     0
1713.85  5.35e-15  3.89e-15    80    11     0
1715.53 -9.09e-15  3.96e-15    80   -19     0
1717.21 -1.36e-15  3.98e-15    80    -2     0
1718.88  1.42e-15  3.73e-15    80     3     0
1720.56  4.85e-15  3.68e-15    80    10     0
1722.24 -3.16e-15  3.56e-15    80    -6     0
1723.91  2.80e-15  3.64e-15    80     6     0
1725.59  3.88e-16  3.59e-15    81     0     0
1727.26 -9.87e-16  4.27e-15    81    -2     0
1728.94  3.20e-15  3.56e-15    81     7     0
1730.62  1.13e-15  3.49e-15    81     2     0
1732.29  1.25e-16  3.71e-15    81     0     0
1733.97  5.15e-15  3.56e-15    81    11     0
1735.65 -2.27e-15  3.52e-15    81    -5     0
1737.32  3.00e-15  3.39e-15    81     6     0
1739.00  5.97e-15  3.42e-15    81    13     0
1740.68 -1.26e-15  3.24e-15    81    -2     0
1742.35  3.61e-15  3.23e-15    82     8     0
1744.03 -2.49e-15  3.15e-15    82    -5     0
1745.70  9.06e-15  3.42e-15    82    21     0
1747.38  6.43e-15  3.24e-15    82    15     0
1749.06  5.20e-15  4.39e-15    82    12     0
1750.73  1.30e-14  4.13e-15    82    31     0
1752.41  6.44e-15  3.11e-15    82    15     0
1754.09 -2.45e-15  2.97e-15    82    -5     0
1755.76 -1.77e-15  3.04e-15    82    -4     0
1757.44  2.57e-15  2.98e-15    82     6     0
1759.12  3.01e-15  2.98e-15    83     7     0
1760.79  3.58e-15  2.96e-15    83     8     0
1762.47  3.68e-17  2.88e-15    83     0     0
1764.15  4.95e-16  2.85e-15    83     1     0
1765.82  4.18e-16  2.81e-15    83     1     0
1767.50  3.97e-15  3.06e-15    83     9     0
1769.17 -4.95e-15  2.76e-15    83   -12     0
1770.85 -6.83e-15  2.72e-15    83   -17     0
1772.53 -5.67e-15  2.69e-15    84   -14     0
1774.20 -5.13e-15  2.67e-15    84   -13     0
1775.88  2.49e-15  2.67e-15    84     6     0
1777.56 -1.76e-15  2.62e-15    84    -4     0
1779.23  1.80e-15  2.61e-15    84     4     0
1780.91  4.15e-15  2.67e-15    84    10     0
1782.59  5.48e-15  2.66e-15    84    14     0
1784.26  5.90e-15  2.66e-15    84    15     0
1785.94  5.06e-15  2.56e-15    85    13     0
1787.61  2.37e-15  2.55e-15    85     6     0
1789.29 -9.69e-16  2.62e-15    85    -2     0
1790.97  1.00e-15  2.77e-15    85     2     0
1792.64 -3.52e-15  2.83e-15    85    -9     0
1794.32 -1.38e-15  3.72e-15    85    -3     0
1796.00 -2.99e-15  2.81e-15    85    -7     0
1797.67 -1.11e-15  2.45e-15    86    -2     0
1799.35  3.32e-15  2.43e-15    86     8     0
1801.03  2.58e-15  2.40e-15    86     6     0
1802.70  2.42e-15  2.36e-15    86     6     0
1804.38  1.60e-15  2.33e-15    86     4     0
1806.05  9.05e-16  2.48e-15    86     2     0
1807.73  1.03e-14  2.55e-15    87    27     0
1809.41  1.65e-14  2.63e-15    87    44     0
1811.08  1.59e-14  2.59e-15    87    42     0
1812.76  1.20e-14  2.50e-15    87    32     0
1814.44  7.23e-15  3.74e-15    87    19     0
1816.11  1.40e-14  4.22e-15    87    38     0
1817.79  2.16e-14  4.32e-15    88    58     0
1819.47  1.59e-14  3.89e-15    88    43     0
1821.14  1.03e-14  3.92e-15    88    28     0
1822.82  6.87e-15  2.30e-15    88    18     0
1824.49  1.02e-15  2.15e-15    88     2     0
1826.17 -2.14e-16  2.17e-15    88     0     0
1827.85 -5.84e-16  2.15e-15    89    -1     0
1829.52  2.45e-15  2.19e-15    89     6     0
1831.20  4.32e-15  2.15e-15    89    11     0
1832.88  3.13e-15  2.11e-15    89     8     0
1834.55  9.25e-15  2.23e-15    89    25     0
1836.23  8.03e-15  2.21e-15    90    22     0
1837.91  9.42e-15  2.22e-15    90    26     0
1839.58  7.19e-15  2.28e-15    90    19     0
1841.26  6.99e-15  2.16e-15    90    19     0
1842.93  1.18e-14  2.26e-15    90    32     0
1844.61  1.07e-14  2.23e-15    91    29     0
1846.29  8.52e-15  2.11e-15    91    23     0
1847.96  9.28e-15  2.12e-15    91    25     0
1849.64  1.22e-14  2.17e-15    91    34     0
1851.32  1.49e-14  2.46e-15    91    40     0
1852.99  1.21e-14  2.19e-15    92    33     0
1854.67  1.39e-14  2.45e-15    92    37     0
1856.35  1.45e-14  3.70e-15    92    39     0
1858.02  1.31e-14  2.33e-15    92    35     0
1859.70  1.07e-14  2.11e-15    92    29     0
1861.37  5.30e-15  1.97e-15    93    14     0
1863.05  8.35e-16  1.86e-15    93     2     0
1864.73  3.37e-15  1.91e-15    93     9     0
1866.40  1.03e-15  1.87e-15    93     2     0
1868.08  5.98e-15  1.96e-15    93    16     0
1869.76  4.68e-15  2.09e-15    94    12     0
1871.43  3.49e-15  1.92e-15    94     9     0
1873.11  4.27e-15  1.92e-15    94    11     0
1874.79  3.70e-15  1.90e-15    94     9     0
1876.46  2.99e-16  1.82e-15    94     0     0
1878.14  2.30e-15  1.84e-15    95     6     0
1879.82  6.82e-15  1.93e-15    95    18     0
1881.49  4.35e-15  1.87e-15    95    11     0
1883.17  3.20e-15  1.84e-15    95     8     0
1884.84 -1.65e-15  1.82e-15    96    -4     0
1886.52  2.01e-15  1.83e-15    96     5     0
1888.20  5.05e-15  1.86e-15    96    13     0
1889.87  3.44e-15  2.39e-15    96     8     0
1891.55  2.57e-15  2.00e-15    96     6     0
1893.23  7.76e-15  2.30e-15    97    20     0
1894.90  5.74e-15  2.43e-15    97    14     0
1896.58  2.98e-15  3.96e-15    97     7     0
1898.26  5.84e-15  2.94e-15    97    15     0
1899.93  5.49e-15  2.85e-15    97    14     0
1901.61  6.15e-15  3.36e-15    98    15     0
1903.28  5.85e-15  2.40e-15    98    15     0
1904.96  3.08e-15  1.87e-15    98     7     0
1906.64 -2.88e-16  1.84e-15    98     0     0
1908.31 -2.30e-15  1.86e-15    98    -5     0
1909.99  1.62e-15  1.85e-15    99     4     0
1911.67  4.33e-15  1.89e-15    99    11     0
1913.34  7.28e-15  2.09e-15    99    18     0
1915.02  8.86e-15  1.91e-15    99    22     0
1916.70  1.65e-14  2.48e-15    99    41     0
1918.37  2.05e-14  2.30e-15    99    51     0
1920.05  1.83e-14  3.36e-15   100    46     0
1921.72  1.65e-14  4.35e-15   100    41     0
1923.40  1.10e-14  4.92e-15   100    27     0
1925.08  1.81e-14  5.76e-15   100    46     0
1926.75  1.58e-14  5.16e-15   100    40     0
1928.43  1.80e-14  4.74e-15   100    46     0
1930.11  1.81e-14  3.91e-15   101    46     0
1931.78  1.85e-14  2.43e-15   101    47     0
1933.46  1.36e-14  1.97e-15   101    35     0
1935.14  1.24e-14  1.91e-15   101    31     0
1936.81  9.40e-15  1.88e-15   101    23     0
1938.49  2.76e-15  1.88e-15   101     7     0
1940.16  6.24e-15  2.21e-15   101    15     0
1941.84  4.75e-15  2.54e-15   102    12     0
1943.52  4.93e-15  1.87e-15   102    12     0
1945.19  1.11e-14  1.84e-15   102    28     0
1946.87  8.65e-15  1.84e-15   102    22     0
1948.55  1.00e-14  1.83e-15   102    26     0
1950.22  9.28e-15  1.85e-15   102    24     0
1951.90  2.35e-15  1.86e-15   102     6     0
1953.58  5.74e-15  1.84e-15   102    14     0
1955.25  6.55e-15  2.19e-15   102    17     0
1956.93  8.24e-15  2.52e-15   102    21     0
1958.60  6.39e-15  3.09e-15   102    16     0
1960.28  1.20e-15  1.79e-15   102     3     0
1961.96  8.17e-17  1.78e-15   103     0     0
1963.63  7.10e-16  1.78e-15   103     1     0
1965.31  2.39e-15  1.84e-15   103     6     0
1966.99  8.99e-15  2.76e-15   103    24     0
1968.66  8.68e-15  1.99e-15   103    23     0
1970.34  9.85e-15  1.99e-15   103    26     0
1972.02  8.87e-15  1.80e-15   103    23     0
1973.69  1.00e-14  1.81e-15   103    26     0
1975.37  9.95e-15  1.94e-15   103    26     0
1977.05  1.09e-14  2.48e-15   102    28     0
1978.72  6.19e-15  2.33e-15   102    16     0
