NOT ORIGINAL IUE PROJECT DATA PRODUCT
SWP42375LOWLARGE
HD  197481
20:42:04
-31:31:05
48
NO-TRAIL
NO
01499.825
02/09/91
16:35:07
245
09.20
13/02/96
VILSPA
2448502.19105
0
17
1150.58  8.24e-14  1.22e-13   -85     8     0
1152.26  1.40e-13  1.17e-13   -85    15     0
1153.94  2.83e-14  1.06e-13   -84     3     0
1155.61 -1.64e-14  1.00e-13   -84    -1     0
1157.29  1.54e-14  9.33e-14   -84     2     0
1158.97  8.07e-14  8.84e-14   -83    11     0
1160.64  4.74e-14  8.05e-14   -83     7     0
1162.32 -1.62e-13  8.32e-14   -83   -26     0
1163.99  8.15e-15  6.80e-14   -82     1     0
1165.67  6.62e-16  5.89e-14   -82     0     0
1167.35 -2.92e-14  5.48e-14   -81    -6     0
1169.02  1.09e-13  5.50e-14   -81    25     0
1170.70 -7.85e-16  4.72e-14   -81     0     0
1172.38 -9.51e-14  4.40e-14   -80   -25     0
1174.05  3.76e-14  4.41e-14   -80    10     0
1175.73  7.53e-14  4.26e-14   -79    22     0
1177.41 -1.53e-14  3.56e-14   -79    -4     0
1179.08 -4.44e-15  3.34e-14   -79    -1     0
1180.76  4.62e-14  3.20e-14   -78    17     0
1182.43  1.41e-14  2.91e-14   -78     5     0
1184.11  1.55e-14  2.75e-14   -78     6     0
1185.79 -1.12e-14  2.57e-14   -77    -4     0
1187.46  3.23e-14  2.57e-14   -77    14     0
1189.14 -1.31e-14  2.32e-14   -76    -6     0
1190.82 -1.17e-14  2.11e-14   -76    -6     0
1192.49  2.92e-14  2.36e-14   -76    15     0
1194.17  2.28e-14  2.79e-14   -75    12     0
1195.85 -2.87e-14  3.08e-14   -75   -17 -4224
1197.52 -8.74e-15  2.96e-14   -74    -5 -4224
1199.20  1.24e-14  2.93e-14   -74     7 -4096
1200.87  2.48e-14  1.87e-14   -74    16     0
1202.55  4.77e-15  1.58e-14   -73     3     0
1204.23  4.67e-14  1.66e-14   -73    33     0
1205.90  5.50e-14  1.64e-14   -72    41     0
1207.58  1.06e-13  4.42e-14   -72    81     0
1209.26  2.16e-13  6.17e-14   -72   170     0
1210.93  4.56e-13  7.58e-14   -71   374     0
1212.61  8.10e-13  1.39e-13   -71   683     0
1214.29  8.55e-13  1.53e-13   -70   739     0
1215.96  9.32e-13  1.38e-13   -70   829     0
1217.64  6.71e-13  5.77e-14   -70   611     0
1219.32  6.02e-13  1.23e-13   -69   560     0
1220.99  3.12e-13  6.27e-14   -69   298     0
1222.67  1.28e-13  1.72e-14   -68   125     0
1224.34  1.43e-14  2.12e-14   -68    14     0
1226.02  1.15e-14  1.03e-14   -68    11     0
1227.70  1.16e-14  1.00e-14   -67    12     0
1229.37  1.41e-14  9.95e-15   -67    15     0
1231.05  5.07e-15  9.30e-15   -67     5     0
1232.73  1.17e-14  9.40e-15   -66    12     0
1234.40  3.34e-14  1.02e-14   -66    37     0
1236.08  8.02e-15  8.88e-15   -65     9     0
1237.76  1.70e-14  9.12e-15   -65    19     0
1239.43  1.49e-14  8.91e-15   -64    17     0
1241.11  7.02e-15  8.35e-15   -64     8     0
1242.78  2.22e-14  8.90e-15   -64    26     0
1244.46 -1.50e-14  8.01e-15   -63   -18     0
1246.14  1.10e-14  8.26e-15   -63    13     0
1247.81  8.90e-15  8.05e-15   -62    10     0
1249.49  1.26e-14  8.15e-15   -62    15     0
1251.17  1.25e-14  8.63e-15   -62    16     0
1252.84  7.07e-15  7.51e-15   -61     9     0
1254.52  5.27e-15  7.37e-15   -61     6     0
1256.20  8.16e-15  7.38e-15   -60    10     0
1257.87  1.36e-14  7.60e-15   -60    17     0
1259.55 -7.22e-15  7.03e-15   -60    -9     0
1261.22  3.02e-15  6.90e-15   -59     4     0
1262.90  1.15e-15  6.74e-15   -59     1     0
1264.58  4.17e-15  6.82e-15   -58     5     0
1266.25  1.13e-15  6.50e-15   -58     1     0
1267.93  7.11e-15  6.71e-15   -58     9     0
1269.61  1.31e-15  6.38e-15   -57     1     0
1271.28 -4.60e-15  6.48e-15   -57    -6     0
1272.96 -6.42e-15  6.64e-15   -56    -9     0
1274.64  2.11e-15  6.34e-15   -56     2     0
1276.31  5.52e-15  6.53e-15   -56     7     0
1277.99  4.70e-17  6.53e-15   -55     0     0
1279.67  6.55e-15  6.52e-15   -55     9     0
1281.34  1.23e-14  6.65e-15   -54    17     0
1283.02  9.11e-16  6.08e-15   -54     1     0
1284.69  2.08e-15  6.08e-15   -54     2     0
1286.37  1.11e-14  6.43e-15   -53    15     0
1288.05 -4.29e-15  6.77e-15   -53    -6     0
1289.72  3.64e-15  6.02e-15   -52     5     0
1291.40  6.49e-15  6.14e-15   -52     9     0
1293.08  6.65e-15  6.09e-15   -52     9     0
1294.75  1.30e-15  5.80e-15   -51     1     0
1296.43 -1.28e-15  5.69e-15   -51    -1     0
1298.11  5.99e-15  5.90e-15   -50     8     0
1299.78  4.15e-15  5.82e-15   -50     6     0
1301.46 -6.62e-16  5.69e-15   -50     0     0
1303.13  1.51e-14  6.36e-15   -49    21     0
1304.81  1.34e-14  6.27e-15   -49    19     0
1306.49  2.70e-14  6.98e-15   -48    38     0
1308.16  9.18e-15  6.36e-15   -48    13     0
1309.84  2.48e-15  7.14e-15   -48     3     0
1311.52  3.07e-15  5.62e-15   -47     4     0
1313.19  5.88e-15  5.68e-15   -47     8     0
1314.87 -2.67e-14  8.14e-15   -47   -38     0
1316.55  1.59e-15  5.48e-15   -46     2     0
1318.22  8.31e-15  5.80e-15   -46    12     0
1319.90 -2.04e-14  8.17e-15   -45   -29     0
1321.57 -1.28e-14  6.67e-15   -45   -17     0
1323.25 -3.10e-15  5.76e-15   -45    -4     0
1324.93  7.11e-16  6.20e-15   -44     0     0
1326.60  6.09e-15  6.05e-15   -44     8     0
1328.28  6.54e-15  5.84e-15   -43     9     0
1329.96  5.85e-16  5.55e-15   -43     0     0
1331.63  1.09e-14  6.00e-15   -43    15     0
1333.31  1.33e-14  6.03e-15   -42    18     0
1334.99  3.16e-14  6.79e-15   -42    43     0
1336.66  3.23e-14  6.70e-15   -41    45     0
1338.34  2.17e-14  6.29e-15   -41    30     0
1340.01  1.02e-14  5.95e-15   -41    14     0
1341.69  1.05e-14  5.99e-15   -40    14     0
1343.37 -3.98e-15  5.46e-15   -40    -5     0
1345.04  1.53e-16  5.39e-15   -40     0     0
1346.72 -2.10e-15  5.39e-15   -39    -2     0
1348.40 -1.75e-15  5.40e-15   -39    -2     0
1350.07 -2.30e-16  5.42e-15   -38     0     0
1351.75 -6.98e-15  5.61e-15   -38    -9     0
1353.43  4.73e-15  8.70e-15   -38     6     0
1355.10  9.14e-15  5.85e-15   -37    12     0
1356.78  1.20e-14  5.92e-15   -37    15     0
1358.46  1.09e-15  5.45e-15   -36     1     0
1360.13 -8.61e-16  5.52e-15   -36    -1     0
1361.81  9.28e-15  5.99e-15   -36    11     0
1363.48  4.26e-15  5.71e-15   -35     5     0
1365.16  6.50e-15  5.86e-15   -35     8     0
1366.84  6.25e-15  7.90e-15   -35     7     0
1368.51  1.19e-14  6.14e-15   -34    14     0
1370.19 -9.75e-16  5.52e-15   -34    -1     0
1371.87  5.46e-15  5.80e-15   -34     6     0
1373.54  3.85e-15  5.73e-15   -33     4     0
1375.22  2.31e-15  5.63e-15   -33     2     0
1376.90  1.10e-14  6.10e-15   -32    13     0
1378.57  1.28e-15  5.59e-15   -32     1     0
1380.25  9.48e-16  5.60e-15   -32     1     0
1381.92 -1.13e-14  5.57e-15   -31   -13     0
1383.60 -8.88e-15  5.59e-15   -31   -10     0
1385.28 -9.66e-15  6.36e-15   -31   -11     0
1386.95  9.72e-16  5.62e-15   -30     1     0
1388.63 -1.76e-15  6.10e-15   -30    -2     0
1390.31  9.71e-15  6.18e-15   -30    11     0
1391.98 -6.44e-16  6.56e-15   -29     0     0
1393.66 -1.85e-16  5.79e-15   -29     0     0
1395.34  5.73e-15  5.95e-15   -28     6     0
1397.01  6.95e-15  6.08e-15   -28     7     0
1398.69  5.30e-15  6.00e-15   -28     5     0
1400.36  1.03e-15  5.80e-15   -27     1     0
1402.04  5.87e-15  8.56e-15   -27     6     0
1403.72  2.75e-15  5.96e-15   -27     3     0
1405.39  1.52e-14  6.69e-15   -26    16     0
1407.07 -2.76e-16  5.91e-15   -26     0     0
1408.75 -1.30e-16  5.93e-15   -26     0     0
1410.42  2.76e-15  6.03e-15   -25     2     0
1412.10 -9.26e-15  7.53e-15   -25    -9     0
1413.78  8.63e-16  5.97e-15   -25     0     0
1415.45  7.22e-15  6.16e-15   -24     7     0
1417.13 -7.40e-15  5.86e-15   -24    -7     0
1418.81  7.51e-16  5.88e-15   -24     0     0
1420.48 -7.65e-15  6.14e-15   -23    -7     0
1422.16 -2.39e-15  6.16e-15   -23    -2     0
1423.83  1.32e-15  6.22e-15   -23     1     0
1425.51 -8.36e-16  6.09e-15   -22     0     0
1427.19  8.75e-15  6.57e-15   -22     8     0
1428.86  4.31e-15  6.35e-15   -22     4     0
1430.54 -2.97e-15  6.14e-15   -21    -2     0
1432.22  9.26e-16  6.20e-15   -21     0     0
1433.89  5.54e-15  6.47e-15   -21     5     0
1435.57  9.81e-15  6.74e-15   -20     9     0
1437.25 -6.31e-15  6.25e-15   -20    -5     0
1438.92  4.90e-15  6.60e-15   -20     4     0
1440.60 -1.07e-15  6.19e-15   -19    -1     0
1442.27  4.35e-15  6.60e-15   -19     4     0
1443.95  1.74e-14  7.00e-15   -19    16     0
1445.63  6.53e-16  6.21e-15   -18     0     0
1447.30  1.96e-15  6.32e-15   -18     1     0
1448.98 -1.33e-15  6.22e-15   -18    -1     0
1450.66 -5.47e-15  6.15e-15   -18    -5     0
1452.33 -1.08e-15  6.24e-15   -17    -1     0
1454.01  2.97e-15  6.27e-15   -17     2     0
1455.69 -5.88e-15  6.17e-15   -17    -5     0
1457.36  7.94e-15  6.57e-15   -16     7     0
1459.04  1.53e-14  6.97e-15   -16    13     0
1460.71  8.28e-15  6.47e-15   -16     7     0
1462.39  6.18e-15  6.33e-15   -15     5     0
1464.07  1.37e-14  6.73e-15   -15    12     0
1465.74  1.48e-14  6.89e-15   -15    13     0
1467.42  9.09e-15  6.52e-15   -15     8     0
1469.10  3.52e-15  6.24e-15   -14     3     0
1470.77  8.03e-15  7.30e-15   -14     7     0
1472.45  4.97e-15  6.43e-15   -14     4     0
1474.13 -6.76e-15  6.15e-15   -13    -5     0
1475.80 -4.28e-15  6.15e-15   -13    -3     0
1477.48  3.57e-15  6.26e-15   -13     3     0
1479.16  1.54e-15  6.16e-15   -13     1     0
1480.83  7.94e-15  6.57e-15   -12     6     0
1482.51  3.30e-15  6.30e-15   -12     2     0
1484.18  9.84e-15  6.67e-15   -12     8     0
1485.86 -1.29e-14  6.01e-15   -11   -11     0
1487.54  5.31e-15  6.30e-15   -11     4     0
1489.21  1.65e-15  6.07e-15   -11     1     0
1490.89  6.97e-15  6.48e-15   -11     5     0
1492.57  6.78e-16  6.09e-15   -10     0     0
1494.24  2.86e-15  6.23e-15   -10     2     0
1495.92  1.04e-15  6.08e-15   -10     0     0
1497.60 -2.07e-14  5.96e-15   -10   -17     0
1499.27 -2.46e-16  5.96e-15    -9     0     0
1500.95  9.05e-15  6.39e-15    -9     7     0
1502.62 -3.30e-15  5.92e-15    -9    -2     0
1504.30 -4.60e-16  6.10e-15    -8     0     0
1505.98 -4.64e-15  5.89e-15    -8    -3     0
1507.65  6.09e-16  5.89e-15    -8     0     0
1509.33  8.90e-15  6.43e-15    -8     7     0
1511.01  7.73e-15  6.40e-15    -7     6     0
1512.68  1.62e-15  6.04e-15    -7     1     0
1514.36  4.06e-15  6.16e-15    -7     3     0
1516.04 -3.08e-15  6.03e-15    -7    -2     0
1517.71  8.72e-15  6.46e-15    -6     7     0
1519.39  6.63e-15  6.44e-15    -6     5     0
1521.06  1.01e-14  6.63e-15    -6     8     0
1522.74  1.74e-15  6.09e-15    -6     1     0
1524.42  7.65e-15  6.48e-15    -6     6     0
1526.09  1.09e-14  6.66e-15    -5     8     0
1527.77 -2.98e-15  6.03e-15    -5    -2     0
1529.45  1.06e-14  6.55e-15    -5     8     0
1531.12  4.93e-15  6.19e-15    -5     3     0
1532.80  4.07e-15  6.10e-15    -4     3     0
1534.48  4.34e-15  6.09e-15    -4     3     0
1536.15  5.20e-15  6.13e-15    -4     4     0
1537.83  4.67e-15  6.06e-15    -4     3     0
1539.50 -1.09e-14  5.80e-15    -3    -8     0
1541.18  1.21e-14  6.42e-15    -3     9     0
1542.86  6.33e-15  6.10e-15    -3     5     0
1544.53  2.62e-14  7.01e-15    -3    21     0
1546.21  4.00e-14  8.55e-15    -3    31     0
1547.89  6.41e-14  9.44e-15    -2    51     0
1549.56  4.66e-14  9.81e-15    -2    37     0
1551.24  3.38e-14  7.39e-15    -2    26     0
1552.92  2.24e-14  6.72e-15    -2    17     0
1554.59  3.38e-15  5.81e-15    -2     2     0
1556.27 -1.09e-15  5.57e-15    -1     0     0
1557.95 -1.12e-15  5.54e-15    -1     0     0
1559.62  4.52e-16  5.56e-15    -1     0     0
1561.30  1.23e-14  6.23e-15    -1     9     0
1562.97  7.18e-15  5.93e-15     0     5     0
1564.65  1.69e-14  6.43e-15     0    13     0
1566.33  1.05e-14  5.83e-15     0     8     0
1568.00  1.20e-14  5.99e-15     0     9     0
1569.68  4.04e-15  5.43e-15     0     3     0
1571.36 -5.63e-15  5.37e-15     0    -4     0
1573.03 -5.23e-15  5.34e-15     0    -4     0
1574.71 -2.07e-14  5.31e-15     0   -16     0
1576.39  5.52e-15  5.65e-15     0     4     0
1578.06  6.52e-15  5.69e-15     0     5     0
1579.74  5.48e-15  5.58e-15     0     4     0
1581.41  5.79e-15  6.36e-15     1     4     0
1583.09 -6.29e-15  5.30e-15     1    -5     0
1584.77 -2.48e-15  5.17e-15     1    -2     0
1586.44 -8.66e-17  5.08e-15     1     0     0
1588.12 -1.94e-15  5.05e-15     1    -1     0
1589.80  6.84e-15  5.33e-15     1     5     0
1591.47  6.14e-15  5.34e-15     2     5     0
1593.15  9.09e-15  5.53e-15     2     7     0
1594.83  4.09e-16  5.02e-15     2     0     0
1596.50  4.84e-15  5.18e-15     2     4     0
1598.18  5.12e-15  5.09e-15     2     4     0
1599.85  9.19e-16  4.88e-15     2     0     0
1601.53  1.66e-15  4.89e-15     3     1     0
1603.21  1.15e-14  5.46e-15     3     9     0
1604.88 -5.62e-15  4.76e-15     3    -4     0
1606.56 -6.14e-15  4.81e-15     3    -5     0
1608.24  4.06e-15  4.94e-15     3     3     0
1609.91  7.51e-16  4.76e-15     3     0     0
1611.59  8.33e-15  5.14e-15     4     7     0
1613.27  1.07e-15  4.69e-15     4     0     0
1614.94  4.96e-15  4.84e-15     4     4     0
1616.62  3.13e-15  4.77e-15     4     2     0
1618.30  6.39e-16  4.61e-15     4     0     0
1619.97 -2.45e-15  4.57e-15     4    -2     0
1621.65  2.97e-15  4.59e-15     4     2     0
1623.32  2.06e-16  4.45e-15     5     0     0
1625.00 -2.00e-15  4.36e-15     5    -1     0
1626.68 -1.86e-15  4.33e-15     5    -1     0
1628.35  7.30e-16  4.34e-15     5     0     0
1630.03  4.62e-15  4.70e-15     5     3     0
1631.71  7.33e-15  4.82e-15     5     6     0
1633.38  2.82e-15  4.51e-15     5     2     0
1635.06  8.44e-15  5.26e-15     6     7     0
1636.74  9.00e-15  4.70e-15     6     7     0
1638.41  2.91e-14  5.73e-15     6    25     0
1640.09  4.87e-14  6.73e-15     6    42     0
1641.76  4.14e-14  7.49e-15     6    36     0
1643.44  2.60e-14  5.61e-15     6    22     0
1645.12  1.21e-14  4.72e-15     6    10     0
1646.79  1.87e-15  4.15e-15     6     1     0
1648.47  3.02e-15  4.17e-15     6     2     0
1650.15  7.94e-15  4.46e-15     7     7     0
1651.82  2.57e-15  4.04e-15     7     2     0
1653.50 -1.71e-16  3.95e-15     7     0     0
1655.18  5.74e-15  4.14e-15     7     5     0
1656.85  9.97e-15  4.51e-15     7     9     0
1658.53  1.20e-14  4.56e-15     7    10     0
1660.20  5.70e-15  4.05e-15     7     5     0
1661.88  1.23e-15  3.70e-15     7     1     0
1663.56  3.15e-15  3.86e-15     7     2     0
1665.23  2.34e-15  3.85e-15     8     2     0
1666.91  1.73e-15  3.83e-15     8     1     0
1668.59  4.54e-15  3.92e-15     8     4     0
1670.26  7.63e-15  4.03e-15     8     7     0
1671.94  7.96e-15  4.04e-15     8     7     0
1673.62  6.65e-16  3.52e-15     8     0     0
1675.29  5.39e-15  3.73e-15     8     5     0
1676.97 -2.33e-15  3.95e-15     8    -2     0
1678.65  2.44e-15  3.46e-15     8     2     0
1680.32 -2.54e-15  3.38e-15     8    -2     0
1682.00  4.65e-15  3.59e-15     8     4     0
1683.67  3.77e-15  3.54e-15     9     3     0
1685.35  1.76e-15  3.39e-15     9     1     0
1687.03 -3.89e-15  3.28e-15     9    -3     0
1688.70 -1.32e-15  3.25e-15     9    -1     0
1690.38  2.54e-15  3.34e-15     9     2     0
1692.06  2.01e-15  3.26e-15     9     2     0
1693.73  5.59e-16  3.15e-15     9     0     0
1695.41  8.93e-15  3.63e-15     9     9     0
1697.09  2.49e-15  3.20e-15     9     2     0
1698.76  3.88e-15  3.26e-15     9     3     0
1700.44  5.75e-15  3.29e-15     9     5     0
1702.11 -9.23e-16  2.95e-15     9     0     0
1703.79 -3.34e-15  2.92e-15    10    -3     0
1705.47 -3.79e-15  2.92e-15    10    -3     0
1707.14 -2.25e-15  2.89e-15    10    -2     0
1708.82 -1.57e-15  2.86e-15    10    -1     0
1710.50  6.29e-16  2.86e-15    10     0     0
1712.17 -2.38e-15  2.81e-15    10    -2     0
1713.85 -3.80e-16  2.78e-15    10     0     0
1715.53 -3.36e-15  2.78e-15    10    -3     0
1717.20  2.74e-15  2.89e-15    10     2     0
1718.88 -2.43e-15  2.70e-15    10    -2     0
1720.55  1.14e-15  2.66e-15    10     1     0
1722.23  9.95e-16  2.62e-15    10     1     0
1723.91 -3.03e-15  2.55e-15    10    -3     0
1725.58 -2.76e-15  2.59e-15    10    -3     0
1727.26 -7.57e-16  2.56e-15    10     0     0
1728.94  1.91e-15  2.63e-15    10     2     0
1730.61  2.09e-15  2.63e-15    10     2     0
1732.29  2.01e-15  2.56e-15    11     2     0
1733.97 -5.26e-16  2.45e-15    11     0     0
1735.64  9.60e-16  2.48e-15    11     1     0
1737.32 -2.82e-18  2.40e-15    11     0     0
1738.99  1.70e-15  2.46e-15    11     1     0
1740.67  6.42e-15  2.70e-15    11     7     0
1742.35  2.71e-15  2.43e-15    11     3     0
1744.02 -7.20e-16  2.24e-15    11     0     0
1745.70 -4.98e-15  2.24e-15    11    -5     0
1747.38  2.02e-15  2.34e-15    11     2     0
1749.05  2.64e-16  2.19e-15    11     0     0
1750.73  6.93e-16  2.18e-15    11     0     0
1752.41 -8.00e-16  2.17e-15    11     0     0
1754.08 -7.00e-16  2.09e-15    11     0     0
1755.76  9.48e-16  2.16e-15    11     1     0
1757.44  1.74e-16  2.08e-15    11     0     0
1759.11  8.44e-16  2.12e-15    11     1     0
1760.79  8.57e-16  2.07e-15    11     1     0
1762.46 -3.43e-16  2.01e-15    11     0     0
1764.14 -1.41e-15  2.03e-15    11    -1     0
1765.82 -2.34e-15  1.96e-15    11    -2     0
1767.49  4.95e-17  1.94e-15    11     0     0
1769.17 -2.72e-15  1.91e-15    11    -3     0
1770.85 -1.57e-15  1.88e-15    11    -2     0
1772.52 -3.13e-16  1.86e-15    11     0     0
1774.20  1.09e-15  1.91e-15    11     1     0
1775.88  1.18e-15  2.73e-15    12     1     0
1777.55  3.70e-15  2.00e-15    12     4     0
1779.23  1.45e-15  2.55e-15    12     1     0
1780.90  1.76e-15  1.86e-15    12     2     0
1782.58  1.53e-15  1.84e-15    12     2     0
1784.26  2.39e-15  1.88e-15    12     3     0
1785.93  1.80e-15  1.78e-15    12     2     0
1787.61 -2.19e-15  1.67e-15    12    -2     0
1789.29 -8.75e-16  1.65e-15    12    -1     0
1790.96 -2.20e-15  1.65e-15    12    -2     0
1792.64  8.04e-17  2.29e-15    12     0     0
1794.32 -1.23e-15  2.76e-15    12    -1 -4096
1795.99  4.14e-16  1.80e-15    12     0     0
1797.67 -5.30e-16  1.62e-15    12     0     0
1799.34  7.47e-16  1.62e-15    12     1     0
1801.02 -1.42e-15  1.59e-15    12    -1     0
1802.70  1.84e-15  1.65e-15    12     2     0
1804.37  3.03e-15  1.72e-15    12     4     0
1806.05  2.58e-15  1.70e-15    12     3     0
1807.73  9.32e-15  2.40e-15    12    12     0
1809.40  1.27e-14  2.25e-15    12    17     0
1811.08  9.86e-15  2.09e-15    12    13     0
1812.76  7.41e-15  1.92e-15    12    10     0
1814.43  9.91e-15  2.46e-15    12    13     0
1816.11  1.46e-14  3.15e-15    12    20     0
1817.79  1.65e-14  2.39e-15    12    22     0
1819.46  8.96e-15  1.93e-15    12    12     0
1821.14  6.67e-15  1.97e-15    12     9     0
1822.81  2.86e-15  1.60e-15    12     3     0
1824.49 -1.78e-16  1.58e-15    12     0     0
1826.17  2.66e-15  1.60e-15    12     3     0
1827.84  1.20e-15  1.60e-15    12     1     0
1829.52  1.85e-15  1.74e-15    12     2     0
1831.20 -8.74e-16  1.56e-15    12    -1     0
1832.87 -2.57e-16  1.55e-15    12     0     0
1834.55 -1.94e-15  1.55e-15    12    -2     0
1836.23 -1.24e-15  1.55e-15    12    -1     0
1837.90  2.18e-15  1.55e-15    12     3     0
1839.58  1.57e-15  1.55e-15    12     2     0
1841.25  3.55e-15  1.57e-15    12     4     0
1842.93  1.41e-15  1.57e-15    12     1     0
1844.61  2.00e-15  1.57e-15    12     2     0
1846.28  2.72e-15  1.54e-15    12     3     0
1847.96  1.66e-15  1.54e-15    12     2     0
1849.64  2.68e-15  1.54e-15    12     3     0
1851.31  1.74e-15  1.57e-15    12     2     0
1852.99 -1.73e-15  1.57e-15    12    -2     0
1854.67  1.94e-15  1.58e-15    12     2     0
1856.34  2.17e-15  1.57e-15    12     3     0
1858.02  3.78e-15  1.57e-15    12     5     0
1859.69  3.44e-15  1.57e-15    12     4     0
1861.37  5.34e-15  1.57e-15    12     7     0
1863.05  1.52e-15  1.57e-15    12     2     0
1864.72  1.44e-15  1.57e-15    12     1     0
1866.40  1.17e-15  1.61e-15    12     1     0
1868.08  2.11e-15  1.59e-15    12     2     0
1869.75  2.58e-15  1.59e-15    12     3     0
1871.43 -4.96e-16  1.61e-15    12     0     0
1873.11  2.98e-15  1.62e-15    12     4     0
1874.78  3.34e-15  1.62e-15    12     4     0
1876.46  2.09e-15  1.61e-15    12     2     0
1878.14  1.86e-15  1.62e-15    12     2     0
1879.81  7.17e-16  1.62e-15    12     0     0
1881.49 -6.51e-16  1.62e-15    12     0     0
1883.16  3.05e-15  1.63e-15    12     4     0
1884.84 -2.04e-16  1.63e-15    12     0     0
1886.52  3.11e-16  1.64e-15    12     0     0
1888.19 -3.16e-16  1.64e-15    12     0     0
1889.87 -1.64e-15  1.64e-15    12    -2     0
1891.55  4.87e-16  1.64e-15    12     0     0
1893.22  1.93e-15  1.64e-15    12     2     0
1894.90  1.49e-15  1.65e-15    12     1     0
1896.58  5.82e-16  1.65e-15    12     0     0
1898.25 -1.48e-15  1.65e-15    12    -1     0
1899.93  2.50e-15  1.65e-15    12     3     0
1901.60  1.57e-15  1.66e-15    12     2     0
1903.28  1.74e-15  1.66e-15    12     2     0
1904.96 -2.97e-17  1.66e-15    12     0     0
1906.63 -6.83e-16  1.65e-15    12     0     0
1908.31  2.55e-15  1.65e-15    12     3     0
1909.99  8.69e-16  1.65e-15    12     1     0
1911.66 -1.67e-16  1.68e-15    12     0     0
1913.34 -4.38e-16  1.68e-15    12     0     0
1915.02  1.80e-15  1.71e-15    12     2     0
1916.69  1.06e-15  1.71e-15    12     1     0
1918.37  4.15e-17  1.71e-15    12     0     0
1920.04 -1.56e-15  1.70e-15    12    -1     0
1921.72  1.08e-15  1.70e-15    12     1     0
1923.40  1.82e-15  1.76e-15    12     2     0
1925.07  8.39e-16  1.75e-15    12     1     0
1926.75 -2.67e-16  1.75e-15    12     0     0
1928.43  4.69e-15  1.68e-15    12     6     0
1930.10  4.91e-15  1.68e-15    12     6     0
1931.78  2.86e-15  1.67e-15    12     3     0
1933.46  4.73e-15  1.67e-15    12     6     0
1935.13  3.17e-15  1.69e-15    12     4     0
1936.81  1.06e-15  1.68e-15    12     1     0
1938.48  5.02e-16  1.68e-15    12     0     0
1940.16  3.85e-15  1.68e-15    12     4     0
1941.84  1.81e-16  1.68e-15    12     0     0
1943.51  1.09e-15  1.67e-15    12     1     0
1945.19  2.23e-15  1.65e-15    12     2     0
1946.87  1.39e-15  1.65e-15    12     1     0
1948.54  3.63e-15  1.64e-15    12     4     0
1950.22  4.93e-15  1.66e-15    12     6     0
1951.90  5.62e-15  1.65e-15    12     7     0
1953.57  3.32e-15  1.65e-15    12     4     0
1955.25  5.82e-16  1.71e-15    12     0     0
1956.93  1.35e-15  1.63e-15    12     1     0
1958.60  2.77e-15  1.86e-15    12     3     0
1960.28  1.71e-15  1.61e-15    12     2     0
1961.95  2.45e-15  1.62e-15    12     3     0
1963.63  3.98e-15  1.60e-15    12     5     0
1965.31  5.39e-15  1.61e-15    12     7     0
1966.98  4.77e-15  1.61e-15    12     6     0
1968.66  4.76e-15  1.61e-15    12     6     0
1970.34  3.89e-15  1.60e-15    12     5     0
1972.01  2.93e-15  1.61e-15    12     3     0
1973.69  2.81e-15  1.62e-15    12     3     0
1975.37  4.82e-15  1.63e-15    12     6     0
1977.04  4.30e-15  1.64e-15    12     5     0
1978.72  3.96e-15  1.65e-15    12     5     0
