NOT ORIGINAL IUE PROJECT DATA PRODUCT
SWP42372LOWLARGE
HD  197481
20:42:04
-31:31:05
48
NO-TRAIL
X-OFFSETS
2999.650
02/09/91
09:41:47
245
11.84
21/09/95
GSFC
2448501.90402
0
53
1150.59  3.76e-13  2.33e-13  1067    76     0
1152.27  4.23e-14  2.15e-13  1069     9     0
1153.94 -2.33e-13  2.01e-13  1070   -53     0
1155.62 -1.88e-13  1.93e-13  1072   -45     0
1157.30  3.34e-14  1.80e-13  1073     8     0
1158.97  1.04e-13  1.67e-13  1074    28     0
1160.65  9.06e-14  1.55e-13  1076    27     0
1162.33  2.86e-13  1.57e-13  1077    92     0
1164.00  2.09e-13  1.37e-13  1078    72     0
1165.68  4.58e-14  1.17e-13  1080    18     0
1167.35 -1.25e-13  1.08e-13  1081   -52     0
1169.03  1.18e-13  1.03e-13  1082    53     0
1170.71 -2.41e-14  9.41e-14  1083   -11     0
1172.38  1.38e-13  8.99e-14  1085    72     0
1174.06  3.51e-14  8.25e-14  1086    19     0
1175.74  1.42e-13  7.90e-14  1087    84     0
1177.41  9.02e-14  7.31e-14  1088    57     0
1179.09  1.14e-13  6.91e-14  1089    76     0
1180.77  6.42e-14  6.23e-14  1090    47     0
1182.44  1.13e-13  5.99e-14  1091    87     0
1184.12 -6.04e-15  5.52e-14  1092    -4     0
1185.79  1.08e-13  5.43e-14  1094    93     0
1187.47  2.44e-14  5.04e-14  1095    22     0
1189.15  3.39e-14  4.85e-14  1096    32     0
1190.82  4.95e-14  4.66e-14  1097    51     0
1192.50  4.32e-14  4.46e-14  1098    46     0
1194.18 -1.42e-16  4.33e-14  1099     0     0
1195.85  4.86e-14  4.36e-14  1100    57     0
1197.53  3.58e-14  4.08e-14  1101    44     0
1199.21  1.07e-13  4.95e-14  1101   135     0
1200.88  9.80e-14  3.69e-14  1102   131     0
1202.56 -2.17e-15  3.26e-14  1103    -2     0
1204.23  5.77e-14  3.23e-14  1104    82     0
1205.91  1.09e-13  3.22e-14  1105   161     0
1207.59  2.44e-13  5.44e-14  1106   371     0
1209.26  4.86e-13  8.69e-14  1107   760     0
1210.94  9.45e-13  1.54e-13  1108  1536     0
1212.62  1.54e-12  2.78e-13  1108  2566     0
1214.29  1.72e-12  2.87e-13  1109  2947     0
1215.97  1.77e-12  2.96e-13  1110  3110     0
1217.65  1.67e-12  2.57e-13  1111  3003     0
1219.32  1.14e-12  1.97e-13  1112  2098     0
1221.00  7.19e-13  1.40e-13  1112  1357     0
1222.67  2.71e-13  6.14e-14  1113   522     0
1224.35  1.06e-13  4.06e-14  1114   209     0
1226.03  1.66e-14  2.20e-14  1114    33     0
1227.70  1.66e-14  2.16e-14  1115    34     0
1229.38 -1.68e-15  2.10e-14  1116    -3     0
1231.06  3.98e-15  2.05e-14  1116     8     0
1232.73 -5.40e-15  2.01e-14  1117   -11     0
1234.41 -6.05e-15  1.98e-14  1118   -13     0
1236.09  4.43e-15  1.94e-14  1118    10     0
1237.76 -1.36e-14  1.91e-14  1119   -31     0
1239.44  2.91e-14  1.93e-14  1120    67     0
1241.11  2.26e-14  1.88e-14  1120    53     0
1242.79  1.92e-14  1.85e-14  1121    45     0
1244.47  3.60e-14  1.86e-14  1121    86     0
1246.14  3.93e-15  1.81e-14  1122     9     0
1247.82  3.01e-14  1.84e-14  1123    73     0
1249.50  4.36e-15  1.77e-14  1123    10     0
1251.17 -1.24e-14  1.71e-14  1124   -31     0
1252.85  2.89e-14  1.89e-14  1124    73     0
1254.53  2.41e-14  1.71e-14  1125    62     0
1256.20 -2.02e-14  1.67e-14  1125   -52     0
1257.88  3.97e-15  1.66e-14  1126    10     0
1259.56 -1.65e-14  1.64e-14  1126   -43     0
1261.23  5.69e-15  1.62e-14  1126    15     0
1262.91  8.70e-15  1.61e-14  1127    23     0
1264.58  1.93e-14  1.62e-14  1127    52     0
1266.26 -4.07e-16  1.55e-14  1128    -1     0
1267.94  7.94e-15  1.62e-14  1128    22     0
1269.61  7.28e-15  1.53e-14  1129    20     0
1271.29  1.72e-14  1.57e-14  1129    47     0
1272.97  3.71e-14  1.59e-14  1129   103     0
1274.64  1.08e-14  1.54e-14  1130    30     0
1276.32 -4.56e-15  1.55e-14  1130   -12     0
1278.00  2.30e-14  1.57e-14  1131    63     0
1279.67 -2.46e-14  1.53e-14  1131   -68     0
1281.35  1.29e-14  1.52e-14  1131    36     0
1283.02  7.80e-15  1.50e-14  1132    22     0
1284.70  2.39e-14  1.53e-14  1132    67     0
1286.38  2.47e-14  1.51e-14  1132    70     0
1288.05  4.20e-14  1.54e-14  1133   120     0
1289.73  2.17e-14  1.53e-14  1133    62     0
1291.41  1.91e-15  1.46e-14  1133     5     0
1293.08  2.04e-15  1.46e-14  1133     5     0
1294.76 -8.15e-15  1.46e-14  1134   -23     0
1296.44 -1.58e-14  1.44e-14  1134   -45     0
1298.11 -2.63e-14  1.44e-14  1134   -76     0
1299.79 -1.79e-14  1.44e-14  1135   -51     0
1301.46 -7.23e-15  1.45e-14  1135   -20     0
1303.14  7.35e-15  1.45e-14  1135    21     0
1304.82  3.10e-15  1.45e-14  1135     8     0
1306.49  7.93e-15  1.47e-14  1136    22     0
1308.17  4.76e-15  1.56e-14  1136    13     0
1309.85 -1.03e-14  1.48e-14  1136   -28     0
1311.52 -3.03e-15  1.42e-14  1136    -8     0
1313.20  2.33e-15  1.43e-14  1136     6     0
1314.88  5.19e-16  1.42e-14  1137     1     0
1316.55 -1.10e-14  1.43e-14  1137   -31     0
1318.23 -6.91e-15  1.42e-14  1137   -19     0
1319.90  2.12e-14  1.45e-14  1137    61     0
1321.58  2.38e-15  1.50e-14  1137     6     0
1323.26 -6.92e-15  1.51e-14  1137   -19     0
1324.93 -1.39e-14  1.54e-14  1138   -38     0
1326.61 -1.03e-14  1.62e-14  1138   -28     0
1328.29 -2.44e-15  1.67e-14  1138    -6     0
1329.96 -1.73e-15  1.58e-14  1138    -4     0
1331.64  6.02e-15  1.58e-14  1138    16     0
1333.32  8.33e-15  1.48e-14  1138    22     0
1334.99 -1.55e-14  1.48e-14  1138   -42     0
1336.67  1.78e-14  1.47e-14  1139    49     0
1338.34 -5.57e-15  1.44e-14  1139   -15     0
1340.02  4.88e-15  1.48e-14  1139    13     0
1341.70  1.87e-14  1.54e-14  1139    50     0
1343.37  1.81e-14  1.52e-14  1139    48     0
1345.05 -1.98e-15  1.47e-14  1139    -5     0
1346.73  1.09e-14  1.52e-14  1139    29     0
1348.40 -2.50e-17  1.48e-14  1139     0     0
1350.08  1.43e-15  1.49e-14  1139     3     0
1351.76 -1.12e-14  1.50e-14  1140   -29     0
1353.43 -1.69e-14  1.50e-14  1140   -44     0
1355.11 -1.17e-15  1.50e-14  1140    -3     0
1356.79 -2.01e-14  1.50e-14  1140   -52     0
1358.46 -2.75e-14  1.51e-14  1140   -72     0
1360.14 -8.22e-15  1.54e-14  1140   -20     0
1361.81 -3.94e-15  1.56e-14  1140   -10     0
1363.49  6.19e-15  1.56e-14  1140    15     0
1365.17  4.18e-15  1.56e-14  1140    10     0
1366.84  2.74e-14  1.61e-14  1140    68     0
1368.52 -1.30e-14  1.57e-14  1140   -32     0
1370.20 -8.60e-15  1.57e-14  1140   -21     0
1371.87 -9.67e-15  1.57e-14  1140   -23     0
1373.55  2.21e-14  1.61e-14  1140    54     0
1375.23 -2.80e-15  1.58e-14  1140    -6     0
1376.90 -1.72e-14  1.59e-14  1140   -42     0
1378.58  1.45e-14  1.61e-14  1140    35     0
1380.25  2.48e-15  1.60e-14  1140     5     0
1381.93 -5.06e-15  1.61e-14  1140   -12     0
1383.61 -8.27e-16  1.61e-14  1141    -1     0
1385.28 -1.34e-14  1.61e-14  1141   -32     0
1386.96 -3.65e-14  1.62e-14  1141   -86     0
1388.64 -9.59e-15  1.63e-14  1141   -22     0
1390.31 -6.22e-16  1.66e-14  1141    -1     0
1391.99 -1.79e-14  1.67e-14  1141   -40     0
1393.67 -2.44e-15  1.68e-14  1141    -5     0
1395.34  7.22e-15  1.68e-14  1141    16     0
1397.02  1.10e-14  1.70e-14  1141    24     0
1398.69 -2.81e-14  1.70e-14  1141   -62     0
1400.37 -3.35e-15  1.71e-14  1141    -7     0
1402.05 -5.24e-15  1.72e-14  1141   -11     0
1403.72 -3.64e-16  1.75e-14  1141     0     0
1405.40  2.40e-15  1.76e-14  1141     5     0
1407.08 -5.32e-15  1.77e-14  1141   -11     0
1408.75 -2.75e-16  1.78e-14  1141     0     0
1410.43 -1.28e-14  1.83e-14  1141   -26     0
1412.11 -1.63e-15  1.78e-14  1141    -3     0
1413.78  1.07e-14  1.80e-14  1141    22     0
1415.46 -5.36e-15  1.76e-14  1141   -11     0
1417.13 -1.37e-14  1.77e-14  1141   -28     0
1418.81  2.82e-15  1.78e-14  1141     5     0
1420.49  7.51e-15  1.87e-14  1141    14     0
1422.16  1.61e-14  1.90e-14  1141    31     0
1423.84 -2.88e-14  1.89e-14  1141   -56     0
1425.52 -6.81e-15  1.86e-14  1141   -13     0
1427.19 -1.45e-14  1.87e-14  1141   -28     0
1428.87  4.09e-16  1.88e-14  1141     0     0
1430.55 -5.40e-15  2.16e-14  1141   -10     0
1432.22  1.56e-15  1.90e-14  1141     3     0
1433.90 -5.58e-14  1.91e-14  1141  -106     0
1435.57 -3.77e-14  1.93e-14  1141   -71     0
1437.25  3.08e-14  1.98e-14  1141    57     0
1438.93  4.62e-14  2.02e-14  1141    86     0
1440.60 -1.44e-14  1.93e-14  1141   -26     0
1442.28 -3.28e-14  1.94e-14  1141   -61     0
1443.96 -1.67e-14  1.94e-14  1141   -30     0
1445.63  1.31e-14  1.96e-14  1140    24     0
1447.31  3.81e-14  2.01e-14  1140    70     0
1448.99 -2.35e-14  1.96e-14  1140   -43     0
1450.66  4.64e-15  1.96e-14  1140     8     0
1452.34  1.08e-14  1.95e-14  1140    19     0
1454.02  5.66e-15  1.95e-14  1140    10     0
1455.69 -8.49e-15  1.96e-14  1140   -15     0
1457.37 -4.84e-15  1.97e-14  1140    -8     0
1459.04  2.92e-14  2.00e-14  1140    52     0
1460.72  4.69e-14  2.00e-14  1140    86     0
1462.40  2.14e-14  1.95e-14  1140    39     0
1464.07 -2.75e-14  1.93e-14  1140   -50     0
1465.75 -2.62e-15  1.96e-14  1140    -4     0
1467.43 -2.94e-14  1.96e-14  1140   -52     0
1469.10  1.96e-14  2.00e-14  1140    35     0
1470.78  7.23e-15  2.03e-14  1140    12     0
1472.46  2.41e-14  2.03e-14  1140    42     0
1474.13  1.91e-14  2.02e-14  1140    33     0
1475.81 -2.11e-16  2.00e-14  1140     0     0
1477.48  2.97e-14  2.16e-14  1140    51     0
1479.16  3.64e-14  2.05e-14  1140    63     0
1480.84  1.01e-14  2.02e-14  1140    17     0
1482.51 -1.43e-14  2.01e-14  1140   -24     0
1484.19  1.35e-14  2.02e-14  1140    23     0
1485.87  1.30e-15  1.98e-14  1140     2     0
1487.54 -4.68e-15  1.99e-14  1140    -8     0
1489.22  1.68e-14  2.00e-14  1140    29     0
1490.90  1.86e-14  2.04e-14  1140    31     0
1492.57 -8.57e-16  2.02e-14  1140    -1     0
1494.25  2.66e-14  2.06e-14  1140    44     0
1495.92 -1.33e-14  1.99e-14  1140   -22     0
1497.60  2.90e-14  2.37e-14  1140    49     0
1499.28  3.42e-14  2.04e-14  1140    58     0
1500.95  3.45e-14  2.03e-14  1140    58     0
1502.63  1.78e-14  2.01e-14  1140    30     0
1504.31  4.56e-15  2.00e-14  1140     7     0
1505.98 -2.65e-14  1.99e-14  1140   -45     0
1507.66  4.37e-14  2.05e-14  1140    73     0
1509.34  1.38e-14  2.01e-14  1140    23     0
1511.01  3.85e-14  2.09e-14  1140    63     0
1512.69 -7.62e-15  2.04e-14  1140   -12     0
1514.36 -2.87e-14  2.04e-14  1140   -46     0
1516.04 -2.54e-14  2.06e-14  1140   -41     0
1517.72 -3.54e-14  2.07e-14  1140   -57     0
1519.39 -2.31e-14  2.07e-14  1141   -37     0
1521.07  1.27e-14  2.12e-14  1141    20     0
1522.75  1.49e-14  2.10e-14  1141    23     0
1524.42 -3.67e-14  2.09e-14  1141   -58     0
1526.10 -2.67e-14  2.09e-14  1141   -42     0
1527.78  2.42e-14  2.12e-14  1141    38     0
1529.45 -7.24e-15  2.09e-14  1141   -11     0
1531.13  1.03e-14  2.07e-14  1141    16     0
1532.80  3.44e-14  2.10e-14  1141    54     0
1534.48  1.98e-14  2.09e-14  1141    31     0
1536.16 -1.28e-14  2.06e-14  1141   -20     0
1537.83 -7.35e-15  2.04e-14  1141   -11     0
1539.51 -1.54e-14  2.04e-14  1141   -24     0
1541.19 -2.74e-14  2.04e-14  1141   -43     0
1542.86  1.57e-14  2.05e-14  1141    24     0
1544.54 -1.42e-15  2.04e-14  1141    -2     0
1546.22  5.79e-14  2.14e-14  1141    91     0
1547.89  6.58e-14  2.13e-14  1141   104     0
1549.57  1.08e-13  2.28e-14  1141   170     0
1551.24  3.78e-14  2.08e-14  1141    59     0
1552.92  3.33e-14  2.07e-14  1141    52     0
1554.60  4.16e-14  2.08e-14  1141    65     0
1556.27  2.54e-15  2.00e-14  1141     4     0
1557.95 -1.29e-14  2.10e-14  1141   -20     0
1559.63  1.08e-14  2.00e-14  1141    17     0
1561.30  2.98e-14  2.03e-14  1141    47     0
1562.98  4.77e-14  2.08e-14  1141    75     0
1564.66  4.24e-14  2.04e-14  1141    67     0
1566.33 -7.82e-16  1.93e-14  1141    -1     0
1568.01 -4.12e-14  1.93e-14  1142   -67     0
1569.69  1.99e-14  1.95e-14  1142    32     0
1571.36 -1.34e-14  1.96e-14  1142   -21     0
1573.04  2.95e-14  1.99e-14  1142    47     0
1574.71  1.40e-14  1.96e-14  1142    22     0
1576.39  3.44e-14  2.01e-14  1142    54     0
1578.07  3.68e-14  2.27e-14  1142    58     0
1579.74  2.51e-14  1.99e-14  1142    39     0
1581.42  3.09e-14  1.96e-14  1142    49     0
1583.10  3.62e-15  1.92e-14  1142     5     0
1584.77  2.16e-14  1.95e-14  1142    35     0
1586.45  3.38e-14  1.93e-14  1142    55     0
1588.13  3.29e-14  1.93e-14  1142    53     0
1589.80  4.74e-14  1.94e-14  1142    77     0
1591.48 -1.35e-14  2.64e-14  1142   -21     0
1593.15 -3.46e-14  1.90e-14  1142   -56     0
1594.83 -3.77e-15  1.88e-14  1142    -6     0
1596.51  7.21e-15  1.96e-14  1142    11     0
1598.18  5.67e-14  2.05e-14  1143    93     0
1599.86  1.69e-14  1.86e-14  1143    27     0
1601.54  4.27e-15  1.84e-14  1143     7     0
1603.21 -1.44e-14  1.82e-14  1143   -23     0
1604.89  2.15e-14  1.84e-14  1143    35     0
1606.57  6.41e-15  1.84e-14  1143    10     0
1608.24 -4.69e-14  1.85e-14  1143   -77     0
1609.92 -7.41e-15  1.82e-14  1143   -12     0
1611.59 -6.15e-15  1.80e-14  1143   -10     0
1613.27  2.45e-14  1.82e-14  1143    40     0
1614.95  8.61e-15  1.79e-14  1143    14     0
1616.62  2.15e-14  1.95e-14  1143    35     0
1618.30  7.18e-15  1.79e-14  1143    11     0
1619.98  2.41e-14  1.81e-14  1143    40     0
1621.65  1.86e-14  2.17e-14  1143    31     0
1623.33  3.24e-14  1.78e-14  1143    55     0
1625.01 -9.55e-15  1.71e-14  1144   -16     0
1626.68  2.69e-15  1.70e-14  1144     4     0
1628.36 -2.47e-14  1.84e-14  1144   -42     0
1630.03 -1.93e-14  1.75e-14  1144   -32     0
1631.71  9.86e-15  2.27e-14  1144    16     0
1633.39 -1.23e-14  1.80e-14  1144   -20     0
1635.06  3.26e-14  1.73e-14  1144    56     0
1636.74  5.37e-15  1.69e-14  1144     9     0
1638.42  9.25e-14  1.79e-14  1144   160     0
1640.09  4.38e-14  1.72e-14  1144    75     0
1641.77  2.68e-14  1.69e-14  1144    46     0
1643.45  2.68e-14  1.73e-14  1144    46     0
1645.12  3.40e-14  2.16e-14  1144    59     0
1646.80  3.04e-14  1.67e-14  1144    53     0
1648.47  2.58e-15  1.63e-14  1144     4     0
1650.15  2.83e-14  1.66e-14  1144    49     0
1651.83 -8.74e-15  1.62e-14  1145   -15     0
1653.50  1.82e-14  1.63e-14  1145    32     0
1655.18  1.89e-14  1.61e-14  1145    33     0
1656.86  1.97e-14  1.60e-14  1145    35     0
1658.53  3.03e-14  1.61e-14  1145    54     0
1660.21  3.79e-14  1.66e-14  1145    69     0
1661.89 -3.15e-15  1.64e-14  1145    -5     0
1663.56  1.27e-14  1.60e-14  1145    23     0
1665.24  2.54e-14  1.63e-14  1145    45     0
1666.92  2.89e-14  1.58e-14  1145    52     0
1668.59  1.64e-14  1.55e-14  1145    29     0
1670.27  1.18e-14  1.51e-14  1145    22     0
1671.94  1.60e-14  1.51e-14  1145    29     0
1673.62  1.01e-14  1.49e-14  1145    18     0
1675.30  5.72e-15  1.45e-14  1145    10     0
1676.97  1.60e-15  1.44e-14  1145     3     0
1678.65 -1.82e-15  1.43e-14  1145    -3     0
1680.33 -1.43e-14  1.56e-14  1145   -27     0
1682.00 -2.59e-14  1.43e-14  1145   -49     0
1683.68  6.98e-15  1.42e-14  1146    13     0
1685.36 -1.13e-14  1.42e-14  1146   -21     0
1687.03 -1.05e-14  1.41e-14  1146   -20     0
1688.71  1.29e-14  1.43e-14  1146    25     0
1690.38  9.30e-15  1.39e-14  1146    18     0
1692.06 -3.09e-14  1.37e-14  1146   -61     0
1693.74 -2.73e-14  1.36e-14  1146   -54     0
1695.41 -7.66e-15  1.37e-14  1146   -15     0
1697.09 -2.43e-14  1.41e-14  1146   -49     0
1698.77 -1.64e-14  1.33e-14  1146   -33     0
1700.44 -2.72e-14  1.31e-14  1146   -55     0
1702.12  1.37e-14  1.32e-14  1146    28     0
1703.80  1.28e-14  1.31e-14  1146    26     0
1705.47  2.53e-15  1.30e-14  1146     5     0
1707.15  6.00e-16  1.29e-14  1146     1     0
1708.82  7.15e-15  1.29e-14  1146    14     0
1710.50  1.16e-14  1.29e-14  1146    24     0
1712.18  1.70e-14  1.28e-14  1146    35     0
1713.85  2.13e-15  1.26e-14  1146     4     0
1715.53 -2.88e-14  1.25e-14  1146   -60     0
1717.21  8.17e-15  1.25e-14  1146    17     0
1718.88  7.53e-15  1.24e-14  1146    16     0
1720.56  1.95e-14  1.22e-14  1146    42     0
1722.24 -1.54e-14  1.19e-14  1146   -34     0
1723.91 -3.65e-15  1.18e-14  1146    -8     0
1725.59 -1.01e-14  1.20e-14  1146   -21     0
1727.26 -1.12e-14  1.19e-14  1146   -24     0
1728.94  3.34e-15  1.18e-14  1146     7     0
1730.62  6.65e-15  1.18e-14  1146    14     0
1732.29 -1.34e-14  1.17e-14  1146   -29     0
1733.97  2.39e-14  1.18e-14  1146    53     0
1735.65  3.34e-14  1.18e-14  1146    75     0
1737.32  2.45e-14  1.16e-14  1146    55     0
1739.00  4.81e-15  1.13e-14  1146    10     0
1740.68  1.45e-14  1.11e-14  1146    33     0
1742.35  2.28e-15  1.09e-14  1146     5     0
1744.03  2.93e-16  1.08e-14  1146     0     0
1745.70 -8.63e-15  1.08e-14  1146   -20     0
1747.38  6.05e-15  1.08e-14  1146    14     0
1749.06  1.31e-14  1.08e-14  1146    31     0
1750.73  9.92e-15  1.06e-14  1146    23     0
1752.41  1.18e-14  1.05e-14  1146    28     0
1754.09  8.82e-15  1.04e-14  1146    21     0
1755.76  1.32e-14  1.06e-14  1146    31     0
1757.44  2.07e-14  1.06e-14  1146    50     0
1759.12  2.00e-14  1.05e-14  1146    48     0
1760.79 -1.20e-14  1.02e-14  1146   -29     0
1762.47  1.07e-14  1.03e-14  1146    26     0
1764.15  3.43e-15  1.01e-14  1146     8     0
1765.82  2.20e-15  9.99e-15  1145     5     0
1767.50  6.44e-15  9.96e-15  1145    16     0
1769.17 -1.45e-15  9.85e-15  1145    -3     0
1770.85  3.91e-15  9.73e-15  1145     9     0
1772.53  5.13e-15  9.68e-15  1145    13     0
1774.20 -1.64e-14  9.59e-15  1145   -42     0
1775.88  1.25e-14  9.67e-15  1145    32     0
1777.56  3.36e-15  9.51e-15  1145     8     0
1779.23  1.08e-14  9.52e-15  1145    27     0
1780.91  9.53e-18  9.43e-15  1145     0     0
1782.59 -1.03e-14  9.37e-15  1145   -26     0
1784.26  2.39e-16  9.32e-15  1145     0     0
1785.94  3.31e-15  9.11e-15  1145     8     0
1787.61  8.28e-15  9.32e-15  1145    22     0
1789.29 -9.63e-16  9.65e-15  1144    -2     0
1790.97  8.48e-15  1.03e-14  1144    22     0
1792.64  4.18e-15  1.05e-14  1144    11     0
1794.32  6.57e-16  1.04e-14  1144     1     0
1796.00  4.18e-15  9.94e-15  1144    11     0
1797.67  7.81e-15  9.45e-15  1144    20     0
1799.35 -8.32e-17  8.92e-15  1144     0     0
1801.03 -7.13e-15  8.81e-15  1144   -19     0
1802.70 -8.14e-15  8.77e-15  1144   -22     0
1804.38 -7.08e-15  8.74e-15  1144   -19     0
1806.05 -8.24e-15  8.83e-15  1143   -22     0
1807.73  7.60e-15  8.86e-15  1143    20     0
1809.41  2.02e-14  8.93e-15  1143    54     0
1811.08  1.52e-14  8.82e-15  1143    41     0
1812.76 -1.74e-15  8.65e-15  1143    -4     0
1814.44  1.72e-14  8.77e-15  1143    46     0
1816.11  3.16e-14  8.85e-15  1143    86     0
1817.79  2.45e-14  8.76e-15  1143    66     0
1819.47  1.71e-14  8.66e-15  1142    46     0
1821.14  2.67e-14  8.77e-15  1142    72     0
1822.82  2.25e-14  8.71e-15  1142    61     0
1824.49 -1.17e-14  8.50e-15  1142   -31     0
1826.17 -9.36e-15  8.59e-15  1142   -25     0
1827.85 -4.17e-15  8.57e-15  1142   -11     0
1829.52  8.42e-15  8.61e-15  1142    22     0
1831.20 -1.18e-15  8.30e-15  1141    -3     0
1832.88  2.33e-16  8.28e-15  1141     0     0
1834.55  5.55e-15  8.30e-15  1141    15     0
1836.23  1.53e-15  8.23e-15  1141     4     0
1837.91 -2.65e-15  8.20e-15  1141    -7     0
1839.58 -1.11e-14  8.18e-15  1141   -30     0
1841.26 -1.11e-14  8.28e-15  1141   -30     0
1842.93 -8.09e-15  8.26e-15  1140   -22     0
1844.61 -1.44e-16  8.24e-15  1140     0     0
1846.29  1.09e-14  8.15e-15  1140    30     0
1847.96  5.66e-15  8.09e-15  1140    15     0
1849.64  2.90e-15  8.05e-15  1140     8     0
1851.32  2.46e-15  8.21e-15  1140     6     0
1852.99  6.99e-15  8.23e-15  1139    19     0
1854.67  2.19e-17  8.17e-15  1139     0     0
1856.35  4.87e-15  8.16e-15  1139    13     0
1858.02 -5.19e-15  8.12e-15  1139   -14     0
1859.70 -3.41e-15  8.11e-15  1139    -9     0
1861.37 -1.32e-14  8.05e-15  1139   -36     0
1863.05 -1.62e-14  8.04e-15  1138   -44     0
1864.73 -8.27e-15  8.04e-15  1138   -22     0
1866.40 -1.89e-14  8.12e-15  1138   -51     0
1868.08 -1.82e-14  8.11e-15  1138   -49     0
1869.76 -1.64e-14  8.11e-15  1138   -44     0
1871.43 -1.08e-14  8.19e-15  1138   -28     0
1873.11 -1.46e-15  8.19e-15  1138    -3     0
1874.79  7.69e-15  8.25e-15  1137    20     0
1876.46  8.39e-15  8.21e-15  1137    22     0
1878.14  4.98e-15  8.19e-15  1137    13     0
1879.82  5.39e-15  8.19e-15  1137    14     0
1881.49  1.46e-15  8.15e-15  1137     3     0
1883.17  5.26e-15  8.18e-15  1137    13     0
1884.84  6.33e-15  8.19e-15  1136    16     0
1886.52  5.63e-15  8.21e-15  1136    14     0
1888.20 -4.70e-16  8.17e-15  1136    -1     0
1889.87  8.16e-15  8.23e-15  1136    21     0
1891.55  4.01e-15  8.16e-15  1136    10     0
1893.23  1.09e-14  8.21e-15  1136    28     0
1894.90  1.37e-14  8.24e-15  1135    35     0
1896.58  6.07e-15  8.16e-15  1135    15     0
1898.26  1.79e-15  8.13e-15  1135     4     0
1899.93 -6.98e-16  8.11e-15  1135    -1     0
1901.61  2.38e-15  8.14e-15  1135     6     0
1903.28  8.70e-15  8.19e-15  1135    22     0
1904.96 -2.24e-16  8.12e-15  1135     0     0
1906.64 -2.31e-15  8.03e-15  1134    -6     0
1908.31 -8.37e-16  8.02e-15  1134    -2     0
1909.99  1.14e-14  8.11e-15  1134    29     0
1911.67  1.19e-14  8.23e-15  1134    30     0
1913.34  1.55e-14  8.25e-15  1134    39     0
1915.02  1.09e-14  8.34e-15  1134    27     0
1916.70  8.11e-15  8.30e-15  1134    20     0
1918.37  1.58e-14  8.74e-15  1134    39     0
1920.05  1.08e-14  8.83e-15  1133    27     0
1921.72  5.24e-15  9.00e-15  1133    13     0
1923.40 -5.63e-15  9.75e-15  1133   -14     0
1925.08  8.06e-15  9.41e-15  1133    20     0
1926.75  6.11e-15  9.37e-15  1133    15     0
1928.43  9.41e-15  8.87e-15  1133    24     0
1930.11  1.40e-14  8.42e-15  1133    35     0
1931.78  3.12e-14  8.15e-15  1133    80     0
1933.46  3.15e-14  8.12e-15  1133    81     0
1935.14  2.40e-14  8.14e-15  1133    61     0
1936.81  2.24e-14  8.10e-15  1133    57     0
1938.49  9.61e-15  7.97e-15  1133    24     0
1940.16  7.39e-15  7.94e-15  1133    18     0
1941.84  2.08e-15  7.86e-15  1132     5     0
1943.52  4.98e-15  7.84e-15  1132    12     0
1945.19  8.33e-15  7.76e-15  1132    21     0
1946.87  3.01e-15  7.68e-15  1132     7     0
1948.55 -2.05e-15  7.62e-15  1132    -5     0
1950.22  4.08e-15  7.71e-15  1132    10     0
1951.90  5.66e-15  7.68e-15  1132    14     0
1953.58  6.17e-15  7.65e-15  1132    16     0
1955.25  5.14e-16  7.52e-15  1132     1     0
1956.93 -1.40e-15  7.49e-15  1132    -3     0
1958.60 -4.51e-15  7.46e-15  1133   -11     0
1960.28 -6.50e-15  7.34e-15  1133   -17     0
1961.96  3.00e-15  7.34e-15  1133     8     0
1963.63  7.63e-15  7.36e-15  1133    20     0
1965.31  5.24e-15  7.37e-15  1133    14     0
1966.99  1.40e-14  7.43e-15  1133    37     0
1968.66  7.53e-15  7.38e-15  1133    20     0
1970.34  5.24e-15  7.32e-15  1133    14     0
1972.02  5.06e-15  7.35e-15  1133    13     0
1973.69 -1.02e-16  7.34e-15  1133     0     0
1975.37  2.28e-15  7.37e-15  1134     6     0
1977.05  4.06e-16  7.39e-15  1134     1     0
1978.72 -8.63e-15  7.42e-15  1134   -22     0
