NOT ORIGINAL IUE PROJECT DATA PRODUCT
SWP42382LOWLARGE
HD  197481
20:42:04
-31:31:05
48
NO-TRAIL
X-OFFSETS
2519.190
03/09/91
03:29:51
246
6.82
21/09/95
GSFC
2448502.64573
0
20
1150.59 -8.71e-14  1.68e-13     7   -15     0
1152.27 -3.18e-13  1.58e-13     7   -59     0
1153.94  4.03e-14  1.48e-13     7     7     0
1155.62 -7.78e-14  1.41e-13     8   -16     0
1157.30 -2.56e-13  1.31e-13     8   -56     0
1158.97  2.61e-14  1.21e-13     9     6     0
1160.65 -1.59e-13  1.11e-13     9   -41     0
1162.33  7.48e-14  1.04e-13    10    20     0
1164.00  6.11e-14  9.64e-14    10    18     0
1165.68 -6.07e-14  8.34e-14    10   -20     0
1167.35 -1.54e-14  7.75e-14    11    -5     0
1169.03  1.04e-14  7.22e-14    11     4     0
1170.71 -3.83e-14  6.69e-14    11   -16     0
1172.38 -7.94e-14  6.24e-14    12   -35     0
1174.06  4.43e-14  7.09e-14    12    21     0
1175.74 -1.30e-14  5.39e-14    13    -6     0
1177.41  3.17e-14  5.12e-14    13    17     0
1179.09 -5.49e-14  5.50e-14    13   -31     0
1180.77  6.29e-14  4.38e-14    14    40     0
1182.44 -2.30e-14  4.06e-14    14   -15     0
1184.12 -2.82e-14  3.83e-14    14   -19     0
1185.79 -5.37e-14  3.65e-14    15   -39     0
1187.47 -7.49e-14  3.47e-14    15   -58     0
1189.15  6.87e-14  3.39e-14    15    55     0
1190.82  2.46e-15  3.00e-14    16     2     0
1192.50  1.94e-14  2.94e-14    16    17     0
1194.18 -3.35e-14  2.92e-14    16   -32     0
1195.85  1.03e-14  2.70e-14    17    10     0
1197.53  1.43e-14  2.74e-14    17    15     0
1199.21  7.47e-15  2.71e-14    17     8     0
1200.88 -1.09e-14  2.43e-14    18   -12     0
1202.56  2.44e-15  2.34e-14    18     2     0
1204.23  6.86e-14  2.28e-14    18    83     0
1205.91  6.05e-14  2.12e-14    19    76     0
1207.59  5.94e-14  2.90e-14    19    77     0
1209.26  1.67e-13  4.05e-14    19   224     0
1210.94  3.86e-13  6.76e-14    20   538     0
1212.62  9.29e-13  1.48e-13    20  1332     0
1214.29  1.00e-12  1.50e-13    20  1471     0
1215.97  1.21e-12  2.07e-13    21  1834     0
1217.65  1.08e-12  1.82e-13    21  1673     0
1219.32  7.14e-13  1.22e-13    22  1130     0
1221.00  4.79e-13  9.14e-14    22   777     0
1222.67  2.46e-13  4.49e-14    22   407     0
1224.35  1.05e-13  3.63e-14    23   177     0
1226.03  2.68e-14  1.64e-14    23    46     0
1227.70  1.98e-14  1.46e-14    23    35     0
1229.38  2.80e-15  1.35e-14    24     5     0
1231.06  3.58e-14  1.36e-14    24    66     0
1232.73  6.52e-15  1.37e-14    24    12     0
1234.41 -1.59e-14  1.26e-14    25   -30     0
1236.09  1.80e-14  1.25e-14    25    34     0
1237.76  3.01e-14  1.25e-14    25    59     0
1239.44  7.68e-15  1.20e-14    26    15     0
1241.11  1.93e-15  1.16e-14    26     3     0
1242.79 -8.21e-15  1.14e-14    26   -16     0
1244.47  1.43e-14  1.71e-14    27    29     0
1246.14 -1.72e-14  1.42e-14    27   -35     0
1247.82  3.09e-14  1.35e-14    27    64     0
1249.50  2.15e-15  1.10e-14    28     4     0
1251.17 -1.64e-15  1.06e-14    28    -3     0
1252.85  7.82e-15  1.08e-14    29    17     0
1254.53  2.78e-14  1.93e-14    29    61     0
1256.20 -1.54e-14  1.02e-14    29   -34     0
1257.88  2.49e-14  1.05e-14    30    55     0
1259.56 -1.13e-14  1.00e-14    30   -25     0
1261.23  7.05e-15  1.06e-14    30    16     0
1262.91 -4.42e-15  9.73e-15    31   -10     0
1264.58 -9.44e-15  1.07e-14    31   -21     0
1266.26  2.85e-14  1.27e-14    32    67     0
1267.94  9.26e-15  9.40e-15    32    22     0
1269.61 -5.88e-15  9.22e-15    32   -14     0
1271.29 -1.63e-14  9.25e-15    33   -38     0
1272.97  3.27e-14  1.80e-14    33    78     0
1274.64 -5.41e-15  1.03e-14    34   -12     0
1276.32  1.44e-14  1.31e-14    34    33     0
1278.00  1.34e-14  9.32e-15    34    31     0
1279.67 -1.19e-14  9.08e-15    35   -28     0
1281.35  7.73e-15  9.04e-15    35    18     0
1283.02  7.17e-15  9.05e-15    36    17     0
1284.70 -1.14e-15  8.78e-15    36    -2     0
1286.38  7.64e-15  8.86e-15    36    18     0
1288.05  1.48e-14  8.81e-15    37    36     0
1289.73 -1.20e-14  8.57e-15    37   -29     0
1291.41  4.63e-15  8.57e-15    38    11     0
1293.08  2.79e-14  8.91e-15    38    68     0
1294.76  2.41e-15  8.98e-15    39     5     0
1296.44  1.38e-14  1.13e-14    39    34     0
1298.11 -5.71e-16  8.31e-15    39    -1     0
1299.79  1.39e-14  9.40e-15    40    34     0
1301.46  8.05e-15  8.44e-15    40    19     0
1303.14  2.84e-14  1.01e-14    41    69     0
1304.82  1.80e-14  1.32e-14    41    44     0
1306.49  8.62e-16  8.40e-15    42     2     0
1308.17  8.37e-15  8.63e-15    42    20     0
1309.85 -1.94e-14  1.84e-14    42   -47     0
1311.52  1.04e-14  8.32e-15    43    25     0
1313.20  1.07e-14  9.39e-15    43    26     0
1314.88  6.75e-15  9.19e-15    44    16     0
1316.55 -7.25e-15  1.05e-14    44   -18     0
1318.23 -7.08e-15  9.03e-15    45   -17     0
1319.90  8.63e-15  8.20e-15    45    21     0
1321.58 -6.30e-15  9.41e-15    46   -15     0
1323.26  1.24e-14  1.37e-14    46    29     0
1324.93 -1.56e-14  1.18e-14    46   -37     0
1326.61 -5.21e-15  1.22e-14    47   -12     0
1328.29  1.51e-14  9.23e-15    47    35     0
1329.96  1.57e-14  9.51e-15    48    37     0
1331.64 -2.46e-15  8.72e-15    48    -5     0
1333.32  4.25e-14  1.83e-14    49   100     0
1334.99  3.91e-14  1.45e-14    49    91     0
1336.67  4.98e-14  9.50e-15    50   119     0
1338.34  2.67e-14  1.43e-14    50    64     0
1340.02 -8.32e-15  8.29e-15    51   -19     0
1341.70 -4.49e-15  8.10e-15    51   -10     0
1343.37 -5.21e-16  1.13e-14    52    -1     0
1345.05  2.80e-15  8.02e-15    52     6     0
1346.73  2.93e-15  8.23e-15    52     6     0
1348.40 -3.51e-15  1.02e-14    53    -8     0
1350.08  1.81e-14  1.06e-14    53    41     0
1351.76  1.46e-14  1.44e-14    54    33     0
1353.43 -5.11e-15  1.78e-14    54   -11     0
1355.11  2.00e-14  9.56e-15    55    45     0
1356.79  8.92e-15  8.83e-15    55    20     0
1358.46  1.26e-14  1.00e-14    56    28     0
1360.14  2.64e-14  9.68e-15    56    57     0
1361.81 -5.61e-15  1.11e-14    57   -12     0
1363.49  1.40e-14  9.69e-15    57    30     0
1365.17 -4.35e-15  8.37e-15    58    -9     0
1366.84  1.23e-14  1.18e-14    58    26     0
1368.52 -1.89e-14  8.31e-15    59   -40     0
1370.20  2.02e-14  9.72e-15    59    43     0
1371.87  1.38e-14  1.08e-14    60    29     0
1373.55 -3.09e-15  8.31e-15    60    -6     0
1375.23 -4.75e-16  9.93e-15    61    -1     0
1376.90 -8.81e-15  1.52e-14    61   -18     0
1378.58  1.16e-15  1.13e-14    61     2     0
1380.25 -9.23e-15  1.14e-14    62   -19     0
1381.93  4.46e-16  9.01e-15    62     0     0
1383.61 -2.14e-14  2.21e-14    63   -43     0
1385.28  4.93e-16  1.02e-14    63     1     0
1386.96  1.26e-14  1.57e-14    64    25     0
1388.64 -2.64e-15  8.62e-15    64    -5     0
1390.31 -1.42e-14  1.04e-14    65   -28     0
1391.99  7.36e-15  8.75e-15    65    14     0
1393.67  7.38e-15  1.39e-14    66    14     0
1395.34  8.91e-16  9.37e-15    66     1     0
1397.02  1.75e-14  9.40e-15    67    33     0
1398.69  1.30e-15  9.49e-15    67     2     0
1400.37  1.22e-15  8.74e-15    68     2     0
1402.05  1.09e-14  1.21e-14    68    20     0
1403.72  1.66e-15  1.71e-14    68     3     0
1405.40  8.19e-15  1.36e-14    69    15     0
1407.08  1.01e-14  9.26e-15    69    18     0
1408.75 -4.87e-15  1.38e-14    70    -8     0
1410.43  2.10e-14  1.14e-14    70    38     0
1412.11 -3.26e-15  9.18e-15    71    -5     0
1413.78 -1.94e-14  2.01e-14    71   -34     0
1415.46  2.59e-15  9.35e-15    72     4     0
1417.13  6.23e-15  1.39e-14    72    11     0
1418.81  5.01e-15  9.40e-15    73     8     0
1420.49 -3.19e-14  9.36e-15    73   -54     0
1422.16  4.70e-15  9.44e-15    73     7     0
1423.84 -9.82e-15  9.54e-15    74   -16     0
1425.52  1.89e-14  1.31e-14    74    32     0
1427.19  5.94e-15  1.48e-14    75    10     0
1428.87 -4.54e-15  1.48e-14    75    -7     0
1430.55 -4.78e-15  9.40e-15    76    -7     0
1432.22  1.77e-14  1.23e-14    76    29     0
1433.90 -1.16e-14  1.05e-14    76   -19     0
1435.57 -4.23e-15  9.58e-15    77    -6     0
1437.25  5.28e-15  1.02e-14    77     8     0
1438.93 -1.10e-14  9.61e-15    78   -17     0
1440.60  2.80e-15  1.64e-14    78     4     0
1442.28  1.29e-14  1.13e-14    79    20     0
1443.96  2.46e-14  1.78e-14    79    39     0
1445.63  1.26e-14  9.73e-15    79    20     0
1447.31  1.24e-14  1.01e-14    80    19     0
1448.99  1.07e-14  9.74e-15    80    16     0
1450.66  1.03e-15  9.49e-15    81     1     0
1452.34  1.41e-14  9.72e-15    81    22     0
1454.02  2.52e-15  9.51e-15    81     3     0
1455.69  5.53e-15  9.78e-15    82     8     0
1457.37 -3.66e-15  9.92e-15    82    -5     0
1459.04  2.72e-14  1.64e-14    82    42     0
1460.72  1.20e-14  9.49e-15    83    19     0
1462.40 -1.27e-14  1.30e-14    83   -20     0
1464.07 -4.86e-15  9.31e-15    84    -7     0
1465.75  1.32e-15  9.45e-15    84     2     0
1467.43  1.08e-14  9.56e-15    84    16     0
1469.10  9.29e-15  9.55e-15    85    14     0
1470.78  7.26e-15  9.65e-15    85    10     0
1472.46 -3.31e-15  1.00e-14    85    -4     0
1474.13  1.48e-14  1.02e-14    86    22     0
1475.81  1.97e-14  1.04e-14    86    29     0
1477.48  5.82e-15  9.61e-15    86     8     0
1479.16  2.58e-14  1.67e-14    87    38     0
1480.84  3.30e-15  9.55e-15    87     4     0
1482.51  7.64e-15  9.62e-15    87    11     0
1484.19 -3.71e-16  9.54e-15    88     0     0
1485.87  3.04e-14  1.03e-14    88    45     0
1487.54  8.26e-15  9.46e-15    88    12     0
1489.22  1.67e-15  9.37e-15    89     2     0
1490.90 -2.66e-14  9.68e-15    89   -38     0
1492.57  1.78e-14  9.78e-15    89    25     0
1494.25 -1.04e-14  1.40e-14    90   -15     0
1495.92 -1.71e-15  1.08e-14    90    -2     0
1497.60  2.24e-14  1.15e-14    90    32     0
1499.28  2.21e-15  9.36e-15    91     3     0
1500.95  1.56e-14  1.15e-14    91    22     0
1502.63  9.58e-15  9.41e-15    91    14     0
1504.31  3.82e-15  9.57e-15    91     5     0
1505.98 -5.67e-15  9.25e-15    92    -8     0
1507.66 -2.04e-14  9.26e-15    92   -29     0
1509.34 -1.27e-14  9.27e-15    92   -18     0
1511.01  1.89e-14  1.25e-14    92    26     0
1512.69  3.44e-14  1.00e-14    93    48     0
1514.36 -1.78e-15  9.49e-15    93    -2     0
1516.04  2.53e-14  1.09e-14    93    35     0
1517.72 -2.98e-15  9.52e-15    94    -4     0
1519.39  7.15e-15  9.59e-15    94     9     0
1521.07  1.94e-14  9.87e-15    94    26     0
1522.75  7.64e-15  1.05e-14    94    10     0
1524.42  8.41e-15  9.64e-15    94    11     0
1526.10  6.90e-15  1.51e-14    95     9     0
1527.78  9.70e-15  9.67e-15    95    13     0
1529.45 -4.93e-15  1.07e-14    95    -6     0
1531.13 -4.69e-15  9.46e-15    95    -6     0
1532.80 -3.73e-15  9.76e-15    96    -5     0
1534.48  1.57e-14  9.60e-15    96    21     0
1536.16  4.44e-15  1.04e-14    96     6     0
1537.83  1.36e-14  9.43e-15    96    18     0
1539.51  5.80e-15  1.31e-14    96     7     0
1541.19  3.49e-15  9.19e-15    97     4     0
1542.86  2.34e-14  9.52e-15    97    32     0
1544.54  3.04e-14  1.00e-14    97    41     0
1546.22  4.38e-14  1.05e-14    97    59     0
1547.89  5.49e-14  1.63e-14    97    74     0
1549.57  4.72e-14  1.49e-14    97    64     0
1551.24  5.37e-14  1.08e-14    98    72     0
1552.92  9.85e-15  9.15e-15    98    13     0
1554.60 -1.33e-15  9.15e-15    98    -1     0
1556.27  5.83e-15  1.02e-14    98     7     0
1557.95 -8.55e-15  8.86e-15    98   -11     0
1559.63  9.51e-15  1.05e-14    98    13     0
1561.30 -1.49e-15  8.86e-15    99    -2     0
1562.98 -9.03e-16  8.82e-15    99    -1     0
1564.66  2.36e-14  1.01e-14    99    32     0
1566.33 -4.72e-15  1.08e-14    99    -6     0
1568.01 -1.88e-14  9.47e-15    99   -26     0
1569.69  7.58e-15  8.54e-15    99    10     0
1571.36  2.42e-14  9.03e-15    99    33     0
1573.04  2.51e-14  8.99e-15    99    34     0
1574.71  1.12e-14  9.10e-15   100    15     0
1576.39  8.78e-15  8.73e-15   100    11     0
1578.07  1.94e-14  9.05e-15   100    26     0
1579.74  2.19e-14  1.04e-14   100    29     0
1581.42 -1.22e-14  8.36e-15   100   -16     0
1583.10 -4.32e-15  1.27e-14   100    -6     0
1584.77 -1.06e-14  8.70e-15   100   -14     0
1586.45 -3.07e-15  9.27e-15   100    -4     0
1588.13  7.48e-16  8.63e-15   100     1     0
1589.80  1.14e-14  8.58e-15   100    16     0
1591.48  3.50e-15  8.37e-15   100     4     0
1593.15  5.75e-15  8.20e-15   101     8     0
1594.83  1.35e-14  8.30e-15   101    18     0
1596.51  1.14e-14  8.13e-15   101    16     0
1598.18 -9.03e-15  8.44e-15   101   -12     0
1599.86  2.71e-15  1.18e-14   101     3     0
1601.54 -1.30e-14  9.53e-15   101   -18     0
1603.21  1.17e-14  7.93e-15   101    16     0
1604.89 -1.87e-14  7.89e-15   101   -26     0
1606.57 -7.11e-15  7.80e-15   101   -10     0
1608.24 -8.41e-15  7.83e-15   101   -11     0
1609.92  6.81e-15  7.79e-15   101     9     0
1611.59 -3.47e-15  7.80e-15   101    -4     0
1613.27  7.52e-15  9.37e-15   101    10     0
1614.95 -2.83e-16  7.51e-15   101     0     0
1616.62 -9.33e-15  7.55e-15   101   -13     0
1618.30  8.87e-15  7.60e-15   101    12     0
1619.98  1.04e-14  7.59e-15   101    14     0
1621.65 -8.79e-15  7.30e-15   101   -12     0
1623.33 -1.63e-15  7.38e-15   101    -2     0
1625.01  4.93e-15  7.16e-15   101     7     0
1626.68  5.38e-16  1.25e-14   101     0     0
1628.36  9.66e-16  7.08e-15   101     1     0
1630.03 -2.22e-16  9.45e-15   101     0     0
1631.71  2.40e-14  7.64e-15   101    34     0
1633.39  1.11e-14  7.41e-15   101    16     0
1635.06  1.51e-14  7.54e-15   101    22     0
1636.74  2.72e-14  7.42e-15   101    40     0
1638.42  4.92e-14  8.28e-15   101    73     0
1640.09  4.78e-14  1.65e-14   101    71     0
1641.77  2.76e-14  1.24e-14   101    41     0
1643.45  1.03e-14  6.90e-15   101    15     0
1645.12 -2.84e-15  6.83e-15   101    -4     0
1646.80  7.99e-15  6.78e-15   101    12     0
1648.47  1.24e-14  6.81e-15   101    18     0
1650.15  1.09e-14  6.78e-15   101    16     0
1651.83  5.05e-15  6.60e-15   101     7     0
1653.50 -1.76e-15  6.76e-15   101    -2     0
1655.18  7.03e-15  6.62e-15   101    10     0
1656.86  2.57e-14  6.83e-15   101    39     0
1658.53  2.24e-14  6.75e-15   101    34     0
1660.21  9.18e-15  7.27e-15   101    14     0
1661.89  1.38e-14  7.77e-15   101    21     0
1663.56  8.15e-15  6.80e-15   101    12     0
1665.24  1.35e-14  6.90e-15   101    21     0
1666.92  1.09e-14  1.13e-14   101    17     0
1668.59  3.36e-15  6.12e-15   101     5     0
1670.27  8.18e-15  6.06e-15   101    13     0
1671.94  7.88e-15  6.00e-15   101    12     0
1673.62 -2.52e-15  5.85e-15   101    -4     0
1675.30  1.73e-14  6.03e-15   101    28     0
1676.97 -5.84e-15  5.65e-15   101    -9     0
1678.65  1.05e-14  5.76e-15   101    17     0
1680.33  6.27e-15  5.71e-15   101    10     0
1682.00 -4.42e-15  5.58e-15   101    -7     0
1683.68  8.07e-15  5.64e-15   101    13     0
1685.36 -7.74e-16  5.53e-15   101    -1     0
1687.03  1.08e-17  5.48e-15   101     0     0
1688.71 -8.94e-15  5.43e-15   101   -14     0
1690.38 -5.54e-15  5.35e-15   101    -9     0
1692.06  2.30e-15  5.32e-15   101     3     0
1693.74 -1.17e-15  5.25e-15   101    -2     0
1695.41 -4.17e-15  5.18e-15   101    -7     0
1697.09  4.06e-15  5.17e-15   101     7     0
1698.77 -8.00e-16  5.08e-15   101    -1     0
1700.44  8.82e-15  5.21e-15   101    15     0
1702.12  9.77e-15  5.12e-15   101    17     0
1703.80  4.62e-15  4.98e-15   101     8     0
1705.47 -2.19e-15  4.99e-15   101    -3     0
1707.15 -1.88e-15  4.88e-15   101    -3     0
1708.82 -3.66e-15  4.84e-15   101    -6     0
1710.50 -8.94e-15  4.81e-15   101   -16     0
1712.18 -3.53e-15  4.76e-15   101    -6     0
1713.85  1.12e-14  4.92e-15   101    20     0
1715.53  5.12e-15  4.76e-15   101     9     0
1717.21  8.12e-15  4.77e-15   101    14     0
1718.88  8.55e-15  4.76e-15   101    15     0
1720.56  7.12e-15  4.55e-15   101    13     0
1722.24  4.46e-15  4.47e-15   101     8     0
1723.91  9.34e-15  4.61e-15   101    17     0
1725.59  6.71e-15  4.54e-15   101    12     0
1727.26  1.03e-14  4.59e-15   101    19     0
1728.94  2.01e-15  4.34e-15   101     3     0
1730.62  6.70e-15  4.59e-15   101    12     0
1732.29  1.73e-15  4.28e-15   101     3     0
1733.97 -4.60e-16  4.23e-15   101     0     0
1735.65  3.77e-15  4.23e-15   101     7     0
1737.32 -1.44e-16  4.16e-15   101     0     0
1739.00  1.29e-14  4.35e-15   101    25     0
1740.68  4.03e-15  4.01e-15   101     8     0
1742.35  1.00e-14  4.11e-15   101    20     0
1744.03  1.22e-14  4.15e-15   101    24     0
1745.70  5.18e-15  3.97e-15   101    10     0
1747.38  9.06e-15  4.01e-15   101    18     0
1749.06  1.60e-14  4.14e-15   101    32     0
1750.73  1.68e-14  8.33e-15   101    34     0
1752.41  1.63e-14  7.06e-15   101    34     0
1754.09  1.15e-14  3.89e-15   101    24     0
1755.76  8.99e-15  3.85e-15   102    18     0
1757.44  1.40e-14  6.13e-15   102    29     0
1759.12  6.85e-15  3.73e-15   102    14     0
1760.79  4.24e-15  3.65e-15   102     8     0
1762.47  6.37e-15  3.68e-15   102    13     0
1764.15  7.63e-15  3.68e-15   102    16     0
1765.82 -5.29e-15  3.48e-15   102   -11     0
1767.50  6.78e-16  3.45e-15   102     1     0
1769.17  4.71e-15  4.06e-15   102    10     0
1770.85  2.08e-15  3.37e-15   102     4     0
1772.53 -3.77e-16  3.33e-15   102     0     0
1774.20  4.34e-15  3.39e-15   102     9     0
1775.88  5.99e-15  3.38e-15   103    13     0
1777.56 -6.18e-16  3.25e-15   103    -1     0
1779.23  2.99e-15  3.27e-15   103     6     0
1780.91  3.04e-15  3.25e-15   103     6     0
1782.59  7.35e-16  3.19e-15   103     1     0
1784.26  4.10e-16  3.16e-15   103     0     0
1785.94 -8.55e-15  3.08e-15   103   -19     0
1787.61 -2.84e-15  3.05e-15   103    -6     0
1789.29  5.39e-15  3.20e-15   104    12     0
1790.97  7.67e-15  3.41e-15   104    17     0
1792.64 -7.40e-16  4.15e-15   104    -1     0
1794.32  1.82e-15  4.02e-15   104     4     0
1796.00  9.88e-15  5.08e-15   104    22     0
1797.67  5.06e-15  3.36e-15   104    11     0
1799.35  1.65e-15  3.12e-15   105     3     0
1801.03 -1.77e-15  2.91e-15   105    -4     0
1802.70  8.69e-15  3.08e-15   105    20     0
1804.38  1.82e-14  3.26e-15   105    42     0
1806.05  9.11e-15  3.08e-15   105    20     0
1807.73  1.07e-14  3.08e-15   105    24     0
1809.41  1.30e-14  3.41e-15   106    29     0
1811.08  9.80e-15  3.01e-15   106    22     0
1812.76  5.32e-15  2.91e-15   106    12     0
1814.44  1.02e-14  2.99e-15   106    23     0
1816.11  1.15e-14  2.99e-15   106    26     0
1817.79  1.40e-14  3.03e-15   107    32     0
1819.47  8.73e-15  2.92e-15   107    20     0
1821.14  4.88e-15  2.84e-15   107    11     0
1822.82  1.57e-15  2.72e-15   107     3     0
1824.49  2.05e-16  2.73e-15   108     0     0
1826.17  4.91e-15  2.80e-15   108    11     0
1827.85  6.47e-15  2.83e-15   108    14     0
1829.52  7.56e-15  3.07e-15   108    17     0
1831.20 -1.55e-15  2.61e-15   109    -3     0
1832.88 -1.15e-15  2.60e-15   109    -2     0
1834.55  3.94e-15  2.66e-15   109     9     0
1836.23  4.00e-15  2.65e-15   109     9     0
1837.91  1.04e-14  2.77e-15   110    24     0
1839.58  5.86e-15  2.66e-15   110    13     0
1841.26  4.46e-15  2.65e-15   110    10     0
1842.93  2.28e-15  2.58e-15   111     5     0
1844.61  7.37e-17  2.54e-15   111     0     0
1846.29  4.97e-15  2.55e-15   111    11     0
1847.96  6.87e-15  2.65e-15   111    16     0
1849.64  1.19e-14  2.87e-15   112    28     0
1851.32  7.95e-15  2.74e-15   112    18     0
1852.99  4.20e-15  2.54e-15   112     9     0
1854.67  3.90e-15  2.53e-15   113     9     0
1856.35  1.82e-16  2.45e-15   113     0     0
1858.02  2.53e-15  2.46e-15   113     5     0
1859.70  5.14e-15  2.65e-15   114    12     0
1861.37  9.79e-15  2.59e-15   114    23     0
1863.05  6.96e-15  2.52e-15   114    16     0
1864.73  8.32e-15  2.54e-15   115    19     0
1866.40  7.50e-15  2.59e-15   115    17     0
1868.08  1.26e-15  2.48e-15   115     2     0
1869.76  1.15e-15  2.37e-15   116     2     0
1871.43  1.15e-15  2.40e-15   116     2     0
1873.11  6.76e-16  2.45e-15   116     1     0
1874.79  7.24e-16  2.39e-15   117     1     0
1876.46  7.27e-16  2.35e-15   117     1     0
1878.14  5.40e-16  2.36e-15   118     1     0
1879.82  1.74e-15  2.36e-15   118     3     0
1881.49 -1.32e-15  2.33e-15   118    -3     0
1883.17  2.34e-17  2.32e-15   119     0     0
1884.84  5.27e-15  2.40e-15   119    11     0
1886.52  8.56e-15  2.48e-15   119    19     0
1888.20  5.08e-15  2.40e-15   120    11     0
1889.87  4.00e-15  2.35e-15   120     9     0
1891.55  2.67e-15  2.33e-15   121     6     0
1893.23  6.08e-15  2.40e-15   121    13     0
1894.90  6.50e-15  2.39e-15   121    14     0
1896.58  1.09e-15  2.27e-15   122     2     0
1898.26  3.58e-15  2.98e-15   122     8     0
1899.93  8.17e-15  2.38e-15   123    18     0
1901.61  1.07e-14  2.45e-15   123    23     0
1903.28  4.46e-15  2.28e-15   123     9     0
1904.96  2.79e-15  2.26e-15   124     6     0
1906.64  2.38e-15  2.43e-15   124     5     0
1908.31 -4.16e-15  2.15e-15   125    -9     0
1909.99  3.43e-17  2.15e-15   125     0     0
1911.67  5.04e-15  2.35e-15   125    11     0
1913.34 -4.19e-15  2.28e-15   126    -9     0
1915.02 -1.76e-15  2.22e-15   126    -3     0
1916.70 -2.07e-15  2.22e-15   126    -4     0
1918.37 -3.80e-15  2.22e-15   127    -8     0
1920.05 -3.24e-15  2.31e-15   127    -7     0
1921.72 -4.57e-15  2.37e-15   128    -9     0
1923.40 -4.97e-15  2.43e-15   128   -10     0
1925.08 -4.53e-15  2.62e-15   128    -9     0
1926.75 -2.05e-15  2.54e-15   129    -4     0
1928.43  2.40e-15  2.54e-15   129     5     0
1930.11  2.75e-15  2.39e-15   129     6     0
1931.78  3.93e-15  2.27e-15   130     8     0
1933.46  3.12e-15  2.18e-15   130     6     0
1935.14  1.58e-15  2.19e-15   131     3     0
1936.81 -1.59e-15  2.19e-15   131    -3     0
1938.49  2.75e-15  2.18e-15   131     6     0
1940.16  1.33e-15  2.18e-15   132     2     0
1941.84  3.52e-15  2.56e-15   132     7     0
1943.52  1.05e-15  2.18e-15   132     2     0
1945.19  1.53e-15  2.14e-15   133     3     0
1946.87  5.95e-15  2.14e-15   133    13     0
1948.55  6.89e-15  2.13e-15   133    15     0
1950.22  3.32e-15  2.15e-15   134     7     0
1951.90  2.24e-15  2.62e-15   134     5     0
1953.58  1.70e-15  2.14e-15   134     3     0
1955.25  1.86e-15  2.11e-15   134     4     0
1956.93  4.53e-15  2.11e-15   135    10     0
1958.60  6.22e-15  2.11e-15   135    14     0
1960.28  7.61e-15  2.08e-15   135    17     0
1961.96  5.21e-15  2.07e-15   135    12     0
1963.63  8.30e-15  2.22e-15   136    19     0
1965.31  6.54e-15  2.09e-15   136    15     0
1966.99  4.85e-15  2.08e-15   136    11     0
1968.66  7.68e-15  2.09e-15   136    17     0
1970.34  8.66e-15  2.08e-15   136    19     0
1972.02  6.44e-15  2.09e-15   137    14     0
1973.69  8.03e-15  2.10e-15   137    18     0
1975.37  4.56e-15  2.11e-15   137    10     0
1977.05  7.22e-16  2.12e-15   137     1     0
1978.72  5.49e-15  2.14e-15   137    12     0
