NOT ORIGINAL IUE PROJECT DATA PRODUCT
SWP45576LOWLARGE
HD  197481
20:42:04
-31:31:05
48
NO-TRAIL
X-OFFSETS
2159.151
09/09/92
03:12:55
253
10.51
30/09/95
GSFC
2448874.63397
0
21
1150.58 -2.07e-14  2.06e-13   -63    -2     0
1152.26 -1.56e-13  1.93e-13   -62   -22     0
1153.94 -1.50e-13  1.80e-13   -61   -23     0
1155.61 -2.15e-14  1.74e-13   -60    -3     0
1157.29 -3.52e-14  1.61e-13   -59    -6     0
1158.97 -2.98e-14  1.49e-13   -58    -5     0
1160.64  6.12e-14  1.38e-13   -58    12     0
1162.32 -1.71e-14  1.27e-13   -57    -3     0
1163.99  1.50e-13  1.20e-13   -56    34     0
1165.67  6.74e-14  1.02e-13   -55    18     0
1167.35  7.86e-14  9.51e-14   -54    22     0
1169.02  1.56e-14  8.76e-14   -53     4     0
1170.70  2.76e-14  8.13e-14   -53     9     0
1172.38 -6.66e-14  7.56e-14   -52   -23     0
1174.05  7.54e-14  7.15e-14   -51    28     0
1175.73  1.16e-13  6.68e-14   -50    47     0
1177.41 -2.83e-14  7.23e-14   -49   -12     0
1179.08  2.18e-14  5.75e-14   -48    10     0
1180.76  2.85e-14  5.21e-14   -48    14     0
1182.43 -3.26e-14  4.87e-14   -47   -17     0
1184.11  7.54e-15  4.60e-14   -46     4     0
1185.79 -3.57e-14  4.39e-14   -45   -21     0
1187.46  3.87e-14  4.22e-14   -44    24     0
1189.14 -4.31e-14  3.97e-14   -44   -28     0
1190.82  6.21e-16  3.65e-14   -43     0     0
1192.49  7.81e-15  3.58e-14   -42     5     0
1194.17  1.83e-14  3.54e-14   -41    14     0
1195.85  4.08e-15  3.45e-14   -40     3     0
1197.52 -3.55e-15  3.32e-14   -40    -3     0
1199.20 -2.78e-15  3.04e-14   -39    -2     0
1200.87 -2.63e-14  2.80e-14   -38   -24     0
1202.55  2.70e-14  2.62e-14   -37    26     0
1204.23  4.96e-14  2.56e-14   -37    49     0
1205.90  7.53e-14  2.49e-14   -36    78     0
1207.58  1.74e-13  2.63e-14   -35   186     0
1209.26  3.27e-13  6.54e-14   -34   360     0
1210.93  5.35e-13  8.42e-14   -33   613     0
1212.61  7.11e-13  1.11e-13   -33   837     0
1214.29  8.56e-13  1.45e-13   -32  1033     0
1215.96  8.91e-13  1.48e-13   -31  1108     0
1217.64  7.07e-13  1.29e-13   -30   900     0
1219.32  4.60e-13  8.44e-14   -30   598     0
1220.99  2.11e-13  5.68e-14   -29   282     0
1222.67  7.63e-14  1.88e-14   -28   103     0
1224.34  6.89e-15  1.72e-14   -27     9     0
1226.02  1.52e-14  1.67e-14   -26    21     0
1227.70  1.68e-14  1.63e-14   -26    24     0
1229.37  2.83e-14  1.62e-14   -25    42     0
1231.05  4.74e-15  1.54e-14   -24     7     0
1232.73 -8.66e-16  1.50e-14   -23    -1     0
1234.40 -1.61e-14  1.48e-14   -23   -25     0
1236.08 -8.08e-15  1.44e-14   -22   -12     0
1237.76  2.28e-14  1.45e-14   -21    37     0
1239.43  1.51e-14  1.41e-14   -20    24     0
1241.11  3.07e-14  1.40e-14   -20    51     0
1242.78  3.37e-14  1.39e-14   -19    57     0
1244.46  9.46e-15  1.33e-14   -18    16     0
1246.14 -1.48e-15  1.32e-14   -17    -2     0
1247.81  3.71e-15  1.31e-14   -17     6     0
1249.49  1.98e-14  1.32e-14   -16    34     0
1251.17  1.72e-14  1.26e-14   -15    31     0
1252.84  1.44e-14  1.24e-14   -14    26     0
1254.52  1.35e-14  1.22e-14   -14    24     0
1256.20  1.09e-14  1.21e-14   -13    20     0
1257.87  3.07e-15  1.18e-14   -12     5     0
1259.55 -2.27e-15  1.60e-14   -11    -4     0
1261.22 -7.87e-15  1.14e-14   -11   -15     0
1262.90 -1.08e-14  1.13e-14   -10   -20     0
1264.58  1.39e-14  1.14e-14    -9    26     0
1266.25  1.71e-14  1.12e-14    -8    33     0
1267.93  2.36e-16  1.08e-14    -8     0     0
1269.61  1.58e-15  1.07e-14    -7     3     0
1271.28  1.14e-15  1.08e-14    -6     2     0
1272.96 -5.44e-15  1.07e-14    -5   -10     0
1274.64  6.79e-15  1.07e-14    -5    13     0
1276.31  8.71e-15  1.09e-14    -4    17     0
1277.99  4.46e-15  1.07e-14    -3     8     0
1279.67  1.52e-14  1.08e-14    -2    29     0
1281.34  6.50e-15  1.04e-14    -1    13     0
1283.02  1.69e-14  1.05e-14    -1    34     0
1284.69  5.90e-15  1.55e-14     0    11     0
1286.37  1.01e-16  1.01e-14     0     0     0
1288.05  1.50e-15  1.00e-14     1     3     0
1289.72  4.57e-15  1.00e-14     1     9     0
1291.40  1.10e-14  1.01e-14     2    22     0
1293.08  6.50e-15  9.98e-15     3    13     0
1294.75  2.80e-14  1.03e-14     4    57     0
1296.43  9.11e-15  9.80e-15     4    18     0
1298.11  5.16e-15  9.73e-15     5    10     0
1299.78 -1.39e-14  9.62e-15     6   -28     0
1301.46  4.89e-16  9.72e-15     7     1     0
1303.13  7.65e-15  9.81e-15     7    15     0
1304.81  2.54e-15  9.66e-15     8     5     0
1306.49 -2.04e-15  1.27e-14     9    -4     0
1308.16  9.40e-15  1.70e-14    10    18     0
1309.84  1.11e-14  9.88e-15    10    22     0
1311.52 -4.29e-15  9.37e-15    11    -8     0
1313.19 -4.33e-15  9.35e-15    12    -9     0
1314.87  1.72e-15  9.33e-15    13     3     0
1316.55 -3.73e-15  9.29e-15    13    -7     0
1318.22  1.02e-14  9.43e-15    14    21     0
1319.90 -1.55e-14  1.04e-14    15   -32     0
1321.57  6.43e-15  9.74e-15    16    12     0
1323.25 -1.66e-14  1.01e-14    17   -32     0
1324.93  4.43e-15  1.01e-14    17     8     0
1326.60 -5.57e-15  1.05e-14    18   -10     0
1328.28 -1.16e-16  1.08e-14    19     0     0
1329.96 -4.30e-15  1.03e-14    20    -8     0
1331.63  1.67e-17  9.72e-15    20     0     0
1333.31  2.32e-14  9.86e-15    21    45     0
1334.99  3.75e-14  1.01e-14    22    73     0
1336.66  3.44e-14  9.77e-15    23    69     0
1338.34  1.57e-14  9.43e-15    23    31     0
1340.01 -9.56e-16  9.47e-15    24    -1     0
1341.69 -1.24e-14  9.47e-15    25   -24     0
1343.37  2.93e-15  9.51e-15    26     5     0
1345.04  6.65e-15  9.45e-15    26    12     0
1346.72  1.72e-15  9.37e-15    27     3     0
1348.40 -7.67e-15  9.38e-15    28   -14     0
1350.07  3.29e-15  9.45e-15    29     6     0
1351.75 -2.84e-14  2.84e-14    30   -53     0
1353.43  1.78e-15  9.46e-15    30     3     0
1355.10  7.18e-15  9.48e-15    31    13     0
1356.78  4.45e-15  9.42e-15    32     8     0
1358.46 -1.13e-16  9.42e-15    33     0     0
1360.13  7.66e-16  9.66e-15    33     1     0
1361.81  4.43e-15  9.72e-15    34     8     0
1363.48  1.10e-14  9.88e-15    35    19     0
1365.16  3.31e-15  9.73e-15    36     5     0
1366.84 -5.28e-15  9.73e-15    36    -9     0
1368.51  8.95e-15  9.91e-15    37    15     0
1370.19  3.09e-15  9.73e-15    38     5     0
1371.87 -1.50e-16  9.72e-15    39     0     0
1373.54 -2.71e-15  9.75e-15    39    -4     0
1375.22  4.15e-15  9.78e-15    40     7     0
1376.90 -1.29e-14  9.76e-15    41   -22     0
1378.57  4.44e-15  9.84e-15    42     7     0
1380.25  2.62e-15  9.81e-15    43     4     0
1381.92 -2.70e-14  1.41e-14    43   -46     0
1383.60  1.11e-14  1.00e-14    44    19     0
1385.28 -7.08e-15  9.83e-15    45   -12     0
1386.95 -1.53e-15  9.87e-15    46    -2     0
1388.63 -1.89e-14  1.01e-14    46   -31     0
1390.31 -1.60e-15  1.01e-14    47    -2     0
1391.98  9.26e-15  1.03e-14    48    15     0
1393.66  3.44e-15  1.02e-14    49     5     0
1395.34  4.86e-15  1.02e-14    49     7     0
1397.01  1.78e-14  1.05e-14    50    28     0
1398.69  1.40e-14  1.04e-14    51    22     0
1400.36 -8.38e-15  1.03e-14    52   -13     0
1402.04 -6.19e-16  1.05e-14    52     0     0
1403.72  1.31e-14  1.06e-14    53    20     0
1405.39  2.63e-14  1.10e-14    54    40     0
1407.07  7.52e-16  1.06e-14    55     1     0
1408.75  1.28e-14  1.08e-14    55    19     0
1410.42  9.10e-15  1.07e-14    56    13     0
1412.10 -1.51e-14  1.90e-14    57   -22     0
1413.78 -8.91e-16  1.07e-14    58    -1     0
1415.45 -9.16e-15  1.45e-14    58   -13     0
1417.13 -1.24e-14  1.05e-14    59   -18     0
1418.81  5.90e-15  1.06e-14    60     8     0
1420.48 -5.63e-15  1.11e-14    61    -7     0
1422.16  1.47e-14  1.14e-14    61    20     0
1423.83  8.30e-15  1.13e-14    62    11     0
1425.51 -4.24e-15  1.10e-14    63    -6     0
1427.19 -2.24e-14  1.17e-14    64   -31     0
1428.86  3.60e-15  1.11e-14    64     5     0
1430.54  1.81e-15  1.11e-14    65     2     0
1432.22  9.29e-15  1.13e-14    66    12     0
1433.89 -1.41e-14  1.12e-14    67   -19     0
1435.57  2.72e-16  1.14e-14    67     0     0
1437.25 -3.71e-15  1.14e-14    68    -4     0
1438.92 -1.66e-14  1.14e-14    69   -22     0
1440.60 -9.07e-15  1.13e-14    69   -12     0
1442.27 -3.21e-15  1.13e-14    70    -4     0
1443.95  1.08e-14  1.15e-14    71    14     0
1445.63  4.20e-15  1.14e-14    72     5     0
1447.30 -6.13e-16  1.14e-14    72     0     0
1448.98 -6.24e-15  1.14e-14    73    -8     0
1450.66 -6.01e-15  1.13e-14    74    -7     0
1452.33  2.28e-15  1.13e-14    74     3     0
1454.01  1.02e-14  1.14e-14    75    13     0
1455.69 -4.73e-15  1.14e-14    76    -6     0
1457.36  1.70e-14  1.16e-14    77    22     0
1459.04  3.29e-14  1.20e-14    77    42     0
1460.71 -1.71e-15  1.11e-14    78    -2     0
1462.39  9.66e-15  1.12e-14    79    12     0
1464.07  1.56e-14  1.13e-14    79    20     0
1465.74  2.36e-14  1.16e-14    80    30     0
1467.42  2.43e-14  1.17e-14    81    31     0
1469.10  2.11e-14  1.16e-14    82    27     0
1470.77  8.96e-15  1.15e-14    82    11     0
1472.45  6.14e-15  1.15e-14    83     7     0
1474.13  7.18e-15  1.16e-14    84     8     0
1475.80  2.07e-14  1.18e-14    84    25     0
1477.48  6.15e-15  1.15e-14    85     7     0
1479.16 -9.05e-15  1.14e-14    86   -11     0
1480.83  5.29e-15  1.15e-14    86     6     0
1482.51  1.90e-14  1.18e-14    87    23     0
1484.18  1.70e-14  1.17e-14    88    20     0
1485.86 -4.49e-15  1.12e-14    88    -5     0
1487.54  2.91e-15  1.12e-14    89     3     0
1489.21  1.55e-14  1.15e-14    90    19     0
1490.89  1.50e-14  1.17e-14    90    18     0
1492.57  2.99e-15  1.15e-14    91     3     0
1494.24  3.21e-14  1.20e-14    92    38     0
1495.92 -3.42e-15  1.12e-14    92    -4     0
1497.60  1.56e-15  1.12e-14    93     1     0
1499.27  4.05e-15  1.13e-14    94     4     0
1500.95  1.16e-14  1.13e-14    94    14     0
1502.62  4.94e-15  1.61e-14    95     6     0
1504.30 -7.03e-16  1.12e-14    96     0     0
1505.98 -1.25e-14  1.13e-14    96   -15     0
1507.65 -1.96e-15  1.12e-14    97    -2     0
1509.33  1.04e-14  1.13e-14    97    12     0
1511.01  9.70e-15  1.15e-14    98    11     0
1512.68  9.00e-15  1.15e-14    99    10     0
1514.36  2.25e-14  1.18e-14    99    26     0
1516.04  1.28e-14  1.17e-14   100    14     0
1517.71  1.65e-14  1.18e-14   101    19     0
1519.39  1.16e-14  1.17e-14   101    13     0
1521.06  1.80e-14  1.20e-14   102    20     0
1522.74  1.19e-14  1.18e-14   102    13     0
1524.42  2.17e-14  1.20e-14   103    24     0
1526.09  1.71e-15  1.16e-14   104     1     0
1527.77  8.85e-15  1.17e-14   104     9     0
1529.45  2.00e-15  1.22e-14   105     2     0
1531.12  6.59e-15  1.15e-14   105     7     0
1532.80  9.62e-15  1.15e-14   106    10     0
1534.48  1.70e-14  1.16e-14   107    19     0
1536.15  1.29e-14  1.15e-14   107    14     0
1537.83  4.96e-15  1.14e-14   108     5     0
1539.50 -4.02e-15  1.13e-14   108    -4     0
1541.18  1.40e-14  1.14e-14   109    16     0
1542.86  8.73e-15  1.13e-14   109    10     0
1544.53  2.84e-14  1.16e-14   110    32     0
1546.21  5.05e-14  1.46e-14   111    57     0
1547.89  7.50e-14  1.33e-14   111    85     0
1549.56  6.14e-14  1.43e-14   112    69     0
1551.24  4.93e-14  1.28e-14   112    55     0
1552.92  1.55e-14  1.13e-14   113    17     0
1554.59  1.86e-14  1.14e-14   113    21     0
1556.27 -3.35e-15  1.09e-14   114    -3     0
1557.95  1.99e-14  1.12e-14   114    22     0
1559.62  7.40e-15  1.10e-14   115     8     0
1561.30  6.71e-15  1.10e-14   115     7     0
1562.97  2.15e-14  1.13e-14   116    24     0
1564.65  1.10e-14  1.10e-14   116    12     0
1566.33  2.16e-16  1.05e-14   117     0     0
1568.00  1.56e-14  1.07e-14   117    18     0
1569.68  1.33e-14  1.06e-14   118    15     0
1571.36 -2.10e-15  1.07e-14   118    -2     0
1573.03  2.67e-14  1.11e-14   119    30     0
1574.71  1.50e-14  1.09e-14   119    17     0
1576.39  2.17e-14  1.11e-14   120    24     0
1578.06  1.17e-14  1.08e-14   120    13     0
1579.74  1.55e-14  1.10e-14   121    17     0
1581.41  5.58e-15  1.06e-14   121     6     0
1583.09 -5.74e-15  1.07e-14   122    -6     0
1584.77 -7.37e-15  1.39e-14   122    -8     0
1586.44  2.01e-15  1.03e-14   123     2     0
1588.12  7.98e-15  1.02e-14   123     9     0
1589.80  2.24e-14  1.06e-14   124    26     0
1591.47  1.34e-14  1.04e-14   124    15     0
1593.15  7.18e-15  1.02e-14   125     8     0
1594.83  2.17e-14  1.06e-14   125    25     0
1596.50  1.71e-14  1.03e-14   125    20     0
1598.18  1.02e-14  1.01e-14   126    12     0
1599.85  1.27e-14  1.01e-14   126    15     0
1601.53 -1.81e-14  9.82e-15   127   -21     0
1603.21 -4.17e-15  9.75e-15   127    -4     0
1604.88 -6.04e-15  9.71e-15   128    -7     0
1606.56  7.13e-15  9.92e-15   128     8     0
1608.24 -1.29e-15  9.81e-15   128    -1     0
1609.91  6.87e-15  9.85e-15   129     8     0
1611.59 -1.71e-14  1.03e-14   129   -20     0
1613.27  1.50e-14  9.80e-15   130    17     0
1614.94  1.69e-14  9.79e-15   130    20     0
1616.62 -1.62e-14  9.58e-15   130   -19     0
1618.30  1.31e-15  1.20e-14   131     1     0
1619.97  4.62e-15  9.54e-15   131     5     0
1621.65  1.44e-15  9.41e-15   131     1     0
1623.32  3.37e-15  9.25e-15   132     4     0
1625.00 -9.94e-15  9.05e-15   132   -12     0
1626.68 -1.00e-14  9.25e-15   132   -12     0
1628.35  5.26e-15  9.15e-15   133     6     0
1630.03  1.61e-14  9.55e-15   133    19     0
1631.71  1.41e-14  9.44e-15   134    17     0
1633.38 -3.78e-15  9.26e-15   134    -4     0
1635.06  3.89e-15  8.96e-15   134     4     0
1636.74 -6.39e-16  8.89e-15   135     0     0
1638.41  2.40e-14  1.23e-14   135    29     0
1640.09  3.69e-14  1.72e-14   135    46     0
1641.76  4.60e-14  1.90e-14   135    57     0
1643.44  2.69e-14  9.29e-15   136    33     0
1645.12  2.35e-14  9.04e-15   136    29     0
1646.79  1.66e-14  9.51e-15   136    20     0
1648.47 -1.43e-15  8.54e-15   137    -1     0
1650.15 -5.23e-16  8.56e-15   137     0     0
1651.82 -1.66e-14  8.50e-15   137   -21     0
1653.50 -6.90e-15  9.11e-15   138    -8     0
1655.18  1.30e-14  8.55e-15   138    16     0
1656.85  1.39e-14  8.49e-15   138    17     0
1658.53  1.42e-14  1.05e-14   138    18     0
1660.20  2.17e-14  8.68e-15   139    28     0
1661.88  6.01e-15  8.60e-15   139     7     0
1663.56 -7.47e-15  8.51e-15   139    -9     0
1665.23  2.64e-14  8.98e-15   139    34     0
1666.91  1.93e-14  8.37e-15   140    25     0
1668.59  3.91e-15  8.00e-15   140     5     0
1670.26  9.70e-15  7.91e-15   140    12     0
1671.94  6.02e-15  7.78e-15   140     8     0
1673.62 -8.07e-15  7.65e-15   141   -10     0
1675.29 -4.28e-15  7.45e-15   141    -5     0
1676.97  5.43e-15  7.44e-15   141     7     0
1678.65  7.35e-15  7.45e-15   141    10     0
1680.32  3.51e-15  7.43e-15   141     4     0
1682.00 -4.44e-15  7.35e-15   142    -6     0
1683.67  1.06e-14  7.44e-15   142    14     0
1685.35  6.64e-15  7.37e-15   142     9     0
1687.03 -8.19e-15  7.26e-15   142   -11     0
1688.70 -1.84e-14  7.29e-15   142   -25     0
1690.38  8.41e-15  7.69e-15   143    11     0
1692.06  4.26e-15  7.09e-15   143     6     0
1693.73  6.82e-15  7.05e-15   143     9     0
1695.41  4.70e-15  7.24e-15   143     6     0
1697.09  1.74e-14  7.26e-15   143    25     0
1698.76  1.26e-14  6.96e-15   144    18     0
1700.44 -4.69e-16  6.67e-15   144     0     0
1702.11  6.23e-15  6.90e-15   144     9     0
1703.79  2.28e-15  7.11e-15   144     3     0
1705.47 -1.15e-15  6.69e-15   144    -1     0
1707.14  9.19e-15  6.66e-15   144    13     0
1708.82 -1.06e-15  6.47e-15   144    -1     0
1710.50  9.45e-15  6.61e-15   145    14     0
1712.17  2.46e-15  6.39e-15   145     3     0
1713.85  5.93e-15  6.56e-15   145     8     0
1715.53 -7.33e-15  6.61e-15   145   -11     0
1717.20 -1.49e-15  6.26e-15   145    -2     0
1718.88  4.41e-16  6.20e-15   145     0     0
1720.55  9.32e-15  6.11e-15   145    14     0
1722.23  2.73e-15  5.92e-15   146     4     0
1723.91  2.02e-14  7.06e-15   146    32     0
1725.58  7.75e-16  6.00e-15   146     1     0
1727.26 -6.86e-15  5.94e-15   146   -10     0
1728.94  7.93e-15  6.01e-15   146    12     0
1730.61  1.05e-14  6.00e-15   146    16     0
1732.29 -4.28e-15  5.95e-15   146    -6     0
1733.97  5.77e-15  5.81e-15   146     9     0
1735.64  6.28e-16  5.68e-15   146     1     0
1737.32 -4.86e-15  6.02e-15   146    -7     0
1738.99  1.06e-14  5.78e-15   147    17     0
1740.67  1.04e-14  5.58e-15   147    17     0
1742.35  6.04e-15  5.41e-15   147    10     0
1744.02  5.46e-15  5.36e-15   147     9     0
1745.70  6.46e-15  5.39e-15   147    10     0
1747.38  1.65e-14  5.55e-15   147    27     0
1749.05  1.93e-14  1.13e-14   147    32     0
1750.73  3.87e-14  1.46e-14   147    66     0
1752.41  2.43e-14  1.08e-14   147    42     0
1754.08  1.07e-14  5.20e-15   147    18     0
1755.76  4.77e-15  5.25e-15   147     8     0
1757.44  3.41e-15  5.03e-15   147     5     0
1759.11  3.26e-15  5.00e-15   147     5     0
1760.79  2.17e-16  4.94e-15   147     0     0
1762.46 -2.21e-15  4.89e-15   147    -3     0
1764.14  2.88e-15  4.88e-15   148     5     0
1765.82  7.06e-15  4.89e-15   148    12     0
1767.49  8.94e-15  4.91e-15   148    16     0
1769.17  7.99e-15  4.84e-15   148    14     0
1770.85  8.56e-16  4.62e-15   148     1     0
1772.52  8.98e-16  4.59e-15   148     1     0
1774.20 -1.07e-14  4.55e-15   148   -19     0
1775.88  2.10e-15  4.54e-15   148     3     0
1777.55  5.47e-15  4.57e-15   148    10     0
1779.23 -2.02e-15  4.45e-15   148    -3     0
1780.90  1.16e-15  4.45e-15   148     2     0
1782.58 -2.89e-15  4.40e-15   148    -5     0
1784.26 -5.61e-15  4.37e-15   148   -10     0
1785.93 -3.45e-15  4.24e-15   148    -6     0
1787.61  4.32e-15  4.38e-15   148     8     0
1789.29 -3.41e-15  4.48e-15   148    -6     0
1790.96 -5.09e-16  4.77e-15   148     0     0
1792.64  2.48e-15  4.87e-15   148     4     0
1794.32  1.04e-14  5.11e-15   148    19     0
1795.99  1.49e-14  4.87e-15   148    28     0
1797.67  5.83e-15  4.43e-15   148    11     0
1799.34  1.57e-15  4.11e-15   148     3     0
1801.02  7.36e-16  4.03e-15   148     1     0
1802.70  4.18e-15  4.06e-15   148     8     0
1804.37  8.08e-15  4.13e-15   148    15     0
1806.05  8.20e-15  4.18e-15   148    15     0
1807.73  4.09e-15  4.07e-15   148     7     0
1809.40  4.77e-15  4.05e-15   148     9     0
1811.08  1.39e-14  4.18e-15   148    26     0
1812.76  6.84e-15  4.03e-15   148    13     0
1814.43  6.83e-15  3.99e-15   149    13     0
1816.11  1.91e-14  4.27e-15   149    37     0
1817.79  2.15e-14  4.51e-15   149    41     0
1819.46  2.00e-14  4.32e-15   149    39     0
1821.14  2.07e-14  4.20e-15   149    40     0
1822.81  1.61e-14  4.10e-15   149    31     0
1824.49  4.35e-15  3.82e-15   149     8     0
1826.17  3.03e-15  3.95e-15   149     5     0
1827.84  4.59e-15  3.84e-15   149     8     0
1829.52  2.89e-15  3.81e-15   149     5     0
1831.20 -4.97e-15  3.63e-15   149    -9     0
1832.87 -4.06e-15  3.61e-15   149    -8     0
1834.55 -2.37e-15  3.59e-15   149    -4     0
1836.23 -1.60e-15  3.56e-15   149    -3     0
1837.90 -2.57e-15  3.54e-15   149    -5     0
1839.58 -5.08e-15  3.52e-15   149   -10     0
1841.25  4.11e-15  3.62e-15   149     8     0
1842.93  8.90e-15  3.70e-15   149    17     0
1844.61  1.26e-14  3.78e-15   149    24     0
1846.28  4.97e-15  3.51e-15   149     9     0
1847.96  3.59e-16  3.40e-15   149     0     0
1849.64  4.66e-15  3.45e-15   149     9     0
1851.31  2.41e-15  3.47e-15   149     4     0
1852.99 -5.59e-15  3.44e-15   150   -10     0
1854.67 -4.13e-15  3.42e-15   150    -8     0
1856.34 -6.28e-16  3.39e-15   150    -1     0
1858.02  5.13e-15  3.46e-15   150    10     0
1859.69  7.58e-15  3.52e-15   150    14     0
1861.37  4.44e-15  3.41e-15   150     8     0
1863.05  7.89e-15  3.44e-15   150    15     0
1864.72  6.25e-15  3.39e-15   150    12     0
1866.40  7.60e-16  3.32e-15   150     1     0
1868.08  1.61e-15  3.33e-15   150     3     0
1869.75 -5.15e-16  3.29e-15   150     0     0
1871.43  3.26e-15  3.36e-15   151     6     0
1873.11  4.78e-15  3.38e-15   151     9     0
1874.78  1.68e-15  3.32e-15   151     3     0
1876.46  2.85e-15  3.30e-15   151     5     0
1878.14  1.94e-15  4.91e-15   151     3     0
1879.81 -1.44e-15  3.24e-15   151    -2     0
1881.49 -2.23e-15  3.38e-15   151    -4     0
1883.16 -6.42e-16  3.22e-15   152    -1     0
1884.84  2.04e-15  3.39e-15   152     3     0
1886.52  6.06e-15  3.55e-15   152    11     0
1888.19  4.46e-15  3.73e-15   152     8     0
1889.87  6.69e-15  3.33e-15   152    12     0
1891.55  2.92e-15  3.18e-15   152     5     0
1893.22  5.85e-15  3.25e-15   153    10     0
1894.90  7.06e-15  3.25e-15   153    13     0
1896.58  7.47e-15  3.30e-15   153    13     0
1898.25  4.13e-15  3.17e-15   153     7     0
1899.93  4.76e-15  3.17e-15   153     8     0
1901.60  6.82e-15  3.19e-15   154    12     0
1903.28  8.56e-15  3.49e-15   154    15     0
1904.96  7.33e-15  3.17e-15   154    13     0
1906.63  1.36e-15  2.99e-15   154     2     0
1908.31 -4.32e-15  2.98e-15   155    -8     0
1909.99 -7.28e-16  2.96e-15   155    -1     0
1911.66  5.28e-16  3.00e-15   155     0     0
1913.34 -1.58e-15  2.99e-15   155    -2     0
1915.02  3.94e-15  3.08e-15   156     7     0
1916.69 -3.20e-15  3.01e-15   156    -5     0
1918.37 -3.63e-15  3.13e-15   156    -6     0
1920.04 -2.42e-15  3.16e-15   157    -4     0
1921.72 -1.56e-15  3.23e-15   157    -2     0
1923.40 -8.83e-15  3.49e-15   157   -15     0
1925.07 -1.45e-16  3.61e-15   158     0     0
1926.75  6.42e-15  3.46e-15   158    11     0
1928.43  1.31e-14  3.39e-15   158    23     0
1930.10  7.56e-15  3.18e-15   159    13     0
1931.78  1.37e-14  3.04e-15   159    25     0
1933.46  6.66e-15  2.86e-15   160    12     0
1935.13  2.98e-15  2.81e-15   160     5     0
1936.81  5.62e-15  2.88e-15   160    10     0
1938.48  5.37e-15  2.81e-15   161     9     0
1940.16  8.15e-15  2.86e-15   161    14     0
1941.84  5.91e-15  2.78e-15   162    10     0
1943.51  2.51e-15  3.84e-15   162     4     0
1945.19  4.95e-15  3.28e-15   163     9     0
1946.87  5.44e-15  2.68e-15   163    10     0
1948.54  4.57e-15  2.64e-15   164     8     0
1950.22  8.95e-15  2.75e-15   164    16     0
1951.90  2.63e-15  2.59e-15   165     4     0
1953.57  5.49e-15  2.62e-15   165    10     0
1955.25  8.38e-15  2.64e-15   166    15     0
1956.93  9.05e-15  2.63e-15   166    17     0
1958.60  1.19e-14  2.68e-15   167    22     0
1960.28  1.13e-14  2.60e-15   168    21     0
1961.95  8.24e-15  3.16e-15   168    15     0
1963.63  1.31e-14  2.61e-15   169    25     0
1965.31  1.61e-14  3.07e-15   169    30     0
1966.98  2.12e-14  4.61e-15   170    40     0
1968.66  1.98e-14  3.89e-15   171    37     0
1970.34  1.10e-14  2.90e-15   171    21     0
1972.01  4.51e-15  2.51e-15   172     8     0
1973.69  2.82e-15  2.53e-15   173     5     0
1975.37  4.33e-15  2.54e-15   174     8     0
1977.04  2.54e-15  2.55e-15   174     4     0
1978.72  1.31e-15  2.57e-15   175     2     0
