NOT ORIGINAL IUE PROJECT DATA PRODUCT
SWP45579LOWLARGE
HD  197481
20:42:04
-31:31:05
48
NO-TRAIL
X-OFFSETS
2159.151
09/09/92
08:26:25
253
11.84
30/09/95
GSFC
2448874.85168
0
20
1150.58  4.58e-14  2.05e-13   -76     6     0
1152.26 -1.03e-13  1.92e-13   -75   -15     0
1153.94 -2.03e-13  1.79e-13   -74   -31     0
1155.61 -4.44e-15  1.73e-13   -73     0     0
1157.29 -3.78e-15  1.60e-13   -73     0     0
1158.97  1.74e-14  1.48e-13   -72     3     0
1160.64  9.53e-15  1.36e-13   -71     1     0
1162.32 -8.18e-15  1.26e-13   -71    -1     0
1163.99 -1.11e-14  1.17e-13   -70    -2     0
1165.67  5.64e-14  1.01e-13   -69    15     0
1167.35 -1.33e-14  9.34e-14   -68    -3     0
1169.02 -6.74e-15  8.69e-14   -68    -2     0
1170.70 -3.25e-15  8.05e-14   -67    -1     0
1172.38  2.71e-14  7.54e-14   -66     9     0
1174.05  8.90e-14  7.13e-14   -65    33     0
1175.73  9.23e-14  6.60e-14   -65    37     0
1177.41 -8.32e-14  6.69e-14   -64   -36     0
1179.08  1.69e-14  5.71e-14   -63     7     0
1180.76  6.37e-15  5.14e-14   -62     3     0
1182.43 -5.82e-15  4.84e-14   -62    -3     0
1184.11  4.19e-14  4.62e-14   -61    23     0
1185.79 -2.08e-14  4.36e-14   -60   -12     0
1187.46 -1.62e-14  4.14e-14   -59   -10     0
1189.14  1.97e-15  3.94e-14   -59     1     0
1190.82 -1.92e-14  3.62e-14   -58   -13     0
1192.49 -9.99e-15  3.55e-14   -57    -7     0
1194.17  1.15e-14  3.50e-14   -56     8     0
1195.85 -1.61e-14  3.33e-14   -55   -13     0
1197.52  1.26e-15  3.30e-14   -55     1     0
1199.20 -8.48e-15  3.02e-14   -54    -7     0
1200.87 -1.53e-14  2.77e-14   -53   -14     0
1202.55  5.04e-15  2.56e-14   -52     4     0
1204.23  6.56e-14  2.57e-14   -51    65     0
1205.90  9.07e-14  2.49e-14   -51    94     0
1207.58  1.84e-13  3.18e-14   -50   197     0
1209.26  3.67e-13  7.43e-14   -49   403     0
1210.93  6.89e-13  1.14e-13   -48   789     0
1212.61  1.03e-12  1.62e-13   -47  1205     0
1214.29  1.23e-12  2.02e-13   -47  1478     0
1215.96  1.13e-12  1.91e-13   -46  1398     0
1217.64  9.92e-13  1.69e-13   -45  1261     0
1219.32  6.74e-13  1.19e-13   -44   875     0
1220.99  3.28e-13  7.34e-14   -43   437     0
1222.67  1.14e-13  2.69e-14   -42   154     0
1224.34  2.87e-14  1.74e-14   -42    39     0
1226.02  2.79e-14  1.68e-14   -41    40     0
1227.70  4.07e-14  1.66e-14   -40    59     0
1229.37  2.72e-14  1.61e-14   -39    40     0
1231.05  8.34e-15  1.53e-14   -38    12     0
1232.73  1.03e-14  1.51e-14   -37    15     0
1234.40  6.00e-15  1.47e-14   -36     9     0
1236.08  3.42e-15  1.43e-14   -36     5     0
1237.76  1.67e-14  1.43e-14   -35    27     0
1239.43  2.76e-14  1.42e-14   -34    45     0
1241.11  3.15e-14  1.39e-14   -33    52     0
1242.78  1.24e-14  1.35e-14   -32    21     0
1244.46 -9.12e-16  1.31e-14   -31    -1     0
1246.14  1.33e-14  1.33e-14   -30    22     0
1247.81  8.61e-15  1.30e-14   -29    14     0
1249.49  2.47e-14  1.31e-14   -29    43     0
1251.17  1.31e-14  1.24e-14   -28    23     0
1252.84  1.84e-14  1.24e-14   -27    33     0
1254.52  2.71e-14  1.24e-14   -26    49     0
1256.20  7.31e-15  1.19e-14   -25    13     0
1257.87  2.31e-14  1.21e-14   -24    42     0
1259.55  6.29e-15  1.17e-14   -23    11     0
1261.22  3.63e-15  1.14e-14   -22     6     0
1262.90  1.54e-14  1.15e-14   -21    29     0
1264.58  1.10e-14  1.13e-14   -21    21     0
1266.25  1.58e-14  1.10e-14   -20    31     0
1267.93  1.33e-14  1.09e-14   -19    26     0
1269.61  4.53e-15  1.07e-14   -18     9     0
1271.28  5.78e-15  1.08e-14   -17    11     0
1272.96  1.68e-15  1.06e-14   -16     3     0
1274.64  1.27e-14  1.07e-14   -15    25     0
1276.31  6.07e-15  1.07e-14   -14    11     0
1277.99 -7.05e-15  1.06e-14   -13   -13     0
1279.67  9.90e-15  1.07e-14   -12    19     0
1281.34  2.56e-15  1.03e-14   -12     5     0
1283.02  1.04e-14  1.04e-14   -11    20     0
1284.69  4.99e-16  1.01e-14   -10     1     0
1286.37  7.43e-15  1.01e-14    -9    15     0
1288.05 -2.04e-15  9.95e-15    -8    -4     0
1289.72  1.17e-14  1.01e-14    -7    23     0
1291.40  1.14e-14  1.00e-14    -6    23     0
1293.08  1.08e-14  9.99e-15    -5    22     0
1294.75  4.45e-15  9.79e-15    -4     9     0
1296.43  3.92e-15  9.65e-15    -3     8     0
1298.11  4.93e-15  9.65e-15    -2    10     0
1299.78 -6.71e-15  9.56e-15    -1   -13     0
1301.46  3.60e-15  9.71e-15     0     7     0
1303.13  1.43e-14  9.86e-15     0    29     0
1304.81  8.09e-15  9.71e-15     0    16     0
1306.49  8.92e-15  9.85e-15     1    17     0
1308.16  5.67e-15  9.76e-15     2    11     0
1309.84  3.29e-15  9.71e-15     3     6     0
1311.52  8.58e-16  9.32e-15     4     1     0
1313.19  1.41e-16  9.31e-15     5     0     0
1314.87 -4.92e-15  9.29e-15     6   -10     0
1316.55 -6.58e-15  9.24e-15     7   -13     0
1318.22  5.38e-15  9.31e-15     8    11     0
1319.90 -7.13e-15  9.22e-15     9   -14     0
1321.57  2.83e-15  9.61e-15    10     5     0
1323.25 -1.38e-14  1.02e-14    11   -27     0
1324.93  1.07e-14  1.02e-14    12    21     0
1326.60  2.60e-15  1.05e-14    12     5     0
1328.28  4.95e-15  1.09e-14    13     9     0
1329.96 -3.43e-15  1.02e-14    14    -6     0
1331.63  1.13e-14  9.85e-15    15    22     0
1333.31  1.48e-14  9.68e-15    16    28     0
1334.99  3.11e-14  9.96e-15    17    60     0
1336.66  3.33e-14  1.15e-14    18    66     0
1338.34  1.71e-14  9.43e-15    19    34     0
1340.01  8.77e-15  9.58e-15    20    17     0
1341.69 -5.43e-15  9.45e-15    21   -10     0
1343.37  2.99e-15  9.48e-15    22     5     0
1345.04 -1.20e-14  9.34e-15    23   -23     0
1346.72 -1.71e-14  9.35e-15    23   -33     0
1348.40 -7.00e-15  9.36e-15    24   -13     0
1350.07  5.50e-15  9.49e-15    25    10     0
1351.75 -1.89e-14  1.76e-14    26   -35     0
1353.43 -7.93e-15  9.44e-15    27   -14     0
1355.10  1.68e-14  9.65e-15    28    31     0
1356.78  1.31e-14  9.57e-15    29    24     0
1358.46 -1.11e-14  9.40e-15    30   -20     0
1360.13 -4.02e-16  9.65e-15    31     0     0
1361.81 -2.43e-15  9.67e-15    32    -4     0
1363.48  8.17e-15  9.82e-15    32    14     0
1365.16  9.77e-16  9.70e-15    33     1     0
1366.84  2.15e-15  9.72e-15    34     3     0
1368.51 -1.93e-15  9.74e-15    35    -3     0
1370.19 -1.19e-15  9.69e-15    36    -2     0
1371.87 -2.78e-15  9.72e-15    37    -4     0
1373.54 -2.41e-15  9.75e-15    38    -4     0
1375.22 -4.46e-15  9.73e-15    39    -7     0
1376.90  1.91e-15  9.77e-15    39     3     0
1378.57  2.61e-15  9.82e-15    40     4     0
1380.25 -1.28e-14  9.79e-15    41   -22     0
1381.92 -1.89e-14  9.82e-15    42   -32     0
1383.60  1.02e-16  9.85e-15    43     0     0
1385.28 -1.59e-14  9.84e-15    44   -27     0
1386.95 -8.80e-15  9.87e-15    45   -14     0
1388.63 -1.63e-14  1.01e-14    45   -27     0
1390.31 -3.64e-15  1.01e-14    46    -5     0
1391.98 -3.80e-15  1.01e-14    47    -6     0
1393.66 -1.24e-15  1.02e-14    48    -2     0
1395.34  8.23e-15  1.03e-14    49    13     0
1397.01  1.09e-14  1.04e-14    50    17     0
1398.69  8.02e-15  1.03e-14    50    12     0
1400.36 -1.62e-15  1.03e-14    51    -2     0
1402.04 -1.66e-15  1.04e-14    52    -2     0
1403.72 -1.07e-14  1.04e-14    53   -16     0
1405.39 -2.50e-15  1.06e-14    54    -3     0
1407.07 -2.39e-15  1.06e-14    55    -3     0
1408.75 -1.57e-15  1.07e-14    55    -2     0
1410.42  3.57e-15  1.06e-14    56     5     0
1412.10 -1.82e-14  2.30e-14    57   -27     0
1413.78 -6.01e-16  1.07e-14    58     0     0
1415.45 -1.70e-14  1.05e-14    58   -25     0
1417.13 -9.37e-15  1.05e-14    59   -14     0
1418.81  2.03e-16  1.06e-14    60     0     0
1420.48 -4.11e-15  1.11e-14    61    -5     0
1422.16  1.17e-15  1.12e-14    62     1     0
1423.83 -3.54e-15  1.12e-14    62    -4     0
1425.51 -2.43e-16  1.10e-14    63     0     0
1427.19 -8.66e-15  1.11e-14    64   -12     0
1428.86 -1.88e-15  1.11e-14    65    -2     0
1430.54 -1.43e-14  1.12e-14    65   -19     0
1432.22 -3.23e-15  1.12e-14    66    -4     0
1433.89 -1.46e-14  1.12e-14    67   -19     0
1435.57 -1.63e-14  1.14e-14    68   -21     0
1437.25  5.48e-15  1.14e-14    68     7     0
1438.92  9.84e-15  1.16e-14    69    13     0
1440.60 -1.27e-14  1.13e-14    70   -17     0
1442.27  3.55e-15  1.13e-14    70     4     0
1443.95  1.59e-14  1.16e-14    71    21     0
1445.63  1.76e-14  1.16e-14    72    23     0
1447.30  1.45e-14  1.16e-14    72    19     0
1448.98 -1.41e-15  1.14e-14    73    -1     0
1450.66  3.13e-15  1.13e-14    74     4     0
1452.33  1.03e-14  1.15e-14    75    13     0
1454.01 -1.56e-15  1.13e-14    75    -2     0
1455.69 -4.92e-15  1.14e-14    76    -6     0
1457.36  1.79e-14  1.17e-14    77    23     0
1459.04  3.11e-14  1.20e-14    77    40     0
1460.71  8.97e-15  1.12e-14    78    11     0
1462.39  5.45e-15  1.11e-14    78     7     0
1464.07 -7.57e-15  1.11e-14    79    -9     0
1465.74 -1.90e-15  1.12e-14    80    -2     0
1467.42  4.69e-16  1.12e-14    80     0     0
1469.10  8.84e-15  1.13e-14    81    11     0
1470.77 -1.97e-15  1.15e-14    82    -2     0
1472.45  1.78e-15  1.15e-14    82     2     0
1474.13 -2.32e-15  1.14e-14    83    -2     0
1475.80  5.78e-15  1.15e-14    83     7     0
1477.48  6.22e-15  1.15e-14    84     7     0
1479.16 -5.99e-15  1.15e-14    85    -7     0
1480.83 -2.43e-15  1.15e-14    85    -2     0
1482.51  1.25e-14  1.16e-14    86    15     0
1484.18  1.38e-14  1.16e-14    86    16     0
1485.86 -1.96e-14  1.12e-14    87   -24     0
1487.54 -1.15e-14  1.12e-14    87   -14     0
1489.21  3.36e-15  1.12e-14    88     4     0
1490.89  2.91e-14  1.20e-14    88    35     0
1492.57  9.36e-15  1.15e-14    89    11     0
1494.24  2.01e-14  1.18e-14    90    24     0
1495.92  1.38e-14  1.25e-14    90    16     0
1497.60  5.03e-15  1.12e-14    91     6     0
1499.27 -2.34e-15  1.12e-14    91    -2     0
1500.95  1.47e-15  1.11e-14    92     1     0
1502.62  6.80e-16  1.12e-14    92     0     0
1504.30  9.49e-15  1.13e-14    93    11     0
1505.98 -1.21e-14  1.11e-14    93   -14     0
1507.65  1.34e-14  1.13e-14    94    16     0
1509.33 -8.99e-16  1.11e-14    94    -1     0
1511.01  2.11e-14  1.16e-14    95    24     0
1512.68 -3.38e-16  1.14e-14    95     0     0
1514.36 -8.65e-15  1.14e-14    95   -10     0
1516.04 -1.05e-14  1.15e-14    96   -12     0
1517.71 -5.49e-16  1.15e-14    96     0     0
1519.39  3.04e-14  1.21e-14    97    34     0
1521.06  1.59e-14  1.18e-14    97    18     0
1522.74  7.56e-15  1.16e-14    98     8     0
1524.42 -1.73e-15  1.16e-14    98    -1     0
1526.09 -5.48e-15  1.15e-14    99    -6     0
1527.77  6.59e-15  1.16e-14    99     7     0
1529.45 -3.92e-15  1.16e-14    99    -4     0
1531.12  9.25e-15  1.15e-14   100    10     0
1532.80  2.28e-15  1.14e-14   100     2     0
1534.48  9.88e-15  1.15e-14   101    11     0
1536.15  1.67e-14  1.15e-14   101    19     0
1537.83  5.07e-16  1.12e-14   101     0     0
1539.50  1.53e-14  1.14e-14   102    17     0
1541.18  2.21e-14  1.15e-14   102    25     0
1542.86  9.03e-15  1.12e-14   102    10     0
1544.53  1.83e-14  1.25e-14   103    20     0
1546.21  3.81e-14  1.18e-14   103    43     0
1547.89  4.76e-14  1.28e-14   103    53     0
1549.56  6.62e-14  2.27e-14   104    75     0
1551.24  3.19e-14  1.16e-14   104    36     0
1552.92  1.69e-15  1.10e-14   104     1     0
1554.59  1.30e-14  1.12e-14   105    14     0
1556.27 -2.47e-16  1.08e-14   105     0     0
1557.95 -1.58e-15  1.08e-14   105    -1     0
1559.62  2.96e-14  1.13e-14   106    33     0
1561.30  2.13e-14  1.12e-14   106    24     0
1562.97 -1.20e-15  1.07e-14   106    -1     0
1564.65  8.18e-15  1.08e-14   107     9     0
1566.33  3.07e-15  1.03e-14   107     3     0
1568.00 -1.93e-15  1.03e-14   107    -2     0
1569.68  2.43e-15  1.02e-14   107     2     0
1571.36  1.79e-14  1.08e-14   108    20     0
1573.03  4.95e-15  1.05e-14   108     5     0
1574.71 -9.86e-15  1.04e-14   108   -11     0
1576.39  6.08e-15  1.05e-14   108     6     0
1578.06 -9.21e-15  1.05e-14   109   -10     0
1579.74  5.92e-15  1.05e-14   109     6     0
1581.41 -1.67e-14  1.02e-14   109   -19     0
1583.09 -1.86e-14  1.07e-14   109   -21     0
1584.77  1.21e-14  1.05e-14   110    13     0
1586.44  1.56e-14  1.04e-14   110    18     0
1588.12 -1.16e-14  9.93e-15   110   -13     0
1589.80  1.46e-14  1.01e-14   110    17     0
1591.47  4.16e-16  9.99e-15   110     0     0
1593.15 -8.70e-15  9.94e-15   111   -10     0
1594.83 -8.35e-15  1.01e-14   111    -9     0
1596.50  3.29e-16  9.71e-15   111     0     0
1598.18  7.49e-15  9.74e-15   111     8     0
1599.85 -4.37e-15  9.62e-15   111    -5     0
1601.53 -1.27e-14  1.28e-14   112   -15     0
1603.21 -1.75e-15  9.48e-15   112    -2     0
1604.88  1.14e-15  9.66e-15   112     1     0
1606.56  4.88e-15  1.01e-14   112     5     0
1608.24  1.16e-14  1.09e-14   112    13     0
1609.91  1.33e-14  1.10e-14   112    15     0
1611.59 -3.62e-15  9.36e-15   113    -4     0
1613.27  9.33e-15  9.39e-15   113    11     0
1614.94  2.74e-14  9.74e-15   113    32     0
1616.62  6.88e-15  9.52e-15   113     8     0
1618.30  8.56e-15  9.32e-15   113    10     0
1619.97 -2.04e-15  9.57e-15   113    -2     0
1621.65 -4.94e-15  8.97e-15   113    -6     0
1623.32  6.60e-15  8.98e-15   114     8     0
1625.00 -1.27e-14  8.72e-15   114   -15     0
1626.68 -4.75e-15  8.66e-15   114    -5     0
1628.35 -1.11e-14  8.61e-15   114   -13     0
1630.03 -1.04e-14  8.94e-15   114   -12     0
1631.71  3.47e-15  1.05e-14   114     4     0
1633.38  9.06e-16  9.60e-15   114     1     0
1635.06  1.02e-14  8.76e-15   114    12     0
1636.74  1.50e-14  9.38e-15   114    18     0
1638.41  2.43e-14  1.01e-14   115    30     0
1640.09  2.19e-14  1.71e-14   115    27     0
1641.76  3.44e-14  1.53e-14   115    42     0
1643.44  2.19e-14  8.86e-15   115    27     0
1645.12  1.87e-14  8.59e-15   115    23     0
1646.79  3.85e-15  8.23e-15   115     4     0
1648.47 -9.30e-15  8.16e-15   115   -11     0
1650.15 -2.46e-15  8.18e-15   115    -3     0
1651.82 -1.06e-14  8.12e-15   115   -13     0
1653.50 -1.63e-14  8.06e-15   115   -20     0
1655.18  9.37e-15  8.07e-15   115    12     0
1656.85  9.67e-15  8.77e-15   115    12     0
1658.53  8.56e-15  9.50e-15   116    11     0
1660.20  1.46e-14  8.04e-15   116    19     0
1661.88  1.15e-14  8.30e-15   116    15     0
1663.56  1.80e-14  8.19e-15   116    23     0
1665.23  4.18e-14  1.01e-14   116    54     0
1666.91  1.08e-14  8.10e-15   116    13     0
1668.59 -1.07e-17  8.06e-15   116     0     0
1670.26  8.85e-15  7.48e-15   116    11     0
1671.94  2.11e-15  7.31e-15   116     2     0
1673.62  1.55e-14  7.55e-15   116    20     0
1675.29  2.45e-15  7.73e-15   116     3     0
1676.97  8.39e-15  8.04e-15   116    11     0
1678.65  1.23e-14  7.14e-15   116    17     0
1680.32  7.30e-16  7.00e-15   116     1     0
1682.00  9.02e-15  7.15e-15   116    12     0
1683.67  1.66e-14  7.15e-15   116    23     0
1685.35 -1.53e-15  6.90e-15   116    -2     0
1687.03 -2.68e-15  6.84e-15   117    -3     0
1688.70 -9.80e-15  8.89e-15   117   -13     0
1690.38  1.71e-16  6.80e-15   117     0     0
1692.06  7.03e-15  6.71e-15   117     9     0
1693.73  4.02e-15  6.61e-15   117     5     0
1695.41  1.94e-14  6.81e-15   117    27     0
1697.09  1.69e-14  1.17e-14   117    24     0
1698.76  1.21e-14  6.53e-15   117    17     0
1700.44  9.51e-16  7.78e-15   117     1     0
1702.11  1.10e-14  6.36e-15   117    16     0
1703.79  1.90e-14  6.87e-15   117    28     0
1705.47  1.87e-14  6.51e-15   117    27     0
1707.14  8.66e-15  6.27e-15   117    12     0
1708.82  9.71e-16  6.06e-15   117     1     0
1710.50  3.64e-15  6.07e-15   117     5     0
1712.17  4.27e-15  6.01e-15   117     6     0
1713.85  9.10e-15  6.04e-15   117    13     0
1715.53 -1.04e-14  6.56e-15   117   -15     0
1717.20  1.10e-15  5.84e-15   117     1     0
1718.88  5.02e-15  5.83e-15   117     7     0
1720.55  4.44e-15  5.61e-15   117     7     0
1722.23 -1.25e-14  5.52e-15   118   -19     0
1723.91  6.04e-15  5.54e-15   118     9     0
1725.58  2.99e-15  5.61e-15   118     4     0
1727.26 -8.77e-16  6.26e-15   118    -1     0
1728.94  2.05e-15  5.48e-15   118     3     0
1730.61 -5.78e-15  5.44e-15   118    -9     0
1732.29 -9.47e-15  5.39e-15   118   -15     0
1733.97  6.04e-15  5.42e-15   118     9     0
1735.64  5.03e-15  5.33e-15   118     8     0
1737.32  9.35e-15  5.38e-15   118    15     0
1738.99  1.73e-14  5.54e-15   118    28     0
1740.67  5.95e-15  5.10e-15   118     9     0
1742.35  5.80e-15  5.13e-15   118     9     0
1744.02  1.79e-15  4.91e-15   118     3     0
1745.70  3.40e-15  5.05e-15   118     5     0
1747.38  1.05e-14  5.06e-15   119    17     0
1749.05  2.02e-14  8.30e-15   119    34     0
1750.73  3.04e-14  9.90e-15   119    52     0
1752.41  1.42e-14  6.81e-15   119    24     0
1754.08  1.05e-14  4.82e-15   119    18     0
1755.76  2.03e-15  4.68e-15   119     3     0
1757.44  4.40e-15  4.89e-15   119     7     0
1759.11  3.89e-15  4.63e-15   119     6     0
1760.79  6.90e-15  5.45e-15   119    12     0
1762.46 -1.34e-15  4.53e-15   119    -2     0
1764.14 -6.01e-15  4.48e-15   119   -10     0
1765.82 -9.44e-16  4.42e-15   120    -1     0
1767.49  1.64e-15  4.40e-15   120     2     0
1769.17 -2.97e-15  4.34e-15   120    -5     0
1770.85  3.85e-15  4.34e-15   120     7     0
1772.52  4.47e-15  4.50e-15   120     8     0
1774.20  3.71e-15  4.30e-15   120     6     0
1775.88  1.15e-14  4.49e-15   120    21     0
1777.55 -1.09e-14  4.14e-15   120   -20     0
1779.23 -4.72e-15  4.11e-15   120    -8     0
1780.90 -1.08e-14  4.10e-15   121   -20     0
1782.58 -1.07e-14  4.98e-15   121   -19     0
1784.26 -3.70e-15  4.26e-15   121    -6     0
1785.93  9.93e-15  4.08e-15   121    18     0
1787.61  1.51e-14  4.27e-15   121    29     0
1789.29  6.37e-15  4.26e-15   121    12     0
1790.96  7.37e-15  4.52e-15   121    13     0
1792.64  2.58e-15  4.52e-15   122     4     0
1794.32 -8.01e-16  4.46e-15   122    -1     0
1795.99  4.74e-15  4.31e-15   122     9     0
1797.67 -4.23e-15  3.99e-15   122    -8     0
1799.34  2.76e-16  3.78e-15   122     0     0
1801.02 -1.98e-15  3.99e-15   122    -3     0
1802.70 -6.44e-15  3.70e-15   123   -12     0
1804.37  8.69e-15  3.83e-15   123    16     0
1806.05  1.29e-14  4.53e-15   123    24     0
1807.73  1.76e-14  4.16e-15   123    33     0
1809.40  1.47e-14  3.95e-15   123    28     0
1811.08  1.67e-14  5.76e-15   124    32     0
1812.76  9.82e-15  3.78e-15   124    19     0
1814.43  6.57e-15  3.68e-15   124    12     0
1816.11  2.63e-14  4.75e-15   124    51     0
1817.79  3.86e-14  5.69e-15   124    75     0
1819.46  2.77e-14  4.15e-15   125    54     0
1821.14  1.15e-14  3.75e-15   125    22     0
1822.81  7.64e-15  3.63e-15   125    14     0
1824.49 -3.30e-15  3.53e-15   125    -6     0
1826.17 -5.76e-15  3.52e-15   126   -11     0
1827.84 -3.77e-15  3.50e-15   126    -7     0
1829.52 -9.63e-15  3.48e-15   126   -18     0
1831.20 -1.21e-14  3.36e-15   126   -23     0
1832.87 -1.87e-15  3.49e-15   127    -3     0
1834.55  4.70e-16  3.32e-15   127     0     0
1836.23 -3.86e-17  3.43e-15   127     0     0
1837.90  3.85e-15  3.34e-15   127     7     0
1839.58 -6.01e-16  3.62e-15   128    -1     0
1841.25 -2.54e-15  3.30e-15   128    -4     0
1842.93 -4.34e-15  3.29e-15   128    -8     0
1844.61 -5.51e-15  3.27e-15   128   -10     0
1846.28 -5.59e-15  4.18e-15   129   -11     0
1847.96 -4.90e-15  3.16e-15   129    -9     0
1849.64 -1.88e-15  3.15e-15   129    -3     0
1851.31 -1.75e-15  3.21e-15   129    -3     0
1852.99 -2.40e-15  3.21e-15   130    -4     0
1854.67  5.14e-15  3.28e-15   130    10     0
1856.34  6.98e-15  3.29e-15   130    13     0
1858.02 -1.69e-15  3.15e-15   131    -3     0
1859.69 -8.69e-15  3.13e-15   131   -16     0
1861.37 -1.17e-14  3.10e-15   131   -23     0
1863.05 -9.36e-15  3.09e-15   132   -18     0
1864.72 -4.74e-15  3.07e-15   132    -9     0
1866.40  8.48e-17  3.10e-15   132     0     0
1868.08 -1.75e-15  3.09e-15   133    -3     0
1869.75 -7.37e-16  3.08e-15   133    -1     0
1871.43  1.99e-15  3.14e-15   133     3     0
1873.11  3.81e-15  3.16e-15   134     7     0
1874.78 -1.18e-15  3.09e-15   134    -2     0
1876.46 -1.79e-15  3.07e-15   134    -3     0
1878.14 -7.22e-15  3.05e-15   135   -13     0
1879.81 -1.23e-15  3.04e-15   135    -2     0
1881.49  2.37e-15  3.04e-15   135     4     0
1883.16  9.11e-15  3.18e-15   136    17     0
1884.84  4.73e-15  3.29e-15   136     8     0
1886.52  8.02e-15  3.16e-15   136    15     0
1888.19  4.99e-15  3.28e-15   137     9     0
1889.87  4.01e-15  3.40e-15   137     7     0
1891.55 -1.20e-15  2.96e-15   137    -2     0
1893.22 -2.23e-15  2.95e-15   138    -4     0
1894.90  1.34e-16  2.94e-15   138     0     0
1896.58 -2.14e-15  2.92e-15   138    -3     0
1898.25 -3.04e-16  2.91e-15   139     0     0
1899.93  7.78e-15  3.05e-15   139    14     0
1901.60  1.41e-14  3.18e-15   140    26     0
1903.28  9.59e-15  3.05e-15   140    17     0
1904.96  2.20e-14  1.05e-14   140    40     0
1906.63  5.60e-14  2.66e-14   141   104     0
1908.31  8.21e-14  3.90e-14   141   152     0
1909.99  5.91e-14  2.75e-14   141   109     0
1911.66  2.78e-14  1.27e-14   142    50     0
1913.34  1.16e-14  5.04e-15   142    21     0
1915.02  1.13e-14  3.07e-15   142    20     0
1916.69  5.74e-15  2.95e-15   143    10     0
1918.37  2.28e-15  2.97e-15   143     4     0
1920.04  3.71e-15  3.05e-15   144     6     0
1921.72  8.33e-15  3.22e-15   144    15     0
1923.40  6.67e-15  3.44e-15   144    12     0
1925.07  1.20e-14  3.42e-15   145    21     0
1926.75  4.98e-15  3.20e-15   145     9     0
1928.43  5.72e-15  3.17e-15   145    10     0
1930.10  6.29e-15  3.63e-15   146    11     0
1931.78  1.17e-14  2.90e-15   146    21     0
1933.46  8.60e-15  2.75e-15   146    15     0
1935.13  4.51e-15  2.68e-15   147     8     0
1936.81  3.32e-15  2.64e-15   147     6     0
1938.48  2.46e-15  2.63e-15   147     4     0
1940.16 -5.67e-15  2.65e-15   148   -10     0
1941.84 -4.86e-15  3.20e-15   148    -8     0
1943.51  1.41e-15  2.62e-15   148     2     0
1945.19  7.46e-15  2.58e-15   149    13     0
1946.87  1.14e-14  2.64e-15   149    21     0
1948.54  1.35e-14  2.67e-15   149    25     0
1950.22  1.26e-14  2.65e-15   150    23     0
1951.90  6.99e-15  2.59e-15   150    12     0
1953.57  3.62e-15  2.59e-15   150     6     0
1955.25  2.69e-15  2.55e-15   150     5     0
1956.93  6.07e-15  2.54e-15   151    11     0
1958.60  9.16e-15  2.54e-15   151    17     0
1960.28  8.95e-15  2.50e-15   151    17     0
1961.95  5.96e-15  3.00e-15   152    11     0
1963.63  6.18e-15  2.56e-15   152    11     0
1965.31  1.30e-15  2.51e-15   152     2     0
1966.98  7.59e-15  2.64e-15   152    14     0
1968.66  9.71e-15  2.52e-15   153    18     0
1970.34  8.61e-15  2.51e-15   153    16     0
1972.01  6.08e-15  2.52e-15   153    11     0
1973.69  7.43e-15  2.53e-15   153    14     0
1975.37  9.95e-15  2.54e-15   153    18     0
1977.04  5.89e-15  2.56e-15   154    11     0
1978.72  2.33e-15  2.62e-15   154     4     0
