NOT ORIGINAL IUE PROJECT DATA PRODUCT
SWP45577LOWLARGE
HD  197481
20:42:04
-31:31:05
48
NO-TRAIL
X-OFFSETS
3599.305
09/09/92
04:44:21
253
11.18
30/09/95
GSFC
2448874.69747
0
24
1150.58  1.69e-13  1.35e-13    78    38     0
1152.26  7.98e-14  1.26e-13    79    19     0
1153.94  2.82e-14  1.17e-13    79     7     0
1155.61 -2.26e-14  1.13e-13    80    -6     0
1157.29  3.07e-14  1.05e-13    81     8     0
1158.97  3.15e-14  9.67e-14    82     9     0
1160.64 -3.61e-14  8.89e-14    83   -12     0
1162.32 -1.42e-14  8.26e-14    83    -5     0
1163.99  9.98e-15  7.68e-14    84     3     0
1165.67 -6.46e-14  6.57e-14    85   -29     0
1167.35 -4.68e-14  6.11e-14    86   -22     0
1169.02 -8.36e-14  5.69e-14    86   -43     0
1170.70 -7.65e-14  5.28e-14    87   -42     0
1172.38 -6.51e-14  4.92e-14    88   -38     0
1174.05  4.27e-15  4.59e-14    89     2     0
1175.73  5.56e-15  4.25e-14    89     3     0
1177.41 -3.84e-14  3.98e-14    90   -27     0
1179.08 -4.90e-15  3.74e-14    91    -3     0
1180.76 -3.74e-14  3.37e-14    92   -31     0
1182.43 -1.50e-14  3.18e-14    92   -13     0
1184.11 -6.52e-15  3.00e-14    93    -6     0
1185.79 -1.06e-14  2.87e-14    94   -10     0
1187.46 -5.52e-15  2.73e-14    94    -5     0
1189.14  2.20e-14  2.63e-14    95    23     0
1190.82 -1.48e-14  2.39e-14    96   -17     0
1192.49 -1.20e-14  2.34e-14    96   -14     0
1194.17 -2.25e-14  2.36e-14    97   -29     0
1195.85  4.41e-15  2.21e-14    98     6     0
1197.52  1.55e-14  2.20e-14    98    22     0
1199.20  4.11e-14  2.06e-14    99    60     0
1200.87  1.93e-14  1.86e-14   100    30     0
1202.55  3.91e-14  1.75e-14   100    62     0
1204.23  7.77e-14  1.76e-14   101   128     0
1205.90  1.20e-13  1.86e-14   102   206     0
1207.58  1.84e-13  3.49e-14   102   327     0
1209.26  3.56e-13  6.26e-14   103   650     0
1210.93  6.67e-13  1.01e-13   104  1270     0
1212.61  8.99e-13  1.40e-13   104  1756     0
1214.29  1.04e-12  1.61e-13   105  2078     0
1215.96  9.34e-13  1.54e-13   106  1927     0
1217.64  7.29e-13  1.21e-13   106  1539     0
1219.32  4.96e-13  8.50e-14   107  1072     0
1220.99  2.17e-13  4.93e-14   107   479     0
1222.67  7.50e-14  2.05e-14   108   169     0
1224.34  3.41e-14  1.18e-14   109    78     0
1226.02  9.27e-15  1.10e-14   109    22     0
1227.70  1.95e-14  1.09e-14   110    47     0
1229.37  1.09e-14  1.06e-14   111    26     0
1231.05  6.37e-15  1.02e-14   111    16     0
1232.73  4.09e-15  1.00e-14   112    10     0
1234.40  5.26e-15  9.85e-15   112    13     0
1236.08  2.02e-14  9.85e-15   113    53     0
1237.76  2.64e-14  9.78e-15   114    71     0
1239.43  2.53e-14  9.65e-15   114    69     0
1241.11  2.90e-14  9.47e-15   115    81     0
1242.78  3.79e-14  9.51e-15   115   107     0
1244.46  1.95e-14  9.07e-15   116    55     0
1246.14  7.63e-15  8.87e-15   117    21     0
1247.81  1.43e-14  8.88e-15   117    41     0
1249.49  1.67e-14  8.81e-15   118    48     0
1251.17  2.29e-15  8.22e-15   118     6     0
1252.84  1.81e-14  8.40e-15   119    54     0
1254.52  2.77e-14  8.46e-15   120    84     0
1256.20  6.06e-15  8.02e-15   120    18     0
1257.87  1.93e-14  8.18e-15   121    59     0
1259.55  2.14e-14  8.14e-15   122    66     0
1261.22  1.91e-14  7.94e-15   122    60     0
1262.90  1.74e-14  7.86e-15   123    55     0
1264.58  2.22e-14  7.87e-15   123    70     0
1266.25  2.24e-14  7.64e-15   124    73     0
1267.93  4.61e-15  7.27e-15   125    15     0
1269.61  6.30e-15  7.26e-15   125    20     0
1271.28  4.97e-15  7.26e-15   126    16     0
1272.96  8.49e-15  7.29e-15   126    28     0
1274.64  1.21e-14  7.30e-15   127    39     0
1276.31  1.62e-14  7.47e-15   128    52     0
1277.99  9.94e-15  7.32e-15   128    32     0
1279.67  1.40e-14  7.35e-15   129    45     0
1281.34  1.60e-14  7.20e-15   130    53     0
1283.02  2.59e-14  7.30e-15   130    86     0
1284.69  1.26e-14  1.00e-14   131    42     0
1286.37  2.26e-15  6.80e-15   131     7     0
1288.05  7.40e-15  6.84e-15   132    25     0
1289.72  6.88e-15  6.81e-15   133    23     0
1291.40  1.12e-14  6.87e-15   133    38     0
1293.08  1.65e-14  6.90e-15   134    56     0
1294.75  8.25e-15  6.73e-15   135    28     0
1296.43  3.96e-15  6.58e-15   135    13     0
1298.11 -1.96e-15  6.51e-15   136    -6     0
1299.78 -1.11e-15  6.49e-15   137    -3     0
1301.46  8.84e-15  6.68e-15   137    30     0
1303.13  1.44e-14  6.77e-15   138    48     0
1304.81  1.41e-14  6.75e-15   138    48     0
1306.49  4.71e-15  6.67e-15   139    15     0
1308.16  1.19e-14  6.79e-15   140    39     0
1309.84  3.99e-15  6.63e-15   140    13     0
1311.52 -1.05e-14  6.35e-15   141   -36     0
1313.19 -3.39e-16  6.34e-15   142    -1     0
1314.87  1.28e-15  6.34e-15   142     4     0
1316.55  4.59e-15  6.37e-15   143    15     0
1318.22  8.72e-15  6.44e-15   144    29     0
1319.90 -2.22e-15  6.29e-15   144    -7     0
1321.57  2.43e-15  6.58e-15   145     7     0
1323.25 -3.32e-15  6.69e-15   145   -10     0
1324.93 -3.56e-15  6.85e-15   146   -11     0
1326.60 -2.29e-15  7.17e-15   147    -7     0
1328.28  1.64e-14  7.67e-15   147    53     0
1329.96  1.16e-14  7.20e-15   148    37     0
1331.63  1.52e-14  6.88e-15   149    49     0
1333.31  3.03e-14  7.04e-15   149    98     0
1334.99  3.32e-14  7.26e-15   150   107     0
1336.66  2.80e-14  9.27e-15   151    93     0
1338.34  1.67e-14  7.05e-15   151    55     0
1340.01  2.91e-15  6.49e-15   152     9     0
1341.69 -6.43e-15  6.47e-15   153   -20     0
1343.37 -4.35e-15  6.48e-15   153   -13     0
1345.04 -6.33e-15  6.40e-15   154   -20     0
1346.72 -2.83e-15  6.41e-15   155    -9     0
1348.40 -5.08e-15  6.42e-15   155   -16     0
1350.07  3.79e-15  6.52e-15   156    11     0
1351.75 -2.97e-15  6.47e-15   157    -9     0
1353.43 -1.35e-14  6.49e-15   157   -42     0
1355.10  7.84e-17  6.44e-15   158     0     0
1356.78 -2.95e-15  6.45e-15   159    -9     0
1358.46 -8.39e-15  6.47e-15   159   -26     0
1360.13  3.18e-16  6.64e-15   160     0     0
1361.81  1.01e-14  6.80e-15   161    30     0
1363.48 -3.35e-15  6.67e-15   161   -10     0
1365.16 -8.40e-15  6.68e-15   162   -25     0
1366.84  2.88e-15  6.73e-15   162     8     0
1368.51 -7.11e-15  6.72e-15   163   -20     0
1370.19 -6.49e-15  6.68e-15   164   -19     0
1371.87 -1.25e-14  6.70e-15   164   -36     0
1373.54 -1.05e-14  6.72e-15   165   -30     0
1375.22 -6.10e-15  6.72e-15   166   -17     0
1376.90 -1.89e-15  6.74e-15   166    -5     0
1378.57  3.76e-15  6.81e-15   167    10     0
1380.25 -6.73e-15  6.76e-15   168   -19     0
1381.92 -9.88e-15  6.79e-15   168   -28     0
1383.60 -3.24e-15  6.81e-15   169    -9     0
1385.28 -9.21e-15  6.80e-15   170   -26     0
1386.95 -1.66e-16  6.83e-15   170     0     0
1388.63 -4.97e-15  6.86e-15   171   -13     0
1390.31 -2.17e-15  6.99e-15   172    -5     0
1391.98 -9.88e-15  7.02e-15   172   -26     0
1393.66 -4.50e-15  7.05e-15   173   -12     0
1395.34  3.03e-15  7.07e-15   174     8     0
1397.01 -1.05e-14  7.07e-15   174   -28     0
1398.69 -2.22e-15  7.10e-15   175    -5     0
1400.36  1.27e-15  7.16e-15   176     3     0
1402.04  8.10e-15  7.27e-15   176    21     0
1403.72  1.95e-15  7.22e-15   177     5     0
1405.39 -1.13e-15  7.34e-15   177    -2     0
1407.07 -4.33e-15  7.38e-15   178   -10     0
1408.75  2.61e-15  7.44e-15   179     6     0
1410.42  1.86e-16  7.39e-15   179     0     0
1412.10 -6.09e-15  7.42e-15   180   -15     0
1413.78 -2.05e-15  7.46e-15   181    -5     0
1415.45 -5.79e-15  7.30e-15   181   -14     0
1417.13 -3.98e-15  7.34e-15   182    -9     0
1418.81  3.91e-15  9.32e-15   183     9     0
1420.48 -1.03e-14  7.76e-15   183   -24     0
1422.16 -7.85e-15  7.79e-15   184   -18     0
1423.83 -1.07e-14  7.83e-15   184   -24     0
1425.51 -2.05e-15  7.70e-15   185    -4     0
1427.19 -7.43e-15  7.73e-15   186   -17     0
1428.86 -1.15e-15  7.77e-15   186    -2     0
1430.54 -4.55e-15  7.80e-15   187   -10     0
1432.22  2.88e-15  7.84e-15   188     6     0
1433.89 -2.01e-14  7.86e-15   188   -45     0
1435.57 -9.25e-15  7.97e-15   189   -20     0
1437.25  1.80e-17  8.00e-15   189     0     0
1438.92 -8.86e-15  8.02e-15   190   -19     0
1440.60 -1.70e-14  7.92e-15   191   -37     0
1442.27 -9.75e-15  7.94e-15   191   -21     0
1443.95 -3.59e-15  7.96e-15   192    -7     0
1445.63  8.86e-16  7.98e-15   192     1     0
1447.30 -6.91e-15  8.00e-15   193   -15     0
1448.98 -1.53e-14  8.01e-15   194   -33     0
1450.66 -9.58e-15  7.92e-15   194   -21     0
1452.33  1.57e-15  7.93e-15   195     3     0
1454.01  9.92e-15  8.10e-15   195    21     0
1455.69  1.06e-14  8.15e-15   196    22     0
1457.36  1.11e-14  8.16e-15   196    23     0
1459.04  1.59e-14  8.28e-15   197    34     0
1460.71  1.25e-14  8.01e-15   198    27     0
1462.39  1.95e-15  7.81e-15   198     4     0
1464.07 -1.70e-15  9.36e-15   199    -3     0
1465.74  1.27e-15  7.92e-15   199     2     0
1467.42 -7.53e-15  7.93e-15   200   -16     0
1469.10  7.10e-15  8.05e-15   200    15     0
1470.77 -1.14e-15  8.10e-15   201    -2     0
1472.45 -1.30e-15  8.10e-15   201    -2     0
1474.13 -2.48e-15  8.10e-15   202    -5     0
1475.80  1.07e-14  8.26e-15   203    22     0
1477.48  6.30e-14  3.46e-14   203   130     0
1479.16  6.70e-15  8.17e-15   204    13     0
1480.83 -7.40e-15  8.12e-15   204   -15     0
1482.51  3.36e-15  8.14e-15   205     6     0
1484.18  5.33e-15  8.19e-15   205    10     0
1485.86  1.36e-15  7.97e-15   206     2     0
1487.54  5.29e-15  8.03e-15   206    10     0
1489.21 -4.18e-15  7.98e-15   207    -8     0
1490.89 -1.53e-15  8.13e-15   207    -3     0
1492.57 -3.84e-15  8.13e-15   208    -7     0
1494.24  1.78e-15  8.14e-15   208     3     0
1495.92 -1.06e-14  7.98e-15   209   -21     0
1497.60  3.74e-15  8.02e-15   209     7     0
1499.27  5.67e-15  8.05e-15   210    11     0
1500.95  9.23e-15  8.60e-15   210    18     0
1502.62  3.20e-15  7.97e-15   211     6     0
1504.30  5.75e-15  8.05e-15   211    11     0
1505.98 -1.02e-14  7.92e-15   212   -20     0
1507.65  1.02e-14  8.09e-15   212    20     0
1509.33  9.54e-15  8.12e-15   213    19     0
1511.01  1.17e-14  8.31e-15   213    22     0
1512.68  9.28e-15  1.15e-14   213    18     0
1514.36  8.35e-15  8.23e-15   214    16     0
1516.04  5.44e-15  8.25e-15   214    10     0
1517.71  2.82e-15  8.23e-15   215     5     0
1519.39  2.64e-14  9.94e-15   215    50     0
1521.06  1.97e-14  8.61e-15   216    37     0
1522.74  6.12e-15  8.39e-15   216    11     0
1524.42  4.25e-15  8.34e-15   217     7     0
1526.09  7.56e-15  8.41e-15   217    14     0
1527.77  1.06e-14  8.45e-15   217    19     0
1529.45  2.94e-16  8.31e-15   218     0     0
1531.12  1.39e-14  8.37e-15   218    26     0
1532.80  1.59e-14  8.40e-15   219    30     0
1534.48  7.23e-15  8.22e-15   219    13     0
1536.15  1.30e-15  8.08e-15   219     2     0
1537.83 -5.51e-15  8.07e-15   220   -10     0
1539.50  8.98e-15  8.15e-15   220    17     0
1541.18  1.39e-14  8.23e-15   221    26     0
1542.86  2.58e-14  8.44e-15   221    49     0
1544.53  3.60e-14  8.67e-15   221    68     0
1546.21  5.10e-14  9.99e-15   222    95     0
1547.89  4.67e-14  1.31e-14   222    87     0
1549.56  5.79e-14  2.16e-14   222   109     0
1551.24  3.36e-14  1.07e-14   223    63     0
1552.92  2.57e-14  1.03e-14   223    48     0
1554.59  1.54e-14  8.54e-15   224    29     0
1556.27  2.97e-15  7.85e-15   224     5     0
1557.95  8.05e-15  7.94e-15   224    15     0
1559.62  7.86e-15  7.89e-15   225    14     0
1561.30  2.11e-14  8.22e-15   225    39     0
1562.97  2.54e-14  8.31e-15   225    48     0
1564.65  1.51e-14  8.04e-15   225    28     0
1566.33  2.06e-15  7.55e-15   226     4     0
1568.00 -4.37e-15  7.52e-15   226    -8     0
1569.68  2.19e-14  7.94e-15   226    42     0
1571.36  9.23e-15  7.79e-15   227    17     0
1573.03  1.09e-14  7.81e-15   227    20     0
1574.71  1.20e-14  7.83e-15   227    22     0
1576.39  1.01e-14  7.84e-15   228    19     0
1578.06 -1.94e-15  7.79e-15   228    -3     0
1579.74  6.41e-15  7.72e-15   228    12     0
1581.41 -1.20e-14  7.88e-15   228   -23     0
1583.09 -1.16e-14  7.78e-15   229   -22     0
1584.77  2.89e-16  9.33e-15   229     0     0
1586.44 -2.93e-15  7.35e-15   229    -5     0
1588.12 -7.46e-15  7.32e-15   230   -14     0
1589.80  4.47e-15  7.32e-15   230     8     0
1591.47  3.70e-15  7.39e-15   230     7     0
1593.15 -8.27e-15  7.44e-15   230   -15     0
1594.83  5.88e-15  7.74e-15   231    11     0
1596.50 -1.32e-15  7.18e-15   231    -2     0
1598.18  1.42e-14  7.59e-15   231    27     0
1599.85  6.96e-15  7.21e-15   231    13     0
1601.53 -8.49e-15  7.06e-15   231   -16     0
1603.21  1.23e-14  7.39e-15   232    24     0
1604.88  1.91e-16  7.88e-15   232     0     0
1606.56  4.36e-16  7.11e-15   232     0     0
1608.24  9.09e-15  7.22e-15   232    17     0
1609.91  2.07e-14  7.42e-15   233    40     0
1611.59 -4.63e-15  6.94e-15   233    -9     0
1613.27  1.01e-14  7.06e-15   233    20     0
1614.94  7.90e-15  6.98e-15   233    15     0
1616.62 -1.65e-16  6.92e-15   233     0     0
1618.30  1.32e-14  7.19e-15   234    26     0
1619.97 -1.16e-15  6.85e-15   234    -2     0
1621.65 -1.18e-15  6.71e-15   234    -2     0
1623.32  4.50e-16  6.68e-15   234     0     0
1625.00 -1.53e-14  6.53e-15   234   -31     0
1626.68  4.05e-15  6.51e-15   234     8     0
1628.35  4.23e-15  6.50e-15   235     8     0
1630.03  9.94e-15  6.89e-15   235    19     0
1631.71  1.60e-14  8.80e-15   235    31     0
1633.38  1.12e-14  7.77e-15   235    22     0
1635.06  1.44e-14  6.72e-15   235    29     0
1636.74  2.04e-14  9.75e-15   235    41     0
1638.41  5.32e-14  1.57e-14   236   109     0
1640.09  5.19e-14  1.13e-14   236   107     0
1641.76  3.57e-14  9.62e-15   236    74     0
1643.44  4.27e-16  6.34e-15   236     0     0
1645.12  9.32e-15  6.42e-15   236    19     0
1646.79  3.61e-15  6.25e-15   236     7     0
1648.47  1.01e-15  6.19e-15   236     2     0
1650.15  4.34e-15  6.25e-15   236     9     0
1651.82  1.16e-15  6.17e-15   237     2     0
1653.50  5.73e-15  6.21e-15   237    12     0
1655.18  3.17e-14  6.64e-15   237    67     0
1656.85  2.67e-14  6.48e-15   237    57     0
1658.53  2.46e-14  8.93e-15   237    52     0
1660.20  2.14e-14  6.33e-15   237    46     0
1661.88  1.17e-14  6.46e-15   237    25     0
1663.56  2.39e-14  6.45e-15   237    52     0
1665.23  4.71e-14  9.90e-15   237   101     0
1666.91  2.35e-14  7.02e-15   238    50     0
1668.59  1.00e-14  5.98e-15   238    21     0
1670.26  2.79e-14  6.18e-15   238    61     0
1671.94  3.15e-14  6.22e-15   238    70     0
1673.62  3.58e-14  6.23e-15   238    80     0
1675.29  3.61e-14  6.09e-15   238    82     0
1676.97  3.71e-14  6.40e-15   238    85     0
1678.65  3.77e-14  6.05e-15   238    87     0
1680.32  3.44e-14  6.45e-15   238    78     0
1682.00  2.58e-14  6.44e-15   238    59     0
1683.67  2.58e-14  5.83e-15   238    59     0
1685.35  2.72e-14  5.85e-15   239    62     0
1687.03  1.89e-14  5.63e-15   239    43     0
1688.70  1.56e-14  5.53e-15   239    36     0
1690.38  3.09e-14  5.83e-15   239    72     0
1692.06  3.58e-14  5.84e-15   239    84     0
1693.73  2.90e-14  5.64e-15   239    68     0
1695.41  3.01e-14  5.74e-15   239    71     0
1697.09  3.93e-14  5.76e-15   239    94     0
1698.76  2.99e-14  5.55e-15   239    72     0
1700.44  2.33e-14  5.30e-15   239    56     0
1702.11  3.11e-14  5.44e-15   239    76     0
1703.79  2.67e-14  5.30e-15   239    66     0
1705.47  2.35e-14  5.29e-15   240    57     0
1707.14  2.76e-14  5.33e-15   240    68     0
1708.82  2.55e-14  5.22e-15   240    63     0
1710.50  3.03e-14  5.49e-15   240    75     0
1712.17  3.05e-14  6.88e-15   240    76     0
1713.85  3.90e-14  5.52e-15   240    97     0
1715.53  2.85e-14  8.29e-15   240    71     0
1717.20  3.38e-14  8.40e-15   240    85     0
1718.88  2.68e-14  7.09e-15   240    67     0
1720.55  3.57e-14  6.88e-15   240    93     0
1722.23  2.28e-14  6.07e-15   240    60     0
1723.91  2.32e-14  4.76e-15   240    61     0
1725.58  3.06e-14  5.02e-15   240    79     0
1727.26  1.64e-14  4.81e-15   240    42     0
1728.94  2.31e-14  7.64e-15   241    60     0
1730.61  1.74e-14  5.14e-15   241    45     0
1732.29  1.28e-14  7.37e-15   241    33     0
1733.97  2.99e-14  9.38e-15   241    79     0
1735.64  3.95e-14  1.03e-14   241   105     0
1737.32  3.49e-14  1.11e-14   241    93     0
1738.99  3.53e-14  1.11e-14   241    95     0
1740.67  2.83e-14  9.87e-15   241    78     0
1742.35  3.13e-14  1.00e-14   241    87     0
1744.02  2.61e-14  8.06e-15   241    73     0
1745.70  3.61e-14  1.13e-14   241   100     0
1747.38  4.32e-14  9.61e-15   241   121     0
1749.05  4.16e-14  1.23e-14   242   117     0
1750.73  5.47e-14  1.49e-14   242   156     0
1752.41  3.67e-14  1.14e-14   242   105     0
1754.08  2.84e-14  1.03e-14   242    82     0
1755.76  2.53e-14  1.22e-14   242    72     0
1757.44  2.97e-14  1.38e-14   242    85     0
1759.11  3.33e-14  1.09e-14   242    96     0
1760.79  2.30e-14  1.29e-14   242    66     0
1762.46  1.83e-14  1.47e-14   242    53     0
1764.14  1.89e-14  1.52e-14   242    55     0
1765.82  4.77e-15  6.31e-15   243    14     0
1767.49  3.85e-15  3.62e-15   243    11     0
1769.17 -1.81e-15  3.55e-15   243    -5     0
1770.85 -2.87e-15  3.50e-15   243    -8     0
1772.52  2.03e-16  3.52e-15   243     0     0
1774.20 -4.41e-15  3.45e-15   243   -13     0
1775.88 -9.46e-16  3.43e-15   243    -2     0
1777.55 -4.34e-15  3.41e-15   243   -13     0
1779.23 -3.70e-15  3.38e-15   244   -11     0
1780.90 -6.90e-16  3.38e-15   244    -2     0
1782.58 -6.74e-16  3.36e-15   244    -2     0
1784.26 -7.00e-16  3.34e-15   244    -2     0
1785.93  7.34e-16  3.24e-15   244     2     0
1787.61  3.71e-16  3.30e-15   244     1     0
1789.29  7.52e-15  4.36e-15   244    24     0
1790.96  5.38e-15  3.75e-15   245    16     0
1792.64 -4.50e-17  3.74e-15   245     0     0
1794.32  1.63e-15  3.72e-15   245     5     0
1795.99  2.26e-15  3.56e-15   245     7     0
1797.67 -3.09e-15  3.33e-15   245    -9     0
1799.34  4.03e-15  3.22e-15   246    12     0
1801.02  8.51e-15  3.27e-15   246    27     0
1802.70  2.04e-15  3.13e-15   246     6     0
1804.37  2.51e-15  3.11e-15   246     8     0
1806.05  2.84e-15  3.16e-15   246     9     0
1807.73  7.17e-15  3.23e-15   247    22     0
1809.40  8.02e-15  3.24e-15   247    25     0
1811.08  9.25e-15  3.23e-15   247    29     0
1812.76  4.48e-15  3.11e-15   247    14     0
1814.43  6.76e-15  3.16e-15   247    21     0
1816.11  1.62e-14  3.40e-15   248    52     0
1817.79  1.72e-14  4.27e-15   248    55     0
1819.46  1.58e-14  3.35e-15   248    51     0
1821.14  6.79e-15  3.12e-15   248    21     0
1822.81 -1.07e-15  2.99e-15   249    -3     0
1824.49 -7.95e-15  2.98e-15   249   -25     0
1826.17 -5.14e-15  3.02e-15   249   -16     0
1827.84 -5.34e-15  3.00e-15   249   -16     0
1829.52 -5.35e-15  2.99e-15   250   -17     0
1831.20 -4.71e-15  2.89e-15   250   -15     0
1832.87 -2.17e-15  2.88e-15   250    -7     0
1834.55 -5.09e-16  2.87e-15   251    -1     0
1836.23  1.34e-15  2.85e-15   251     4     0
1837.90  3.88e-15  2.90e-15   251    12     0
1839.58 -5.53e-15  2.84e-15   252   -18     0
1841.25 -4.93e-15  2.87e-15   252   -16     0
1842.93  3.87e-16  2.86e-15   252     1     0
1844.61 -2.74e-16  2.85e-15   253     0     0
1846.28  7.67e-16  2.78e-15   253     2     0
1847.96 -1.04e-15  2.77e-15   253    -3     0
1849.64 -4.57e-16  2.76e-15   254    -1     0
1851.31  8.95e-16  2.82e-15   254     2     0
1852.99  1.57e-16  2.82e-15   254     0     0
1854.67  2.80e-15  2.86e-15   255     9     0
1856.34  1.47e-16  2.79e-15   255     0     0
1858.02  3.03e-15  2.83e-15   255     9     0
1859.69  2.11e-15  2.80e-15   256     6     0
1861.37 -3.42e-15  2.75e-15   256   -11     0
1863.05 -1.79e-15  2.75e-15   257    -5     0
1864.72 -3.58e-15  2.74e-15   257   -11     0
1866.40 -7.84e-15  2.77e-15   257   -25     0
1868.08 -5.71e-15  2.77e-15   258   -18     0
1869.75 -2.11e-15  2.76e-15   258    -6     0
1871.43  1.14e-15  2.83e-15   259     3     0
1873.11  2.81e-15  2.82e-15   259     8     0
1874.78  3.93e-15  2.84e-15   260    12     0
1876.46  1.07e-15  2.77e-15   260     3     0
1878.14 -4.36e-15  2.76e-15   261   -13     0
1879.81 -8.96e-15  2.76e-15   261   -28     0
1881.49 -7.96e-15  2.76e-15   262   -25     0
1883.16 -2.74e-15  2.75e-15   262    -8     0
1884.84 -5.25e-15  2.75e-15   262   -16     0
1886.52 -5.64e-15  2.76e-15   263   -17     0
1888.19 -4.45e-15  2.75e-15   263   -13     0
1889.87 -1.78e-15  2.75e-15   264    -5     0
1891.55  4.00e-16  2.73e-15   265     1     0
1893.22 -2.93e-15  2.73e-15   265    -9     0
1894.90 -2.70e-15  2.73e-15   266    -8     0
1896.58 -2.70e-15  2.72e-15   266    -8     0
1898.25 -1.84e-15  2.71e-15   267    -5     0
1899.93  2.16e-15  2.74e-15   267     6     0
1901.60  4.78e-15  2.79e-15   268    14     0
1903.28  1.81e-15  2.72e-15   268     5     0
1904.96 -6.43e-16  2.71e-15   269    -1     0
1906.63 -6.15e-15  2.67e-15   270   -19     0
1908.31 -6.78e-15  2.66e-15   270   -20     0
1909.99 -2.77e-15  2.66e-15   271    -8     0
1911.66 -3.97e-15  2.70e-15   271   -12     0
1913.34  2.18e-16  2.69e-15   272     0     0
1915.02  2.17e-15  2.76e-15   273     6     0
1916.69 -6.61e-16  2.73e-15   273    -1     0
1918.37  9.96e-16  2.86e-15   274     2     0
1920.04  3.05e-15  2.93e-15   274     9     0
1921.72  1.98e-15  2.99e-15   275     5     0
1923.40 -1.70e-15  3.21e-15   276    -5     0
1925.07  2.75e-16  3.07e-15   276     0     0
1926.75  5.05e-15  3.16e-15   277    15     0
1928.43  3.47e-15  2.94e-15   278    10     0
1930.10  5.12e-15  2.81e-15   278    15     0
1931.78  5.94e-15  2.70e-15   279    18     0
1933.46 -6.00e-16  2.57e-15   280    -1     0
1935.13 -3.37e-15  2.60e-15   281   -10     0
1936.81 -4.60e-16  2.58e-15   281    -1     0
1938.48 -1.40e-15  2.57e-15   282    -4     0
1940.16 -2.08e-15  2.56e-15   283    -6     0
1941.84  5.76e-16  2.55e-15   283     1     0
1943.51 -3.33e-15  2.53e-15   284   -10     0
1945.19 -5.13e-15  2.49e-15   285   -15     0
1946.87 -3.23e-15  2.47e-15   286   -10     0
1948.54 -3.44e-15  2.46e-15   286   -10     0
1950.22 -9.76e-16  2.48e-15   287    -2     0
1951.90 -2.81e-15  2.46e-15   288    -8     0
1953.57 -1.90e-15  2.45e-15   289    -5     0
1955.25  2.13e-15  2.43e-15   289     6     0
1956.93  4.21e-15  2.47e-15   290    13     0
1958.60  8.63e-15  2.55e-15   291    27     0
1960.28  6.88e-15  2.46e-15   292    21     0
1961.95  8.16e-15  2.49e-15   292    26     0
1963.63  6.44e-15  2.43e-15   293    20     0
1965.31  6.23e-15  2.45e-15   294    19     0
1966.98  1.01e-14  2.52e-15   295    32     0
1968.66  7.30e-15  2.46e-15   296    23     0
1970.34  2.98e-15  2.35e-15   296     9     0
1972.01  1.37e-15  2.32e-15   297     4     0
1973.69  2.79e-15  2.35e-15   298     8     0
1975.37  5.31e-15  2.41e-15   299    16     0
1977.04  9.53e-16  2.32e-15   300     2     0
1978.72 -1.16e-15  2.32e-15   300    -3     0
