NOT ORIGINAL IUE PROJECT DATA PRODUCT
SWP45582LOWLARGE
HD  197481
20:42:04
-31:31:05
48
NO-TRAIL
NO
959.563
09/09/92
13:20:05
253
8.17
30/09/95
GSFC
2448875.05561
0
18
1150.58 -3.66e-14  2.00e-13   -75    -2     0
1152.26  7.99e-14  1.90e-13   -75     5     0
1153.94  2.98e-13  1.86e-13   -74    20     0
1155.61  1.07e-13  1.73e-13   -74     7     0
1157.29  1.05e-13  1.60e-13   -73     8     0
1158.97 -5.51e-15  1.44e-13   -73     0     0
1160.64 -9.61e-14  1.33e-13   -72    -8     0
1162.32 -9.74e-14  1.23e-13   -72    -9     0
1163.99 -1.05e-13  1.15e-13   -72   -10     0
1165.67 -9.80e-14  9.81e-14   -71   -11     0
1167.35  1.08e-13  9.52e-14   -71    14     0
1169.02  4.31e-14  8.64e-14   -70     6     0
1170.70  5.34e-14  8.05e-14   -70     8     0
1172.38 -1.31e-13  7.32e-14   -69   -20     0
1174.05  7.60e-14  7.17e-14   -69    12     0
1175.73  2.46e-14  6.40e-14   -68     4     0
1177.41  7.27e-14  6.15e-14   -68    14     0
1179.08 -2.52e-14  5.54e-14   -67    -5     0
1180.76 -1.04e-16  5.70e-14   -67     0     0
1182.43 -3.30e-15  4.71e-14   -67     0     0
1184.11 -6.31e-14  4.45e-14   -66   -16     0
1185.79 -4.21e-14  4.25e-14   -66   -11     0
1187.46  2.31e-14  4.09e-14   -65     6     0
1189.14  3.37e-14  3.97e-14   -65     9     0
1190.82  6.30e-15  3.47e-14   -64     2     0
1192.49  7.37e-14  3.62e-14   -64    24     0
1194.17  4.68e-14  3.69e-14   -64    16     0
1195.85  9.54e-15  5.16e-14   -63     3 -4096
1197.52 -4.23e-14  4.83e-14   -63   -16 -4096
1199.20  1.56e-13  1.08e-13   -62    62 -4096
1200.87  5.24e-14  4.68e-14   -62    22 -4096
1202.55  6.38e-14  5.23e-14   -61    27     0
1204.23  7.90e-14  5.48e-14   -61    35     0
1205.90  1.48e-13  3.44e-14   -60    69     0
1207.58  3.85e-13  6.07e-14   -60   185     0
1209.26  8.28e-13  1.91e-13   -60   409     0
1210.93  1.24e-12  2.43e-13   -59   637     0
1212.61  7.37e-12  5.29e-12   -59  3900   -32
1214.29  1.71e-11  7.86e-12   -58  9288   -32
1215.96  1.72e-11  7.97e-12   -58  9589   -32
1217.64  4.83e-12  7.01e-13   -58  2765   -32
1219.32  2.29e-12  4.45e-13   -57  1337     0
1220.99  9.12e-13  1.11e-13   -57   546     0
1222.67  3.82e-13  5.61e-14   -56   233     0
1224.34  1.07e-13  2.30e-14   -56    66     0
1226.02  1.27e-14  1.63e-14   -55     8     0
1227.70  2.30e-14  1.64e-14   -55    15     0
1229.37  1.37e-15  1.52e-14   -55     0     0
1231.05  1.54e-14  1.62e-14   -54    10     0
1232.73  6.82e-15  1.47e-14   -54     4     0
1234.40  2.80e-14  1.53e-14   -53    19     0
1236.08  6.02e-14  2.10e-14   -53    43     0
1237.76  9.05e-15  1.39e-14   -53     6     0
1239.43  6.21e-15  2.37e-14   -52     4     0
1241.11  1.33e-14  1.34e-14   -52    10     0
1242.78 -9.40e-15  1.28e-14   -51    -7     0
1244.46 -1.06e-14  1.47e-14   -51    -8     0
1246.14 -1.74e-14  1.27e-14   -51   -13     0
1247.81 -2.35e-15  1.24e-14   -50    -1     0
1249.49 -8.10e-15  1.23e-14   -50    -6     0
1251.17 -5.86e-15  1.34e-14   -49    -4     0
1252.84  9.29e-15  1.19e-14   -49     7     0
1254.52  1.64e-15  1.15e-14   -49     1     0
1256.20  1.76e-15  1.14e-14   -48     1     0
1257.87 -4.64e-16  1.12e-14   -48     0     0
1259.55 -1.67e-14  1.11e-14   -47   -14     0
1261.22 -1.38e-14  1.09e-14   -47   -11     0
1262.90  1.47e-14  1.14e-14   -47    12     0
1264.58 -2.29e-14  1.53e-14   -46   -19     0
1266.25  1.23e-14  1.09e-14   -46    10     0
1267.93  1.34e-15  1.05e-14   -45     1     0
1269.61 -1.10e-14  1.02e-14   -45    -9     0
1271.28 -2.32e-15  1.02e-14   -45    -2     0
1272.96  2.71e-14  1.14e-14   -44    24     0
1274.64  2.57e-15  1.15e-14   -44     2     0
1276.31 -1.82e-14  1.02e-14   -44   -16     0
1277.99  3.82e-14  1.16e-14   -43    33     0
1279.67 -7.80e-15  1.00e-14   -43    -6     0
1281.34  5.03e-15  1.00e-14   -42     4     0
1283.02  1.91e-14  1.06e-14   -42    17     0
1284.69  1.09e-14  1.12e-14   -42     9     0
1286.37  2.71e-14  1.69e-14   -41    24     0
1288.05 -1.51e-15  9.46e-15   -41    -1     0
1289.72 -1.12e-14  9.48e-15   -40   -10     0
1291.40 -5.79e-15  9.36e-15   -40    -5     0
1293.08  2.31e-14  1.04e-14   -40    21     0
1294.75  1.93e-15  9.33e-15   -39     1     0
1296.43 -2.08e-15  1.29e-14   -39    -1     0
1298.11  1.69e-14  9.83e-15   -39    15     0
1299.78  1.13e-14  1.92e-14   -38    10     0
1301.46 -7.94e-15  1.01e-14   -38    -7     0
1303.13 -2.82e-15  1.02e-14   -37    -2     0
1304.81  2.57e-15  9.30e-15   -37     2     0
1306.49  9.52e-15  9.62e-15   -37     8     0
1308.16  1.56e-14  9.79e-15   -36    14     0
1309.84 -1.54e-15  1.62e-14   -36    -1     0
1311.52 -5.15e-16  9.26e-15   -36     0     0
1313.19  1.45e-14  1.35e-14   -35    13     0
1314.87  4.68e-14  1.74e-14   -35    43     0
1316.55  7.02e-15  9.14e-15   -35     6     0
1318.22  1.17e-14  9.34e-15   -34    10     0
1319.90  1.52e-14  1.27e-14   -34    14     0
1321.57 -2.81e-14  1.39e-14   -33   -25     0
1323.25  5.68e-14  1.15e-14   -33    50     0
1324.93 -1.70e-14  8.97e-15   -33   -15     0
1326.60  7.76e-15  1.29e-14   -32     6     0
1328.28  4.66e-15  9.14e-15   -32     4     0
1329.96  1.12e-14  9.43e-15   -32     9     0
1331.63  1.59e-14  1.41e-14   -31    14     0
1333.31  1.57e-14  2.02e-14   -31    13     0
1334.99  1.48e-14  9.82e-15   -31    13     0
1336.66 -6.10e-15  1.73e-14   -30    -5     0
1338.34  9.32e-15  1.01e-14   -30     8     0
1340.01 -1.37e-14  1.05e-14   -30   -11     0
1341.69  5.25e-15  9.00e-15   -29     4     0
1343.37  8.04e-15  9.35e-15   -29     6     0
1345.04 -1.21e-14  8.67e-15   -28   -10     0
1346.72  1.23e-14  9.08e-15   -28    10     0
1348.40 -3.26e-15  9.21e-15   -28    -2     0
1350.07  2.34e-14  1.03e-14   -27    20     0
1351.75 -1.32e-14  1.02e-14   -27   -11     0
1353.43 -5.95e-16  9.27e-15   -27     0     0
1355.10  3.48e-15  8.77e-15   -26     2     0
1356.78  1.50e-14  9.22e-15   -26    12     0
1358.46  8.57e-15  8.85e-15   -26     7     0
1360.13  1.16e-14  9.47e-15   -25     9     0
1361.81 -5.89e-15  8.90e-15   -25    -4     0
1363.48 -7.15e-15  8.93e-15   -25    -5     0
1365.16 -8.71e-15  8.92e-15   -24    -7     0
1366.84  1.05e-14  9.39e-15   -24     8     0
1368.51  1.01e-14  9.45e-15   -24     8     0
1370.19  9.74e-15  1.00e-14   -23     7     0
1371.87  1.14e-14  9.41e-15   -23     9     0
1373.54  1.47e-14  9.63e-15   -23    11     0
1375.22  1.49e-14  1.04e-14   -22    11     0
1376.90 -4.67e-16  9.18e-15   -22     0     0
1378.57 -6.79e-15  8.94e-15   -22    -5     0
1380.25 -1.43e-14  1.13e-14   -21   -11     0
1381.92  3.61e-15  1.21e-14   -21     2     0
1383.60  1.02e-14  1.76e-14   -21     7     0
1385.28 -8.30e-15  1.31e-14   -20    -6     0
1386.95  9.85e-16  1.79e-14   -20     0     0
1388.63 -5.96e-16  9.51e-15   -20     0     0
1390.31  1.85e-15  9.39e-15   -19     1     0
1391.98  3.37e-14  2.09e-14   -19    24     0
1393.66  3.01e-14  1.38e-14   -19    22     0
1395.34 -5.22e-15  1.45e-14   -18    -3     0
1397.01 -7.33e-15  9.22e-15   -18    -5     0
1398.69 -9.89e-15  9.71e-15   -18    -7     0
1400.36 -5.40e-15  9.31e-15   -17    -3     0
1402.04 -1.01e-14  1.33e-14   -17    -7     0
1403.72 -8.19e-15  1.73e-14   -17    -5     0
1405.39 -2.30e-14  9.52e-15   -16   -15     0
1407.07  2.34e-15  9.67e-15   -16     1     0
1408.75 -7.06e-15  1.72e-14   -16    -4     0
1410.42  9.24e-15  1.37e-14   -15     6     0
1412.10  3.79e-15  9.70e-15   -15     2     0
1413.78 -1.87e-14  1.12e-14   -15   -12     0
1415.45  2.87e-16  9.40e-15   -14     0     0
1417.13  2.12e-14  1.05e-14   -14    14     0
1418.81 -9.93e-15  9.46e-15   -14    -6     0
1420.48 -3.53e-15  9.94e-15   -14    -2     0
1422.16  3.91e-15  1.01e-14   -13     2     0
1423.83 -3.38e-15  1.10e-14   -13    -2     0
1425.51  6.55e-15  1.32e-14   -13     4     0
1427.19 -1.59e-14  9.89e-15   -12   -10     0
1428.86 -6.45e-15  9.90e-15   -12    -4     0
1430.54  1.27e-14  1.06e-14   -12     7     0
1432.22 -4.26e-15  9.94e-15   -11    -2     0
1433.89 -6.87e-15  1.00e-14   -11    -4     0
1435.57 -1.77e-16  1.02e-14   -11     0     0
1437.25 -1.91e-14  1.21e-14   -11   -11     0
1438.92  1.06e-15  1.02e-14   -10     0     0
1440.60  6.52e-15  1.43e-14   -10     3     0
1442.27  4.53e-16  1.40e-14   -10     0     0
1443.95  5.64e-15  1.02e-14    -9     3     0
1445.63  1.75e-14  1.11e-14    -9    10     0
1447.30 -4.42e-15  1.00e-14    -9    -2     0
1448.98  1.38e-14  1.43e-14    -8     8     0
1450.66  3.27e-15  1.01e-14    -8     1     0
1452.33  8.23e-15  1.34e-14    -8     4     0
1454.01  1.09e-14  1.04e-14    -8     6     0
1455.69 -1.85e-15  9.97e-15    -7    -1     0
1457.36  7.43e-15  1.04e-14    -7     4     0
1459.04  3.98e-15  1.07e-14    -7     2     0
1460.71  3.38e-14  1.15e-14    -6    20     0
1462.39  5.95e-15  1.70e-14    -6     3     0
1464.07 -6.43e-15  9.68e-15    -6    -3     0
1465.74 -8.01e-15  9.81e-15    -6    -4     0
1467.42 -1.30e-14  9.80e-15    -5    -7     0
1469.10 -7.00e-15  9.78e-15    -5    -4     0
1470.77 -7.57e-15  9.98e-15    -5    -4     0
1472.45  3.52e-16  1.08e-14    -4     0     0
1474.13 -5.60e-15  9.98e-15    -4    -3     0
1475.80 -9.61e-15  9.97e-15    -4    -5     0
1477.48 -1.60e-14  1.00e-14    -4    -8     0
1479.16 -6.96e-16  1.34e-14    -3     0     0
1480.83  1.45e-14  1.22e-14    -3     8     0
1482.51  2.34e-15  1.02e-14    -3     1     0
1484.18 -3.05e-15  9.92e-15    -3    -1     0
1485.86 -3.64e-15  9.80e-15    -2    -2     0
1487.54 -1.82e-14  1.19e-14    -2   -10     0
1489.21  4.35e-15  9.78e-15    -2     2     0
1490.89  1.37e-14  1.06e-14    -2     7     0
1492.57  5.25e-15  1.02e-14    -1     2     0
1494.24 -1.16e-14  1.02e-14    -1    -6     0
1495.92  7.99e-15  1.02e-14    -1     4     0
1497.60 -3.11e-15  1.15e-14    -1    -1     0
1499.27 -3.25e-15  1.05e-14     0    -1     0
1500.95 -4.67e-15  9.56e-15     0    -2     0
1502.62  4.25e-15  9.79e-15     0     2     0
1504.30 -5.81e-15  9.57e-15     0    -3     0
1505.98  8.12e-15  1.02e-14     0     4     0
1507.65 -8.51e-15  9.99e-15     0    -4     0
1509.33  2.18e-15  9.92e-15     0     1     0
1511.01 -6.25e-15  9.68e-15     0    -3     0
1512.68 -6.60e-15  9.91e-15     1    -3     0
1514.36 -8.64e-16  9.92e-15     1     0     0
1516.04  3.64e-15  1.12e-14     1     1     0
1517.71 -8.39e-15  9.79e-15     1    -4     0
1519.39  7.52e-15  1.01e-14     2     3     0
1521.06  7.76e-15  1.03e-14     2     3     0
1522.74  1.73e-14  1.10e-14     2     8     0
1524.42  7.73e-15  1.26e-14     2     3     0
1526.09  1.13e-15  9.83e-15     3     0     0
1527.77  1.09e-15  1.49e-14     3     0     0
1529.45 -1.83e-14  9.93e-15     3    -9     0
1531.12  3.51e-15  9.64e-15     3     1     0
1532.80  1.71e-14  1.03e-14     4     8     0
1534.48  1.95e-15  1.21e-14     4     1     0
1536.15 -5.07e-15  9.47e-15     4    -2     0
1537.83  1.02e-14  1.01e-14     4     5     0
1539.50  1.60e-14  1.76e-14     4     8     0
1541.18 -1.78e-14  1.52e-14     5    -9     0
1542.86  3.84e-14  2.52e-14     5    19     0
1544.53  1.88e-14  1.31e-14     5     9     0
1546.21 -1.29e-14  1.82e-14     5    -6     0
1547.89  8.94e-15  1.03e-14     6     4     0
1549.56  1.57e-14  1.03e-14     6     7     0
1551.24  6.45e-15  2.53e-14     6     3     0
1552.92 -2.44e-15  1.33e-14     6    -1     0
1554.59  4.69e-15  1.62e-14     6     2     0
1556.27  1.97e-14  1.01e-14     7    10     0
1557.95 -1.08e-14  1.41e-14     7    -5     0
1559.62 -3.81e-15  8.96e-15     7    -1     0
1561.30  8.46e-15  9.49e-15     7     4     0
1562.97 -6.08e-15  8.96e-15     7    -3     0
1564.65  1.14e-15  8.94e-15     8     0     0
1566.33 -5.60e-15  9.21e-15     8    -2     0
1568.00 -7.42e-15  1.15e-14     8    -3     0
1569.68  2.03e-14  9.58e-15     8    10     0
1571.36  5.63e-14  1.51e-14     8    29     0
1573.03  1.53e-14  1.56e-14     9     7     0
1574.71  3.91e-15  8.87e-15     9     2     0
1576.39  1.80e-14  9.46e-15     9     9     0
1578.06  3.67e-14  1.17e-14     9    18     0
1579.74  1.88e-14  9.67e-15     9     9     0
1581.41  6.73e-15  1.30e-14    10     3     0
1583.09 -6.22e-15  8.48e-15    10    -3     0
1584.77  3.65e-14  1.05e-14    10    19     0
1586.44 -1.46e-14  1.22e-14    10    -7     0
1588.12  9.48e-15  9.10e-15    10     5     0
1589.80  2.64e-14  9.44e-15    11    13     0
1591.47 -2.32e-15  8.29e-15    11    -1     0
1593.15  8.75e-15  8.61e-15    11     4     0
1594.83 -4.97e-15  8.38e-15    11    -2     0
1596.50  9.24e-15  1.01e-14    11     4     0
1598.18 -2.02e-14  1.20e-14    11   -10     0
1599.85  1.01e-14  9.78e-15    12     5     0
1601.53 -4.83e-15  1.47e-14    12    -2     0
1603.21  5.61e-15  1.38e-14    12     3     0
1604.88 -5.91e-15  1.23e-14    12    -3     0
1606.56  2.39e-14  9.73e-15    12    12     0
1608.24  1.36e-14  1.29e-14    13     7     0
1609.91  1.08e-14  1.30e-14    13     5     0
1611.59 -6.11e-15  9.34e-15    13    -3     0
1613.27  7.68e-15  8.82e-15    13     4     0
1614.94 -4.54e-15  1.03e-14    13    -2     0
1616.62 -7.12e-15  9.51e-15    13    -3     0
1618.30  1.09e-14  1.08e-14    14     5     0
1619.97 -5.54e-15  1.31e-14    14    -2     0
1621.65 -8.68e-16  9.46e-15    14     0     0
1623.32  8.45e-15  1.10e-14    14     4     0
1625.00  9.23e-15  1.05e-14    14     5     0
1626.68  1.54e-14  8.03e-15    14     8     0
1628.35 -2.58e-15  7.06e-15    14    -1     0
1630.03  3.74e-15  1.04e-14    15     2     0
1631.71  9.63e-15  1.21e-14    15     5     0
1633.38  1.82e-14  1.06e-14    15     9     0
1635.06  1.65e-14  1.32e-14    15     9     0
1636.74  2.51e-14  1.39e-14    15    13     0
1638.41  4.90e-15  1.37e-14    15     2     0
1640.09  1.21e-14  1.42e-14    16     6     0
1641.76  3.72e-14  1.80e-14    16    20     0
1643.44  1.18e-14  8.64e-15    16     6     0
1645.12 -3.49e-15  6.72e-15    16    -1     0
1646.79  6.78e-15  6.97e-15    16     3     0
1648.47  1.05e-14  7.43e-15    16     5     0
1650.15  6.34e-15  7.79e-15    16     3     0
1651.82  3.94e-15  7.84e-15    17     2     0
1653.50 -1.83e-14  8.53e-15    17   -10     0
1655.18 -3.92e-15  1.05e-14    17    -2     0
1656.85 -2.31e-15  8.34e-15    17    -1     0
1658.53  1.89e-15  6.37e-15    17     1     0
1660.20 -2.76e-15  7.81e-15    17    -1     0
1661.88  1.33e-14  6.86e-15    17     7     0
1663.56 -1.92e-15  6.16e-15    17    -1     0
1665.23  2.68e-14  8.42e-15    18    15     0
1666.91  1.46e-14  8.56e-15    18     8     0
1668.59 -1.80e-16  6.71e-15    18     0     0
1670.26  7.71e-15  1.18e-14    18     4     0
1671.94  5.56e-16  6.40e-15    18     0     0
1673.62 -1.36e-14  5.86e-15    18    -8     0
1675.29  2.91e-15  8.72e-15    18     1     0
1676.97 -9.68e-15  6.01e-15    18    -6     0
1678.65  1.93e-14  6.72e-15    19    12     0
1680.32 -3.03e-15  5.62e-15    19    -1     0
1682.00 -4.89e-15  5.56e-15    19    -3     0
1683.67  7.64e-16  6.04e-15    19     0     0
1685.35  3.22e-15  6.25e-15    19     1     0
1687.03  6.52e-16  5.47e-15    19     0     0
1688.70 -1.01e-14  5.72e-15    19    -6     0
1690.38  9.03e-15  5.87e-15    19     5     0
1692.06  5.68e-15  5.68e-15    19     3     0
1693.73 -5.72e-15  5.41e-15    20    -3     0
1695.41  4.02e-15  5.42e-15    20     2     0
1697.09 -5.32e-15  5.11e-15    20    -3     0
1698.76  7.17e-15  5.88e-15    20     4     0
1700.44  6.96e-15  5.37e-15    20     4     0
1702.11  1.23e-15  8.00e-15    20     0     0
1703.79 -1.37e-15  5.22e-15    20     0     0
1705.47  5.36e-15  6.92e-15    20     3     0
1707.14  1.08e-14  5.41e-15    20     7     0
1708.82  1.21e-14  5.47e-15    21     8     0
1710.50  1.04e-14  5.40e-15    21     6     0
1712.17 -1.08e-14  4.73e-15    21    -7     0
1713.85 -1.11e-16  4.68e-15    21     0     0
1715.53 -7.79e-15  5.83e-15    21    -5     0
1717.20 -6.41e-15  5.41e-15    21    -4     0
1718.88  5.52e-15  4.86e-15    21     3     0
1720.55  3.26e-15  4.70e-15    21     2     0
1722.23  3.47e-15  5.02e-15    21     2     0
1723.91 -2.13e-15  4.30e-15    21    -1     0
1725.58  4.02e-15  4.81e-15    22     2     0
1727.26 -9.27e-16  5.73e-15    22     0     0
1728.94 -6.01e-15  4.31e-15    22    -4     0
1730.61 -1.37e-15  4.27e-15    22     0     0
1732.29  6.61e-15  4.63e-15    22     4     0
1733.97 -5.83e-15  4.26e-15    22    -4     0
1735.64  2.80e-15  5.85e-15    22     2     0
1737.32  2.63e-15  5.73e-15    22     1     0
1738.99  1.08e-15  4.09e-15    22     0     0
1740.67 -2.60e-15  4.10e-15    22    -1     0
1742.35  4.47e-15  4.13e-15    22     3     0
1744.02  2.07e-16  3.82e-15    23     0     0
1745.70 -8.65e-16  4.51e-15    23     0     0
1747.38  1.20e-15  5.50e-15    23     0     0
1749.05  1.08e-14  4.43e-15    23     8     0
1750.73  5.04e-15  3.95e-15    23     3     0
1752.41  2.69e-15  3.95e-15    23     2     0
1754.08  1.03e-14  4.19e-15    23     8     0
1755.76 -2.04e-15  3.61e-15    23    -1     0
1757.44 -5.61e-15  4.97e-15    23    -4     0
1759.11  4.43e-15  3.79e-15    23     3     0
1760.79  2.76e-15  3.63e-15    23     2     0
1762.46  1.42e-15  4.16e-15    23     1     0
1764.14 -1.67e-15  3.44e-15    24    -1     0
1765.82 -6.18e-17  3.39e-15    24     0     0
1767.49  1.62e-15  3.43e-15    24     1     0
1769.17  3.19e-15  4.68e-15    24     2     0
1770.85  2.15e-15  5.54e-15    24     1     0
1772.52  5.99e-15  3.53e-15    24     4     0
1774.20  3.44e-15  3.37e-15    24     2     0
1775.88  4.57e-15  3.67e-15    24     3     0
1777.55  3.35e-16  3.18e-15    24     0     0
1779.23 -1.73e-15  5.82e-15    24    -1     0
1780.90  6.53e-15  3.48e-15    24     5     0
1782.58  5.73e-15  4.86e-15    24     4     0
1784.26  4.43e-15  4.08e-15    24     3     0
1785.93  9.70e-16  4.05e-15    24     0     0
1787.61 -1.13e-15  3.02e-15    25     0     0
1789.29 -1.66e-15  2.89e-15    25    -1     0
1790.96 -2.37e-15  2.91e-15    25    -2     0
1792.64  5.82e-15  4.37e-15    25     4     0
1794.32  2.82e-15  5.12e-15    25     2 -4096
1795.99 -2.11e-15  4.23e-15    25    -1     0
1797.67 -3.26e-15  3.44e-15    25    -2     0
1799.34  2.26e-15  3.71e-15    25     1     0
1801.02 -9.34e-16  3.56e-15    25     0     0
1802.70 -3.76e-17  4.32e-15    25     0     0
1804.37  1.20e-15  3.78e-15    25     1     0
1806.05 -3.04e-15  5.08e-15    25    -2     0
1807.73 -5.90e-16  4.97e-15    25     0     0
1809.40  1.97e-15  3.13e-15    25     1     0
1811.08  6.95e-16  4.95e-15    26     0     0
1812.76  3.73e-16  5.55e-15    26     0     0
1814.43  6.21e-15  3.63e-15    26     5     0
1816.11  7.09e-15  3.06e-15    26     6     0
1817.79  1.21e-14  3.48e-15    26    10     0
1819.46  8.01e-15  5.34e-15    26     7     0
1821.14  4.95e-15  5.35e-15    26     4     0
1822.81 -2.90e-15  2.94e-15    26    -2     0
1824.49 -1.81e-15  2.50e-15    26    -1     0
1826.17  1.59e-15  4.58e-15    26     1     0
1827.84  1.51e-15  2.58e-15    26     1     0
1829.52  7.99e-16  2.52e-15    26     0     0
1831.20 -3.74e-15  2.96e-15    26    -3     0
1832.87  6.75e-16  2.60e-15    26     0     0
1834.55  1.57e-15  4.02e-15    26     1     0
1836.23 -2.65e-15  4.38e-15    27    -2     0
1837.90  2.82e-15  2.87e-15    27     2     0
1839.58  7.05e-15  2.87e-15    27     6     0
1841.25  4.85e-15  2.60e-15    27     4     0
1842.93 -8.20e-16  2.52e-15    27     0     0
1844.61  3.82e-15  4.87e-15    27     3     0
1846.28  8.30e-15  4.89e-15    27     7     0
1847.96  2.48e-15  3.44e-15    27     2     0
1849.64 -2.77e-15  3.17e-15    27    -2     0
1851.31 -1.07e-15  5.05e-15    27     0     0
1852.99 -1.77e-16  3.21e-15    27     0     0
1854.67  6.80e-15  2.73e-15    27     5     0
1856.34 -1.70e-16  4.07e-15    27     0     0
1858.02  7.79e-15  3.01e-15    27     6     0
1859.69  4.21e-15  5.09e-15    28     3     0
1861.37  7.90e-15  4.74e-15    28     6     0
1863.05 -2.50e-16  3.28e-15    28     0     0
1864.72 -1.44e-15  2.81e-15    28    -1     0
1866.40 -7.34e-16  2.78e-15    28     0     0
1868.08  1.96e-15  2.55e-15    28     1     0
1869.75  1.88e-15  3.03e-15    28     1     0
1871.43  3.14e-15  3.57e-15    28     2     0
1873.11  2.84e-15  3.45e-15    28     2     0
1874.78  3.14e-15  2.68e-15    28     2     0
1876.46  1.22e-15  3.66e-15    28     1     0
1878.14  4.03e-16  4.97e-15    28     0     0
1879.81 -1.80e-15  3.79e-15    28    -1     0
1881.49  1.34e-15  3.38e-15    28     1     0
1883.16  3.25e-15  3.86e-15    29     2     0
1884.84  2.49e-15  2.91e-15    29     2     0
1886.52 -2.25e-15  2.80e-15    29    -1     0
1888.19  5.44e-16  3.65e-15    29     0     0
1889.87 -1.02e-15  3.26e-15    29     0     0
1891.55 -1.18e-15  3.83e-15    29     0     0
1893.22 -4.23e-15  2.76e-15    29    -3     0
1894.90 -1.74e-15  4.04e-15    29    -1     0
1896.58 -1.07e-15  3.16e-15    29     0     0
1898.25  1.27e-15  2.81e-15    29     1     0
1899.93  2.67e-15  3.01e-15    29     2     0
1901.60  2.03e-16  3.54e-15    29     0     0
1903.28  1.87e-15  2.62e-15    29     1     0
1904.96  3.66e-15  2.62e-15    30     3     0
1906.63 -7.00e-16  3.05e-15    30     0     0
1908.31  3.99e-15  3.39e-15    30     3     0
1909.99  8.17e-16  4.47e-15    30     0     0
1911.66  9.35e-17  4.38e-15    30     0     0
1913.34 -2.26e-15  3.30e-15    30    -1     0
1915.02 -5.76e-15  3.83e-15    30    -4     0
1916.69  1.34e-15  4.50e-15    30     1     0
1918.37  3.61e-15  4.60e-15    30     2     0
1920.04  1.68e-15  3.21e-15    30     1     0
1921.72  9.49e-16  3.04e-15    30     0     0
1923.40  3.18e-15  2.74e-15    30     2     0
1925.07 -4.93e-16  4.05e-15    30     0     0
1926.75  2.96e-16  4.15e-15    31     0     0
1928.43  2.84e-15  5.05e-15    31     2     0
1930.10 -1.41e-15  2.67e-15    31    -1     0
1931.78  7.03e-15  4.29e-15    31     5     0
1933.46  4.53e-15  4.63e-15    31     3     0
1935.13  1.05e-15  4.12e-15    31     0     0
1936.81  7.84e-16  4.81e-15    31     0     0
1938.48 -2.24e-16  4.35e-15    31     0     0
1940.16 -1.35e-15  2.65e-15    31    -1     0
1941.84 -2.59e-15  2.65e-15    31    -2     0
1943.51  1.51e-16  3.63e-15    32     0     0
1945.19  4.50e-15  3.02e-15    32     3     0
1946.87  5.23e-15  2.59e-15    32     4     0
1948.54  4.05e-15  2.58e-15    32     3     0
1950.22  2.94e-15  2.61e-15    32     2     0
1951.90  1.80e-15  2.68e-15    32     1     0
1953.57  3.31e-15  2.65e-15    32     2     0
1955.25  2.02e-15  2.66e-15    32     1     0
1956.93  6.03e-15  2.60e-15    32     5     0
1958.60  2.42e-15  2.56e-15    32     2     0
1960.28  1.85e-15  2.55e-15    32     1     0
1961.95 -2.68e-16  2.51e-15    33     0     0
1963.63  1.59e-15  2.53e-15    33     1     0
1965.31  3.37e-15  3.68e-15    33     2     0
1966.98  1.10e-14  2.67e-15    33     9     0
1968.66  7.91e-15  2.54e-15    33     6     0
1970.34  2.87e-15  2.56e-15    33     2     0
1972.01  2.34e-15  2.62e-15    33     2     0
1973.69  3.54e-15  4.14e-15    33     3     0
1975.37  8.01e-16  4.17e-15    33     0     0
1977.04  1.74e-15  4.21e-15    34     1     0
1978.72  1.59e-15  3.60e-15    34     1     0
