NOT ORIGINAL IUE PROJECT DATA PRODUCT
SWP45574LOWLARGE
HD  197481
20:42:04
-31:31:05
48
NO-TRAIL
X-OFFSETS
2039.548
09/09/92
00:16:40
253
8.17
30/09/95
GSFC
2448874.51157
0
20
1150.58  1.69e-13  2.14e-13   -97    22     0
1152.26 -8.61e-14  1.99e-13   -96   -12     0
1153.94 -2.17e-13  1.86e-13   -96   -32     0
1155.61  1.55e-13  1.81e-13   -95    23     0
1157.29  2.03e-13  1.68e-13   -95    33     0
1158.97  4.84e-14  1.53e-13   -94     8     0
1160.64  1.52e-13  1.43e-13   -93    29     0
1162.32  9.23e-14  2.02e-13   -93    19     0
1163.99  3.52e-14  1.22e-13   -92     7     0
1165.67  9.92e-14  1.05e-13   -92    25     0
1167.35  8.30e-14  9.75e-14   -91    22     0
1169.02  8.14e-14  9.08e-14   -90    24     0
1170.70 -2.59e-14  8.33e-14   -90    -8     0
1172.38 -1.51e-13  7.76e-14   -89   -51     0
1174.05  4.49e-14  7.27e-14   -89    16     0
1175.73  3.03e-13  1.74e-13   -88   118     0
1177.41  2.05e-15  1.22e-13   -87     0     0
1179.08  2.01e-13  1.07e-13   -87    88     0
1180.76  1.51e-13  1.03e-13   -86    73     0
1182.43 -6.39e-15  4.99e-14   -86    -3     0
1184.11  1.37e-15  4.71e-14   -85     0     0
1185.79 -1.19e-13  4.73e-14   -84   -67     0
1187.46  1.37e-14  4.27e-14   -84     8     0
1189.14 -2.53e-14  4.11e-14   -83   -15     0
1190.82 -4.00e-15  3.66e-14   -82    -2     0
1192.49  6.34e-15  3.66e-14   -82     4     0
1194.17  1.71e-14  3.52e-14   -81    12     0
1195.85 -5.01e-15  3.44e-14   -80    -3     0
1197.52  6.44e-14  3.49e-14   -80    52     0
1199.20  3.21e-14  3.23e-14   -79    27     0
1200.87 -4.00e-14  2.93e-14   -78   -35     0
1202.55  3.67e-14  2.74e-14   -78    33     0
1204.23  6.74e-14  2.64e-14   -77    64     0
1205.90  1.40e-14  2.62e-14   -77    13     0
1207.58  1.31e-13  4.39e-14   -76   133     0
1209.26  2.40e-13  6.26e-14   -75   251     0
1210.93  5.07e-13  1.02e-13   -74   554     0
1212.61  6.92e-13  1.13e-13   -74   776     0
1214.29  9.23e-13  1.43e-13   -73  1062     0
1215.96  1.05e-12  1.71e-13   -72  1249     0
1217.64  8.33e-13  1.49e-13   -72  1011     0
1219.32  5.52e-13  1.13e-13   -71   685     0
1220.99  3.02e-13  5.49e-14   -70   383     0
1222.67  8.12e-14  2.95e-14   -70   105     0
1224.34 -1.60e-14  1.74e-14   -69   -21     0
1226.02  2.55e-14  1.71e-14   -68    34     0
1227.70  9.30e-15  1.65e-14   -68    12     0
1229.37  4.83e-14  1.67e-14   -67    68     0
1231.05  2.88e-14  1.60e-14   -66    41     0
1232.73  8.81e-15  1.54e-14   -65    13     0
1234.40  2.48e-14  1.89e-14   -65    37     0
1236.08  1.49e-14  1.48e-14   -64    22     0
1237.76  2.42e-14  1.47e-14   -63    37     0
1239.43  2.83e-14  1.46e-14   -62    44     0
1241.11  1.83e-14  1.40e-14   -62    29     0
1242.78  4.16e-14  1.42e-14   -61    67     0
1244.46 -4.46e-15  1.65e-14   -60    -7     0
1246.14  2.64e-14  1.38e-14   -60    43     0
1247.81  1.15e-14  1.34e-14   -59    18     0
1249.49  9.89e-15  1.32e-14   -58    16     0
1251.17  2.47e-14  1.29e-14   -57    42     0
1252.84  3.46e-14  1.29e-14   -56    60     0
1254.52  4.32e-15  1.23e-14   -56     7     0
1256.20  3.11e-14  1.26e-14   -55    54     0
1257.87  1.27e-14  1.21e-14   -54    22     0
1259.55  9.89e-15  1.19e-14   -53    17     0
1261.22 -3.61e-15  1.22e-14   -53    -6     0
1262.90  1.60e-15  1.15e-14   -52     2     0
1264.58  1.75e-14  1.30e-14   -51    32     0
1266.25  1.79e-14  1.13e-14   -50    33     0
1267.93  1.57e-14  1.12e-14   -49    29     0
1269.61 -2.17e-15  1.20e-14   -49    -4     0
1271.28  1.70e-14  1.11e-14   -48    32     0
1272.96 -7.60e-15  1.22e-14   -47   -14     0
1274.64  1.58e-14  1.10e-14   -46    30     0
1276.31 -6.44e-16  1.12e-14   -45    -1     0
1277.99  1.05e-14  1.33e-14   -45    19     0
1279.67 -6.26e-15  1.60e-14   -44   -11     0
1281.34  5.57e-15  1.05e-14   -43    10     0
1283.02  1.25e-14  1.06e-14   -42    24     0
1284.69  1.68e-14  1.06e-14   -41    32     0
1286.37  6.14e-15  1.37e-14   -41    11     0
1288.05 -2.05e-14  1.45e-14   -40   -40     0
1289.72  1.27e-14  1.02e-14   -39    24     0
1291.40  1.48e-14  1.02e-14   -38    28     0
1293.08  2.73e-14  1.04e-14   -37    53     0
1294.75  1.47e-14  1.02e-14   -36    28     0
1296.43  3.45e-15  9.80e-15   -36     6     0
1298.11  4.14e-15  9.81e-15   -35     8     0
1299.78  1.37e-14  9.88e-15   -34    27     0
1301.46  1.51e-16  9.82e-15   -33     0     0
1303.13  1.74e-14  1.01e-14   -32    33     0
1304.81 -1.02e-15  9.76e-15   -31    -1     0
1306.49  2.41e-14  1.11e-14   -31    46     0
1308.16 -8.58e-15  1.81e-14   -30   -16     0
1309.84 -1.51e-14  1.72e-14   -29   -29     0
1311.52  1.47e-14  9.70e-15   -28    29     0
1313.19  2.31e-15  9.82e-15   -27     4     0
1314.87 -1.53e-14  1.53e-14   -26   -30     0
1316.55  3.35e-15  1.28e-14   -25     6     0
1318.22  2.56e-14  9.73e-15   -25    50     0
1319.90  1.47e-14  9.53e-15   -24    28     0
1321.57 -1.22e-15  1.71e-14   -23    -2     0
1323.25  3.56e-15  1.28e-14   -22     6     0
1324.93  6.79e-15  1.01e-14   -21    12     0
1326.60 -6.91e-15  1.71e-14   -20   -12     0
1328.28  2.03e-14  1.13e-14   -19    38     0
1329.96  7.03e-16  1.06e-14   -19     1     0
1331.63  1.87e-14  1.03e-14   -18    34     0
1333.31  1.38e-14  1.52e-14   -17    25     0
1334.99  3.77e-14  1.05e-14   -16    70     0
1336.66  2.24e-14  9.63e-15   -15    42     0
1338.34  4.18e-14  9.94e-15   -14    79     0
1340.01  2.76e-14  9.96e-15   -13    51     0
1341.69 -2.56e-16  9.54e-15   -12     0     0
1343.37 -2.38e-14  9.71e-15   -12   -43     0
1345.04  8.27e-15  9.50e-15   -11    15     0
1346.72  8.60e-15  9.71e-15   -10    15     0
1348.40  1.77e-14  1.07e-14    -9    32     0
1350.07  1.03e-14  9.61e-15    -8    18     0
1351.75  3.61e-15  3.07e-14    -7     6     0
1353.43 -1.54e-14  2.43e-14    -6   -27     0
1355.10  9.39e-15  9.57e-15    -5    16     0
1356.78  1.13e-14  1.02e-14    -5    20     0
1358.46 -1.18e-14  9.84e-15    -4   -21     0
1360.13  2.26e-15  9.72e-15    -3     3     0
1361.81  9.20e-15  9.89e-15    -2    15     0
1363.48  4.91e-15  1.01e-14    -1     8     0
1365.16  9.35e-15  9.90e-15     0    16     0
1366.84 -3.30e-15  1.00e-14     0    -5     0
1368.51  9.64e-15  9.92e-15     0    16     0
1370.19 -1.84e-15  9.75e-15     1    -3     0
1371.87  4.08e-15  9.80e-15     2     6     0
1373.54 -2.36e-14  9.80e-15     3   -39     0
1375.22 -5.67e-15  9.79e-15     4    -9     0
1376.90 -6.71e-15  1.13e-14     5   -11     0
1378.57  1.80e-14  1.01e-14     6    29     0
1380.25 -9.07e-15  1.05e-14     7   -14     0
1381.92 -8.17e-15  2.05e-14     7   -13     0
1383.60  1.59e-14  1.13e-14     8    25     0
1385.28 -1.87e-15  1.08e-14     9    -3     0
1386.95  2.27e-15  1.03e-14    10     3     0
1388.63 -3.98e-14  1.70e-14    11   -63     0
1390.31 -1.06e-14  1.02e-14    12   -16     0
1391.98  2.11e-14  1.05e-14    13    32     0
1393.66 -5.33e-15  1.02e-14    13    -8     0
1395.34 -9.02e-15  1.04e-14    14   -13     0
1397.01  1.01e-14  1.04e-14    15    15     0
1398.69  6.39e-15  1.03e-14    16     9     0
1400.36  5.13e-15  1.04e-14    17     7     0
1402.04 -6.47e-15  1.26e-14    18    -9     0
1403.72 -2.33e-14  1.64e-14    19   -34     0
1405.39  9.12e-15  1.09e-14    19    13     0
1407.07  2.63e-15  1.06e-14    20     3     0
1408.75  1.09e-14  1.09e-14    21    15     0
1410.42  1.12e-15  1.06e-14    22     1     0
1412.10 -3.56e-14  3.90e-14    23   -50     0
1413.78  1.03e-14  1.08e-14    24    14     0
1415.45  1.87e-14  1.44e-14    24    26     0
1417.13  4.21e-15  1.05e-14    25     6     0
1418.81 -9.00e-15  1.09e-14    26   -12     0
1420.48 -1.04e-14  1.12e-14    27   -13     0
1422.16  2.37e-14  1.15e-14    28    31     0
1423.83  2.02e-16  1.12e-14    28     0     0
1425.51 -2.26e-14  1.10e-14    29   -30     0
1427.19 -1.74e-14  2.11e-14    30   -23     0
1428.86 -1.35e-14  1.11e-14    31   -17     0
1430.54  5.44e-15  1.19e-14    32     7     0
1432.22 -7.91e-15  1.13e-14    33   -10     0
1433.89 -6.75e-15  1.12e-14    33    -8     0
1435.57  1.84e-14  1.17e-14    34    23     0
1437.25 -5.14e-15  1.18e-14    35    -6     0
1438.92  8.45e-15  2.51e-14    36    10     0
1440.60 -9.17e-15  2.12e-14    36   -11     0
1442.27 -4.12e-15  1.13e-14    37    -5     0
1443.95  3.77e-15  1.13e-14    38     4     0
1445.63 -1.90e-14  1.14e-14    39   -24     0
1447.30  5.16e-15  1.14e-14    40     6     0
1448.98 -1.76e-16  1.17e-14    40     0     0
1450.66 -8.11e-15  1.13e-14    41   -10     0
1452.33 -2.68e-15  1.15e-14    42    -3     0
1454.01  1.19e-14  1.15e-14    43    14     0
1455.69 -2.93e-14  1.13e-14    43   -36     0
1457.36 -1.08e-14  1.14e-14    44   -13     0
1459.04  2.73e-14  1.19e-14    45    33     0
1460.71  2.63e-14  1.15e-14    46    33     0
1462.39 -1.42e-14  1.11e-14    46   -17     0
1464.07  4.86e-15  1.48e-14    47     6     0
1465.74  3.79e-15  1.12e-14    48     4     0
1467.42  2.05e-14  1.16e-14    49    25     0
1469.10  2.67e-14  1.17e-14    49    32     0
1470.77  8.12e-15  1.16e-14    50     9     0
1472.45  2.85e-14  1.28e-14    51    34     0
1474.13 -7.87e-15  1.14e-14    51    -9     0
1475.80  5.02e-15  1.15e-14    52     5     0
1477.48  5.52e-15  1.15e-14    53     6     0
1479.16 -7.79e-15  1.14e-14    54    -9     0
1480.83  6.77e-15  1.15e-14    54     7     0
1482.51 -8.25e-15  1.14e-14    55    -9     0
1484.18  1.39e-14  1.16e-14    56    16     0
1485.86  2.82e-15  1.12e-14    56     3     0
1487.54  5.91e-15  1.12e-14    57     7     0
1489.21 -9.96e-15  1.12e-14    58   -11     0
1490.89 -4.37e-15  1.14e-14    58    -5     0
1492.57 -5.15e-15  1.14e-14    59    -5     0
1494.24  1.13e-14  1.16e-14    60    12     0
1495.92  2.24e-14  1.28e-14    60    26     0
1497.60 -1.72e-14  1.30e-14    61   -20     0
1499.27  6.47e-15  1.13e-14    62     7     0
1500.95  1.05e-14  1.12e-14    62    12     0
1502.62 -1.76e-16  1.11e-14    63     0     0
1504.30 -4.39e-15  1.12e-14    63    -5     0
1505.98  4.01e-15  1.11e-14    64     4     0
1507.65 -9.73e-15  1.11e-14    65   -11     0
1509.33  2.93e-14  1.16e-14    65    33     0
1511.01  3.00e-14  1.18e-14    66    33     0
1512.68  1.71e-14  1.16e-14    67    19     0
1514.36 -1.30e-14  1.14e-14    67   -14     0
1516.04 -3.64e-15  1.15e-14    68    -4     0
1517.71  3.33e-15  1.15e-14    68     3     0
1519.39  1.79e-14  1.18e-14    69    19     0
1521.06  7.75e-15  1.16e-14    70     8     0
1522.74  1.20e-14  1.17e-14    70    13     0
1524.42  1.47e-14  1.18e-14    71    15     0
1526.09  1.46e-14  1.77e-14    71    15     0
1527.77  1.42e-14  1.26e-14    72    15     0
1529.45  1.58e-14  1.17e-14    72    16     0
1531.12 -2.13e-14  1.13e-14    73   -23     0
1532.80  3.43e-15  1.13e-14    73     3     0
1534.48  1.03e-14  1.14e-14    74    11     0
1536.15 -4.33e-16  1.12e-14    75     0     0
1537.83  9.78e-15  1.13e-14    75    10     0
1539.50  5.17e-15  1.12e-14    76     5     0
1541.18  3.15e-15  1.11e-14    76     3     0
1542.86  2.27e-14  1.14e-14    77    24     0
1544.53  1.23e-14  1.12e-14    77    13     0
1546.21  1.98e-14  1.15e-14    78    21     0
1547.89  3.23e-14  1.18e-14    78    34     0
1549.56  5.29e-14  1.20e-14    79    57     0
1551.24  6.49e-14  1.35e-14    79    70     0
1552.92  1.25e-14  1.11e-14    80    13     0
1554.59  4.86e-15  1.25e-14    80     5     0
1556.27 -5.63e-15  1.08e-14    81    -6     0
1557.95  1.16e-14  1.10e-14    81    12     0
1559.62  7.35e-16  1.07e-14    82     0     0
1561.30  7.73e-16  1.20e-14    82     0     0
1562.97  8.51e-15  1.08e-14    82     9     0
1564.65  3.49e-15  1.07e-14    83     3     0
1566.33 -9.08e-15  1.04e-14    83   -10     0
1568.00  5.42e-15  1.04e-14    84     6     0
1569.68 -9.69e-15  1.03e-14    84   -10     0
1571.36 -9.37e-15  1.05e-14    85   -10     0
1573.03  6.16e-15  1.05e-14    85     6     0
1574.71  8.92e-15  1.05e-14    86     9     0
1576.39  6.60e-15  1.06e-14    86     7     0
1578.06  4.57e-15  1.05e-14    86     4     0
1579.74 -1.62e-14  1.05e-14    87   -17     0
1581.41 -1.83e-14  1.02e-14    87   -20     0
1583.09 -1.47e-14  1.02e-14    88   -16     0
1584.77 -7.55e-15  1.13e-14    88    -8     0
1586.44 -1.73e-14  1.00e-14    88   -19     0
1588.12  6.04e-15  1.00e-14    89     6     0
1589.80  1.15e-14  1.01e-14    89    12     0
1591.47  1.10e-14  1.02e-14    90    12     0
1593.15 -5.16e-16  9.99e-15    90     0     0
1594.83 -1.78e-14  9.95e-15    90   -19     0
1596.50 -6.10e-15  9.76e-15    91    -6     0
1598.18 -2.23e-15  9.72e-15    91    -2     0
1599.85  1.59e-14  9.95e-15    91    17     0
1601.53  8.15e-16  9.79e-15    92     0     0
1603.21  1.69e-15  9.54e-15    92     1     0
1604.88 -1.98e-14  9.49e-15    92   -22     0
1606.56 -1.67e-14  9.63e-15    93   -18     0
1608.24  2.11e-14  1.00e-14    93    23     0
1609.91  2.01e-14  9.86e-15    93    22     0
1611.59  4.73e-15  9.78e-15    94     5     0
1613.27  3.65e-15  9.34e-15    94     4     0
1614.94  4.39e-16  9.29e-15    94     0     0
1616.62 -1.76e-15  9.34e-15    95    -2     0
1618.30  7.75e-15  9.37e-15    95     8     0
1619.97 -3.78e-15  9.24e-15    95    -4     0
1621.65 -5.42e-15  9.04e-15    96    -6     0
1623.32  1.85e-14  9.31e-15    96    21     0
1625.00  7.49e-15  8.91e-15    96     8     0
1626.68 -2.51e-14  1.04e-14    97   -29     0
1628.35 -5.01e-15  8.69e-15    97    -5     0
1630.03  1.15e-14  9.20e-15    97    13     0
1631.71  1.91e-14  9.27e-15    97    21     0
1633.38  1.12e-14  9.06e-15    98    12     0
1635.06 -1.05e-15  8.68e-15    98    -1     0
1636.74  1.65e-14  8.90e-15    98    19     0
1638.41  2.44e-14  1.19e-14    99    28     0
1640.09  4.10e-14  1.40e-14    99    48     0
1641.76  3.97e-14  1.36e-14    99    47     0
1643.44  2.91e-15  8.54e-15    99     3     0
1645.12  6.73e-15  8.45e-15   100     8     0
1646.79  7.49e-15  8.43e-15   100     9     0
1648.47  2.10e-14  8.64e-15   100    25     0
1650.15  1.21e-14  8.51e-15   100    14     0
1651.82  2.06e-14  8.60e-15   101    24     0
1653.50  8.41e-15  8.29e-15   101    10     0
1655.18  1.51e-14  8.34e-15   101    18     0
1656.85  1.17e-14  8.16e-15   101    14     0
1658.53  1.42e-14  8.15e-15   101    17     0
1660.20  2.32e-14  8.15e-15   102    29     0
1661.88  1.60e-14  8.53e-15   102    20     0
1663.56  1.65e-14  8.51e-15   102    21     0
1665.23  3.04e-14  8.79e-15   102    37     0
1666.91  2.11e-14  8.16e-15   103    26     0
1668.59 -5.11e-15  7.69e-15   103    -6     0
1670.26  9.22e-15  7.61e-15   103    11     0
1671.94  2.52e-14  7.91e-15   103    32     0
1673.62 -8.81e-16  7.36e-15   103    -1     0
1675.29  5.77e-15  7.27e-15   104     7     0
1676.97  1.54e-14  7.39e-15   104    20     0
1678.65  1.17e-14  7.23e-15   104    15     0
1680.32  1.11e-15  7.11e-15   104     1     0
1682.00 -4.76e-15  7.05e-15   104    -6     0
1683.67 -3.70e-15  6.99e-15   105    -4     0
1685.35  1.37e-15  7.02e-15   105     1     0
1687.03 -1.08e-14  6.96e-15   105   -14     0
1688.70 -1.32e-14  6.90e-15   105   -17     0
1690.38  3.38e-15  9.93e-15   105     4     0
1692.06  1.36e-14  7.00e-15   105    18     0
1693.73  6.18e-15  6.73e-15   106     8     0
1695.41  7.47e-15  6.71e-15   106    10     0
1697.09  1.72e-14  6.84e-15   106    23     0
1698.76  3.12e-15  6.49e-15   106     4     0
1700.44 -3.63e-15  6.38e-15   106    -5     0
1702.11 -1.02e-16  6.32e-15   106     0     0
1703.79  6.85e-16  6.26e-15   107     0     0
1705.47  6.24e-15  6.39e-15   107     8     0
1707.14  1.23e-15  6.24e-15   107     1     0
1708.82  6.03e-15  6.26e-15   107     8     0
1710.50  1.36e-14  6.39e-15   107    19     0
1712.17  5.61e-16  6.10e-15   107     0     0
1713.85  2.53e-15  6.06e-15   108     3     0
1715.53 -6.06e-15  6.02e-15   108    -8     0
1717.20 -4.88e-15  5.97e-15   108    -7     0
1718.88 -1.37e-15  5.91e-15   108    -1     0
1720.55  1.31e-14  5.94e-15   108    19     0
1722.23  1.72e-14  5.97e-15   108    26     0
1723.91  7.64e-15  5.72e-15   108    11     0
1725.58  1.98e-15  5.72e-15   109     2     0
1727.26  2.08e-15  5.66e-15   109     3     0
1728.94 -8.62e-15  5.60e-15   109   -12     0
1730.61  1.46e-16  5.56e-15   109     0     0
1732.29  1.55e-15  5.52e-15   109     2     0
1733.97 -2.50e-17  5.46e-15   109     0     0
1735.64  6.65e-15  5.52e-15   109    10     0
1737.32 -8.86e-17  5.35e-15   110     0     0
1738.99  1.67e-15  5.31e-15   110     2     0
1740.67  3.92e-15  5.18e-15   110     6     0
1742.35  1.06e-14  5.28e-15   110    17     0
1744.02  8.77e-15  5.17e-15   110    14     0
1745.70  7.19e-16  5.03e-15   110     1     0
1747.38  1.01e-14  5.16e-15   110    16     0
1749.05  1.44e-14  5.19e-15   111    23     0
1750.73  1.73e-14  6.63e-15   111    28     0
1752.41  5.20e-15  5.46e-15   111     8     0
1754.08  3.76e-15  4.78e-15   111     6     0
1755.76  2.62e-15  5.02e-15   111     4     0
1757.44  8.51e-15  4.93e-15   111    14     0
1759.11  5.90e-15  4.78e-15   111     9     0
1760.79  1.18e-14  4.90e-15   112    19     0
1762.46  6.93e-15  4.74e-15   112    11     0
1764.14  4.29e-15  4.65e-15   112     7     0
1765.82  8.87e-15  4.70e-15   112    15     0
1767.49  5.31e-15  4.57e-15   112     9     0
1769.17  3.68e-15  4.62e-15   112     6     0
1770.85 -9.99e-16  4.37e-15   112    -1     0
1772.52  5.31e-15  4.43e-15   113     9     0
1774.20  7.77e-15  4.42e-15   113    13     0
1775.88 -5.04e-15  4.27e-15   113    -8     0
1777.55 -4.46e-15  4.24e-15   113    -7     0
1779.23 -1.69e-16  4.21e-15   113     0     0
1780.90  4.43e-15  4.25e-15   113     7     0
1782.58  2.61e-15  4.18e-15   113     4     0
1784.26 -2.56e-16  4.12e-15   114     0     0
1785.93 -3.89e-15  4.00e-15   114    -7     0
1787.61 -9.23e-15  3.97e-15   114   -16     0
1789.29 -1.44e-15  4.13e-15   114    -2     0
1790.96  3.11e-15  4.29e-15   114     5     0
1792.64  8.49e-15  4.51e-15   114    15     0
1794.32  9.48e-15  4.78e-15   114    17     0
1795.99  1.53e-14  4.93e-15   115    27     0
1797.67  1.70e-15  4.28e-15   115     3     0
1799.34 -4.33e-15  3.87e-15   115    -7     0
1801.02  4.00e-15  5.20e-15   115     7     0
1802.70  4.55e-14  2.09e-14   115    84     0
1804.37  5.98e-14  2.17e-14   115   110     0
1806.05  2.51e-14  4.75e-15   116    45     0
1807.73  1.39e-14  4.02e-15   116    25     0
1809.40  8.59e-15  4.03e-15   116    15     0
1811.08  4.08e-15  3.78e-15   116     7     0
1812.76  6.78e-15  3.78e-15   116    12     0
1814.43  8.35e-15  4.24e-15   116    15     0
1816.11  1.65e-14  4.12e-15   117    30     0
1817.79  2.14e-14  4.67e-15   117    39     0
1819.46  1.43e-14  3.85e-15   117    26     0
1821.14  8.96e-15  3.75e-15   117    16     0
1822.81  5.79e-15  3.68e-15   117    10     0
1824.49  3.70e-15  3.59e-15   117     6     0
1826.17  5.84e-16  3.58e-15   118     1     0
1827.84  6.37e-15  3.66e-15   118    11     0
1829.52  7.88e-15  3.68e-15   118    14     0
1831.20  6.44e-15  3.52e-15   118    12     0
1832.87  2.83e-15  3.44e-15   118     5     0
1834.55  2.67e-15  3.41e-15   118     5     0
1836.23 -5.02e-15  3.35e-15   119    -9     0
1837.90 -3.20e-15  3.33e-15   119    -6     0
1839.58  1.44e-15  3.32e-15   119     2     0
1841.25 -3.87e-15  3.42e-15   119    -7     0
1842.93 -3.92e-15  3.33e-15   119    -7     0
1844.61 -7.49e-16  3.40e-15   119    -1     0
1846.28 -5.06e-15  3.21e-15   120    -9     0
1847.96 -4.42e-15  3.20e-15   120    -8     0
1849.64 -1.23e-15  3.19e-15   120    -2     0
1851.31  8.20e-16  3.24e-15   120     1     0
1852.99  3.04e-15  3.26e-15   120     5     0
1854.67  3.78e-15  3.28e-15   121     7     0
1856.34 -5.94e-15  3.18e-15   121   -11     0
1858.02 -5.46e-15  3.17e-15   121   -10     0
1859.69  2.30e-15  3.19e-15   121     4     0
1861.37  3.32e-15  3.16e-15   121     6     0
1863.05  1.20e-15  3.11e-15   121     2     0
1864.72 -1.18e-15  3.09e-15   122    -2     0
1866.40 -3.67e-15  3.11e-15   122    -6     0
1868.08  8.52e-17  3.11e-15   122     0     0
1869.75  5.28e-15  3.19e-15   122     9     0
1871.43  6.66e-15  3.23e-15   122    12     0
1873.11  9.43e-15  3.27e-15   123    17     0
1874.78  1.85e-15  3.09e-15   123     3     0
1876.46  2.10e-15  3.07e-15   123     3     0
1878.14 -1.40e-15  3.78e-15   123    -2     0
1879.81 -1.96e-15  3.03e-15   123    -3     0
1881.49  6.15e-16  3.01e-15   124     1     0
1883.16  4.85e-15  3.07e-15   124     8     0
1884.84 -5.17e-15  2.98e-15   124    -9     0
1886.52 -6.53e-15  2.98e-15   124   -11     0
1888.19 -5.86e-15  2.97e-15   124   -10     0
1889.87 -5.59e-15  2.95e-15   125    -9     0
1891.55 -5.31e-15  2.92e-15   125    -9     0
1893.22 -5.49e-15  2.91e-15   125    -9     0
1894.90 -5.14e-16  2.89e-15   125     0     0
1896.58  2.12e-15  2.90e-15   125     3     0
1898.25  3.38e-15  2.91e-15   125     6     0
1899.93  6.70e-15  2.98e-15   126    11     0
1901.60  8.43e-15  3.27e-15   126    14     0
1903.28  5.38e-15  2.92e-15   126     9     0
1904.96  2.31e-15  2.82e-15   126     4     0
1906.63  8.68e-15  2.92e-15   126    15     0
1908.31  3.06e-15  3.02e-15   126     5     0
1909.99 -4.72e-15  2.73e-15   127    -8     0
1911.66  2.41e-15  2.78e-15   127     4     0
1913.34  5.03e-16  2.76e-15   127     0     0
1915.02 -1.69e-15  2.81e-15   127    -2     0
1916.69 -1.11e-15  2.90e-15   127    -1     0
1918.37  3.19e-16  2.88e-15   127     0     0
1920.04 -1.60e-15  2.99e-15   128    -2     0
1921.72  3.00e-15  3.00e-15   128     5     0
1923.40  2.47e-15  3.16e-15   128     4     0
1925.07  2.23e-15  3.21e-15   128     3     0
1926.75  6.62e-15  3.21e-15   128    11     0
1928.43  1.05e-14  3.69e-15   128    18     0
1930.10  1.12e-14  3.25e-15   128    19     0
1931.78  1.31e-14  3.18e-15   129    22     0
1933.46  1.30e-14  2.97e-15   129    22     0
1935.13  3.03e-15  3.05e-15   129     5     0
1936.81  5.26e-15  2.76e-15   129     9     0
1938.48  3.71e-15  2.87e-15   129     6     0
1940.16  5.76e-15  2.76e-15   129    10     0
1941.84  2.12e-15  2.75e-15   129     3     0
1943.51 -3.66e-15  2.85e-15   129    -6     0
1945.19  4.23e-15  2.79e-15   129     7     0
1946.87  7.14e-15  2.70e-15   130    12     0
1948.54  2.79e-16  2.77e-15   130     0     0
1950.22  1.75e-15  2.72e-15   130     3     0
1951.90  6.88e-15  2.71e-15   130    12     0
1953.57  7.26e-15  2.70e-15   130    12     0
1955.25  7.53e-15  2.67e-15   130    13     0
1956.93  3.24e-15  2.68e-15   130     5     0
1958.60  4.20e-15  2.66e-15   130     7     0
1960.28  3.81e-15  2.62e-15   130     6     0
1961.95 -1.16e-15  2.61e-15   130    -2     0
1963.63  6.05e-15  2.61e-15   130    11     0
1965.31  5.74e-15  2.63e-15   130    10     0
1966.98  6.73e-15  2.63e-15   130    12     0
1968.66  3.19e-15  2.63e-15   130     5     0
1970.34  5.74e-15  2.62e-15   130    10     0
1972.01  4.26e-15  2.64e-15   130     7     0
1973.69  9.01e-16  2.65e-15   130     1     0
1975.37  4.39e-15  2.66e-15   130     7     0
1977.04  3.07e-15  2.68e-15   130     5     0
1978.72  3.50e-15  2.77e-15   130     6     0
