NOT ORIGINAL IUE PROJECT DATA PRODUCT
SWP45583LOWLARGE
HD  197481
20:42:05
-31:31:19
52
NO-TRAIL
NO
01799.652
09/09/92
16:51:20
253
07.20
28/02/96
VILSPA
2448875.20231
0
18
1150.58 -1.59e-14  1.06e-13   -71    -1     0
1152.26 -3.69e-14  9.98e-14   -71    -4     0
1153.94  2.27e-14  9.38e-14   -70     3     0
1155.61  3.52e-17  8.99e-14   -70     0     0
1157.29 -7.13e-14  9.30e-14   -69   -10     0
1158.97  2.44e-14  7.77e-14   -69     3     0
1160.64 -5.49e-14  7.07e-14   -68    -9     0
1162.32  1.94e-14  6.60e-14   -68     3     0
1163.99  2.62e-14  6.19e-14   -67     5     0
1165.67 -2.06e-14  5.22e-14   -67    -4     0
1167.35  1.52e-14  4.91e-14   -66     3     0
1169.02  1.16e-14  4.56e-14   -66     3     0
1170.70  3.55e-14  4.32e-14   -65    10     0
1172.38 -3.94e-14  3.90e-14   -65   -11     0
1174.05 -1.90e-14  3.65e-14   -64    -6     0
1175.73  4.21e-14  3.51e-14   -64    14     0
1177.41  5.52e-14  3.39e-14   -63    20     0
1179.08 -1.72e-14  2.95e-14   -62    -6     0
1180.76  1.12e-14  2.71e-14   -62     4     0
1182.43 -2.01e-15  2.51e-14   -61     0     0
1184.11 -1.10e-14  2.37e-14   -61    -5     0
1185.79  1.31e-15  2.26e-14   -60     0     0
1187.46 -6.06e-15  2.15e-14   -60    -3     0
1189.14  9.09e-15  2.08e-14   -59     5     0
1190.82 -8.11e-15  1.84e-14   -59    -4     0
1192.49  2.26e-14  1.83e-14   -58    14     0
1194.17 -8.06e-15  1.86e-14   -58    -5     0
1195.85  8.23e-15  1.76e-14   -57     5     0
1197.52 -4.38e-14  5.45e-14   -57   -32 -4224
1199.20  7.66e-15  5.30e-14   -56     5 -4096
1200.87  1.59e-14  2.43e-14   -55    12 -4096
1202.55  1.70e-14  1.54e-14   -55    13     0
1204.23  2.16e-14  1.68e-14   -54    18     0
1205.90  3.92e-14  2.37e-14   -54    34     0
1207.58  7.52e-14  2.13e-14   -53    68     0
1209.26  2.28e-13  4.67e-14   -53   212     0
1210.93  2.75e-13  5.83e-14   -52   267     0
1212.61  7.15e-13  6.84e-14   -52   713     0
1214.29  1.05e-12  1.28e-13   -51  1071     0
1215.96  1.05e-12  1.63e-13   -51  1107     0
1217.64  9.55e-13  1.48e-13   -50  1030     0
1219.32  6.91e-13  1.26e-13   -50   763     0
1220.99  3.74e-13  8.29e-14   -49   423     0
1222.67  1.46e-13  3.60e-14   -49   168     0
1224.34  2.69e-14  1.05e-14   -48    31     0
1226.02 -7.47e-15  1.10e-14   -48    -9     0
1227.70  6.27e-16  8.26e-15   -47     0     0
1229.37 -1.77e-15  8.10e-15   -46    -2     0
1231.05  1.11e-15  7.89e-15   -46     1     0
1232.73  2.08e-15  7.78e-15   -45     2     0
1234.40  1.00e-14  8.00e-15   -45    13     0
1236.08  1.50e-14  7.93e-15   -44    20     0
1237.76  1.32e-14  7.83e-15   -44    18     0
1239.43  6.77e-15  7.40e-15   -43     9     0
1241.11  2.33e-14  7.92e-15   -43    33     0
1242.78  7.57e-15  7.18e-15   -42    10     0
1244.46  8.69e-15  7.13e-15   -42    12     0
1246.14  6.76e-15  6.99e-15   -41     9     0
1247.81  2.67e-15  6.78e-15   -41     3     0
1249.49 -4.73e-15  6.58e-15   -40    -6     0
1251.17  6.10e-15  6.57e-15   -40     9     0
1252.84  1.73e-15  6.29e-15   -39     2     0
1254.52  8.63e-15  6.53e-15   -39    13     0
1256.20  4.76e-15  6.32e-15   -38     7     0
1257.87  1.11e-14  6.71e-15   -38    17     0
1259.55 -4.03e-15  5.98e-15   -37    -6     0
1261.22  1.73e-15  5.93e-15   -37     2     0
1262.90 -1.09e-16  5.79e-15   -36     0     0
1264.58 -8.65e-15  5.84e-15   -36   -14     0
1266.25  6.31e-15  5.89e-15   -35    10     0
1267.93 -9.98e-16  5.52e-15   -35    -1     0
1269.61 -1.20e-15  5.47e-15   -34    -2     0
1271.28 -7.58e-15  5.50e-15   -34   -12     0
1272.96  1.08e-14  5.88e-15   -33    18     0
1274.64 -1.32e-15  5.41e-15   -33    -2     0
1276.31 -1.01e-14  5.49e-15   -32   -16     0
1277.99  1.51e-15  5.47e-15   -32     2     0
1279.67  1.11e-14  5.80e-15   -31    18     0
1281.34  7.69e-15  5.85e-15   -31    13     0
1283.02  7.38e-16  5.68e-15   -30     1     0
1284.69 -5.62e-16  5.22e-15   -30     0     0
1286.37  4.30e-15  5.27e-15   -29     7     0
1288.05  6.61e-15  6.21e-15   -29    11     0
1289.72  4.27e-16  5.08e-15   -28     0     0
1291.40  1.47e-15  5.07e-15   -28     2     0
1293.08  6.22e-15  5.24e-15   -27    10     0
1294.75  1.50e-14  5.71e-15   -27    26     0
1296.43 -6.32e-15  4.94e-15   -27   -11     0
1298.11  5.24e-15  5.60e-15   -26     9     0
1299.78 -2.16e-15  4.90e-15   -26    -3     0
1301.46  8.29e-15  5.60e-15   -25    14     0
1303.13  9.20e-15  6.10e-15   -25    15     0
1304.81  1.19e-14  6.25e-15   -24    20     0
1306.49  1.14e-14  5.76e-15   -24    19     0
1308.16  1.94e-14  6.82e-15   -23    33     0
1309.84  4.25e-15  5.18e-15   -23     7     0
1311.52 -4.02e-15  4.77e-15   -22    -7     0
1313.19  2.40e-16  4.96e-15   -22     0     0
1314.87  3.32e-14  8.08e-15   -22    58     0
1316.55 -2.43e-15  5.04e-15   -21    -4     0
1318.22  1.94e-15  4.80e-15   -21     3     0
1319.90  1.72e-15  4.78e-15   -20     3     0
1321.57 -5.43e-16  5.19e-15   -20     0     0
1323.25  2.29e-14  5.86e-15   -19    38     0
1324.93 -2.49e-17  5.04e-15   -19     0     0
1326.60 -1.74e-15  5.83e-15   -19    -2     0
1328.28  4.55e-15  5.07e-15   -18     7     0
1329.96  1.18e-14  5.31e-15   -18    19     0
1331.63  1.71e-15  4.88e-15   -17     2     0
1333.31  2.16e-14  5.83e-15   -17    35     0
1334.99  3.35e-14  6.76e-15   -16    55     0
1336.66  3.31e-14  1.02e-14   -16    56     0
1338.34  2.81e-14  6.99e-15   -16    47     0
1340.01  1.76e-15  4.86e-15   -15     2     0
1341.69  3.73e-15  4.96e-15   -15     6     0
1343.37  9.39e-15  5.29e-15   -14    15     0
1345.04  3.75e-15  4.86e-15   -14     6     0
1346.72 -2.20e-15  4.73e-15   -14    -3     0
1348.40  4.21e-15  4.88e-15   -13     6     0
1350.07  1.22e-14  5.26e-15   -13    19     0
1351.75 -2.78e-16  5.13e-15   -12     0     0
1353.43  3.71e-15  5.80e-15   -12     5     0
1355.10  5.59e-15  5.74e-15   -12     8     0
1356.78  1.15e-15  4.76e-15   -11     1     0
1358.46  1.41e-14  6.42e-15   -11    22     0
1360.13  7.50e-16  4.95e-15   -10     1     0
1361.81  7.92e-15  5.18e-15   -10    12     0
1363.48  9.87e-15  5.39e-15   -10    15     0
1365.16  4.85e-15  5.12e-15    -9     7     0
1366.84  5.52e-15  5.11e-15    -9     8     0
1368.51  9.25e-16  4.93e-15    -9     1     0
1370.19  2.55e-15  4.93e-15    -8     3     0
1371.87 -4.59e-15  4.88e-15    -8    -6     0
1373.54  4.88e-15  5.10e-15    -7     7     0
1375.22  8.32e-15  5.30e-15    -7    12     0
1376.90 -4.33e-15  4.89e-15    -7    -6     0
1378.57 -6.84e-15  4.90e-15    -6   -10     0
1380.25 -5.70e-15  5.02e-15    -6    -8     0
1381.92 -4.36e-15  4.91e-15    -6    -6     0
1383.60 -1.33e-15  6.96e-15    -5    -1     0
1385.28  5.20e-15  7.63e-15    -5     7     0
1386.95 -1.31e-14  4.93e-15    -5   -18     0
1388.63  7.21e-15  5.29e-15    -4    10     0
1390.31 -2.32e-15  5.03e-15    -4    -3     0
1391.98  1.15e-14  5.70e-15    -4    15     0
1393.66  2.13e-14  6.11e-15    -3    29     0
1395.34  3.65e-15  5.49e-15    -3     5     0
1397.01 -2.90e-15  5.07e-15    -3    -3     0
1398.69 -3.82e-15  7.06e-15    -2    -5     0
1400.36  1.62e-15  5.14e-15    -2     2     0
1402.04  1.07e-14  8.08e-15    -2    14     0
1403.72  1.01e-14  8.34e-15    -1    13     0
1405.39 -2.01e-15  6.03e-15    -1    -2     0
1407.07  2.73e-15  6.01e-15    -1     3     0
1408.75 -5.01e-15  6.23e-15     0    -6     0
1410.42  1.13e-14  6.77e-15     0    14     0
1412.10  1.71e-14  6.15e-15     0    21     0
1413.78 -2.23e-15  5.61e-15     0    -2     0
1415.45  6.31e-15  5.49e-15     0     8     0
1417.13  8.72e-15  5.73e-15     0    11     0
1418.81  1.67e-15  6.22e-15     1     2     0
1420.48 -4.53e-15  5.48e-15     1    -5     0
1422.16 -6.86e-16  5.50e-15     1     0     0
1423.83  1.45e-15  5.56e-15     2     1     0
1425.51  3.05e-15  7.36e-15     2     3     0
1427.19 -2.29e-15  5.44e-15     2    -2     0
1428.86 -2.77e-15  1.14e-14     2    -3     0
1430.54  3.71e-15  5.67e-15     3     4     0
1432.22 -4.75e-15  6.18e-15     3    -5     0
1433.89 -2.63e-15  5.71e-15     3    -3     0
1435.57 -4.00e-15  5.58e-15     4    -4     0
1437.25  1.41e-16  5.59e-15     4     0     0
1438.92 -7.48e-16  5.89e-15     4     0     0
1440.60  1.39e-14  6.51e-15     4    15     0
1442.27 -2.16e-15  5.54e-15     5    -2     0
1443.95  2.99e-15  5.60e-15     5     3     0
1445.63  1.56e-14  6.84e-15     5    17     0
1447.30  2.46e-15  5.68e-15     6     2     0
1448.98 -1.24e-15  5.65e-15     6    -1     0
1450.66  2.54e-15  5.61e-15     6     2     0
1452.33 -6.93e-15  5.49e-15     6    -7     0
1454.01 -7.41e-15  5.52e-15     7    -8     0
1455.69  4.45e-15  5.75e-15     7     4     0
1457.36  9.99e-16  5.56e-15     7     1     0
1459.04  2.22e-15  5.62e-15     8     2     0
1460.71  1.44e-14  6.15e-15     8    16     0
1462.39  3.68e-15  5.57e-15     8     4     0
1464.07 -9.32e-16  5.36e-15     8    -1     0
1465.74  5.92e-15  5.86e-15     9     6     0
1467.42  3.39e-15  5.51e-15     9     3     0
1469.10  3.66e-15  5.54e-15     9     3     0
1470.77 -1.24e-15  5.53e-15     9    -1     0
1472.45 -3.43e-15  5.53e-15    10    -3     0
1474.13  1.23e-14  6.11e-15    10    12     0
1475.80  4.15e-15  5.71e-15    10     4     0
1477.48 -6.73e-15  5.51e-15    10    -7     0
1479.16 -2.90e-15  5.54e-15    11    -3     0
1480.83 -3.03e-15  7.19e-15    11    -3     0
1482.51  1.77e-14  6.42e-15    11    18     0
1484.18  2.62e-15  5.63e-15    11     2     0
1485.86  8.37e-15  5.81e-15    11     8     0
1487.54  2.48e-15  5.51e-15    12     2     0
1489.21  1.54e-15  5.39e-15    12     1     0
1490.89 -6.79e-16  6.29e-15    12     0     0
1492.57 -5.75e-15  5.47e-15    12    -5     0
1494.24 -5.03e-15  5.47e-15    13    -5     0
1495.92 -7.25e-15  5.35e-15    13    -7     0
1497.60 -3.52e-16  5.51e-15    13     0     0
1499.27 -1.68e-15  5.70e-15    13    -1     0
1500.95  7.27e-15  5.67e-15    14     7     0
1502.62  5.40e-15  5.60e-15    14     5     0
1504.30 -4.45e-15  5.32e-15    14    -4     0
1505.98  4.31e-15  5.47e-15    14     4     0
1507.65 -3.05e-15  5.30e-15    14    -3     0
1509.33 -5.03e-15  5.29e-15    15    -5     0
1511.01 -2.06e-15  5.39e-15    15    -2     0
1512.68  1.60e-15  5.45e-15    15     1     0
1514.36 -5.40e-16  5.40e-15    15     0     0
1516.04  7.79e-15  6.29e-15    16     7     0
1517.71 -5.04e-15  5.44e-15    16    -4     0
1519.39  4.99e-15  5.76e-15    16     4     0
1521.06 -1.01e-15  5.47e-15    16     0     0
1522.74  1.77e-15  5.54e-15    16     1     0
1524.42  1.69e-15  5.51e-15    17     1     0
1526.09  4.36e-15  5.62e-15    17     4     0
1527.77 -1.47e-15  5.45e-15    17    -1     0
1529.45 -8.76e-15  5.44e-15    17    -8     0
1531.12 -3.82e-15  5.34e-15    17    -3     0
1532.80  9.66e-16  5.34e-15    18     0     0
1534.48  1.14e-15  5.56e-15    18     1     0
1536.15  6.04e-15  5.57e-15    18     5     0
1537.83 -3.19e-15  5.26e-15    18    -3     0
1539.50  4.37e-15  5.40e-15    18     4     0
1541.18 -5.00e-15  5.26e-15    18    -4     0
1542.86 -4.41e-15  6.47e-15    19    -4     0
1544.53  4.47e-15  5.53e-15    19     4     0
1546.21  2.24e-14  6.42e-15    19    21     0
1547.89  2.93e-14  1.06e-14    19    28     0
1549.56  3.21e-14  7.01e-15    19    30     0
1551.24  4.23e-14  7.41e-15    20    40     0
1552.92  2.64e-14  8.00e-15    20    25     0
1554.59  7.89e-15  5.99e-15    20     7     0
1556.27  8.54e-15  5.44e-15    20     8     0
1557.95 -6.40e-15  5.30e-15    20    -6     0
1559.62  3.21e-15  5.47e-15    21     3     0
1561.30  7.29e-15  5.61e-15    21     7     0
1562.97  7.21e-15  5.43e-15    21     6     0
1564.65  1.35e-15  5.25e-15    21     1     0
1566.33  5.28e-15  5.09e-15    21     5     0
1568.00 -1.28e-14  4.79e-15    21   -12     0
1569.68  3.59e-15  4.92e-15    22     3     0
1571.36  1.89e-14  5.87e-15    22    18     0
1573.03  1.44e-14  8.11e-15    22    13     0
1574.71  6.27e-15  5.13e-15    22     6     0
1576.39  4.61e-15  5.83e-15    22     4     0
1578.06  4.86e-15  6.07e-15    22     4     0
1579.74  8.75e-15  5.28e-15    23     8     0
1581.41  1.57e-15  4.80e-15    23     1     0
1583.09 -3.50e-15  5.12e-15    23    -3     0
1584.77  1.16e-14  5.28e-15    23    11     0
1586.44  1.56e-14  7.67e-15    23    15     0
1588.12 -2.22e-15  5.36e-15    23    -2     0
1589.80 -2.77e-15  9.81e-15    24    -2     0
1591.47  6.79e-16  8.15e-15    24     0     0
1593.15  1.26e-14  5.31e-15    24    12     0
1594.83  4.45e-15  5.04e-15    24     4     0
1596.50 -2.47e-15  5.02e-15    24    -2     0
1598.18 -4.11e-15  7.47e-15    24    -4     0
1599.85  8.27e-15  6.08e-15    24     8     0
1601.53  4.69e-15  6.04e-15    25     4     0
1603.21  4.44e-15  7.91e-15    25     4     0
1604.88  1.23e-14  5.32e-15    25    12     0
1606.56  5.13e-15  6.38e-15    25     5     0
1608.24 -1.26e-17  4.38e-15    25     0     0
1609.91  2.95e-15  5.85e-15    25     2     0
1611.59 -3.86e-15  4.38e-15    25    -3     0
1613.27  4.99e-15  7.75e-15    26     5     0
1614.94  2.79e-15  4.32e-15    26     2     0
1616.62 -7.41e-15  4.29e-15    26    -7     0
1618.30  2.04e-15  5.60e-15    26     2     0
1619.97  4.74e-15  5.80e-15    26     4     0
1621.65 -1.15e-14  4.55e-15    26   -11     0
1623.32 -7.09e-16  4.79e-15    26     0     0
1625.00  4.36e-15  5.52e-15    27     4     0
1626.68  1.34e-14  5.96e-15    27    14     0
1628.35 -4.77e-15  3.95e-15    27    -5     0
1630.03 -4.81e-15  4.49e-15    27    -4     0
1631.71  6.99e-15  4.48e-15    27     7     0
1633.38  5.18e-16  5.12e-15    27     0     0
1635.06  1.73e-14  5.42e-15    27    18     0
1636.74  1.74e-14  5.14e-15    28    18     0
1638.41  3.14e-14  5.76e-15    28    33     0
1640.09  4.09e-14  6.99e-15    28    43     0
1641.76  4.52e-14  6.64e-15    28    47     0
1643.44  1.57e-14  4.69e-15    28    16     0
1645.12  5.66e-15  4.12e-15    28     6     0
1646.79  4.19e-15  4.01e-15    28     4     0
1648.47  8.00e-15  4.19e-15    28     8     0
1650.15  7.72e-15  4.18e-15    29     8     0
1651.82  5.20e-15  4.00e-15    29     5     0
1653.50 -3.28e-16  3.85e-15    29     0     0
1655.18  8.05e-15  5.45e-15    29     8     0
1656.85  1.79e-14  4.56e-15    29    19     0
1658.53  2.00e-14  4.70e-15    29    21     0
1660.20  1.12e-14  4.08e-15    29    12     0
1661.88  9.48e-15  4.01e-15    29    10     0
1663.56 -3.47e-15  3.41e-15    30    -3     0
1665.23  7.14e-15  6.19e-15    30     7     0
1666.91  1.43e-14  4.49e-15    30    15     0
1668.59  9.57e-15  4.20e-15    30    10     0
1670.26  1.03e-14  3.92e-15    30    11     0
1671.94  8.61e-15  3.80e-15    30     9     0
1673.62 -3.93e-15  3.29e-15    30    -4     0
1675.29  3.93e-15  3.43e-15    30     4     0
1676.97 -6.51e-15  3.46e-15    30    -7     0
1678.65  4.38e-15  3.36e-15    31     5     0
1680.32 -4.11e-15  4.51e-15    31    -4     0
1682.00 -3.65e-15  3.14e-15    31    -4     0
1683.67  1.21e-16  3.24e-15    31     0     0
1685.35  3.29e-15  3.31e-15    31     3     0
1687.03  3.24e-15  3.34e-15    31     3     0
1688.70 -7.01e-15  3.33e-15    31    -8     0
1690.38 -3.98e-15  3.02e-15    31    -4     0
1692.06  7.09e-15  3.39e-15    31     8     0
1693.73  2.11e-17  2.96e-15    32     0     0
1695.41 -1.44e-15  2.92e-15    32    -1     0
1697.09  2.22e-15  3.00e-15    32     2     0
1698.76  2.37e-15  2.96e-15    32     2     0
1700.44 -2.70e-15  2.82e-15    32    -3     0
1702.11 -4.75e-15  2.81e-15    32    -5     0
1703.79 -1.21e-16  2.93e-15    32     0     0
1705.47 -1.07e-15  2.94e-15    32    -1     0
1707.14 -5.17e-16  3.40e-15    32     0     0
1708.82  2.50e-15  2.84e-15    32     3     0
1710.50  6.00e-15  3.07e-15    33     7     0
1712.17  7.27e-15  3.07e-15    33     9     0
1713.85  2.85e-15  3.02e-15    33     3     0
1715.53 -8.71e-16  2.65e-15    33    -1     0
1717.20  2.11e-16  3.03e-15    33     0     0
1718.88  2.07e-15  2.72e-15    33     2     0
1720.55 -1.02e-15  2.82e-15    33    -1     0
1722.23  2.63e-16  2.47e-15    33     0     0
1723.91  3.51e-15  2.66e-15    33     4     0
1725.58  1.94e-15  2.59e-15    33     2     0
1727.26  2.73e-15  2.63e-15    33     3     0
1728.94  2.74e-15  2.62e-15    34     3     0
1730.61  1.27e-15  2.51e-15    34     1     0
1732.29  3.26e-15  2.59e-15    34     4     0
1733.97 -2.45e-15  2.40e-15    34    -3     0
1735.64 -1.76e-15  2.39e-15    34    -2     0
1737.32 -1.69e-15  2.35e-15    34    -2     0
1738.99  4.29e-15  2.62e-15    34     5     0
1740.67  3.78e-15  3.17e-15    34     5     0
1742.35  2.02e-15  3.11e-15    34     2     0
1744.02  3.42e-15  2.42e-15    34     4     0
1745.70  2.27e-16  2.40e-15    34     0     0
1747.38 -4.30e-15  2.17e-15    34    -6     0
1749.05  4.99e-16  2.55e-15    35     0     0
1750.73  9.40e-16  2.40e-15    35     1     0
1752.41  3.99e-15  2.25e-15    35     5     0
1754.08  1.04e-15  2.10e-15    35     1     0
1755.76  6.57e-17  2.23e-15    35     0     0
1757.44 -7.91e-16  3.14e-15    35    -1     0
1759.11 -2.26e-15  2.05e-15    35    -3     0
1760.79  5.74e-15  3.25e-15    35     8     0
1762.46  3.36e-15  2.17e-15    35     5     0
1764.14  1.97e-15  2.08e-15    35     2     0
1765.82  2.76e-15  2.08e-15    35     4     0
1767.49  6.37e-16  1.97e-15    35     0     0
1769.17  2.22e-15  2.04e-15    35     3     0
1770.85  2.10e-15  2.16e-15    36     3     0
1772.52  3.47e-15  2.05e-15    36     5     0
1774.20  1.08e-15  1.89e-15    36     1     0
1775.88  4.11e-16  1.92e-15    36     0     0
1777.55 -2.16e-15  1.86e-15    36    -3     0
1779.23 -1.95e-15  1.84e-15    36    -3     0
1780.90  1.22e-15  1.86e-15    36     1     0
1782.58 -2.78e-17  2.61e-15    36     0     0
1784.26  7.84e-16  1.83e-15    36     1     0
1785.93  6.16e-16  1.73e-15    36     1     0
1787.61  2.06e-15  1.81e-15    36     3     0
1789.29 -2.39e-16  1.67e-15    36     0     0
1790.96  1.61e-15  1.74e-15    36     2     0
1792.64 -2.19e-16  1.68e-15    36     0     0
1794.32 -1.08e-15  3.73e-15    36    -1 -4096
1795.99  1.09e-15  3.77e-15    37     1 -4096
1797.67  3.88e-15  2.12e-15    37     6     0
1799.34 -1.72e-15  1.63e-15    37    -2     0
1801.02 -2.94e-16  1.73e-15    37     0     0
1802.70  4.43e-15  1.87e-15    37     7     0
1804.37  7.32e-15  2.03e-15    37    12     0
1806.05  6.46e-15  1.99e-15    37    10     0
1807.73  1.16e-14  2.23e-15    37    18     0
1809.40  8.34e-15  2.04e-15    37    13     0
1811.08  8.60e-15  2.74e-15    37    14     0
1812.76  7.33e-15  1.97e-15    37    12     0
1814.43  1.01e-14  2.44e-15    37    16     0
1816.11  1.56e-14  2.46e-15    37    25     0
1817.79  2.20e-14  3.25e-15    37    36     0
1819.46  1.72e-14  2.45e-15    37    28     0
1821.14  1.21e-14  2.18e-15    37    19     0
1822.81  6.78e-15  1.88e-15    37    11     0
1824.49  2.32e-15  1.89e-15    38     3     0
1826.17  3.98e-15  2.53e-15    38     6     0
1827.84 -5.05e-16  1.46e-15    38     0     0
1829.52 -1.06e-15  1.45e-15    38    -1     0
1831.20  6.49e-16  1.44e-15    38     1     0
1832.87  1.60e-15  1.76e-15    38     2     0
1834.55  2.69e-15  1.75e-15    38     4     0
1836.23  2.28e-15  1.74e-15    38     3     0
1837.90 -1.24e-15  1.42e-15    38    -2     0
1839.58 -6.84e-16  1.57e-15    38    -1     0
1841.25  1.40e-15  1.44e-15    38     2     0
1842.93  5.48e-15  1.70e-15    38     9     0
1844.61  1.48e-15  1.42e-15    38     2     0
1846.28  2.47e-15  1.45e-15    38     4     0
1847.96  3.39e-15  1.50e-15    38     5     0
1849.64  1.80e-15  1.38e-15    38     3     0
1851.31  7.85e-16  1.35e-15    38     1     0
1852.99  8.83e-16  1.33e-15    38     1     0
1854.67  1.31e-16  1.42e-15    38     0     0
1856.34  1.99e-15  1.38e-15    38     3     0
1858.02  2.93e-15  1.70e-15    39     4     0
1859.69 -1.86e-15  1.31e-15    39    -3     0
1861.37 -2.22e-16  1.30e-15    39     0     0
1863.05 -6.30e-16  1.30e-15    39    -1     0
1864.72  7.45e-16  1.31e-15    39     1     0
1866.40 -1.16e-16  1.32e-15    39     0     0
1868.08 -1.65e-15  1.37e-15    39    -2     0
1869.75  6.27e-16  1.56e-15    39     1     0
1871.43  7.55e-16  1.35e-15    39     1     0
1873.11  1.17e-15  1.35e-15    39     1     0
1874.78  3.41e-15  1.49e-15    39     5     0
1876.46  4.62e-15  1.48e-15    39     7     0
1878.14  6.14e-15  2.46e-15    39     9     0
1879.81  5.51e-15  1.53e-15    39     8     0
1881.49  1.47e-16  1.35e-15    39     0     0
1883.16 -4.98e-16  1.36e-15    39     0     0
1884.84  5.25e-16  1.36e-15    39     0     0
1886.52  3.57e-15  1.39e-15    39     5     0
1888.19  5.99e-15  1.49e-15    39     9     0
1889.87  3.03e-15  1.37e-15    39     4     0
1891.55  2.03e-15  1.37e-15    39     3     0
1893.22  8.45e-16  1.37e-15    39     1     0
1894.90  2.11e-16  1.52e-15    40     0     0
1896.58  6.07e-16  1.37e-15    40     0     0
1898.25  2.63e-15  1.38e-15    40     4     0
1899.93  2.85e-15  1.38e-15    40     4     0
1901.60  2.46e-15  1.38e-15    40     3     0
1903.28  1.51e-15  1.39e-15    40     2     0
1904.96  1.63e-15  1.39e-15    40     2     0
1906.63  2.19e-15  1.37e-15    40     3     0
1908.31  1.51e-15  1.37e-15    40     2     0
1909.99 -3.70e-16  1.38e-15    40     0     0
1911.66  1.22e-15  1.40e-15    40     1     0
1913.34  8.55e-17  1.78e-15    40     0     0
1915.02 -2.45e-15  1.45e-15    40    -3     0
1916.69  1.13e-15  1.43e-15    40     1     0
1918.37  2.23e-15  1.43e-15    40     3     0
1920.04 -2.40e-16  1.42e-15    40     0     0
1921.72 -4.85e-16  1.42e-15    40     0     0
1923.40  3.09e-15  1.42e-15    40     4     0
1925.07  3.22e-15  1.41e-15    40     4     0
1926.75  3.67e-15  1.41e-15    40     5     0
1928.43  5.91e-15  1.41e-15    41     9     0
1930.10  5.00e-15  1.40e-15    41     7     0
1931.78  4.03e-15  1.40e-15    41     6     0
1933.46  2.76e-15  1.39e-15    41     4     0
1935.13 -1.12e-15  1.41e-15    41    -1     0
1936.81  8.58e-17  1.41e-15    41     0     0
1938.48  7.31e-17  1.40e-15    41     0     0
1940.16 -1.76e-16  1.41e-15    41     0     0
1941.84 -9.49e-16  1.41e-15    41    -1     0
1943.51  2.25e-17  1.40e-15    41     0     0
1945.19  1.53e-15  1.38e-15    41     2     0
1946.87 -1.07e-16  1.37e-15    41     0     0
1948.54 -1.67e-16  1.37e-15    41     0     0
1950.22  1.11e-15  1.39e-15    41     1     0
1951.90  1.93e-15  1.38e-15    41     3     0
1953.57  1.36e-15  1.38e-15    41     2     0
1955.25  1.96e-15  1.36e-15    41     3     0
1956.93  2.54e-15  1.39e-15    42     4     0
1958.60  4.56e-15  1.36e-15    42     7     0
1960.28  4.43e-15  1.33e-15    42     7     0
1961.95  1.04e-15  1.33e-15    42     1     0
1963.63  2.24e-15  1.33e-15    42     3     0
1965.31  1.99e-15  1.34e-15    42     3     0
1966.98  1.73e-15  1.34e-15    42     2     0
1968.66  1.81e-15  1.34e-15    42     2     0
1970.34  1.92e-15  1.34e-15    42     3     0
1972.01  7.74e-16  1.34e-15    42     1     0
1973.69  1.45e-15  1.35e-15    42     2     0
1975.37  8.24e-16  1.36e-15    42     1     0
1977.04  4.05e-16  1.37e-15    43     0     0
1978.72  5.43e-16  1.37e-15    43     0     0
