NOT ORIGINAL IUE PROJECT DATA PRODUCT
SWP45575LOWLARGE
HD  197481
20:42:04
-31:31:05
48
NO-TRAIL
X-OFFSETS
2159.151
09/09/92
01:41:35
253
9.84
30/09/95
GSFC
2448874.57054
0
21
1150.58  1.65e-14  2.03e-13   -82     2     0
1152.26  3.86e-14  1.90e-13   -82     5     0
1153.94 -1.07e-13  1.78e-13   -81   -16     0
1155.61  8.66e-14  1.72e-13   -80    14     0
1157.29  6.48e-14  1.60e-13   -80    11     0
1158.97  5.41e-14  1.47e-13   -79    10     0
1160.64  1.20e-13  1.37e-13   -78    24     0
1162.32  1.35e-14  1.41e-13   -78     2     0
1163.99  4.94e-14  1.17e-13   -77    11     0
1165.67  2.25e-14  9.99e-14   -76     6     0
1167.35  9.78e-14  9.38e-14   -75    28     0
1169.02  3.50e-14  8.65e-14   -75    10     0
1170.70  5.12e-14  8.03e-14   -74    17     0
1172.38 -6.93e-15  7.44e-14   -73    -2     0
1174.05  1.26e-13  7.12e-14   -73    47     0
1175.73  1.13e-13  6.57e-14   -72    46     0
1177.41 -1.17e-13  1.37e-13   -71   -51     0
1179.08  8.22e-14  5.75e-14   -70    38     0
1180.76  1.81e-14  5.10e-14   -69     9     0
1182.43 -5.67e-14  4.79e-14   -69   -30     0
1184.11  3.28e-14  4.57e-14   -68    18     0
1185.79 -1.10e-13  5.01e-14   -67   -65     0
1187.46  7.46e-14  4.20e-14   -66    46     0
1189.14 -8.11e-14  3.91e-14   -66   -52     0
1190.82 -3.23e-14  3.51e-14   -65   -23     0
1192.49 -7.51e-15  3.52e-14   -64    -5     0
1194.17  1.42e-14  3.47e-14   -63    11     0
1195.85 -3.33e-15  3.39e-14   -62    -2     0
1197.52  2.56e-14  3.30e-14   -62    22     0
1199.20 -2.78e-15  2.99e-14   -61    -2     0
1200.87 -3.63e-14  2.82e-14   -60   -34     0
1202.55  3.54e-14  2.64e-14   -59    34     0
1204.23  7.47e-14  2.55e-14   -58    74     0
1205.90  4.16e-14  2.49e-14   -57    43     0
1207.58  1.14e-13  2.45e-14   -57   122     0
1209.26  2.58e-13  6.29e-14   -56   284     0
1210.93  6.11e-13  9.70e-14   -55   703     0
1212.61  8.69e-13  1.36e-13   -54  1026     0
1214.29  9.95e-13  1.58e-13   -53  1205     0
1215.96  8.90e-13  1.45e-13   -52  1110     0
1217.64  5.90e-13  1.07e-13   -52   753     0
1219.32  4.22e-13  7.33e-14   -51   551     0
1220.99  1.97e-13  3.54e-14   -50   263     0
1222.67  6.95e-14  1.83e-14   -49    94     0
1224.34  1.39e-15  1.68e-14   -48     1     0
1226.02  2.66e-14  1.65e-14   -47    38     0
1227.70  7.62e-15  1.59e-14   -46    11     0
1229.37  2.17e-14  1.58e-14   -45    32     0
1231.05  2.39e-14  1.54e-14   -45    36     0
1232.73  1.06e-14  1.49e-14   -44    16     0
1234.40 -1.63e-15  1.45e-14   -43    -2     0
1236.08  6.30e-16  1.41e-14   -42     1     0
1237.76  1.39e-14  1.41e-14   -41    22     0
1239.43  1.20e-14  1.38e-14   -40    19     0
1241.11  1.41e-14  1.35e-14   -39    23     0
1242.78  1.40e-14  1.33e-14   -38    23     0
1244.46 -2.49e-14  1.37e-14   -37   -42     0
1246.14  1.49e-15  1.30e-14   -37     2     0
1247.81 -1.63e-14  1.28e-14   -36   -28     0
1249.49  5.14e-15  1.27e-14   -35     8     0
1251.17  1.62e-14  1.24e-14   -34    29     0
1252.84 -4.22e-15  1.25e-14   -33    -7     0
1254.52  1.75e-14  1.21e-14   -32    32     0
1256.20  2.19e-14  1.20e-14   -31    40     0
1257.87  8.70e-15  1.17e-14   -30    16     0
1259.55 -3.69e-15  1.93e-14   -29    -6     0
1261.22 -8.45e-15  1.13e-14   -28   -16     0
1262.90  7.03e-15  1.12e-14   -27    13     0
1264.58  1.19e-14  1.12e-14   -26    23     0
1266.25  1.68e-14  1.10e-14   -26    33     0
1267.93 -2.02e-15  1.06e-14   -25    -4     0
1269.61  6.50e-15  1.06e-14   -24    13     0
1271.28 -3.75e-15  1.08e-14   -23    -7     0
1272.96 -2.39e-14  1.06e-14   -22   -47     0
1274.64  5.90e-16  1.04e-14   -21     1     0
1276.31 -6.65e-15  1.06e-14   -20   -13     0
1277.99 -2.52e-15  1.05e-14   -19    -4     0
1279.67  1.48e-14  1.07e-14   -18    29     0
1281.34  6.16e-15  1.02e-14   -17    12     0
1283.02  2.47e-14  1.05e-14   -16    50     0
1284.69  1.62e-14  1.08e-14   -15    32     0
1286.37  1.28e-14  1.01e-14   -14    26     0
1288.05 -1.05e-15  9.86e-15   -13    -2     0
1289.72  1.63e-14  1.01e-14   -12    33     0
1291.40  2.71e-14  1.02e-14   -11    55     0
1293.08  1.61e-14  9.96e-15   -11    33     0
1294.75  2.35e-14  1.00e-14   -10    48     0
1296.43  8.41e-15  9.64e-15    -9    17     0
1298.11 -2.58e-15  9.50e-15    -8    -5     0
1299.78 -2.00e-14  9.47e-15    -7   -41     0
1301.46  1.21e-15  9.57e-15    -6     2     0
1303.13  2.87e-14  1.00e-14    -5    59     0
1304.81  6.40e-15  9.57e-15    -4    13     0
1306.49  2.89e-16  1.84e-14    -3     0     0
1308.16 -6.84e-15  2.05e-14    -2   -13     0
1309.84 -3.07e-15  9.58e-15    -1    -6     0
1311.52 -8.22e-16  9.23e-15     0    -1     0
1313.19  2.20e-15  9.22e-15     0     4     0
1314.87  1.11e-15  1.20e-14     1     2     0
1316.55 -1.61e-15  9.15e-15     2    -3     0
1318.22  2.17e-14  9.51e-15     3    45     0
1319.90  1.63e-15  9.13e-15     4     3     0
1321.57  1.64e-14  9.77e-15     5    32     0
1323.25 -9.21e-15  9.71e-15     5   -18     0
1324.93  2.12e-14  1.03e-14     6    41     0
1326.60  6.63e-15  1.22e-14     7    13     0
1328.28  6.46e-15  1.08e-14     8    12     0
1329.96 -1.27e-14  1.01e-14     9   -24     0
1331.63  8.35e-15  9.75e-15    10    16     0
1333.31  1.77e-14  9.62e-15    11    34     0
1334.99  2.82e-14  9.83e-15    12    55     0
1336.66  5.82e-15  9.14e-15    13    11     0
1338.34  8.12e-16  9.08e-15    14     1     0
1340.01  1.13e-14  9.51e-15    15    22     0
1341.69  1.51e-15  9.35e-15    16     2     0
1343.37 -2.61e-15  9.75e-15    17    -5     0
1345.04  5.98e-15  9.33e-15    18    11     0
1346.72  6.29e-16  9.25e-15    19     1     0
1348.40  4.55e-15  9.29e-15    19     8     0
1350.07  2.17e-15  9.32e-15    20     4     0
1351.75 -2.35e-14  2.97e-14    21   -44     0
1353.43 -9.01e-16  9.67e-15    22    -1     0
1355.10  7.04e-15  9.37e-15    23    13     0
1356.78  1.17e-14  9.43e-15    24    22     0
1358.46 -1.48e-14  9.31e-15    25   -27     0
1360.13 -2.04e-15  9.86e-15    26    -3     0
1361.81  2.45e-14  9.97e-15    27    44     0
1363.48  1.78e-14  9.90e-15    28    32     0
1365.16  1.06e-14  9.75e-15    29    19     0
1366.84  7.72e-16  9.62e-15    30     1     0
1368.51  2.84e-14  1.02e-14    31    50     0
1370.19  1.01e-14  9.74e-15    31    18     0
1371.87  3.10e-15  9.65e-15    32     5     0
1373.54 -7.02e-15  9.65e-15    33   -12     0
1375.22  3.23e-16  9.64e-15    34     0     0
1376.90  5.82e-15  9.72e-15    35    10     0
1378.57  8.37e-16  9.69e-15    36     1     0
1380.25 -4.39e-15  9.69e-15    37    -7     0
1381.92 -1.82e-14  1.86e-14    38   -31     0
1383.60  1.86e-14  1.00e-14    39    31     0
1385.28 -4.51e-16  9.91e-15    40     0     0
1386.95 -1.39e-14  9.78e-15    40   -23     0
1388.63 -2.80e-14  1.49e-14    41   -47     0
1390.31 -4.76e-15  9.99e-15    42    -7     0
1391.98  1.90e-14  1.04e-14    43    31     0
1393.66 -8.47e-15  1.01e-14    44   -13     0
1395.34 -4.03e-16  1.01e-14    45     0     0
1397.01  1.08e-14  1.03e-14    46    17     0
1398.69  4.91e-15  1.02e-14    47     7     0
1400.36  9.70e-15  1.03e-14    47    15     0
1402.04  2.87e-15  1.63e-14    48     4     0
1403.72 -5.57e-15  1.03e-14    49    -8     0
1405.39  3.24e-14  1.10e-14    50    49     0
1407.07 -1.25e-15  1.05e-14    51    -1     0
1408.75  9.35e-15  1.07e-14    52    14     0
1410.42  5.15e-15  1.06e-14    53     7     0
1412.10 -2.85e-14  2.42e-14    53   -42     0
1413.78 -1.33e-17  1.06e-14    54     0     0
1415.45 -4.60e-15  1.32e-14    55    -6     0
1417.13 -1.87e-15  1.04e-14    56    -2     0
1418.81  7.32e-15  1.29e-14    57    10     0
1420.48 -1.89e-15  1.10e-14    58    -2     0
1422.16  1.08e-14  1.12e-14    58    15     0
1423.83  1.12e-14  1.13e-14    59    15     0
1425.51 -1.19e-14  1.09e-14    60   -16     0
1427.19 -2.25e-14  1.33e-14    61   -31     0
1428.86  1.52e-14  1.12e-14    62    21     0
1430.54  1.20e-14  1.12e-14    63    16     0
1432.22  5.57e-15  1.11e-14    63     7     0
1433.89 -2.18e-15  1.11e-14    64    -2     0
1435.57  3.61e-17  1.13e-14    65     0     0
1437.25  6.97e-16  1.13e-14    66     0     0
1438.92  6.82e-15  1.14e-14    67     9     0
1440.60 -1.03e-14  1.28e-14    67   -13     0
1442.27  4.35e-15  1.12e-14    68     5     0
1443.95  2.31e-14  1.17e-14    69    30     0
1445.63  1.12e-14  1.14e-14    70    14     0
1447.30  3.63e-14  1.20e-14    71    48     0
1448.98  2.14e-14  1.17e-14    71    28     0
1450.66  1.23e-14  1.14e-14    72    16     0
1452.33  5.67e-15  1.13e-14    73     7     0
1454.01  2.53e-15  1.12e-14    74     3     0
1455.69 -1.67e-14  1.13e-14    74   -21     0
1457.36  3.77e-15  1.13e-14    75     4     0
1459.04  2.51e-14  1.17e-14    76    32     0
1460.71  1.32e-14  1.12e-14    77    17     0
1462.39  1.38e-14  1.12e-14    77    18     0
1464.07  6.23e-15  1.11e-14    78     8     0
1465.74  1.73e-14  1.14e-14    79    22     0
1467.42  1.59e-14  1.14e-14    80    20     0
1469.10  1.34e-14  1.13e-14    80    17     0
1470.77  1.31e-14  1.16e-14    81    16     0
1472.45  1.37e-14  1.16e-14    82    17     0
1474.13 -1.76e-14  1.14e-14    82   -22     0
1475.80  9.26e-15  1.15e-14    83    11     0
1477.48  3.40e-14  1.20e-14    84    42     0
1479.16 -6.25e-15  1.22e-14    85    -7     0
1480.83  6.87e-15  1.15e-14    85     8     0
1482.51  1.20e-14  1.16e-14    86    14     0
1484.18  1.12e-14  1.15e-14    87    13     0
1485.86 -1.33e-14  1.12e-14    87   -16     0
1487.54 -2.75e-15  1.12e-14    88    -3     0
1489.21 -9.62e-15  1.12e-14    89   -11     0
1490.89  1.72e-14  1.17e-14    89    20     0
1492.57 -5.25e-15  1.14e-14    90    -6     0
1494.24  2.65e-14  1.19e-14    91    32     0
1495.92  9.77e-15  1.33e-14    91    12     0
1497.60 -2.52e-15  1.12e-14    92    -3     0
1499.27  1.82e-14  1.15e-14    93    22     0
1500.95  9.12e-15  1.12e-14    93    11     0
1502.62  1.26e-14  1.13e-14    94    15     0
1504.30  1.23e-14  1.13e-14    95    14     0
1505.98  3.53e-15  1.12e-14    95     4     0
1507.65  3.51e-15  1.11e-14    96     4     0
1509.33  1.60e-14  1.14e-14    97    19     0
1511.01  3.88e-14  1.20e-14    97    46     0
1512.68  2.37e-14  1.17e-14    98    28     0
1514.36  2.96e-14  1.19e-14    98    34     0
1516.04  5.52e-15  1.15e-14    99     6     0
1517.71 -1.23e-15  1.15e-14   100    -1     0
1519.39  3.30e-15  1.15e-14   100     3     0
1521.06  7.25e-15  1.16e-14   101     8     0
1522.74  1.89e-14  1.19e-14   102    21     0
1524.42  2.43e-14  1.20e-14   102    27     0
1526.09  9.58e-15  1.19e-14   103    10     0
1527.77 -5.20e-15  1.16e-14   103    -5     0
1529.45  1.19e-14  1.85e-14   104    13     0
1531.12  2.85e-14  2.49e-14   104    32     0
1532.80  1.54e-14  1.16e-14   105    17     0
1534.48 -1.53e-14  1.13e-14   106   -17     0
1536.15  2.88e-15  1.13e-14   106     3     0
1537.83 -6.85e-15  1.12e-14   107    -7     0
1539.50 -1.27e-14  1.12e-14   107   -14     0
1541.18  7.83e-15  1.13e-14   108     9     0
1542.86  1.57e-14  1.13e-14   108    17     0
1544.53  3.71e-14  1.46e-14   109    42     0
1546.21  5.72e-14  1.69e-14   109    65     0
1547.89  6.24e-14  1.25e-14   110    71     0
1549.56  3.45e-14  1.17e-14   110    39     0
1551.24  2.65e-14  1.15e-14   111    30     0
1552.92  6.36e-15  1.11e-14   111     7     0
1554.59 -6.17e-15  1.10e-14   112    -7     0
1556.27 -1.65e-14  1.09e-14   112   -18     0
1557.95 -1.56e-15  1.08e-14   113    -1     0
1559.62 -1.20e-15  1.08e-14   113    -1     0
1561.30 -9.16e-15  1.09e-14   114   -10     0
1562.97 -8.06e-16  1.08e-14   114     0     0
1564.65 -5.62e-15  1.08e-14   115    -6     0
1566.33 -1.36e-14  1.04e-14   115   -16     0
1568.00  3.47e-15  1.04e-14   116     4     0
1569.68 -5.12e-15  1.04e-14   116    -6     0
1571.36 -1.83e-14  1.06e-14   117   -21     0
1573.03  7.15e-15  1.07e-14   117     8     0
1574.71 -5.73e-15  1.05e-14   118    -6     0
1576.39  8.95e-15  1.08e-14   118    10     0
1578.06  1.20e-14  1.07e-14   119    13     0
1579.74  2.96e-15  1.06e-14   119     3     0
1581.41  3.32e-15  1.05e-14   119     3     0
1583.09 -6.45e-15  1.04e-14   120    -7     0
1584.77  1.50e-14  1.11e-14   120    17     0
1586.44  9.69e-15  1.03e-14   121    11     0
1588.12  1.25e-14  1.03e-14   121    14     0
1589.80  2.11e-14  1.04e-14   121    24     0
1591.47  2.72e-14  1.06e-14   122    31     0
1593.15  3.44e-16  1.02e-14   122     0     0
1594.83  6.62e-15  1.01e-14   123     7     0
1596.50 -2.01e-15  9.89e-15   123    -2     0
1598.18 -5.52e-15  9.85e-15   123    -6     0
1599.85  4.63e-15  9.86e-15   124     5     0
1601.53 -1.29e-14  1.02e-14   124   -15     0
1603.21  3.61e-15  9.68e-15   125     4     0
1604.88 -3.03e-15  9.63e-15   125    -3     0
1606.56  6.81e-15  9.84e-15   125     8     0
1608.24  1.89e-14  1.01e-14   126    22     0
1609.91 -4.06e-15  9.69e-15   126    -4     0
1611.59 -1.24e-14  1.08e-14   126   -14     0
1613.27  9.89e-16  9.49e-15   127     1     0
1614.94  1.41e-15  9.44e-15   127     1     0
1616.62 -7.97e-15  9.50e-15   127    -9     0
1618.30  9.73e-15  1.04e-14   128    11     0
1619.97 -3.97e-15  9.40e-15   128    -4     0
1621.65 -1.47e-14  9.23e-15   128   -17     0
1623.32  2.20e-14  9.55e-15   129    26     0
1625.00 -7.46e-15  8.95e-15   129    -9     0
1626.68 -1.62e-14  8.90e-15   129   -20     0
1628.35 -1.51e-14  8.85e-15   130   -18     0
1630.03 -1.67e-15  9.19e-15   130    -2     0
1631.71  2.10e-14  9.49e-15   130    25     0
1633.38  5.34e-15  9.15e-15   131     6     0
1635.06 -9.62e-16  8.88e-15   131    -1     0
1636.74  9.61e-15  8.95e-15   131    11     0
1638.41  3.57e-14  1.79e-14   131    44     0
1640.09  3.07e-14  1.54e-14   132    38     0
1641.76  2.93e-14  1.27e-14   132    36     0
1643.44  7.21e-15  1.06e-14   132     9     0
1645.12 -1.94e-15  8.55e-15   132    -2     0
1646.79  8.23e-17  8.50e-15   133     0     0
1648.47 -4.35e-15  8.45e-15   133    -5     0
1650.15 -6.25e-15  8.46e-15   133    -7     0
1651.82  3.88e-15  8.45e-15   133     4     0
1653.50  2.20e-15  8.35e-15   134     2     0
1655.18  1.69e-14  8.50e-15   134    21     0
1656.85  6.73e-15  8.57e-15   134     8     0
1658.53  1.32e-14  8.34e-15   134    17     0
1660.20  8.22e-15  8.20e-15   135    10     0
1661.88  1.75e-15  8.42e-15   135     2     0
1663.56 -8.05e-15  8.16e-15   135   -10     0
1665.23  2.73e-14  8.97e-15   135    35     0
1666.91  1.18e-14  8.13e-15   135    15     0
1668.59  3.41e-15  7.91e-15   136     4     0
1670.26  8.26e-16  7.67e-15   136     1     0
1671.94 -5.81e-15  7.62e-15   136    -7     0
1673.62  1.31e-15  7.56e-15   136     1     0
1675.29  1.69e-15  7.36e-15   136     2     0
1676.97 -7.98e-15  7.30e-15   137   -11     0
1678.65  1.29e-15  7.24e-15   137     1     0
1680.32  1.65e-15  7.31e-15   137     2     0
1682.00  1.11e-15  7.25e-15   137     1     0
1683.67 -3.91e-15  7.19e-15   137    -5     0
1685.35  7.76e-15  7.36e-15   138    10     0
1687.03  1.30e-14  7.41e-15   138    18     0
1688.70 -1.11e-15  7.10e-15   138    -1     0
1690.38 -1.39e-15  7.25e-15   138    -1     0
1692.06 -3.09e-15  6.93e-15   138    -4     0
1693.73  3.49e-16  6.87e-15   138     0     0
1695.41  6.20e-15  6.87e-15   138     8     0
1697.09  8.77e-15  6.83e-15   139    12     0
1698.76  2.21e-14  7.07e-15   139    32     0
1700.44  3.22e-15  6.57e-15   139     4     0
1702.11  1.40e-14  9.79e-15   139    20     0
1703.79  4.51e-14  2.68e-14   139    67     0
1705.47  5.62e-15  1.17e-14   139     8     0
1707.14 -1.64e-14  6.44e-15   139   -24     0
1708.82 -8.48e-15  6.38e-15   140   -12     0
1710.50  2.14e-15  6.35e-15   140     3     0
1712.17  1.55e-15  6.29e-15   140     2     0
1713.85  9.33e-15  6.39e-15   140    14     0
1715.53 -4.64e-15  6.22e-15   140    -7     0
1717.20  4.04e-15  6.19e-15   140     6     0
1718.88  5.76e-15  6.19e-15   140     8     0
1720.55  4.10e-15  5.93e-15   140     6     0
1722.23  1.08e-16  5.82e-15   140     0     0
1723.91 -2.23e-15  5.77e-15   141    -3     0
1725.58 -6.78e-15  5.91e-15   141   -10     0
1727.26 -9.31e-15  5.85e-15   141   -14     0
1728.94 -5.83e-15  5.80e-15   141    -9     0
1730.61  1.97e-15  5.76e-15   141     3     0
1732.29 -2.32e-16  5.70e-15   141     0     0
1733.97  6.77e-15  5.74e-15   141    10     0
1735.64  9.91e-15  5.79e-15   141    15     0
1737.32  1.85e-15  5.54e-15   141     2     0
1738.99  6.95e-15  5.61e-15   141    11     0
1740.67  9.15e-15  5.45e-15   141    15     0
1742.35  2.64e-15  5.27e-15   142     4     0
1744.02  2.20e-15  5.20e-15   142     3     0
1745.70  2.52e-15  5.52e-15   142     4     0
1747.38  4.51e-15  5.23e-15   142     7     0
1749.05  1.78e-14  5.70e-15   142    30     0
1750.73  1.86e-14  1.02e-14   142    32     0
1752.41  5.74e-15  6.73e-15   142    10     0
1754.08  3.16e-15  4.95e-15   142     5     0
1755.76 -9.51e-16  4.98e-15   142    -1     0
1757.44  8.44e-15  5.06e-15   142    14     0
1759.11  3.24e-15  4.91e-15   142     5     0
1760.79 -2.50e-15  4.85e-15   142    -4     0
1762.46  1.60e-15  4.81e-15   142     2     0
1764.14 -5.42e-15  4.77e-15   142    -9     0
1765.82 -4.65e-15  4.70e-15   142    -8     0
1767.49  2.05e-16  4.66e-15   143     0     0
1769.17  5.15e-15  4.69e-15   143     9     0
1770.85  3.50e-15  4.78e-15   143     6     0
1772.52  4.21e-15  4.56e-15   143     7     0
1774.20 -6.42e-15  4.47e-15   143   -11     0
1775.88 -8.32e-15  4.44e-15   143   -15     0
1777.55 -7.43e-15  4.41e-15   143   -13     0
1779.23 -3.27e-15  4.37e-15   143    -6     0
1780.90 -4.12e-15  4.36e-15   143    -7     0
1782.58 -1.45e-15  4.33e-15   143    -2     0
1784.26 -2.37e-15  4.31e-15   143    -4     0
1785.93  2.29e-16  4.17e-15   143     0     0
1787.61  2.68e-15  4.17e-15   143     5     0
1789.29  2.42e-15  4.33e-15   143     4     0
1790.96 -2.42e-15  4.68e-15   143    -4     0
1792.64  2.27e-15  4.81e-15   143     4     0
1794.32  6.57e-15  4.85e-15   143    12     0
1795.99  9.06e-15  4.81e-15   143    17     0
1797.67 -3.54e-15  4.35e-15   143    -6     0
1799.34 -3.11e-15  4.03e-15   144    -5     0
1801.02 -1.19e-15  3.97e-15   144    -2     0
1802.70 -1.95e-15  3.94e-15   144    -3     0
1804.37 -7.89e-16  3.91e-15   144    -1     0
1806.05 -4.21e-15  3.95e-15   144    -8     0
1807.73  2.05e-15  3.95e-15   144     3     0
1809.40  2.05e-15  3.94e-15   144     3     0
1811.08  8.97e-15  4.50e-15   144    17     0
1812.76  1.27e-14  4.09e-15   144    24     0
1814.43  1.57e-14  4.40e-15   144    30     0
1816.11  1.64e-14  4.26e-15   144    31     0
1817.79  1.21e-14  3.98e-15   144    23     0
1819.46  9.85e-15  3.91e-15   144    19     0
1821.14 -3.83e-15  3.74e-15   144    -7     0
1822.81 -6.59e-15  3.72e-15   144   -12     0
1824.49 -5.61e-15  3.72e-15   144   -10     0
1826.17  2.73e-15  3.83e-15   144     5     0
1827.84  4.92e-15  3.80e-15   145     9     0
1829.52  5.28e-15  3.80e-15   145    10     0
1831.20  4.97e-16  3.57e-15   145     0     0
1832.87  6.32e-15  3.65e-15   145    12     0
1834.55  4.00e-15  3.60e-15   145     7     0
1836.23  3.52e-15  3.55e-15   145     7     0
1837.90  2.55e-15  3.50e-15   145     5     0
1839.58 -3.15e-15  3.46e-15   145    -6     0
1841.25  1.77e-15  3.62e-15   145     3     0
1842.93 -2.04e-15  3.48e-15   145    -3     0
1844.61  7.45e-15  3.61e-15   145    14     0
1846.28  1.04e-14  3.59e-15   146    20     0
1847.96  5.52e-15  3.45e-15   146    11     0
1849.64 -7.76e-17  3.34e-15   146     0     0
1851.31  1.36e-15  3.40e-15   146     2     0
1852.99  1.42e-15  3.39e-15   146     2     0
1854.67 -1.12e-15  3.37e-15   146    -2     0
1856.34 -4.04e-15  3.34e-15   146    -7     0
1858.02 -5.95e-15  3.32e-15   146   -11     0
1859.69  3.00e-15  3.36e-15   146     5     0
1861.37  3.50e-15  3.31e-15   147     6     0
1863.05  1.03e-14  3.46e-15   147    20     0
1864.72  1.12e-14  3.48e-15   147    22     0
1866.40  1.75e-15  3.27e-15   147     3     0
1868.08 -3.28e-15  3.26e-15   147    -6     0
1869.75  2.50e-15  3.28e-15   147     4     0
1871.43  2.86e-17  3.27e-15   147     0     0
1873.11  3.83e-15  3.34e-15   148     7     0
1874.78  6.21e-15  3.49e-15   148    11     0
1876.46  9.45e-15  3.39e-15   148    18     0
1878.14  4.56e-15  4.99e-15   148     8     0
1879.81 -1.69e-15  3.20e-15   148    -3     0
1881.49 -4.58e-16  3.18e-15   148     0     0
1883.16  5.82e-15  3.28e-15   149    11     0
1884.84  4.98e-15  3.24e-15   149     9     0
1886.52  1.21e-15  3.16e-15   149     2     0
1888.19 -2.94e-15  3.14e-15   149    -5     0
1889.87 -2.73e-15  3.13e-15   150    -5     0
1891.55  2.15e-15  3.14e-15   150     4     0
1893.22  5.93e-15  3.19e-15   150    11     0
1894.90  2.28e-15  3.09e-15   150     4     0
1896.58 -1.74e-15  3.06e-15   150    -3     0
1898.25 -3.14e-15  3.05e-15   151    -5     0
1899.93  4.70e-15  3.11e-15   151     8     0
1901.60  1.15e-14  3.29e-15   151    21     0
1903.28  6.79e-15  3.14e-15   151    12     0
1904.96  3.68e-17  3.01e-15   152     0     0
1906.63 -3.97e-16  2.95e-15   152     0     0
1908.31 -7.65e-15  2.94e-15   152   -14     0
1909.99 -3.20e-15  2.93e-15   153    -5     0
1911.66  5.49e-15  3.06e-15   153    10     0
1913.34 -1.66e-15  2.95e-15   153    -3     0
1915.02 -2.16e-16  2.99e-15   154     0     0
1916.69  5.94e-15  3.09e-15   154    10     0
1918.37  1.28e-14  3.38e-15   154    22     0
1920.04  6.67e-15  3.27e-15   155    12     0
1921.72  6.03e-15  3.30e-15   155    10     0
1923.40  1.90e-16  3.87e-15   155     0     0
1925.07  6.84e-15  3.44e-15   156    12     0
1926.75 -1.77e-15  3.26e-15   156    -3     0
1928.43  4.64e-15  3.23e-15   156     8     0
1930.10  5.16e-15  3.50e-15   157     9     0
1931.78  5.01e-15  3.35e-15   157     9     0
1933.46 -1.24e-16  2.79e-15   158     0     0
1935.13 -6.65e-15  2.73e-15   158   -12     0
1936.81  9.46e-16  2.72e-15   158     1     0
1938.48  3.40e-15  2.74e-15   159     6     0
1940.16  4.40e-15  2.74e-15   159     8     0
1941.84  4.02e-15  2.72e-15   160     7     0
1943.51  5.90e-16  2.62e-15   160     1     0
1945.19  7.09e-15  2.70e-15   161    13     0
1946.87  1.09e-16  2.56e-15   161     0     0
1948.54  1.32e-15  2.55e-15   162     2     0
1950.22  5.40e-15  2.62e-15   162    10     0
1951.90  3.01e-15  2.57e-15   163     5     0
1953.57  1.06e-14  2.79e-15   163    19     0
1955.25  9.40e-15  2.86e-15   164    17     0
1956.93  5.32e-15  2.57e-15   164    10     0
1958.60  1.05e-14  2.66e-15   165    20     0
1960.28  1.10e-14  2.57e-15   166    21     0
1961.95  8.83e-15  2.51e-15   166    17     0
1963.63  1.24e-14  2.58e-15   167    23     0
1965.31  1.08e-14  2.55e-15   167    20     0
1966.98  8.31e-15  2.50e-15   168    15     0
1968.66  8.77e-15  2.50e-15   169    16     0
1970.34  5.94e-15  2.49e-15   169    11     0
1972.01  8.30e-15  2.51e-15   170    15     0
1973.69  9.22e-15  2.99e-15   171    17     0
1975.37  1.12e-14  2.53e-15   171    21     0
1977.04  1.56e-14  2.69e-15   172    29     0
1978.72  1.22e-14  2.56e-15   173    22     0
