NOT ORIGINAL IUE PROJECT DATA PRODUCT
SWP45578LOWLARGE
HD  197481
20:42:04
-31:31:05
48
NO-TRAIL
X-OFFSETS
3599.305
09/09/92
06:36:09
253
11.84
30/09/95
GSFC
2448874.77510
0
24
1150.58 -2.30e-14  1.31e-13    36    -5     0
1152.26  2.20e-14  1.23e-13    37     5     0
1153.94  7.48e-14  1.16e-13    38    19     0
1155.61 -2.99e-15  1.11e-13    39     0     0
1157.29  2.66e-14  1.03e-13    39     7     0
1158.97  4.08e-14  9.50e-14    40    12     0
1160.64 -6.72e-14  8.71e-14    41   -22     0
1162.32  1.03e-13  8.20e-14    42    36     0
1163.99 -3.89e-15  7.52e-14    43    -1     0
1165.67 -9.60e-14  6.44e-14    43   -43     0
1167.35 -4.38e-14  5.99e-14    44   -21     0
1169.02 -3.29e-14  5.57e-14    45   -16     0
1170.70 -9.64e-15  5.17e-14    46    -5     0
1172.38 -4.38e-14  4.82e-14    47   -25     0
1174.05  5.27e-14  4.57e-14    47    33     0
1175.73  7.00e-14  4.26e-14    48    47     0
1177.41  1.01e-14  3.91e-14    49     7     0
1179.08 -1.24e-14  3.66e-14    50    -9     0
1180.76 -2.28e-14  3.30e-14    51   -19     0
1182.43  1.60e-14  3.13e-14    51    14     0
1184.11 -1.41e-14  2.94e-14    52   -13     0
1185.79 -2.79e-14  2.81e-14    53   -27     0
1187.46 -1.33e-14  2.67e-14    54   -13     0
1189.14  1.04e-14  2.56e-14    55    11     0
1190.82 -3.63e-15  2.34e-14    56    -4     0
1192.49 -6.67e-15  2.24e-14    56    -8     0
1194.17  5.40e-15  2.32e-14    57     6     0
1195.85 -1.15e-14  2.21e-14    58   -15     0
1197.52 -3.84e-15  2.13e-14    59    -5     0
1199.20  1.96e-14  1.98e-14    60    28     0
1200.87  2.14e-14  1.83e-14    61    33     0
1202.55  1.50e-14  1.68e-14    61    24     0
1204.23  4.27e-14  1.66e-14    62    70     0
1205.90  7.96e-14  1.85e-14    63   137     0
1207.58  1.47e-13  3.53e-14    64   260     0
1209.26  3.46e-13  6.25e-14    65   631     0
1210.93  7.10e-13  1.22e-13    66  1349     0
1212.61  9.08e-13  1.50e-13    66  1771     0
1214.29  1.00e-12  1.68e-13    67  2007     0
1215.96  1.01e-12  1.78e-13    68  2079     0
1217.64  8.48e-13  1.39e-13    69  1789     0
1219.32  5.49e-13  9.64e-14    70  1184     0
1220.99  2.65e-13  5.89e-14    71   586     0
1222.67  8.66e-14  2.37e-14    72   195     0
1224.34  2.28e-14  1.14e-14    73    52     0
1226.02  1.76e-14  1.09e-14    73    41     0
1227.70  9.50e-15  1.06e-14    74    23     0
1229.37  6.04e-15  1.03e-14    75    14     0
1231.05 -2.25e-15  9.93e-15    76    -5     0
1232.73  1.48e-15  9.76e-15    77     3     0
1234.40  4.66e-15  9.64e-15    78    12     0
1236.08  1.11e-14  9.50e-15    79    29     0
1237.76  7.65e-15  9.28e-15    80    20     0
1239.43  6.70e-15  9.13e-15    80    18     0
1241.11  1.14e-14  8.97e-15    81    31     0
1242.78  1.10e-14  8.82e-15    82    31     0
1244.46  5.72e-15  8.63e-15    83    16     0
1246.14  1.18e-15  8.58e-15    84     3     0
1247.81 -9.56e-15  8.47e-15    85   -27     0
1249.49 -4.72e-15  8.38e-15    86   -13     0
1251.17 -7.91e-15  8.03e-15    87   -23     0
1252.84  8.65e-15  8.04e-15    88    26     0
1254.52  9.31e-15  8.00e-15    89    28     0
1256.20 -1.35e-15  7.79e-15    89    -4     0
1257.87  9.30e-15  7.85e-15    90    28     0
1259.55 -2.64e-15  7.64e-15    91    -8     0
1261.22  1.56e-15  7.48e-15    92     4     0
1262.90  4.85e-15  7.49e-15    93    15     0
1264.58  7.40e-15  7.45e-15    94    23     0
1266.25  5.12e-15  7.21e-15    95    16     0
1267.93  8.24e-15  7.20e-15    96    27     0
1269.61 -7.30e-15  7.02e-15    97   -24     0
1271.28 -1.43e-15  7.06e-15    98    -4     0
1272.96  9.70e-15  7.13e-15    99    31     0
1274.64  4.04e-15  7.02e-15    99    13     0
1276.31  4.25e-15  7.10e-15   100    13     0
1277.99  7.50e-15  7.12e-15   101    24     0
1279.67  3.98e-15  7.04e-15   102    13     0
1281.34  7.57e-15  6.92e-15   103    25     0
1283.02  1.50e-14  6.98e-15   104    50     0
1284.69  1.44e-14  6.94e-15   105    48     0
1286.37  1.90e-15  6.66e-15   106     6     0
1288.05 -4.21e-15  6.62e-15   107   -14     0
1289.72  1.70e-15  6.61e-15   108     5     0
1291.40  9.36e-15  6.72e-15   109    31     0
1293.08  1.60e-14  6.80e-15   110    54     0
1294.75  9.52e-15  6.65e-15   111    32     0
1296.43  3.60e-15  6.47e-15   111    12     0
1298.11 -9.87e-16  6.40e-15   112    -3     0
1299.78  7.57e-15  6.48e-15   113    26     0
1301.46  7.68e-15  6.54e-15   114    26     0
1303.13  3.34e-15  6.47e-15   115    11     0
1304.81  5.82e-15  6.50e-15   116    19     0
1306.49  8.16e-15  6.60e-15   117    27     0
1308.16  1.64e-14  6.73e-15   118    54     0
1309.84  1.30e-14  6.70e-15   119    43     0
1311.52  3.73e-15  6.29e-15   120    12     0
1313.19 -5.83e-16  6.23e-15   121    -2     0
1314.87  2.84e-15  6.26e-15   122     9     0
1316.55  8.38e-15  6.33e-15   122    28     0
1318.22  6.26e-15  6.28e-15   123    21     0
1319.90  5.94e-15  6.27e-15   124    20     0
1321.57  8.15e-16  6.44e-15   125     2     0
1323.25 -2.67e-15  6.74e-15   126    -8     0
1324.93  6.36e-15  6.81e-15   127    20     0
1326.60 -7.33e-15  7.06e-15   128   -23     0
1328.28  3.18e-15  7.29e-15   129    10     0
1329.96 -3.55e-17  6.88e-15   130     0     0
1331.63  1.18e-14  6.69e-15   131    38     0
1333.31  1.43e-14  6.60e-15   132    46     0
1334.99  2.95e-14  9.79e-15   132    95     0
1336.66  2.85e-14  7.19e-15   133    95     0
1338.34  9.34e-15  6.34e-15   134    31     0
1340.01  1.10e-15  6.40e-15   135     3     0
1341.69 -4.14e-15  6.38e-15   136   -13     0
1343.37  5.14e-15  6.46e-15   137    16     0
1345.04 -5.11e-15  6.32e-15   138   -16     0
1346.72 -4.21e-15  6.33e-15   139   -13     0
1348.40 -5.67e-15  6.34e-15   140   -18     0
1350.07  1.08e-15  6.38e-15   140     3     0
1351.75  1.44e-14  6.62e-15   141    45     0
1353.43  5.04e-15  6.46e-15   142    15     0
1355.10 -4.85e-16  6.36e-15   143    -1     0
1356.78 -4.98e-15  6.37e-15   144   -15     0
1358.46 -1.40e-14  6.39e-15   145   -43     0
1360.13 -1.97e-15  6.56e-15   146    -5     0
1361.81  2.32e-15  6.59e-15   147     6     0
1363.48  1.94e-15  6.60e-15   147     5     0
1365.16 -1.36e-15  6.60e-15   148    -4     0
1366.84  4.88e-15  6.69e-15   149    14     0
1368.51 -7.61e-15  6.64e-15   150   -22     0
1370.19 -1.66e-15  6.61e-15   151    -4     0
1371.87 -6.86e-15  6.63e-15   152   -20     0
1373.54  1.26e-15  6.65e-15   153     3     0
1375.22  5.97e-18  6.64e-15   153     0     0
1376.90 -6.42e-15  6.67e-15   154   -18     0
1378.57 -5.85e-15  6.69e-15   155   -16     0
1380.25 -1.07e-14  6.69e-15   156   -30     0
1381.92 -3.88e-15  6.72e-15   157   -11     0
1383.60  1.04e-14  6.90e-15   158    29     0
1385.28 -3.72e-15  6.74e-15   158   -10     0
1386.95 -9.22e-15  6.76e-15   159   -25     0
1388.63 -7.55e-15  6.79e-15   160   -21     0
1390.31  2.62e-15  6.93e-15   161     7     0
1391.98 -1.18e-14  6.95e-15   162   -32     0
1393.66 -9.77e-16  6.98e-15   163    -2     0
1395.34  5.80e-15  7.02e-15   163    15     0
1397.01  5.25e-15  7.08e-15   164    14     0
1398.69 -2.04e-15  7.04e-15   165    -5     0
1400.36  3.90e-15  7.15e-15   166    10     0
1402.04  2.02e-14  7.46e-15   166    52     0
1403.72  1.34e-14  7.98e-15   167    34     0
1405.39 -1.72e-15  7.28e-15   168    -4     0
1407.07  2.25e-15  7.31e-15   169     5     0
1408.75  2.06e-15  7.35e-15   170     5     0
1410.42  2.18e-15  7.35e-15   170     5     0
1412.10  2.65e-15  7.38e-15   171     6     0
1413.78  9.30e-15  7.51e-15   172    22     0
1415.45  1.33e-15  7.25e-15   173     3     0
1417.13  2.38e-15  7.28e-15   173     5     0
1418.81  4.43e-15  7.34e-15   174    10     0
1420.48  1.61e-15  7.70e-15   175     3     0
1422.16  3.31e-15  7.76e-15   176     7     0
1423.83 -5.87e-15  7.77e-15   176   -13     0
1425.51  7.87e-15  7.75e-15   177    18     0
1427.19  1.01e-14  7.85e-15   178    23     0
1428.86  1.04e-14  7.88e-15   179    24     0
1430.54 -8.66e-16  7.96e-15   179    -1     0
1432.22  3.38e-15  7.77e-15   180     7     0
1433.89 -1.49e-14  7.80e-15   181   -33     0
1435.57  3.16e-16  7.92e-15   181     0     0
1437.25  7.38e-17  7.94e-15   182     0     0
1438.92  2.34e-15  7.97e-15   183     5     0
1440.60 -7.27e-15  7.87e-15   183   -16     0
1442.27  1.85e-15  7.91e-15   184     4     0
1443.95  1.67e-14  8.19e-15   185    36     0
1445.63 -3.50e-15  7.93e-15   185    -7     0
1447.30 -1.46e-14  7.94e-15   186   -31     0
1448.98 -2.16e-14  7.96e-15   187   -46     0
1450.66 -8.61e-16  7.87e-15   187    -1     0
1452.33  6.83e-16  7.92e-15   188     1     0
1454.01 -2.96e-15  7.89e-15   189    -6     0
1455.69 -9.91e-15  7.94e-15   189   -21     0
1457.36  1.27e-15  7.95e-15   190     2     0
1459.04  3.65e-16  7.95e-15   191     0     0
1460.71  9.72e-15  7.92e-15   191    21     0
1462.39  7.71e-15  7.85e-15   192    16     0
1464.07 -4.78e-15  7.77e-15   193   -10     0
1465.74 -3.02e-15  7.88e-15   193    -6     0
1467.42 -1.79e-15  7.88e-15   194    -3     0
1469.10  1.16e-14  8.04e-15   194    24     0
1470.77 -1.21e-14  8.05e-15   195   -25     0
1472.45 -6.86e-15  8.05e-15   196   -14     0
1474.13 -2.41e-15  9.91e-15   196    -4     0
1475.80  3.10e-15  8.07e-15   197     6     0
1477.48  5.95e-15  8.14e-15   197    12     0
1479.16 -8.31e-16  8.06e-15   198    -1     0
1480.83  4.76e-15  8.13e-15   198     9     0
1482.51  3.23e-15  8.11e-15   199     6     0
1484.18  3.15e-15  8.09e-15   199     6     0
1485.86 -1.21e-14  7.92e-15   200   -25     0
1487.54 -1.32e-14  7.93e-15   201   -27     0
1489.21 -3.85e-15  7.95e-15   201    -7     0
1490.89  7.15e-15  8.14e-15   202    14     0
1492.57  1.08e-14  8.27e-15   202    21     0
1494.24  1.87e-14  8.41e-15   203    37     0
1495.92 -3.03e-15  8.34e-15   203    -6     0
1497.60  1.77e-14  9.05e-15   204    35     0
1499.27  1.02e-13  7.57e-14   204   207     0
1500.95  4.74e-14  2.95e-14   205    96     0
1502.62  2.95e-15  8.49e-15   205     5     0
1504.30  2.51e-15  7.93e-15   206     5     0
1505.98 -1.12e-14  7.95e-15   206   -22     0
1507.65  3.05e-15  7.90e-15   207     6     0
1509.33  6.81e-16  7.92e-15   207     1     0
1511.01 -7.48e-16  8.87e-15   207    -1     0
1512.68  1.35e-14  8.26e-15   208    26     0
1514.36  1.92e-14  8.41e-15   208    37     0
1516.04  1.92e-14  9.40e-15   209    36     0
1517.71 -5.69e-15  8.18e-15   209   -10     0
1519.39  1.59e-14  8.47e-15   210    30     0
1521.06  2.21e-14  9.51e-15   210    41     0
1522.74  1.95e-14  8.55e-15   211    36     0
1524.42  6.61e-15  8.32e-15   211    12     0
1526.09  1.78e-15  8.25e-15   211     3     0
1527.77  7.28e-15  8.34e-15   212    13     0
1529.45 -7.84e-16  8.25e-15   212    -1     0
1531.12  1.05e-14  8.27e-15   213    19     0
1532.80  1.63e-14  8.36e-15   213    30     0
1534.48  1.37e-14  8.30e-15   213    25     0
1536.15 -3.56e-15  8.03e-15   214    -6     0
1537.83  1.43e-15  8.01e-15   214     2     0
1539.50  1.36e-14  8.21e-15   214    25     0
1541.18  3.95e-15  8.05e-15   215     7     0
1542.86  3.62e-15  7.97e-15   215     6     0
1544.53  1.80e-14  9.44e-15   215    34     0
1546.21  5.20e-14  9.28e-15   216    97     0
1547.89  3.95e-14  1.11e-14   216    74     0
1549.56  5.43e-14  1.67e-14   216   101     0
1551.24  2.84e-14  1.13e-14   217    53     0
1552.92  2.18e-14  8.99e-15   217    40     0
1554.59  2.43e-14  1.15e-14   217    45     0
1556.27  5.69e-14  4.16e-14   218   108     0
1557.95  5.88e-14  3.39e-14   218   111     0
1559.62  1.29e-14  7.95e-15   218    24     0
1561.30  1.25e-14  7.97e-15   219    23     0
1562.97  2.30e-14  8.14e-15   219    43     0
1564.65  1.92e-14  9.82e-15   219    36     0
1566.33 -5.50e-15  7.48e-15   219   -10     0
1568.00 -1.73e-15  7.46e-15   220    -3     0
1569.68  2.26e-14  7.83e-15   220    44     0
1571.36  6.17e-15  7.67e-15   220    11     0
1573.03  1.18e-14  7.74e-15   220    22     0
1574.71  7.19e-15  7.65e-15   221    13     0
1576.39 -7.70e-15  7.66e-15   221   -14     0
1578.06 -3.81e-15  8.00e-15   221    -7     0
1579.74  7.43e-15  8.31e-15   221    13     0
1581.41 -6.55e-15  7.77e-15   222   -12     0
1583.09  1.28e-15  7.45e-15   222     2     0
1584.77  2.05e-14  1.14e-14   222    39     0
1586.44  8.51e-15  7.40e-15   222    16     0
1588.12  7.76e-15  7.34e-15   222    15     0
1589.80  1.19e-14  7.41e-15   223    23     0
1591.47 -1.40e-16  7.44e-15   223     0     0
1593.15  9.94e-16  7.27e-15   223     1     0
1594.83  2.35e-15  8.77e-15   223     4     0
1596.50  1.12e-14  7.36e-15   223    21     0
1598.18  8.01e-15  7.18e-15   224    15     0
1599.85 -1.22e-15  7.05e-15   224    -2     0
1601.53  6.94e-15  7.42e-15   224    13     0
1603.21  1.39e-14  7.18e-15   224    27     0
1604.88  6.12e-15  8.27e-15   224    12     0
1606.56  4.61e-15  7.07e-15   224     8     0
1608.24  8.43e-15  7.12e-15   225    16     0
1609.91  1.07e-14  7.15e-15   225    20     0
1611.59 -1.90e-16  6.95e-15   225     0     0
1613.27  1.80e-14  7.14e-15   225    35     0
1614.94  7.73e-16  7.00e-15   225     1     0
1616.62  5.99e-15  6.90e-15   225    11     0
1618.30  2.02e-14  7.65e-15   225    39     0
1619.97  1.31e-14  7.00e-15   226    25     0
1621.65  1.08e-14  9.20e-15   226    21     0
1623.32  3.58e-15  6.63e-15   226     7     0
1625.00 -1.43e-14  6.45e-15   226   -29     0
1626.68 -7.07e-15  6.73e-15   226   -14     0
1628.35 -1.04e-16  6.59e-15   226     0     0
1630.03  8.51e-15  6.75e-15   226    16     0
1631.71  1.17e-14  7.43e-15   226    23     0
1633.38  2.58e-14  8.13e-15   226    51     0
1635.06  1.43e-14  6.63e-15   227    29     0
1636.74  2.15e-14  6.81e-15   227    44     0
1638.41  4.48e-14  1.43e-14   227    92     0
1640.09  3.07e-14  1.20e-14   227    63     0
1641.76  2.74e-14  1.25e-14   227    56     0
1643.44  4.92e-15  6.80e-15   227    10     0
1645.12  7.61e-16  6.18e-15   227     1     0
1646.79 -9.65e-15  6.15e-15   227   -20     0
1648.47 -2.39e-15  6.11e-15   227    -5     0
1650.15  3.32e-15  6.14e-15   227     6     0
1651.82 -7.81e-15  6.08e-15   227   -16     0
1653.50  3.74e-15  8.39e-15   227     7     0
1655.18  1.53e-14  6.69e-15   227    32     0
1656.85  1.59e-14  6.29e-15   227    34     0
1658.53  7.71e-15  8.34e-15   227    16     0
1660.20  1.32e-14  6.28e-15   227    28     0
1661.88  7.15e-16  6.52e-15   228     1     0
1663.56 -6.64e-15  5.91e-15   228   -14     0
1665.23  1.03e-14  1.08e-14   228    22     0
1666.91  1.48e-14  7.83e-15   228    31     0
1668.59  1.46e-15  5.72e-15   228     3     0
1670.26  1.18e-14  6.23e-15   228    26     0
1671.94  8.43e-15  5.68e-15   228    18     0
1673.62  1.24e-14  5.68e-15   228    27     0
1675.29  6.95e-15  5.44e-15   228    15     0
1676.97  1.50e-14  5.56e-15   228    34     0
1678.65  6.44e-15  5.34e-15   228    14     0
1680.32 -1.16e-15  5.31e-15   228    -2     0
1682.00  6.97e-15  5.40e-15   228    16     0
1683.67  1.13e-14  5.41e-15   228    26     0
1685.35  5.88e-15  5.33e-15   228    13     0
1687.03  5.80e-16  5.21e-15   228     1     0
1688.70 -2.04e-15  5.41e-15   228    -4     0
1690.38 -3.76e-16  5.95e-15   228     0     0
1692.06 -8.18e-16  5.05e-15   228    -1     0
1693.73  7.73e-15  5.12e-15   228    18     0
1695.41  5.67e-15  5.11e-15   228    13     0
1697.09  1.09e-14  5.08e-15   228    26     0
1698.76  6.76e-15  4.96e-15   228    16     0
1700.44  6.51e-15  4.89e-15   228    15     0
1702.11  1.08e-14  4.93e-15   228    26     0
1703.79  1.08e-14  5.15e-15   228    26     0
1705.47  2.67e-17  4.78e-15   228     0     0
1707.14  7.68e-15  4.90e-15   228    18     0
1708.82  7.71e-15  4.79e-15   228    19     0
1710.50  6.10e-15  4.74e-15   228    15     0
1712.17  5.38e-15  4.73e-15   228    13     0
1713.85  8.56e-15  4.77e-15   228    21     0
1715.53 -5.70e-15  4.56e-15   228   -14     0
1717.20 -1.67e-15  4.52e-15   228    -4     0
1718.88  7.56e-15  5.01e-15   228    19     0
1720.55  1.77e-14  4.64e-15   228    46     0
1722.23 -3.79e-15  4.28e-15   228    -9     0
1723.91 -1.65e-16  4.25e-15   228     0     0
1725.58 -5.14e-17  4.34e-15   228     0     0
1727.26 -9.94e-15  4.30e-15   228   -25     0
1728.94  3.09e-15  4.30e-15   228     8     0
1730.61 -2.04e-15  4.24e-15   228    -5     0
1732.29 -9.04e-15  4.20e-15   228   -23     0
1733.97  6.86e-15  4.27e-15   228    18     0
1735.64  3.06e-15  4.25e-15   228     8     0
1737.32  1.54e-15  4.93e-15   228     4     0
1738.99  3.04e-15  4.08e-15   228     8     0
1740.67 -4.26e-15  3.92e-15   228   -11     0
1742.35  1.04e-14  4.48e-15   228    29     0
1744.02  5.83e-15  3.93e-15   228    16     0
1745.70  2.19e-15  3.88e-15   228     6     0
1747.38  1.29e-14  4.25e-15   228    36     0
1749.05  2.26e-14  1.09e-14   228    63     0
1750.73  3.34e-14  1.18e-14   228    95     0
1752.41  1.39e-14  5.50e-15   228    39     0
1754.08  5.24e-15  3.75e-15   228    15     0
1755.76 -4.25e-16  5.39e-15   228    -1     0
1757.44  1.57e-15  4.26e-15   228     4     0
1759.11  1.73e-15  3.90e-15   228     5     0
1760.79  1.35e-15  3.62e-15   229     3     0
1762.46 -1.37e-15  3.59e-15   229    -3     0
1764.14 -3.43e-15  3.56e-15   229   -10     0
1765.82 -1.01e-15  3.51e-15   229    -2     0
1767.49  5.63e-15  3.57e-15   229    16     0
1769.17 -3.63e-15  3.46e-15   229   -10     0
1770.85 -1.50e-16  3.44e-15   229     0     0
1772.52  3.76e-15  3.45e-15   229    11     0
1774.20  3.15e-15  7.27e-15   229     9     0
1775.88  4.18e-14  2.40e-14   229   127     0
1777.55  3.37e-14  1.87e-14   229   103     0
1779.23  3.93e-15  3.65e-15   229    12     0
1780.90  4.19e-15  3.34e-15   229    12     0
1782.58  5.25e-15  3.33e-15   229    16     0
1784.26  3.59e-16  3.24e-15   229     1     0
1785.93 -1.43e-15  3.15e-15   229    -4     0
1787.61  4.36e-15  3.27e-15   229    13     0
1789.29  2.73e-15  3.36e-15   230     8     0
1790.96  1.77e-15  3.55e-15   230     5     0
1792.64 -9.89e-16  3.62e-15   230    -3     0
1794.32  2.51e-16  4.15e-15   230     0     0
1795.99 -2.79e-15  3.41e-15   230    -8     0
1797.67  2.34e-16  3.15e-15   230     0     0
1799.34  3.31e-15  3.12e-15   230    10     0
1801.02  3.44e-15  3.06e-15   230    11     0
1802.70  1.85e-15  3.01e-15   230     5     0
1804.37  3.05e-15  3.12e-15   230     9     0
1806.05  2.01e-15  3.03e-15   231     6     0
1807.73  4.44e-15  3.10e-15   231    14     0
1809.40  2.78e-15  3.02e-15   231     8     0
1811.08 -1.97e-16  4.25e-15   231     0     0
1812.76  2.82e-15  2.98e-15   231     9     0
1814.43  9.78e-15  3.23e-15   231    31     0
1816.11  1.23e-14  4.78e-15   231    39     0
1817.79  1.77e-14  5.65e-15   232    57     0
1819.46  1.68e-14  3.19e-15   232    54     0
1821.14  1.37e-14  3.15e-15   232    44     0
1822.81  4.95e-15  2.96e-15   232    15     0
1824.49 -2.53e-16  2.87e-15   232     0     0
1826.17  3.42e-15  2.99e-15   232    10     0
1827.84  2.99e-15  2.93e-15   233     9     0
1829.52  2.06e-15  2.91e-15   233     6     0
1831.20  2.46e-15  2.81e-15   233     8     0
1832.87  4.83e-15  2.85e-15   233    15     0
1834.55  8.52e-16  2.76e-15   233     2     0
1836.23 -4.65e-15  2.74e-15   233   -15     0
1837.90 -1.83e-15  2.73e-15   234    -6     0
1839.58 -4.80e-15  2.72e-15   234   -15     0
1841.25 -2.44e-15  2.75e-15   234    -7     0
1842.93  2.01e-15  2.77e-15   234     6     0
1844.61 -2.75e-16  2.73e-15   235     0     0
1846.28  1.88e-15  2.67e-15   235     6     0
1847.96  3.43e-15  2.70e-15   235    11     0
1849.64  4.68e-15  2.99e-15   235    15     0
1851.31  1.33e-15  3.40e-15   236     4     0
1852.99  3.58e-15  2.74e-15   236    11     0
1854.67  6.51e-15  2.81e-15   236    21     0
1856.34  4.60e-15  2.74e-15   236    14     0
1858.02  5.73e-15  2.76e-15   237    18     0
1859.69  8.40e-15  2.82e-15   237    27     0
1861.37  2.99e-15  2.68e-15   237     9     0
1863.05 -2.32e-15  2.62e-15   237    -7     0
1864.72  1.37e-15  2.63e-15   238     4     0
1866.40 -1.30e-15  2.64e-15   238    -4     0
1868.08 -4.69e-15  2.64e-15   238   -15     0
1869.75 -2.75e-15  2.63e-15   239    -8     0
1871.43  2.53e-15  2.70e-15   239     7     0
1873.11 -5.12e-16  2.65e-15   239    -1     0
1874.78  9.66e-16  2.66e-15   240     3     0
1876.46  4.16e-15  2.70e-15   240    13     0
1878.14 -1.15e-15  2.62e-15   240    -3     0
1879.81 -5.47e-16  2.62e-15   241    -1     0
1881.49 -1.37e-15  2.61e-15   241    -4     0
1883.16  1.71e-15  2.64e-15   241     5     0
1884.84 -2.78e-15  2.69e-15   242    -8     0
1886.52 -1.34e-15  2.64e-15   242    -4     0
1888.19 -1.51e-15  2.61e-15   242    -4     0
1889.87 -2.49e-16  2.60e-15   243     0     0
1891.55 -9.44e-16  2.58e-15   243    -2     0
1893.22 -2.24e-15  2.58e-15   243    -6     0
1894.90  4.40e-16  2.57e-15   244     1     0
1896.58 -3.32e-15  2.56e-15   244   -10     0
1898.25 -1.86e-17  2.56e-15   245     0     0
1899.93 -1.04e-15  2.55e-15   245    -3     0
1901.60  5.73e-15  2.66e-15   245    17     0
1903.28  1.06e-14  2.74e-15   246    32     0
1904.96  3.94e-15  2.61e-15   246    12     0
1906.63 -5.07e-16  2.51e-15   247    -1     0
1908.31 -3.33e-15  2.50e-15   247   -10     0
1909.99  5.57e-16  2.49e-15   248     1     0
1911.66 -1.63e-15  2.53e-15   248    -4     0
1913.34  4.40e-15  2.60e-15   248    13     0
1915.02  4.35e-15  2.63e-15   249    12     0
1916.69  9.77e-16  2.56e-15   249     2     0
1918.37 -1.28e-15  2.67e-15   250    -3     0
1920.04  5.39e-15  2.86e-15   250    16     0
1921.72  2.56e-15  2.80e-15   251     7     0
1923.40  2.14e-15  3.04e-15   251     6     0
1925.07  3.32e-15  2.92e-15   252    10     0
1926.75 -5.70e-16  2.85e-15   252    -1     0
1928.43 -3.15e-15  2.68e-15   253    -9     0
1930.10 -2.60e-15  2.47e-15   253    -7     0
1931.78  5.49e-15  2.51e-15   254    16     0
1933.46  7.60e-15  2.53e-15   254    23     0
1935.13 -1.04e-15  2.41e-15   255    -3     0
1936.81  2.02e-15  2.43e-15   255     6     0
1938.48  1.64e-15  2.40e-15   256     4     0
1940.16  2.19e-15  2.40e-15   256     6     0
1941.84  3.03e-15  2.39e-15   257     9     0
1943.51  4.34e-15  2.41e-15   257    13     0
1945.19  3.84e-15  2.37e-15   258    11     0
1946.87  1.45e-15  2.29e-15   258     4     0
1948.54 -2.13e-15  2.26e-15   259    -6     0
1950.22  5.33e-16  2.28e-15   259     1     0
1951.90 -1.13e-16  2.26e-15   260     0     0
1953.57  1.13e-15  2.26e-15   261     3     0
1955.25  3.04e-15  2.27e-15   261     9     0
1956.93  4.59e-15  2.28e-15   262    14     0
1958.60  8.36e-15  2.34e-15   262    26     0
1960.28  8.91e-15  2.32e-15   263    28     0
1961.95  8.87e-15  2.29e-15   263    28     0
1963.63  9.46e-15  2.29e-15   264    30     0
1965.31  4.76e-15  2.20e-15   264    15     0
1966.98  5.02e-15  2.21e-15   265    15     0
1968.66  2.27e-15  2.14e-15   266     7     0
1970.34  1.32e-15  2.10e-15   266     4     0
1972.01  3.03e-16  2.13e-15   267     0     0
1973.69  4.11e-15  2.17e-15   267    12     0
1975.37  3.07e-15  2.14e-15   268     9     0
1977.04  1.86e-15  2.27e-15   268     5     0
1978.72 -1.60e-15  2.12e-15   269    -4     0
