NOT ORIGINAL IUE PROJECT DATA PRODUCT
SWP45581LOWLARGE
HD  197481
20:42:04
-31:31:05
48
NO-TRAIL
X-OFFSETS
2159.151
09/09/92
11:39:03
253
9.17
30/09/95
GSFC
2448874.98545
0
22
1150.58  3.78e-15  2.09e-13   -15     0     0
1152.26 -9.62e-14  1.96e-13   -14   -14     0
1153.94 -8.78e-15  1.83e-13   -14    -1     0
1155.61  1.42e-14  1.77e-13   -13     2     0
1157.29  1.35e-13  1.65e-13   -13    23     0
1158.97 -6.89e-14  1.51e-13   -12   -13     0
1160.64  2.42e-14  1.39e-13   -12     4     0
1162.32 -1.63e-13  1.72e-13   -11   -35     0
1163.99 -9.60e-14  1.20e-13   -11   -22     0
1165.67  9.38e-14  1.04e-13   -10    25     0
1167.35  9.77e-14  9.65e-14   -10    28     0
1169.02  9.69e-14  9.01e-14   -10    30     0
1170.70  4.25e-14  8.27e-14    -9    14     0
1172.38 -9.35e-15  7.68e-14    -9    -3     0
1174.05  1.01e-13  7.30e-14    -8    38     0
1175.73  1.66e-13  7.27e-14    -8    68     0
1177.41 -4.99e-14  1.18e-13    -7   -21     0
1179.08  1.04e-13  5.95e-14    -7    48     0
1180.76  5.08e-14  5.31e-14    -6    26     0
1182.43  3.89e-14  4.99e-14    -6    21     0
1184.11  5.80e-14  4.75e-14    -5    33     0
1185.79 -5.10e-14  4.58e-14    -5   -30     0
1187.46  8.40e-14  4.34e-14    -4    52     0
1189.14  3.02e-14  4.06e-14    -3    19     0
1190.82  1.86e-14  3.64e-14    -3    13     0
1192.49  2.62e-14  3.66e-14    -2    19     0
1194.17  2.72e-14  3.50e-14    -2    21     0
1195.85  2.69e-14  3.43e-14    -1    22     0
1197.52  4.94e-14  3.44e-14    -1    42     0
1199.20  6.31e-14  3.26e-14     0    56     0
1200.87 -2.02e-15  2.91e-14     0    -1     0
1202.55  6.21e-14  2.76e-14     0    60     0
1204.23  9.75e-14  2.74e-14     0    98     0
1205.90  1.51e-13  2.82e-14     1   159     0
1207.58  3.53e-13  8.09e-14     1   382     0
1209.26  7.53e-13  1.37e-13     2   837     0
1210.93  1.75e-12  2.88e-13     2  2027     0
1212.61  2.39e-12  3.75e-13     3  2840     0
1214.29  2.61e-12  4.02e-13     4  3182     0
1215.96  2.41e-12  3.55e-13     4  3029     0
1217.64  2.11e-12  3.18e-13     5  2713     0
1219.32  1.45e-12  2.51e-13     5  1901     0
1220.99  8.64e-13  1.55e-13     6  1162     0
1222.67  3.21e-13  9.26e-14     6   440     0
1224.34  7.24e-14  1.95e-14     7   101     0
1226.02  3.18e-14  1.71e-14     8    46     0
1227.70  6.39e-15  1.64e-14     8     9     0
1229.37  2.84e-14  1.64e-14     9    42     0
1231.05  2.01e-14  1.58e-14     9    30     0
1232.73 -1.76e-14  1.53e-14    10   -27     0
1234.40  5.31e-15  1.50e-14    11     8     0
1236.08  1.68e-14  1.48e-14    11    27     0
1237.76  2.34e-14  1.47e-14    12    38     0
1239.43  3.05e-14  1.46e-14    12    50     0
1241.11  2.12e-14  1.41e-14    13    36     0
1242.78  2.94e-14  1.40e-14    14    50     0
1244.46 -2.73e-14  1.34e-14    14   -47     0
1246.14  6.58e-15  1.35e-14    15    11     0
1247.81 -3.57e-15  1.32e-14    16    -6     0
1249.49  6.68e-15  1.31e-14    16    11     0
1251.17  1.59e-14  1.27e-14    17    29     0
1252.84  1.66e-14  1.26e-14    17    30     0
1254.52 -5.74e-16  1.22e-14    18    -1     0
1256.20  2.06e-14  1.24e-14    19    38     0
1257.87 -3.24e-15  1.20e-14    19    -6     0
1259.55  2.85e-14  1.23e-14    20    53     0
1261.22  9.93e-15  1.17e-14    21    19     0
1262.90  3.82e-15  1.15e-14    22     7     0
1264.58  1.78e-14  1.23e-14    22    34     0
1266.25  1.07e-14  1.12e-14    23    21     0
1267.93 -1.05e-15  1.10e-14    24    -2     0
1269.61 -1.43e-14  1.09e-14    24   -28     0
1271.28  1.47e-14  1.11e-14    25    29     0
1272.96 -2.00e-14  1.21e-14    26   -40     0
1274.64  1.51e-14  1.10e-14    26    30     0
1276.31 -3.83e-15  1.09e-14    27    -7     0
1277.99  6.13e-15  1.47e-14    28    12     0
1279.67  6.67e-16  1.20e-14    29     1     0
1281.34  1.28e-14  1.07e-14    29    26     0
1283.02  3.67e-14  1.10e-14    30    74     0
1284.69  3.20e-14  1.09e-14    31    65     0
1286.37  1.65e-14  1.10e-14    32    34     0
1288.05 -1.51e-14  1.06e-14    32   -31     0
1289.72  1.32e-14  1.03e-14    33    27     0
1291.40  2.72e-14  1.06e-14    34    56     0
1293.08  3.07e-14  1.05e-14    35    63     0
1294.75  2.90e-14  1.05e-14    35    60     0
1296.43  7.45e-15  9.97e-15    36    15     0
1298.11  1.20e-14  1.02e-14    37    25     0
1299.78  2.27e-14  1.01e-14    38    47     0
1301.46  1.27e-14  1.01e-14    38    26     0
1303.13  3.42e-14  1.04e-14    39    70     0
1304.81 -3.78e-15  9.88e-15    40    -7     0
1306.49  8.34e-15  1.01e-14    41    16     0
1308.16 -9.62e-15  1.68e-14    42   -19     0
1309.84 -2.24e-15  1.10e-14    42    -4     0
1311.52  4.42e-15  9.62e-15    43     9     0
1313.19  8.08e-15  9.69e-15    44    16     0
1314.87 -1.21e-14  1.55e-14    45   -25     0
1316.55 -1.32e-14  1.25e-14    45   -27     0
1318.22  1.50e-14  9.66e-15    46    31     0
1319.90  6.14e-15  9.50e-15    47    12     0
1321.57  6.76e-15  1.01e-14    48    13     0
1323.25 -7.57e-15  9.84e-15    49   -15     0
1324.93 -7.77e-16  1.07e-14    50    -1     0
1326.60 -8.01e-15  1.75e-14    50   -15     0
1328.28  1.04e-14  1.12e-14    51    20     0
1329.96  8.29e-16  1.08e-14    52     1     0
1331.63  2.29e-14  1.05e-14    53    45     0
1333.31  2.39e-14  1.13e-14    54    47     0
1334.99  3.97e-14  1.04e-14    54    78     0
1336.66  2.73e-14  9.85e-15    55    55     0
1338.34  3.23e-14  9.94e-15    56    65     0
1340.01  1.23e-14  9.86e-15    57    24     0
1341.69  1.02e-14  9.83e-15    58    19     0
1343.37 -6.68e-15  1.38e-14    59   -12     0
1345.04  1.04e-14  9.82e-15    59    20     0
1346.72  7.85e-15  1.05e-14    60    15     0
1348.40  1.19e-14  9.77e-15    61    23     0
1350.07  1.16e-15  1.19e-14    62     2     0
1351.75 -2.26e-14  3.58e-14    63   -43     0
1353.43 -1.42e-14  2.03e-14    64   -27     0
1355.10 -2.91e-16  9.64e-15    64     0     0
1356.78  2.50e-14  1.07e-14    65    47     0
1358.46 -9.77e-16  9.68e-15    66    -1     0
1360.13 -7.30e-16  1.26e-14    67    -1     0
1361.81  2.11e-14  1.03e-14    68    38     0
1363.48  1.38e-14  1.02e-14    69    25     0
1365.16  1.82e-14  1.03e-14    69    33     0
1366.84 -2.18e-15  1.05e-14    70    -3     0
1368.51  2.12e-14  1.06e-14    71    38     0
1370.19  8.27e-15  1.01e-14    72    14     0
1371.87  2.67e-14  1.05e-14    73    47     0
1373.54  1.12e-14  1.02e-14    74    19     0
1375.22  3.11e-15  1.00e-14    74     5     0
1376.90  4.55e-15  1.14e-14    75     8     0
1378.57  1.47e-14  1.03e-14    76    25     0
1380.25 -1.70e-15  1.01e-14    77    -2     0
1381.92  5.51e-15  1.79e-14    78     9     0
1383.60  2.67e-14  1.06e-14    79    46     0
1385.28  2.80e-15  1.31e-14    79     4     0
1386.95  3.69e-15  1.02e-14    80     6     0
1388.63 -9.29e-16  1.77e-14    81    -1     0
1390.31  7.59e-15  1.20e-14    82    12     0
1391.98  3.24e-14  1.10e-14    83    53     0
1393.66  1.54e-14  1.07e-14    83    25     0
1395.34  1.72e-15  1.05e-14    84     2     0
1397.01  2.15e-14  1.09e-14    85    34     0
1398.69  2.08e-14  1.09e-14    86    33     0
1400.36  2.91e-14  1.12e-14    87    46     0
1402.04  3.04e-14  1.19e-14    88    48     0
1403.72  2.10e-14  1.80e-14    88    33     0
1405.39  4.66e-15  1.09e-14    89     7     0
1407.07  6.37e-15  1.10e-14    90     9     0
1408.75  2.89e-14  1.21e-14    91    44     0
1410.42 -6.51e-18  1.10e-14    92     0     0
1412.10 -7.10e-15  2.72e-14    92   -10     0
1413.78  1.88e-14  1.14e-14    93    28     0
1415.45  8.39e-15  1.12e-14    94    12     0
1417.13  3.85e-15  1.09e-14    95     5     0
1418.81  1.08e-15  1.24e-14    96     1     0
1420.48  8.35e-16  1.15e-14    96     1     0
1422.16  2.47e-14  1.20e-14    97    34     0
1423.83  1.30e-14  1.18e-14    98    18     0
1425.51 -1.15e-14  1.14e-14    99   -16     0
1427.19 -7.01e-15  1.97e-14    99    -9     0
1428.86 -2.32e-15  1.15e-14   100    -3     0
1430.54  3.00e-15  1.16e-14   101     4     0
1432.22 -1.45e-14  1.19e-14   102   -20     0
1433.89 -1.36e-14  1.16e-14   102   -18     0
1435.57  3.17e-14  1.29e-14   103    43     0
1437.25  6.70e-15  1.20e-14   104     9     0
1438.92  2.10e-14  1.22e-14   105    28     0
1440.60  1.77e-14  2.29e-14   105    24     0
1442.27  1.63e-14  1.24e-14   106    22     0
1443.95  5.68e-15  1.19e-14   107     7     0
1445.63 -4.72e-15  1.19e-14   108    -6     0
1447.30 -7.73e-15  1.19e-14   108   -10     0
1448.98 -3.99e-15  1.23e-14   109    -5     0
1450.66 -3.31e-16  1.17e-14   110     0     0
1452.33  1.56e-14  1.27e-14   110    20     0
1454.01  4.54e-14  1.45e-14   111    60     0
1455.69  5.37e-15  1.18e-14   112     7     0
1457.36 -8.59e-15  1.18e-14   113   -11     0
1459.04  3.16e-14  1.23e-14   113    41     0
1460.71  3.54e-14  1.21e-14   114    47     0
1462.39  4.29e-14  1.52e-14   115    57     0
1464.07  2.95e-14  1.20e-14   115    39     0
1465.74  1.49e-14  1.19e-14   116    19     0
1467.42  5.22e-15  1.17e-14   117     6     0
1469.10 -1.26e-15  1.17e-14   117    -1     0
1470.77  1.94e-14  1.33e-14   118    24     0
1472.45  4.28e-14  1.42e-14   119    54     0
1474.13  2.95e-14  1.42e-14   119    37     0
1475.80  2.91e-14  1.24e-14   120    36     0
1477.48  1.27e-14  1.21e-14   121    15     0
1479.16  1.22e-14  1.21e-14   121    15     0
1480.83  3.23e-15  1.20e-14   122     4     0
1482.51  3.72e-15  1.20e-14   123     4     0
1484.18  5.82e-14  1.36e-14   123    72     0
1485.86  2.05e-14  1.21e-14   124    25     0
1487.54  4.22e-15  1.17e-14   124     5     0
1489.21 -6.26e-15  1.17e-14   125    -7     0
1490.89  9.25e-15  1.21e-14   126    11     0
1492.57  8.78e-17  1.28e-14   126     0     0
1494.24  1.50e-14  1.22e-14   127    18     0
1495.92  3.26e-14  1.27e-14   127    40     0
1497.60  1.14e-14  1.78e-14   128    14     0
1499.27  9.33e-15  1.22e-14   128    11     0
1500.95  1.36e-14  1.18e-14   129    16     0
1502.62  1.88e-14  1.20e-14   130    23     0
1504.30 -1.90e-14  1.32e-14   130   -23     0
1505.98  1.46e-16  1.16e-14   131     0     0
1507.65 -4.32e-15  1.17e-14   131    -5     0
1509.33  1.16e-14  1.18e-14   132    14     0
1511.01  8.03e-15  1.19e-14   132     9     0
1512.68  8.85e-15  1.20e-14   133    10     0
1514.36 -8.19e-15  1.19e-14   133    -9     0
1516.04 -7.76e-16  1.20e-14   134     0     0
1517.71  5.37e-15  1.23e-14   134     6     0
1519.39  1.86e-14  1.24e-14   135    21     0
1521.06  3.59e-14  1.27e-14   135    41     0
1522.74  1.77e-14  1.24e-14   136    20     0
1524.42  1.76e-14  1.24e-14   136    20     0
1526.09  6.22e-15  1.95e-14   137     7     0
1527.77  3.62e-15  1.22e-14   137     4     0
1529.45 -6.40e-15  1.22e-14   138    -7     0
1531.12 -8.77e-15  1.19e-14   138   -10     0
1532.80  2.47e-14  1.24e-14   139    28     0
1534.48  1.73e-14  1.22e-14   139    19     0
1536.15 -1.46e-14  1.18e-14   140   -16     0
1537.83  2.98e-15  1.18e-14   140     3     0
1539.50 -6.32e-15  1.18e-14   141    -7     0
1541.18 -6.80e-15  1.17e-14   141    -7     0
1542.86  2.50e-14  1.21e-14   141    28     0
1544.53  3.45e-14  1.23e-14   142    39     0
1546.21  7.63e-14  1.69e-14   142    87     0
1547.89  5.96e-14  2.29e-14   143    68     0
1549.56  6.43e-14  1.85e-14   143    73     0
1551.24  1.96e-14  1.20e-14   143    22     0
1552.92  1.24e-14  1.18e-14   144    14     0
1554.59  1.07e-14  1.21e-14   144    12     0
1556.27  7.26e-15  1.15e-14   145     8     0
1557.95  2.46e-14  1.18e-14   145    28     0
1559.62  1.75e-14  1.16e-14   145    20     0
1561.30  8.18e-15  1.15e-14   146     9     0
1562.97  1.42e-14  1.17e-14   146    16     0
1564.65  2.12e-14  1.17e-14   146    24     0
1566.33 -2.37e-14  1.13e-14   147   -28     0
1568.00  1.85e-15  1.10e-14   147     2     0
1569.68 -6.01e-15  1.09e-14   148    -7     0
1571.36 -8.13e-15  1.11e-14   148    -9     0
1573.03  7.99e-16  1.14e-14   148     0     0
1574.71  2.72e-16  1.11e-14   149     0     0
1576.39  1.17e-14  1.14e-14   149    13     0
1578.06  1.92e-14  1.17e-14   149    22     0
1579.74  6.61e-16  1.11e-14   149     0     0
1581.41 -4.08e-15  1.11e-14   150    -4     0
1583.09 -5.78e-15  1.08e-14   150    -6     0
1584.77  7.72e-15  1.09e-14   150     9     0
1586.44  1.39e-14  1.08e-14   151    16     0
1588.12  9.86e-15  1.07e-14   151    11     0
1589.80  5.69e-16  1.06e-14   151     0     0
1591.47 -1.53e-14  1.07e-14   152   -17     0
1593.15 -6.78e-15  1.06e-14   152    -7     0
1594.83 -1.11e-14  1.06e-14   152   -13     0
1596.50  1.20e-14  1.11e-14   152    14     0
1598.18  4.77e-15  1.62e-14   153     5     0
1599.85  1.36e-14  1.05e-14   153    16     0
1601.53 -1.48e-14  1.02e-14   153   -17     0
1603.21  1.99e-14  1.29e-14   153    24     0
1604.88  1.50e-14  1.03e-14   154    18     0
1606.56 -1.79e-16  1.03e-14   154     0     0
1608.24  1.86e-14  1.05e-14   154    22     0
1609.91  1.31e-14  1.04e-14   154    15     0
1611.59  1.40e-15  1.00e-14   155     1     0
1613.27  1.52e-14  1.02e-14   155    18     0
1614.94  1.03e-15  1.12e-14   155     1     0
1616.62  9.77e-15  1.01e-14   155    11     0
1618.30  2.52e-14  1.03e-14   156    30     0
1619.97 -1.37e-14  9.85e-15   156   -16     0
1621.65 -2.80e-14  9.65e-15   156   -34     0
1623.32 -8.77e-15  9.60e-15   156   -10     0
1625.00 -1.85e-14  9.38e-15   156   -23     0
1626.68 -1.13e-14  1.11e-14   157   -14     0
1628.35  2.53e-14  9.74e-15   157    31     0
1630.03  2.82e-14  1.01e-14   157    34     0
1631.71  1.66e-14  9.82e-15   157    20     0
1633.38  1.28e-14  9.70e-15   158    15     0
1635.06 -1.70e-16  9.35e-15   158     0     0
1636.74  2.16e-14  9.59e-15   158    27     0
1638.41  3.54e-14  1.85e-14   158    44     0
1640.09  4.24e-14  1.46e-14   158    53     0
1641.76  3.68e-14  1.09e-14   158    46     0
1643.44  3.77e-15  9.37e-15   159     4     0
1645.12  9.07e-15  9.11e-15   159    11     0
1646.79  2.64e-15  8.91e-15   159     3     0
1648.47  1.12e-15  8.86e-15   159     1     0
1650.15  3.17e-15  8.88e-15   159     4     0
1651.82  1.70e-15  8.82e-15   160     2     0
1653.50  6.67e-15  1.20e-14   160     8     0
1655.18  2.51e-14  9.08e-15   160    32     0
1656.85  2.31e-14  8.98e-15   160    30     0
1658.53  2.57e-14  8.95e-15   160    33     0
1660.20  2.00e-14  8.98e-15   160    26     0
1661.88  6.19e-15  8.92e-15   161     8     0
1663.56  3.18e-15  8.77e-15   161     4     0
1665.23  3.26e-14  9.43e-15   161    42     0
1666.91  2.27e-14  9.33e-15   161    29     0
1668.59  4.49e-15  8.32e-15   161     5     0
1670.26  9.92e-15  8.36e-15   161    13     0
1671.94  1.81e-14  8.30e-15   162    24     0
1673.62  8.41e-15  8.06e-15   162    11     0
1675.29  6.62e-15  7.83e-15   162     9     0
1676.97  1.67e-14  7.97e-15   162    23     0
1678.65  2.13e-14  7.99e-15   162    29     0
1680.32  1.52e-14  7.93e-15   163    21     0
1682.00  5.03e-15  7.66e-15   163     7     0
1683.67 -7.03e-15  7.56e-15   163    -9     0
1685.35  1.54e-14  7.86e-15   163    21     0
1687.03  1.64e-14  7.83e-15   163    23     0
1688.70 -3.39e-15  7.47e-15   163    -4     0
1690.38 -8.92e-15  7.90e-15   164   -12     0
1692.06  1.14e-14  7.47e-15   164    16     0
1693.73  2.39e-15  8.76e-15   164     3     0
1695.41  1.09e-14  7.85e-15   164    15     0
1697.09  2.22e-14  7.50e-15   164    32     0
1698.76  2.10e-14  7.41e-15   164    30     0
1700.44  1.68e-14  7.21e-15   165    25     0
1702.11  1.23e-14  1.07e-14   165    18     0
1703.79 -6.70e-15  6.81e-15   165   -10     0
1705.47 -2.05e-15  6.90e-15   165    -3     0
1707.14  3.26e-15  6.81e-15   165     4     0
1708.82 -2.30e-15  6.73e-15   166    -3     0
1710.50 -4.95e-15  6.71e-15   166    -7     0
1712.17 -4.67e-15  6.65e-15   166    -7     0
1713.85  1.15e-14  6.80e-15   166    17     0
1715.53  1.60e-14  6.86e-15   166    24     0
1717.20  1.62e-15  6.52e-15   166     2     0
1718.88 -5.03e-15  6.58e-15   167    -7     0
1720.55  1.31e-14  6.42e-15   167    20     0
1722.23 -8.34e-15  6.17e-15   167   -13     0
1723.91 -1.53e-16  6.11e-15   167     0     0
1725.58  9.81e-15  6.41e-15   168    15     0
1727.26  1.74e-14  6.52e-15   168    27     0
1728.94 -2.19e-15  6.15e-15   168    -3     0
1730.61  2.72e-15  6.13e-15   168     4     0
1732.29 -1.35e-14  6.06e-15   168   -21     0
1733.97 -9.93e-15  6.01e-15   169   -16     0
1735.64  1.07e-14  6.11e-15   169    17     0
1737.32  1.13e-14  6.07e-15   169    18     0
1738.99  8.88e-15  5.99e-15   169    14     0
1740.67  6.00e-15  5.71e-15   170    10     0
1742.35 -9.64e-16  5.60e-15   170    -1     0
1744.02  5.81e-15  5.64e-15   170     9     0
1745.70 -5.72e-15  5.58e-15   170    -9     0
1747.38 -4.78e-15  5.53e-15   171    -8     0
1749.05  3.67e-15  5.51e-15   171     6     0
1750.73  1.77e-14  1.02e-14   171    30     0
1752.41  1.41e-14  6.33e-15   171    24     0
1754.08  3.09e-15  5.32e-15   172     5     0
1755.76  7.51e-15  5.44e-15   172    13     0
1757.44  5.33e-15  5.58e-15   172     9     0
1759.11 -3.09e-15  5.26e-15   172    -5     0
1760.79  8.49e-15  5.35e-15   173    14     0
1762.46  2.74e-15  5.42e-15   173     4     0
1764.14 -6.10e-15  5.16e-15   173   -10     0
1765.82 -4.56e-15  5.08e-15   174    -8     0
1767.49  4.75e-15  5.09e-15   174     8     0
1769.17  1.06e-14  5.16e-15   174    19     0
1770.85  1.86e-15  4.92e-15   175     3     0
1772.52 -4.47e-15  5.01e-15   175    -8     0
1774.20 -1.42e-14  4.85e-15   175   -26     0
1775.88 -1.73e-15  5.30e-15   176    -3     0
1777.55  7.45e-15  6.73e-15   176    13     0
1779.23 -2.09e-15  5.03e-15   176    -3     0
1780.90 -4.70e-15  5.63e-15   177    -8     0
1782.58 -7.18e-15  4.72e-15   177   -13     0
1784.26 -1.02e-14  4.69e-15   177   -19     0
1785.93 -9.88e-16  4.56e-15   178    -1     0
1787.61  2.28e-15  4.55e-15   178     4     0
1789.29  7.13e-15  4.85e-15   178    13     0
1790.96  1.05e-14  5.21e-15   179    20     0
1792.64  8.07e-15  5.49e-15   179    15     0
1794.32  8.20e-16  5.22e-15   179     1     0
1795.99  1.76e-15  5.09e-15   180     3     0
1797.67 -6.44e-15  4.80e-15   180   -12     0
1799.34 -7.57e-15  4.45e-15   181   -14     0
1801.02 -8.28e-16  4.39e-15   181    -1     0
1802.70  2.41e-15  4.38e-15   181     4     0
1804.37 -2.82e-15  4.34e-15   182    -5     0
1806.05  7.38e-15  4.50e-15   182    14     0
1807.73  1.62e-14  4.69e-15   183    31     0
1809.40  5.47e-15  4.42e-15   183    10     0
1811.08 -2.32e-15  4.31e-15   184    -4     0
1812.76 -1.44e-15  4.29e-15   184    -2     0
1814.43  3.28e-15  4.31e-15   184     6     0
1816.11  6.48e-15  4.35e-15   185    12     0
1817.79  1.58e-14  4.51e-15   185    31     0
1819.46  1.53e-14  4.47e-15   186    30     0
1821.14  7.15e-15  4.33e-15   186    13     0
1822.81 -5.81e-15  4.20e-15   187   -11     0
1824.49 -3.63e-15  4.19e-15   187    -7     0
1826.17 -3.35e-15  4.24e-15   188    -6     0
1827.84 -6.43e-15  4.22e-15   188   -12     0
1829.52 -1.26e-14  4.21e-15   189   -24     0
1831.20 -9.70e-15  4.06e-15   189   -19     0
1832.87  1.42e-15  4.05e-15   190     2     0
1834.55  2.98e-16  4.04e-15   190     0     0
1836.23  3.35e-15  4.12e-15   191     6     0
1837.90  4.25e-15  4.06e-15   191     8     0
1839.58  4.05e-15  4.91e-15   192     8     0
1841.25  4.04e-15  4.13e-15   192     7     0
1842.93 -8.62e-15  4.02e-15   193   -17     0
1844.61 -3.40e-15  4.01e-15   193    -6     0
1846.28 -9.46e-15  3.90e-15   194   -19     0
1847.96 -5.29e-15  3.89e-15   194   -10     0
1849.64  4.63e-15  5.44e-15   195     9     0
1851.31  5.37e-15  4.31e-15   195    10     0
1852.99  2.94e-15  4.02e-15   196     5     0
1854.67  1.00e-14  4.12e-15   196    19     0
1856.34  9.78e-15  4.08e-15   197    19     0
1858.02  2.73e-15  3.95e-15   197     5     0
1859.69 -3.47e-15  3.91e-15   198    -6     0
1861.37 -5.47e-15  3.87e-15   198   -10     0
1863.05 -3.74e-15  3.86e-15   199    -7     0
1864.72 -6.53e-15  3.85e-15   200   -12     0
1866.40 -7.00e-15  3.89e-15   200   -13     0
1868.08 -5.54e-15  3.89e-15   201   -10     0
1869.75  2.99e-15  4.05e-15   201     5     0
1871.43  5.81e-15  4.22e-15   202    11     0
1873.11  8.69e-15  4.08e-15   202    16     0
1874.78  5.77e-15  4.00e-15   203    11     0
1876.46  5.85e-15  3.97e-15   203    11     0
1878.14  1.75e-15  3.97e-15   204     3     0
1879.81  2.18e-15  3.89e-15   205     4     0
1881.49 -1.60e-16  3.87e-15   205     0     0
1883.16  2.59e-15  3.88e-15   206     4     0
1884.84 -6.60e-15  3.85e-15   206   -12     0
1886.52 -1.30e-14  3.86e-15   207   -24     0
1888.19 -6.10e-15  3.86e-15   207   -11     0
1889.87 -6.85e-15  3.85e-15   208   -12     0
1891.55 -4.96e-15  3.82e-15   209    -9     0
1893.22  4.65e-15  3.90e-15   209     8     0
1894.90  1.09e-14  4.00e-15   210    20     0
1896.58  5.31e-15  3.88e-15   210    10     0
1898.25  1.92e-15  3.79e-15   211     3     0
1899.93  3.94e-15  3.84e-15   211     7     0
1901.60  7.78e-15  3.91e-15   212    14     0
1903.28  5.55e-15  3.86e-15   212    10     0
1904.96 -1.99e-15  3.77e-15   213    -3     0
1906.63 -8.07e-15  3.71e-15   214   -15     0
1908.31 -1.07e-14  3.70e-15   214   -20     0
1909.99 -7.84e-15  3.69e-15   215   -14     0
1911.66 -2.08e-15  3.75e-15   215    -3     0
1913.34 -1.29e-15  3.74e-15   216    -2     0
1915.02 -5.92e-15  3.80e-15   216   -10     0
1916.69 -2.82e-15  3.78e-15   217    -5     0
1918.37 -3.65e-17  3.85e-15   217     0     0
1920.04  5.61e-15  4.64e-15   218    10     0
1921.72  2.18e-15  4.75e-15   218     3     0
1923.40 -3.30e-15  4.17e-15   219    -6     0
1925.07 -3.64e-15  4.35e-15   219    -6     0
1926.75 -2.82e-15  4.20e-15   220    -5     0
1928.43 -6.75e-15  3.95e-15   220   -12     0
1930.10 -6.30e-15  3.92e-15   220   -11     0
1931.78 -7.07e-15  3.62e-15   221   -13     0
1933.46 -5.28e-15  3.52e-15   221    -9     0
1935.13 -9.51e-15  3.54e-15   222   -17     0
1936.81 -5.82e-15  3.52e-15   222   -10     0
1938.48 -5.90e-15  3.49e-15   223   -10     0
1940.16 -8.72e-16  3.48e-15   223    -1     0
1941.84  5.90e-16  3.45e-15   223     1     0
1943.51  2.47e-15  3.54e-15   224     4     0
1945.19  6.10e-15  4.04e-15   224    11     0
1946.87  1.19e-15  3.33e-15   224     2     0
1948.54 -3.03e-15  3.30e-15   225    -5     0
1950.22  4.17e-15  3.40e-15   225     7     0
1951.90 -6.85e-15  3.29e-15   225   -12     0
1953.57 -4.45e-15  3.26e-15   225    -8     0
1955.25  1.39e-15  3.20e-15   226     2     0
1956.93  6.44e-15  3.30e-15   226    12     0
1958.60  1.07e-14  3.35e-15   226    20     0
1960.28  7.52e-15  3.22e-15   226    14     0
1961.95  5.91e-17  3.06e-15   227     0     0
1963.63  1.46e-15  3.03e-15   227     2     0
1965.31  4.37e-16  3.03e-15   227     0     0
1966.98 -3.37e-16  3.01e-15   227     0     0
1968.66 -4.86e-16  3.00e-15   227     0     0
1970.34 -1.77e-15  2.96e-15   227    -3     0
1972.01 -5.07e-15  2.95e-15   227    -9     0
1973.69  8.64e-16  2.95e-15   227     1     0
1975.37  7.11e-15  3.06e-15   227    13     0
1977.04  1.05e-14  3.13e-15   227    19     0
1978.72  3.76e-15  3.00e-15   227     7     0
