NOT ORIGINAL IUE PROJECT DATA PRODUCT
SWP45580LOWLARGE
HD  197481
20:42:04
-31:31:05
48
NO-TRAIL
X-OFFSETS
2159.151
09/09/92
10:03:11
253
10.18
30/09/95
GSFC
2448874.91888
0
21
1150.58 -1.37e-13  2.04e-13   -65   -19     0
1152.26  3.08e-14  1.92e-13   -65     4     0
1153.94 -7.37e-14  1.79e-13   -64   -11     0
1155.61  3.98e-14  1.73e-13   -64     6     0
1157.29  9.01e-14  1.61e-13   -63    15     0
1158.97 -3.94e-14  1.48e-13   -62    -7     0
1160.64  8.44e-14  1.37e-13   -62    17     0
1162.32 -9.78e-14  1.69e-13   -61   -21     0
1163.99  5.78e-14  1.18e-13   -60    13     0
1165.67  3.17e-14  1.01e-13   -60     8     0
1167.35  7.98e-14  9.41e-14   -59    23     0
1169.02  1.66e-14  8.69e-14   -58     5     0
1170.70 -2.12e-14  8.04e-14   -58    -7     0
1172.38 -6.97e-14  7.50e-14   -57   -24     0
1174.05  6.58e-14  7.08e-14   -56    25     0
1175.73  1.02e-13  6.60e-14   -56    41     0
1177.41 -7.10e-14  1.32e-13   -55   -31     0
1179.08  2.75e-14  5.71e-14   -54    12     0
1180.76  3.22e-14  5.16e-14   -54    16     0
1182.43 -4.31e-14  4.83e-14   -53   -23     0
1184.11  4.15e-14  4.61e-14   -52    23     0
1185.79 -8.85e-14  4.61e-14   -52   -52     0
1187.46  7.47e-14  4.24e-14   -51    46     0
1189.14  7.79e-15  3.99e-14   -50     5     0
1190.82  2.40e-14  3.57e-14   -49    17     0
1192.49  4.02e-15  3.55e-14   -49     3     0
1194.17  2.42e-16  3.48e-14   -48     0     0
1195.85  7.47e-15  3.42e-14   -47     6     0
1197.52  3.43e-14  3.35e-14   -46    29     0
1199.20  3.55e-14  3.07e-14   -46    31     0
1200.87 -1.87e-14  2.84e-14   -45   -17     0
1202.55  2.84e-14  2.65e-14   -44    27     0
1204.23  6.10e-14  2.55e-14   -43    61     0
1205.90  7.10e-14  2.46e-14   -42    74     0
1207.58  2.33e-13  5.26e-14   -42   250     0
1209.26  4.74e-13  1.05e-13   -41   524     0
1210.93  9.49e-13  1.59e-13   -40  1093     0
1212.61  1.31e-12  2.07e-13   -39  1545     0
1214.29  1.53e-12  2.37e-13   -38  1853     0
1215.96  1.50e-12  2.19e-13   -37  1872     0
1217.64  1.25e-12  2.02e-13   -37  1602     0
1219.32  9.09e-13  1.57e-13   -36  1189     0
1220.99  4.66e-13  9.39e-14   -35   624     0
1222.67  1.68e-13  4.23e-14   -34   229     0
1224.34  2.63e-14  1.73e-14   -33    36     0
1226.02  2.29e-14  1.66e-14   -32    33     0
1227.70  3.41e-14  1.65e-14   -31    50     0
1229.37  3.78e-14  1.62e-14   -31    56     0
1231.05  2.50e-14  1.56e-14   -30    38     0
1232.73  1.92e-14  1.52e-14   -29    29     0
1234.40  2.10e-14  1.49e-14   -28    33     0
1236.08  3.67e-15  1.43e-14   -27     5     0
1237.76  1.41e-14  1.42e-14   -26    23     0
1239.43  2.08e-14  1.41e-14   -25    34     0
1241.11  2.70e-14  1.39e-14   -24    45     0
1242.78  1.95e-14  1.35e-14   -23    33     0
1244.46 -4.57e-15  1.31e-14   -23    -7     0
1246.14  2.89e-14  1.35e-14   -22    49     0
1247.81  1.00e-14  1.31e-14   -21    17     0
1249.49  1.40e-14  1.30e-14   -20    24     0
1251.17  9.22e-15  1.23e-14   -19    16     0
1252.84  8.26e-15  1.22e-14   -18    15     0
1254.52  3.07e-14  1.24e-14   -17    56     0
1256.20  1.46e-14  1.21e-14   -16    27     0
1257.87  1.05e-14  1.18e-14   -15    19     0
1259.55  4.46e-15  1.37e-14   -14     8     0
1261.22  3.83e-15  1.14e-14   -13     7     0
1262.90  4.45e-15  1.13e-14   -12     8     0
1264.58  1.58e-14  1.14e-14   -11    30     0
1266.25  1.47e-14  1.10e-14   -10    29     0
1267.93  1.25e-14  1.09e-14    -9    25     0
1269.61  1.21e-15  1.06e-14    -8     2     0
1271.28  1.46e-14  1.09e-14    -7    29     0
1272.96 -4.45e-15  1.13e-14    -7    -8     0
1274.64  6.68e-15  1.06e-14    -6    13     0
1276.31 -1.84e-15  1.07e-14    -5    -3     0
1277.99 -4.92e-16  1.06e-14    -4     0     0
1279.67  5.00e-15  1.06e-14    -3     9     0
1281.34  1.49e-14  1.05e-14    -2    30     0
1283.02  2.93e-14  1.07e-14    -1    59     0
1284.69  2.35e-14  1.05e-14     0    47     0
1286.37  2.89e-14  1.05e-14     0    59     0
1288.05  6.34e-15  1.01e-14     1    13     0
1289.72  1.24e-14  1.01e-14     2    25     0
1291.40  2.47e-14  1.03e-14     3    50     0
1293.08  1.61e-14  1.01e-14     4    33     0
1294.75  2.24e-14  1.01e-14     5    46     0
1296.43  1.41e-14  9.85e-15     6    29     0
1298.11  9.71e-15  9.76e-15     7    20     0
1299.78  8.54e-16  9.59e-15     8     1     0
1301.46  2.29e-14  1.01e-14     9    47     0
1303.13  2.33e-14  1.01e-14    10    47     0
1304.81  2.78e-14  1.01e-14    11    57     0
1306.49  2.96e-15  1.30e-14    12     5     0
1308.16 -2.02e-15  2.25e-14    13    -4     0
1309.84 -1.19e-15  9.73e-15    14    -2     0
1311.52 -1.55e-15  9.36e-15    15    -3     0
1313.19 -8.05e-15  9.35e-15    16   -16     0
1314.87 -5.79e-15  9.33e-15    17   -12     0
1316.55 -7.03e-15  9.29e-15    18   -14     0
1318.22  1.40e-14  9.50e-15    19    29     0
1319.90 -4.69e-15  9.26e-15    20    -9     0
1321.57  9.57e-15  9.79e-15    21    19     0
1323.25 -2.23e-14  1.06e-14    22   -44     0
1324.93  1.23e-14  1.02e-14    23    24     0
1326.60  2.96e-15  1.06e-14    24     5     0
1328.28  9.21e-15  1.10e-14    25    18     0
1329.96 -7.00e-16  1.03e-14    26    -1     0
1331.63  6.28e-15  1.01e-14    27    12     0
1333.31  3.21e-15  9.54e-15    28     6     0
1334.99  2.70e-14  9.96e-15    29    53     0
1336.66  1.67e-14  9.45e-15    30    33     0
1338.34  2.93e-14  9.72e-15    31    59     0
1340.01  2.08e-14  9.85e-15    32    40     0
1341.69 -2.29e-15  9.51e-15    33    -4     0
1343.37 -1.01e-14  9.54e-15    34   -19     0
1345.04  4.46e-15  9.45e-15    35     8     0
1346.72 -3.34e-15  9.41e-15    36    -6     0
1348.40  2.49e-15  9.43e-15    37     4     0
1350.07  2.47e-15  9.89e-15    38     4     0
1351.75 -2.63e-14  3.54e-14    39   -50     0
1353.43 -1.17e-14  1.15e-14    40   -22     0
1355.10 -1.07e-14  9.44e-15    41   -20     0
1356.78  9.91e-15  9.68e-15    42    18     0
1358.46 -1.28e-14  9.48e-15    43   -24     0
1360.13 -1.93e-15  9.73e-15    44    -3     0
1361.81  9.61e-15  9.90e-15    45    17     0
1363.48  3.22e-15  9.78e-15    46     5     0
1365.16 -7.10e-15  9.78e-15    47   -12     0
1366.84  1.47e-15  9.81e-15    48     2     0
1368.51  1.19e-14  1.00e-14    49    21     0
1370.19  1.35e-15  9.78e-15    50     2     0
1371.87 -5.88e-15  9.81e-15    50   -10     0
1373.54 -1.10e-14  9.84e-15    51   -19     0
1375.22  7.64e-15  9.89e-15    52    13     0
1376.90 -1.43e-15  9.90e-15    53    -2     0
1378.57  3.02e-15  9.90e-15    54     5     0
1380.25  3.49e-15  9.92e-15    55     6     0
1381.92 -2.02e-14  1.76e-14    56   -34     0
1383.60  9.66e-15  1.01e-14    57    16     0
1385.28 -1.16e-14  9.94e-15    58   -19     0
1386.95 -1.55e-14  9.98e-15    59   -26     0
1388.63 -2.53e-14  1.17e-14    60   -42     0
1390.31 -1.32e-15  1.02e-14    61    -2     0
1391.98 -6.69e-16  1.02e-14    62    -1     0
1393.66  1.68e-14  1.05e-14    63    27     0
1395.34  1.80e-14  1.06e-14    63    29     0
1397.01  1.40e-14  1.08e-14    64    22     0
1398.69  2.53e-14  1.08e-14    65    40     0
1400.36  1.42e-14  1.06e-14    66    22     0
1402.04  1.41e-14  1.07e-14    67    22     0
1403.72  1.63e-15  1.10e-14    68     2     0
1405.39  7.87e-15  1.08e-14    69    12     0
1407.07  3.02e-15  1.07e-14    70     4     0
1408.75  1.53e-14  1.10e-14    71    23     0
1410.42  2.30e-15  1.08e-14    71     3     0
1412.10 -1.84e-14  2.17e-14    72   -27     0
1413.78  7.35e-15  1.09e-14    73    10     0
1415.45  9.86e-15  1.07e-14    74    15     0
1417.13 -3.95e-15  1.07e-14    75    -5     0
1418.81 -8.79e-15  1.07e-14    76   -13     0
1420.48 -1.09e-14  1.13e-14    77   -15     0
1422.16  1.26e-14  1.15e-14    77    17     0
1423.83  8.19e-15  1.15e-14    78    11     0
1425.51 -4.25e-15  1.12e-14    79    -6     0
1427.19 -6.59e-15  1.79e-14    80    -9     0
1428.86  8.16e-15  1.14e-14    81    11     0
1430.54 -7.67e-15  1.13e-14    82   -10     0
1432.22 -1.46e-15  1.14e-14    82    -2     0
1433.89 -4.01e-15  1.14e-14    83    -5     0
1435.57  7.33e-15  1.16e-14    84     9     0
1437.25 -1.10e-14  1.16e-14    85   -14     0
1438.92  6.76e-15  1.43e-14    86     9     0
1440.60 -6.43e-15  1.15e-14    86    -8     0
1442.27 -7.62e-15  1.15e-14    87   -10     0
1443.95  2.19e-15  1.15e-14    88     2     0
1445.63 -1.22e-14  1.16e-14    89   -16     0
1447.30 -1.25e-14  1.16e-14    89   -16     0
1448.98 -3.53e-15  1.16e-14    90    -4     0
1450.66 -8.22e-15  1.15e-14    91   -10     0
1452.33  3.99e-15  1.15e-14    92     5     0
1454.01  1.66e-14  1.18e-14    92    21     0
1455.69 -6.85e-15  1.16e-14    93    -8     0
1457.36  1.21e-14  1.17e-14    94    15     0
1459.04  2.71e-14  1.20e-14    95    35     0
1460.71  1.04e-14  1.19e-14    95    13     0
1462.39  5.36e-15  1.14e-14    96     7     0
1464.07 -1.07e-14  1.13e-14    97   -14     0
1465.74 -4.01e-16  1.15e-14    97     0     0
1467.42  1.63e-14  1.17e-14    98    21     0
1469.10  1.88e-14  1.17e-14    99    24     0
1470.77 -8.93e-15  1.17e-14   100   -11     0
1472.45 -3.54e-15  1.17e-14   100    -4     0
1474.13 -1.31e-14  1.17e-14   101   -16     0
1475.80 -2.34e-15  1.17e-14   102    -2     0
1477.48  7.43e-15  1.17e-14   102     9     0
1479.16 -1.21e-14  1.45e-14   103   -15     0
1480.83  9.90e-15  1.19e-14   103    12     0
1482.51 -1.78e-15  1.17e-14   104    -2     0
1484.18  2.30e-15  1.17e-14   105     2     0
1485.86 -2.53e-14  1.20e-14   105   -31     0
1487.54 -8.57e-15  1.15e-14   106   -10     0
1489.21 -8.69e-15  1.15e-14   107   -10     0
1490.89  1.61e-14  1.20e-14   107    19     0
1492.57 -4.19e-15  1.17e-14   108    -5     0
1494.24  7.65e-15  1.18e-14   108     9     0
1495.92 -9.02e-15  1.15e-14   109   -11     0
1497.60 -2.09e-14  1.15e-14   110   -25     0
1499.27  6.07e-15  1.15e-14   110     7     0
1500.95  3.04e-15  1.14e-14   111     3     0
1502.62 -6.81e-15  1.14e-14   111    -8     0
1504.30 -2.00e-14  1.14e-14   112   -24     0
1505.98 -1.87e-14  1.14e-14   113   -22     0
1507.65 -1.23e-14  1.14e-14   113   -15     0
1509.33  3.29e-15  1.14e-14   114     3     0
1511.01  1.07e-14  1.18e-14   114    12     0
1512.68 -7.38e-15  1.16e-14   115    -8     0
1514.36  9.04e-15  1.18e-14   115    10     0
1516.04  3.20e-15  1.18e-14   116     3     0
1517.71 -2.51e-15  1.18e-14   116    -2     0
1519.39 -5.02e-15  1.18e-14   117    -5     0
1521.06 -1.17e-14  1.19e-14   117   -13     0
1522.74 -1.26e-14  1.19e-14   118   -14     0
1524.42 -6.30e-15  1.19e-14   118    -7     0
1526.09 -5.37e-15  1.23e-14   119    -6     0
1527.77  3.42e-15  1.19e-14   119     3     0
1529.45  3.28e-15  1.19e-14   120     3     0
1531.12  2.58e-15  1.17e-14   120     2     0
1532.80  6.70e-15  1.17e-14   121     7     0
1534.48  5.62e-15  1.17e-14   121     6     0
1536.15  1.27e-14  1.17e-14   122    14     0
1537.83 -1.25e-14  1.15e-14   122   -14     0
1539.50  5.11e-15  1.15e-14   123     5     0
1541.18  3.60e-14  1.21e-14   123    41     0
1542.86  7.12e-15  1.15e-14   123     8     0
1544.53  1.76e-14  1.17e-14   124    20     0
1546.21  2.97e-14  1.20e-14   124    33     0
1547.89  7.53e-14  1.29e-14   125    85     0
1549.56  7.69e-14  1.35e-14   125    87     0
1551.24  6.85e-14  2.10e-14   125    77     0
1552.92  8.55e-15  1.14e-14   126     9     0
1554.59  9.34e-16  1.13e-14   126     1     0
1556.27 -3.64e-15  1.11e-14   127    -4     0
1557.95  5.92e-15  1.12e-14   127     6     0
1559.62  2.30e-14  1.14e-14   127    26     0
1561.30  4.45e-15  1.12e-14   128     5     0
1562.97 -7.07e-17  1.11e-14   128     0     0
1564.65 -4.69e-15  1.10e-14   128    -5     0
1566.33  1.73e-14  1.09e-14   129    20     0
1568.00  2.54e-14  1.10e-14   129    30     0
1569.68  2.66e-15  1.06e-14   130     3     0
1571.36 -1.03e-14  1.08e-14   130   -11     0
1573.03  1.59e-15  1.08e-14   130     1     0
1574.71  6.55e-15  1.08e-14   130     7     0
1576.39  1.39e-14  1.11e-14   131    15     0
1578.06  2.71e-14  1.13e-14   131    30     0
1579.74 -2.45e-15  1.08e-14   131    -2     0
1581.41 -9.54e-15  1.06e-14   132   -11     0
1583.09 -3.30e-14  1.25e-14   132   -38     0
1584.77 -9.08e-15  1.06e-14   132   -10     0
1586.44 -5.40e-15  1.03e-14   133    -6     0
1588.12 -2.05e-15  1.03e-14   133    -2     0
1589.80  7.29e-15  1.04e-14   133     8     0
1591.47  3.78e-15  1.04e-14   133     4     0
1593.15 -5.21e-15  1.03e-14   134    -6     0
1594.83 -5.42e-15  1.03e-14   134    -6     0
1596.50  2.34e-14  1.05e-14   134    27     0
1598.18  1.13e-14  1.02e-14   134    13     0
1599.85  1.54e-14  1.02e-14   135    18     0
1601.53 -1.89e-14  9.91e-15   135   -22     0
1603.21  1.32e-14  1.00e-14   135    15     0
1604.88 -1.07e-14  9.81e-15   135   -12     0
1606.56 -9.37e-15  9.96e-15   136   -11     0
1608.24  1.22e-14  1.01e-14   136    14     0
1609.91  1.72e-15  9.86e-15   136     2     0
1611.59 -3.37e-15  9.75e-15   136    -4     0
1613.27  1.93e-14  9.97e-15   137    23     0
1614.94  1.61e-14  9.84e-15   137    19     0
1616.62  1.05e-14  9.84e-15   137    12     0
1618.30  2.10e-14  1.00e-14   137    25     0
1619.97 -1.76e-14  9.56e-15   137   -21     0
1621.65 -8.53e-15  9.36e-15   138   -10     0
1623.32  8.59e-15  9.45e-15   138    10     0
1625.00 -1.25e-14  9.10e-15   138   -15     0
1626.68 -1.60e-14  9.04e-15   138   -20     0
1628.35 -8.62e-15  9.68e-15   138   -10     0
1630.03  8.63e-15  9.45e-15   138    10     0
1631.71  1.79e-14  9.57e-15   139    21     0
1633.38 -5.92e-15  9.23e-15   139    -7     0
1635.06 -2.90e-15  8.99e-15   139    -3     0
1636.74  6.14e-15  8.99e-15   139     7     0
1638.41  3.30e-14  9.47e-15   139    41     0
1640.09  4.32e-14  1.20e-14   139    54     0
1641.76  3.50e-14  1.52e-14   140    43     0
1643.44  1.65e-14  1.04e-14   140    20     0
1645.12  2.61e-15  8.68e-15   140     3     0
1646.79  5.97e-15  8.71e-15   140     7     0
1648.47  1.42e-15  8.56e-15   140     1     0
1650.15  1.32e-14  8.81e-15   140    16     0
1651.82  2.38e-15  8.52e-15   140     3     0
1653.50 -1.16e-14  8.46e-15   140   -14     0
1655.18  2.01e-14  8.70e-15   141    25     0
1656.85  7.12e-15  8.44e-15   141     9     0
1658.53  6.91e-15  8.49e-15   141     8     0
1660.20  1.15e-14  8.36e-15   141    15     0
1661.88  5.47e-15  8.60e-15   141     7     0
1663.56  4.77e-15  8.82e-15   141     6     0
1665.23  1.55e-14  8.74e-15   141    20     0
1666.91  1.13e-15  8.04e-15   141     1     0
1668.59  2.71e-15  7.97e-15   141     3     0
1670.26  1.78e-14  8.05e-15   142    23     0
1671.94  2.49e-14  8.19e-15   142    33     0
1673.62  2.00e-14  8.33e-15   142    27     0
1675.29  1.56e-14  7.72e-15   142    21     0
1676.97 -9.17e-16  7.38e-15   142    -1     0
1678.65  7.40e-15  7.39e-15   142    10     0
1680.32 -6.24e-15  7.39e-15   142    -8     0
1682.00 -1.73e-14  7.40e-15   142   -24     0
1683.67 -2.99e-15  7.26e-15   142    -4     0
1685.35  9.35e-15  7.42e-15   142    12     0
1687.03  5.59e-15  7.29e-15   142     7     0
1688.70  1.18e-14  7.93e-15   142    16     0
1690.38  1.89e-15  7.30e-15   143     2     0
1692.06 -9.06e-16  6.99e-15   143    -1     0
1693.73  5.71e-16  6.93e-15   143     0     0
1695.41 -5.91e-15  6.84e-15   143    -8     0
1697.09  4.62e-16  6.78e-15   143     0     0
1698.76  4.48e-15  6.83e-15   143     6     0
1700.44 -7.68e-15  6.62e-15   143   -11     0
1702.11 -3.42e-15  6.56e-15   143    -5     0
1703.79  6.33e-15  6.57e-15   143     9     0
1705.47  1.68e-14  6.86e-15   143    24     0
1707.14  3.80e-15  6.54e-15   143     5     0
1708.82 -2.74e-15  6.43e-15   143    -4     0
1710.50  4.91e-15  6.45e-15   143     7     0
1712.17 -7.04e-16  6.34e-15   143    -1     0
1713.85  7.90e-15  6.43e-15   144    11     0
1715.53  1.14e-14  7.57e-15   144    17     0
1717.20  2.21e-15  6.21e-15   144     3     0
1718.88  7.47e-15  6.27e-15   144    11     0
1720.55  1.66e-14  6.24e-15   144    26     0
1722.23  7.91e-15  5.99e-15   144    12     0
1723.91  5.02e-15  5.86e-15   144     8     0
1725.58  4.00e-15  5.99e-15   144     6     0
1727.26  2.81e-15  5.89e-15   144     4     0
1728.94 -4.52e-15  5.89e-15   144    -7     0
1730.61  1.03e-15  5.80e-15   144     1     0
1732.29 -1.18e-16  5.74e-15   144     0     0
1733.97  2.68e-15  5.71e-15   144     4     0
1735.64  1.96e-14  5.99e-15   144    31     0
1737.32  1.04e-14  6.24e-15   144    16     0
1738.99  1.15e-14  5.71e-15   145    18     0
1740.67  1.05e-14  5.51e-15   145    17     0
1742.35  9.30e-15  5.44e-15   145    15     0
1744.02  1.37e-14  5.49e-15   145    23     0
1745.70  5.56e-15  5.31e-15   145     9     0
1747.38  3.68e-15  5.26e-15   145     6     0
1749.05  2.64e-14  5.67e-15   145    45     0
1750.73  3.84e-14  9.05e-15   145    66     0
1752.41  2.85e-14  8.14e-15   145    49     0
1754.08  1.92e-14  5.49e-15   145    33     0
1755.76  1.53e-14  5.36e-15   145    26     0
1757.44  2.08e-14  6.06e-15   145    36     0
1759.11  4.15e-15  7.08e-15   145     7     0
1760.79  4.14e-15  4.94e-15   146     7     0
1762.46  2.02e-15  4.85e-15   146     3     0
1764.14  1.63e-15  4.81e-15   146     2     0
1765.82  9.52e-16  4.74e-15   146     1     0
1767.49  3.19e-15  4.74e-15   146     5     0
1769.17  3.90e-15  4.72e-15   146     7     0
1770.85 -9.40e-15  4.58e-15   146   -17     0
1772.52 -3.46e-15  4.54e-15   146    -6     0
1774.20 -8.70e-15  4.51e-15   146   -16     0
1775.88 -2.13e-15  4.48e-15   146    -3     0
1777.55  3.03e-15  4.47e-15   146     5     0
1779.23  1.89e-14  5.06e-15   147    35     0
1780.90  6.70e-15  4.66e-15   147    12     0
1782.58 -5.24e-15  4.38e-15   147    -9     0
1784.26 -5.45e-15  4.34e-15   147   -10     0
1785.93  4.83e-15  4.29e-15   147     9     0
1787.61  5.69e-15  4.27e-15   147    10     0
1789.29  3.93e-15  4.41e-15   147     7     0
1790.96  1.46e-14  4.93e-15   147    27     0
1792.64  1.27e-14  5.14e-15   148    24     0
1794.32  9.52e-15  4.84e-15   148    18     0
1795.99  1.14e-14  5.00e-15   148    21     0
1797.67  9.13e-16  4.71e-15   148     1     0
1799.34  1.02e-14  4.25e-15   148    19     0
1801.02  1.27e-14  4.26e-15   148    24     0
1802.70  6.36e-15  4.09e-15   148    12     0
1804.37  1.11e-14  4.18e-15   149    21     0
1806.05  5.41e-15  4.10e-15   149    10     0
1807.73  4.51e-15  4.05e-15   149     8     0
1809.40  9.20e-15  4.12e-15   149    17     0
1811.08  1.44e-14  4.19e-15   149    27     0
1812.76  9.37e-16  3.90e-15   149     1     0
1814.43  3.20e-15  3.90e-15   150     6     0
1816.11  1.09e-14  4.04e-15   150    21     0
1817.79  1.76e-14  4.19e-15   150    34     0
1819.46  9.96e-15  3.98e-15   150    19     0
1821.14  5.56e-15  3.88e-15   150    10     0
1822.81  6.42e-15  3.89e-15   150    12     0
1824.49  2.02e-16  3.77e-15   151     0     0
1826.17 -2.27e-15  4.12e-15   151    -4     0
1827.84 -4.09e-15  4.02e-15   151    -7     0
1829.52 -6.17e-15  3.77e-15   151   -11     0
1831.20 -4.70e-15  3.64e-15   151    -9     0
1832.87  4.16e-15  3.69e-15   152     8     0
1834.55  6.34e-15  3.73e-15   152    12     0
1836.23  9.17e-15  3.76e-15   152    18     0
1837.90  3.21e-15  3.76e-15   152     6     0
1839.58  4.94e-15  3.61e-15   153     9     0
1841.25  6.60e-15  3.72e-15   153    12     0
1842.93 -1.53e-15  3.60e-15   153    -3     0
1844.61  9.35e-16  3.56e-15   153     1     0
1846.28 -6.25e-15  3.45e-15   153   -12     0
1847.96  1.88e-16  3.44e-15   154     0     0
1849.64  5.57e-15  3.62e-15   154    11     0
1851.31  9.53e-15  3.68e-15   154    18     0
1852.99  2.68e-15  3.52e-15   155     5     0
1854.67  4.85e-15  3.55e-15   155     9     0
1856.34  4.33e-15  3.50e-15   155     8     0
1858.02  1.78e-15  3.45e-15   155     3     0
1859.69 -2.80e-15  3.42e-15   156    -5     0
1861.37 -5.46e-15  3.40e-15   156   -10     0
1863.05 -3.94e-15  3.37e-15   156    -7     0
1864.72  1.68e-16  3.36e-15   156     0     0
1866.40  1.02e-15  3.39e-15   157     1     0
1868.08  5.80e-15  3.47e-15   157    11     0
1869.75  9.24e-15  3.56e-15   157    17     0
1871.43  7.05e-15  3.52e-15   158    13     0
1873.11  8.26e-16  3.39e-15   158     1     0
1874.78 -9.28e-15  3.38e-15   158   -17     0
1876.46 -9.27e-17  3.35e-15   159     0     0
1878.14  1.75e-15  3.35e-15   159     3     0
1879.81  1.55e-15  3.35e-15   159     2     0
1881.49 -4.89e-15  3.32e-15   160    -9     0
1883.16  2.54e-15  3.33e-15   160     4     0
1884.84  1.00e-15  3.35e-15   160     1     0
1886.52  5.37e-15  3.66e-15   161    10     0
1888.19  8.37e-15  3.73e-15   161    15     0
1889.87  4.62e-15  3.82e-15   161     8     0
1891.55  2.89e-16  3.30e-15   162     0     0
1893.22  5.04e-15  3.38e-15   162     9     0
1894.90  1.22e-14  3.55e-15   162    22     0
1896.58  1.51e-14  3.52e-15   163    28     0
1898.25  9.08e-15  3.37e-15   163    17     0
1899.93  9.94e-15  3.38e-15   163    18     0
1901.60  5.78e-15  3.33e-15   164    10     0
1903.28  5.52e-15  3.29e-15   164    10     0
1904.96  6.22e-15  3.27e-15   165    11     0
1906.63  1.23e-14  3.35e-15   165    23     0
1908.31  3.31e-15  3.15e-15   165     6     0
1909.99 -1.10e-15  3.11e-15   166    -2     0
1911.66 -3.67e-15  3.14e-15   166    -6     0
1913.34 -6.60e-15  3.12e-15   167   -12     0
1915.02 -1.12e-14  3.17e-15   167   -20     0
1916.69 -1.25e-14  3.15e-15   167   -22     0
1918.37 -7.49e-15  3.21e-15   168   -13     0
1920.04 -2.62e-15  3.32e-15   168    -4     0
1921.72  2.52e-15  3.33e-15   169     4     0
1923.40  2.79e-16  3.68e-15   169     0     0
1925.07  6.50e-15  3.63e-15   169    11     0
1926.75  4.84e-15  3.57e-15   170     8     0
1928.43  4.91e-15  3.56e-15   170     9     0
1930.10  1.83e-15  3.19e-15   171     3     0
1931.78  1.25e-14  3.16e-15   171    23     0
1933.46  7.32e-15  3.12e-15   171    13     0
1935.13  1.06e-15  2.91e-15   172     1     0
1936.81  5.59e-15  2.98e-15   172    10     0
1938.48 -1.92e-15  2.88e-15   173    -3     0
1940.16  3.64e-15  2.91e-15   173     6     0
1941.84  7.48e-15  2.98e-15   174    13     0
1943.51  3.20e-15  2.95e-15   174     5     0
1945.19  5.05e-15  2.87e-15   174     9     0
1946.87  6.53e-15  2.83e-15   175    12     0
1948.54  3.59e-15  2.75e-15   175     6     0
1950.22  3.81e-15  2.75e-15   176     7     0
1951.90 -1.55e-15  2.68e-15   176    -2     0
1953.57  4.29e-15  2.84e-15   177     8     0
1955.25  1.49e-14  6.26e-15   177    28     0
1956.93  2.10e-14  6.29e-15   178    39     0
1958.60  2.16e-14  4.53e-15   178    41     0
1960.28  1.34e-14  3.41e-15   178    25     0
1961.95  8.80e-15  3.08e-15   179    17     0
1963.63  4.58e-15  3.10e-15   179     8     0
1965.31  8.66e-17  2.67e-15   180     0     0
1966.98  3.32e-15  2.57e-15   180     6     0
1968.66  6.98e-15  2.58e-15   181    13     0
1970.34  1.00e-14  2.61e-15   181    19     0
1972.01  6.43e-15  2.53e-15   181    12     0
1973.69  7.00e-15  2.55e-15   182    13     0
1975.37  1.28e-14  2.66e-15   182    24     0
1977.04  6.60e-15  2.67e-15   183    12     0
1978.72  2.93e-15  2.65e-15   183     5     0
