1900.783259985045	-1.0281380171970914e-15	3.3537781420523362e-15
1906.3061749579624	-1.805569917256544e-16	3.069639102146538e-15
1911.8290899308797	3.0420130940950505e-15	2.8193970543186038e-15
1917.352004903797	5.138171326158468e-15	3.239137206336374e-15
1922.8749198767143	-1.1485408341173106e-15	2.7695402925760304e-15
1928.3978348496316	9.920127581713276e-16	2.3178975058169705e-15
1933.920749822549	-6.921999037817946e-17	2.4662775695638175e-15
1939.4436647954662	1.7104669265075236e-15	2.2621461438858907e-15
1944.9665797683836	5.166611742232701e-15	2.119314168597497e-15
1950.4894947413009	3.924512661964643e-15	2.2689278086788773e-15
1956.0124097142182	-4.85964031491687e-16	2.201483795094777e-15
1961.5353246871355	-1.0217692968120856e-15	2.0593020613558363e-15
1967.0582396600528	2.101144120364956e-15	1.881593771445399e-15
1972.5811546329699	4.123545579248006e-15	1.794887310589338e-15
1978.1040696058872	8.442131969492037e-17	1.7783964162940925e-15
1983.6269845788045	2.5642615811227144e-15	1.7769505264244537e-15
1989.1498995517218	1.7690622979881266e-15	1.664896976778974e-15
1994.672814524639	1.7318507186921966e-16	1.5673858289689929e-15
2000.1957294975564	9.440384170839912e-17	1.4476319306640362e-15
2005.7186444704737	1.175433651633498e-16	1.3875755774457169e-15
2011.241559443391	1.1580415584988917e-15	1.1541708339276225e-15
2016.7644744163083	8.085346868008511e-16	1.2339186155144434e-15
2022.2873893892256	8.786032032572167e-16	1.2737703024414422e-15
2027.810304362143	-1.0614047309947951e-16	1.1909895238844189e-15
2033.3332193350602	2.157087151664773e-15	1.1441970566162848e-15
2038.8561343079775	1.9558361454040252e-16	1.2303163521617517e-15
2044.3790492808948	2.561693457838128e-16	1.1214117047706964e-15
2049.901964253812	8.557359359898782e-17	1.1650666770964486e-15
2055.4248792267294	-3.166209207445884e-17	1.1521183620205005e-15
2060.9477941996465	8.276359281806711e-16	1.104798982308917e-15
2066.470709172564	1.2091489788616644e-15	1.09998818267675e-15
2071.993624145481	1.1840058565204506e-15	1.0240651312962e-15
2077.5165391183987	-1.448387235090918e-16	9.561169574745204e-16
2083.0394540913157	9.957135005434959e-16	9.962596061224144e-16
2088.5623690642333	5.252578731972179e-16	9.638736902584939e-16
2094.0852840371504	5.786051547886662e-16	9.432703993657e-16
2099.608199010068	5.114048118530974e-16	9.20992884174443e-16
2105.131113982985	1.1664731764042407e-15	8.320129127453844e-16
2110.6540289559025	5.669348023530148e-16	8.749552446688243e-16
2116.1769439288196	1.0496827378339314e-15	8.318179146124625e-16
2121.699858901737	9.121762132882411e-16	8.712424430941465e-16
2127.222773874654	8.851680135369826e-16	8.825241904111684e-16
2132.7456888475717	1.1519365773872142e-15	9.78193659967896e-16
2138.268603820489	3.637695656108272e-16	1.0177656063827495e-15
2143.7915187934063	1.673226836785554e-16	9.95365629303584e-16
2149.3144337663234	6.5525034695357625e-16	1.1795941469938674e-15
2154.837348739241	1.1793402043323433e-15	1.1423025205356462e-15
2160.360263712158	7.325851227643008e-16	1.0378455704525434e-15
2165.883178685075	1.3446728891153598e-15	9.491066658537814e-16
2171.4060936579926	1.4775558532047244e-15	8.009107346648355e-16
2176.9290086309097	6.502496786506106e-16	7.825402429323242e-16
2182.4519236038273	3.158687920507229e-16	8.108064508712095e-16
2187.9748385767443	7.560485705551945e-16	7.655791674609167e-16
2193.497753549662	1.116669519514241e-15	7.47371949618352e-16
2199.020668522579	1.3957576719309846e-15	7.179995616477144e-16
2204.5435834954965	1.3993745233865415e-15	7.701189316928873e-16
2210.0664984684136	4.909677641846719e-16	6.869695215446461e-16
2215.589413441331	1.1151396752582473e-15	6.965381540810421e-16
2221.112328414248	1.6981350577623662e-15	6.343776115753565e-16
2226.6352433871657	9.461827394551906e-16	6.21969394194492e-16
2232.158158360083	2.0521722853334294e-15	6.317491969262663e-16
2237.6810733330003	6.7864498749585415e-16	5.873229179187992e-16
2243.2039883059174	1.1819738588771506e-15	5.778974366577699e-16
2248.7269032788345	6.910924636795345e-16	5.906241461399347e-16
2254.249818251752	1.7651787483249255e-15	5.751980043826106e-16
2259.772733224669	1.2175932712515104e-15	5.310345247786292e-16
2265.2956481975866	1.257870750281301e-15	5.575278853285175e-16
2270.8185631705037	5.432001327710754e-16	5.205884511618295e-16
2276.341478143421	1.0831778740858812e-15	5.319762152382864e-16
2281.8643931163383	1.4989390030202043e-15	5.247418604771882e-16
2287.387308089256	8.916321013380756e-16	5.118852248125539e-16
2292.910223062173	1.2226833805837937e-15	5.581072594461732e-16
2298.4331380350905	1.4656359850929765e-15	5.816868125557066e-16
2303.9560530080075	2.1651309732922443e-15	5.257364310270949e-16
2309.478967980925	1.82182771969769e-15	5.755622234592419e-16
2315.001882953842	2.4007315587844584e-15	5.923409867245494e-16
2320.5247979267597	2.4429008123963644e-15	6.421013570413503e-16
2326.0477128996768	1.860160231806395e-15	6.514538994711608e-16
2331.570627872594	2.6615473612567916e-15	6.332676200705411e-16
2337.0935428455114	3.1324573869288305e-15	6.377133790548907e-16
2342.6164578184284	3.5841190639666274e-15	6.172495804195678e-16
2348.139372791346	3.2936228836597205e-15	6.161977342459309e-16
2353.662287764263	3.75270192918332e-15	6.010681658977804e-16
2359.1852027371806	4.5016997820801495e-15	5.979881672233948e-16
2364.7081177100977	3.592794161984404e-15	5.646460669133529e-16
2370.231032683015	4.31435556996399e-15	5.455964226118236e-16
2375.7539476559323	4.71390662067254e-15	5.084718626244109e-16
2381.27686262885	4.6571061170587364e-15	4.764381902667005e-16
2386.799777601767	4.859891011859536e-15	4.664737243166091e-16
2392.3226925746844	4.997331996969774e-15	4.677902541823085e-16
2397.8456075476015	4.3482247636524546e-15	4.504285829680856e-16
2403.3685225205186	4.185390470105402e-15	5.223338487977602e-16
2408.891437493436	5.288218801535492e-15	4.809981668609131e-16
2414.414352466353	5.024834028918473e-15	4.612000944035819e-16
2419.9372674392707	3.5151221375453013e-15	5.265451882676885e-16
2425.460182412188	3.1326040600655205e-15	4.482809178776962e-16
2430.9830973851053	2.8348022910284827e-15	4.686786489502263e-16
2436.5060123580224	3.649974185307659e-15	4.621170443032434e-16
2442.02892733094	3.533946471325175e-15	4.662284011964124e-16
2447.551842303857	2.629308906245036e-15	4.4154602784514747e-16
2453.0747572767746	3.890392449192804e-15	4.9159956307785365e-16
2458.5976722496916	2.3917413292488922e-15	5.086411770392868e-16
2464.120587222609	3.2709351961291395e-15	4.785205075472998e-16
2469.6435021955263	3.4881418278605646e-15	4.31866339920251e-16
2475.166417168444	2.718737296381738e-15	4.720517385827612e-16
2480.689332141361	3.4592335417533792e-15	4.441951375120055e-16
2486.212247114278	3.0303397629581376e-15	4.734785208303659e-16
2491.7351620871955	3.313601581147102e-15	5.02827098737565e-16
2497.2580770601126	3.801364497069949e-15	4.2680578489724307e-16
2502.78099203303	4.065800357664908e-15	4.616201265343106e-16
2508.303907005947	2.919511840344928e-15	4.3086545677968684e-16
2513.8268219788647	3.2292658036628367e-15	4.675998563956901e-16
2519.349736951782	3.696307180655864e-15	4.646874063707496e-16
2524.8726519246993	3.0830814241521667e-15	4.466430008473034e-16
2530.3955668976164	3.2118142516811494e-15	4.565820680294698e-16
2535.918481870534	4.523647716711466e-15	4.939090691716802e-16
2541.441396843451	3.0821894614303332e-15	5.234906293408026e-16
2546.9643118163685	3.585191376787498e-15	5.545267876253396e-16
2552.4872267892856	3.921277942901878e-15	5.274299039674551e-16
2558.010141762203	3.4167955088702564e-15	4.989648969985802e-16
2563.53305673512	4.1337256345005795e-15	5.463541005542206e-16
2569.0559717080373	3.4992996918312214e-15	5.305932502277456e-16
2574.578886680955	3.4160007906463663e-15	5.302371952598386e-16
2580.101801653872	4.376715926542192e-15	5.31387234735134e-16
2585.6247166267894	4.998021514414376e-15	5.483706768554049e-16
2591.1476315997065	5.337979051594694e-15	5.001896927629534e-16
2596.670546572624	6.4195994914924236e-15	5.486118271683076e-16
2602.193461545541	5.9507014505153675e-15	4.777441050549528e-16
2607.7163765184587	6.152292390053595e-15	4.74929757797707e-16
2613.2392914913758	6.586224252084509e-15	4.569918990861692e-16
2618.7622064642933	7.284336871768003e-15	4.815670111822102e-16
2624.2851214372104	6.8614477288360025e-15	4.2949448308016024e-16
2629.808036410128	7.77791433084683e-15	4.081291791156306e-16
2635.330951383045	7.054872009731567e-15	4.1921066775314713e-16
2640.853866355962	6.334776410793311e-15	4.179047568717508e-16
2646.3767813288796	5.2192557211282e-15	4.070824269169743e-16
2651.8996963017967	4.385844709321553e-15	4.281374808666898e-16
2657.422611274714	4.347353270353017e-15	3.769872308006045e-16
2662.9455262476313	4.697361746982522e-15	3.9343801146770806e-16
2668.468441220549	3.5727386865888234e-15	3.7876868554263526e-16
2673.991356193466	3.5243487960593483e-15	4.065279722318322e-16
2679.5142711663834	3.5826428773208316e-15	4.279478451918116e-16
2685.0371861393005	3.689436889810323e-15	4.273562591005252e-16
2690.560101112218	3.911563158120079e-15	4.308418531211218e-16
2696.083016085135	3.9184115176603705e-15	4.033623456651445e-16
2701.6059310580526	4.467918755491931e-15	3.8650815455925264e-16
2707.1288460309697	4.8002072625532395e-15	3.901103832670583e-16
2712.6517610038873	4.397420636210192e-15	4.1684776710669487e-16
2718.1746759768043	4.1981104189601044e-15	3.679090401349378e-16
2723.6975909497214	4.971603565971933e-15	4.192741829670179e-16
2729.220505922639	4.9872500074039265e-15	3.980713214394509e-16
2734.743420895556	5.123016018597877e-15	4.342132814871609e-16
2740.2663358684736	6.680205510016772e-15	4.018630309867543e-16
2745.7892508413906	6.807728705991882e-15	3.8415197382674885e-16
2751.312165814308	5.577236592539494e-15	3.8445775344218766e-16
2756.8350807872253	5.739204828965272e-15	3.6148165000233716e-16
2762.357995760143	7.84586881636557e-15	3.905734269761606e-16
2767.88091073306	6.2062667652094185e-15	3.695145142913199e-16
2773.4038257059774	8.826498148127987e-15	3.91261574814268e-16
2778.9267406788945	7.176275766638068e-15	3.971908054477727e-16
2784.449655651812	7.832663566938369e-15	4.17786995351714e-16
2789.972570624729	1.1618547336425403e-14	3.605941042462959e-16
2795.495485597646	1.2916705429291969e-14	3.929120983825599e-16
2801.0184005705637	1.6135013602348947e-14	4.2869981542832414e-16
2806.541315543481	1.7226321635647286e-14	4.580403250120152e-16
2812.0642305163983	1.1893231432825601e-14	4.044628977308326e-16
2817.5871454893154	9.150241791487306e-15	3.9595702391339146e-16
2823.110060462233	8.3985877275658e-15	4.155025840861025e-16
2828.63297543515	7.940950887124171e-15	4.2333666522054214e-16
2834.1558904080675	6.856910529467868e-15	4.99056060872877e-16
2839.6788053809846	4.8469466875616595e-15	4.606565915593704e-16
2845.201720353902	5.915600531903111e-15	4.652919477614983e-16
2850.724635326819	3.4690401412025838e-15	4.6788369581536165e-16
2856.2475502997368	5.312739336139907e-15	4.510292534451676e-16
2861.770465272654	6.385582885876883e-15	5.308171791263616e-16
2867.2933802455714	5.584029454372841e-15	5.154595199186242e-16
2872.8162952184884	5.870210177915595e-15	5.010396658090654e-16
2878.3392101914055	5.2228700159159925e-15	5.619277599992184e-16
2883.862125164323	5.285185080581464e-15	6.140746486333355e-16
2889.38504013724	5.69517520687165e-15	6.008501942518486e-16
2894.9079551101577	5.634289789983144e-15	5.872428014134898e-16
2900.4308700830748	5.0635984409606196e-15	6.524748497066254e-16
2905.9537850559923	4.856562319583004e-15	6.580799864924189e-16
2911.4767000289094	7.349753452538756e-15	6.262570043789897e-16
2916.999615001827	5.681001048906031e-15	6.952514849859036e-16
2922.522529974744	5.858808402746478e-15	8.043952784713325e-16
2928.0454449476615	4.632048723606356e-15	7.194945694059773e-16
2933.5683599205786	5.7071300317329666e-15	8.875534873356598e-16
2939.091274893496	3.921271170930173e-15	9.58834548832613e-16
2944.614189866413	3.0147263592730704e-15	8.267421287116243e-16
2950.1371048393307	6.700501487631607e-15	8.93943655877203e-16
2955.660019812248	5.640542568436399e-15	1.0232452148682731e-15
2961.182934785165	8.861420441740176e-15	1.125952766660688e-15
2966.7058497580824	7.831695727206341e-15	1.1423653981576876e-15
2972.2287647309995	8.625007955825726e-15	1.3956805615246168e-15
2977.751679703917	5.091916151221176e-15	1.321649507863276e-15
2983.274594676834	7.011121915196286e-15	1.624546649940383e-15
2988.7975096497516	6.645731375009658e-15	1.9132691123926043e-15
2994.3204246226687	4.53543672320878e-15	1.9133186264082326e-15
2999.8433395955863	4.859478088882308e-15	2.043479328244394e-15
3005.3662545685033	6.211251129963057e-15	2.1131885160151983e-15
3010.889169541421	2.4888148136200723e-15	2.4385871929970196e-15
3016.412084514338	6.16599347861467e-15	2.294118459973893e-15
3021.9349994872555	4.139998452428994e-15	2.472862247267074e-15
3027.4579144601726	4.106715261756445e-15	2.7999417000958987e-15
3032.9808294330896	-1.1131296994887602e-15	3.1495210835177546e-15
3038.503744406007	1.2596459600967694e-14	2.9242328169840914e-15
3044.0266593789243	4.985838898846988e-15	2.976178940961682e-15
3049.549574351842	9.019968778522555e-15	3.1686334279222454e-15
3055.072489324759	2.9903069523977743e-15	2.767887046746117e-15
