1170.0 , 5.322462692445715e-16  , 2.1786795165509664e-16  
1170.6 , 6.573805452013077e-16  , 2.7082437877677865e-16  
1171.2 , 4.693300304735871e-16  , 1.9216254223546815e-16  
1171.8 , 7.139838225796892e-16  , 2.980593944526143e-16  
1172.4 , 4.3226192844251074e-16  , 2.1675700406328715e-16  
1173.0 , 4.45095804777537e-16  , 1.8232483793410186e-16  
1173.6 , 1.1456388955430836e-15  , 4.895430063645845e-16  
1174.2 , 1.7137001580130848e-15  , 3.373284893332172e-16  
1174.8 , 4.398297266069859e-15  , 5.853165743610053e-16  
1175.4 , 7.285648500999229e-15  , 7.586487706110202e-16  
1176.0 , 9.466310013466958e-15  , 8.675812161003209e-16  
1176.6 , 8.397387044126566e-15  , 8.190731250088384e-16  
1177.2 , 4.260796136368776e-15  , 5.880692844499178e-16  
1177.8 , 2.2161805445439697e-15  , 4.362891408315548e-16  
1178.4 , 1.0328889879252827e-15  , 2.9911507565614405e-16  
1179.0 , 1.2616490682285198e-15  , 3.579859089998311e-16  
1179.6 , 7.44526967286509e-16  , 2.51681114954118e-16  
1180.2 , 3.7801779042149063e-16  , 1.4484391494088712e-16  
1180.8 , 4.931789901928725e-16  , 2.0282418893383456e-16  
1181.4 , 3.1703497151685625e-16  , 1.5950744410201034e-16  
1182.0 , 5.088380637954837e-16  , 1.9403810036149119e-16  
1182.6 , 1.267312159389601e-16  , 8.968998921234466e-17  
1183.2 , 3.4623288859191295e-16  , 1.422268142470912e-16  
1183.8 , 4.890130684017736e-16  , 2.0338742342664045e-16  
1184.4 , 8.96858477078703e-16  , 2.8918254998788643e-16  
1185.0 , 1.8641197886282394e-16  , 1.3491410801698782e-16  
1185.6 , 6.272848830815745e-16  , 2.330525630368202e-16  
1186.2 , 4.063663304264126e-16  , 1.5441285295239303e-16  
1186.8 , 4.890919334128939e-16  , 2.0419973328328437e-16  
1187.4 , 2.3103180296305834e-16  , 1.4095525166276279e-16  
1188.0 , 1.8052566059309833e-16  , 8.111845601202212e-17  
1188.6 , 3.079613193521445e-16  , 1.8716959376328803e-16  
1189.2 , 4.65673859268782e-16  , 1.90997314983742e-16  
1189.8 , 7.683562625470926e-16  , 2.4791688547510056e-16  
1190.4 , 6.208171030168548e-16  , 2.238932259723268e-16  
1191.0 , 4.104646248078672e-16  , 1.5302430513686925e-16  
1191.6 , 4.2910283570264826e-16  , 1.3473887829352914e-16  
1192.2 , 1.8377516548413176e-16  , 1.088098697030946e-16  
1192.8 , 8.399765206373873e-16  , 2.8131881228877936e-16  
1193.4 , 1.0147375645706278e-15  , 2.5396177897523233e-16  
1194.0 , 8.903125513931443e-16  , 2.1471138550046932e-16  
1194.6 , 1.1981898415546475e-15  , 2.929354486487442e-16  
1195.2 , 9.616950465658906e-16  , 2.0700305736363627e-16  
1195.8 , 4.854368985191218e-16  , 1.8377435337605018e-16  
1196.4 , 3.3629690648444244e-16  , 1.0688061694500726e-16  
1197.0 , 5.675874471424607e-16  , 2.664801544287229e-16  
1197.6 , 7.343235022067566e-16  , 1.863145655922409e-16  
1198.2 , 4.151793379168214e-16  , 1.3071847489907714e-16  
1198.8 , 7.642658210465313e-16  , 2.5449711614352653e-16  
1199.4 , 7.888010146691028e-16  , 1.9116007973507928e-16  
1200.0 , 1.064393941419227e-15  , 3.1541345382924926e-16  
1200.6 , 9.881374943222752e-16  , 2.3445182734381443e-16  
1201.2 , 6.534711207389733e-16  , 1.9317144376496775e-16  
1201.8 , 1.4726574117001266e-15  , 3.275580077150355e-16  
1202.4 , 9.884809667199545e-16  , 2.1344359053728325e-16  
1203.0 , 1.0249483980862447e-15  , 2.408418385825262e-16  
1203.6 , 6.423392181532486e-16  , 1.8317549557183284e-16  
1204.2 , 1.2390652910909083e-15  , 2.2710380359162127e-16  
1204.8 , 1.6709184310961305e-15  , 2.502929822559898e-16  
1205.4 , 1.8961338817659645e-15  , 2.835496248300889e-16  
1206.0 , 6.673488029177139e-15  , 5.519493935603686e-16  
1206.6 , 9.37564447999106e-15  , 6.227579800713264e-16  
1207.2 , 9.205005829904435e-15  , 5.909313094140434e-16  
1207.8 , 7.210632459374977e-15  , 5.307899914609273e-16  
1208.4 , 3.0825336450954756e-15  , 3.623913935315749e-16  
1209.0 , 2.6381516958849045e-15  , 3.319134823770518e-16  
1209.6 , 2.568348564509305e-15  , 3.198732178285873e-16  
1210.2 , 3.07785043981092e-15  , 3.2521157837366727e-16  
1210.8 , 3.2943645045413438e-15  , 3.634605691194222e-16  
1211.4 , 4.1829754053261135e-15  , 3.9722256439102335e-16  
1212.0 , 5.9057565099865395e-15  , 4.972160681503265e-16  
1212.6 , 8.813173974483837e-15  , 5.647427012897272e-16  
1213.2 , 1.5101224092508283e-14  , 6.984130598607926e-16  
1213.8 , 2.709544930666648e-14  , 9.560845942857426e-16  
1214.4 , 5.369318157620613e-14  , 1.4146072813737971e-15  
1215.0 , 8.225554861845177e-14  , 1.7663926536676668e-15  
1215.6 , 9.925736326631365e-14  , 1.9014252058087886e-15  
1216.2 , 1.1391109411159712e-13  , 2.0863394686120655e-15  
1216.8 , 1.0786731557637335e-13  , 1.9454697721545934e-15  
1217.4 , 8.690391820095226e-14  , 1.7369182604005886e-15  
1218.0 , 4.900632608266613e-14  , 1.2751584351221e-15  
1218.6 , 2.6585923340428117e-14  , 9.257888519302837e-16  
1219.2 , 1.451209519728866e-14  , 6.821489938279047e-16  
1219.8 , 9.140382911821344e-15  , 5.356196858628135e-16  
1220.4 , 5.559037021070817e-15  , 4.067120980302383e-16  
1221.0 , 4.093843343223872e-15  , 3.789236608236028e-16  
1221.6 , 2.893791466960959e-15  , 3.1676659706419206e-16  
1222.2 , 2.2901065565838385e-15  , 3.037973046673039e-16  
1222.8 , 2.060534026200065e-15  , 2.705369462376857e-16  
1223.4 , 1.7260415453050123e-15  , 2.3177652459192243e-16  
1224.0 , 1.2742383766725518e-15  , 2.0011940777408355e-16  
1224.6 , 1.2370349438896933e-15  , 1.8952862932379686e-16  
1225.2 , 1.549201528925541e-15  , 2.2528977838249574e-16  
1225.8 , 1.537453498068886e-15  , 2.2656512833442023e-16  
1226.4 , 8.071688848458701e-16  , 1.4807243764697266e-16  
1227.0 , 6.154310222331664e-16  , 1.5078348361751184e-16  
1227.6 , 6.776850094741735e-16  , 1.6261742764545322e-16  
1228.2 , 7.728019093833794e-16  , 1.5834477313617814e-16  
1228.8 , 7.108834685047109e-16  , 1.4933620478800097e-16  
1229.4 , 7.919313328329406e-16  , 1.563024772192346e-16  
1230.0 , 6.26531700984866e-16  , 1.37266397433417e-16  
1230.6 , 3.772663087301776e-16  , 9.488745013711564e-17  
1231.2 , 6.530301545729377e-16  , 1.3029018310272423e-16  
1231.8 , 5.331704848725786e-16  , 1.2986844038721088e-16  
1232.4 , 3.7420446483278267e-16  , 9.826673697789289e-17  
1233.0 , 5.055873579689098e-16  , 1.5133697443662112e-16  
1233.6 , 4.0003474711306994e-16  , 1.2269397122114197e-16  
1234.2 , 4.850784240841819e-16  , 1.1472582796220828e-16  
1234.8 , 4.0598259079674653e-16  , 1.1325895734435768e-16  
1235.4 , 6.299421104366808e-16  , 1.536860326475602e-16  
1236.0 , 3.5236464260619914e-16  , 9.264357704509682e-17  
1236.6 , 6.135949096089912e-16  , 1.3388126262241173e-16  
1237.2 , 8.200537878144511e-16  , 1.479746688768044e-16  
1237.8 , 1.3861655066886002e-15  , 1.725579562894095e-16  
1238.4 , 3.6413154887252866e-15  , 3.2590807545014504e-16  
1239.0 , 5.3302648096508185e-15  , 3.7941455832296273e-16  
1239.6 , 4.709900069728435e-15  , 3.626654038888496e-16  
1240.2 , 2.347770144461607e-15  , 2.4722600509957826e-16  
1240.8 , 1.0942329286929489e-15  , 1.6386437024491485e-16  
1241.4 , 8.239440192271033e-16  , 1.3072732898600664e-16  
1242.0 , 1.339986152644158e-15  , 1.7842949472677641e-16  
1242.6 , 2.3285602575799685e-15  , 2.450872624181566e-16  
1243.2 , 3.247081225706954e-15  , 2.96456314818709e-16  
1243.8 , 2.115924015067216e-15  , 2.469346198116359e-16  
1244.4 , 1.0220547198701459e-15  , 1.6393370123729348e-16  
1245.0 , 4.536440614315604e-16  , 9.938617230088107e-17  
1245.6 , 4.783881705225298e-16  , 1.0265783737101049e-16  
1246.2 , 4.240624641819317e-16  , 1.2465927688278965e-16  
1246.8 , 5.517513789040184e-16  , 1.3200431073541438e-16  
1247.4 , 5.81504953245348e-16  , 1.168915361830153e-16  
1248.0 , 4.890393433757465e-16  , 1.078683300568442e-16  
1248.6 , 4.066328344634333e-16  , 1.0543190402619732e-16  
1249.2 , 3.8716840473166283e-16  , 1.077485573514648e-16  
1249.8 , 2.4808295525150285e-16  , 8.887080292162868e-17  
1250.4 , 3.9030871606860154e-16  , 1.1372023707198518e-16  
1251.0 , 2.4027767271230003e-16  , 8.78663598787159e-17  
1251.6 , 2.7957844623739586e-16  , 9.990416990259661e-17  
1252.2 , 4.1132761617371405e-16  , 1.0348773035898014e-16  
1252.8 , 3.9267631265740327e-16  , 8.822265448611438e-17  
1253.4 , 2.5728175158698983e-16  , 8.242901738521104e-17  
1254.0 , 5.61161003163797e-16  , 1.1742704431362522e-16  
1254.6 , 2.7253837785966484e-16  , 8.229380207155665e-17  
1255.2 , 2.9513536497773173e-16  , 8.948308856733825e-17  
1255.8 , 2.2174460784605653e-16  , 8.436194683360937e-17  
1256.4 , 4.4045665742846917e-16  , 9.429836261943735e-17  
1257.0 , 3.606181304779377e-16  , 1.0703070302200309e-16  
1257.6 , 4.108468872167516e-16  , 9.250941363886335e-17  
1258.2 , 3.192559610443509e-16  , 9.9175190039707e-17  
1258.8 , 3.738320348521766e-16  , 8.838195920210734e-17  
1259.4 , 3.857854634775771e-16  , 9.127184485613914e-17  
1260.0 , 5.592292281178052e-16  , 1.0620875554620297e-16  
1260.6 , 7.015930516605175e-16  , 1.265303135635316e-16  
1261.2 , 6.578359394559757e-16  , 1.2765735479357105e-16  
1261.8 , 5.653383615203567e-16  , 1.0916759440306848e-16  
1262.4 , 2.322557818743831e-16  , 6.726172819231916e-17  
1263.0 , 3.3694301110525434e-16  , 1.0283183275820118e-16  
1263.6 , 2.64830369725009e-16  , 7.526169628042839e-17  
1264.2 , 6.731728359037356e-16  , 1.1436842632282908e-16  
1264.8 , 7.399391369939323e-16  , 1.1801266213962012e-16  
1265.4 , 1.1909819314192926e-15  , 1.7071869581815795e-16  
1266.0 , 8.26087646539616e-16  , 1.2800858089352092e-16  
1266.6 , 4.403114273761011e-16  , 1.0570504419620752e-16  
1267.2 , 4.589914693731625e-16  , 1.0529951746654496e-16  
1267.8 , 2.6284832607071507e-16  , 6.601943761005279e-17  
1268.4 , 2.5731535446266853e-16  , 7.371926661056234e-17  
1269.0 , 2.6217289714968704e-16  , 8.020230538897891e-17  
1269.6 , 1.4371223427895304e-16  , 5.103229925178901e-17  
1270.2 , 1.989989079782337e-16  , 7.237237681318594e-17  
1270.8 , 1.8349297237791962e-16  , 6.634399339886472e-17  
1271.4 , 1.427446740281737e-16  , 5.639992699740337e-17  
1272.0 , 9.016556666274179e-17  , 5.996516973451107e-17  
1272.6 , 1.6799743140881724e-16  , 6.446807594163283e-17  
1273.2 , 2.304491295567936e-16  , 7.325291065278458e-17  
1273.8 , 2.9909872408836374e-16  , 8.771864065067652e-17  
1274.4 , 2.620833611457351e-16  , 7.339536973172046e-17  
1275.0 , 4.669221457428808e-16  , 1.1713142825354748e-16  
1275.6 , 3.865488574981847e-16  , 1.035956288139805e-16  
1276.2 , 3.602761503497925e-16  , 9.483316897974308e-17  
1276.8 , 4.691363274048779e-16  , 1.1109199456619995e-16  
1277.4 , 4.0776865400420556e-16  , 8.340779736638973e-17  
1278.0 , 5.686423552912451e-16  , 1.0441689939684114e-16  
1278.6 , 4.0043953991850745e-16  , 8.383964057134862e-17  
1279.2 , 2.7381029232114265e-16  , 9.035451349033976e-17  
1279.8 , 3.117107057183287e-16  , 7.826595121820214e-17  
1280.4 , 4.577956673221309e-16  , 1.0533248685167344e-16  
1281.0 , 3.054413601854487e-16  , 8.499645129041994e-17  
1281.6 , 2.1956841748003038e-16  , 7.354224222588517e-17  
1282.2 , 3.308369953277523e-16  , 8.013376670172328e-17  
1282.8 , 1.5599713113564709e-16  , 7.0000163428055e-17  
1283.4 , 1.1373128307648566e-16  , 4.37568096403374e-17  
1284.0 , 1.2258503234544338e-16  , 5.02205058175442e-17  
1284.6 , 1.6169774927869616e-16  , 5.756349660679447e-17  
1285.2 , 6.541970456680592e-17  , 3.271604833119677e-17  
1285.8 , 2.810279883866945e-16  , 1.0385155048299872e-16  
1286.4 , 6.596401498939085e-17  , 6.904101881812513e-17  
1287.0 , 8.977270508958204e-17  , 5.577828392759967e-17  
1287.6 , 2.907966695762227e-16  , 8.109343296071947e-17  
1288.2 , 4.374883590898578e-16  , 1.11413617997913e-16  
1288.8 , 4.287959598944628e-16  , 1.4544015181933709e-16  
1289.4 , 6.062905014542313e-16  , 1.357798723724709e-16  
1290.0 , 3.436754391621434e-16  , 1.1095462173251495e-16  
1290.6 , 2.4972874419517023e-16  , 8.376974332288239e-17  
1291.2 , 2.0390888881534694e-16  , 7.257838950739818e-17  
1291.8 , 1.7837444344007952e-16  , 6.120594671951287e-17  
1292.4 , 3.607514456854637e-16  , 1.0638454560966725e-16  
1293.0 , 1.500654035033589e-16  , 8.305465930400964e-17  
1293.6 , 1.9249458039555466e-16  , 6.459500784352255e-17  
1294.2 , 2.890333433583897e-16  , 8.438038774662324e-17  
1294.8 , 4.1302570987093803e-16  , 8.67824044678294e-17  
1295.4 , 4.3054480045553435e-16  , 9.247593295351617e-17  
1296.0 , 2.5665784575597434e-16  , 6.35176242872362e-17  
1296.6 , 2.6722165922701303e-16  , 7.257895004099884e-17  
1297.2 , 2.7464396694186507e-16  , 7.960971158244978e-17  
1297.8 , 3.1761252380396843e-16  , 7.679856705815925e-17  
1298.4 , 4.569087056188217e-16  , 9.976990607770343e-17  
1299.0 , 8.425908794123601e-16  , 1.4539988026539532e-16  
1299.6 , 8.739587892120632e-16  , 1.3748342547065144e-16  
1300.2 , 5.642031903772518e-16  , 9.858648528911913e-17  
1300.8 , 5.741478230616071e-16  , 1.4085025485851495e-16  
1301.4 , 1.0555480369317672e-15  , 1.5259622017791628e-16  
1302.0 , 1.5855955346330036e-15  , 1.9585976681056e-16  
1302.6 , 1.905866280000791e-15  , 2.0931788236580192e-16  
1303.2 , 1.768356287589801e-15  , 2.0127230362665656e-16  
1303.8 , 1.8159756993041868e-15  , 1.8618378570861224e-16  
1304.4 , 4.156582488862895e-15  , 2.873516008176649e-16  
1305.0 , 7.57321412490966e-15  , 3.9516661746643184e-16  
1305.6 , 8.695341471631501e-15  , 4.3190291191802555e-16  
1306.2 , 8.486245472392588e-15  , 4.322271701459673e-16  
1306.8 , 4.951075034022911e-15  , 3.0847883619264217e-16  
1307.4 , 2.7323226081685286e-15  , 2.407358618196058e-16  
1308.0 , 6.058457690480363e-16  , 1.27907799643566e-16  
1308.6 , 5.388934349092703e-16  , 1.0693017217182614e-16  
1309.2 , 8.945398801342075e-16  , 1.4910724173182345e-16  
1309.8 , 1.044026162494393e-15  , 1.6306206907669053e-16  
1310.4 , 6.55229489267545e-16  , 1.0717763758809377e-16  
1311.0 , 3.7270878247415156e-16  , 8.005793776904342e-17  
1311.6 , 4.917688591031454e-16  , 1.073658572016519e-16  
1312.2 , 5.403587929511233e-16  , 1.1655019042755204e-16  
1312.8 , 1.5081617873766414e-16  , 5.3520755594525845e-17  
1313.4 , 7.645472613782159e-17  , 7.015005326470796e-17  
1314.0 , 3.684145432488335e-16  , 1.0262690684116559e-16  
1314.6 , 2.6285786145084816e-16  , 8.80737550413334e-17  
1315.2 , 1.4005439752872558e-16  , 5.244385206411464e-17  
1315.8 , 1.3142512504969938e-16  , 6.724005499752625e-17  
1316.4 , 3.0803299632215755e-16  , 9.988039670380556e-17  
1317.0 , 1.534924472964109e-16  , 8.157948471649604e-17  
1317.6 , 8.231645163710643e-17  , 5.337146718108966e-17  
1318.2 , 1.6559756200490324e-16  , 6.043057975654099e-17  
1318.8 , 3.1986674691908273e-16  , 1.1563137885016698e-16  
1319.4 , 3.158048772659661e-16  , 9.583700294088354e-17  
1320.0 , 1.8301902532417585e-16  , 5.1649318160931226e-17  
1320.6 , 2.5222831198736527e-16  , 9.054162228660968e-17  
1321.2 , 1.1290235585806155e-16  , 3.783132626111436e-17  
1321.8 , 5.384796063744377e-17  , 5.3847960637420516e-17  
1322.4 , 1.4767609210543086e-16  , 8.569197516632078e-17  
1323.0 , 1.4382285210890393e-16  , 5.1270397792800684e-17  
1323.6 , 2.92714217653308e-16  , 7.854817133194087e-17  
1324.2 , 5.26993402075457e-16  , 1.1569670133964306e-16  
1324.8 , 2.6863967321947114e-16  , 7.249981567941389e-17  
1325.4 , 1.7500461948815346e-16  , 5.315323612048351e-17  
1326.0 , 1.685770974832976e-16  , 6.406803082087518e-17  
1326.6 , 1.195973017108746e-16  , 6.555861813496813e-17  
1327.2 , 2.3570925769677206e-16  , 7.475831935823888e-17  
1327.8 , 1.7634954091906563e-16  , 6.166480542076172e-17  
1328.4 , 2.5060769107221507e-16  , 6.301883777538338e-17  
1329.0 , 7.424662746282773e-16  , 1.3615323437939826e-16  
1329.6 , 6.930237855552017e-16  , 1.2922382954955498e-16  
1330.2 , 4.854812565895209e-16  , 1.0922388037083928e-16  
1330.8 , 4.0615378587692363e-16  , 1.0016846823965669e-16  
1331.4 , 3.3327478061387373e-16  , 8.11134556535459e-17  
1332.0 , 2.5976080309917157e-16  , 9.141971128515999e-17  
1332.6 , 4.0715352428364185e-16  , 1.2587505993813902e-16  
1333.2 , 9.04977620679909e-16  , 1.3487204320885018e-16  
1333.8 , 1.87840123755089e-15  , 1.8761918114561665e-16  
1334.4 , 4.6567413600340155e-15  , 3.0434649353873535e-16  
1335.0 , 9.033026611023236e-15  , 4.4061623441068145e-16  
1335.6 , 1.7415569562096855e-14  , 6.307525188797253e-16  
1336.2 , 1.560772490472184e-14  , 6.010247144127216e-16  
1336.8 , 1.007444418787584e-14  , 4.560468068816914e-16  
1337.4 , 2.8344728391375427e-15  , 2.3883514740365976e-16  
1338.0 , 9.820515092896735e-16  , 1.2158310617402217e-16  
1338.6 , 6.245531619632725e-16  , 1.4818453120176243e-16  
1339.2 , 2.945898043784855e-16  , 7.638852169400466e-17  
1339.8 , 1.9454180780136663e-16  , 5.753026947491176e-17  
1340.4 , 2.738280016377295e-16  , 8.451061463784268e-17  
1341.0 , 3.1276829144096677e-16  , 9.473610696330895e-17  
1341.6 , 1.9644947541172336e-16  , 5.698385141707041e-17  
1342.2 , 2.5003885277763006e-16  , 1.0249713133877279e-16  
1342.8 , 2.064386962765778e-16  , 5.0290202793422804e-17  
1343.4 , 2.9098306722159337e-16  , 7.551784896952505e-17  
1344.0 , 3.16077850205053e-16  , 9.580984190968882e-17  
1344.6 , 2.1228764511789043e-16  , 6.7465289369232e-17  
1345.2 , 1.8363092612004e-16  , 7.516330634005097e-17  
1345.8 , 2.0080482880466135e-16  , 7.31497544806242e-17  
1346.4 , 8.47928116030457e-17  , 6.014100434574462e-17  
1347.0 , 2.7132004903117796e-16  , 7.873067631431168e-17  
1347.6 , 1.3605264652904431e-16  , 5.168103499526812e-17  
1348.2 , 1.3678028119271664e-16  , 6.18157414267639e-17  
1348.8 , 1.3821052232344333e-16  , 5.252993925836483e-17  
1349.4 , 1.6769749040156812e-16  , 6.364449215617188e-17  
1350.0 , 1.9217722646641852e-16  , 6.880188429960044e-17  
1350.6 , 1.9349131647962686e-16  , 6.169886529612012e-17  
1351.2 , 6.720176404833286e-16  , 1.2312002074248317e-16  
1351.8 , 9.998020247802397e-16  , 1.498239259505659e-16  
1352.4 , 8.333467417786652e-16  , 1.3626693827217712e-16  
1353.0 , 9.546536359231544e-16  , 1.433405232496308e-16  
1353.6 , 1.193296874901812e-15  , 1.7570711979348622e-16  
1354.2 , 1.4348419095447976e-15  , 1.8467313061526995e-16  
1354.8 , 1.0453088187760642e-15  , 1.6518156980708307e-16  
1355.4 , 1.3665020104479186e-15  , 1.940344998063336e-16  
1356.0 , 1.0493908481331407e-15  , 1.6272406159453588e-16  
1356.6 , 9.844397910908908e-16  , 1.755848939208551e-16  
1357.2 , 3.87528863875303e-16  , 7.957758740674981e-17  
1357.8 , 3.3184127813459906e-16  , 7.732415790261677e-17  
1358.4 , 2.8594417915639906e-16  , 8.750193797652284e-17  
1359.0 , 4.2047849180970806e-16  , 1.0943122399899831e-16  
1359.6 , 4.487615310182957e-16  , 1.0101976992415425e-16  
1360.2 , 4.1993263437507866e-16  , 8.500636534834715e-17  
1360.8 , 2.7853144075441396e-16  , 7.787187225674022e-17  
1361.4 , 3.1037701475790827e-16  , 8.326196229541167e-17  
1362.0 , 2.616827475660023e-16  , 6.790143899177059e-17  
1362.6 , 2.979947592293008e-16  , 8.624955577160746e-17  
1363.2 , 3.44816026901641e-16  , 9.603377939192865e-17  
1363.8 , 3.17766707460715e-16  , 1.1384102431108085e-16  
1364.4 , 3.4007264996548875e-16  , 8.588622291664451e-17  
1365.0 , 3.0171000265444203e-16  , 7.499859911412837e-17  
1365.6 , 1.912158691645236e-16  , 7.425008223522802e-17  
1366.2 , 1.2380156471432512e-16  , 3.9229270472902564e-17  
1366.8 , 2.6213342369109764e-16  , 7.309552942356282e-17  
1367.4 , 1.98293016691612e-16  , 6.729376653443131e-17  
1368.0 , 1.3847496357398588e-16  , 4.685950827330438e-17  
1368.6 , 3.1672753103202577e-16  , 1.0365991715159933e-16  
1369.2 , 1.6578712293220003e-16  , 8.865653923882799e-17  
1369.8 , 1.938464879653634e-16  , 6.248565575270913e-17  
1370.4 , 2.670181073062898e-16  , 8.103090972704221e-17  
1371.0 , 7.715636944441219e-16  , 1.4924915183333817e-16  
1371.6 , 8.019684025843963e-16  , 1.4795133452520119e-16  
1372.2 , 6.878883786316371e-16  , 1.2611145724362331e-16  
1372.8 , 2.9032509335993715e-16  , 8.925090396103444e-17  
1373.4 , 1.7210218781184382e-16  , 6.60131906541896e-17  
1374.0 , 1.5985458746527564e-16  , 5.3127787201594064e-17  
1374.6 , 1.7566136627845915e-16  , 6.014792415626452e-17  
1375.2 , 1.2988339077193137e-16  , 4.7204653105447e-17  
1375.8 , 1.7252280343041828e-16  , 7.832571306396281e-17  
1376.4 , 1.7759706706783863e-16  , 8.201976899906859e-17  
1377.0 , 2.9761311774908194e-16  , 9.584972015669527e-17  
1377.6 , 2.8042705118242094e-16  , 8.122702477432182e-17  
1378.2 , 1.405912184118227e-16  , 5.031486216738902e-17  
1378.8 , 1.1131507945442723e-16  , 5.1571197569765317e-17  
1379.4 , 2.166799921124602e-16  , 7.684363598004297e-17  
1380.0 , 3.369096661300303e-16  , 1.0201742753905039e-16  
1380.6 , 1.4533410304787456e-16  , 6.540185924390878e-17  
1381.2 , 2.1016375016986735e-16  , 7.459137772708326e-17  
1381.8 , 2.324619498930721e-16  , 7.386938102131817e-17  
1382.4 , 1.9336543787385677e-16  , 6.12928544251333e-17  
1383.0 , 1.62812016353167e-16  , 6.184876646757015e-17  
1383.6 , 3.054828816238435e-16  , 1.0218909928801512e-16  
1384.2 , 2.0092291309033897e-16  , 6.076303696577071e-17  
1384.8 , 2.3459485818793547e-16  , 7.10065173962613e-17  
1385.4 , 2.843477452102771e-16  , 7.914403432544067e-17  
1386.0 , 3.1124737068521534e-16  , 1.0348107151284704e-16  
1386.6 , 1.9825376548712198e-16  , 1.0385283260801414e-16  
1387.2 , 1.8213623187398757e-16  , 6.463642590566604e-17  
1387.8 , 1.6821225568449736e-16  , 5.622100152966782e-17  
1388.4 , 3.477247771352046e-16  , 9.374155858251415e-17  
1389.0 , 2.3634003666396053e-16  , 7.182628845292e-17  
1389.6 , 1.7966991058951786e-16  , 8.544808364320107e-17  
1390.2 , 3.593085325832307e-16  , 9.778332484353257e-17  
1390.8 , 1.3902176310844156e-16  , 5.2823740505064897e-17  
1391.4 , 2.9335468760875963e-16  , 1.1901269668787168e-16  
1392.0 , 3.395672408261574e-16  , 1.3885014036901183e-16  
1392.6 , 1.0368944123708078e-15  , 1.4947086441805397e-16  
1393.2 , 3.3124939139296727e-15  , 3.0410583856882e-16  
1393.8 , 8.010962656690474e-15  , 4.857158765588005e-16  
1394.4 , 7.705201576902925e-15  , 4.49509004453163e-16  
1395.0 , 3.9577509484679405e-15  , 3.0347922783070937e-16  
1395.6 , 9.905541465345661e-16  , 1.4357131922770435e-16  
1396.2 , 3.5125181688380355e-16  , 9.123628504418492e-17  
1396.8 , 3.8722271558684656e-16  , 1.135561618543649e-16  
1397.4 , 3.717616898169997e-16  , 1.0741840770028062e-16  
1398.0 , 2.5897539244066594e-16  , 6.949840768489822e-17  
1398.6 , 3.076420674189514e-16  , 9.721809698672765e-17  
1399.2 , 4.515717006196263e-16  , 1.176145294436458e-16  
1399.8 , 5.111864048009736e-16  , 1.2441231769065534e-16  
1400.4 , 7.972212230812087e-16  , 1.3243045546969686e-16  
1401.0 , 8.639087462143155e-16  , 1.372162023518303e-16  
1401.6 , 1.3387585775532786e-15  , 1.8667989254280988e-16  
1402.2 , 2.630094775678992e-15  , 2.710007599462735e-16  
1402.8 , 3.93749881982647e-15  , 3.3656806767095115e-16  
1403.4 , 4.1153971455891784e-15  , 3.406635773705422e-16  
1404.0 , 2.611200973641628e-15  , 2.546725736112064e-16  
1404.6 , 8.260657675373812e-16  , 1.2492186491732982e-16  
1405.2 , 6.775551902775205e-16  , 1.6727442488138327e-16  
1405.8 , 5.714177610731205e-16  , 1.1040017121972501e-16  
1406.4 , 5.56799828838769e-16  , 1.1186209466441238e-16  
1407.0 , 3.5943770505497986e-16  , 1.2122926584624867e-16  
1407.6 , 3.7849012575890287e-16  , 1.1587514363345814e-16  
1408.2 , 3.302738466570666e-16  , 9.206491668031825e-17  
1408.8 , 3.217406310601616e-16  , 9.025929395244586e-17  
1409.4 , 2.3456528256688135e-16  , 8.327633754807164e-17  
1410.0 , 3.6180442623234354e-16  , 1.0483273575552313e-16  
1410.6 , 2.0584964057598647e-16  , 7.82676452834683e-17  
1411.2 , 1.5030751126359442e-16  , 6.191597307580815e-17  
1411.8 , 1.7889913701307976e-16  , 9.245060773550607e-17  
1412.4 , 1.4455825754072058e-16  , 6.40077075777695e-17  
1413.0 , 2.8081231374817467e-16  , 9.51206962358624e-17  
1413.6 , 3.3265812544868363e-16  , 1.1337976521901877e-16  
1414.2 , 3.232559257735821e-16  , 9.052405135792847e-17  
1414.8 , 2.0561638676453685e-16  , 6.874852980667827e-17  
1415.4 , 1.672926585934483e-16  , 6.372961718389351e-17  
1416.0 , 2.9027893235486734e-16  , 9.555415733955864e-17  
1416.6 , 2.6234344915729254e-16  , 8.439680550773595e-17  
1417.2 , 2.322923724336499e-16  , 7.312035089157414e-17  
1417.8 , 2.007161663509754e-16  , 9.202611195493288e-17  
1418.4 , 1.5199026971019004e-16  , 6.870455875229354e-17  
1419.0 , 1.625494697263897e-16  , 6.235985165884506e-17  
1419.6 , 1.1739124078982622e-16  , 5.891189981806081e-17  
1420.2 , 1.3327189471471856e-16  , 6.675016201512176e-17  
1420.8 , 2.154083163718746e-16  , 8.165681344191767e-17  
1421.4 , 1.9181407169617584e-16  , 6.29156959001758e-17  
1422.0 , 3.216172228274719e-16  , 1.3886328237042085e-16  
1422.6 , 1.6234784518183743e-16  , 6.868172034339564e-17  
1423.2 , 2.9345398492644576e-16  , 8.507146898677498e-17  
1423.8 , 3.271389278345722e-16  , 8.770926590806332e-17  
1424.4 , 2.416842477430488e-16  , 9.16734220608516e-17  
1425.0 , 2.691693397775319e-16  , 9.00024252872576e-17  
1425.6 , 3.5342435884071086e-16  , 1.1825992944117573e-16  
1426.2 , 4.564816632479989e-16  , 1.4048875222940384e-16  
1426.8 , 1.606457310174668e-16  , 4.865536225644052e-17  
1427.4 , 1.8822399805949937e-16  , 7.119063712337013e-17  
1428.0 , 2.343098136376837e-16  , 8.319070451785715e-17  
1428.6 , 1.6958816156391095e-16  , 7.009857582768686e-17  
1429.2 , 1.8752561881261558e-16  , 1.2078638115292906e-16  
1429.8 , 1.6792939942833248e-16  , 7.410098630463428e-17  
1430.4 , 1.4501397768259045e-16  , 5.3829016798489486e-17  
1431.0 , 4.588311933648044e-16  , 1.2310575684148196e-16  
1431.6 , 3.5885262947551204e-16  , 1.2017163402842608e-16  
1432.2 , 5.532172845810649e-16  , 1.2840006766841272e-16  
1432.8 , 7.923270579000334e-16  , 1.702506624359449e-16  
1433.4 , 3.4669083420851265e-16  , 1.0807828267910543e-16  
1434.0 , 2.685183090361857e-16  , 8.136607373927562e-17  
1434.6 , 2.7881212172878503e-16  , 8.858975524360038e-17  
1435.2 , 3.8123994474555564e-16  , 9.952018298480098e-17  
1435.8 , 1.6097134761558063e-16  , 6.340136351800647e-17  
1436.4 , 2.0837021142008515e-16  , 1.034351923620387e-16  
1437.0 , 4.1647399448213013e-16  , 1.3345495338870792e-16  
1437.6 , 3.837586238555171e-16  , 1.1894420233448414e-16  
1438.2 , 4.4060521326679405e-16  , 1.3635178772277406e-16  
1438.8 , 1.7959146345849004e-16  , 7.122338518578189e-17  
1439.4 , 2.0666773045052914e-16  , 6.924589533700022e-17  
1440.0 , 2.6659467500302943e-16  , 8.483435337134785e-17  
1440.6 , 2.0145795845849878e-16  , 7.639838926807475e-17  
1441.2 , 1.2865629642886078e-16  , 5.787071802245804e-17  
1441.8 , 1.7596220867138052e-16  , 8.079142349854085e-17  
1442.4 , 2.2878429055939567e-16  , 1.032667488703834e-16  
1443.0 , 1.5120703018950193e-16  , 7.567719669431358e-17  
1443.6 , 3.58000073226999e-16  , 1.0103001347124281e-16  
1444.2 , 2.1751601102972764e-16  , 6.586964274759275e-17  
1444.8 , 1.7126517923327616e-16  , 9.942905838401595e-17  
1445.4 , 2.7784488040467465e-16  , 1.2471281579059755e-16  
1446.0 , 1.6793833544351683e-16  , 5.3339087332200274e-17  
1446.6 , 3.5438899577883617e-16  , 1.3476096015868405e-16  
1447.2 , 2.4653496190561705e-16  , 9.402620521666197e-17  
1447.8 , 1.7527182977311638e-16  , 6.644281356617063e-17  
1448.4 , 1.2941364849167086e-16  , 5.8183945550127e-17  
1449.0 , 2.793365255024832e-16  , 8.930812004545218e-17  
1449.6 , 2.4681914117257956e-16  , 9.403465669358198e-17  
1450.2 , 2.81240618350836e-16  , 9.407408693612798e-17  
1450.8 , 3.20850068599855e-16  , 1.1412696538105815e-16  
1451.4 , 2.7942795010021305e-16  , 1.3040997022379647e-16  
1452.0 , 1.5267207672473932e-16  , 8.062745585122866e-17  
1452.6 , 3.1484779720986705e-16  , 1.2158364849376605e-16  
1453.2 , 3.8849256033201313e-16  , 1.5156281027790406e-16  
1453.8 , 4.2802676400505566e-16  , 1.4659785248450805e-16  
1454.4 , 3.752546886317191e-16  , 1.4677959206320793e-16  
1455.0 , 2.038495512488457e-16  , 6.920394582456317e-17  
1455.6 , 3.5708343632231384e-16  , 1.2023819013395308e-16  
1456.2 , 2.9175191004134436e-16  , 1.0582906832496807e-16  
1456.8 , 3.489236555317497e-16  , 1.0574745778374076e-16  
1457.4 , 2.7690917553317107e-16  , 1.0533598054917167e-16  
1458.0 , 3.8270274805154377e-16  , 1.1139874653453483e-16  
1458.6 , 1.755010267781131e-16  , 7.030446622430519e-17  
1459.2 , 4.1074866009895956e-16  , 1.2953471012707457e-16  
1459.8 , 5.944441618443713e-16  , 1.5949664263091545e-16  
1460.4 , 1.509008230315629e-16  , 6.773679633157499e-17  
1461.0 , 1.8079986394903858e-16  , 6.396864696414802e-17  
1461.6 , 3.085888727863693e-16  , 1.169543318061554e-16  
1462.2 , 2.1246586044438032e-16  , 8.040561730885188e-17  
1462.8 , 5.190661607980786e-16  , 1.2642969617221407e-16  
1463.4 , 8.224054184056035e-16  , 1.762206055092008e-16  
1464.0 , 6.734886767072961e-16  , 1.7462645661158915e-16  
1464.6 , 2.9452438399447184e-16  , 9.769861872094025e-17  
1465.2 , 1.8958796046139598e-16  , 7.192232157833342e-17  
1465.8 , 3.008255521329122e-16  , 1.3494941185322866e-16  
1466.4 , 3.078718645565128e-16  , 1.1248308090415573e-16  
1467.0 , 5.726162890638712e-16  , 1.6109859556046014e-16  
1467.6 , 3.898705589784199e-16  , 1.1368372189658792e-16  
1468.2 , 3.2810337744623285e-16  , 1.1658323924165733e-16  
1468.8 , 4.367317774663883e-16  , 1.4668327444699118e-16  
1469.4 , 3.682442494118649e-16  , 1.4027960947540494e-16  
1470.0 , 3.177402434952954e-16  , 1.070662645502807e-16  
1470.6 , 5.535227324853989e-16  , 1.6215352840399233e-16  
1471.2 , 2.1542494978414616e-16  , 8.828353150355779e-17  
1471.8 , 4.3889659956555903e-16  , 1.4343286978229953e-16  
1472.4 , 5.533878362274167e-16  , 1.447057281820984e-16  
1473.0 , 5.25712891033254e-16  , 1.6598312135631502e-16  
1473.6 , 5.611639828255417e-16  , 1.3227205583716592e-16  
1474.2 , 6.651936414951786e-16  , 1.5370329079277406e-16  
1474.8 , 5.706380830675571e-16  , 1.4747150414300627e-16  
1475.4 , 6.270981817948338e-16  , 1.7754184727675082e-16  
1476.0 , 3.003984628754512e-16  , 9.241335883340435e-17  
1476.6 , 1.1874443638012569e-16  , 6.248821729283897e-17  
1477.2 , 5.166117099846974e-16  , 1.743809241172726e-16  
1477.8 , 2.942794015000705e-16  , 1.231441222206161e-16  
1478.4 , 3.562731246767163e-16  , 1.2880300418391047e-16  
1479.0 , 2.199652773051077e-16  , 1.0066599527307364e-16  
1479.6 , 1.7348842100914755e-16  , 8.718822677735781e-17  
1480.2 , 4.589371195202829e-16  , 1.455382782871735e-16  
1480.8 , 4.504752746954267e-16  , 1.2547195316443014e-16  
1481.4 , 8.046034305703277e-16  , 1.9285395814147237e-16  
1482.0 , 7.167664062392998e-16  , 1.69834233502129e-16  
1482.6 , 6.838216233607323e-16  , 1.7746174780584597e-16  
1483.2 , 7.723716691033797e-16  , 1.9378897936883348e-16  
1483.8 , 7.701512607987753e-16  , 1.8298214675722635e-16  
1484.4 , 3.2680575643119066e-16  , 8.475377422457576e-17  
1485.0 , 4.3375598072063563e-16  , 1.312962403862989e-16  
1485.6 , 3.5638488741261915e-16  , 9.048145277269344e-17  
1486.2 , 5.84900224558101e-16  , 2.0681103856821924e-16  
1486.8 , 3.734747972815092e-16  , 1.32356226507855e-16  
1487.4 , 6.739553255062309e-16  , 1.830055127636417e-16  
1488.0 , 4.618184440894155e-16  , 1.3053370422591446e-16  
1488.6 , 2.0420224905033982e-16  , 1.0780986929012556e-16  
1489.2 , 3.6416215929856997e-16  , 9.761423646946606e-17  
1489.8 , 4.962971572134508e-16  , 2.0717749509828233e-16  
1490.4 , 5.030759411518511e-16  , 1.4704928048529946e-16  
1491.0 , 2.99926896431394e-16  , 1.1331067592481473e-16  
1491.6 , 1.3669253600535712e-16  , 5.610993320830271e-17  
1492.2 , 4.224098035450104e-16  , 1.2611752769040496e-16  
1492.8 , 5.781486681179419e-16  , 1.7518105772800538e-16  
1493.4 , 6.385465085012363e-16  , 1.9034024444655701e-16  
1494.0 , 6.73902844665422e-16  , 1.7454952150974168e-16  
1494.6 , 1.443651836763468e-16  , 1.1306925721311475e-16  
1495.2 , 3.5446000213970173e-16  , 1.2608952588244493e-16  
1495.8 , 4.1792177746089673e-16  , 1.517340408881383e-16  
1496.4 , 2.1442884658455571e-16  , 9.622802295807738e-17  
1497.0 , 2.301722132270329e-16  , 9.425394250598766e-17  
1497.6 , 1.0524691761603314e-16  , 6.079412203558133e-17  
1498.2 , 3.0244330563532154e-16  , 1.1452998860621147e-16  
1498.8 , 2.9314531749242905e-16  , 1.2047491420300482e-16  
1499.4 , 1.9642618181222488e-16  , 9.433761666368891e-17  
1500.0 , 4.0812173167877844e-16  , 1.2577846602297202e-16  
1500.6 , 3.373632525133339e-16  , 1.4199075293698048e-16  
1501.2 , 2.141467698141926e-16  , 9.940121529707662e-17  
1501.8 , 4.395090116757744e-16  , 1.278449592655795e-16  
1502.4 , 1.6010368827023534e-16  , 1.132336519950946e-16  
1503.0 , 4.0467425248269067e-16  , 1.4831137750487512e-16  
1503.6 , 3.549970913852037e-16  , 1.0485649101349922e-16  
1504.2 , 6.061285498196569e-16  , 1.8824408718228852e-16  
1504.8 , 2.680983500345024e-16  , 8.109609671010113e-17  
1505.4 , 3.4008531612713395e-16  , 1.547710271956674e-16  
1506.0 , 3.4927023640219776e-16  , 1.3270731025531183e-16  
1506.6 , 3.637314908928985e-16  , 1.3830438838528759e-16  
1507.2 , 4.2905342664203455e-16  , 1.5260207048453417e-16  
1507.8 , 2.7469506100691597e-16  , 8.643612781957547e-17  
1508.4 , 3.0984042861023736e-16  , 1.0997611124727795e-16  
1509.0 , 4.916662542503521e-16  , 1.5151580160537726e-16  
1509.6 , 2.881993140509047e-16  , 9.154156820414935e-17  
1510.2 , 2.680891518392515e-16  , 1.202888777425718e-16  
1510.8 , 4.867090726191471e-16  , 1.6304317437694965e-16  
1511.4 , 3.060539150495403e-16  , 1.255107342672789e-16  
1512.0 , 9.811501407540453e-16  , 2.2087869790464402e-16  
1512.6 , 4.660699374730786e-16  , 1.2966556207320885e-16  
1513.2 , 5.592738947112971e-16  , 1.452858871702871e-16  
1513.8 , 4.656005582150866e-16  , 1.421958532707875e-16  
1514.4 , 3.2963946930308755e-16  , 1.176225299061238e-16  
1515.0 , 3.1882943570045726e-16  , 1.0671088936952401e-16  
1515.6 , 3.2356025606576147e-16  , 1.0888169392271918e-16  
1516.2 , 6.296714000423748e-16  , 1.7771990299881016e-16  
1516.8 , 2.1566222338819406e-16  , 9.214534370429773e-17  
1517.4 , 3.623585555241337e-16  , 1.2368328759839937e-16  
1518.0 , 4.3070503168205203e-16  , 1.3356080312489885e-16  
1518.6 , 5.119173770733031e-16  , 1.8447891280283317e-16  
1519.2 , 3.4091728370062936e-16  , 1.4199252626873678e-16  
1519.8 , 1.5270743859049786e-16  , 1.1620601054982653e-16  
1520.4 , 2.3947022017059357e-16  , 9.820090625232681e-17  
1521.0 , 1.9519081154955627e-16  , 8.745658471750215e-17  
1521.6 , 4.605042328350647e-16  , 1.6873947053315473e-16  
1522.2 , 4.3237445435017465e-16  , 1.651256632993328e-16  
1522.8 , 1.7539161291434326e-16  , 7.597644011719154e-17  
1523.4 , 4.392451292197662e-16  , 1.5003603222127857e-16  
1524.0 , 1.6507459171714632e-16  , 9.291095029279833e-17  
1524.6 , 3.371502785933987e-16  , 1.1992711660151936e-16  
1525.2 , 3.579970843118073e-16  , 1.1392808674850404e-16  
1525.8 , 6.753928388142203e-16  , 2.0469690441066647e-16  
1526.4 , 7.44152664833307e-16  , 1.998100597948877e-16  
1527.0 , 6.295461766048036e-16  , 1.4974727894579458e-16  
1527.6 , 5.833433598055307e-16  , 1.7646420590307817e-16  
1528.2 , 5.160107937504953e-16  , 1.6384478833528894e-16  
1528.8 , 6.667485830746055e-16  , 1.9367888500835303e-16  
1529.4 , 6.041464304483729e-16  , 2.4675690865232404e-16  
1530.0 , 8.964223646322859e-17  , 6.339076588063096e-17  
1530.6 , 1.8530902253557607e-16  , 7.035376817077152e-17  
1531.2 , 2.890110447674637e-16  , 1.048031191123946e-16  
1531.8 , 5.583766421178615e-16  , 1.7301468054317685e-16  
1532.4 , 3.2096518544906207e-16  , 1.2338069169807042e-16  
1533.0 , 9.309496849467871e-16  , 2.0987405614153562e-16  
1533.6 , 1.2860644942078716e-15  , 2.447660712610769e-16  
1534.2 , 1.8367899491131137e-15  , 3.1606259447471284e-16  
1534.8 , 7.91545660474562e-16  , 2.1592261478551596e-16  
1535.4 , 3.5527604872997777e-16  , 1.1888786255152951e-16  
1536.0 , 2.4382390312267693e-16  , 9.291958538790088e-17  
1536.6 , 2.338661275790403e-16  , 9.76678289621961e-17  
1537.2 , 4.2203466480310616e-16  , 1.355210176209278e-16  
1537.8 , 4.154081214157259e-16  , 1.8155068807360143e-16  
1538.4 , 6.039551560052747e-16  , 2.2765535634568314e-16  
1539.0 , 2.5489940683241706e-16  , 1.1506934358850783e-16  
1539.6 , 2.490049985517644e-16  , 1.4147325876527584e-16  
1540.2 , 6.968410941869173e-16  , 2.0186507285700168e-16  
1540.8 , 3.269218826173925e-16  , 1.1620643339284029e-16  
1541.4 , 4.3403390449581184e-16  , 1.698471332924444e-16  
1542.0 , 8.085287650822084e-16  , 1.9889346139263173e-16  
1542.6 , 7.01055729019131e-16  , 1.961412747946449e-16  
1543.2 , 5.209965592507372e-16  , 1.7414545973393843e-16  
1543.8 , 4.475249258282477e-16  , 1.4970606027192582e-16  
1544.4 , 6.179941087334443e-16  , 2.0149206909261562e-16  
1545.0 , 9.547610868370977e-16  , 2.6690406069958253e-16  
1545.6 , 7.967002475444054e-16  , 2.073603047110638e-16  
1546.2 , 1.0044390256055667e-15  , 2.8711934640035456e-16  
1546.8 , 1.7579322575893272e-15  , 3.1280926423257563e-16  
1547.4 , 5.130062612769336e-15  , 4.549745103264069e-16  
1548.0 , 1.867068466325371e-14  , 1.0665831825035456e-15  
1548.6 , 2.3614687553593716e-14  , 1.2199306952370497e-15  
1549.2 , 1.848974715277195e-14  , 1.0391236643770866e-15  
1549.8 , 8.324977314324344e-15  , 6.088992884051679e-16  
1550.4 , 8.968440868833095e-15  , 7.11307452275157e-16  
1551.0 , 1.2848309902161111e-14  , 9.016359291191056e-16  
1551.6 , 1.2647510200958462e-14  , 8.547552031042109e-16  
1552.2 , 5.441538762766036e-15  , 5.466829813722049e-16  
1552.8 , 1.755993481643726e-15  , 3.143384448154598e-16  
1553.4 , 7.34671086614663e-16  , 2.1980758731247783e-16  
1554.0 , 5.667090626018096e-16  , 1.7971913619153283e-16  
1554.6 , 4.740529521387073e-16  , 1.6637359742098922e-16  
1555.2 , 8.047105382428644e-16  , 2.389477601128641e-16  
1555.8 , 4.97145442829882e-16  , 1.5769874984859361e-16  
1556.4 , 5.634276953990812e-16  , 1.598056161945569e-16  
1557.0 , 3.861762910740332e-16  , 1.4882324650135707e-16  
1557.6 , 8.166063630030316e-16  , 2.823728446111134e-16  
1558.2 , 4.3209478946993814e-16  , 1.5923484850313899e-16  
1558.8 , 3.527730601437878e-16  , 1.493544129211585e-16  
1559.4 , 6.079446960679372e-16  , 1.6912098357828933e-16  
1560.0 , 1.6615149293762715e-15  , 2.9539763305639894e-16  
1560.6 , 2.278947717931309e-15  , 3.888941739410627e-16  
1561.2 , 3.671490079592794e-15  , 4.722177487819232e-16  
1561.8 , 3.463636845413241e-15  , 4.490778736876306e-16  
1562.4 , 2.1014784929947375e-15  , 3.8978949466349315e-16  
1563.0 , 9.99391718377077e-16  , 2.41103258315982e-16  
1563.6 , 3.609375090265135e-16  , 1.2813557859908551e-16  
1564.2 , 2.1256567152787094e-16  , 1.0745416001249096e-16  
1564.8 , 4.0099882194178676e-16  , 1.5201353118616314e-16  
1565.4 , 4.539263158587945e-16  , 1.7279045097860782e-16  
1566.0 , 3.3681731851242824e-16  , 1.815049554923163e-16  
1566.6 , 1.33495172867896e-16  , 9.479900375391242e-17  
1567.2 , 2.59671656969815e-16  , 1.71847311715627e-16  
1567.8 , 3.9504497610724053e-16  , 1.9819016825248112e-16  
1568.4 , 1.749161399906478e-16  , 1.9379525372014532e-16  
1569.0 , 5.266820968135707e-16  , 1.93120544436001e-16  
1569.6 , 2.0996937758648854e-16  , 9.427734648762276e-17  
1570.2 , 9.216782123349714e-17  , 6.530377638406515e-17  
1570.8 , 5.640842159545597e-17  , 9.98623253498779e-17  
1571.4 , 2.65166926557083e-16  , 1.1902848513573797e-16  
1572.0 , 5.652842005200589e-16  , 1.8013811060437575e-16  
1572.6 , 5.320596166377692e-16  , 1.8863046454969636e-16  
1573.2 , 4.288878703865935e-16  , 1.6288709450625539e-16  
1573.8 , 4.201176796751516e-16  , 1.4896113296739836e-16  
1574.4 , 5.168357864541305e-16  , 1.7334233744185158e-16  
1575.0 , 6.175542931857247e-16  , 2.26378991405567e-16  
1575.6 , 4.658333956966035e-16  , 1.972234081824141e-16  
1576.2 , 4.1919833788977296e-16  , 1.7176059525203349e-16  
1576.8 , 2.116995124845403e-16  , 1.288489755876369e-16  
1577.4 , 4.1244281856588394e-16  , 2.236099978315668e-16  
1578.0 , 3.3859512416476833e-16  , 1.5207288190897515e-16  
1578.6 , 2.1131960894933484e-16  , 1.2256787752234195e-16  
1579.2 , 8.000102125080775e-17  , 8.000102125086581e-17  
1579.8 , 5.881546382641248e-16  , 2.681521487429549e-16  
1580.4 , 3.486191738755545e-16  , 1.5160812215164847e-16  
1581.0 , 5.407986272645721e-16  , 2.1687232466621827e-16  
1581.6 , 4.599550944229898e-16  , 1.8841576432708004e-16  
1582.2 , 3.7605474213106543e-16  , 1.6842668409417768e-16  
1582.8 , 1.164224078606149e-16  , 8.241913643735742e-17  
1583.4 , 5.075199877234721e-16  , 1.6970038068025224e-16  
1584.0 , 2.924372008910771e-16  , 1.4744473787171145e-16  
1584.6 , 3.7843256619875185e-16  , 1.697010225221565e-16  
1585.2 , 4.714228440791307e-16  , 1.7861517378521577e-16  
1585.8 , 3.357115886072074e-16  , 1.503940867038853e-16  
1586.4 , 6.827441268996177e-16  , 2.3197550359731957e-16  
1587.0 , 5.99176852125184e-16  , 2.8878555287898457e-16  
1587.6 , 4.848699988977689e-16  , 2.189323772992741e-16  
1588.2 , 3.7128584226631063e-16  , 1.8234628438813347e-16  
1588.8 , 3.1083634707697413e-16  , 1.392588623480012e-16  
1589.4 , 2.0937878008686284e-16  , 2.118563913087811e-16  
1590.0 , 7.212317653148404e-16  , 2.7864737837566847e-16  
1590.6 , 3.168311130657696e-16  , 1.5889278167145608e-16  
1591.2 , 4.2904549087620887e-16  , 2.360371509851491e-16  
1591.8 , 2.424292055688647e-16  , 1.401488618006791e-16  
1592.4 , 3.708318845923098e-16  , 1.8571945293339598e-16  
1593.0 , 5.4212944220993006e-17  , 1.5678309783772478e-16  
1593.6 , 3.5488031276700575e-16  , 1.779975190843708e-16  
1594.2 , 3.1601709624454694e-16  , 1.5862177345401296e-16  
1594.8 , 5.43046747002051e-16  , 2.0636697883198808e-16  
1595.4 , 5.369716569131104e-16  , 1.904130304760165e-16  
1596.0 , 5.389361590460022e-16  , 1.8016839657333697e-16  
1596.6 , 3.1494248251377276e-16  , 1.7088875054525662e-16  
1597.2 , 4.776379567844539e-16  , 1.814301989045531e-16  
1597.8 , 3.8555681520737435e-16  , 1.7716773955285216e-16  
1598.4 , 5.338098272996376e-16  , 2.2425190917467345e-16  
1599.0 , 4.742952804982175e-16  , 1.800241868235657e-16  
1599.6 , 4.987012196615197e-16  , 2.051071399385861e-16  
1600.2 , 5.191084085516041e-16  , 2.1268389978386057e-16  
1600.8 , 7.367499708654154e-16  , 2.6136217930621613e-16  
1601.4 , 7.9273322686975415e-16  , 3.007839471338991e-16  
1602.0 , 1.6629410114753292e-16  , 1.2366088727837319e-16  
1602.6 , 5.439781646181983e-16  , 1.818319108705753e-16  
1603.2 , 7.308938668908899e-16  , 3.0864441564615465e-16  
1603.8 , 5.797740027161274e-16  , 2.6030098470810715e-16  
1604.4 , 4.0447537459963723e-16  , 1.5333247842176384e-16  
1605.0 , 4.1657075386986623e-16  , 1.8685585670204353e-16  
1605.6 , 3.273274533636416e-16  , 1.4684605576526714e-16  
1606.2 , 5.361813169237243e-16  , 2.1962549615874314e-16  
1606.8 , 7.413603948509258e-16  , 2.353533477053472e-16  
1607.4 , 6.197175171136553e-16  , 2.6621165015359865e-16  
1608.0 , 2.870146113612419e-16  , 2.039948495711571e-16  
1608.6 , 4.731914745876047e-16  , 1.7936752712031431e-16  
1609.2 , 2.2138938905129085e-16  , 1.2801142151882188e-16  
1609.8 , 4.51776620002015e-16  , 1.8564913480579164e-16  
1610.4 , 1.4876954858731618e-16  , 1.0521541976271674e-16  
1611.0 , 3.282788802530705e-16  , 1.4694474077798736e-16  
1611.6 , 3.352491430909503e-16  , 1.5052810180862815e-16  
1612.2 , 7.234183808611618e-16  , 2.47630659272325e-16  
1612.8 , 4.976936732200028e-16  , 2.2364640753938324e-16  
1613.4 , 2.7010886301663173e-16  , 1.5647836569642783e-16  
1614.0 , 1.0056852875151935e-15  , 3.0858956140775727e-16  
1614.6 , 8.331770170226772e-16  , 3.4051696629701045e-16  
1615.2 , -2.698342009407662e-18  , 1.7827091953078984e-16  
1615.8 , 3.644265988880758e-16  , 1.699041131896023e-16  
1616.4 , 1.9729983389263927e-16  , 1.14439855396094e-16  
1617.0 , 3.6031866327771583e-16  , 1.6454368849723837e-16  
1617.6 , 2.239321284347806e-16  , 1.2933550535265572e-16  
1618.2 , 3.264229872876009e-16  , 1.986808212689513e-16  
1618.8 , 7.277845003015063e-16  , 3.289479256998546e-16  
1619.4 , 4.4369449835961827e-16  , 1.6836029791422979e-16  
1620.0 , 3.3031410419086694e-16  , 1.480261646320799e-16  
1620.6 , 3.9823840303841594e-16  , 1.7828824373044592e-16  
1621.2 , 8.399604340345157e-17  , 8.399604340337725e-17  
1621.8 , 8.751199335256838e-16  , 3.105894946870677e-16  
1622.4 , 5.132357403586161e-16  , 2.307993436937707e-16  
1623.0 , 6.212985181521144e-16  , 2.546314051503676e-16  
1623.6 , 5.850012312903599e-16  , 2.621734083990142e-16  
1624.2 , 4.2148968280924775e-16  , 2.110107543890695e-16  
1624.8 , 3.3293800381578026e-16  , 1.9288571656587277e-16  
1625.4 , 6.077123243548686e-16  , 3.0509392097524806e-16  
1626.0 , 5.46143920527156e-16  , 2.0694135398498936e-16  
1626.6 , 1.5172897906425247e-16  , 1.0750488928292712e-16  
1627.2 , 6.484294569745535e-17  , 1.4482786080585516e-16  
1627.8 , 1.1240344922056375e-16  , 1.1240344922045316e-16  
1628.4 , 5.935082784241312e-16  , 2.4331687383946225e-16  
1629.0 , 5.401171501943938e-16  , 2.437591619876222e-16  
1629.6 , 1.9005053417687142e-16  , 1.9948165152355787e-16  
1630.2 , 8.569622974560512e-16  , 3.447928096949677e-16  
1630.8 , 4.318159244175897e-16  , 2.6240183902735536e-16  
1631.4 , 1.585547970734262e-16  , 1.1212889937185724e-16  
1632.0 , 7.166203691698191e-16  , 2.798273025314485e-16  
1632.6 , 4.730422680704986e-16  , 2.7328895671728303e-16  
1633.2 , 2.8001422561227155e-16  , 3.11161850378644e-16  
1633.8 , 3.9296107473292447e-16  , 2.0659674599544897e-16  
1634.4 , 4.637412389716942e-16  , 1.9043743484216766e-16  
1635.0 , 4.500605414934998e-16  , 2.149385116824848e-16  
1635.6 , 5.313236436208115e-16  , 2.664371572626819e-16  
1636.2 , 6.88784060540515e-16  , 2.981480786477214e-16  
1636.8 , 7.644352054754721e-16  , 2.8094104073981116e-16  
1637.4 , 5.984453541541812e-16  , 2.6809179935356725e-16  
1638.0 , 9.726381656124261e-16  , 4.449983475197446e-16  
1638.6 , 5.451385700432583e-16  , 2.7329624433583287e-16  
1639.2 , 1.8977923349647785e-15  , 3.8340898061877035e-16  
1639.8 , 1.0519043878553828e-14  , 9.724141024396638e-16  
1640.4 , 3.1001722504441245e-14  , 1.8290746488417837e-15  
1641.0 , 3.832520833663026e-14  , 2.116370279103994e-15  
1641.6 , 1.5259832337446175e-14  , 1.2700032941090563e-15  
1642.2 , 4.599570066653097e-15  , 6.891845509908439e-16  
1642.8 , 2.058038909690599e-15  , 5.019993005564814e-16  
1643.4 , 9.829162193068471e-16  , 3.300186899379813e-16  
1644.0 , 7.427048544104564e-16  , 3.331760093758544e-16  
1644.6 , 3.6123015735807103e-16  , 1.812368609591448e-16  
1645.2 , 2.939318309874024e-16  , 1.6999304448571921e-16  
1645.8 , 1.8114459073708593e-16  , 1.2870014007408301e-16  
1646.4 , 1.0256360800430427e-16  , 1.0256360800440063e-16  
1647.0 , 3.7372744830196776e-16  , 1.8744839887500804e-16  
1647.6 , 2.698718362197217e-16  , 1.5603931608971001e-16  
1648.2 , 2.7966123696081605e-16  , 1.620374373026488e-16  
1648.8 , 0.0  , 3.3387371034359375e-16  
1649.4 , 3.880861837266038e-16  , 1.946505811196352e-16  
1650.0 , 2.0468388882218631e-16  , 1.4476576467368752e-16  
1650.6 , 3.826143595396688e-16  , 1.9221664537277911e-16  
1651.2 , 5.598833318011256e-16  , 2.293842643037693e-16  
1651.8 , 1.882645525072175e-16  , 1.3406005245265123e-16  
1652.4 , 2.0852308286488766e-16  , 1.4745604109860941e-16  
1653.0 , 2.755127378153166e-16  , 1.597519128514449e-16  
1653.6 , 8.848328769697685e-16  , 3.431337816514452e-16  
1654.2 , 3.511544800033367e-16  , 2.0466789367797894e-16  
1654.8 , 2.7960146719318574e-16  , 1.6601320213921525e-16  
1655.4 , 1.3732875398660703e-15  , 3.358760190995842e-16  
1656.0 , 3.666358182958608e-15  , 6.373458641501536e-16  
1656.6 , 6.2966759490892525e-15  , 8.223876208062636e-16  
1657.2 , 1.0940724988359435e-14  , 1.0588277716211083e-15  
1657.8 , 1.0266060979070552e-14  , 1.0979144124216292e-15  
1658.4 , 8.136949779388286e-15  , 9.769142668266784e-16  
1659.0 , 3.904202709347978e-15  , 6.341872117565173e-16  
1659.6 , 1.704058784171528e-15  , 4.4260314450406056e-16  
1660.2 , 1.0086716286807792e-15  , 3.058132662373868e-16  
1660.8 , 2.758381006653535e-16  , 1.9559685908336405e-16  
1661.4 , 7.214343682131734e-16  , 3.871592101470176e-16  
1662.0 , 7.529211135726631e-16  , 3.371207869114009e-16  
1662.6 , 7.809641838835886e-16  , 3.9147713129940846e-16  
1663.2 , 1.8188733907223584e-16  , 1.8188733907223496e-16  
1663.8 , 3.953977850693597e-16  , 2.7994534796208725e-16  
1664.4 , 4.598752496223578e-16  , 2.3095999553550744e-16  
1665.0 , 3.178381852756088e-16  , 1.5904419733050673e-16  
1665.6 , 5.552388108251404e-16  , 2.1161746857579e-16  
1666.2 , 7.286934509792308e-16  , 2.609956977256897e-16  
1666.8 , 1.1842561864288327e-15  , 3.8804166906217833e-16  
1667.4 , 8.216720959390747e-16  , 4.1177991210509793e-16  
1668.0 , 2.388601193048365e-16  , 1.6952355148488274e-16  
1668.6 , 2.4574100511089263e-16  , 1.7484741518743e-16  
1669.2 , 5.489121754253246e-16  , 2.5149571335016425e-16  
1669.8 , 2.956529645994787e-16  , 1.3271415786794332e-16  
1670.4 , 1.3884816924349177e-15  , 4.298743746167119e-16  
1671.0 , 2.6906778458347262e-15  , 6.49941771509439e-16  
1671.6 , 1.2909742696083506e-15  , 3.9109776411110827e-16  
1672.2 , 8.904703628078033e-16  , 3.3891351658354126e-16  
1672.8 , 3.9596679654349677e-16  , 3.2690985117484616e-16  
1673.4 , 2.731395426812205e-16  , 1.931408101759165e-16  
1674.0 , 5.735856782841768e-16  , 2.571818282837983e-16  
1674.6 , 5.611499886382032e-16  , 2.511534632333882e-16  
1675.2 , 3.2797655477638563e-16  , 1.8941769580714436e-16  
1675.8 , 5.05348281254896e-16  , 2.5363464964568114e-16  
1676.4 , 1.1237484155046882e-16  , 1.1237484155045405e-16  
1677.0 , 2.2204093490427696e-16  , 2.5975295378961747e-16  
1677.6 , 1.3309566301910385e-16  , 1.3309566301916277e-16  
1678.2 , 2.5158654218757755e-16  , 1.7850153436504254e-16  
1678.8 , 0.0  , 3.071954314702001e-16  
1679.4 , 3.628043207530344e-16  , 2.1015012108119395e-16  
1680.0 , 2.4795477680533233e-16  , 1.7610331756426365e-16  
1680.6 , 1.0700968546832723e-16  , 1.0700968546845892e-16  
1681.2 , 1.2966559137438002e-16  , 1.2966559137435655e-16  
1681.8 , 2.523023813236734e-16  , 2.581125157214224e-16  
1682.4 , 1.216722978872094e-16  , 1.2167229788721126e-16  
1683.0 , 2.55223916252363e-16  , 1.8076559511223103e-16  
1683.6 , 0.0  , 1.8100865819656364e-16  
1684.2 , 1.0679340014072379e-16  , 1.0679340014063501e-16  
1684.8 , 1.0674593135266968e-16  , 1.0674593135255371e-16  
1685.4 , 0.0  , 1.7768563135590702e-16  
1686.0 , 9.948969572290714e-17  , 2.3054005216682907e-16  
1686.6 , 5.819834202796229e-16  , 3.37615894012417e-16  
1687.2 , 5.905581249534891e-16  , 2.8306366644417465e-16  
1687.8 , 4.52514008324225e-16  , 2.358716414569438e-16  
1688.4 , 3.1513151766215e-16  , 2.2286654408395725e-16  
1689.0 , 3.044260191268636e-16  , 2.1676005836747174e-16  
1689.6 , 1.694609661103368e-16  , 1.6946096611029056e-16  
1690.2 , 5.604495320253932e-16  , 2.803239030897822e-16  
1690.8 , 0.0  , 4.888343621322086e-16  
1691.4 , 4.172191922392363e-16  , 2.4096333361853245e-16  
1692.0 , 3.695231446074634e-16  , 2.628618003670874e-16  
1692.6 , 3.4490629855356037e-16  , 2.4415796688550356e-16  
1693.2 , 5.184699182992492e-16  , 2.5136250873210365e-16  
1693.8 , 2.7676280729070167e-16  , 1.6202998503528542e-16  
1694.4 , 5.688008769042533e-16  , 2.553295925026164e-16  
1695.0 , 3.4973161196568037e-16  , 2.0266169996865273e-16  
1695.6 , 5.194921939274756e-16  , 1.9929105360036582e-16  
1696.2 , 4.544398876868489e-16  , 2.1150468924051645e-16  
1696.8 , 1.185852268239331e-15  , 3.964458336166161e-16  
1697.4 , 1.0222685806687663e-16  , 1.022268580668073e-16  
1698.0 , 4.194961549185018e-16  , 2.1034003571252791e-16  
1698.6 , 3.6992991119628473e-16  , 2.1368734607081006e-16  
1699.2 , 9.977630516534562e-17  , 9.977630516526252e-17  
1699.8 , 4.801249845671644e-16  , 2.8638599417711857e-16  
