117.000000 5.322463e-18
117.060000 6.573805e-18
117.120000 4.693300e-18
117.180000 7.139838e-18
117.240000 4.322619e-18
117.300000 4.450958e-18
117.360000 1.145639e-17
117.420000 1.713700e-17
117.480000 4.398297e-17
117.540000 7.285649e-17
117.600000 9.466310e-17
117.660000 8.397387e-17
117.720000 4.260796e-17
117.780000 2.216181e-17
117.840000 1.032889e-17
117.900000 1.261649e-17
117.960000 7.445270e-18
118.020000 3.780178e-18
118.080000 4.931790e-18
118.140000 3.170350e-18
118.200000 5.088381e-18
118.260000 1.267312e-18
118.320000 3.462329e-18
118.380000 4.890131e-18
118.440000 8.968585e-18
118.500000 1.864120e-18
118.560000 6.272849e-18
118.620000 4.063663e-18
118.680000 4.890919e-18
118.740000 2.310318e-18
118.800000 1.805257e-18
118.860000 3.079613e-18
118.920000 4.656739e-18
118.980000 7.683563e-18
119.040000 6.208171e-18
119.100000 4.104646e-18
119.160000 4.291028e-18
119.220000 1.837752e-18
119.280000 8.399765e-18
119.340000 1.014738e-17
119.400000 8.903126e-18
119.460000 1.198190e-17
119.520000 9.616950e-18
119.580000 4.854369e-18
119.640000 3.362969e-18
119.700000 5.675874e-18
119.760000 7.343235e-18
119.820000 4.151793e-18
119.880000 7.642658e-18
119.940000 7.888010e-18
120.000000 1.064394e-17
120.060000 9.881375e-18
120.120000 6.534711e-18
120.180000 1.472657e-17
120.240000 9.884810e-18
120.300000 1.024948e-17
120.360000 6.423392e-18
120.420000 1.239065e-17
120.480000 1.670918e-17
120.540000 1.896134e-17
120.600000 6.673488e-17
120.660000 9.375644e-17
120.720000 9.205006e-17
120.780000 7.210632e-17
120.840000 3.082534e-17
120.900000 2.638152e-17
120.960000 2.568349e-17
121.020000 3.077850e-17
121.080000 3.294365e-17
121.140000 4.182975e-17
121.200000 5.905757e-17
121.260000 8.813174e-17
121.320000 1.510122e-16
121.380000 2.709545e-16
121.440000 5.369318e-16
121.500000 8.225555e-16
121.560000 9.925736e-16
121.620000 1.139111e-15
121.680000 1.078673e-15
121.740000 8.690392e-16
121.800000 4.900633e-16
121.860000 2.658592e-16
121.920000 1.451210e-16
121.980000 9.140383e-17
122.040000 5.559037e-17
122.100000 4.093843e-17
122.160000 2.893791e-17
122.220000 2.290107e-17
122.280000 2.060534e-17
122.340000 1.726042e-17
122.400000 1.274238e-17
122.460000 1.237035e-17
122.520000 1.549202e-17
122.580000 1.537453e-17
122.640000 8.071689e-18
122.700000 6.154310e-18
122.760000 6.776850e-18
122.820000 7.728019e-18
122.880000 7.108835e-18
122.940000 7.919313e-18
123.000000 6.265317e-18
123.060000 3.772663e-18
123.120000 6.530302e-18
123.180000 5.331705e-18
123.240000 3.742045e-18
123.300000 5.055874e-18
123.360000 4.000347e-18
123.420000 4.850784e-18
123.480000 4.059826e-18
123.540000 6.299421e-18
123.600000 3.523646e-18
123.660000 6.135949e-18
123.720000 8.200538e-18
123.780000 1.386166e-17
123.840000 3.641315e-17
123.900000 5.330265e-17
123.960000 4.709900e-17
124.020000 2.347770e-17
124.080000 1.094233e-17
124.140000 8.239440e-18
124.200000 1.339986e-17
124.260000 2.328560e-17
124.320000 3.247081e-17
124.380000 2.115924e-17
124.440000 1.022055e-17
124.500000 4.536441e-18
124.560000 4.783882e-18
124.620000 4.240625e-18
124.680000 5.517514e-18
124.740000 5.815050e-18
124.800000 4.890393e-18
124.860000 4.066328e-18
124.920000 3.871684e-18
124.980000 2.480830e-18
125.040000 3.903087e-18
125.100000 2.402777e-18
125.160000 2.795784e-18
125.220000 4.113276e-18
125.280000 3.926763e-18
125.340000 2.572818e-18
125.400000 5.611610e-18
125.460000 2.725384e-18
125.520000 2.951354e-18
125.580000 2.217446e-18
125.640000 4.404567e-18
125.700000 3.606181e-18
125.760000 4.108469e-18
125.820000 3.192560e-18
125.880000 3.738320e-18
125.940000 3.857855e-18
126.000000 5.592292e-18
126.060000 7.015931e-18
126.120000 6.578359e-18
126.180000 5.653384e-18
126.240000 2.322558e-18
126.300000 3.369430e-18
126.360000 2.648304e-18
126.420000 6.731728e-18
126.480000 7.399391e-18
126.540000 1.190982e-17
126.600000 8.260876e-18
126.660000 4.403114e-18
126.720000 4.589915e-18
126.780000 2.628483e-18
126.840000 2.573154e-18
126.900000 2.621729e-18
126.960000 1.437122e-18
127.020000 1.989989e-18
127.080000 1.834930e-18
127.140000 1.427447e-18
127.200000 9.016557e-19
127.260000 1.679974e-18
127.320000 2.304491e-18
127.380000 2.990987e-18
127.440000 2.620834e-18
127.500000 4.669221e-18
127.560000 3.865489e-18
127.620000 3.602762e-18
127.680000 4.691363e-18
127.740000 4.077687e-18
127.800000 5.686424e-18
127.860000 4.004395e-18
127.920000 2.738103e-18
127.980000 3.117107e-18
128.040000 4.577957e-18
128.100000 3.054414e-18
128.160000 2.195684e-18
128.220000 3.308370e-18
128.280000 1.559971e-18
128.340000 1.137313e-18
128.400000 1.225850e-18
128.460000 1.616977e-18
128.520000 6.541970e-19
128.580000 2.810280e-18
128.640000 6.596401e-19
128.700000 8.977271e-19
128.760000 2.907967e-18
128.820000 4.374884e-18
128.880000 4.287960e-18
128.940000 6.062905e-18
129.000000 3.436754e-18
129.060000 2.497287e-18
129.120000 2.039089e-18
129.180000 1.783744e-18
129.240000 3.607514e-18
129.300000 1.500654e-18
129.360000 1.924946e-18
129.420000 2.890333e-18
129.480000 4.130257e-18
129.540000 4.305448e-18
129.600000 2.566578e-18
129.660000 2.672217e-18
129.720000 2.746440e-18
129.780000 3.176125e-18
129.840000 4.569087e-18
129.900000 8.425909e-18
129.960000 8.739588e-18
131.337778 1.461310e-17
132.733294 1.633390e-17
134.128810 1.614923e-17
135.524326 5.469638e-18
136.919842 7.958211e-18
138.315358 1.046529e-17
139.710874 1.388356e-17
141.106391 6.640946e-18
142.501907 5.140529e-18
143.897423 5.375229e-18
145.292939 2.382107e-18
146.688455 6.379696e-18
148.083971 5.039437e-18
149.479487 8.553553e-18
150.875004 7.156064e-18
152.270520 5.522835e-18
153.666036 1.646723e-17
155.061552 5.409849e-17
156.457068 2.786285e-17
157.852584 1.012673e-17
159.248100 1.189236e-17
160.643616 7.670438e-18
162.039133 2.117395e-19
163.434649 3.334627e-17
164.830165 3.553048e-17
166.225681 3.667043e-17
167.621197 7.254651e-18
169.016713 1.932898e-17
200.019573 2.114665e-18
200.571864 2.993198e-18
201.124156 2.007804e-18
201.676447 2.746690e-18
202.228739 1.647366e-18
202.781030 4.607996e-18
203.333322 4.288233e-18
203.885613 6.558315e-18
204.437905 5.180980e-18
204.990196 6.519835e-18
205.542488 1.801489e-18
206.094779 3.981931e-18
206.647071 1.014026e-17
207.199362 5.612800e-18
207.751654 5.115141e-18
208.303945 5.850644e-18
208.856237 6.738832e-18
209.408528 6.628268e-18
209.960820 4.459864e-18
210.513111 1.081699e-17
211.065403 4.710198e-18
211.617694 6.670372e-18
212.169986 8.068942e-18
212.722277 7.155227e-18
213.274569 8.936660e-18
213.826860 4.407541e-18
214.379152 6.513817e-18
214.931443 8.174560e-18
215.483735 6.860529e-18
216.036026 6.832641e-18
216.588318 9.683436e-18
217.140609 1.084556e-17
217.692901 1.160242e-17
218.245192 9.549343e-18
218.797484 8.379087e-18
219.349775 9.529443e-18
219.902067 1.069515e-17
220.454358 1.074915e-17
221.006650 8.520057e-18
221.558941 1.231053e-17
222.111233 1.598344e-17
222.663524 1.097985e-17
223.215816 1.763720e-17
223.768107 1.546378e-17
224.320399 1.830031e-17
224.872690 1.614253e-17
225.424982 1.656405e-17
225.977273 1.535831e-17
226.529565 2.113231e-17
227.081856 1.713844e-17
227.634148 1.633847e-17
228.186439 2.074316e-17
228.738731 1.946192e-17
229.291022 1.946517e-17
229.843314 1.876484e-17
230.395605 1.762302e-17
230.947897 2.125395e-17
231.500188 2.107462e-17
232.052480 2.952166e-17
232.604771 2.346046e-17
233.157063 3.421157e-17
233.709354 3.627733e-17
234.261646 3.909307e-17
234.813937 3.876279e-17
235.366229 4.078589e-17
235.918520 4.454990e-17
236.470812 4.614457e-17
237.023103 5.215134e-17
237.575395 5.078185e-17
238.127686 5.148154e-17
238.679978 5.493362e-17
239.232269 5.357778e-17
239.784561 5.124609e-17
240.336852 4.752701e-17
240.889144 4.818330e-17
241.441435 4.928490e-17
241.993727 3.897764e-17
242.546018 3.395930e-17
243.098310 3.324875e-17
243.650601 3.405544e-17
244.202893 3.373781e-17
244.755184 3.055242e-17
245.307476 3.289461e-17
245.859767 2.812822e-17
246.412059 3.313525e-17
246.964350 3.519636e-17
247.516642 3.469308e-17
248.068933 3.894361e-17
248.621225 3.680938e-17
249.173516 3.951435e-17
249.725808 3.659751e-17
250.278099 3.360250e-17
250.830391 3.624080e-17
251.382682 3.844789e-17
251.934974 3.500760e-17
252.487265 3.703858e-17
253.039557 3.555284e-17
253.591848 3.665741e-17
254.144140 3.890590e-17
254.696431 3.818973e-17
255.248723 3.898314e-17
255.801014 3.864168e-17
256.353306 3.938611e-17
256.905597 3.763760e-17
257.457889 3.729634e-17
258.010180 4.255893e-17
258.562472 4.447228e-17
259.114763 4.833908e-17
259.667055 5.772151e-17
260.219346 6.555959e-17
260.771638 6.877013e-17
261.323929 7.401395e-17
261.876221 8.070274e-17
262.428512 8.226615e-17
262.980804 8.241107e-17
263.533095 7.517971e-17
264.085387 6.440835e-17
264.637678 5.332320e-17
265.189970 4.695196e-17
265.742261 4.097893e-17
266.294553 3.910274e-17
266.846844 3.932086e-17
267.399136 4.143478e-17
267.951427 4.183044e-17
268.503719 3.832267e-17
269.056010 3.867281e-17
269.608302 3.987010e-17
270.160593 4.302655e-17
270.712885 3.643408e-17
271.265176 4.235272e-17
271.817468 4.183077e-17
272.369759 4.711626e-17
272.922051 4.887305e-17
273.474342 5.452479e-17
274.026634 5.496685e-17
274.578925 5.989705e-17
275.131217 6.690136e-17
275.683508 6.233155e-17
276.235800 6.681241e-17
276.788091 6.347971e-17
277.340383 7.228101e-17
277.892674 7.172949e-17
278.444966 8.608245e-17
278.997257 1.060778e-16
279.549549 1.295105e-16
280.101840 1.588483e-16
280.654132 1.506532e-16
281.206423 1.375769e-16
281.758715 1.020220e-16
282.311006 7.905378e-17
282.863298 6.612745e-17
283.415589 6.038133e-17
283.967881 5.147325e-17
284.520172 5.810696e-17
285.072464 4.842425e-17
285.624755 5.525394e-17
286.177047 5.203838e-17
286.729338 4.615716e-17
287.281630 5.264422e-17
287.833921 5.389340e-17
288.386213 4.969194e-17
288.938504 5.052987e-17
289.490796 4.923637e-17
290.043087 4.313375e-17
290.595379 5.271498e-17
291.147670 4.815230e-17
291.699962 3.891795e-17
292.252253 4.670186e-17
292.804544 4.929658e-17
293.356836 4.416256e-17
293.909127 4.696344e-17
294.461419 4.808773e-17
338.000000 7.707216e-16
340.000000 7.639630e-16
342.000000 7.653740e-16
344.000000 8.623648e-16
346.000000 8.275333e-16
348.000000 5.445528e-16
350.000000 3.237214e-16
352.000000 5.499758e-16
354.000000 9.931486e-16
356.000000 9.864630e-16
358.000000 6.299433e-16
360.000000 4.668726e-16
362.000000 5.431137e-16
364.000000 6.067041e-16
366.000000 5.551988e-16
368.000000 5.546817e-16
370.000000 7.056502e-16
372.000000 8.124367e-16
374.000000 6.756320e-16
376.000000 4.329608e-16
378.000000 3.967306e-16
380.000000 5.681742e-16
382.000000 6.110436e-16
384.000000 3.891426e-16
386.000000 1.955322e-16
388.000000 2.990219e-16
390.000000 5.738019e-16
392.000000 7.327089e-16
394.000000 6.837672e-16
396.000000 5.765878e-16
398.000000 5.925504e-16
400.000000 7.585057e-16
402.000000 9.518424e-16
404.000000 1.031532e-15
406.000000 9.851103e-16
408.000000 9.216360e-16
410.000000 9.587725e-16
412.000000 1.110228e-15
414.000000 1.276311e-15
416.000000 1.318083e-15
418.000000 1.182787e-15
420.000000 9.425263e-16
422.000000 7.436948e-16
424.000000 7.062920e-16
426.000000 8.489976e-16
428.000000 1.085525e-15
430.000000 1.299104e-15
432.000000 1.412512e-15
434.000000 1.427492e-15
436.000000 1.412666e-15
438.000000 1.445852e-15
440.000000 1.559196e-15
442.000000 1.736726e-15
444.000000 1.926877e-15
446.000000 2.080946e-15
448.000000 2.179853e-15
450.000000 2.240286e-15
452.000000 2.302594e-15
454.000000 2.401687e-15
456.000000 2.544922e-15
458.000000 2.716051e-15
460.000000 2.870383e-15
462.000000 2.971625e-15
464.000000 2.996713e-15
466.000000 2.942931e-15
468.000000 2.844396e-15
470.000000 2.724961e-15
472.000000 2.620611e-15
474.000000 2.550384e-15
476.000000 2.516062e-15
478.000000 2.509805e-15
480.000000 2.524638e-15
482.000000 2.542304e-15
484.000000 2.566069e-15
486.000000 2.586811e-15
488.000000 2.612659e-15
490.000000 2.642813e-15
492.000000 2.672792e-15
494.000000 2.686807e-15
496.000000 2.673245e-15
498.000000 2.625794e-15
500.000000 2.538623e-15
502.000000 2.406737e-15
504.000000 2.256586e-15
506.000000 2.103694e-15
508.000000 1.976444e-15
510.000000 1.899848e-15
512.000000 1.888256e-15
514.000000 1.949467e-15
516.000000 2.078078e-15
518.000000 2.257610e-15
520.000000 2.460800e-15
522.000000 2.670556e-15
524.000000 2.862584e-15
526.000000 3.016513e-15
528.000000 3.128579e-15
530.000000 3.199843e-15
532.000000 3.230866e-15
534.000000 3.241462e-15
536.000000 3.252884e-15
538.000000 3.272765e-15
540.000000 3.309268e-15
542.000000 3.374273e-15
544.000000 3.467687e-15
546.000000 3.571005e-15
548.000000 3.683668e-15
550.000000 3.794084e-15
552.000000 3.892983e-15
554.000000 3.957392e-15
556.000000 4.000549e-15
558.000000 4.013295e-15
560.000000 3.996327e-15
562.000000 3.960213e-15
564.000000 3.916042e-15
566.000000 3.876086e-15
568.000000 3.847068e-15
570.000000 3.846978e-15
572.000000 3.878836e-15
574.000000 3.927015e-15
576.000000 3.995698e-15
578.000000 4.070303e-15
580.000000 4.154714e-15
582.000000 4.231746e-15
584.000000 4.291182e-15
586.000000 4.351786e-15
588.000000 4.399437e-15
590.000000 4.441246e-15
592.000000 4.486994e-15
594.000000 4.503631e-15
596.000000 4.505764e-15
598.000000 4.509200e-15
600.000000 4.502748e-15
602.000000 4.485664e-15
604.000000 4.449887e-15
606.000000 4.406131e-15
608.000000 4.354999e-15
610.000000 4.307840e-15
612.000000 4.271825e-15
614.000000 4.249265e-15
616.000000 4.242471e-15
618.000000 4.259753e-15
620.000000 4.281476e-15
622.000000 4.331925e-15
624.000000 4.423831e-15
626.000000 4.526057e-15
628.000000 4.643148e-15
630.000000 4.769910e-15
632.000000 4.889822e-15
634.000000 5.013030e-15
636.000000 5.104014e-15
638.000000 5.108866e-15
640.000000 5.062647e-15
642.000000 5.049616e-15
644.000000 5.028720e-15
646.000000 5.076805e-15
648.000000 5.217472e-15
650.000000 5.429805e-15
652.000000 5.635862e-15
654.000000 5.773559e-15
656.000000 5.811145e-15
658.000000 5.763445e-15
660.000000 5.672419e-15
662.000000 5.569263e-15
664.000000 5.464758e-15
666.000000 5.350764e-15
668.000000 5.232100e-15
670.000000 5.106496e-15
672.000000 4.968731e-15
674.000000 4.832413e-15
676.000000 4.732510e-15
678.000000 4.659812e-15
680.000000 4.620554e-15
682.000000 4.609652e-15
684.000000 4.612176e-15
686.000000 4.632094e-15
688.000000 4.687040e-15
690.000000 4.792626e-15
692.000000 4.953447e-15
694.000000 5.182866e-15
696.000000 5.428482e-15
698.000000 5.643002e-15
700.000000 5.769518e-15
702.000000 5.797328e-15
704.000000 5.698126e-15
706.000000 5.524742e-15
708.000000 5.338486e-15
710.000000 5.170969e-15
712.000000 5.065478e-15
714.000000 5.032607e-15
716.000000 5.064523e-15
718.000000 5.135027e-15
720.000000 5.217415e-15
722.000000 5.335947e-15
724.000000 5.466541e-15
726.000000 5.631871e-15
728.000000 5.843666e-15
730.000000 6.057895e-15
732.000000 6.240209e-15
734.000000 6.371844e-15
736.000000 6.447165e-15
738.000000 6.448188e-15
740.000000 6.408992e-15
742.000000 6.375539e-15
744.000000 6.367577e-15
746.000000 6.410322e-15
748.000000 6.490720e-15
750.000000 6.602480e-15
752.000000 6.680320e-15
754.000000 6.718020e-15
756.000000 6.668757e-15
758.000000 6.564301e-15
760.000000 6.425040e-15
762.000000 6.265247e-15
764.000000 6.133075e-15
766.000000 6.052083e-15
768.000000 6.020870e-15
770.000000 6.044780e-15
772.000000 6.078874e-15
774.000000 6.115708e-15
776.000000 6.154979e-15
778.000000 6.185939e-15
780.000000 6.209749e-15
782.000000 6.219553e-15
784.000000 6.255428e-15
786.000000 6.291682e-15
788.000000 6.328710e-15
790.000000 6.367845e-15
792.000000 6.398277e-15
794.000000 6.429395e-15
796.000000 6.458072e-15
798.000000 6.474899e-15
800.000000 6.503875e-15
802.000000 6.529648e-15
804.000000 6.555240e-15
806.000000 6.595782e-15
808.000000 6.622087e-15
810.000000 6.634987e-15
812.000000 6.639211e-15
814.000000 6.611191e-15
816.000000 6.611338e-15
818.000000 6.593701e-15
820.000000 6.593607e-15
822.000000 6.585295e-15
824.000000 6.585425e-15
826.000000 6.602333e-15
828.000000 6.609655e-15
830.000000 6.599308e-15
832.000000 6.576252e-15
834.000000 6.522671e-15
836.000000 6.462267e-15
838.000000 6.415920e-15
840.000000 6.347310e-15
842.000000 6.296436e-15
844.000000 6.226089e-15
846.000000 6.216117e-15
848.000000 6.214349e-15
850.000000 6.221975e-15
852.000000 6.209278e-15
854.000000 6.207728e-15
856.000000 6.200710e-15
858.000000 6.200326e-15
860.000000 6.183797e-15
862.000000 6.163953e-15
864.000000 6.164239e-15
866.000000 6.175877e-15
868.000000 6.237294e-15
870.000000 6.237436e-15
872.000000 6.298784e-15
874.000000 6.331010e-15
876.000000 6.371141e-15
878.000000 6.402328e-15
880.000000 6.455057e-15
882.000000 6.453926e-15
884.000000 6.437388e-15
886.000000 6.402901e-15
888.000000 6.375244e-15
890.000000 6.361690e-15
892.000000 6.342090e-15
894.000000 6.326913e-15
896.000000 6.350561e-15
898.000000 6.353915e-15
900.000000 6.377753e-15
902.000000 6.402198e-15
904.000000 6.400693e-15
906.000000 6.387973e-15
908.000000 6.404286e-15
910.000000 6.371308e-15
912.000000 6.344025e-15
914.000000 6.331012e-15
916.000000 6.326877e-15
918.000000 6.282259e-15
920.000000 6.277962e-15
922.000000 6.325080e-15
924.000000 6.314455e-15
926.000000 6.309615e-15
928.000000 6.350711e-15
930.000000 6.343369e-15
932.000000 6.321388e-15
934.000000 6.313680e-15
936.000000 6.294189e-15
938.000000 6.278023e-15
940.000000 6.227457e-15
942.000000 6.180709e-15
944.000000 6.214033e-15
946.000000 6.163144e-15
948.000000 6.146139e-15
950.000000 6.204214e-15
952.000000 6.177433e-15
954.000000 6.186909e-15
956.000000 6.238267e-15
958.000000 6.232691e-15
960.000000 6.231475e-15
962.000000 6.217031e-15
964.000000 6.205553e-15
966.000000 6.117012e-15
968.000000 6.067059e-15
970.000000 6.033046e-15
972.000000 5.913160e-15
974.000000 5.897043e-15
976.000000 5.850746e-15
978.000000 5.762716e-15
980.000000 5.810920e-15
982.000000 5.746073e-15
984.000000 5.771834e-15
986.000000 5.786395e-15
988.000000 5.746987e-15
990.000000 5.827398e-15
992.000000 5.783243e-15
994.000000 5.816611e-15
996.000000 5.828057e-15
998.000000 5.769573e-15
1000.000000 5.758090e-15
1002.000000 5.714112e-15
1004.000000 5.638168e-15
1006.000000 5.648681e-15
1008.000000 5.578318e-15
1010.000000 5.601228e-15
1012.000000 5.681122e-15
1014.000000 5.690872e-15
1016.000000 5.887099e-15
1018.000000 5.923240e-15
1020.000000 6.135528e-15
