120.034097 4.422498e-17
121.150510 1.149161e-17
122.266923 1.306925e-17
123.383336 1.943327e-17
124.499749 2.572326e-17
125.616161 1.711175e-17
126.732574 4.887436e-18
127.848987 5.914569e-18
128.965400 1.918125e-17
130.081813 1.947301e-17
131.198226 1.549876e-17
132.314639 1.554879e-17
133.431052 1.779272e-17
134.547465 1.264717e-17
135.663878 4.219890e-18
136.780291 7.732402e-18
137.896703 8.963003e-18
139.013116 1.338815e-17
140.129529 1.570473e-17
141.245942 2.896730e-18
142.362355 3.515641e-18
143.478768 6.588049e-18
144.595181 2.981155e-18
145.711594 6.104184e-18
146.828007 4.907921e-18
147.944420 2.722597e-18
149.060833 7.105777e-18
150.177245 1.099087e-17
151.293658 4.109469e-18
152.410071 7.911150e-18
153.526484 1.238173e-17
154.642897 5.620676e-17
155.759310 4.078424e-17
156.875723 1.488176e-17
157.992136 1.143964e-17
159.108549 6.546499e-18
160.224962 1.598634e-17
161.341375 1.009515e-17
162.457787 -4.050529e-18
163.574200 3.782355e-17
164.690613 3.412801e-17
165.807026 5.159313e-17
166.923439 1.069574e-17
168.039852 9.233709e-18
169.156265 1.783009e-17
170.272678 1.270371e-17
171.389091 1.309905e-17
172.505504 1.549679e-17
173.621917 4.423127e-18
174.738329 -2.303248e-17
175.854742 1.576108e-17
176.971155 4.029203e-17
178.087568 2.369077e-17
179.203981 2.846490e-17
190.078326 1.411563e-17
190.630617 6.349119e-18
191.182909 1.777228e-17
191.735200 -1.065753e-17
192.287492 1.636038e-17
192.839783 1.864605e-17
193.392075 -9.331742e-18
193.944366 5.581446e-19
194.496658 9.938706e-18
195.048949 4.875045e-18
195.601241 7.868655e-18
196.153532 8.607380e-18
196.705824 6.409725e-18
197.258115 1.165282e-17
197.810407 6.894950e-18
198.362698 1.136668e-17
198.914990 4.082006e-18
199.467281 1.745437e-18
200.019573 2.114665e-18
200.571864 2.993198e-18
201.124156 2.007804e-18
201.676447 2.746690e-18
202.228739 1.647366e-18
202.781030 4.607996e-18
203.333322 4.288233e-18
203.885613 6.558315e-18
204.437905 5.180980e-18
204.990196 6.519835e-18
205.542488 1.801489e-18
206.094779 3.981931e-18
206.647071 1.014026e-17
207.199362 5.612800e-18
207.751654 5.115141e-18
208.303945 5.850644e-18
208.856237 6.738832e-18
209.408528 6.628268e-18
209.960820 4.459864e-18
210.513111 1.081699e-17
211.065403 4.710198e-18
211.617694 6.670372e-18
212.169986 8.068942e-18
212.722277 7.155227e-18
213.274569 8.936660e-18
213.826860 4.407541e-18
214.379152 6.513817e-18
214.931443 8.174560e-18
215.483735 6.860529e-18
216.036026 6.832641e-18
216.588318 9.683436e-18
217.140609 1.084556e-17
217.692901 1.160242e-17
218.245192 9.549343e-18
218.797484 8.379087e-18
219.349775 9.529443e-18
219.902067 1.069515e-17
220.454358 1.074915e-17
221.006650 8.520057e-18
221.558941 1.231053e-17
222.111233 1.598344e-17
222.663524 1.097985e-17
223.215816 1.763720e-17
223.768107 1.546378e-17
224.320399 1.830031e-17
224.872690 1.614253e-17
225.424982 1.656405e-17
225.977273 1.535831e-17
226.529565 2.113231e-17
227.081856 1.713844e-17
227.634148 1.633847e-17
228.186439 2.074316e-17
228.738731 1.946192e-17
229.291022 1.946517e-17
229.843314 1.876484e-17
230.395605 1.762302e-17
230.947897 2.125395e-17
231.500188 2.107462e-17
232.052480 2.952166e-17
232.604771 2.346046e-17
233.157063 3.421157e-17
233.709354 3.627733e-17
234.261646 3.909307e-17
234.813937 3.876279e-17
235.366229 4.078589e-17
235.918520 4.454990e-17
236.470812 4.614457e-17
237.023103 5.215134e-17
237.575395 5.078185e-17
238.127686 5.148154e-17
238.679978 5.493362e-17
239.232269 5.357778e-17
239.784561 5.124609e-17
240.336852 4.752701e-17
240.889144 4.818330e-17
241.441435 4.928490e-17
241.993727 3.897764e-17
242.546018 3.395930e-17
243.098310 3.324875e-17
243.650601 3.405544e-17
244.202893 3.373781e-17
244.755184 3.055242e-17
245.307476 3.289461e-17
245.859767 2.812822e-17
246.412059 3.313525e-17
246.964350 3.519636e-17
247.516642 3.469308e-17
248.068933 3.894361e-17
248.621225 3.680938e-17
249.173516 3.951435e-17
249.725808 3.659751e-17
250.278099 3.360250e-17
250.830391 3.624080e-17
251.382682 3.844789e-17
251.934974 3.500760e-17
252.487265 3.703858e-17
253.039557 3.555284e-17
253.591848 3.665741e-17
254.144140 3.890590e-17
254.696431 3.818973e-17
255.248723 3.898314e-17
255.801014 3.864168e-17
256.353306 3.938611e-17
256.905597 3.763760e-17
257.457889 3.729634e-17
258.010180 4.255893e-17
258.562472 4.447228e-17
259.114763 4.833908e-17
259.667055 5.772151e-17
260.219346 6.555959e-17
260.771638 6.877013e-17
261.323929 7.401395e-17
261.876221 8.070274e-17
262.428512 8.226615e-17
262.980804 8.241107e-17
263.533095 7.517971e-17
264.085387 6.440835e-17
264.637678 5.332320e-17
265.189970 4.695196e-17
265.742261 4.097893e-17
266.294553 3.910274e-17
266.846844 3.932086e-17
267.399136 4.143478e-17
267.951427 4.183044e-17
268.503719 3.832267e-17
269.056010 3.867281e-17
269.608302 3.987010e-17
270.160593 4.302655e-17
270.712885 3.643408e-17
271.265176 4.235272e-17
271.817468 4.183077e-17
272.369759 4.711626e-17
272.922051 4.887305e-17
273.474342 5.452479e-17
274.026634 5.496685e-17
274.578925 5.989705e-17
275.131217 6.690136e-17
275.683508 6.233155e-17
276.235800 6.681241e-17
276.788091 6.347971e-17
277.340383 7.228101e-17
277.892674 7.172949e-17
278.444966 8.608245e-17
278.997257 1.060778e-16
279.549549 1.295105e-16
280.101840 1.588483e-16
280.654132 1.506532e-16
281.206423 1.375769e-16
281.758715 1.020220e-16
282.311006 7.905378e-17
282.863298 6.612745e-17
283.415589 6.038133e-17
283.967881 5.147325e-17
284.520172 5.810696e-17
285.072464 4.842425e-17
285.624755 5.525394e-17
286.177047 5.203838e-17
286.729338 4.615716e-17
287.281630 5.264422e-17
287.833921 5.389340e-17
288.386213 4.969194e-17
288.938504 5.052987e-17
289.490796 4.923637e-17
290.043087 4.313375e-17
290.595379 5.271498e-17
291.147670 4.815230e-17
291.699962 3.891795e-17
292.252253 4.670186e-17
292.804544 4.929658e-17
293.356836 4.416256e-17
293.909127 4.696344e-17
294.461419 4.808773e-17
295.013710 5.286165e-17
295.566002 4.619163e-17
296.118293 4.759600e-17
296.670585 6.162901e-17
297.222876 5.881336e-17
297.775168 4.964008e-17
298.327459 4.527624e-17
298.879751 4.457920e-17
299.432042 5.172612e-17
299.984334 4.063856e-17
300.536625 4.006073e-17
301.088917 4.139079e-17
301.641208 3.066017e-17
302.193500 4.159446e-17
302.745791 2.988480e-17
303.298083 3.273022e-17
303.850374 3.642216e-17
304.402666 3.252191e-17
304.954957 1.574407e-17
305.507249 1.449535e-17
336.000000 5.878975e-16
338.000000 7.249605e-16
340.000000 7.186033e-16
342.000000 7.199305e-16
344.000000 8.111625e-16
346.000000 7.783991e-16
348.000000 5.122204e-16
350.000000 3.045006e-16
352.000000 5.173213e-16
354.000000 9.341811e-16
356.000000 9.278925e-16
358.000000 5.925409e-16
360.000000 4.391523e-16
362.000000 5.108667e-16
364.000000 5.706815e-16
366.000000 5.222342e-16
368.000000 5.217479e-16
370.000000 6.637527e-16
372.000000 7.641988e-16
374.000000 6.355168e-16
376.000000 4.072541e-16
378.000000 3.731750e-16
380.000000 5.344392e-16
382.000000 5.747633e-16
384.000000 3.660375e-16
386.000000 1.839226e-16
388.000000 2.812677e-16
390.000000 5.397328e-16
392.000000 6.892048e-16
394.000000 6.431690e-16
396.000000 5.423533e-16
398.000000 5.573682e-16
400.000000 7.134700e-16
402.000000 8.953275e-16
404.000000 9.702853e-16
406.000000 9.266201e-16
408.000000 8.669146e-16
410.000000 9.018460e-16
412.000000 1.044309e-15
414.000000 1.200530e-15
416.000000 1.239822e-15
418.000000 1.112560e-15
420.000000 8.865645e-16
422.000000 6.995385e-16
424.000000 6.643564e-16
426.000000 7.985890e-16
428.000000 1.021073e-15
430.000000 1.221970e-15
432.000000 1.328645e-15
434.000000 1.342736e-15
436.000000 1.328790e-15
438.000000 1.360006e-15
440.000000 1.466620e-15
442.000000 1.633609e-15
444.000000 1.812470e-15
446.000000 1.957392e-15
448.000000 2.050425e-15
450.000000 2.107271e-15
452.000000 2.165879e-15
454.000000 2.259089e-15
456.000000 2.393820e-15
458.000000 2.554788e-15
460.000000 2.699956e-15
462.000000 2.795186e-15
464.000000 2.818786e-15
466.000000 2.768197e-15
468.000000 2.675512e-15
470.000000 2.563168e-15
472.000000 2.465014e-15
474.000000 2.398956e-15
476.000000 2.366672e-15
478.000000 2.360788e-15
480.000000 2.374739e-15
482.000000 2.391356e-15
484.000000 2.413711e-15
486.000000 2.433221e-15
488.000000 2.457534e-15
490.000000 2.485898e-15
492.000000 2.514096e-15
494.000000 2.527280e-15
496.000000 2.514523e-15
498.000000 2.469890e-15
500.000000 2.387894e-15
502.000000 2.263839e-15
504.000000 2.122603e-15
506.000000 1.978788e-15
508.000000 1.859094e-15
510.000000 1.787046e-15
512.000000 1.776142e-15
514.000000 1.833719e-15
516.000000 1.954694e-15
518.000000 2.123566e-15
520.000000 2.314692e-15
522.000000 2.511994e-15
524.000000 2.692621e-15
526.000000 2.837410e-15
528.000000 2.942822e-15
530.000000 3.009855e-15
532.000000 3.039035e-15
534.000000 3.049002e-15
536.000000 3.059746e-15
538.000000 3.078447e-15
540.000000 3.112782e-15
542.000000 3.173928e-15
544.000000 3.261795e-15
546.000000 3.358979e-15
548.000000 3.464953e-15
550.000000 3.568813e-15
552.000000 3.661840e-15
554.000000 3.722424e-15
556.000000 3.763019e-15
558.000000 3.775009e-15
560.000000 3.759048e-15
562.000000 3.725079e-15
564.000000 3.683530e-15
566.000000 3.645946e-15
568.000000 3.618651e-15
570.000000 3.618567e-15
572.000000 3.648533e-15
574.000000 3.693851e-15
576.000000 3.758457e-15
578.000000 3.828632e-15
580.000000 3.908031e-15
582.000000 3.980489e-15
584.000000 4.036396e-15
586.000000 4.093402e-15
588.000000 4.138224e-15
590.000000 4.177550e-15
592.000000 4.220582e-15
594.000000 4.236231e-15
596.000000 4.238237e-15
598.000000 4.241470e-15
600.000000 4.235401e-15
602.000000 4.219331e-15
604.000000 4.185678e-15
606.000000 4.144520e-15
608.000000 4.096424e-15
610.000000 4.052065e-15
612.000000 4.018188e-15
614.000000 3.996968e-15
616.000000 3.990578e-15
618.000000 4.006833e-15
620.000000 4.027266e-15
622.000000 4.074720e-15
624.000000 4.161169e-15
626.000000 4.257325e-15
628.000000 4.367464e-15
630.000000 4.486700e-15
632.000000 4.599493e-15
634.000000 4.715385e-15
636.000000 4.800967e-15
638.000000 4.805530e-15
640.000000 4.762056e-15
642.000000 4.749798e-15
644.000000 4.730144e-15
646.000000 4.775373e-15
648.000000 4.907689e-15
650.000000 5.107414e-15
652.000000 5.301237e-15
654.000000 5.430759e-15
656.000000 5.466112e-15
658.000000 5.421245e-15
660.000000 5.335624e-15
662.000000 5.238592e-15
664.000000 5.140292e-15
666.000000 5.033066e-15
668.000000 4.921448e-15
670.000000 4.803301e-15
672.000000 4.673716e-15
674.000000 4.545492e-15
676.000000 4.451521e-15
678.000000 4.383139e-15
680.000000 4.346212e-15
682.000000 4.335957e-15
684.000000 4.338331e-15
686.000000 4.357067e-15
688.000000 4.408751e-15
690.000000 4.508067e-15
692.000000 4.659340e-15
694.000000 4.875137e-15
696.000000 5.106170e-15
698.000000 5.307953e-15
700.000000 5.426957e-15
702.000000 5.453116e-15
704.000000 5.359804e-15
706.000000 5.196714e-15
708.000000 5.021518e-15
710.000000 4.863946e-15
712.000000 4.764719e-15
714.000000 4.733799e-15
716.000000 4.763820e-15
718.000000 4.830138e-15
720.000000 4.907635e-15
722.000000 5.019129e-15
724.000000 5.141969e-15
726.000000 5.297483e-15
728.000000 5.496702e-15
730.000000 5.698212e-15
732.000000 5.869701e-15
734.000000 5.993520e-15
736.000000 6.064369e-15
738.000000 6.065331e-15
740.000000 6.028463e-15
742.000000 5.996996e-15
744.000000 5.989506e-15
746.000000 6.029714e-15
748.000000 6.105338e-15
750.000000 6.210462e-15
752.000000 6.283681e-15
754.000000 6.319142e-15
756.000000 6.272804e-15
758.000000 6.174550e-15
760.000000 6.043558e-15
762.000000 5.893252e-15
764.000000 5.768928e-15
766.000000 5.692745e-15
768.000000 5.663385e-15
770.000000 5.685875e-15
772.000000 5.717945e-15
774.000000 5.752592e-15
776.000000 5.789532e-15
778.000000 5.818653e-15
780.000000 5.841050e-15
782.000000 5.850271e-15
784.000000 5.884017e-15
786.000000 5.918118e-15
788.000000 5.952947e-15
790.000000 5.989759e-15
792.000000 6.018384e-15
794.000000 6.047655e-15
796.000000 6.074628e-15
798.000000 6.090457e-15
800.000000 6.117712e-15
802.000000 6.141955e-15
804.000000 6.166027e-15
806.000000 6.204162e-15
808.000000 6.228906e-15
810.000000 6.241039e-15
812.000000 6.245013e-15
814.000000 6.218656e-15
816.000000 6.218795e-15
818.000000 6.202205e-15
820.000000 6.202117e-15
822.000000 6.194298e-15
824.000000 6.194420e-15
826.000000 6.210324e-15
828.000000 6.217212e-15
830.000000 6.207478e-15
832.000000 6.185792e-15
834.000000 6.135393e-15
836.000000 6.078575e-15
838.000000 6.034979e-15
840.000000 5.970443e-15
842.000000 5.922589e-15
844.000000 5.856420e-15
846.000000 5.847039e-15
848.000000 5.845376e-15
850.000000 5.852550e-15
852.000000 5.840606e-15
854.000000 5.839148e-15
856.000000 5.832547e-15
858.000000 5.832186e-15
860.000000 5.816639e-15
862.000000 5.797972e-15
864.000000 5.798242e-15
866.000000 5.809189e-15
868.000000 5.866959e-15
870.000000 5.867093e-15
872.000000 5.924798e-15
874.000000 5.955110e-15
876.000000 5.992859e-15
878.000000 6.022195e-15
880.000000 6.071793e-15
882.000000 6.070729e-15
884.000000 6.055173e-15
886.000000 6.022734e-15
888.000000 5.996719e-15
890.000000 5.983969e-15
892.000000 5.965533e-15
894.000000 5.951257e-15
896.000000 5.973501e-15
898.000000 5.976656e-15
900.000000 5.999078e-15
902.000000 6.022072e-15
904.000000 6.020657e-15
906.000000 6.008692e-15
908.000000 6.024036e-15
910.000000 5.993016e-15
912.000000 5.967353e-15
914.000000 5.955113e-15
916.000000 5.951223e-15
918.000000 5.909255e-15
920.000000 5.905213e-15
922.000000 5.949533e-15
924.000000 5.939539e-15
926.000000 5.934986e-15
928.000000 5.973642e-15
930.000000 5.966736e-15
932.000000 5.946060e-15
934.000000 5.938810e-15
936.000000 5.920477e-15
938.000000 5.905270e-15
940.000000 5.857706e-15
942.000000 5.813733e-15
944.000000 5.845079e-15
946.000000 5.797212e-15
948.000000 5.781216e-15
950.000000 5.835844e-15
952.000000 5.810652e-15
954.000000 5.819566e-15
956.000000 5.867875e-15
958.000000 5.862629e-15
960.000000 5.861485e-15
962.000000 5.847899e-15
964.000000 5.837103e-15
966.000000 5.753819e-15
968.000000 5.706832e-15
970.000000 5.674838e-15
972.000000 5.562070e-15
974.000000 5.546910e-15
976.000000 5.503362e-15
978.000000 5.420559e-15
980.000000 5.465901e-15
982.000000 5.404905e-15
984.000000 5.429135e-15
986.000000 5.442832e-15
988.000000 5.405763e-15
990.000000 5.481401e-15
992.000000 5.439868e-15
994.000000 5.471254e-15
996.000000 5.482020e-15
998.000000 5.427009e-15
1000.000000 5.416207e-15
1002.000000 5.374841e-15
1004.000000 5.303406e-15
1006.000000 5.313295e-15
1008.000000 5.247109e-15
1010.000000 5.268659e-15
1012.000000 5.343810e-15
1014.000000 5.352980e-15
1016.000000 5.537557e-15
1018.000000 5.571552e-15
1020.000000 5.771235e-15
